24.2720 24.7200 61
24.7520 25.0080 63
25.2000 25.5520 65
25.6800 26.0960 66
26.1280 26.4160 65
26.4480 26.8960 63
26.9280 27.3760 61
27.6320 27.8880 63
28.1120 28.6880 65
29.2960 29.3280 63
29.3600 29.5520 65
29.5840 29.9040 66
29.9360 30.2560 65
30.2880 30.8000 63
31.0240 31.4080 61
31.4400 31.6640 63
31.6960 32.4640 58
32.6240 32.6240 62
32.6560 32.8160 66
32.8480 33.1040 68
33.1360 33.2960 66
33.5200 33.6800 65
33.7120 33.7440 63
33.7760 35.6000 58
36.5600 36.7200 66
36.7520 36.9120 68
37.0400 37.2000 66
37.3600 37.5840 65
37.6160 39.2800 63
39.7280 40.1440 61
40.1760 40.5920 63
40.7200 41.1360 65
41.1680 41.4560 67
41.4880 41.5840 66
41.6160 41.8720 65
41.9040 42.4160 63
42.6400 43.1200 61
43.1520 43.5360 63
43.5680 44.0800 65
44.8160 44.9760 65
45.1040 45.5840 66
45.6160 45.7440 65
45.7760 45.9040 63
46.0320 46.2560 63
46.2880 46.9600 61
46.9920 47.1840 63
47.2160 47.2160 60
47.2480 47.3760 58
47.4080 47.5040 57
47.5360 48.0800 58
48.1120 48.1120 61
48.1440 48.1760 65
48.2080 48.2400 66
48.2720 48.3040 67
48.3360 48.5920 68
48.6240 48.8800 66
48.9120 49.1040 65
49.1360 49.1360 62
49.1680 50.7360 58
52.0480 52.1440 67
52.1760 52.4000 68
52.5600 52.7200 66
52.7520 52.9760 65
53.0080 53.1360 63
53.2960 54.7360 63
55.2160 56.2080 61
56.3360 56.4320 61
56.8800 57.0720 63
57.1040 57.2960 65
57.3280 57.3920 62
57.4240 58.6400 60
58.6720 58.7680 59
58.8000 59.0880 56
59.1200 60.6560 58
62.4480 62.6720 58
62.7040 62.9600 60
62.9920 64.4320 61
64.5920 64.6880 63
64.7200 65.0400 65
65.0720 65.0720 62
65.1040 66.3200 60
66.5120 66.5760 59
66.6080 66.7040 56
66.7360 66.8320 57
66.8640 67.3120 58
67.3440 69.6800 61
71.3440 71.3760 62
71.4080 71.4720 64
71.5040 71.7280 65
71.8880 72.2400 63
72.3680 72.6560 65
72.8480 73.0400 68
73.0720 73.1360 67
73.1680 73.6480 65
73.8080 73.9360 62
73.9680 74.2560 63
74.2880 74.7040 65
75.2800 75.3440 63
75.3760 75.7280 65
75.7600 76.1120 63
76.2720 76.5600 65
76.7200 77.0080 67
77.0400 77.5520 65
77.7120 78.0320 63
78.1920 78.3520 65
78.3840 78.3840 62
78.4160 78.4480 60
78.4800 79.0240 58
79.1520 79.2800 68
79.3120 79.8560 70
79.8880 80.8160 68
80.8480 81.3600 65
81.5520 81.7440 65
81.7760 82.4160 63
82.9920 83.1200 69
83.1520 83.6640 70
83.6960 84.5920 68
84.6240 84.6880 67
84.7200 85.2640 65
85.4560 85.6160 65
85.6480 86.4160 63
86.8640 86.8960 61
86.9280 87.0560 64
87.0880 87.4080 65
87.4400 87.7920 63
87.8240 88.1120 65
88.3360 88.4960 68
88.5280 88.6240 67
88.6560 89.1040 65
89.3280 89.4240 62
89.4560 89.7440 63
89.7760 90.1920 65
90.7680 90.8960 63
90.9280 91.2480 65
91.2800 91.6000 63
91.7280 92.1440 65
92.1760 92.2400 66
92.2720 92.6240 68
92.6560 93.0080 65
93.0400 93.0400 67
93.1040 93.2960 70
93.3280 93.5840 72
93.6160 93.8400 73
93.8720 94.5120 70
94.5440 95.4080 68
95.4400 95.4720 66
95.5040 95.5360 65
96.0800 96.0800 67
96.1120 96.4640 69
96.4960 96.6240 65
96.8160 97.1040 65
97.2640 97.4560 65
97.4880 97.6160 63
97.7760 99.3440 63
99.9840 100.0480 63
100.0800 100.4000 65
100.4320 100.4320 63
100.4640 101.2640 60
101.4880 101.6480 60
101.6800 102.6400 61
102.7680 102.8320 61
106.7680 106.8320 68
109.4240 109.8720 61
109.9040 110.1920 63
110.3840 110.8000 65
110.8320 111.1200 66
111.1520 111.6320 65
111.8240 111.9840 63
112.0160 112.1760 61
112.3360 112.3680 61
112.4000 112.7520 62
112.7840 113.2320 63
113.2640 113.8720 65
114.4160 114.7040 65
114.7360 115.1840 66
115.2160 115.4720 65
115.6640 115.8880 63
115.9200 116.0480 61
116.2080 116.6240 61
116.6560 116.8800 63
116.9120 117.8080 58
117.8400 117.9680 66
118.0000 118.2560 68
118.2880 118.3840 66
118.4160 118.5440 67
118.5760 118.8000 65
118.8320 118.8320 62
118.8640 118.8960 59
118.9280 120.7200 58
121.6800 121.6800 63
121.7120 122.2880 67
122.4800 122.6400 65
122.6720 124.4640 63
124.8160 124.9760 62
125.0080 125.9040 61
126.5440 126.7040 64
126.7360 126.9280 65
126.9600 126.9920 62
127.0240 128.0480 60
128.4320 128.6240 55
128.7840 129.8400 58
132.1120 132.3360 58
132.3680 132.7840 60
132.8160 134.0960 61
134.2560 134.3840 63
134.4160 134.7040 65
134.7360 134.8000 62
134.8320 135.6000 60
136.1760 136.6880 56
136.7200 136.8480 58
136.8800 139.1520 61
141.0400 141.0400 60
141.0720 141.1680 63
141.2000 141.3920 65
141.5520 141.9040 63
141.9360 142.0000 62
142.0320 142.3520 65
142.5120 142.7040 68
142.7360 142.7680 67
142.8000 142.8640 66
142.8960 143.2800 65
143.5360 143.6320 62
143.6640 143.9520 63
143.9840 144.3360 65
144.3680 144.4320 66
144.9120 144.9440 63
144.9760 145.3280 65
145.3600 145.7760 63
145.9360 146.3520 65
146.3840 146.6400 68
146.6720 147.2160 65
147.3760 147.6960 63
147.8880 148.0800 65
148.1120 148.1120 61
148.1440 148.6880 58
148.8480 149.0080 68
149.0400 149.5200 70
149.5520 150.4800 68
150.5120 151.0560 65
151.2160 151.4080 65
151.4400 152.1120 63
152.1440 152.2080 64
152.6880 152.7840 69
152.8160 153.3600 70
153.3920 154.3200 68
154.3520 154.9600 65
155.1200 155.2800 65
155.3120 156.0800 63
156.5280 156.5600 61
156.5920 156.7200 64
156.7520 157.1040 65
157.1360 157.5200 63
157.5520 157.8720 65
158.0640 158.2240 68
158.2560 158.7680 65
159.0240 159.0880 61
159.1200 159.1520 62
159.1840 159.4400 63
159.4720 159.8880 65
160.4320 160.5920 63
160.6240 160.9120 65
160.9440 161.3280 63
161.3600 161.8080 65
161.8400 161.9680 66
162.0000 162.2560 68
162.2880 162.6400 65
162.6720 162.8000 68
162.8320 162.9280 71
162.9600 163.2480 72
163.2800 163.5040 73
163.5360 164.3360 70
164.3680 165.1680 68
165.7760 166.0000 70
166.0320 166.1280 68
166.1600 166.2880 65
166.4800 166.8320 65
166.9600 167.1520 65
167.1840 167.3120 63
167.4400 169.0720 63
169.6480 169.6480 61
169.6800 169.8080 63
169.8400 170.0960 65
170.1280 170.1600 62
170.1920 170.9280 60
171.1520 171.5360 60
171.5680 172.5600 61
175.4400 175.5040 60
175.5360 175.7600 61
175.9200 176.5280 61
176.6880 176.9760 63
177.2000 177.7120 60
177.9040 178.1920 60
178.3520 178.5440 60
178.5760 178.7360 58
178.8640 179.2480 60
179.2800 179.7600 61
179.7920 179.8560 60
180.0800 180.5920 58
181.0720 181.2640 56
181.2960 181.2960 61
181.3280 181.3600 64
181.3920 181.5840 65
181.6160 181.9360 63
181.9680 182.5760 61
182.6080 182.8320 63
183.1840 183.5360 61
183.6640 184.3360 61
184.3680 184.7200 63
184.7520 184.9120 65
184.9440 185.0080 61
185.0400 186.1600 60
186.1920 186.2240 59
186.2560 186.4160 58
186.5440 186.7040 61
186.8320 188.0800 61
188.4640 188.6880 58
188.7200 188.9120 61
188.9440 189.0720 62
189.1040 189.3920 63
189.4240 189.6480 61
189.6800 190.1600 63
190.1920 190.4160 65
190.6720 190.8000 65
190.8320 191.2800 66
191.4080 191.5360 68
191.6960 191.7280 64
191.7600 192.0160 65
192.0480 192.1760 64
192.2080 192.3040 63
192.3360 192.8160 61
193.3280 193.4240 64
193.4560 193.6480 65
193.8400 194.1600 63
194.2880 194.5760 65
194.8000 194.9600 68
194.9920 195.5680 65
195.7600 195.8880 62
195.9200 196.2080 63
196.2400 196.5600 65
196.5920 196.6560 67
197.2640 197.3280 64
197.3600 197.6480 65
197.6800 198.0320 63
198.1920 198.4800 65
198.6400 198.7360 67
198.7680 198.9920 68
199.1200 199.1520 64
199.1840 199.4720 65
199.6320 199.9840 63
200.1120 200.3040 65
200.3360 200.3360 62
200.3680 200.9120 58
201.0720 201.1680 69
201.2000 201.7440 70
201.7760 202.7360 68
202.7680 203.3440 65
203.5040 203.6640 65
203.6960 204.3360 63
204.3680 204.4320 65
204.9760 205.0400 69
205.0720 205.5840 70
205.6160 206.3200 68
206.3520 206.5120 71
206.5440 206.7680 73
206.8000 206.8000 71
206.8320 206.8320 68
206.8640 207.1840 65
207.3760 207.5680 65
207.6000 208.2720 63
208.3040 208.3680 66
208.4000 208.7520 65
208.7840 208.8800 63
208.9120 208.9440 64
208.9760 209.3280 65
209.3600 209.7440 63
209.7760 210.0640 65
210.2880 210.4480 68
210.4800 211.0560 65
211.2800 211.3760 62
211.4080 211.6320 63
211.6640 212.0800 65
212.1120 212.2080 68
212.6880 212.8160 64
212.8480 213.1680 65
213.2000 213.5200 63
213.6800 214.1600 65
214.1920 214.4800 68
214.5120 214.8960 65
215.0880 215.2160 70
215.2480 215.5360 72
215.5680 215.7920 73
215.8240 216.5280 70
216.5600 217.4240 68
217.4560 217.5200 69
218.0320 218.0960 68
218.1280 218.2560 70
218.2880 218.4480 68
218.4800 219.4080 65
219.4400 219.5680 63
219.7280 221.2320 63
221.8720 222.0960 63
222.1280 222.2880 65
222.3200 222.3840 62
222.4160 223.1520 60
223.3440 223.7600 60
223.7920 225.7440 61
227.5040 227.6320 61
228.0800 228.1440 65
