15.8880 15.9520 58
15.9840 16.0800 60
16.2400 16.4640 60
16.4960 16.6240 58
16.6560 16.8480 56
16.8800 16.8800 58
16.9120 17.2640 60
17.2960 17.2960 62
17.3280 17.3600 65
17.3920 17.7440 66
17.7760 17.8080 65
17.8400 17.9040 64
17.9360 19.2480 63
19.2800 19.4080 65
19.4400 19.4720 64
19.7920 19.9520 67
19.9840 20.4320 68
20.4640 20.4960 63
20.5280 20.6880 61
20.7200 20.8800 62
20.9120 21.1360 63
21.1680 21.5840 65
21.6160 21.6480 64
21.6800 21.9040 63
21.9360 22.4800 62
22.5120 22.9920 63
23.5680 23.6320 61
23.6640 23.7920 60
23.8240 23.8560 59
24.0800 24.1760 57
24.3040 24.3680 58
24.5280 24.6240 63
24.6560 24.6880 64
24.7200 25.0080 65
25.0400 25.1040 62
25.1360 25.2960 60
25.4560 25.5200 63
25.5520 25.6800 64
25.7120 25.7760 63
25.8080 26.5760 62
26.6080 26.7680 63
27.2800 27.3440 66
27.3760 27.8880 67
27.9200 28.0160 65
28.0480 28.3360 63
28.3680 28.4000 62
28.4320 28.4320 60
28.4640 28.8160 58
28.8480 28.9440 59
28.9760 29.1040 60
29.1360 29.2000 59
29.2320 29.2960 57
29.3280 30.2240 56
38.7680 38.8960 62
38.9280 39.3120 63
39.3440 39.3440 67
39.3760 39.4400 71
39.4720 39.7920 72
39.8240 40.1120 70
40.1440 40.1760 69
40.2080 40.7840 68
40.8160 41.0080 67
41.0400 41.1360 66
41.1680 41.5840 67
41.6160 41.6800 65
41.7120 41.8080 66
41.8400 42.0640 63
42.2560 42.4800 61
42.5120 42.7360 63
42.7680 43.2800 67
43.4400 43.7280 65
43.7600 43.9840 63
44.1440 44.2720 65
44.3040 44.4960 66
44.5280 44.8160 65
44.8480 45.0080 63
45.0400 45.9360 62
45.9680 46.0960 63
46.4480 47.0240 60
47.0560 47.0880 63
47.1200 47.1520 65
47.1840 47.4400 68
47.4720 47.5040 67
47.5360 47.6320 66
47.6640 47.8880 65
47.9200 47.9840 64
48.0160 48.5280 63
48.5600 48.5920 61
48.6240 49.2640 60
49.2960 49.3600 59
49.3920 49.4240 58
49.4560 49.5520 57
49.5840 49.6160 56
50.2240 50.4160 56
50.5440 50.6080 61
50.6400 51.0240 60
51.2480 51.4080 58
51.4400 51.4720 57
51.5040 51.8240 56
51.9520 52.1120 58
52.1440 52.2400 59
52.2720 52.5600 58
52.5920 53.2640 56
53.2960 53.3600 57
54.3200 54.3840 58
54.4160 54.4800 60
54.6400 54.8320 60
54.8640 54.9920 59
55.0240 55.0560 58
55.0880 55.1520 57
55.1840 55.2160 56
55.3440 55.4720 59
55.5040 55.7280 60
55.7600 56.1760 65
56.2080 56.2400 64
56.2720 56.6560 63
56.6880 57.2960 62
57.3280 57.6800 63
57.7120 57.9360 65
58.1600 58.4160 67
58.4480 58.8640 68
58.8960 58.8960 66
58.9280 58.9920 61
59.0240 59.1200 60
59.1520 59.3440 62
59.3760 59.6320 63
59.6640 59.8240 65
59.8560 59.9520 66
59.9840 60.1120 65
60.1440 60.4000 63
60.4320 60.6560 62
60.6880 61.5520 63
62.1280 62.4800 60
62.8640 62.9600 59
63.1200 63.2800 64
63.3120 63.5680 65
63.6000 63.6960 62
63.7280 63.9200 60
64.0160 64.8800 63
64.9120 65.2640 62
65.2960 65.5200 63
66.0320 66.1920 66
66.2240 66.6080 67
66.6400 66.6720 65
66.7040 66.7680 64
66.8000 67.0240 63
67.0560 67.0560 60
67.0880 67.1520 58
67.5360 67.5680 59
67.6000 67.8880 60
68.0160 68.0800 58
68.1120 68.3360 56
68.5280 68.8800 56
77.6480 77.7120 63
77.7440 77.8720 62
77.9040 78.1280 63
78.1600 78.1920 70
78.2240 78.3520 71
78.3840 78.5440 72
78.5760 78.6400 71
78.6720 79.1200 70
79.1520 79.6960 68
79.7280 79.8560 67
79.8880 80.0800 66
80.1120 80.4000 67
80.4320 80.6240 65
80.6560 81.0400 63
81.0720 81.2960 61
81.3280 81.5840 63
81.6160 82.2880 67
82.3200 82.6080 65
82.6400 83.0240 63
83.0560 83.2160 65
83.2480 83.6000 66
83.6320 83.7920 65
83.8240 83.9840 63
84.0160 84.7520 62
84.7840 85.0080 63
85.0400 85.1040 62
85.4880 85.5520 61
85.5840 85.8080 60
85.9360 86.0320 66
86.0640 86.1600 67
86.1920 86.3520 68
86.3840 86.4480 67
86.4800 86.7040 65
86.7360 86.9920 64
87.0240 87.3760 63
87.4080 87.4400 62
87.4720 87.5040 61
87.5360 87.6640 60
87.6960 87.7920 58
87.8240 87.8880 59
87.9200 88.1760 60
88.2080 88.3360 59
88.3680 88.4320 58
88.4640 88.5920 56
89.1680 89.2640 56
89.4560 89.9680 60
90.1280 90.1920 59
90.2240 90.2880 58
90.4480 90.5120 57
90.5440 90.7680 56
90.8960 91.0240 58
91.0560 91.4080 59
91.4400 91.6320 58
91.6640 92.5920 56
93.3280 93.5520 67
93.5840 93.7440 68
93.8720 94.0320 67
94.0640 94.4160 68
94.4480 94.4800 66
94.5120 95.2480 65
95.2800 95.4080 71
95.4400 95.8560 70
95.8880 96.0160 71
96.0480 96.4320 70
96.4640 96.9120 68
97.0720 97.2960 66
97.3280 97.9040 65
97.9360 98.2240 63
98.2560 98.6400 61
98.6720 99.5360 63
99.5680 100.5280 65
101.0720 101.4240 63
101.6480 102.5760 63
102.6080 102.8960 60
103.0560 103.8560 68
104.0160 104.1440 68
104.1760 104.3680 65
104.4000 104.6240 64
104.6560 104.6880 63
105.0080 105.1680 61
105.2000 105.5520 60
105.7120 105.8720 59
105.9040 106.0640 58
106.0960 106.3200 56
106.4800 106.7680 58
106.9280 106.9920 59
107.0240 107.1840 58
107.2160 107.2480 59
107.2800 107.8560 60
107.8880 108.0480 59
108.0800 108.1440 60
108.8480 108.8800 63
108.9120 109.1040 64
109.1360 109.9680 65
110.0000 110.2880 64
110.3200 111.0560 63
111.0880 111.7920 65
111.8240 112.4000 68
112.6880 113.0080 70
113.0400 113.4240 71
113.4560 113.7120 69
113.7440 114.3840 70
114.4160 114.7680 71
114.8000 114.8960 67
114.9280 115.3120 65
115.3440 115.6640 66
115.6960 115.7280 65
115.7600 115.7920 64
115.8240 116.0800 63
116.1120 116.1760 62
116.7200 116.7840 59
116.8160 117.0400 58
117.1680 117.3920 58
117.4240 117.4560 59
117.4880 117.5840 60
117.6160 117.8080 61
117.8400 118.0000 62
118.1920 118.3520 63
118.3840 118.4480 62
118.4800 119.6000 58
119.6320 120.0800 56
120.6880 120.9120 56
120.9760 121.3600 56
121.7440 122.2240 53
124.4640 124.5920 59
124.8160 125.0400 60
125.0720 125.1360 58
125.2960 125.3920 56
125.5520 125.8080 60
125.8400 125.9360 61
125.9680 126.3840 65
126.4160 126.6080 63
126.6400 126.9280 62
126.9600 127.9200 63
127.9520 128.2080 65
128.4320 128.6560 67
128.6880 129.0720 68
129.1040 129.1040 66
129.1360 129.6160 62
129.6480 129.8400 63
129.8720 130.3200 65
130.3520 130.5440 63
130.5760 130.8640 62
130.8960 131.6960 63
131.7280 131.7600 62
132.3680 132.4320 61
132.4640 132.6240 60
132.6560 132.6880 59
132.7200 132.7840 58
132.8160 133.0080 56
133.0400 133.1680 58
133.2000 133.2320 59
133.2640 133.2640 61
133.2960 133.4880 64
133.5200 133.8720 65
133.9040 133.9680 61
134.0000 134.2560 60
134.2880 134.4800 61
134.5120 134.5440 62
134.5760 135.7920 63
136.3040 136.8160 67
136.8480 136.9440 65
136.9760 137.2640 63
137.2960 137.3600 60
137.3920 137.6800 58
137.8080 138.0320 58
138.0640 138.3200 60
138.3520 138.3520 58
138.3840 139.4400 56
147.8880 147.9520 62
147.9840 148.3360 63
148.4640 148.6880 70
148.7200 148.7840 72
148.8160 148.9440 71
148.9760 149.2640 70
149.2960 150.0640 68
150.0960 150.6720 67
150.7040 150.8000 65
150.8320 151.2480 63
151.2800 151.3120 62
151.3440 151.5680 61
151.6000 151.8560 63
151.8880 152.4960 67
152.5280 152.5600 66
152.5920 152.9120 65
152.9440 153.1360 63
153.2960 153.6160 66
153.6480 153.7440 65
153.7760 153.9040 66
153.9360 154.0960 65
154.1280 155.3440 63
155.6640 155.7600 61
155.7920 156.1760 60
156.3040 156.3360 66
156.3680 156.6880 67
156.7200 156.8160 66
156.8480 156.9440 65
156.9760 157.0720 64
157.1040 157.7120 63
157.7440 157.7760 61
157.8080 157.8400 60
157.8720 158.1280 59
158.1600 158.5120 60
158.5440 158.7680 58
158.8000 159.0240 56
159.2480 159.2800 54
159.4720 159.6320 56
159.6640 159.8240 60
159.8560 160.0800 59
160.1120 160.3040 60
160.3680 160.4320 60
160.4640 160.7200 58
160.7520 160.8160 57
160.8480 161.0400 56
161.0720 161.9040 58
161.9360 162.1920 56
162.3200 162.3840 56
162.5760 162.7680 56
163.6320 163.8880 70
163.9200 163.9840 71
164.0160 164.6560 72
164.6880 164.9120 71
164.9440 165.1680 70
165.2000 165.2960 68
165.3280 165.5520 67
165.5840 165.9360 68
165.9680 166.9920 70
167.0240 169.8720 68
