29.5200 29.6160 57
29.6480 29.6800 58
29.7120 30.1920 59
30.3200 31.3120 59
31.3440 31.5040 58
31.6320 31.6640 57
31.6960 31.7280 58
31.7600 32.4960 59
32.6880 33.0400 59
33.1680 33.9360 59
33.9680 34.1920 60
34.2240 34.8960 59
34.9280 35.0560 60
35.0880 35.3120 57
35.4720 36.0800 57
36.3360 36.4320 57
36.4640 36.4960 58
36.5280 37.9040 59
38.0320 38.0640 60
38.0960 38.2240 61
38.2560 38.2880 59
38.3200 38.5760 57
38.8960 39.4080 57
39.4400 39.4720 58
39.5040 39.7920 59
40.0160 40.5600 59
40.8160 41.6160 57
43.2480 43.2800 56
43.3120 43.3760 57
43.4080 43.8240 59
44.0480 44.7520 59
44.9120 45.0720 59
45.1040 45.4240 57
45.4560 45.4880 58
45.5200 46.2560 59
46.2880 46.3200 58
46.4480 46.5120 57
46.5440 46.5760 58
46.6080 47.5360 59
47.6960 47.8240 60
47.8560 48.0160 59
48.0480 48.2720 58
48.3040 48.5920 59
48.6240 48.7520 60
48.7840 49.3600 57
49.3920 49.4240 56
49.4560 49.4880 55
50.0320 50.0320 54
50.0640 50.0640 56
50.0960 50.1280 59
50.1600 50.1920 60
50.2240 50.7680 61
50.8640 51.0240 62
51.0560 51.5040 64
51.5360 51.6000 61
51.7600 52.1760 61
52.4000 52.4320 62
52.4640 52.5280 63
52.5600 53.0400 64
53.2960 53.3600 60
53.3920 53.6160 61
53.6480 53.9040 59
53.9360 54.0000 54
54.0320 54.4480 52
54.6080 54.7040 55
54.7360 54.8640 57
54.9920 55.5040 57
56.3680 56.4640 53
56.4960 56.4960 57
56.5280 56.6560 59
56.6880 56.9760 61
57.0080 57.1680 59
57.2000 57.5840 57
57.7760 57.9680 62
58.0000 58.0960 64
58.1280 58.1280 61
58.1600 58.3200 59
58.3520 58.6720 61
58.7040 58.8320 59
58.8640 60.5920 57
62.2240 62.4800 56
63.2480 63.3120 53
63.3440 63.3440 56
63.3760 63.5040 59
63.5360 63.8240 61
63.8560 64.0160 59
64.0480 64.3680 57
64.6240 64.7520 62
64.7840 65.0080 64
65.0400 65.2000 60
65.2320 65.5200 61
65.5520 65.6800 59
65.7120 66.1920 57
66.3200 67.3120 57
67.3440 67.4400 56
70.2560 70.3520 59
70.3840 70.6080 61
70.6400 70.8320 59
70.8640 71.3760 57
71.5040 71.6320 62
71.6640 71.8560 64
71.8880 71.9200 62
71.9520 72.0480 59
72.0800 72.1440 61
72.4000 72.5280 59
72.5600 73.1360 57
73.1680 73.1680 61
73.2000 73.2000 63
73.2320 73.8400 66
74.0640 74.9920 64
75.0240 75.0880 66
75.1200 75.5360 64
75.5680 75.8240 61
76.6560 76.8160 60
76.8480 76.9120 64
77.0720 77.1040 64
77.1360 77.8400 66
77.8720 78.0000 65
78.0320 78.2880 66
78.3200 78.3520 65
78.3840 79.1200 64
79.1520 79.2800 62
79.3120 80.0800 61
80.1120 80.9120 64
80.9440 81.7760 69
81.8080 82.0320 67
82.0640 82.2560 66
82.2880 82.3520 65
82.3840 82.8320 64
84.0480 84.1120 56
84.1440 84.4000 57
84.6560 85.1040 57
85.2320 85.7760 57
85.8080 86.4480 59
86.5760 86.6400 59
86.6720 88.1120 61
88.1440 88.2720 62
89.1040 89.1680 56
89.2000 89.2320 58
89.2640 89.4880 59
89.5200 89.9040 61
89.9360 90.3840 62
90.4160 90.4800 63
90.5120 90.6720 64
90.8000 92.6240 57
92.6560 93.4880 59
93.5200 93.6480 61
93.8080 95.0240 61
96.1440 96.7520 61
96.7840 97.2000 64
97.2320 97.3600 67
97.3920 97.5840 68
97.6160 97.6800 67
97.7120 98.0320 66
98.0640 98.2560 67
98.2880 98.6720 68
98.7040 98.7360 67
98.7680 99.6960 66
99.7280 99.9200 67
99.9520 100.3360 68
100.3680 100.4320 67
100.4640 100.9440 66
100.9760 101.0400 67
101.0720 101.2000 65
101.2320 101.7440 66
101.9360 102.0320 64
102.0640 102.2880 66
102.3200 102.3840 65
102.4160 102.7680 64
103.2800 103.3760 62
103.4080 103.6000 64
103.6320 103.7280 65
103.7600 103.8240 64
103.8560 103.8880 62
103.9200 104.3680 61
104.4960 104.6560 62
104.6880 105.1680 64
105.3600 105.5520 64
105.5840 105.6800 61
105.8080 105.9680 61
106.0000 106.1280 62
106.2560 106.3520 63
106.3840 106.8320 64
107.0880 107.2480 64
107.2800 107.8560 61
107.8880 108.0800 60
108.1120 108.2720 61
108.4000 108.5920 59
108.6240 109.3280 57
109.3600 109.6160 59
110.6400 110.6400 52
110.6720 110.7680 55
110.9600 111.2160 56
111.3440 111.9840 56
112.0160 113.2000 57
113.2320 113.8720 59
114.0000 114.0320 59
114.0640 115.6320 61
115.6640 115.7280 62
116.5600 116.5920 60
116.6240 116.7840 58
117.0080 117.3600 61
117.3920 117.9040 62
117.9360 118.1280 64
118.3200 120.0480 57
120.0800 120.9120 59
120.9440 122.5440 61
123.5680 124.2080 61
124.2400 124.4640 64
124.6880 124.7840 67
124.8160 124.9440 68
125.1040 125.3920 66
125.4240 125.4880 65
125.5200 125.6800 67
125.7120 126.1600 68
126.1920 126.6400 66
126.6720 126.8320 67
126.8640 127.0880 66
127.2480 127.3760 67
127.4080 127.8880 68
127.9200 128.3360 66
128.3680 128.5280 63
128.5600 128.6880 65
128.7200 129.7760 66
129.8080 129.8720 65
129.9040 130.2240 64
130.5120 130.6720 59
130.7040 130.8320 62
130.8640 130.9600 64
131.1200 131.3120 64
131.3440 131.7600 61
131.7920 131.9200 58
131.9520 132.0160 62
132.0480 132.0800 63
132.1120 132.9440 64
132.9760 133.1680 62
133.2000 133.6480 61
133.6800 133.7760 62
133.8080 134.2560 64
134.2880 134.3520 66
134.3840 134.3840 64
134.5120 134.6400 63
134.6720 134.8640 64
134.8960 134.8960 61
134.9280 135.0560 59
135.0880 135.6000 61
135.6320 135.6960 59
135.8560 135.9840 59
136.0160 136.0800 58
136.1120 136.5280 57
136.6560 136.8160 58
136.8480 137.0720 59
137.7760 137.9040 60
137.9360 138.3200 59
138.3520 138.3840 58
138.4160 140.0800 57
166.3520 166.3840 59
166.4160 166.7040 61
166.7360 166.8640 59
166.8960 167.4080 57
167.5360 167.6640 62
167.6960 167.8880 64
167.9200 168.0160 59
168.0480 168.0800 60
168.1120 168.3680 61
168.4000 168.4320 60
168.4640 168.5600 59
168.5920 168.7520 57
168.8800 168.9120 56
168.9440 169.8400 57
170.0000 170.0960 54
170.1280 170.1920 53
170.2240 170.3840 52
170.5440 170.6400 53
170.6720 170.7040 52
170.7360 170.7680 51
170.8000 170.8960 50
170.9280 170.9920 51
171.0240 171.1840 52
171.2160 171.2800 51
171.4080 171.5680 53
171.6000 171.9840 51
172.0160 172.1760 52
172.2080 172.2080 50
172.2720 172.4000 50
172.4320 172.6560 51
172.6880 172.7840 50
172.8160 172.9440 49
172.9760 173.0400 52
173.1680 173.2320 59
173.2640 173.5200 61
173.5520 173.5840 60
173.6160 173.7120 59
173.7440 173.8400 58
173.8720 174.1600 57
174.3840 174.4800 62
174.5120 174.7360 64
174.7680 174.7680 62
174.8000 174.9280 59
174.9600 175.2160 61
175.2480 175.2800 60
175.3120 175.4080 59
175.4400 175.5360 57
175.6640 175.9520 57
176.0800 176.6240 57
176.6560 176.7520 58
177.0400 177.1040 59
177.1360 177.2320 58
177.2640 177.3920 57
177.6480 178.4480 52
178.4800 178.6400 51
178.6720 178.9600 50
178.9920 179.1200 51
179.1520 179.5360 50
179.5680 179.7600 49
179.9840 180.1440 59
180.1760 180.4000 61
180.4320 180.5920 59
180.6240 181.1040 57
181.2640 181.6800 63
181.7120 181.9040 60
182.1280 182.2880 59
182.3200 182.7040 56
182.7360 182.8640 57
182.8960 182.8960 59
182.9280 182.9280 62
182.9600 183.6000 66
183.7920 184.6880 64
184.7200 185.0400 65
185.0720 185.3280 64
185.3600 185.3920 62
185.4240 185.5840 61
185.9680 186.0320 56
186.2880 186.3520 53
186.3840 186.4160 54
186.4480 186.5440 60
186.5760 186.6080 61
186.6400 186.7040 64
186.8640 186.9920 65
187.0240 187.6320 66
187.6640 187.7920 65
187.8240 188.0160 66
188.0480 188.7840 64
188.8160 188.8800 68
188.9120 188.9440 67
188.9760 189.1040 62
189.1360 189.8400 61
189.8720 189.9040 62
189.9360 190.6400 64
190.6720 190.7360 67
190.7680 190.8320 69
190.8640 190.9600 68
190.9920 191.5680 69
191.6000 191.9520 67
191.9840 192.0160 66
192.2080 192.6240 64
193.3280 193.4560 54
193.4880 193.8720 56
193.9040 194.5440 57
194.5760 194.6720 56
194.7040 194.8000 57
194.8320 194.8640 56
194.9920 195.5040 57
195.5360 196.1760 59
196.3040 196.3680 60
196.4000 197.8400 61
198.8320 198.9600 57
198.9920 199.2800 59
199.3120 199.6320 61
199.6640 200.2400 62
200.2720 200.3680 64
200.4000 200.4960 63
200.5280 202.3840 57
202.4160 203.2160 59
203.2480 203.3120 61
203.3440 203.3760 60
203.5360 204.4960 61
204.5280 204.6560 60
206.0000 206.0320 54
206.0640 206.1280 55
206.1600 206.2560 58
206.2880 206.5440 61
206.5760 206.8000 64
206.8320 206.9280 63
206.9600 207.0560 66
207.0880 207.1200 67
207.1520 207.3440 68
207.3760 207.6640 66
207.8240 207.9520 67
207.9840 208.1760 68
208.3040 208.4000 68
208.4320 208.4640 67
208.4960 209.3600 66
209.4560 209.7120 67
209.7440 210.1920 68
210.2240 210.3200 67
210.3520 211.5040 66
211.7280 211.7600 64
211.7920 212.0160 66
212.0480 212.1760 65
212.2080 212.4320 64
213.0400 213.1040 62
213.1360 213.5840 64
213.6160 213.6480 62
213.6800 214.2240 61
214.2560 214.3840 62
214.4160 214.8960 64
215.1200 215.2480 64
215.2800 215.3440 63
215.3760 215.4400 61
215.5680 215.8560 61
215.9840 216.1120 62
216.1440 216.5920 64
216.8480 217.0400 64
217.0720 217.1040 63
217.2640 217.3600 59
217.3920 218.0000 61
218.1600 218.3200 59
218.3520 219.0240 57
219.0560 219.4080 59
220.3040 220.3680 52
220.4000 220.4960 54
220.7520 221.0080 56
221.2000 221.2960 56
221.3280 222.8960 57
222.9280 222.9600 58
222.9920 223.6320 59
223.7600 223.7920 59
223.8240 225.0720 61
226.2880 226.3840 57
226.4160 226.5760 59
226.7360 227.0880 61
227.1200 227.6640 62
227.6960 227.8560 64
228.0160 229.8080 57
229.8400 230.3520 59
230.3840 230.4480 64
230.4800 230.5120 65
230.5440 230.8000 66
230.8320 231.9520 64
231.9840 232.0160 63
232.0480 232.0800 62
233.3600 233.4240 56
233.6480 233.6800 57
233.7120 233.7440 60
233.7760 233.9680 61
234.0000 234.1920 64
234.4480 234.5440 67
234.5760 234.7360 68
234.8640 234.9280 67
234.9600 235.1200 66
235.1520 235.2480 65
235.2800 235.4400 67
235.4720 235.8880 68
235.9200 235.9520 67
235.9840 236.4320 66
236.4640 236.5280 67
236.5600 236.6560 69
236.6880 236.7200 70
236.7520 236.8800 71
237.0080 237.1360 67
237.1680 237.2320 68
237.2640 237.3600 67
237.3920 237.6480 66
237.6800 238.0320 64
238.0640 238.0960 62
238.2880 238.4160 64
238.4480 239.0240 66
239.1520 239.1520 62
239.1840 239.2160 64
239.2480 239.3120 65
239.3440 239.4400 66
239.4720 239.5040 65
239.5360 239.8240 64
239.8560 239.8880 62
240.2080 240.2720 62
240.4640 240.5280 62
240.5600 240.6560 63
240.8800 241.0720 64
241.1040 241.5840 61
241.6480 241.6800 61
241.7120 241.8400 62
241.8720 242.8640 64
242.9920 243.0880 59
243.1200 243.3760 61
243.4080 243.5360 62
243.5680 244.5600 64
244.5920 244.6240 63
244.6560 244.8160 60
244.8480 245.3600 61
245.3920 245.4880 59
245.6160 245.6480 58
245.6800 245.7440 59
245.7760 245.8400 58
245.8720 246.2240 57
246.4480 246.6080 57
246.6400 246.8320 59
246.8640 246.8960 58
247.9840 248.0480 49
248.0800 248.1120 50
248.1440 248.2080 53
248.2400 248.2720 55
248.3040 248.3680 56
248.4000 252.3360 57
252.3680 252.4000 58
252.4320 252.6240 59
252.6560 252.7840 57
252.8160 252.8480 58
252.8800 252.9440 59
252.9760 253.2640 61
253.2960 253.8400 59
273.5200 274.0000 57
