36.5920 36.7520 58
36.7840 36.9440 60
37.1040 37.2640 57
37.2960 37.4560 59
37.5840 37.9360 60
38.0960 38.2240 57
38.2560 38.4480 59
38.6400 39.2160 55
39.3440 39.5360 55
39.5680 40.0160 52
40.5920 40.6560 57
40.6880 40.8480 60
40.8800 40.9120 59
41.1040 41.2000 58
41.2320 41.4240 59
41.5840 41.8080 59
41.8400 41.9040 60
42.0960 42.1600 57
42.1920 42.2880 58
42.3200 42.4480 55
42.6080 42.8960 55
43.0880 43.6640 55
43.8240 43.9200 55
43.9520 44.0160 56
44.0480 44.1440 57
44.5920 44.7200 59
44.7520 44.9120 60
45.1040 45.3280 59
45.5840 45.7120 59
45.7440 45.8720 60
46.0960 46.2240 58
46.2560 46.4160 59
46.4480 46.4480 57
46.4800 46.8640 55
47.0880 47.3760 55
47.6000 47.6960 52
47.7280 47.7600 53
47.7920 47.8880 54
47.9200 48.0160 53
48.0480 48.2400 52
52.5600 52.6880 58
52.7200 52.8480 60
53.0720 53.2000 58
53.2320 53.3920 59
53.6160 53.6800 59
53.8720 53.9360 60
53.9680 54.0000 59
54.0320 54.2240 58
54.2560 54.3840 59
54.5760 54.6400 56
54.6720 54.7680 55
54.8000 54.8960 56
55.0560 55.1200 56
55.1520 55.5040 55
55.5360 56.0480 52
56.5280 56.5600 58
56.5920 56.6880 59
56.7200 56.8800 60
57.0720 57.1680 58
57.2000 57.3600 59
57.5520 57.7760 59
57.8080 57.9360 60
58.0960 58.1280 57
58.1600 58.3840 58
58.4160 59.5360 55
59.7600 59.8240 55
59.8560 59.9200 56
59.9520 60.1120 57
60.5920 60.6560 60
60.8800 60.9120 58
60.9440 61.5520 59
61.5840 61.6800 60
61.7120 61.7440 59
61.7760 61.9680 58
62.0000 62.3520 59
62.8000 63.2800 59
63.3120 63.6000 60
64.0160 64.0480 58
64.0800 64.2080 60
64.2400 64.4000 62
64.5600 65.2000 60
65.3280 65.7120 67
65.7440 66.2560 62
66.2880 66.5440 60
66.9920 67.1520 60
67.2800 67.3760 62
67.5360 67.7600 62
67.7920 67.9200 64
67.9520 68.2400 62
68.2720 68.5920 64
68.6240 69.4240 60
69.4560 69.5200 64
69.5520 69.7440 66
69.7760 69.9680 68
70.0000 70.6720 59
70.7040 70.7680 57
70.8000 71.0560 59
71.0880 71.4080 60
71.8240 71.8240 55
71.8560 71.9520 58
71.9840 72.6880 59
72.8160 72.9760 60
73.0080 73.2640 59
73.2960 73.4560 60
73.5840 73.7120 59
73.7440 73.9360 55
74.3200 74.6400 62
74.8000 74.8960 62
74.9280 75.0240 63
75.0560 75.2160 60
75.3440 75.6960 62
75.7280 75.9520 64
76.0800 76.2720 63
76.3040 76.4960 64
76.5280 76.5920 63
76.6240 76.6880 59
76.7200 77.4880 60
77.6160 77.7440 65
77.7760 77.9360 67
78.1600 78.2560 58
78.2880 78.7040 59
78.8640 78.9280 58
78.9600 78.9920 59
79.0240 79.2160 60
79.5360 79.5680 59
79.6000 79.6640 60
79.8560 80.4320 66
80.4640 80.7840 65
80.8160 80.9120 62
80.9440 81.4560 63
81.4880 81.5840 62
81.6160 82.0000 61
82.0320 82.2880 62
82.3200 82.5760 60
82.8960 82.9600 54
83.1200 83.3440 60
83.3760 83.4400 62
83.6320 83.7920 62
83.8240 83.8880 64
84.1440 84.8160 60
84.8480 84.9760 55
85.1040 85.2320 60
85.3600 85.7440 62
85.8720 86.3840 62
87.1520 87.3760 60
87.4080 87.7600 62
87.9200 88.0480 62
88.0800 88.1760 64
88.2080 88.8480 62
88.8800 89.1040 60
89.1360 89.3280 62
89.4880 89.6480 62
89.6800 89.7760 64
89.9360 90.4160 60
90.8960 90.9600 54
91.1200 91.3440 61
91.3760 91.4720 62
91.6320 91.7920 62
91.8240 91.9200 64
92.1440 92.8160 60
92.8480 92.8480 57
92.8800 93.1040 55
93.1360 93.3280 60
93.3600 93.6800 62
93.8720 94.3520 62
95.0560 95.0560 57
95.0880 95.3760 60
95.4080 95.9200 62
95.9520 95.9840 63
96.0160 96.0800 64
96.1120 96.2400 62
96.3680 96.7520 62
96.9120 97.0080 60
97.1360 97.3600 62
97.4880 97.6160 62
97.6480 97.7440 64
97.9360 98.3520 60
98.8960 98.9920 56
99.1520 99.2160 60
99.2480 99.5040 62
99.6320 99.8240 66
99.8560 99.9840 68
100.1760 100.4960 60
100.6560 101.3280 67
101.3600 101.3600 65
101.4880 101.7120 60
101.9040 102.3520 59
102.3840 102.5760 61
102.8960 103.3120 60
103.4400 103.6320 55
103.8880 104.3680 62
104.4000 104.7200 64
104.7520 104.9440 62
104.9760 105.1680 60
105.2000 105.6800 59
105.8080 106.3520 59
106.3840 106.6400 60
106.9280 107.0880 55
107.1200 107.3760 60
107.4080 107.5360 62
107.6640 107.8880 66
107.9200 108.0480 68
108.2080 108.5600 60
108.6880 109.3920 67
109.5200 109.7440 60
109.9360 110.6080 59
110.9600 111.3440 60
111.5040 111.6960 55
111.9200 112.4320 62
112.4640 112.7200 64
112.7520 112.8800 62
112.9120 113.2000 60
113.3600 113.4560 60
113.4880 113.6800 59
113.7120 113.9360 60
113.9680 114.3520 59
114.3840 115.1520 60
116.6560 116.8160 58
116.8480 116.9760 60
117.1360 117.2640 58
117.2960 117.6160 59
117.6480 118.0000 60
118.1280 118.2560 57
118.2880 118.4480 59
118.4800 118.9280 55
119.1200 119.2160 55
119.3760 119.6640 55
119.8560 120.0160 52
120.3680 120.4640 58
120.5920 120.9440 59
121.1040 121.3600 59
121.5840 121.8720 61
122.0640 122.3520 59
122.8320 123.1520 55
123.2800 123.5680 55
123.8240 123.9520 55
123.9840 124.1120 57
124.5280 124.6880 58
124.7200 124.9120 60
125.0400 125.4240 59
125.5520 125.9040 60
125.9360 125.9360 57
126.0640 126.1600 57
126.1920 126.4160 59
126.4480 126.4480 57
126.5760 126.8640 55
127.0560 127.1520 53
127.1840 127.4080 55
127.7920 127.8880 54
127.9200 128.2720 52
132.4960 132.4960 56
132.5280 132.5600 58
132.5920 132.6560 59
132.6880 132.8160 60
133.0080 133.1360 58
133.1680 133.3280 59
133.5200 133.7440 59
133.7760 133.8400 61
133.8720 133.9360 60
133.9680 134.1600 58
134.1920 134.3520 59
134.5440 134.8640 55
135.0240 135.1200 56
135.1520 135.4720 55
135.5040 135.9840 52
136.2720 136.3680 58
136.5600 136.7200 59
136.7520 136.9120 60
137.0400 137.1680 58
137.2000 137.7440 59
137.7760 137.9360 60
138.0960 138.1920 58
138.2240 138.4480 59
138.5760 138.9280 55
139.0560 139.1520 56
139.3440 139.6960 55
139.8240 139.9520 56
139.9840 140.1440 57
140.5600 140.6560 60
140.8480 140.9440 58
140.9760 141.5200 59
141.5520 141.7440 60
141.7760 142.0000 58
142.0320 142.3200 59
142.8000 143.2800 59
143.3120 143.6320 60
143.9840 144.0480 59
144.0800 144.2400 60
144.2720 144.4000 62
144.5600 144.9760 60
145.0080 145.1680 61
145.2000 145.2640 62
145.2960 145.2960 64
145.3280 145.6800 67
145.7120 145.7120 65
145.7440 146.2880 62
146.3200 146.6080 60
146.9600 147.0880 59
147.2480 147.3760 62
147.5360 147.7280 62
147.7600 147.7920 63
147.8240 147.9200 64
147.9520 148.2400 62
148.2720 148.5600 64
148.5920 148.5920 62
148.6240 149.4560 60
149.4880 149.5520 64
149.5840 149.7440 66
149.7760 149.9680 67
150.0000 150.0000 63
150.0320 150.2240 58
150.2560 151.1520 59
151.1840 151.5360 60
151.8240 151.8560 57
151.8880 151.9520 58
151.9840 152.2720 59
152.3040 152.4640 60
152.4960 152.6880 59
152.8160 152.9760 60
153.0080 153.2960 59
153.3280 153.4560 60
153.5840 153.7120 59
153.7440 153.9360 55
154.0640 154.1280 60
154.3200 154.6080 62
154.8000 155.0560 62
155.0880 155.1520 61
155.1840 155.2160 60
155.3440 155.7280 62
155.7600 155.9520 64
156.0800 156.2400 63
156.2720 156.5280 64
156.5600 156.5920 62
156.6240 157.4560 60
157.6160 157.6160 65
157.6480 157.7760 67
157.8080 157.9360 69
158.1600 158.7040 59
158.8960 158.9920 59
159.0240 159.2800 60
159.5680 159.6960 60
159.8560 159.8880 66
159.9200 160.1120 67
160.1440 160.6240 66
160.6560 160.7520 65
160.7840 161.1360 63
161.1680 161.5200 62
161.5520 161.5840 61
161.6160 161.8400 60
161.8720 162.0000 61
162.0320 162.2560 62
162.2880 162.5760 60
163.0880 163.3120 60
163.3440 163.4080 63
163.5680 163.7280 62
163.7600 163.8560 65
164.0800 164.3040 60
164.5600 164.7200 60
164.9120 165.0720 55
165.1040 165.3600 60
165.5520 166.3520 62
167.0880 167.3440 60
167.3760 167.9520 62
167.9840 168.1120 64
168.1440 168.2080 62
168.3360 168.7840 62
168.8160 168.9440 60
169.1040 169.5840 62
169.6160 169.7120 64
169.7440 170.3200 60
170.8640 170.9280 55
171.1200 171.3120 60
171.3440 171.4720 63
171.6000 171.7600 62
171.7920 171.8880 64
172.0800 172.7840 60
172.8160 172.8800 57
172.9120 173.0400 55
173.0720 173.2000 60
173.3600 173.4560 62
173.5840 174.3200 62
175.0880 175.1200 58
175.1520 175.2800 60
175.4080 176.0480 62
176.0800 176.1760 64
176.2080 176.8800 62
176.9120 177.0720 60
177.1040 177.3280 62
177.4880 177.6160 62
177.6480 177.7760 64
177.9360 178.3840 60
178.8640 178.9920 55
179.1200 179.3440 60
179.3760 179.5040 62
179.6320 179.8240 65
179.8560 179.9840 67
180.1440 180.4960 60
180.6560 180.8160 65
180.8480 181.2960 67
181.3280 181.3280 65
181.3600 181.6800 60
181.8720 182.5760 59
182.8640 183.2800 60
183.4080 183.6320 55
183.8560 184.0160 60
184.0480 184.3040 62
184.3360 184.5920 64
184.6240 184.8160 62
184.8480 185.1680 60
185.2000 185.6480 59
185.8080 186.3200 59
186.3520 186.5760 60
186.8640 186.9920 56
187.1200 187.2160 60
187.2480 187.3440 61
187.3760 187.5040 62
187.6320 187.8240 66
187.8560 187.9840 67
188.1440 188.4960 60
188.6560 188.7840 66
188.8160 189.2960 67
189.3280 189.3280 65
189.3600 189.7120 60
189.9040 190.0000 58
190.0320 190.2880 59
190.3200 190.5440 60
190.8640 191.3120 60
191.3440 191.6640 55
191.8880 192.1120 65
192.1440 194.8640 67
208.5920 208.7520 58
208.7840 208.9760 60
209.1040 209.2320 57
209.2640 209.4560 59
209.5840 209.7440 59
209.8720 209.9360 60
209.9680 210.2240 58
210.2560 210.4480 59
210.8640 210.9600 55
211.0880 211.1840 55
211.3120 211.4080 56
211.4400 211.5360 55
211.5680 212.1440 52
212.5920 212.6240 56
212.6560 212.7200 58
212.8480 213.0400 59
213.0720 213.2000 57
213.2320 213.4240 59
213.7760 213.9040 60
213.9360 213.9680 59
214.0000 214.3520 58
214.4800 216.0160 55
216.0480 216.1760 57
216.6560 216.8800 60
216.9120 216.9440 58
216.9760 217.0720 55
217.1040 217.2640 57
217.2960 217.4240 59
217.4560 217.5840 58
217.6160 218.0320 59
218.0640 218.2240 57
218.2560 218.4480 58
218.5760 218.9600 55
219.0880 219.1520 55
219.3440 219.5360 55
219.5680 219.8560 52
219.8880 220.0800 53
220.1120 220.1760 52
224.5920 224.7200 58
224.7520 224.9440 60
224.9760 224.9760 58
225.1360 225.2960 57
225.3280 225.5200 59
225.5520 225.7120 58
225.9360 226.0000 59
226.0320 226.2240 57
226.2560 226.4480 59
226.4800 226.5120 57
226.6400 226.7040 54
226.7360 226.9600 55
227.0880 227.5680 55
227.6000 227.7280 51
227.7600 228.1120 52
228.5600 228.7200 59
228.8800 229.0080 57
229.0400 229.2000 59
229.3280 229.4560 59
229.5840 229.6800 59
229.8720 230.0000 56
230.0320 230.2560 59
230.5760 231.6640 55
231.8240 231.9840 55
232.0160 232.1440 57
232.5280 232.6880 60
232.8800 233.2000 59
233.3280 233.4560 59
233.6160 233.7760 60
233.9040 234.3840 59
234.8320 235.1840 59
235.3120 235.6320 60
236.0800 236.2400 60
236.2720 236.4640 62
236.4960 237.2960 60
237.3280 237.5520 67
237.8080 238.4800 62
238.5120 238.9280 60
238.9600 239.0880 59
239.2480 239.3440 62
239.5360 239.7600 62
239.7920 239.8880 64
239.9200 240.2400 62
240.2720 240.4960 64
240.5280 240.5280 62
240.5600 241.3920 60
241.4240 241.4880 63
241.5200 241.7440 65
241.7760 241.9040 67
241.9360 241.9360 64
241.9680 241.9680 61
242.0000 242.1920 58
242.2240 242.6080 59
242.6400 242.7680 58
242.8000 243.0880 59
243.1200 243.3760 60
243.8560 243.8880 57
243.9200 243.9840 58
244.0160 244.8160 59
244.8480 245.0080 60
245.0400 245.3280 59
245.3600 245.7440 60
245.7760 245.9680 55
246.0960 246.1600 59
246.3520 246.6400 62
246.8000 247.0880 62
247.1200 247.1840 60
247.3760 247.7280 62
247.7600 248.0160 64
248.0480 248.3040 62
248.3360 248.5920 64
248.6240 248.6560 62
248.8480 249.2640 60
249.3920 249.4560 63
249.6480 249.6480 63
249.6800 249.6800 65
249.7120 249.8720 67
249.9040 250.0000 69
250.2240 250.7040 59
250.9280 251.0240 59
251.0560 251.2480 60
251.5360 251.6000 58
251.6320 251.6960 59
251.9200 251.9520 65
251.9840 252.0480 66
252.0800 252.1760 67
252.2080 252.7840 65
252.8160 253.0080 62
253.0400 253.2640 64
253.2960 253.6160 68
253.6480 253.7760 70
253.8080 253.8080 67
253.8400 254.4160 62
254.4480 254.5440 64
254.5760 254.6080 62
254.6400 254.8320 60
255.1520 255.3440 60
255.3760 255.4720 63
255.6320 255.7920 62
255.8240 255.8880 64
256.1120 256.7840 60
256.8160 256.8160 57
256.8480 256.9760 55
257.1040 257.2320 60
257.3600 257.4560 62
257.5840 257.7120 63
257.8400 258.4480 62
259.1200 259.3440 60
259.3760 259.7280 62
259.8880 260.0480 62
260.0800 260.1440 64
260.1760 260.8160 62
260.8480 261.0080 60
261.0400 261.2960 62
261.4560 261.7440 63
261.8720 262.4160 60
262.8320 262.9280 55
263.0880 263.3120 60
263.3440 263.4400 62
263.6000 263.7920 62
263.8240 263.9200 64
264.1120 264.2400 61
264.2720 264.8160 60
264.8480 264.9760 55
265.1360 265.3280 60
265.3600 265.6800 62
265.8720 266.3520 62
267.0560 267.1520 58
267.1840 267.2800 60
267.4080 267.9520 62
267.9840 268.1760 63
268.2080 268.2400 62
268.4000 268.7520 62
268.8800 269.0080 61
269.1360 269.3920 62
269.5200 269.6160 62
269.6480 269.7440 64
269.9360 270.4800 60
270.8640 270.9600 55
271.1200 271.2480 60
271.2800 271.3440 61
271.3760 271.5680 62
271.6000 271.7920 66
271.8240 271.9520 68
272.1440 272.5920 60
272.6240 272.6240 63
272.6560 272.7840 66
272.8160 273.3280 67
273.4560 273.6800 60
273.8720 274.0320 58
274.0640 274.3520 59
274.3840 274.5760 61
274.8960 275.2800 60
275.4080 275.6320 55
275.8880 275.9520 60
275.9840 276.0160 61
276.0480 276.2400 62
276.2720 276.3680 63
276.4000 276.5920 64
276.6240 276.6560 63
276.6880 276.8480 62
276.8800 277.4240 60
277.4560 277.6480 59
277.6800 277.9360 60
277.9680 278.2560 59
278.2880 278.3200 60
278.3520 278.5440 61
278.6720 278.7680 62
278.8960 278.9920 62
279.1200 279.3440 60
279.3760 279.5360 62
279.6640 279.9840 67
280.1760 280.5280 60
280.6560 281.2960 67
281.3280 281.3280 65
281.4560 281.6800 60
281.9040 282.4160 59
282.4480 282.6080 61
282.6400 282.7360 62
282.8960 283.2800 60
283.3120 283.3120 58
283.3440 283.6000 55
283.8560 284.0160 60
284.0480 284.3360 62
284.3680 284.5280 64
284.5600 284.6560 63
284.6880 284.8160 62
284.8480 285.1040 60
285.1360 286.2880 59
286.3200 286.5440 60
286.8640 286.9280 55
287.1200 287.3440 60
287.3760 287.5680 62
287.6000 287.6320 65
287.6640 287.7600 66
287.7920 287.8240 67
287.8560 287.9520 68
288.1120 288.5920 60
288.6240 288.7200 66
288.7520 289.2960 67
289.4240 289.6480 60
289.8720 289.9680 58
290.0000 290.4160 59
290.8000 291.1840 60
291.3440 291.5680 55
291.7920 291.8240 60
291.8560 291.9200 61
291.9520 292.5600 62
292.5920 292.7520 68
292.7840 292.8160 67
292.8480 293.0080 63
293.0400 293.5200 64
293.5520 294.0320 62
294.0640 294.5120 60
294.5440 294.6080 62
294.8000 294.8960 56
295.0560 295.2480 60
295.2800 295.5040 62
295.5360 295.7280 66
295.7600 295.8560 68
296.0480 296.4000 60
296.5280 296.5280 64
296.5600 296.7520 67
296.7840 297.0080 68
297.0400 297.2000 67
297.2320 297.2320 65
297.2640 297.5840 60
297.8080 297.8720 57
297.9040 298.1920 59
298.2240 298.4800 60
298.7680 299.1840 60
299.2160 299.5040 55
299.7600 299.9200 60
299.9520 300.5280 62
300.5600 303.1520 60
303.1840 303.3120 59
303.6960 303.7280 66
