15.0560 15.3120 60
15.4720 15.7600 60
15.9200 16.2080 60
16.3680 16.5600 60
16.5920 16.6560 61
16.8480 16.8800 63
16.9120 17.0720 64
17.2640 17.4240 65
17.4560 17.4880 64
17.7760 18.3840 60
18.6400 18.9920 58
21.1680 21.5520 57
21.6800 22.0320 58
23.4080 23.6640 58
23.6960 23.7920 59
23.8240 24.0160 60
24.0480 24.1760 59
24.7200 25.1040 58
25.1360 26.0000 57
29.1680 29.6800 57
29.7120 29.8080 58
29.8400 30.0000 59
30.0320 30.0640 61
30.0960 30.3200 62
30.4800 30.7680 62
30.9280 31.2160 64
31.3440 31.6000 64
31.7600 31.9520 65
31.9840 32.0160 64
32.0480 32.0800 63
32.1120 32.1440 62
32.4640 32.8800 57
33.2320 33.4880 56
35.7280 36.0480 56
36.2080 36.4320 55
36.6560 36.7200 55
37.1680 37.2640 55
39.3440 39.3760 55
39.4080 39.9520 56
40.1760 40.4320 56
40.6880 40.7840 56
41.0400 41.1040 58
41.1360 41.2320 59
41.2640 41.6800 60
43.2480 43.4080 59
43.4400 44.0160 60
44.1440 44.4320 60
44.5600 44.8480 60
44.8800 44.9120 61
44.9440 45.0080 62
45.0400 45.2640 64
45.4240 45.6800 65
46.0320 46.4480 60
46.4800 46.5120 59
46.5440 47.0880 58
49.3920 49.5200 56
49.6800 49.7440 57
49.9040 50.2880 58
51.6320 51.9520 58
51.9840 52.0480 59
52.0800 52.2080 60
52.2400 52.3680 59
52.6240 52.6880 57
52.7200 52.7520 56
52.9760 53.2320 56
53.2640 53.7120 57
57.4560 58.0320 57
58.0640 58.1920 58
58.2240 58.2560 59
58.2880 59.1200 62
59.1520 60.0160 64
60.0480 60.3360 65
60.5280 60.6240 67
60.6560 60.6880 68
60.7200 61.2640 69
61.3920 61.8720 67
62.2560 62.6720 62
63.5680 63.8240 65
64.0480 64.1120 67
64.1440 64.1760 68
64.2080 64.5600 69
64.5920 64.6240 68
64.8480 64.9120 68
64.9440 65.3600 67
65.3920 65.4560 66
65.7120 66.6080 61
67.0880 67.3120 65
67.5360 67.6640 65
67.6960 67.7280 66
67.7600 70.0960 67
71.0560 71.3440 57
71.5680 71.8880 60
71.9200 72.0480 62
72.0800 72.3360 64
72.3680 72.7200 65
72.8480 72.9760 65
73.0080 73.9680 67
74.1600 74.2560 67
74.2880 74.7040 68
74.7360 75.0240 69
75.8560 76.0800 65
76.3680 76.4320 65
76.4640 77.4560 67
77.6480 77.7760 68
77.8080 78.0320 69
78.1600 78.2560 68
78.2880 78.8960 69
79.3760 79.4080 69
79.4400 79.5680 70
79.6000 79.7920 72
79.8240 80.0160 71
80.0480 80.2080 72
80.2400 80.5280 70
80.7840 81.0400 69
81.0720 81.1360 67
81.1680 81.5200 65
81.6800 82.0000 65
82.1280 82.7040 67
82.7360 83.0880 69
83.1200 83.3440 70
83.4720 83.9840 67
84.3360 84.3680 67
84.4000 84.6560 68
84.6880 84.9120 67
84.9440 85.1040 65
85.1360 85.1360 63
85.6480 85.7760 60
85.8080 85.9360 61
86.0640 86.1280 62
86.1600 86.1920 63
86.2240 86.4480 64
86.4800 86.9600 65
86.9920 87.0560 66
87.0880 87.9840 67
88.0160 88.0800 68
88.2400 88.2720 67
88.3040 88.6240 69
88.7520 88.7840 67
88.8160 88.8480 68
88.8800 89.4560 69
90.0640 90.6080 65
90.6400 91.6000 67
91.7600 91.8560 71
91.8880 92.0800 72
92.2400 92.3680 68
92.4000 92.9760 69
93.4880 93.5200 70
93.5520 93.6480 71
93.6800 93.9040 72
93.9360 94.0960 71
94.1280 94.3200 72
94.3520 94.3840 71
94.4160 94.7360 70
94.7680 95.1840 68
95.2160 95.6320 65
95.7920 95.9200 70
95.9520 96.3360 72
96.3680 96.4000 71
96.4320 96.9440 70
97.5520 97.6480 67
97.6800 97.8400 69
98.0000 98.3200 67
98.4480 98.7680 65
98.9600 99.2800 64
99.4720 99.6000 65
99.6320 99.7920 67
99.8240 101.3600 65
113.8400 113.9040 58
113.9360 114.0000 59
114.0320 115.4400 60
115.4720 115.5040 61
115.5360 115.5680 62
115.6000 115.6320 63
115.6640 115.8240 64
115.9840 116.2720 65
116.4960 117.2000 60
117.2320 117.9360 58
120.2720 120.3360 57
120.5280 120.9440 58
122.2880 122.7360 58
122.7680 122.9920 60
123.8240 124.4640 57
124.5920 124.8160 57
128.5280 128.7520 60
128.8800 129.7120 62
129.7440 130.5440 64
130.5760 130.9600 65
131.0880 131.1200 68
131.1520 131.2480 69
131.2800 131.9200 70
131.9520 132.2080 69
132.2400 132.6880 67
132.8800 133.6480 62
134.1280 134.4160 65
134.6080 134.7680 67
134.8000 135.4080 69
135.4400 136.0800 67
136.1120 136.1760 64
136.2080 137.2320 61
137.4240 137.5200 62
137.6800 137.9040 65
138.1280 138.2560 66
138.2880 140.7840 67
141.6800 141.7440 59
141.7760 141.8720 60
142.0960 142.1920 60
142.3520 142.5440 60
142.5760 142.6400 62
142.6720 142.7360 63
142.7680 142.9280 64
142.9600 143.3120 65
143.5040 143.6320 66
143.6640 144.5920 67
144.7520 144.8160 67
144.8480 144.8800 68
144.9120 145.0720 69
145.1040 145.3280 68
145.3600 145.6800 69
145.7120 145.9680 72
146.4800 146.7360 65
146.9920 147.0880 66
147.1200 147.6640 67
148.2720 148.4000 67
148.4320 149.1680 69
149.2000 149.5520 70
150.0000 150.0000 67
150.0320 150.1280 70
150.1600 150.3520 72
150.3840 150.5760 71
150.6080 150.7360 72
150.7680 151.0880 70
151.1200 151.1520 69
151.1840 151.4720 67
151.5040 151.6640 69
151.6960 152.6560 65
152.6880 152.9760 67
153.1040 153.2000 67
153.2320 153.5520 69
153.5840 153.8720 70
154.0000 154.3520 69
154.4800 154.7360 71
154.7680 155.2160 68
155.2480 155.4720 67
155.5040 155.8880 65
156.2080 156.5920 60
156.6240 156.6560 62
156.6880 157.0720 64
157.1040 157.5840 65
157.6160 157.6800 66
157.7120 158.4160 67
158.4480 158.6080 68
158.6400 158.7360 69
158.9920 159.0560 68
159.0880 159.2480 69
159.2800 159.4400 68
159.4720 159.8560 69
159.8880 160.1440 71
160.6560 161.0080 65
161.0400 161.2320 66
161.2640 161.7760 67
162.1920 162.3520 67
162.3840 162.5440 70
162.6080 162.6720 72
162.8960 163.0240 68
163.0560 163.4080 69
163.4400 163.6640 70
164.0800 164.0800 67
164.1120 164.2400 70
164.2720 164.4960 72
164.5280 164.6240 70
164.6560 164.9440 71
164.9760 165.3600 70
165.3920 165.6480 69
165.6800 166.1920 65
166.3520 166.4800 70
166.5120 166.9920 72
167.0240 167.9520 70
167.9840 168.0160 69
168.0480 168.2080 68
168.2400 168.4320 69
168.5600 168.7200 68
168.7520 168.9120 67
168.9440 169.3600 65
169.4880 169.8080 64
169.8400 169.9360 65
169.9680 170.2240 67
170.2560 171.3440 65
171.4720 172.0480 65
173.9040 174.0000 65
174.0320 174.2560 64
174.5120 174.5120 65
174.7360 174.8320 65
174.9600 175.1520 64
175.1840 175.7600 65
175.8240 175.8880 64
176.0800 176.1760 65
176.3040 176.6240 67
176.6560 176.8480 69
176.8800 176.9120 68
177.3920 178.4480 65
178.4800 178.6080 64
178.7360 179.2800 65
179.3120 179.4400 64
179.6000 179.7600 65
179.7920 180.0480 67
180.0800 180.5600 69
180.5920 180.6240 68
180.9440 181.0080 63
181.0400 181.1680 65
181.3600 181.9360 65
181.9680 182.2560 64
182.2880 182.6720 65
182.7040 182.9920 64
183.1200 183.6640 62
183.6960 183.8240 64
183.8560 183.8880 62
183.9200 184.1120 60
184.1440 184.4640 62
184.4960 185.5200 60
186.2240 186.6080 69
186.6400 187.0240 67
187.0560 187.7280 65
187.7600 187.9840 63
188.0160 188.1760 65
188.2080 188.2720 64
188.4320 189.2320 65
189.3600 190.0640 65
190.1920 190.2560 65
190.3840 190.5120 67
190.6400 191.0880 69
191.5360 191.6000 65
191.7280 192.7840 65
192.8160 192.9120 70
192.9440 193.1040 72
193.2640 193.3600 72
193.4880 193.8400 72
193.8720 193.8720 67
193.9040 194.4480 65
194.4800 194.5120 63
194.6720 194.8960 62
195.0560 195.8560 65
195.8880 196.5600 67
196.5920 196.8480 69
197.2640 197.3920 69
197.9360 198.0640 65
198.0960 198.8960 67
198.9280 199.1840 70
199.4720 199.6640 65
199.6960 200.1440 67
200.1760 201.2000 68
201.2320 201.2960 67
201.7120 201.8080 57
201.8400 201.9680 58
202.1600 202.1920 60
202.2240 202.4800 61
202.5120 202.6720 63
202.7040 202.9920 65
203.0240 203.3760 66
203.5040 203.6320 66
203.6640 203.6960 67
203.7280 204.5600 68
204.7520 204.7840 68
204.8160 205.2640 69
205.2960 205.6480 70
206.4800 206.7040 66
206.9280 207.0880 67
207.1200 207.6000 68
208.3040 208.4320 68
208.4640 209.3920 70
210.0000 210.0640 71
210.0960 210.3840 73
210.4160 210.5440 71
210.5760 210.8320 73
210.8640 211.2480 71
211.3760 211.4720 69
211.5040 211.6320 70
211.6640 211.7280 67
211.7600 212.1760 66
212.2080 212.2080 70
212.2400 212.3680 72
212.4000 212.5600 73
212.6880 212.9760 71
213.1360 213.2320 69
213.2640 213.4880 70
213.5200 213.7440 71
213.7760 214.3840 68
214.5440 214.6080 68
214.7680 214.8320 66
214.8640 214.8960 68
214.9280 215.3120 69
215.3440 215.5040 68
215.5360 215.6960 66
215.7280 215.7280 63
215.7600 215.7600 59
215.8560 215.9200 57
215.9520 216.0800 58
216.2720 216.4960 61
216.9120 216.9760 65
217.0080 217.0720 64
217.1040 217.5200 66
217.5520 217.6800 67
217.7120 218.6080 68
218.6400 218.7360 67
218.8640 218.9920 69
219.0240 219.7280 70
219.7920 220.1440 70
220.1760 220.2720 68
220.4000 220.5600 66
220.6880 221.2000 66
221.2320 222.0320 68
222.3520 222.5120 72
222.5440 222.7040 73
222.7360 223.1200 74
223.1520 223.1520 72
223.1840 223.3760 69
223.4080 223.6640 70
224.1440 224.2400 71
224.2720 224.4640 72
224.4960 224.6880 71
224.7200 224.8480 73
225.0080 225.3600 71
225.3920 225.6160 70
225.6480 226.1920 66
226.3520 226.4480 71
226.4800 226.9920 73
227.0240 228.0480 71
228.0800 228.6240 70
228.7840 228.9440 68
228.9760 231.2160 66
233.8080 234.1600 65
234.3200 237.7120 66
