24.8800 25.0720 51
25.2320 25.4240 53
25.4560 25.5840 54
25.6160 25.7760 55
25.9680 26.1600 54
26.1920 26.4480 55
26.5760 26.8960 53
26.9280 27.0560 52
27.0880 27.1840 51
27.6640 27.7280 47
28.0800 28.2080 47
28.4640 29.0720 47
30.7680 30.8320 48
30.8640 30.8960 49
30.9280 31.1520 50
31.1840 31.2800 51
31.3120 31.4080 52
31.6000 31.7920 53
31.8240 31.8880 52
31.9200 32.1440 51
32.1760 32.2400 52
32.2720 32.5920 53
32.6240 33.1680 52
33.2000 33.2320 51
34.1280 34.3520 45
34.5760 34.8000 46
34.8320 34.8960 47
36.7520 36.8160 50
36.8480 36.9440 51
37.1040 37.2960 53
37.4560 37.7120 55
37.9040 38.0640 54
38.0960 38.3840 55
38.4160 38.4800 54
38.6400 39.1520 53
39.1840 39.2160 52
40.1120 40.3680 47
40.5920 40.7840 48
40.9760 41.1680 49
42.2880 42.4480 44
42.7680 42.8640 47
42.8960 42.9920 48
43.1200 43.3120 48
43.5040 43.5360 49
43.5680 43.6640 50
43.6960 43.7280 49
43.8880 44.1440 48
44.1760 44.3680 47
44.4000 44.4320 48
44.4640 44.5280 49
44.5600 44.7200 50
44.7520 44.8480 51
44.8800 45.9360 52
48.6240 48.8160 50
48.8480 48.8800 51
48.9120 49.0080 52
49.0400 49.3920 53
49.4240 49.4880 54
49.5200 49.7120 55
49.7440 49.8400 54
49.8720 50.0000 53
50.0320 50.4160 54
50.5440 50.9280 53
50.9600 51.0240 52
51.0560 51.1200 51
51.6320 51.9200 46
52.0800 52.3040 47
52.3360 52.5600 46
52.5920 52.7520 47
54.6720 54.7360 48
54.7680 54.8000 49
54.8320 54.9280 50
55.0880 55.3760 52
55.4080 55.6640 53
55.8880 56.0800 51
56.1120 56.4960 53
56.5280 56.9760 52
57.0080 57.1360 51
57.1680 57.2320 50
58.0640 58.3200 45
58.4800 58.8320 45
59.0240 59.5040 45
60.6880 60.7520 50
60.7840 60.8160 51
60.8480 61.0400 52
61.0720 61.2960 53
61.3280 61.4240 54
61.4560 61.7120 55
61.7440 61.8080 54
61.8400 62.0320 53
62.0640 62.4160 55
62.4480 62.5760 54
62.6080 63.1840 53
63.4080 63.5040 46
63.5360 64.3040 45
65.2640 65.4560 50
65.4880 65.8400 53
65.8720 66.2240 52
66.3520 66.5120 51
66.5440 67.2480 52
67.2800 67.3120 51
67.5680 67.7280 45
67.9520 68.0800 47
68.1120 68.2400 48
68.2720 68.4640 49
68.6560 69.7120 48
72.3360 72.3680 45
72.4000 72.4320 46
72.4640 72.5920 48
72.7200 72.8160 48
72.8480 72.9760 49
73.1360 73.3280 48
73.4880 73.7440 50
73.7760 74.0000 48
74.2560 74.4480 53
74.4800 74.8640 55
75.0240 75.1520 55
75.1840 75.3760 57
75.5680 76.4640 57
77.1040 77.3920 55
77.4240 77.7760 57
77.9040 78.0640 57
78.0960 79.3120 59
80.2080 80.4000 53
80.4320 81.5840 55
81.6160 81.8400 53
81.8720 82.0000 55
82.0320 82.0640 53
82.0960 82.3200 52
82.3520 82.6720 55
82.8320 83.2160 57
83.2480 83.8560 59
83.8880 84.1440 57
84.3680 85.0080 57
85.8080 86.0320 55
86.0640 86.3200 53
86.3520 86.7680 55
86.9280 87.1520 53
87.5360 88.1120 46
88.9440 89.0720 54
89.2000 89.4240 53
89.4560 89.7440 55
89.9680 90.1920 53
90.8000 91.1520 47
91.1840 91.6960 48
91.8880 92.1120 50
92.1440 92.2400 52
92.2720 92.3040 51
92.3360 92.4960 50
92.5280 94.2560 52
97.0400 97.1040 45
97.1360 98.0320 48
98.2560 98.3840 52
98.4160 99.1520 55
99.1840 99.2160 56
99.2480 99.3440 57
99.6000 100.2080 57
101.1040 101.2960 55
101.3280 102.0960 57
102.1280 102.2240 58
102.2560 102.3200 59
102.4800 103.7280 59
104.6240 104.6560 53
104.6880 104.7200 54
104.7520 105.5200 55
105.5520 105.7760 53
105.8080 105.9360 55
106.0640 106.3840 52
106.4160 106.6080 55
106.8320 107.1520 57
107.1840 107.8880 59
107.9200 109.2960 57
109.7440 110.0640 55
110.0960 110.3840 53
110.4160 110.8960 55
110.9280 111.1520 53
113.1680 113.3920 53
113.4240 113.8400 55
113.9680 114.2240 53
114.4800 114.5440 56
115.3440 115.4080 54
115.6640 115.7920 51
115.8240 116.4000 52
117.8080 118.1920 49
118.2240 118.2880 48
118.5760 118.9600 48
120.4320 122.0000 48
135.3120 135.4080 59
139.6960 140.0480 59
140.0800 140.2400 61
140.2720 140.4000 62
141.3280 141.3920 57
141.6160 141.6480 57
143.2480 143.3760 53
143.4080 143.5360 55
143.6640 144.0160 57
144.0480 144.1760 59
144.4320 144.7200 57
144.7520 144.9760 59
145.1360 145.6800 57
146.2240 146.4480 57
146.6400 147.0240 51
147.2480 148.1120 51
149.2960 149.4560 54
149.5840 151.6640 56
151.6960 151.6960 54
152.5280 152.8800 49
153.1360 153.3280 47
153.4240 153.7120 49
154.0320 154.1920 52
154.6080 154.8000 52
155.0240 155.3120 54
155.3440 155.4080 56
155.5360 155.8880 57
155.9200 156.0480 59
156.3040 156.6240 57
156.6560 156.9120 59
157.1040 157.5520 57
157.5840 157.7120 56
158.0640 158.4480 54
158.4800 158.7360 51
158.8960 159.1840 52
159.3440 159.9840 54
160.8480 160.9440 52
161.2000 161.2640 51
161.2960 161.5200 54
161.5520 161.8080 52
161.8400 161.8720 53
161.9040 162.1600 54
162.3200 162.5120 52
162.7360 162.8000 52
162.8320 162.8640 53
162.8960 163.2160 54
163.2480 164.6880 56
167.1200 167.2160 54
167.2480 167.4720 56
167.5040 167.8240 57
167.8560 168.0800 59
168.3040 168.3360 56
168.3680 168.4640 57
168.4960 168.5280 58
168.5600 168.9440 59
168.9760 169.5520 57
169.5840 169.6800 56
170.1600 170.1920 49
170.2560 170.3200 49
170.5440 170.6720 54
170.7040 170.8000 56
171.0240 171.1840 54
171.2160 171.3760 55
171.4080 172.0480 54
173.1360 173.2320 51
173.2640 173.2960 53
173.3280 173.4560 54
173.5840 173.9040 56
173.9360 174.0960 57
174.3520 174.5440 56
174.5760 174.9600 57
174.9920 175.3760 56
175.4080 175.6000 55
175.6320 176.0160 56
176.2080 176.4000 61
176.5600 176.8160 62
176.8480 177.2000 63
177.3280 177.8080 61
177.8400 177.9680 59
178.0000 178.3840 56
178.4160 178.7040 52
179.0880 179.2800 54
179.3120 179.5360 56
179.5680 179.8880 57
179.9200 180.1120 59
180.3360 180.4960 57
180.5280 181.2000 59
181.2320 181.5840 61
181.7760 182.2880 57
183.2480 183.4720 56
183.6960 183.7600 55
183.7920 183.8560 56
183.8880 184.3360 57
184.4640 185.0080 56
185.0400 185.4560 57
185.4880 185.7440 56
186.4480 186.5440 52
186.5760 186.9280 54
187.1840 187.4720 68
187.5360 187.8240 68
188.1440 188.3040 68
188.3360 188.4320 67
188.5920 188.6560 63
189.1040 189.2320 63
189.2640 189.3920 64
190.8000 190.9600 52
191.2480 191.4080 54
191.5680 191.7280 52
191.8880 191.9520 54
192.1760 192.3680 52
192.6560 192.8480 57
192.8800 193.2960 59
193.5520 193.5520 59
193.6800 193.7440 59
193.9360 194.3200 61
194.6400 194.9920 61
195.3440 195.4080 59
195.6320 195.9200 59
195.9520 196.3360 63
196.4320 197.8400 63
198.6080 198.7360 56
198.7680 200.0800 59
200.2080 200.3040 57
200.3360 200.4960 59
200.5280 200.9440 56
200.9760 201.2000 59
201.3280 201.6160 61
201.6480 202.3520 63
202.3840 203.7600 61
204.1120 204.1760 58
204.3040 204.8480 58
204.8800 205.2640 59
205.2960 205.6480 57
205.8400 206.5760 49
207.6640 207.7280 56
207.7600 207.8560 57
207.8880 208.4000 59
208.4320 208.7200 57
208.9120 209.1360 49
209.4240 209.6480 51
209.6800 210.0320 52
210.2560 210.4160 54
210.4480 210.5760 56
210.6080 210.8320 55
210.8640 212.3360 56
212.9440 213.2000 56
213.2320 213.5200 57
213.5520 214.0640 59
214.0960 214.5120 61
214.8320 215.0240 52
215.0560 215.3440 54
215.3760 215.7920 52
215.8240 216.1440 54
216.3040 216.4640 52
216.6880 216.7840 56
216.8160 217.2640 59
217.2960 217.5200 61
217.7760 217.9040 62
218.0640 219.0240 61
219.6000 219.7920 59
219.8240 220.5280 61
220.5600 220.7840 63
220.8160 221.0080 65
221.0400 222.4480 63
223.0240 223.1200 56
223.1520 224.0160 59
224.1440 224.2400 56
224.2720 224.4960 59
224.5280 224.8800 56
224.9120 225.1680 59
225.3280 225.6800 61
225.7120 226.4160 63
226.4480 226.6400 64
226.8000 226.9280 61
226.9600 227.1200 63
227.1520 228.0160 61
228.2720 228.4000 58
228.4320 228.6240 59
228.6560 228.8480 57
228.8800 228.9120 58
228.9440 229.4560 59
229.4880 229.6800 57
229.9360 230.7040 49
231.6960 231.9200 57
232.1120 232.3040 59
232.6240 232.6880 56
233.2000 233.2960 59
233.9040 234.0000 54
234.0320 234.2880 56
234.7360 234.8000 53
235.2160 235.4080 52
235.4400 235.5040 55
236.2720 236.2720 56
236.9120 237.0080 56
237.2960 237.4880 57
237.5200 237.8080 59
238.3840 238.4800 57
238.5120 238.7040 59
238.7360 238.9280 61
238.9600 239.0240 60
239.0560 239.5040 64
239.5360 239.6000 66
239.6320 239.9520 67
239.9840 240.3040 68
240.3360 240.4960 62
240.5280 243.1200 57
243.1520 243.2800 56
243.3120 243.4080 55
243.4400 243.5040 54
243.5360 243.6000 53
243.6320 243.6960 52
250.8640 251.1840 58
251.2160 251.4400 57
251.4720 251.5040 58
251.5360 251.8560 59
252.1120 252.3360 57
254.4800 254.6080 57
254.6400 254.6720 58
254.7040 255.1840 59
255.3440 255.6000 57
255.6320 255.6960 54
255.7280 255.9520 50
255.9840 256.2720 49
256.3040 256.4640 48
256.7200 257.0400 47
257.0720 257.2000 48
257.3280 257.3920 52
257.4240 257.4880 54
257.5200 258.2240 56
260.0160 260.4960 53
260.7840 262.9920 52
