16.3360 16.4640 62
16.4960 16.5920 64
16.6240 16.6560 63
16.8800 17.1680 60
17.3920 17.6160 63
17.8720 17.9680 59
18.0000 18.3520 60
18.3840 18.4160 62
18.4480 18.6080 63
18.7680 18.8640 63
18.8960 18.9280 62
19.1520 19.2480 64
19.2800 19.4080 66
19.4400 19.4720 65
19.5040 19.5360 64
19.6640 19.8560 61
20.1760 20.2080 63
20.2400 20.2720 64
20.3040 20.5600 65
20.5920 20.8800 62
21.2960 21.7120 64
21.7440 21.7760 65
21.8080 22.0960 66
22.1280 22.1600 67
22.1920 22.3200 68
22.4800 22.7680 68
23.3120 23.3760 66
23.4080 23.4400 67
23.4720 24.2400 68
24.2720 24.3040 66
24.3360 24.4640 65
24.4960 24.6240 64
24.6560 24.8480 63
24.8800 25.2000 62
25.2320 25.5200 61
25.5520 25.6800 62
27.3440 27.6000 63
27.6320 27.7600 64
27.7920 27.8240 63
27.8560 27.8880 62
27.9200 28.3360 59
29.2320 29.2960 64
29.3280 29.3600 63
29.3920 29.5520 61
29.5840 29.6800 62
29.7120 29.9040 60
30.0000 30.2880 61
30.3200 30.4160 64
30.4480 30.5440 66
30.5760 30.6400 65
30.8000 31.1520 62
31.6000 31.7280 66
31.7600 31.9520 65
31.9840 32.1440 66
32.3360 32.4960 66
32.6560 32.7520 64
32.8800 33.1680 66
33.2000 33.4240 68
33.4560 33.5520 67
33.5840 33.7760 68
33.8080 33.9680 67
34.4160 34.5120 66
34.5440 34.5760 67
34.6080 34.7040 68
34.8320 35.0240 68
35.1520 35.2800 66
35.3120 35.4400 68
35.4720 35.5360 67
35.6960 36.7840 64
36.8160 36.8480 63
38.1920 38.2560 60
38.2880 38.4480 61
38.4800 38.7040 62
38.8640 39.0240 62
39.0560 39.4400 64
39.4720 39.5040 63
39.5360 39.6000 62
39.6320 39.6960 61
39.7280 39.8240 60
39.9520 40.1120 61
40.2400 40.4000 62
40.4320 40.5280 63
40.5600 40.8160 64
40.8480 40.9760 62
41.0080 41.1680 61
41.3280 41.4240 61
41.6480 41.6800 64
41.7120 41.7440 65
41.7760 42.1600 66
42.2880 42.4160 61
42.4480 42.5440 60
42.6720 42.7680 61
42.9920 43.0560 64
43.0880 43.1200 65
43.1520 43.5680 66
43.8240 44.0480 63
44.0800 44.2080 64
44.3680 44.4000 66
44.4320 44.4960 67
44.5280 44.8800 68
45.0080 45.0720 64
45.2320 45.3600 62
45.3920 45.5520 64
45.7120 45.8080 66
45.8400 46.2880 68
46.6080 46.6720 67
46.7040 46.9600 68
46.9920 47.2160 69
47.2480 47.2480 67
47.2800 47.3120 65
47.3440 47.8240 64
47.8560 47.8880 62
47.9200 48.0160 61
48.1440 49.3280 60
51.8240 52.0160 64
52.0480 52.3040 66
52.3360 52.4000 68
52.4320 52.4640 67
52.4960 52.9760 66
53.0080 53.1040 68
53.1360 53.2960 64
53.3280 53.3600 65
53.3920 53.7120 66
53.7440 53.9040 68
54.2560 54.3840 64
54.5760 54.5760 67
54.6080 54.7040 69
54.7360 54.8640 71
54.8960 54.9280 68
54.9600 55.0240 67
55.0560 55.8880 66
55.9200 56.0480 67
56.9440 57.2960 71
57.3280 57.4560 73
57.6480 57.6800 66
57.7120 57.7760 67
57.8080 58.6080 68
58.6400 58.7040 66
58.7360 59.1840 67
59.6320 59.6640 70
59.6960 59.9840 71
60.0160 60.1760 73
60.2080 60.2080 71
60.3360 60.3680 66
60.4000 60.4640 67
60.4960 61.2960 68
61.3280 61.4240 66
61.4560 61.8720 67
61.9040 61.9360 66
62.6720 62.7680 64
62.8000 62.8320 65
62.8960 63.0560 66
63.0880 63.1840 68
63.2160 63.2800 67
63.3120 63.4720 65
63.5040 63.7280 66
63.7600 63.8240 68
63.8560 63.9200 67
63.9520 64.0800 64
64.1120 64.1440 65
64.1760 64.4000 66
64.4320 64.5600 68
64.5920 64.6240 66
64.6560 64.8160 64
65.0720 65.1360 64
65.3280 65.4560 69
65.4880 65.6480 71
65.6800 65.7440 68
65.7760 65.8720 65
65.9040 66.0320 64
66.0640 66.1600 66
66.1920 66.3200 68
66.3520 66.9600 66
67.6640 67.6960 70
67.7280 67.7920 71
67.9520 68.0480 71
68.0800 68.2080 73
68.2400 68.2720 71
68.3040 68.4960 67
68.5280 69.3600 68
69.3920 69.6160 66
69.6480 69.8080 67
70.6720 70.8320 64
71.0560 71.1200 67
71.1520 71.2800 69
71.4080 71.5040 66
71.6960 71.8560 64
71.8880 71.9520 63
71.9840 72.1440 59
72.1760 72.5600 60
72.5920 73.3600 59
73.3920 73.4240 61
73.4560 73.5200 62
73.5520 74.1280 64
74.1600 74.1920 65
74.2240 74.6080 66
74.6400 74.6720 67
74.7040 74.9280 68
75.0560 75.1840 68
75.2160 75.5680 71
76.0480 76.1120 64
76.1440 76.3680 61
76.4000 76.7520 64
76.7840 76.8160 65
76.8480 77.2320 66
77.2640 77.2960 67
77.3280 77.8080 68
77.8400 78.0960 71
78.6720 78.9280 66
78.9600 78.9920 65
79.0240 79.2160 64
79.2480 79.4080 65
79.4400 79.8560 66
79.8880 79.9520 67
79.9840 80.3360 68
80.4000 80.4320 69
80.4640 80.7840 71
81.3280 81.4560 64
81.4880 81.5520 66
81.5840 81.6160 65
81.6480 82.0320 64
82.0640 82.0960 65
82.1280 82.5760 66
82.6080 83.0880 68
83.1200 83.3120 71
83.9520 84.2080 64
84.2400 84.3040 62
84.3360 84.3680 63
84.4000 84.5600 64
84.5920 84.5920 62
84.7520 85.0400 59
85.9040 86.0000 63
86.1920 86.3520 63
86.6080 86.6400 64
86.8320 86.9280 64
86.9600 86.9920 65
87.0240 87.2160 66
87.3760 87.4080 61
87.4400 87.7280 62
87.8560 87.9840 64
88.0160 88.1440 66
88.1760 88.2080 65
88.4000 88.6560 61
88.6880 88.7200 62
88.7520 88.8480 63
88.8800 89.0400 66
89.0720 89.2000 64
89.2320 89.3280 67
89.3600 89.4240 66
89.4560 89.6480 64
89.7760 89.8080 66
89.8400 89.9040 67
89.9360 90.0000 68
90.1600 90.4160 68
90.4480 90.5120 67
90.9280 91.0560 66
91.0880 91.1520 68
91.2800 91.4400 68
91.6000 91.6640 66
91.6960 91.7280 67
91.7600 91.9520 68
91.9840 92.3680 64
92.5600 92.6880 64
92.7200 92.8160 66
92.8480 92.9440 67
92.9760 93.1040 66
93.1360 93.2000 65
93.2320 93.8400 64
94.6400 94.6720 63
94.7680 94.8960 62
94.9280 95.0880 64
95.1200 95.1520 63
95.4080 95.6000 59
95.6320 95.7600 60
95.8880 96.0480 63
96.4320 96.5920 63
96.7840 96.8800 64
96.9120 97.1040 61
97.1360 97.2640 62
97.4560 97.4880 64
97.5200 97.5520 65
97.5840 97.7120 66
97.9360 98.2560 61
98.4480 98.5440 64
98.5760 98.7040 66
98.9600 99.1200 61
99.1520 99.2800 62
99.4720 99.6320 66
99.7600 99.9200 64
99.9520 100.3360 66
100.3680 100.4640 68
100.5920 101.2000 68
101.4240 101.5200 66
101.5520 101.9680 68
102.0000 102.1920 66
102.2240 102.3520 68
102.5760 102.8960 64
103.0240 103.1520 64
103.1840 103.6640 66
103.6960 104.3680 64
105.0080 105.3280 60
105.3600 105.4880 61
105.7120 105.7760 61
105.8080 106.2240 64
106.2560 106.2880 62
106.3200 106.4160 61
106.4480 106.6720 60
106.7040 106.9920 61
107.0240 107.0880 62
107.1200 107.1520 63
107.1840 107.4400 64
107.4720 107.5360 63
107.5680 107.7920 61
107.8880 107.8880 62
107.9200 107.9840 65
108.0160 108.0800 68
108.1120 108.2080 71
108.3680 108.4320 66
108.4640 108.5280 68
108.5600 108.5920 67
108.6240 108.8480 66
108.8800 108.9120 62
108.9440 109.1040 61
109.1360 109.2000 60
109.3280 109.4560 62
109.6800 109.7120 64
109.7440 110.1600 66
110.3520 110.6720 62
110.7040 110.7680 64
110.9600 111.0880 67
111.1200 111.4720 68
111.7920 111.8880 62
111.9200 111.9840 63
112.0160 112.1120 64
112.2400 112.3680 66
112.4000 112.7840 68
113.1360 113.2640 67
113.2960 113.4560 68
113.4880 114.0960 69
114.1280 114.4480 71
114.6400 114.7680 71
114.8000 115.5680 72
115.6000 115.7280 69
115.7600 115.8880 71
115.9200 117.4240 69
117.5840 117.7120 70
117.7440 118.1280 71
118.1600 118.1920 70
118.2240 118.4480 69
118.4800 118.5760 66
118.6080 118.8640 67
118.8960 119.1200 66
119.2480 119.4720 67
119.5040 119.6960 64
119.7280 120.0160 66
120.0480 120.4320 67
120.5920 120.7200 65
120.8800 121.0080 69
121.0400 121.1680 71
121.2000 121.3600 67
121.3920 122.2880 66
123.1200 123.1520 68
123.1840 123.5360 71
123.5680 123.6640 73
123.8560 123.9840 66
124.0160 124.8160 68
124.8480 125.0400 67
125.1680 125.1680 67
125.2640 125.2960 67
125.8080 126.1280 71
126.1600 126.3520 73
126.3840 126.3840 71
126.4160 126.6400 67
126.6720 127.4080 68
127.4400 127.4720 65
127.5680 127.5680 64
127.6960 128.3040 64
128.8160 128.8800 64
128.9120 128.9440 65
129.0080 129.1360 66
129.1680 129.3600 67
129.3920 129.5520 65
129.5840 129.8400 66
129.8720 129.9680 68
130.0000 130.0640 65
130.0960 130.2240 64
130.2560 130.4800 66
130.5120 130.6720 68
130.7040 130.8960 64
131.0880 131.2800 65
131.4080 131.5360 69
131.5680 131.6960 71
131.7280 131.7280 69
131.7600 131.8880 66
132.0800 132.1760 66
132.2080 132.3360 68
132.3680 132.8480 66
132.8800 133.0400 67
133.7440 133.8720 71
134.0000 134.1280 71
134.1600 134.2240 73
134.2560 134.3200 72
134.3520 134.3520 70
134.3840 134.5440 67
134.5760 135.3760 68
135.4080 135.6000 66
135.6320 135.9200 67
136.7840 137.0720 66
137.1040 137.2000 68
137.2320 137.2960 67
137.3280 138.1280 64
138.1600 138.2240 66
138.3520 138.3840 66
138.4160 138.4480 67
138.4800 138.5760 68
138.6080 138.6720 64
138.7040 138.8640 63
139.0240 139.1520 63
139.1840 139.2800 64
139.3120 139.4720 65
139.5040 139.7600 67
139.7920 139.9200 69
139.9520 140.1120 65
140.1440 140.4320 67
140.4640 140.5600 69
140.5920 140.5920 67
140.6240 140.7520 65
140.7840 141.0720 67
141.1040 141.2960 69
141.6160 141.7760 66
141.9680 141.9680 68
142.0000 142.0640 70
142.0960 142.2560 72
142.2880 142.7360 67
142.7680 142.8960 69
142.9280 143.6640 67
144.4640 144.5600 72
144.5920 144.7200 74
144.9120 145.0720 67
145.1040 145.9040 69
145.9360 146.3520 67
146.3840 146.4800 68
146.8960 146.9920 71
147.1200 147.2160 72
147.2480 147.4080 74
147.4400 147.4400 72
147.5680 147.6960 67
147.7280 148.4640 69
148.4960 149.2640 65
149.8720 150.0000 65
150.0320 150.2560 67
150.2880 150.4160 69
150.4480 150.6400 65
150.6720 150.8960 67
150.9280 151.0560 69
151.0880 151.3120 65
151.3440 151.6000 67
151.6320 151.7280 69
151.8560 151.9840 65
152.2400 152.2720 65
152.5280 152.6560 70
152.6880 152.8160 72
152.9760 153.0400 66
153.1680 153.2960 67
153.3280 153.4240 69
153.4560 153.8080 67
153.8400 153.9360 64
153.9680 154.2560 62
154.2880 154.3520 64
154.7680 154.8960 72
155.0240 155.1200 72
155.1520 155.3120 74
155.3440 155.3440 71
155.3760 155.6000 67
155.6320 156.4320 69
156.4640 156.9440 67
157.2960 157.4240 60
157.4560 157.5520 61
157.6800 157.7760 70
157.8080 158.3200 72
158.3520 160.4000 73
160.4320 160.5600 70
160.5920 160.7200 72
160.7520 162.3520 70
163.0880 163.1840 70
163.2160 163.2480 71
163.2800 163.7920 72
163.8240 163.8880 69
163.9200 163.9840 67
164.0160 164.4000 68
164.4320 165.9680 69
168.3360 168.5600 65
168.6880 168.8160 65
168.9760 169.0400 65
