6.9280 7.0560 58
8.0160 8.3680 56
8.4000 8.5600 58
8.5920 8.6240 56
8.6560 8.9120 54
9.8720 9.9680 56
10.1280 10.2240 62
10.2560 10.2560 60
10.2880 10.2880 56
10.6400 11.0560 55
11.3120 11.4080 57
11.4400 11.4720 56
11.5040 11.7920 55
11.9520 12.2400 56
12.5920 12.7840 59
12.8160 12.8480 56
12.8800 13.5200 55
13.5520 13.7760 54
13.8080 13.9040 55
13.9360 14.1600 54
14.2880 14.7040 54
14.9280 15.3440 54
15.6640 15.9520 54
30.6720 30.8320 59
30.9600 31.6960 59
32.0480 32.7520 59
32.7840 33.1040 61
34.1280 35.0240 59
35.3760 35.6320 59
37.1040 37.1040 56
37.6480 38.2560 59
38.4800 38.5440 59
38.7360 38.8960 59
39.1840 39.2160 58
39.2480 39.4720 59
39.5040 39.6960 61
41.2000 41.5520 59
41.5840 41.6160 58
41.6480 41.7760 57
41.8080 42.0000 56
42.0320 42.4160 54
44.6880 45.0080 59
46.0000 46.0960 59
46.1280 46.5120 61
47.6640 47.7280 71
47.8880 47.9520 68
48.1120 48.1440 59
48.2400 48.2400 59
48.3040 48.3360 60
48.3680 48.4960 65
48.5280 48.6240 64
48.6560 48.9760 63
49.1040 49.2960 59
49.5520 49.8080 54
50.1920 50.4480 56
51.2160 51.6320 59
51.8560 51.8880 59
52.0480 52.2080 59
52.5280 52.7840 59
52.8160 53.0080 61
54.5120 54.8960 59
54.9280 55.0880 57
56.3680 56.5600 69
56.5920 56.6880 68
56.7200 56.7840 67
56.8160 56.9120 66
56.9440 57.0080 65
57.0400 57.4240 64
57.4560 57.7440 66
57.7760 57.8080 64
57.8720 57.9040 64
58.0000 58.0320 64
58.0640 58.2240 66
58.3520 58.4800 62
58.6720 59.2480 66
59.7280 60.1760 68
60.2080 60.3040 66
60.3360 60.7520 64
60.7840 60.9760 66
61.1040 61.3600 64
61.3920 61.6160 66
61.7760 62.0000 64
62.0320 62.0640 66
62.0960 62.4160 68
62.4480 62.6720 66
63.0560 63.2160 69
63.2480 63.3440 68
63.3760 63.6320 66
63.6640 63.7600 64
63.8880 64.0800 71
64.1120 64.3360 68
64.5600 64.7520 71
64.7840 65.0080 68
65.2000 65.4240 71
65.4560 65.5840 68
65.6160 65.6480 67
65.6800 66.0320 66
67.4080 68.3360 66
68.4640 68.9760 66
69.1040 69.5520 66
69.7440 69.7760 66
69.8080 70.0960 68
70.7360 71.8880 66
71.9200 72.0480 64
72.2400 72.4640 71
72.4960 72.6560 69
72.8480 73.0400 71
73.0720 73.2640 68
73.4560 73.6480 66
73.6800 73.9360 63
74.0960 74.1600 66
74.2880 74.3840 66
74.7040 74.9600 66
75.1200 75.5040 66
75.7280 75.8240 66
76.0160 76.1120 66
76.1440 76.3360 68
76.8480 76.8480 66
76.9440 77.2320 64
77.4240 77.4880 67
78.2560 78.3200 66
78.4480 78.5120 63
78.5440 78.7680 64
78.8640 78.8640 66
78.8960 79.0880 71
79.1200 79.3120 69
79.5040 79.7280 71
79.7600 79.9520 68
80.1760 80.3040 66
80.3360 80.6240 64
80.6560 80.6560 67
80.6880 80.6880 69
80.7200 81.8720 71
82.0960 82.2880 71
82.3200 83.2480 69
83.2800 83.4720 68
84.0800 84.1760 68
84.3360 84.5600 68
84.7200 85.4240 68
85.4560 85.4880 67
85.5200 85.7440 66
85.7760 86.0000 68
86.1920 86.2560 66
86.2880 86.3200 67
86.3520 86.5760 68
86.7360 86.7680 63
86.8000 86.9600 64
87.4080 88.3040 71
88.4960 88.8800 71
89.0720 89.5520 69
89.6800 89.9360 69
89.9680 90.2560 68
92.0160 92.0480 64
92.0800 92.2400 67
92.2720 92.4320 66
92.4640 92.6560 68
92.8800 92.9120 66
92.9440 92.9760 67
93.0080 93.2320 68
93.2640 93.3600 67
93.3920 93.8720 64
94.2240 94.3520 64
99.8880 100.0800 57
100.1120 100.2400 56
100.2720 100.4000 55
100.4320 100.5600 54
100.8160 101.1680 56
101.2000 101.3280 55
101.7440 101.8720 54
103.3760 103.5040 62
103.5360 103.6960 70
103.7280 103.7920 68
103.8240 104.0480 62
104.0800 104.2080 65
104.2400 104.5600 67
104.9120 105.2320 63
105.5520 105.6160 75
105.8720 105.9360 70
106.1920 106.1920 68
106.2240 106.3840 71
106.4160 106.7040 68
108.3680 108.4960 62
110.7360 110.8320 71
110.8640 111.0560 67
111.0880 111.3440 65
111.3760 111.4080 63
111.8560 111.9840 60
112.6240 112.7520 67
112.9760 113.0400 65
113.0720 113.0720 63
113.4560 113.9360 59
114.0640 114.1600 65
114.4800 114.4800 59
114.7040 114.8960 59
115.2480 115.4400 59
115.4720 115.6960 61
116.6240 118.2240 59
118.4800 118.5760 55
118.6080 118.8320 54
119.7920 119.8560 59
120.2720 120.3680 54
120.4000 120.4640 58
120.8800 121.0720 58
121.2640 121.5200 59
121.7760 121.8720 59
122.0000 122.0960 59
122.1280 122.2880 61
123.8240 124.2080 59
124.2400 124.4000 57
124.4320 124.5600 56
124.7200 124.8480 54
125.9040 126.0320 56
126.4800 126.5440 63
128.0160 128.2720 66
128.3040 128.4640 67
129.0720 129.1360 69
129.2640 129.3600 68
129.3920 129.4880 67
129.5200 129.6480 66
129.6800 130.0640 64
130.0960 130.2880 66
130.4800 130.6720 64
130.7040 130.9920 66
131.0240 131.3120 65
131.3440 131.4720 66
131.5040 131.7280 68
131.7600 131.9520 66
132.4000 132.5600 69
132.5920 132.6560 68
132.8160 133.0400 65
133.0720 133.1040 64
133.1360 133.2000 63
133.2320 133.4240 61
136.7520 137.2320 66
137.3920 137.6480 66
137.8720 138.2240 66
138.2560 138.4480 65
138.5440 138.5760 64
138.6080 138.7680 63
138.8000 138.8000 61
138.8320 138.8320 58
138.8640 139.0560 55
139.0880 139.2800 59
139.3120 139.3120 57
140.0480 140.5280 66
140.7200 141.2640 66
141.2960 141.3920 64
141.5840 141.8080 71
141.8400 141.9360 69
142.3200 142.4160 70
142.4480 142.5760 68
142.6080 142.7360 70
142.7680 142.9280 66
142.9600 143.2800 64
143.4080 143.5040 66
143.6320 143.7280 66
143.8560 143.9200 66
144.0480 144.2720 66
144.5280 144.8800 66
145.3280 145.4240 66
145.4560 145.6480 68
146.1920 146.2880 65
146.3200 146.4160 60
146.4480 146.6080 61
146.7680 147.0560 60
147.2480 147.2800 63
147.5040 147.6000 61
147.8880 148.2080 56
149.1040 149.2000 68
149.4880 149.5520 71
149.7760 149.7760 69
151.6640 151.7600 59
151.7920 151.8880 57
152.0160 152.0800 56
152.1120 152.6240 55
152.8160 153.1040 54
153.1360 153.1680 56
153.2000 153.2640 57
153.2960 153.3600 60
153.3920 153.5200 64
154.5120 154.7040 63
154.7360 154.8640 60
154.8960 155.2480 62
155.5360 155.6320 63
155.6640 155.9520 61
155.9840 156.0800 60
156.1120 156.2400 57
156.2720 156.4640 54
157.2640 157.4240 54
157.4560 157.8400 56
158.1920 158.3520 58
158.8320 158.8960 63
159.2480 159.4080 61
160.6560 160.7200 57
161.2960 161.3600 71
163.2160 163.4720 64
163.5040 163.7600 67
163.7920 163.7920 64
163.8880 163.9200 64
164.0800 164.2720 66
164.9120 165.2640 66
165.8720 166.1600 68
166.1920 166.3200 66
166.3520 166.7680 64
166.8000 166.8320 65
166.8640 166.9920 67
167.1520 167.3760 64
167.4080 167.5040 66
167.5360 167.6640 68
167.8560 168.0480 64
168.0800 168.1760 66
168.2080 168.7200 68
168.7520 168.9440 66
169.1680 169.1680 66
169.2000 169.4240 68
169.7120 169.8720 64
169.9040 170.7680 61
173.3920 174.3520 66
174.5120 175.5680 66
175.7280 176.0480 68
176.0800 176.2400 65
176.4640 176.5920 69
176.6560 177.7760 71
178.0000 178.2560 71
178.2880 179.2800 69
179.3120 179.7920 68
180.0800 180.2080 68
180.3360 180.5600 68
180.7200 181.4880 68
181.5200 181.5520 67
181.5840 181.7760 66
181.8080 182.0000 68
182.1920 182.3520 66
182.3840 182.6400 68
182.8320 182.9600 64
183.4400 184.3040 71
184.4640 184.8800 71
185.0720 185.9040 69
185.9360 186.5120 68
186.6080 186.8640 68
188.0480 188.1440 68
188.1760 188.4320 66
188.4640 188.6880 68
188.8480 189.0080 66
189.0400 189.2640 68
189.6160 189.8720 64
189.9040 190.0320 63
190.0640 190.1280 65
190.1600 190.3200 67
190.3520 190.5120 66
190.5440 190.8320 65
194.8960 194.9600 61
201.2640 201.3920 75
201.4240 201.4880 77
205.8400 205.9360 60
206.4160 206.6400 60
213.3920 213.4560 65
213.4880 213.6480 66
213.6800 213.7120 65
213.9360 214.0000 68
214.1280 214.1920 73
214.2240 214.2880 72
214.3200 214.4160 69
214.4480 214.5760 65
214.6080 214.7040 62
214.9280 215.0880 72
215.1200 215.4400 73
215.4720 215.5040 72
215.5360 215.6640 71
216.6560 216.7840 70
216.8160 216.8160 67
217.2000 217.3920 68
218.0000 218.1280 72
218.1600 218.3840 69
218.4160 218.4800 68
218.5120 218.7360 67
218.8640 219.3120 68
219.3440 219.4080 63
219.9840 220.2720 65
220.3040 220.3360 67
220.3680 220.5600 68
220.6880 220.9120 68
220.9440 221.1040 69
221.1360 221.3600 71
221.5840 221.8080 72
222.0640 222.2880 73
222.6080 222.7680 64
222.8960 223.5360 69
223.5680 223.5680 62
223.7600 223.9520 62
223.9840 224.1760 58
224.4000 224.4320 63
224.4640 224.8480 67
225.1040 225.2640 72
225.2960 225.5200 74
225.5520 225.6480 69
225.6800 225.7760 64
225.9040 226.0000 62
237.0080 237.1040 70
237.1360 237.2000 67
240.4640 240.5920 58
240.6240 240.7200 60
240.8480 240.9440 54
244.1120 244.1760 78
245.6160 245.7120 62
245.7440 245.7760 60
246.5120 246.5760 60
247.4400 247.5040 66
249.3600 249.5840 74
249.6160 249.7440 72
249.7760 250.0320 74
250.6400 250.7680 74
250.8000 250.9280 72
255.3760 255.4400 72
255.6320 255.7920 60
256.2400 256.3360 67
256.4960 256.6240 74
257.2320 257.4240 63
257.4560 257.7120 58
258.4480 258.5120 58
258.6400 258.7040 59
259.1840 259.2160 67
259.2480 259.3760 70
259.8240 259.8880 72
260.3680 260.4000 70
260.4320 260.4960 72
260.5280 260.6240 69
260.6560 260.7840 67
260.8160 260.8480 65
260.8800 260.9440 63
260.9760 261.1360 61
261.2640 261.3280 65
261.3600 261.3600 62
261.4880 261.5520 62
261.5840 261.6160 65
262.1600 262.1600 71
262.4800 262.5440 71
263.5680 263.6960 63
264.2720 264.2720 61
264.5920 264.7200 63
265.9360 266.0000 62
266.3520 266.5120 63
266.6400 266.6400 61
266.9920 267.1840 67
267.2480 267.3120 66
267.3760 267.3760 65
267.6960 267.7920 65
268.0800 268.2080 65
268.3040 268.6240 65
268.7840 268.8800 64
269.3280 269.4880 65
269.5520 269.5840 63
270.3200 270.5120 73
