1.4240 1.4880 71
1.9680 2.2880 70
2.3200 2.7360 71
2.7680 2.8640 70
2.8960 3.3120 71
3.4400 3.5040 71
12.8160 12.8800 53
12.9120 13.1360 54
13.1680 13.2640 57
13.2960 13.3920 58
13.4240 13.9360 59
13.9680 15.0240 58
15.0560 15.1840 59
15.2160 15.5040 58
15.5360 15.6640 57
15.6960 15.9840 54
16.0160 16.0800 55
16.1120 16.2720 56
16.3040 16.4960 55
16.6880 16.6880 55
16.9760 17.0080 55
17.3920 17.5520 70
17.5840 17.7120 69
17.7440 18.6400 68
18.9280 19.0240 65
20.2400 20.3040 53
20.4960 20.9760 56
21.0080 21.1360 58
21.1680 21.6160 60
21.6480 21.7440 59
21.7760 21.8400 58
21.8720 22.2240 54
22.2560 22.4800 53
22.5120 22.5440 52
23.1200 23.3440 71
23.3760 23.9200 70
23.9520 24.2080 69
24.2400 24.4320 70
24.6240 24.7200 59
24.7520 24.7840 60
24.8160 25.0080 61
25.0400 26.2560 62
26.2880 26.7680 59
26.8000 27.0560 58
27.2160 27.2800 56
27.3120 27.3760 55
27.4080 27.7280 54
27.7600 27.8560 57
27.8880 28.1440 58
28.1760 28.4320 57
28.4960 28.8160 57
28.9760 29.0720 56
29.2000 29.3920 56
29.4240 29.6800 57
30.2240 30.3840 53
30.4160 30.6080 54
30.6400 31.0560 57
31.3120 31.6960 57
31.7280 31.7920 56
31.8240 32.1120 55
32.1440 32.3360 54
32.3680 32.6240 53
32.6560 32.7840 54
32.8160 33.0720 55
33.2320 33.8080 51
33.8400 33.9680 50
36.1120 36.5280 54
36.5600 38.9600 58
38.9920 39.3120 54
39.3440 39.6000 56
39.7280 39.9520 55
40.6880 40.7520 57
41.0080 41.8720 68
42.0000 42.0960 65
43.4400 43.6000 52
43.8240 44.1120 56
44.2400 44.4320 59
44.4640 44.7840 61
44.8160 44.9440 60
44.9760 45.1040 59
45.1360 45.1360 57
45.1680 45.4880 54
45.5200 45.6480 53
46.4480 46.7680 71
46.8000 47.6640 70
47.6960 47.7600 69
47.9520 48.1120 58
48.1440 48.3680 61
48.4000 49.3920 62
49.5840 49.7120 58
49.7440 50.0640 59
50.0960 50.1280 58
50.1600 50.3520 57
50.5120 50.5440 55
50.5760 50.5760 53
50.6400 50.8320 54
50.9600 51.5360 58
51.5680 51.9840 56
52.4000 52.9120 57
53.4560 53.8080 54
53.8400 54.0960 58
54.1920 55.3120 57
55.5360 55.7600 50
56.1120 56.4320 51
56.5600 57.0720 47
57.4240 57.4880 47
57.7120 57.7120 47
71.0880 71.4720 54
71.5040 71.5360 56
71.5680 73.3280 58
73.3600 73.4560 59
73.4880 73.8080 58
73.8400 74.0320 57
74.0640 74.1280 56
74.1600 74.4480 54
74.4800 74.9600 56
75.0880 75.1840 56
75.2160 75.4400 55
75.5040 75.5040 54
76.1120 76.9440 68
78.0960 78.0960 65
78.1600 78.1920 65
78.8320 79.3120 56
79.3440 79.4080 58
79.4400 79.9520 60
79.9840 80.2080 59
80.2400 80.5920 54
80.6240 80.8480 53
80.8800 80.9120 52
81.6800 81.8720 71
81.9040 82.4480 70
82.4800 82.5760 69
82.6080 82.9280 70
83.0880 83.1200 60
83.1520 83.3440 61
83.3760 84.3360 62
84.3680 84.4960 61
84.5280 85.1360 59
85.1680 85.3280 58
85.4880 85.6160 56
85.6480 85.6800 55
85.7120 86.0320 54
86.0640 86.7680 57
86.8320 86.9920 56
87.1200 87.2480 56
87.3440 87.3760 56
87.4400 87.5680 56
87.8560 87.9840 57
88.6240 88.8160 53
88.8480 89.0400 54
89.0720 89.2000 58
89.2320 90.1280 57
90.1600 90.2880 56
90.3200 90.3840 55
90.4160 90.4480 54
90.6080 91.2800 54
91.3120 91.3440 55
91.3760 91.6000 56
91.6320 91.6640 53
91.6960 91.7920 52
91.8240 92.3040 51
92.3360 92.4640 50
92.7840 92.8480 50
94.7360 95.0240 54
95.0560 95.8880 59
95.9200 96.1440 58
96.1760 96.8160 59
96.8480 97.5520 58
97.5840 97.6480 57
97.6800 97.9360 54
97.9680 98.3520 56
98.4800 98.5440 56
98.5760 98.5760 54
98.6720 98.6720 54
99.5680 99.8560 69
99.8880 100.6240 68
100.6560 100.6560 64
102.1280 102.2880 52
102.5120 102.7680 56
102.9600 103.1520 59
103.1840 103.6000 61
103.6320 103.6640 60
103.6960 103.8560 59
103.8880 104.0160 55
104.0480 104.2080 54
104.2400 104.5920 53
105.1360 105.5520 71
105.5840 106.4800 70
106.5120 106.5120 66
106.6080 106.9280 58
106.9600 107.1200 61
107.1520 107.3760 63
107.4080 108.1760 62
108.2080 108.2720 61
108.3040 108.8480 59
108.8800 109.0720 58
109.2320 109.3920 55
109.4240 109.4880 53
109.5200 109.7440 54
109.7760 110.3840 58
110.4160 110.4480 57
110.4800 110.5120 56
110.6080 111.1200 56
111.1520 111.8880 57
112.4000 112.4640 52
112.4960 112.5280 53
112.5600 112.7520 54
112.7840 112.8480 58
112.8800 113.2320 57
113.2640 113.3600 58
113.3920 113.8720 57
113.9040 114.0000 56
114.0320 114.0640 55
114.0960 114.6400 54
114.6720 114.6720 57
114.7040 115.5040 62
115.5360 115.7600 61
115.7920 116.8800 59
116.9120 118.0960 65
118.1280 118.6080 66
118.6400 118.7680 65
118.8000 119.8560 58
119.8880 120.0480 59
122.6400 122.7040 70
130.8320 130.8960 59
131.0880 132.2080 59
132.3040 134.3840 64
