9.0080 9.0400 70
9.0720 9.1360 71
9.1680 10.6080 72
10.8960 11.8560 67
11.8880 12.0160 62
12.1760 12.3360 62
12.3680 13.5520 65
13.5840 13.8400 62
13.9680 14.0640 71
14.1920 15.6000 74
15.6320 17.0720 72
17.1040 17.2320 70
17.2640 17.4880 69
17.5200 17.5200 67
17.6160 17.9040 67
17.9360 18.0640 66
18.0960 19.0240 65
19.0560 19.1520 66
19.1840 23.4400 67
24.2400 24.4640 60
24.4960 24.5280 61
24.5600 25.5200 62
25.5520 25.6800 61
25.7120 25.8400 62
25.8720 25.9360 61
25.9680 26.1280 60
26.1600 26.1920 59
26.2240 27.0560 58
27.0880 27.1840 59
27.2160 27.4400 60
27.4720 27.8560 59
27.8880 27.9840 58
28.0160 28.0480 57
28.2400 28.4640 55
28.4960 28.7840 54
29.4560 29.5840 65
29.6160 29.6800 66
29.7120 30.2880 67
30.4800 30.7680 67
30.8000 30.8640 66
30.8960 31.0240 65
31.0560 31.0560 62
31.0880 32.0160 60
32.1440 32.3680 60
32.4000 34.0000 62
34.8320 34.9280 65
34.9600 34.9920 66
35.0240 36.0480 67
36.0800 36.3040 68
36.3360 36.4960 69
36.5280 36.7200 67
36.7520 36.8160 63
36.8480 37.4240 62
37.5520 37.5840 62
37.6160 37.6800 63
37.7120 38.4160 65
38.4480 38.7360 62
38.8960 38.9600 60
38.9920 39.0240 61
39.0560 39.6000 62
40.1440 40.2400 61
40.2720 41.0080 60
41.1360 41.3600 60
41.5200 41.5840 57
41.6160 41.6480 56
41.6800 41.9680 55
42.1920 42.3200 53
42.3520 42.3840 54
42.4160 42.6400 55
42.8640 43.0560 53
43.0880 43.8240 55
43.8560 43.8880 54
43.9200 44.3040 53
44.3360 44.3680 54
44.4320 44.4640 54
44.4960 45.1360 55
45.2640 46.3200 55
48.1440 48.2400 59
48.2720 48.4320 60
48.4640 48.4960 61
48.5280 49.3920 62
49.5520 49.5840 60
49.6160 49.6480 61
49.6800 49.8400 62
49.8720 50.0960 60
50.1920 50.7040 58
50.8960 50.9920 58
51.0240 51.0560 59
51.0880 51.4400 60
51.4720 51.6320 59
51.6640 51.8240 60
51.8560 51.8880 58
51.9200 52.0800 57
52.1120 52.2400 55
52.2720 52.4320 54
52.4640 52.7200 53
52.7520 52.8800 54
53.4880 53.5200 65
53.5520 53.6480 66
53.6800 54.7360 67
54.8640 54.9280 66
54.9600 55.0880 65
55.1200 55.1200 63
55.1520 55.1840 61
55.2160 56.3680 60
56.4000 58.0000 62
58.8000 58.9280 65
58.9600 60.2720 67
60.3040 60.4320 69
60.4640 60.6880 67
60.7200 60.7200 64
60.7520 61.3600 62
61.5200 61.6160 62
61.6480 62.4160 65
62.4480 62.7360 62
62.8960 63.0880 60
63.1200 63.6640 62
64.1440 65.3920 60
65.5200 65.6160 57
65.6480 66.0000 55
66.1920 66.4160 53
66.4480 66.6400 55
66.8320 67.0560 53
67.0880 67.1200 54
67.1520 68.0160 55
68.0480 69.0720 54
69.2000 69.2640 55
69.2960 69.4240 53
70.0320 70.0960 62
77.0080 77.1360 65
77.1680 77.2000 66
77.2320 78.2880 67
78.3200 78.6400 69
78.6720 78.8640 67
78.8960 79.3120 65
79.3440 79.3760 66
79.4080 79.6640 67
79.6960 79.8240 65
79.8560 79.9520 64
79.9840 81.2320 62
81.2960 81.4240 62
81.4560 81.5520 63
81.5840 82.4160 65
82.5440 82.7360 62
82.7680 83.0560 60
83.0880 83.2800 62
83.3120 83.5360 65
83.5680 84.2720 60
84.4000 84.4640 60
84.4960 84.5600 57
84.5920 84.6560 60
84.6880 84.7520 57
84.7840 85.0400 60
85.0720 85.3600 59
85.8080 85.9680 58
86.0000 86.1920 59
86.2240 86.5440 60
86.6720 86.9280 62
86.9600 87.1840 67
87.2160 87.3760 66
87.4080 87.6960 62
87.7280 88.0480 60
88.2720 88.4960 62
88.5280 88.9120 58
88.9440 88.9760 57
89.1040 89.2000 55
89.3280 89.3920 55
90.2880 90.4800 55
90.5120 90.9920 58
91.1200 91.3120 59
91.3440 91.4400 58
91.4720 91.6000 57
91.6320 91.6640 56
91.6960 91.8240 55
91.8560 92.4960 53
92.7200 92.7200 55
93.0080 93.1040 66
93.2640 93.5200 68
93.5840 93.5840 69
93.6800 93.7120 69
93.7440 93.8400 67
93.8720 93.9040 68
93.9360 93.9680 69
94.1600 94.1920 68
94.4800 94.6080 68
95.1520 95.3120 67
95.3440 95.5040 68
95.5360 95.6640 67
95.9520 95.9520 67
96.0480 96.6880 67
107.4080 107.6000 58
107.7600 107.8240 58
112.3040 112.5280 60
112.5600 112.5920 61
112.6240 113.3920 62
113.4240 113.5840 60
113.6160 113.8080 62
113.8400 114.0640 60
114.0960 114.7680 58
114.8000 115.0240 60
115.0560 115.2480 59
115.2800 115.4080 60
115.4400 115.6000 58
115.6320 115.6640 57
115.6960 115.8240 56
115.8560 116.2080 55
116.7520 116.9760 65
117.0080 117.4880 67
117.6160 117.9360 67
117.9680 118.1280 65
118.1600 118.1600 63
118.2880 118.8320 60
118.9920 119.2480 60
119.2800 120.3040 62
121.2000 121.2960 65
121.3280 121.3600 66
121.3920 122.4160 67
122.4480 122.6080 69
122.6400 122.8320 67
122.8640 123.3440 62
123.4080 123.6320 62
123.6640 124.1760 65
124.2080 124.4640 62
124.6240 124.7520 60
124.7840 125.2960 62
125.6800 125.8400 58
125.8720 126.6720 60
126.8640 126.9600 56
126.9920 127.1520 55
127.3760 127.5040 53
127.5360 127.6000 54
127.6320 127.7600 55
127.9200 128.1440 53
128.1760 129.3600 54
129.5520 129.5840 53
129.6160 129.7440 55
129.8720 129.9360 55
132.2720 132.5920 60
132.6240 133.2640 62
133.4240 133.5200 60
133.5520 133.6800 62
133.7120 133.9040 60
133.9360 134.3200 58
134.5120 134.6080 58
134.6400 134.9600 60
134.9920 135.3440 59
135.3760 135.4080 58
135.4400 135.5360 57
135.5680 135.6000 56
135.6320 135.7280 55
135.7600 136.1120 54
136.6880 136.8480 65
136.8800 137.7120 67
137.8720 138.0640 65
138.0960 138.1280 62
138.1600 138.6720 60
138.8640 139.1200 60
139.1520 140.0480 62
140.0800 140.3360 61
141.1040 141.2320 65
141.2640 142.3520 67
142.3840 142.4480 69
142.4800 142.6720 67
142.7040 142.7680 64
142.8000 143.2160 62
143.3440 143.4720 62
143.5040 144.1760 65
144.2080 144.4320 62
144.6240 144.8160 60
144.8480 145.1360 62
145.5200 146.5440 60
146.5760 146.7040 57
146.7360 147.0880 55
147.1200 147.4080 54
147.4400 147.6640 55
147.7920 148.0800 53
148.1120 148.6560 55
149.1680 149.4560 74
149.5840 150.3520 74
150.4800 150.5440 74
152.1120 152.3680 65
152.4000 153.3920 67
153.4240 153.6800 69
153.7120 154.0000 67
154.0320 154.5120 65
154.5440 154.8960 67
154.9280 154.9280 63
155.1200 156.3680 62
156.5600 156.7520 63
156.7840 157.6800 65
157.7120 157.8400 62
158.3200 158.4480 61
158.4800 158.7040 65
158.7360 158.7360 62
158.9600 160.6240 60
161.1040 161.2000 58
161.2320 161.3920 60
161.4560 161.4560 60
161.6480 161.6800 60
161.8720 162.0640 62
162.0960 162.6400 67
162.6720 162.8640 62
162.8960 163.1840 60
163.2160 163.4080 62
163.5040 163.8240 62
163.8560 163.8560 60
164.1120 164.1760 58
164.3680 164.5920 55
164.7840 164.7840 55
164.9760 165.1680 55
165.4560 165.6480 55
165.7120 165.8400 58
166.1920 166.4480 59
166.5760 166.7040 59
167.3440 167.7280 53
167.7920 168.1440 55
168.2400 168.2400 55
169.1040 169.2320 54
169.8400 171.1200 67
171.1520 171.3120 69
171.3440 171.4400 68
171.4720 171.7280 67
171.7600 171.8880 66
171.9200 172.1120 65
172.1440 172.1760 66
172.2080 172.5920 67
172.6240 172.7520 65
172.7840 173.0080 62
173.0400 173.1360 61
173.1680 174.0640 62
174.2240 174.3520 63
174.3840 174.6400 65
174.8000 175.3440 65
175.3760 175.4720 63
175.5040 175.6320 62
175.6640 175.8880 60
175.9200 176.2080 62
176.2720 176.2720 65
176.3040 176.3040 62
176.5600 176.5920 59
176.6240 176.9760 60
177.0080 178.0000 59
178.0320 178.2240 60
178.6720 178.8000 58
178.8320 179.2800 60
179.4720 179.4720 59
179.5040 179.6320 62
179.7920 180.2720 67
180.3040 180.4640 62
180.6240 180.8160 60
181.2000 181.3600 62
181.4880 181.5840 58
182.0000 182.0640 55
182.0960 182.1280 54
183.1840 183.2800 55
183.4400 183.5680 58
183.7600 183.7600 58
183.8880 183.9200 59
183.9520 184.3680 60
184.5600 184.6560 55
184.6880 184.7200 53
184.9120 185.2640 53
185.3920 185.4560 55
185.7120 186.0960 67
186.4480 186.8640 67
187.5360 187.6000 65
187.6320 187.6960 66
187.7280 188.7840 67
188.8160 189.0080 69
189.0400 189.1360 68
189.1680 189.3920 67
189.4240 189.7760 65
189.8080 189.8720 66
189.9040 190.2240 67
190.2560 190.2880 65
190.8960 191.5680 62
191.9840 192.1120 63
192.1440 193.1040 65
193.1360 193.2960 62
193.4880 193.6480 65
193.8400 194.0960 65
194.1280 194.1280 62
194.2560 195.8880 60
196.3680 196.6240 58
196.9440 197.1680 60
197.2000 197.4560 62
197.4880 197.9680 67
198.0000 198.1600 62
198.3200 198.7680 60
198.8000 199.0560 62
199.5040 199.5040 57
199.7600 200.1120 55
200.8160 201.0080 55
201.0400 201.5200 58
201.6160 202.1920 59
202.2240 202.2240 56
202.7680 202.9920 53
203.4080 203.4720 55
203.6000 203.6640 55
203.7920 203.8560 55
205.2320 205.3600 65
205.3920 206.4160 67
206.4480 206.8000 68
206.8320 207.0560 67
207.1840 207.3760 65
207.4080 207.9520 67
207.9840 208.1440 65
208.1760 208.2720 63
208.4000 208.4640 62
208.5920 208.7840 62
209.0400 209.0720 61
209.6480 210.0000 65
210.2880 210.6080 65
