20.4000 20.4960 52
20.5280 20.6560 53
20.6880 20.8800 54
21.0080 21.1360 54
21.3600 21.4560 57
21.4880 21.5200 58
21.5520 21.7120 59
21.7440 21.8400 58
21.8720 22.1920 57
22.8640 23.0560 57
23.0880 23.1200 58
23.1520 23.2800 59
23.3120 23.3440 58
23.3760 23.6640 57
23.6960 23.7280 58
23.7600 23.8880 59
23.9200 24.0160 61
24.0480 24.1440 60
24.1760 24.2400 59
24.3360 24.5280 59
24.7520 25.2320 55
25.3920 25.8080 54
25.9360 26.0640 54
26.2240 26.2880 55
26.3200 26.3840 56
26.4160 26.7040 57
26.8320 27.4080 57
28.0800 28.1440 57
28.1760 28.3360 58
28.5600 28.7840 57
28.8160 29.0080 56
30.2240 30.3200 56
30.4800 30.6400 59
30.7680 30.9280 57
30.9600 31.0240 58
31.0560 31.0560 60
31.0880 31.1200 62
31.1520 31.1840 63
31.2160 31.4720 64
31.5040 31.5360 63
31.7280 31.7600 59
31.7920 31.8560 60
31.8880 32.4320 61
32.6240 32.9120 60
32.9440 33.1040 59
33.1360 33.1680 58
33.2000 33.3600 57
33.5520 33.6800 59
33.7120 33.7760 61
33.8080 33.8400 60
34.2880 34.4480 54
35.7600 35.9840 54
36.0160 36.0800 55
36.1120 36.1440 56
36.3040 36.7840 57
36.9440 37.0720 57
37.2320 37.4560 57
38.1600 38.2240 59
38.2560 38.4160 60
38.4480 38.9280 59
38.9600 39.0240 58
39.9840 40.1760 53
40.2080 40.4960 54
40.5280 40.6880 53
40.9120 41.2960 57
41.4880 41.8400 57
42.4480 42.6400 57
42.6720 42.9920 59
43.0240 43.3440 57
43.7280 43.8880 60
43.9200 44.3040 59
45.1680 45.5840 54
45.7440 45.9360 56
46.0960 46.2240 57
46.3840 46.9920 57
47.6640 47.8240 59
48.0160 48.2720 57
48.3040 48.5280 59
48.5600 49.1040 57
49.8080 49.8720 56
50.0960 50.2880 59
50.3200 50.5120 57
50.6720 50.7360 62
50.7680 51.2160 64
51.2480 52.0800 61
52.2720 52.4000 61
52.5600 52.6880 59
52.7200 52.9120 57
52.9440 53.4240 56
53.7760 53.8080 59
53.8400 54.0000 60
54.0320 54.3200 59
55.2800 55.4720 57
55.6640 55.6960 56
55.7280 56.3360 57
56.5280 56.5920 57
56.6240 56.6880 56
56.8480 57.1680 57
57.3920 57.4560 56
57.7120 57.8080 59
57.8400 57.9680 61
58.0000 58.1920 59
58.3520 58.7360 59
59.9200 60.3360 58
60.5600 61.5520 57
63.1520 63.2800 67
64.7840 65.0080 59
65.0400 65.2320 57
65.3920 65.5840 57
65.6160 66.1600 59
66.1920 66.4800 61
66.9600 67.1840 57
67.2160 67.6000 59
67.6320 67.8880 60
68.1440 68.3360 57
68.4640 68.8480 59
68.8800 69.0400 60
69.3920 69.5840 52
69.6160 69.8720 54
69.9040 70.1280 53
70.3200 70.5760 57
70.6080 70.7680 59
70.8960 70.9920 59
71.0240 71.3760 61
71.8240 72.1440 57
72.1760 72.2720 59
72.4320 72.5920 57
72.6240 72.6880 60
72.7200 72.9120 64
73.0720 73.2640 61
73.2960 73.5200 64
73.5520 73.8080 60
73.9680 74.1600 58
74.5760 74.9920 57
75.1840 75.4720 57
75.5040 75.9520 59
75.9840 76.2080 61
76.7200 76.8800 57
77.0080 77.4560 59
77.4880 77.6160 61
77.9360 78.0640 56
78.2240 78.3840 59
78.5440 78.6400 59
78.6720 78.8000 61
78.8320 79.1840 59
80.0800 80.2080 62
80.2400 80.8160 64
81.0080 81.2000 64
81.2320 81.3600 63
81.6160 81.9040 61
81.9360 82.0320 62
82.2240 82.4480 62
82.4800 83.0560 64
83.6960 83.6960 65
83.7280 83.7920 67
83.8240 83.9200 68
84.0480 84.0800 67
84.1120 84.2720 68
84.3040 84.5600 64
84.6880 85.1680 59
85.2960 85.5520 61
85.9040 85.9680 59
86.0000 86.0640 61
86.2240 86.4800 59
86.5120 86.7360 61
87.0560 87.1520 59
87.1840 87.2480 60
87.4080 87.6640 59
87.6960 87.8880 61
88.0160 88.1120 62
88.1440 88.2080 64
88.3360 88.5920 61
88.6240 88.7840 64
88.9440 89.0080 67
89.0400 89.4240 68
89.4560 89.5520 65
89.5840 89.7760 64
89.9040 90.1600 59
90.1920 90.2240 61
90.2560 90.4480 62
90.4800 90.7040 66
91.0880 91.1520 60
91.3760 91.5680 61
91.9520 92.2720 61
92.3040 92.6240 59
92.8160 93.2000 61
93.2320 93.4560 63
93.5840 93.8400 61
94.0960 94.4160 61
94.4480 94.7680 62
94.8000 94.8640 63
95.1200 96.1760 64
96.2080 96.2720 63
96.5920 96.6560 59
96.6880 96.9120 61
96.9440 97.2320 62
97.2640 97.3280 63
97.3600 97.4880 64
97.5200 97.5840 63
97.6160 97.6160 61
97.8400 98.0000 55
98.0320 98.2880 56
98.4480 98.4800 56
98.5120 98.8320 57
99.2800 99.3120 59
99.3440 99.3760 60
99.4080 99.4720 61
99.6320 99.7600 61
99.7920 99.9840 62
100.0160 100.2400 61
100.2720 100.4640 62
100.4960 100.7200 61
100.7520 101.0080 62
101.2000 101.3600 62
101.4880 101.6480 62
101.8080 101.9680 69
102.0960 102.6720 67
102.7040 102.9600 64
103.3120 103.5360 68
103.6640 103.8880 68
103.9200 104.1760 64
104.2080 104.7840 59
104.9120 105.1360 60
105.5200 105.6800 61
105.8400 106.0640 59
106.0960 106.3200 61
106.6720 106.8640 59
107.0560 107.3120 59
107.3440 107.5040 61
107.5360 107.6960 62
107.7280 107.8240 64
107.9520 108.1760 61
108.2080 108.3680 64
108.5280 108.5600 67
108.5920 108.8160 69
108.8480 109.0080 68
109.1680 109.3600 64
109.4880 109.5520 60
109.5840 109.7440 59
109.7760 110.0000 61
110.3840 110.4480 60
110.7040 110.9600 59
110.9920 111.0240 60
111.0560 111.2480 61
111.6000 111.6960 60
111.8880 112.2400 59
112.4000 112.6880 61
112.8160 112.9760 62
113.0080 113.1040 64
113.1360 113.6160 61
113.7440 114.0320 61
114.0640 114.3520 62
114.3840 114.4160 63
114.4480 114.5120 64
114.6720 115.7600 64
116.1760 116.2080 60
116.2400 116.4320 61
116.4640 116.7520 62
116.7840 117.0080 64
117.1360 117.2960 57
117.3280 117.5840 56
117.7120 117.7120 53
117.7440 118.0000 56
118.0320 118.5760 57
118.9600 119.3760 61
119.4080 119.6960 62
119.8560 120.0800 61
120.2080 120.5280 57
120.5600 120.6240 56
120.6560 120.7200 53
120.7520 120.7840 52
120.8160 121.0080 51
121.0400 121.2640 53
121.2960 121.9680 52
122.9600 123.0240 59
123.0560 123.2800 61
123.3120 123.4400 59
123.4720 123.5360 58
123.5680 125.0400 57
132.9120 133.1040 52
133.1360 133.2000 53
133.3280 133.5200 54
133.6480 133.7440 53
134.0000 134.7360 57
134.7680 134.8960 56
135.5040 135.6960 57
135.7280 135.7600 58
135.7920 135.9520 59
135.9840 136.0160 58
136.0480 136.3040 57
136.3360 136.3680 58
136.4000 136.4640 59
136.4960 136.5280 60
136.5600 136.6560 61
136.6880 137.2320 59
137.2640 137.2960 58
137.9680 138.0320 52
138.0640 138.1920 53
138.2240 138.4160 54
138.5440 138.6720 53
138.8640 138.8960 55
138.9280 138.9600 56
138.9920 139.7600 57
139.7920 140.0800 58
140.6240 140.8480 59
141.0080 141.2000 57
141.2320 141.2640 58
141.2960 141.5200 59
141.5520 142.0000 57
142.0320 142.1280 56
142.7680 142.8320 56
142.8640 142.9600 57
143.1200 143.3120 59
143.4400 143.5360 57
143.5680 143.6320 58
143.6640 143.6960 61
143.7280 143.7600 62
143.7920 143.8240 63
143.8560 144.1440 64
144.1760 144.1760 62
144.3360 144.3680 60
144.4000 144.4640 61
144.4960 144.7520 62
144.7840 144.8800 61
144.9120 145.0080 60
145.2640 145.3600 60
145.3920 145.4560 61
145.4880 145.7760 58
145.8080 145.9040 57
145.9360 146.0000 58
146.1600 146.1920 59
146.2240 146.2880 60
146.3200 146.6080 61
146.8320 146.8960 72
146.9280 147.0560 73
147.0880 147.1520 72
147.1840 147.4400 71
147.4720 147.5360 70
148.9760 149.4240 57
149.5520 149.7120 57
149.8720 150.1280 57
150.5120 150.6080 55
150.8320 150.8960 59
150.9280 151.1200 60
151.1520 151.8880 59
152.8800 152.9760 57
153.0080 153.0400 58
153.0720 153.3600 59
153.3920 153.5200 60
153.5520 153.7120 58
153.7440 155.3440 57
155.3760 155.4720 56
155.5040 156.9120 57
156.9440 157.7440 64
157.7760 157.8080 63
157.8400 157.8720 59
157.9040 158.0000 58
158.0320 158.1920 57
158.2240 158.2880 56
158.4160 158.7360 57
158.7680 159.1200 59
159.1520 159.1840 60
159.2160 159.5040 61
159.5360 159.6000 60
160.0160 160.0480 56
160.0800 160.2400 57
160.2720 160.5280 59
160.5600 160.6880 60
160.7200 160.9120 61
160.9440 160.9760 60
161.2000 161.2320 56
161.2640 161.4560 57
161.4880 161.8720 59
161.9040 162.0960 61
162.4160 162.6720 53
162.7040 162.8320 54
162.8640 162.8960 53
162.9280 163.1840 52
163.3120 163.5360 57
163.6640 163.8240 59
163.9520 164.0800 59
164.1120 164.3040 61
164.3360 164.4000 60
164.9120 164.9760 56
165.0080 165.0720 57
165.2000 165.3280 59
165.5200 165.7120 58
165.7440 165.7440 61
165.7760 165.9680 64
166.1280 166.2240 61
166.2560 166.3200 62
166.3520 166.6080 64
166.6400 166.6720 62
166.7040 166.8640 60
167.0560 167.1520 59
167.1840 167.2160 58
167.6960 167.7280 56
167.7600 168.1120 57
168.2400 168.5280 57
168.5600 168.9760 59
169.0080 169.1680 61
169.2000 169.2640 60
169.7760 169.9360 57
170.0640 170.4800 59
170.5120 170.7360 61
170.7680 170.8000 59
170.9280 171.1520 57
171.3120 171.4720 59
171.6320 171.7280 59
171.7600 171.9200 61
171.9520 172.3680 59
173.1040 173.1040 59
173.1360 173.2960 62
173.3280 173.8720 64
174.0640 174.1920 64
174.2240 174.4800 63
174.6720 175.0240 61
175.2800 175.3760 65
175.4080 175.5360 66
175.5680 175.8560 64
175.8880 176.1440 63
176.7520 176.9760 68
177.1040 177.3600 67
177.3920 177.6480 64
177.7760 178.3520 59
178.3840 178.6400 61
178.7680 178.9280 58
178.9600 179.5360 59
179.5680 179.7600 61
179.7920 179.8240 60
180.1760 180.3360 60
180.4960 180.7840 59
180.8160 180.9440 61
181.1040 181.2640 64
181.4240 181.6800 61
181.7120 181.8720 64
182.0320 182.5440 68
182.5760 182.8320 64
182.9920 183.2160 59
183.2480 183.4720 61
183.8240 183.9200 60
183.9520 184.0480 61
184.1760 184.2400 60
184.4640 184.6880 61
185.0080 185.1360 59
185.1680 185.3280 61
185.3600 185.4560 60
185.4880 185.8400 59
185.8720 186.2880 61
186.3200 186.3840 62
186.4160 186.5120 63
186.6400 186.8640 61
187.2160 187.2480 60
187.2800 187.4720 61
187.5040 187.8560 62
187.8880 187.9520 64
188.1440 188.5920 64
188.7200 188.8480 64
189.0080 189.0720 64
189.1040 189.2320 65
189.2640 189.3600 64
189.3920 189.5200 63
189.5520 189.7120 59
189.7440 189.9680 61
190.0000 190.3200 62
190.3520 190.4160 63
190.4480 190.5440 64
190.5760 190.6400 63
190.6720 190.7040 61
190.9280 191.3760 56
191.5360 191.9840 57
192.3040 192.5600 61
192.7200 192.7520 61
192.7840 193.0080 62
193.0400 193.3280 61
193.3600 194.0640 62
194.2880 194.7040 62
194.8640 194.8960 68
194.9280 195.0240 69
195.1520 195.2480 67
195.2800 195.4720 68
195.5040 195.5360 67
195.5680 195.6960 66
195.7280 195.7600 65
195.7920 196.0800 64
196.3680 196.5920 68
196.7200 196.9440 68
196.9760 197.0080 66
197.0400 197.2320 64
197.2640 197.2640 62
197.2960 197.9360 59
197.9680 198.1920 61
198.5760 198.7360 61
198.8640 199.1200 59
199.1520 199.4400 61
199.7920 199.9200 60
200.0800 200.3360 59
200.3680 200.5280 61
200.6560 200.6880 62
200.7200 200.8480 64
201.0080 201.2640 61
201.2960 201.4560 64
201.5840 202.0960 69
202.2560 202.4160 64
202.5440 202.8000 59
202.8320 203.0560 61
203.4400 203.5040 59
203.7600 204.0160 59
204.0480 204.2720 61
204.6240 204.7520 60
204.9760 205.3280 59
205.4560 205.7440 61
205.9040 206.2240 63
206.2560 207.0560 61
207.0880 207.4080 62
207.4400 207.5040 63
207.7280 208.8480 64
208.8800 208.9120 63
209.2320 209.3280 59
209.3600 209.5520 61
209.5840 209.8400 62
209.8720 209.9040 63
209.9360 210.0960 64
210.1280 210.1280 62
210.1600 210.4800 57
210.5120 210.7040 56
210.8640 211.0880 56
211.1200 211.5040 57
211.5360 211.6320 56
211.9840 212.0480 62
212.0800 212.4000 61
212.4320 212.7520 62
212.9120 213.1360 61
213.2640 213.3280 58
213.3600 213.6160 57
213.6480 213.7120 56
213.7440 213.8080 53
213.8400 214.0960 52
214.1280 214.3520 53
214.4800 214.5760 53
214.6080 214.9280 52
216.0160 216.0800 59
216.1120 216.3040 61
216.3360 216.4640 59
216.4960 216.7200 58
216.7520 216.7840 57
216.9120 221.1040 69
221.2640 221.3280 72
222.2560 222.3200 61
222.8640 223.0240 61
223.5040 223.5360 60
223.5680 223.7600 59
224.0160 224.2720 57
224.4320 224.5600 57
224.9120 224.9760 62
225.0080 226.3840 64
226.4160 226.8320 68
226.8640 230.0320 69
230.0640 230.0960 68
230.1280 230.1600 67
230.8640 230.9600 61
230.9920 231.0240 60
231.4400 231.7920 61
231.8880 231.8880 62
231.9200 232.0480 65
232.0800 232.5920 66
232.7840 233.0720 73
233.1040 233.1360 72
233.1680 233.2000 71
233.3280 233.6480 71
233.8400 234.0320 72
235.5680 235.6960 67
235.7280 235.8240 69
235.9520 236.1440 68
236.1760 236.2080 66
236.2400 236.4320 64
236.4640 236.4640 62
236.4960 236.5280 60
236.5600 237.0400 59
237.1680 237.3920 61
237.7120 237.8080 59
237.8400 237.9360 61
238.0640 238.3520 59
238.3840 238.5760 61
238.9600 239.1200 61
239.3120 239.5360 59
239.5680 239.7920 61
239.8240 239.9200 62
239.9520 240.0800 64
240.2080 240.4640 61
240.4960 240.6560 64
240.7840 240.8800 67
240.9120 241.1040 69
241.1360 241.2640 68
241.2960 241.3600 67
241.3920 241.4240 65
241.4560 241.5840 64
241.7440 242.0000 59
242.0320 242.3840 61
242.6400 242.7040 59
242.7360 242.8640 61
242.8960 243.0240 59
243.2480 243.4720 61
243.8240 243.8560 60
243.8880 244.1440 61
244.1760 244.2080 60
244.2400 244.4960 59
244.6240 244.9760 61
245.0080 245.1360 62
245.1680 245.2640 63
245.3920 245.5520 61
246.0000 246.2880 61
246.3200 246.6080 62
246.6400 246.7360 63
246.9280 247.3760 64
247.5040 247.7920 64
247.8240 247.9520 65
247.9840 248.1120 64
248.4320 248.4640 60
248.4960 248.7200 61
248.7520 249.0400 62
249.0720 249.1680 63
249.2000 249.3280 64
249.3600 249.4560 63
249.6160 249.6480 57
249.6800 250.0960 56
250.3200 250.3520 58
250.3840 250.4800 59
250.5120 250.5440 58
250.5760 250.8960 57
251.1840 251.3440 61
251.5040 251.6000 61
251.6320 251.8560 62
251.8880 252.1120 61
252.1440 252.8800 62
253.0400 253.2640 62
253.3920 253.5200 62
253.6800 254.0640 69
254.0960 254.3200 71
254.3520 254.5760 66
254.6080 254.8320 64
255.1520 255.3760 68
255.5040 255.6960 68
255.7280 255.9840 64
256.1120 256.6240 59
256.7840 257.0400 62
257.3280 257.4880 61
257.6480 257.9040 59
257.9360 258.1600 62
258.4800 258.6720 60
258.8640 259.0880 59
259.1200 259.3120 62
259.4400 259.6320 63
259.7600 259.9200 62
259.9520 260.2080 64
260.3680 260.4000 67
260.4320 260.7200 69
260.7520 260.8800 68
261.0400 261.2000 63
261.2320 261.2320 61
261.3600 261.6160 59
261.6480 261.8400 62
262.2240 262.2880 59
262.5440 262.8000 59
262.8320 262.9920 61
263.4080 263.4400 59
263.4720 263.5360 60
263.7600 264.0800 59
264.2400 264.5280 61
264.7520 265.0080 70
265.0400 266.0000 69
266.0320 267.6960 64
268.0160 268.3040 61
268.3360 268.6240 62
268.6560 268.9440 64
268.9760 269.0080 68
269.0400 269.2960 69
269.3280 269.4240 68
269.4560 269.4560 65
269.6160 269.7120 57
269.7440 269.8400 59
269.8720 270.2240 57
270.2560 270.4160 56
270.7680 270.9920 61
271.0240 271.5360 62
271.6960 271.9200 61
272.0480 272.3680 57
272.5920 272.5920 61
272.6240 272.6880 64
272.7200 272.7520 65
272.7840 272.8800 66
272.9120 272.9440 65
272.9760 276.1760 64
276.9120 277.0720 61
277.2320 277.5520 61
277.5840 277.7120 59
277.7440 277.8400 58
277.8720 278.5760 57
286.7360 286.8640 61
287.0240 287.0560 60
287.0880 287.3440 61
287.3760 287.5360 59
287.5680 288.3040 57
297.5200 298.0000 61
