18.4480 18.6080 61
18.6400 18.7680 64
18.8000 18.9600 63
18.9920 19.0240 62
19.1520 19.2800 63
19.3120 19.6000 64
19.9200 20.0160 64
20.1440 20.5280 64
20.6880 20.8480 62
20.8800 21.1360 64
21.1680 21.1680 62
21.4240 21.6800 63
21.7120 21.8720 64
21.9040 21.9360 62
22.1600 22.7040 63
22.8640 23.0880 69
23.2160 23.4080 67
23.5680 23.6960 67
23.9520 24.1120 65
24.3040 24.7520 64
24.8800 24.9440 62
25.0720 25.1680 64
25.8400 25.9680 65
26.1600 26.2880 64
27.2800 27.3440 62
27.5360 27.7920 62
28.0160 28.3040 62
28.4640 28.9440 57
30.2560 30.2880 67
30.4800 31.4400 66
31.6320 32.2080 63
32.2720 32.3040 62
32.6240 33.3920 62
33.5520 33.6800 63
36.1760 36.1760 65
36.2400 36.9760 67
37.0080 37.4880 65
37.5200 38.1920 63
38.4480 39.0880 62
39.1200 39.6000 63
42.0960 42.2560 62
42.2880 42.5120 64
42.5440 42.7360 62
42.8320 42.9600 64
43.0880 43.7280 63
43.8560 44.0480 63
44.2400 44.4320 62
44.4640 44.6880 64
44.9440 45.4240 64
45.4560 45.5520 62
45.6800 46.2880 63
46.3200 46.3840 65
46.4160 46.4480 68
46.4800 46.6720 69
46.7040 47.0240 67
47.1520 47.3120 67
47.5360 47.6960 62
47.9520 48.2080 64
48.2400 48.4000 63
49.4240 49.4560 64
49.7440 49.8400 63
50.0320 50.1920 64
50.8320 51.2160 62
51.2480 51.3760 61
51.6000 51.9520 62
51.9840 52.4640 57
52.4960 52.5280 55
53.8080 54.8640 67
54.8960 55.1520 65
55.1840 55.7600 63
56.0800 56.6880 62
56.7520 57.0080 63
57.2320 57.2640 63
58.5760 58.7040 70
58.7360 58.8960 66
59.6000 59.6640 67
59.9520 60.5600 67
60.5920 61.0400 65
61.0720 61.7760 63
62.0320 62.5440 62
62.6080 62.9280 63
63.1520 63.2800 63
65.6800 65.8080 60
65.8400 66.8960 63
67.0880 67.6640 63
67.8560 68.0160 62
68.0480 68.2720 64
68.4000 68.4640 62
68.4960 68.7200 64
68.8800 69.0080 64
69.0400 69.2000 62
69.2320 69.3600 64
69.6160 69.9680 64
70.0000 70.2240 69
70.3840 70.8640 67
71.0880 71.2160 61
71.4720 72.2400 64
72.9120 73.0400 63
73.2640 73.3600 63
73.6160 73.7440 63
74.0000 75.1520 62
75.6000 75.7920 58
77.3920 77.3920 67
77.4880 78.0960 67
78.1280 78.6720 65
78.7040 79.3120 63
79.5360 80.1760 62
80.3360 80.4960 63
80.5600 80.7840 63
81.5840 81.7440 68
82.8640 83.0560 63
83.5680 83.9520 67
84.1440 84.4960 65
84.5920 84.7200 63
84.9440 85.2960 63
85.5200 86.4800 62
86.6080 86.8320 63
88.9120 88.9760 63
89.3920 89.4240 67
89.4880 89.8720 67
89.9040 90.5760 65
90.6400 91.2160 63
91.4080 91.8880 62
92.0480 92.3680 63
94.5760 94.8640 62
95.1840 95.7600 67
95.7920 96.3680 65
96.4000 96.4320 64
96.4640 97.0720 63
97.1040 97.9360 62
97.9680 98.1280 63
98.2880 98.4800 63
100.3360 100.4960 62
107.9520 108.3040 62
108.3360 109.0720 61
109.1040 109.1680 62
109.2960 109.4240 66
109.7440 110.0960 76
110.1280 110.3840 75
110.4160 110.5440 74
112.8160 112.9760 76
113.0080 113.1040 75
113.2640 114.0960 75
118.9600 119.0560 73
119.2160 119.3760 73
120.6560 120.7200 69
120.9440 121.1040 73
121.9040 122.5120 73
122.8000 123.4080 69
123.5360 123.6000 75
123.9200 124.0160 72
124.3360 124.4640 72
124.7840 125.6160 73
125.6800 125.6800 72
125.7760 125.9040 72
