11.3760 11.6320 69
11.9520 12.2080 66
12.2400 12.3680 67
12.4000 12.7520 66
12.7840 12.8480 64
12.8800 13.1040 63
13.1360 13.1680 62
13.3280 13.5520 63
14.0960 14.2880 64
14.3200 14.7040 65
15.2800 16.6560 69
16.6880 16.7200 68
16.7520 16.8160 67
17.2320 19.3440 64
19.5040 19.6960 66
19.7280 19.7920 67
19.9840 20.4960 69
20.5280 20.6560 71
20.7200 20.8800 71
21.0080 21.0720 71
22.0960 22.3840 69
22.8960 23.1520 69
24.9760 25.2000 52
25.2320 25.4240 54
25.4560 25.6160 52
25.8080 26.4800 54
26.5120 26.5440 56
26.5760 26.7040 57
26.7360 26.7680 56
27.0560 27.2160 52
27.2480 27.4080 54
27.4400 27.6000 52
27.7920 28.0800 54
28.2400 28.5280 54
28.5600 28.5920 56
28.6240 28.7200 57
29.0400 29.2320 50
29.2640 29.2960 51
29.3280 29.4560 52
29.4880 30.0320 50
31.0880 31.7600 50
33.1040 33.2320 52
33.3600 33.5200 54
33.5520 33.6480 51
33.6800 33.8080 52
33.8400 33.9040 53
33.9360 34.2240 54
34.3840 34.6400 54
34.6720 34.7040 56
34.7360 34.8960 57
34.9280 35.0240 56
35.0560 35.0880 54
35.1200 35.3440 52
35.3760 35.4080 53
35.4400 35.5680 54
35.7280 35.9200 52
35.9520 36.3040 50
36.3360 36.3680 51
36.4000 36.8480 52
37.1360 37.4240 52
37.4560 37.5520 54
37.7120 38.3520 50
38.4800 38.7040 52
38.7360 38.8960 54
38.9280 39.0560 52
39.2480 39.5040 52
39.5360 39.7600 51
39.7920 40.2400 52
41.2320 41.3920 52
41.5200 41.6160 54
41.7440 41.9040 52
42.0320 42.7680 54
42.8000 42.8960 56
42.9280 43.1520 57
43.1840 43.1840 54
43.3120 43.3440 50
43.3760 43.4080 51
43.4400 43.5040 52
43.5360 43.6320 54
43.7920 43.8240 51
43.8560 44.0160 52
44.0480 44.3360 54
44.5600 44.7200 54
44.7520 44.7840 55
44.8160 44.9760 56
45.2320 45.5520 50
45.5840 45.6800 52
45.7120 45.7440 51
45.7760 45.9680 50
46.1600 46.4480 50
46.6080 46.7680 52
46.8000 46.8320 53
46.8640 46.9920 54
47.1200 47.3440 52
47.3760 48.2400 50
49.2640 49.5840 52
49.6160 49.7440 54
49.7760 49.8080 53
49.8400 50.0320 52
50.1920 50.8960 54
50.9280 51.0880 57
51.4720 51.5360 51
51.6640 51.8240 54
51.8560 52.0800 52
52.2400 52.6240 54
52.6560 52.9120 57
52.9440 52.9760 58
53.0080 53.1680 59
53.4880 53.5200 53
53.5520 53.6800 54
53.7120 53.9680 57
54.0000 54.1600 59
54.2880 54.4800 62
54.5120 55.0880 59
55.2480 55.4720 62
55.5040 56.9760 63
57.3920 57.4240 51
57.4560 57.4560 53
57.4880 57.6160 55
57.6480 57.6800 56
57.7120 57.8400 57
58.0000 58.7360 57
58.7680 58.8960 55
59.0560 59.1520 55
59.3120 59.7600 55
59.7920 59.9840 57
60.0160 60.1440 58
60.3360 60.4000 58
60.4320 60.6240 57
60.6560 60.6880 56
60.8480 61.2000 55
61.5520 61.8720 55
62.0640 62.0960 54
62.1280 62.2240 55
62.3840 62.4480 54
62.4800 62.6080 55
62.6400 62.7040 54
62.8960 62.9600 50
63.4080 63.6640 53
63.6960 64.1120 55
64.1440 64.5920 54
64.6240 64.6880 55
64.8160 64.9120 55
65.4240 65.8400 52
65.8720 66.7360 55
66.7680 66.8000 54
66.9600 67.1840 59
67.2160 68.1120 62
68.1440 68.3680 63
68.4000 68.5920 62
68.6240 68.7200 63
68.7520 69.3280 62
69.6800 69.9040 62
69.9360 70.2880 64
70.3200 70.3840 63
70.5120 70.8640 64
70.9920 71.2160 64
71.2480 71.3760 66
71.4080 71.4400 65
71.4720 72.2720 64
72.3040 73.0720 63
73.1040 73.2640 64
73.5200 73.5840 56
73.7440 74.0320 62
74.0640 75.3120 64
75.3440 75.6640 66
75.8240 76.0160 64
76.0480 76.4320 62
76.4640 76.4640 60
76.5920 76.6880 56
76.7200 77.0720 57
77.1040 77.9680 59
78.0000 78.4480 62
78.4800 78.5120 61
78.6400 78.9920 62
79.0240 79.1200 61
79.1520 79.9200 64
79.9520 80.4960 66
80.5280 80.7520 65
80.7840 81.2000 66
81.2320 81.3600 65
81.3920 81.4560 67
81.9040 82.1600 62
82.1920 83.4080 64
83.4400 83.5040 65
83.5360 83.7920 66
83.8240 84.0160 65
84.0480 84.2400 64
84.4320 84.5920 62
84.6240 84.6240 60
84.6560 85.2000 57
85.2320 85.6160 59
85.9360 86.1920 59
86.2240 87.2800 62
87.3120 87.4720 64
87.5040 87.6960 65
87.8560 88.0800 66
88.1120 88.5280 64
88.5600 88.7840 63
88.8160 89.0400 64
89.0720 89.5520 63
89.7760 89.8400 56
90.0320 90.2560 62
90.2880 90.4160 63
90.4480 91.5680 64
91.6000 91.8880 66
91.9200 91.9520 65
92.0800 92.2080 64
92.2400 92.2720 63
92.3040 92.7520 62
92.9120 92.9440 56
92.9760 93.3600 57
93.3920 93.7120 59
93.7440 94.0000 62
94.0320 94.2560 59
94.2880 94.4160 62
94.4480 94.4800 61
94.6080 94.8000 62
94.9280 95.1840 62
95.2160 95.3120 61
95.4080 95.4080 62
95.4400 96.1760 64
96.2080 97.2960 66
97.3280 97.6160 65
97.6480 97.8080 67
97.8400 97.8720 66
98.1920 98.3840 62
98.4160 98.5440 64
98.6720 99.1520 64
99.1840 99.2160 63
99.2480 99.7600 62
99.7920 99.8880 61
100.1760 100.3680 62
100.4000 100.6560 63
100.6880 101.1360 64
101.1680 101.2000 63
101.2320 101.8720 62
102.0960 102.1920 57
102.2240 102.3200 56
102.3520 102.4160 57
102.4480 102.4800 58
102.5120 102.7040 59
102.7360 102.9280 62
103.0880 103.6960 62
103.7280 104.3360 61
104.3680 105.2000 62
105.2320 105.2960 59
105.3280 105.4880 57
105.5200 105.7440 59
105.7760 108.8800 62
108.9120 109.5840 61
109.6160 110.4800 62
110.5120 110.5760 59
112.7840 114.2880 69
114.3200 114.3520 68
114.3840 114.4800 67
114.7040 117.0080 64
117.0400 117.3600 66
117.3920 117.4560 67
117.6480 118.2880 69
118.3200 118.6080 71
118.6400 118.6720 73
118.7040 118.7360 72
118.7680 118.8960 71
118.9280 118.9280 69
122.5760 122.7040 51
122.8640 123.0560 54
123.0880 123.3760 52
123.4080 123.6640 54
123.8560 124.1440 54
124.1760 124.3680 57
124.4000 124.4640 56
124.7200 124.7520 51
124.7840 124.8160 52
124.8480 124.8800 53
124.9120 125.0400 54
125.1680 125.2960 52
125.4560 126.1280 54
126.1600 126.3520 56
126.6080 126.8320 50
126.8640 126.8960 51
126.9280 127.1200 52
127.1520 127.3120 50
127.5360 127.9840 50
128.7200 129.7760 50
130.7360 130.8320 52
130.9600 131.1200 54
131.1520 131.1840 53
131.2160 131.3760 52
131.5040 132.1760 54
132.2080 132.2720 55
132.3040 132.4320 57
132.4640 132.5600 56
132.7520 132.9120 52
133.0400 133.3280 54
133.3600 133.4560 52
133.5840 134.0000 50
134.0320 134.1600 52
134.1920 134.3520 51
134.7360 134.7680 51
134.8000 134.9920 52
135.0240 135.0560 53
135.0880 135.2160 54
135.2480 135.4400 50
135.6640 135.9200 50
136.1120 136.3360 52
136.3680 136.5600 54
136.5920 136.7200 52
136.8800 137.1040 52
137.1360 137.5520 51
137.5840 137.6800 52
137.9680 138.0320 51
138.8320 139.0560 52
139.0880 139.2480 54
139.4080 139.6320 52
139.6640 139.9520 54
140.1440 140.4000 54
140.4320 140.4640 56
140.4960 140.5920 57
140.6240 140.7200 56
140.9760 141.0400 50
141.2000 141.3600 54
141.3920 141.6800 52
141.7120 141.9680 54
142.1600 142.3840 54
142.4160 142.6080 57
142.6400 142.6400 55
142.7360 142.7680 52
142.8000 143.0880 50
143.1200 143.1520 51
143.1840 143.3120 52
143.5040 143.6320 50
143.7920 144.0160 50
144.2720 144.4960 52
144.5280 144.8160 54
144.8480 144.9760 52
145.0080 146.0000 50
146.9600 147.1200 52
147.2800 147.4080 54
147.4400 147.6640 52
147.8240 148.1120 54
148.2720 148.5280 54
148.5600 148.7520 57
149.0720 149.1680 51
149.2960 149.4560 54
149.4880 149.7120 52
149.8720 150.1280 54
150.3520 150.5760 57
150.6080 150.8000 58
151.0240 151.0560 53
151.0880 151.2480 54
151.2800 151.4080 57
151.6000 151.7280 59
151.8560 152.3040 62
152.3360 152.3680 63
152.4000 152.5600 64
152.5920 152.6240 65
152.6560 152.8160 66
152.8480 153.0080 64
153.0400 153.1040 63
153.1360 153.2960 62
153.3280 154.7360 63
155.0880 155.1200 54
155.1520 155.2160 55
155.2480 155.2800 56
155.3120 155.4720 57
155.6320 156.4000 57
156.4320 156.5280 55
156.6880 156.7840 55
156.9440 157.3280 55
157.4560 157.6160 57
157.6480 157.7760 58
157.9360 158.0000 58
158.0320 158.3200 57
158.3520 158.4160 56
158.4480 158.8000 55
159.1840 159.4720 55
159.6960 159.7280 54
159.7600 159.8240 55
160.0160 160.0480 54
160.0800 160.3360 55
160.5280 160.8160 50
161.0080 161.2320 53
161.2640 161.2960 54
161.3280 161.5200 55
161.5520 161.7120 54
161.7440 162.0640 55
162.0960 162.3840 54
162.4160 162.5120 55
163.0560 163.4400 52
163.4720 164.4000 55
164.5600 164.8160 60
164.8480 165.7760 62
165.8080 165.9680 64
166.0000 166.1920 62
166.2240 166.3200 63
166.3520 166.9600 62
167.3120 167.5360 62
167.5680 167.8880 64
167.9200 167.9840 63
168.1120 168.4640 64
168.6240 168.8480 64
168.8800 169.0400 66
169.0720 169.5200 64
169.6480 169.7120 63
169.7440 170.2560 64
170.2880 170.4800 63
170.5120 170.8320 64
170.8640 170.9280 65
171.1200 171.2160 56
171.3760 171.6320 62
171.6640 172.9120 64
172.9440 173.2960 66
173.4240 173.4880 65
173.5200 173.6160 64
173.6480 174.0640 62
174.2240 174.6720 57
174.7040 175.0880 59
175.4080 175.4400 58
175.4720 175.6000 59
175.6320 176.1120 62
176.1440 176.1440 60
176.2720 176.6240 62
176.6560 176.7520 61
176.7840 177.5520 64
177.5840 178.1280 66
178.1600 178.3840 65
178.4160 179.0560 66
179.5040 179.7600 62
179.7920 181.0400 64
181.0720 181.4240 66
181.4560 181.6160 65
181.6480 181.8400 64
182.0320 182.2240 62
182.3520 182.7360 57
182.8640 183.2160 59
183.4720 183.8240 59
183.8560 184.9120 62
184.9440 185.1360 64
185.1680 185.2960 66
185.4880 185.7120 66
185.7440 186.1600 64
186.1920 186.9280 63
186.9600 187.1520 64
187.6640 187.9200 62
187.9520 188.7520 64
188.8800 189.1360 64
189.1680 189.2000 65
189.2320 189.5520 66
189.6800 189.7440 65
189.7760 189.9040 64
189.9360 190.3200 62
190.5120 190.5440 56
190.5760 190.8640 57
190.8960 190.9600 56
191.0240 191.1840 58
191.2160 191.8560 59
191.8880 192.0800 62
192.2400 192.4000 62
192.4320 192.4960 60
192.5280 192.7840 62
192.8160 192.8800 61
193.0400 193.7760 64
193.8080 193.8400 65
193.8720 195.2480 66
195.2800 195.3760 65
195.4080 195.4720 67
195.7920 195.9840 62
196.0160 196.1440 64
196.3040 196.8160 64
196.8480 197.5200 62
197.8080 197.9680 62
198.0000 198.0320 63
198.0640 198.7360 64
198.7680 199.4080 62
199.4400 199.4720 61
199.7280 199.8240 56
199.8560 200.0160 57
200.0480 200.0800 58
200.1120 200.3040 59
200.3360 200.5280 62
200.7200 200.9440 62
200.9760 201.9360 61
201.9680 202.1600 62
203.2160 203.2800 62
203.4080 203.4720 56
203.5040 203.6000 55
203.6320 203.7600 58
203.9200 204.1760 63
204.2080 205.4880 65
205.5200 205.8080 67
205.8400 205.8400 65
205.9680 206.0320 66
206.0640 206.1600 65
206.1920 206.5760 63
206.7360 207.1840 58
207.2160 207.3760 59
207.4080 207.5360 60
207.5680 207.6000 59
207.9200 207.9840 58
208.0160 208.1440 60
208.1760 208.2080 62
208.2400 208.5600 63
208.5920 208.6560 62
208.8160 209.0720 63
209.1040 209.2640 62
209.2960 210.0960 65
210.1280 211.8560 67
212.0800 212.3040 63
212.3360 213.6160 65
213.6480 214.0960 67
214.1280 214.1600 66
214.1920 214.4160 65
214.6080 214.8000 63
214.8320 214.8320 60
214.8640 215.3760 58
215.4080 215.7600 60
216.1440 216.3360 60
216.3680 217.3920 63
217.4240 217.6160 65
217.6480 217.8080 67
218.0000 218.2240 67
218.2560 219.6960 65
219.8880 220.0480 58
220.1760 220.4320 63
220.4640 221.7120 65
221.7440 222.0960 67
222.2240 222.2880 67
222.3200 222.4480 65
222.4800 222.8320 63
222.8640 222.8960 62
223.0880 223.5040 58
223.5360 223.9200 60
224.2400 224.2720 59
224.3040 224.4000 60
224.4320 224.6240 62
224.7840 224.9440 62
224.9760 225.3280 63
225.3600 225.4880 62
225.6160 226.3840 65
226.4160 226.6720 67
226.8000 226.8320 66
226.8640 227.7600 67
227.7920 227.8560 66
227.8880 227.9840 68
228.0160 228.1440 67
228.3360 228.4960 63
228.5280 228.5600 64
228.5920 229.3280 65
229.3600 229.8720 63
229.9040 230.0000 62
230.3520 230.5440 63
230.5760 231.3440 65
231.3760 231.4080 64
231.4400 231.5040 63
231.6320 231.9520 63
231.9840 232.0800 62
232.2720 232.3360 56
232.3680 232.4000 57
232.4320 232.5920 58
232.6240 232.8800 60
232.9120 233.0720 63
233.2640 233.3920 63
233.4240 235.0560 62
235.4400 235.6640 58
235.6960 235.8560 60
235.8880 235.9200 62
235.9520 236.5280 63
236.5600 236.7520 65
236.7840 237.2640 63
237.2960 239.0880 62
239.1200 239.1840 63
239.2160 239.4720 62
239.5040 239.5680 63
239.6000 239.6640 62
239.6960 239.7600 63
239.7920 240.0480 62
240.0800 240.1440 63
240.1760 240.8800 62
243.3760 243.4400 70
243.8560 243.9200 71
243.9520 244.0800 70
244.4320 244.5280 70
245.4240 247.2160 65
248.0800 248.4960 70
248.5280 248.8160 72
249.6800 249.7760 70
