21.5520 21.6800 51
21.7120 21.7440 54
21.7760 22.0640 55
22.2240 22.3200 55
22.4800 22.7680 56
22.8000 22.9600 57
22.9920 23.1840 58
23.4400 23.6320 56
23.6640 23.8880 55
24.1120 24.4320 53
26.4800 26.5440 47
26.5760 26.8320 51
27.0880 27.8240 53
27.8560 28.0800 55
28.3040 28.4960 56
28.7200 29.1680 53
30.4480 30.6080 46
30.6400 30.6720 50
30.7040 30.8000 51
30.9920 31.1200 53
31.3440 31.4400 53
31.4720 31.7280 55
31.9200 32.1440 55
32.1760 32.6240 56
32.6560 32.6880 57
32.7200 32.9760 58
33.0080 33.0720 57
33.1040 33.3600 56
33.3920 33.6160 55
33.6480 34.0320 54
34.0640 34.3520 53
36.1760 36.2720 47
36.3040 36.4000 50
36.4320 36.5920 51
36.7840 37.0720 53
37.1040 37.1360 52
37.3920 37.4240 53
37.4560 37.5200 54
37.5520 37.8720 55
37.9040 38.0960 56
38.3520 38.4160 56
38.4480 38.6080 57
38.6400 39.4720 58
40.9440 40.9440 52
40.9760 41.0400 55
41.0720 41.1360 58
41.1680 41.2640 59
41.2960 41.4560 60
41.5840 41.7440 60
41.8720 42.2880 58
42.3200 42.3840 59
42.5440 42.7040 63
42.7360 42.7360 60
42.7680 42.9600 58
43.1520 43.1840 58
43.2160 43.2480 59
43.2800 43.5360 60
43.6960 43.9520 58
44.2720 44.3040 57
44.3360 44.3680 58
44.4000 44.4640 59
44.4960 44.6560 60
44.9120 45.0080 58
45.0400 45.1040 57
45.1360 45.1360 55
45.1680 45.2640 50
45.2960 45.3600 51
45.6160 45.7440 54
45.7760 46.0000 56
46.1920 46.9600 55
47.3760 47.5360 56
47.6640 47.8240 55
48.0160 48.2080 55
48.2400 48.9760 53
49.7120 49.8080 61
49.8400 50.2880 62
50.3200 51.4080 60
52.2080 52.4960 58
52.5280 52.6880 60
52.7200 52.7840 58
52.8160 53.0400 61
53.0720 53.1040 62
53.1360 54.0000 63
54.6400 54.8640 58
54.8960 55.0560 55
55.0880 55.2480 56
55.2800 55.4080 58
55.4400 55.7280 60
55.7600 57.2960 58
59.4720 59.9840 67
60.0160 60.0160 61
60.0480 60.1440 57
60.1760 61.0080 58
61.0400 61.1360 59
61.8720 62.1280 58
62.1600 62.2880 55
62.5120 62.6720 58
62.7040 62.9920 60
63.1200 63.3760 58
63.4080 63.4720 55
63.7280 63.9520 58
64.3040 64.8160 67
64.8480 64.8480 65
64.8800 64.9760 61
65.0080 65.9360 63
65.9680 66.0640 64
66.4160 66.5120 68
66.5440 66.5440 65
66.7040 66.7360 59
66.7680 66.9920 60
67.0240 67.1840 58
67.4080 67.4400 61
67.4720 67.5360 62
67.5680 67.7920 63
67.9840 68.1760 60
68.2080 68.4320 58
68.4640 68.5600 57
68.5920 68.7520 60
68.7840 68.7840 58
69.2000 69.3600 62
69.3920 69.3920 57
69.4240 69.4240 54
69.4560 69.5520 50
69.8080 69.9040 55
69.9360 70.2240 56
70.4160 71.1840 55
71.8560 71.8880 61
71.9200 72.0480 63
72.0800 72.2080 62
72.2400 72.4640 63
72.4960 72.9440 65
72.9760 73.0720 64
73.1040 73.2640 63
73.4880 73.6480 60
73.6800 74.2880 62
74.3200 74.5120 63
74.5440 74.8320 59
74.8640 75.6960 60
76.4320 76.7520 58
76.7840 76.9440 60
77.1680 77.3280 62
77.3600 78.3840 63
78.8320 79.3440 67
79.3760 79.3760 61
79.4080 80.5280 58
81.2960 81.5200 58
81.5520 81.5840 56
81.6160 81.8720 55
81.9040 82.0000 58
82.0320 82.0640 59
82.0960 82.3840 60
82.5120 82.6720 58
82.8640 83.0880 55
83.1200 83.2800 58
83.7280 83.9200 68
83.9520 84.2080 67
84.2400 84.2400 64
84.2720 84.3360 62
84.3680 84.4640 63
84.4960 84.5600 65
84.5920 85.5200 63
86.1600 86.1920 59
86.2240 86.3200 60
86.4800 86.6720 58
86.8000 86.8960 61
86.9280 87.0240 63
87.0560 87.1200 62
87.3120 87.5040 60
87.6640 87.8560 58
87.8880 87.9200 56
87.9520 87.9520 58
87.9840 88.0160 61
88.0480 88.1440 62
88.1760 88.4960 63
88.5280 88.5600 62
88.5920 88.7840 60
88.8160 88.8480 59
88.8800 89.0400 58
89.2000 89.4880 65
89.5200 89.9360 67
89.9680 90.1600 65
91.2800 91.4720 63
91.6000 91.9200 63
91.9520 92.4000 65
92.4320 92.6880 63
92.7200 93.0080 61
93.0400 93.4880 62
93.7120 93.9040 63
94.1280 94.3520 58
94.3840 95.1200 60
95.8560 95.8880 57
95.9200 96.1120 58
96.1440 96.2400 59
96.2720 96.3680 60
96.4000 96.6240 58
96.7520 96.8800 54
96.9120 97.0080 53
98.4800 98.5120 50
98.5440 98.7040 53
98.9280 99.0240 55
99.0560 99.4400 56
99.4720 99.9200 55
100.1440 100.3680 55
100.7520 100.8800 51
101.0400 101.1680 53
101.3920 101.5200 55
101.5520 101.7760 56
102.0000 102.6720 55
102.7040 102.9600 56
103.1520 103.5680 55
103.6000 103.6000 52
103.6320 103.7600 49
103.7920 103.8240 50
103.8560 104.4000 51
104.5280 104.5920 51
123.3440 123.4720 51
123.5040 123.8560 55
124.0160 124.1760 55
124.3360 124.8160 56
124.8480 125.1040 58
125.2640 125.4240 56
125.4560 125.6800 55
125.8400 126.3520 53
128.3040 128.3360 47
128.3680 128.4320 48
128.4640 128.6560 51
128.9120 129.6160 53
129.6480 129.9040 55
130.0960 130.2560 56
130.5120 131.1520 53
132.1760 132.3680 46
132.4000 132.4320 47
132.4640 132.4640 49
132.4960 132.6240 51
132.7840 132.9440 53
133.1680 133.2000 53
133.2320 133.5520 55
133.6800 133.9680 55
134.0000 134.1920 56
134.2240 134.3200 55
134.3520 134.4800 56
134.5120 134.8000 58
134.8320 134.8640 57
134.8960 135.1200 56
135.1520 135.4400 55
135.4720 135.7600 54
135.7920 136.3680 53
138.0000 138.0960 49
138.1280 138.3520 51
138.5440 138.9280 53
139.1840 139.2160 53
139.2480 139.3120 54
139.3440 139.7600 55
139.7920 139.8880 56
140.1440 140.2400 58
140.2720 140.3040 59
140.3360 140.4640 60
140.4960 141.3280 58
142.8000 142.8000 52
142.8320 142.8320 54
142.8640 142.8640 56
142.8960 143.0560 59
143.0880 143.2480 60
143.4080 143.5680 60
143.6000 143.8560 58
143.8880 143.8880 56
144.0160 144.1760 58
144.3680 144.5280 63
144.5600 144.5600 61
144.5920 144.7840 58
144.9760 145.1040 59
145.1360 145.3600 60
145.3920 145.4240 59
145.5520 145.8080 58
146.0960 146.2560 58
146.2880 146.4160 60
146.4480 146.5120 59
146.7360 146.8960 58
146.9280 146.9280 54
146.9600 147.0560 50
147.0880 147.1520 51
147.3760 147.4720 55
147.5040 147.7280 56
147.7600 147.7920 55
147.9840 148.7520 55
149.1360 149.2960 55
149.4560 149.6480 55
149.7760 150.0000 55
150.0320 150.7680 53
151.5360 151.5680 60
151.6000 151.6960 61
151.7280 151.7920 63
151.8240 152.0800 62
152.1120 153.2960 60
154.0320 154.3200 58
154.3520 154.4800 60
154.5120 154.6080 59
154.6400 154.8960 62
154.9280 155.7920 63
156.4320 156.4640 57
156.4960 156.6880 58
156.7200 156.9760 55
157.0080 157.0400 56
157.0720 157.2000 58
157.2320 157.5520 60
157.5840 159.0560 58
161.2640 161.7440 67
161.7760 161.7760 64
161.8080 161.8080 59
161.8400 161.9360 56
161.9680 162.5120 58
162.5440 162.6080 59
162.6400 162.8640 57
163.6960 163.7280 57
163.7600 164.0480 58
164.0800 164.2080 55
164.3680 164.4640 58
164.4960 164.7520 60
164.9760 165.2320 58
165.2640 165.3600 55
165.5840 165.8080 58
166.1280 166.1600 67
166.1920 166.2880 68
166.3200 166.6720 67
166.7040 166.8000 62
166.8320 167.6640 63
167.6960 167.8560 64
168.5280 168.8160 60
168.8480 169.0080 58
169.2000 169.3280 61
169.3600 169.5840 63
169.6160 169.6160 61
169.8080 170.0320 60
170.0640 170.1280 59
170.1600 170.3200 58
170.3520 170.4160 57
170.4480 170.5760 60
170.6080 170.6400 58
170.9920 171.1520 63
171.1840 171.1840 61
171.2160 171.2160 56
171.2480 171.3760 50
171.6000 171.6640 55
171.6960 171.9200 56
171.9520 172.0480 57
172.2400 173.1680 55
173.6160 173.6800 62
173.7120 173.8400 63
173.8720 173.9680 62
174.0000 174.2240 63
174.2560 174.6720 65
174.7040 174.8000 66
174.8320 174.9920 63
175.0240 175.0560 62
175.2480 175.4080 61
175.4400 176.1120 62
176.1440 176.3360 63
176.3680 176.3680 61
176.4000 176.6880 59
176.7200 177.4560 60
178.2560 178.5440 58
178.5760 178.6080 59
178.6400 178.7360 60
178.9600 179.1520 62
179.1840 180.0160 63
180.0480 180.1120 62
180.1440 180.2080 61
180.4320 180.4960 69
180.6560 181.1680 67
181.2000 181.2000 65
181.2320 181.2320 59
181.2640 181.3600 55
181.3920 181.8080 58
181.8400 181.9680 59
182.0000 182.2880 58
182.3200 182.3840 57
183.1200 183.2160 57
183.2480 183.4080 58
183.4400 183.7280 55
183.7600 183.8560 59
183.8880 184.1440 60
184.1760 184.5280 58
184.6560 184.7840 55
184.8160 184.9120 54
184.9440 185.1360 58
185.5200 185.6160 67
185.6480 185.7440 68
185.7760 186.0320 67
186.0640 186.2240 63
186.2560 186.2880 64
186.3200 186.4800 65
186.5120 187.5360 63
187.9520 188.0160 59
188.0480 188.1440 60
188.2720 188.5600 58
188.5920 188.7200 62
188.7520 188.9760 63
189.1360 189.2960 60
189.3280 189.3600 59
189.4880 189.7120 58
189.7440 189.7760 61
189.8080 189.9040 62
189.9360 190.2880 63
190.3200 190.6400 60
190.6720 190.8320 58
190.8640 190.9600 57
190.9920 190.9920 61
191.0240 191.2800 65
191.3120 191.3440 66
191.3760 191.8880 67
191.9200 192.0480 65
193.0400 193.0400 59
193.0720 193.1040 62
193.1360 193.5520 63
193.5840 193.7120 64
193.7440 194.1600 65
194.1920 194.5440 63
194.6720 194.8960 61
194.9280 195.5040 62
195.5360 195.7280 63
195.7600 195.7600 59
195.7920 195.8880 56
195.9200 196.0160 58
196.0480 196.0800 59
196.1120 196.8800 60
197.5520 197.9360 58
197.9680 198.1920 60
198.2240 198.3200 61
198.3520 198.4480 62
198.4800 200.2080 63
200.2400 200.2400 61
202.4800 202.9600 67
202.9920 202.9920 64
203.0240 203.9200 58
204.9120 205.1360 58
205.1680 205.4560 55
205.4880 205.4880 57
205.5200 206.0000 60
206.1600 206.3200 58
206.4800 206.7360 55
206.7680 206.9280 58
207.3440 207.8560 67
207.8880 207.8880 65
207.9200 208.9120 63
209.7760 210.0000 60
210.0320 210.2560 58
210.3840 210.5120 61
210.5440 210.6720 63
210.9600 211.1840 60
211.3120 211.4400 58
211.6000 211.7600 62
211.7920 212.1760 63
212.2080 212.4960 60
212.5280 212.7200 58
212.8480 213.0720 66
213.1040 213.7440 67
213.7760 213.9360 66
214.9280 215.0880 63
215.1200 215.1200 60
215.2480 215.2800 63
215.3120 216.0800 65
216.1120 216.3040 63
216.3360 216.4000 62
216.4320 216.6240 61
216.6560 217.2000 62
217.3920 217.5520 63
217.7120 217.9680 59
218.0000 218.7680 60
219.4400 219.5040 57
219.5360 219.6640 58
219.6960 219.7600 56
219.7920 220.2720 58
220.3040 220.5280 54
220.5600 220.6880 52
220.8160 221.2320 51
221.9680 222.0320 49
222.0640 222.1280 50
222.1600 222.1920 51
222.2240 222.3840 53
222.5760 222.7040 54
222.7360 222.9920 56
223.1520 223.5040 55
223.7280 223.8880 55
224.3040 224.3360 48
224.3680 224.4960 51
224.6560 224.9440 53
224.9760 225.0400 55
225.0720 225.4240 56
225.4560 225.9360 55
226.1920 226.6720 56
226.8000 227.3440 55
228.3040 228.6560 51
