4.8800 4.9440 66
5.2960 5.5520 65
5.5840 5.6160 66
5.6480 5.7760 67
5.9360 6.1600 68
6.1920 6.6080 67
6.6400 7.4400 63
7.5680 7.6640 63
15.3760 15.6960 63
15.7920 15.9200 65
15.9520 16.2400 67
16.3680 16.4640 68
16.4960 16.7200 70
16.7520 17.9360 67
17.9680 18.5120 63
18.7360 18.9600 65
18.9920 19.4080 63
19.4400 19.7280 65
19.8560 19.9200 65
19.9520 20.0480 67
20.0800 20.3680 65
20.4000 20.9120 67
20.9440 21.0080 70
21.1360 21.9040 67
22.1280 22.4480 67
22.4800 22.4800 65
22.5120 23.1200 63
23.3760 23.5040 65
23.5360 23.6320 62
23.6640 23.7920 65
23.8240 24.0480 67
24.0800 24.1760 65
24.2080 24.5600 63
24.8160 24.9120 65
24.9440 25.3920 67
25.4240 25.7760 69
25.8080 26.0640 67
26.1920 26.9920 67
27.1200 27.6960 63
27.7280 27.9520 65
27.9840 28.1440 63
28.1760 28.3040 65
28.3360 28.4320 63
28.4640 28.7200 65
28.7520 28.8800 67
28.9120 28.9760 70
29.0080 29.0720 72
29.1040 29.2640 70
29.2960 29.9680 67
30.0000 30.2560 70
30.2880 30.3520 68
30.3840 30.9600 67
31.1840 31.5360 67
31.5680 32.2400 63
32.4000 32.8160 65
32.8480 33.0720 67
33.1040 33.2640 65
33.2960 33.9680 63
34.0000 34.0640 62
34.8320 34.9280 62
35.8880 36.1440 65
37.1040 37.2000 62
37.3280 37.4560 60
37.4880 37.7120 59
37.7440 38.6080 60
39.4400 39.5040 63
40.1440 40.3680 65
41.5200 41.5520 65
41.5840 41.6160 66
41.6480 41.8080 67
41.8400 42.0640 68
42.0960 42.3520 67
42.3840 42.4160 66
42.4480 42.6400 65
42.6720 42.7040 63
42.7360 43.3120 62
43.7280 43.7920 61
43.8240 43.9200 62
43.9520 44.3360 63
44.3680 45.3600 65
46.1600 46.3200 59
46.3520 46.5440 60
46.6720 46.8000 62
47.0560 47.1200 62
47.3120 47.4400 63
47.4720 47.7600 65
47.7920 48.0160 67
48.0480 49.0720 68
49.1040 49.1360 67
49.1680 49.3600 65
49.4880 49.6160 67
49.6480 49.7440 68
49.7760 50.1920 70
50.2240 50.5440 67
50.5760 51.2800 65
51.3120 51.4720 63
51.5040 52.0800 65
52.1120 52.6240 67
52.6560 52.9440 70
52.9760 54.1600 67
54.1920 54.4480 63
54.5760 54.7680 63
54.9600 55.1840 65
55.2160 55.3440 63
55.3760 55.5360 65
55.5680 55.6320 63
55.6640 56.5920 65
56.6240 56.8800 67
57.0720 57.1680 68
57.2000 57.4560 70
57.4880 58.1600 67
58.3520 58.7680 67
58.8000 59.3120 63
59.6000 59.9520 65
59.9840 60.2400 67
60.2720 60.3680 65
60.4000 60.8480 63
61.0400 61.1360 65
61.1680 61.6800 67
61.7120 61.9360 70
61.9680 62.3200 67
62.4480 63.2160 67
63.3440 63.7920 63
63.9520 64.1760 65
64.2080 64.3680 63
64.4000 64.5280 65
64.5600 64.6560 63
64.6880 64.9440 65
64.9760 65.1040 67
65.1360 65.4880 70
65.5200 66.1920 67
66.2240 66.4800 70
66.5120 67.1840 67
67.3760 67.7280 67
67.7600 67.7920 65
67.8240 68.4000 63
68.6240 69.0400 65
69.0720 69.2960 67
69.3280 69.4560 65
69.4880 70.2880 63
70.6080 70.6720 63
70.7040 70.8960 66
70.9920 71.1840 66
71.2160 71.2480 64
71.5360 71.6000 65
71.9840 72.1760 61
72.3680 72.4960 61
73.3280 73.6480 61
73.8080 74.1600 62
74.3520 74.6400 63
74.9600 75.0240 63
75.2160 75.4080 62
75.5680 76.0480 63
76.3360 76.4640 61
76.5920 76.7520 62
76.7840 77.1360 58
77.1680 77.2000 56
77.4240 77.5200 57
77.7440 78.0640 62
78.0960 78.1600 61
78.1920 78.3520 60
78.3840 78.5440 59
78.5760 78.6080 60
78.9600 79.3760 60
79.5680 79.6640 60
79.6960 79.7920 59
79.8240 80.7840 58
81.1040 81.1680 55
81.2000 81.3920 54
81.4240 81.7120 55
82.1920 82.5440 67
82.5760 82.6720 68
82.7040 83.5040 70
83.5360 83.6320 69
83.6640 83.7920 68
83.8240 84.0160 67
84.0480 84.3360 68
84.3680 86.1920 67
86.2240 86.3520 68
89.0720 89.1360 60
89.1680 89.2000 61
89.2320 89.2960 62
89.3280 89.5840 63
89.6160 89.6480 64
89.6800 90.6080 65
91.3120 91.4080 61
91.4400 91.6000 62
91.6320 91.7920 63
91.8240 92.1120 62
92.1440 92.4960 61
92.5280 93.0400 60
93.6160 93.7120 61
93.7440 93.7760 62
93.8080 94.2560 63
94.2880 94.3200 64
94.3520 95.0240 65
95.8240 95.9200 66
95.9520 96.1120 67
96.1440 96.3360 68
97.2320 97.4560 69
100.4640 100.6240 59
100.6560 100.8480 60
101.8080 102.0640 65
102.0960 102.3200 67
102.3520 103.5680 68
103.6000 103.6640 69
103.8880 104.1440 68
104.1760 104.7200 70
104.7520 104.8800 72
104.9120 105.5840 70
105.6800 105.7120 67
105.7440 105.7760 66
105.8080 106.2240 65
106.2560 106.4480 64
106.4800 106.5120 65
106.5440 106.8960 67
106.9280 107.0240 68
107.0560 107.2160 70
107.2480 107.2800 68
107.5040 108.5280 67
108.5600 109.0720 63
109.2960 109.4240 65
109.4560 109.4880 64
109.5200 109.6800 63
109.7120 109.8080 64
109.8400 110.0000 63
110.0320 110.1920 65
110.4480 110.5120 65
110.5440 110.6080 67
110.6400 110.6720 66
110.7040 110.8960 65
110.9280 110.9600 66
110.9920 111.3760 67
111.4080 111.5040 68
111.5360 111.6000 70
111.7280 111.8240 69
111.8560 112.4960 67
112.6880 113.0080 67
113.0400 113.0720 65
113.1040 113.6800 63
113.8720 113.9360 64
113.9680 114.0960 65
114.2240 114.3520 65
114.3840 114.6080 67
114.6400 114.7360 65
114.7680 114.9920 63
115.0240 115.0880 62
115.3760 115.4720 65
115.5040 116.0160 67
116.0480 116.0800 69
116.1120 116.2720 70
116.3040 116.6560 67
116.7840 117.5520 67
117.6800 117.8080 63
117.9360 118.1920 63
118.3520 118.4160 65
118.4480 118.5120 64
118.5440 118.7360 63
118.7680 118.8320 65
118.8640 118.9280 64
119.0560 119.3120 65
119.3440 119.4400 67
119.4720 119.8560 70
119.8880 120.4960 67
120.5280 120.5600 68
120.5920 120.8160 70
120.8480 121.1680 67
121.3280 121.5520 67
121.7760 122.0960 67
122.1280 122.1600 65
122.1920 122.3200 63
122.4800 122.7360 63
122.9920 123.3760 65
123.4080 123.6640 67
123.6960 123.8240 65
123.8560 124.5600 63
126.2240 126.2880 63
129.1360 129.2320 63
129.3600 129.4560 63
130.6720 130.7680 65
133.4880 133.7440 63
134.3520 135.4080 67
135.4400 135.5040 66
135.5360 135.6640 65
135.6960 135.7280 66
135.7600 136.0160 67
136.0480 136.3040 68
136.3360 136.7200 67
136.7520 137.0400 68
137.7440 137.8080 68
137.8400 138.1920 67
138.9600 139.7920 67
139.8240 139.8560 66
139.8880 140.2400 65
140.2720 140.3040 66
140.3360 140.4000 67
140.5600 140.8160 68
140.8480 141.9040 67
141.9360 141.9680 66
142.0000 142.0640 65
142.4160 142.4800 60
142.5120 142.6400 59
143.3760 143.5360 65
143.5680 144.5920 67
144.6240 144.7200 66
144.7520 145.0720 67
145.1040 145.3280 68
145.3600 145.6480 67
145.6800 145.8400 68
145.9680 146.4160 63
146.4480 147.1520 58
147.1840 147.3120 59
147.8880 147.9200 65
147.9520 147.9840 66
148.0160 148.1440 67
148.1760 148.1760 65
148.4960 148.6560 59
148.6880 148.7840 60
150.2240 150.4160 67
150.4480 150.4800 66
150.7040 150.7680 66
150.8000 150.8960 67
151.3440 151.3440 67
151.4080 151.4400 67
151.4720 152.1760 68
152.2080 152.2720 69
152.3040 152.5280 71
152.5600 152.6560 69
152.6880 152.9440 68
153.0720 153.6800 68
153.7120 153.7760 67
153.8080 154.0000 64
154.6080 154.7040 66
154.7360 154.8000 65
154.9280 155.0880 66
155.1200 155.2160 64
155.2480 155.4720 66
155.5040 155.7600 65
155.7920 155.8880 67
155.9200 155.9840 66
156.0800 156.2080 66
156.2400 156.5280 68
156.6880 156.7200 69
156.7520 156.7840 70
156.8160 157.0720 71
157.1040 157.5520 68
157.9360 158.0640 68
158.0960 158.1920 69
158.2240 158.3520 67
158.3840 158.8960 64
159.2800 159.6000 66
159.6320 159.8560 68
159.8880 160.0160 66
160.0480 160.3360 64
160.3680 160.4320 65
160.4640 160.6240 67
160.6560 160.7840 66
160.8160 161.0080 68
161.0400 161.1040 67
161.2320 161.3280 69
161.3600 161.5520 71
161.5840 161.9040 68
162.0320 162.8320 68
162.8640 163.3760 64
163.6320 163.8560 66
164.0160 164.3680 65
164.5600 164.7200 56
164.7520 165.1040 59
165.2320 165.8080 68
165.8400 165.9040 70
165.9360 166.0960 71
166.1280 166.4480 68
166.5760 166.6720 68
166.7040 166.8640 67
167.0240 167.0560 68
167.0880 167.2480 69
167.2800 167.3120 68
167.3440 167.4080 67
167.4400 167.9840 64
168.2400 168.5920 66
168.6240 168.6880 67
168.7200 168.9120 68
168.9440 169.0400 66
169.0720 169.1040 65
169.2960 169.7120 64
170.0000 170.2560 68
170.4480 170.5120 70
170.5440 170.6720 71
170.7040 171.9200 68
171.9520 172.5600 64
172.7520 173.2640 65
173.3600 173.5520 66
173.7760 174.3200 66
175.0880 175.2160 71
175.2480 176.1760 68
176.2080 176.3360 69
176.3680 176.4640 68
176.4960 177.1360 64
177.3280 177.7440 66
177.7760 177.9360 68
177.9680 178.0960 67
178.1280 178.3520 66
178.3840 178.4480 63
178.7360 178.9280 64
179.2480 179.3440 64
179.5040 179.7280 59
179.9840 180.1760 56
180.4320 180.7520 56
181.1360 181.2640 63
181.4560 181.5840 64
182.1280 182.2880 65
182.3840 182.4800 65
182.7040 182.8640 68
182.8960 183.5360 71
183.5680 184.0160 68
184.2720 185.4880 68
185.6160 185.8080 64
185.9040 186.0960 64
186.3520 186.5440 66
186.6720 186.7360 66
186.7680 186.8320 68
186.9600 187.1840 66
187.2160 187.4080 64
187.5680 187.7920 64
