18.2240 18.3200 59
18.3520 18.3840 61
18.4160 18.5120 62
18.6400 18.8640 62
19.0560 19.1200 62
19.1520 19.1840 63
19.2160 19.6960 64
20.9120 20.9760 57
21.0080 21.2320 58
21.2640 21.7120 57
24.2720 24.3360 62
24.3680 24.4000 63
24.4320 25.0400 64
25.0720 25.2320 66
25.2640 25.4560 65
25.4880 25.6160 66
26.8640 26.9920 60
27.0240 27.2160 61
27.2480 27.5680 59
30.2240 30.2560 58
30.2880 30.3520 59
30.3840 30.4800 62
30.6400 30.8640 62
30.9920 31.0560 62
31.0880 31.1520 63
31.1840 31.5360 64
32.8160 33.1040 58
33.1360 33.4240 57
35.1840 35.3440 56
35.3760 35.6640 57
35.9840 36.0160 60
36.0480 36.1120 61
36.1440 36.7200 62
36.7520 36.7840 61
36.8160 36.8480 60
36.8800 37.6800 59
42.2240 42.2560 59
42.2880 42.3520 60
42.3840 42.4800 62
42.6080 42.6720 60
42.7040 42.7360 61
42.7680 42.8960 62
43.0560 43.1200 63
43.1520 43.2800 64
43.4080 43.7600 64
44.8800 45.0080 58
45.0400 45.2320 59
45.3600 46.0320 57
48.1120 48.2080 60
48.2400 48.2720 62
48.3040 48.3360 63
48.3680 48.8160 64
49.0080 49.1040 64
49.1360 49.2960 66
49.4240 49.6480 65
50.8320 51.0240 62
51.2800 51.3760 66
51.4080 51.4720 67
53.4880 53.6160 69
53.6480 53.7760 71
53.8080 53.8400 68
53.8720 54.0960 64
54.2880 54.3840 65
54.4160 54.8640 67
55.0560 55.4400 64
56.4960 56.4960 66
56.5280 56.5920 69
56.6240 56.7520 71
56.9120 57.3280 64
57.3600 57.7760 67
58.0320 58.3840 64
60.0480 60.1120 62
65.6160 65.6800 60
65.8720 65.9040 62
65.9360 66.1600 64
66.1920 66.2560 65
66.2880 66.4480 67
66.7040 66.7680 69
66.8000 67.3120 71
67.7920 67.9840 69
68.2080 68.4320 64
69.4560 69.9360 71
69.9680 70.2880 69
70.7040 70.9280 71
71.0880 71.6960 71
71.8240 71.9520 69
71.9840 72.7520 67
72.7840 73.1680 69
73.7760 73.9040 67
73.9360 73.9360 65
73.9680 74.0000 63
74.1280 74.2880 59
75.4080 75.5360 67
75.6640 75.7600 67
75.7920 75.9200 69
75.9520 76.0480 67
76.2080 76.5280 67
76.7520 77.0080 66
77.1360 77.2320 64
77.2640 77.4240 66
77.4560 78.0960 64
78.3200 78.4800 62
78.6720 78.7680 64
78.8000 78.8320 65
78.8640 79.2160 66
79.8880 80.4640 64
82.3200 82.3520 60
82.3840 82.9600 62
83.1200 83.3120 65
83.3440 83.8240 67
83.8560 83.9840 72
84.0160 84.7840 74
84.8160 85.7440 71
85.8720 85.9360 71
89.8720 90.0000 62
90.0320 90.1600 64
90.1920 90.2240 65
90.2560 90.4480 67
90.6400 90.7680 70
90.8000 91.2160 71
91.6960 91.8880 69
92.1440 92.4960 64
93.4240 93.5200 71
93.6480 93.7440 70
93.7760 93.9040 71
94.0640 94.4480 69
94.7040 94.8960 71
95.0880 95.2160 71
95.2480 95.3760 72
95.5040 95.5360 69
95.5680 95.6000 70
95.6320 95.7280 71
95.8880 96.0160 69
96.0480 96.4640 67
96.6240 96.7520 67
96.7840 96.9440 69
97.3280 97.4240 67
97.4560 97.6160 69
97.6480 98.2240 67
98.2560 98.4160 69
98.6400 98.7360 73
98.7680 99.4080 74
99.4400 99.5040 72
99.5360 99.8560 71
101.5200 101.6160 69
101.6480 101.7440 71
101.9360 102.1280 64
102.3200 102.3840 64
102.4160 102.4480 65
102.4800 102.9600 67
103.1520 103.5040 64
104.4960 104.6240 69
104.6560 104.7840 71
104.9760 105.1680 64
105.4560 105.5840 65
105.6160 105.8720 67
106.0960 106.4480 64
107.8560 108.0480 62
108.3040 108.3680 65
108.4000 108.4320 66
108.4640 111.5040 67
118.9600 119.1200 59
119.1520 119.2480 62
119.2800 119.9200 64
119.9520 120.4320 67
120.4640 123.0240 66
123.0560 123.1520 64
123.1840 123.6320 62
123.6640 124.0800 64
124.1120 125.2640 67
127.3760 127.5040 67
127.5360 129.2960 69
129.3280 129.6160 67
129.6480 129.7760 69
129.8080 131.4400 71
131.8880 132.0160 72
132.0480 132.4000 74
132.4320 135.5680 69
139.4400 139.5680 62
139.6000 139.7920 64
139.8240 140.0800 67
140.2080 140.3040 70
140.3360 140.4320 72
140.6560 140.9120 71
141.0400 141.2640 69
141.2960 142.4480 66
143.2800 143.6640 66
143.9200 144.3040 67
144.3360 144.7840 64
145.5200 145.7760 64
145.8080 146.0000 67
146.1920 146.3200 70
146.3520 146.4800 72
146.6080 146.7040 69
146.7360 146.8640 71
146.9920 147.2480 69
147.4720 149.9040 66
149.9360 150.0640 64
150.0960 150.1280 62
152.8160 152.8800 72
153.0080 153.1680 65
153.2000 153.3600 68
153.5840 153.7440 70
153.7760 154.3200 72
154.3520 154.8960 70
155.1200 155.2480 62
155.2800 156.7840 63
157.3280 157.4880 75
157.5200 158.0960 77
158.1280 158.8640 75
158.8960 158.9280 72
158.9600 159.0560 70
159.0880 159.4080 72
159.4400 159.6320 70
159.6640 159.7600 71
159.7920 162.3200 70
162.3520 162.4160 69
162.4480 162.5120 66
162.7040 162.7680 65
162.8000 162.8640 66
163.0880 163.3120 67
163.3440 163.4400 66
163.4720 163.5680 67
163.6000 163.6320 68
163.6640 163.7280 69
163.7600 163.8880 71
163.9200 164.0480 72
164.4000 164.5280 68
164.7840 164.9440 69
164.9760 165.1360 72
165.1680 165.2320 68
165.2640 165.7440 70
165.7760 166.3520 72
166.3840 166.8320 70
166.8640 167.9840 65
168.0160 168.0480 63
168.0800 168.4320 61
168.4640 168.6240 62
168.6560 168.7520 61
169.3280 169.3600 61
169.3920 169.4880 62
169.5200 169.9040 63
169.9360 169.9680 62
170.1280 170.1280 65
170.1600 170.2560 67
170.2880 170.8320 68
170.8640 170.8640 70
170.8960 171.0240 74
171.0560 171.8560 75
171.8880 174.2880 72
174.3200 174.6400 70
174.6720 174.9280 73
174.9600 175.4720 72
175.5040 175.5680 70
175.6000 176.3040 68
176.3360 176.3360 66
176.8480 176.9120 63
176.9440 177.1680 65
177.2000 177.4240 68
177.5840 177.6480 70
177.6800 178.2880 72
178.3200 178.8000 70
178.8320 178.9280 65
179.1520 179.7920 65
180.3680 180.8800 72
180.9120 181.6160 70
181.6480 182.0000 72
182.0320 182.3840 73
182.4160 182.4800 71
182.5120 182.8640 72
182.8960 182.9600 70
182.9920 183.0560 68
183.2160 183.2480 67
183.2800 183.6640 68
183.6960 183.7280 69
183.7600 184.0160 70
184.0480 184.1440 72
184.3360 184.4320 68
184.4640 184.5920 70
184.7840 184.9120 68
185.1360 185.2640 68
185.2960 185.8080 70
185.8400 185.8720 73
185.9040 185.9680 74
186.0000 186.1280 75
186.2560 186.6400 75
186.6720 186.7040 74
186.7360 188.0160 72
188.4320 188.5600 70
188.5920 188.7520 72
188.7840 189.3280 65
189.3600 190.0000 68
190.0320 190.8320 65
191.4720 191.6000 70
191.6320 191.7600 72
191.7920 191.7920 67
191.8240 192.1120 65
192.2720 192.4000 66
192.4320 193.0080 68
193.0400 193.8720 65
195.4400 195.8240 63
195.8560 195.9840 66
196.0160 198.5120 68
200.9760 201.2320 65
201.2640 201.4560 68
201.7120 201.7760 70
201.8080 202.1920 72
202.8320 203.0240 70
203.2480 203.4720 65
204.4000 204.4640 72
204.6240 204.7520 70
204.7840 204.9120 72
204.9440 205.4560 70
205.6800 205.9040 72
206.0640 206.1600 72
206.1920 206.3200 73
206.5760 206.7040 72
206.8640 207.0240 70
207.0560 207.5040 68
207.6640 207.7920 68
207.8240 208.0160 70
208.4640 208.5920 68
208.6240 208.7840 70
208.8160 209.1040 68
209.2320 209.3920 68
209.4240 209.7440 70
210.5440 210.7360 68
210.8640 210.9280 69
210.9600 211.0880 70
211.1200 211.6640 72
212.7200 212.8160 59
212.8480 212.9440 58
212.9760 213.1360 60
213.3600 213.5520 65
213.7760 213.9360 65
213.9680 214.3520 68
214.3840 214.4480 67
214.4800 214.8960 65
216.1440 216.1760 59
216.2080 216.3040 60
216.5280 216.7200 65
216.9440 217.0720 66
217.1040 217.5200 68
217.7760 218.3200 65
220.4000 220.5600 63
220.8480 220.9120 66
220.9440 222.8000 68
