21.1680 21.3600 50
21.3920 21.4880 51
22.3200 22.4480 49
28.8160 28.8480 51
28.8800 29.9040 52
29.9360 30.1280 53
30.1600 30.4160 51
30.4480 30.5760 52
30.7040 31.1200 50
31.7280 31.8880 50
31.9200 32.0480 49
32.3040 32.8160 50
32.9440 33.0720 52
33.4240 33.4880 51
33.5200 33.8080 50
33.8400 33.8720 51
33.9040 34.0000 52
34.1280 34.2240 52
34.2560 34.3520 51
34.3840 34.6080 50
35.3760 35.6320 49
36.5600 36.6240 52
36.6560 36.8800 53
37.0080 37.5840 53
37.6160 37.6480 54
37.6800 37.8080 56
38.0000 38.0960 54
38.2240 38.2880 53
38.3200 38.6400 54
39.5360 39.5680 51
39.6000 41.4880 52
44.3040 44.3680 52
44.4000 44.8480 53
44.8800 44.9120 52
45.2960 45.3600 49
45.5200 45.6160 52
46.0000 46.3200 50
47.0880 47.2160 49
47.3760 47.5680 50
47.6000 47.7600 51
47.7920 48.0160 52
48.9440 49.0400 49
49.0720 49.2640 50
49.3920 49.5520 50
49.5840 50.0000 49
51.9840 52.0480 52
52.0800 52.5280 53
52.5600 52.7200 52
52.9120 53.0400 53
53.0720 53.1040 52
53.1360 53.4560 51
53.9680 54.0640 51
55.0240 55.0880 49
55.4400 55.5360 49
60.4320 60.5600 49
60.8800 61.0720 50
61.3920 61.6480 50
62.9920 62.9920 53
63.1200 63.1840 53
63.2160 63.2480 54
63.2800 63.6640 55
63.6960 63.7280 54
63.7600 63.7920 53
63.8240 63.9520 52
63.9840 64.0160 51
64.0800 64.4000 50
64.4320 64.4960 51
64.5280 66.2240 52
68.1760 68.1760 49
68.5280 68.5600 49
68.5920 68.7200 50
69.0400 69.4560 50
70.8640 70.8960 53
70.9280 71.0240 54
71.0560 71.4080 55
71.4400 71.4720 54
71.5040 71.5360 53
71.5680 71.6640 52
71.8880 72.0800 50
72.1120 72.1760 51
72.2080 73.9360 52
75.6320 75.6960 56
75.7280 76.0160 57
76.0480 76.0800 53
76.1120 76.2400 52
76.3680 76.4320 53
76.4640 76.5600 54
76.8480 77.0080 51
78.2880 78.3840 53
78.6080 78.6720 54
78.7040 79.1840 55
79.2160 79.4080 52
79.5680 79.9200 50
79.9520 79.9840 51
80.0160 80.1440 52
80.1760 80.4000 51
80.4320 80.6880 52
80.7200 80.8480 50
80.9760 81.1040 49
83.6000 83.6960 49
84.0800 84.2080 50
84.5920 84.9120 50
86.3520 86.8320 49
87.6000 87.6640 53
90.6080 90.6080 64
90.6400 90.7360 67
90.8640 91.2800 67
91.3120 91.5680 65
91.6000 91.7280 64
91.7600 92.1440 60
92.1760 92.4000 62
92.4320 92.5280 61
92.5600 93.1680 62
93.3280 93.6480 60
93.7760 94.1600 60
94.1920 94.6400 62
94.6720 94.7040 63
94.7360 94.7360 65
94.7680 95.0240 67
95.0560 96.3680 64
96.4000 96.5600 63
98.3200 98.9920 67
99.0240 99.1840 65
99.2160 99.4720 64
99.5040 99.5040 62
99.5360 99.8880 60
99.9200 100.1760 62
100.2080 100.2720 59
100.3040 100.4640 60
100.4960 100.7520 62
100.7840 101.3280 60
101.3600 101.3920 61
101.4240 101.4880 62
101.5200 101.6160 65
101.6480 101.7120 66
101.7440 101.9360 67
101.9680 102.0000 65
102.0320 102.1280 64
102.2560 103.3120 64
103.3440 103.5040 63
103.5360 103.6640 64
106.0960 106.3520 67
106.3840 106.4480 64
106.6080 107.3440 64
107.5360 107.7600 67
107.7920 107.7920 65
107.8240 108.6240 62
109.2960 109.4560 62
109.4880 109.5520 63
109.5840 110.5440 64
110.7040 111.2160 67
111.4080 111.4720 65
111.5040 111.5680 64
111.6000 111.6320 63
111.6640 111.7920 62
111.8240 112.5280 60
112.5600 113.2320 59
113.2640 113.6160 57
115.2800 115.6000 50
115.7280 116.3360 50
116.5280 116.6240 50
116.6560 116.8480 49
116.9760 117.6800 49
120.1440 120.5280 59
120.5600 120.5920 58
120.6240 120.7200 57
120.7520 120.7840 56
120.8160 120.8480 55
120.8800 121.0080 54
121.0400 121.1360 55
121.1680 121.3280 56
121.3600 121.4880 55
123.0560 123.2800 50
124.0160 124.2720 53
125.4560 125.5200 57
126.2240 126.4800 57
126.8640 126.9600 57
128.6240 128.7520 64
128.8800 129.5840 64
129.6160 129.7440 65
129.7760 130.5120 64
130.5440 131.2800 63
131.3120 131.4720 62
131.5040 131.5680 63
131.8880 132.1120 71
132.1440 132.3040 70
132.3360 132.3680 68
132.4000 132.6240 65
133.0400 133.7760 72
133.8080 133.9360 73
134.0640 134.3520 64
134.3840 134.4160 63
134.4480 134.4800 62
134.7680 134.9280 71
134.9600 135.0240 72
135.6640 136.5920 71
136.6240 136.7520 70
137.1040 137.6480 67
137.6800 137.7440 68
137.8720 137.9680 68
138.0960 138.1600 68
138.9280 139.0240 69
139.6000 139.6640 69
139.7920 140.0160 70
140.0480 140.0480 68
140.2720 140.4000 67
140.4960 140.6240 68
141.0080 141.0720 63
141.5840 142.0960 60
142.1280 142.2240 59
142.3840 142.5440 59
142.5760 142.8000 60
142.8320 143.5680 59
143.6000 143.8880 60
143.9200 143.9520 59
144.3360 144.4640 63
144.4960 144.7840 64
144.8160 145.0080 65
145.0400 145.3920 64
145.4240 145.6480 63
147.2800 147.3440 60
147.3760 147.6000 59
147.6320 147.7280 57
147.7600 147.8240 56
147.9520 148.1120 53
148.1440 148.2400 54
148.2720 148.5280 55
148.5600 148.9760 53
149.0080 149.1040 52
149.1360 149.6800 53
150.1920 150.4160 63
150.4480 151.2800 62
151.4080 151.4720 61
151.5040 151.5680 62
151.6000 151.9840 64
152.8480 152.9440 63
154.6400 154.7680 63
154.8960 155.0240 63
155.0560 155.1200 62
155.1520 155.2480 61
155.8560 156.2400 60
156.4000 156.4000 62
156.4320 156.6880 64
156.7200 157.0720 63
157.1040 157.5200 64
157.6160 157.6480 65
157.8720 157.9360 63
157.9680 158.1600 64
158.3200 158.8320 62
158.8640 159.2480 60
159.2800 159.5040 62
159.5360 159.6640 60
159.6960 159.8880 61
159.9200 160.4320 62
160.4640 160.4960 63
160.5280 160.6560 64
161.0080 161.1040 63
161.1360 161.3920 62
161.4240 161.9680 64
162.0000 162.3840 62
162.4160 162.4160 60
162.4480 162.8320 57
162.8640 163.2800 60
163.3120 163.5360 57
163.5680 163.6960 58
164.1440 164.1760 63
164.2080 165.1680 65
165.2000 165.2320 66
165.3280 165.3280 64
165.4240 165.4240 64
165.4560 165.5840 69
165.6160 165.6160 67
165.6480 165.6480 65
165.8400 165.9040 66
165.9360 166.0320 67
166.0640 166.2240 66
166.2560 166.2560 64
166.2880 166.2880 62
166.3200 166.4800 60
167.0560 168.7840 64
168.8160 169.1680 63
170.0320 170.0960 59
170.1280 170.2880 60
170.3200 170.3840 65
170.4160 170.5440 67
170.5760 170.6080 66
170.6400 170.8000 65
170.8320 171.0240 64
171.0560 171.0560 62
171.0880 171.4720 60
171.7280 171.7920 61
171.8240 171.8240 63
171.8560 172.5920 65
172.7840 172.9440 60
173.0720 173.4560 64
173.4880 173.5200 63
173.5520 174.1920 62
174.3200 174.3840 62
174.4160 174.8640 60
174.9920 175.4080 62
175.4400 175.5040 64
175.5360 175.6640 65
175.9200 175.9520 66
175.9840 176.1440 67
176.1760 176.3360 66
176.4640 176.6240 61
176.6560 176.8160 62
176.9440 177.2320 62
177.2640 178.0640 60
178.4160 178.5440 61
179.6000 179.6000 61
179.6320 179.6960 63
179.7280 180.3040 65
180.3360 180.4960 63
180.5280 180.7200 65
180.8480 181.6160 62
181.6480 181.7440 61
182.0320 182.2880 67
182.4480 183.6960 60
187.3120 187.3440 63
187.3760 187.6640 64
187.6960 187.7920 62
187.8240 188.4000 64
188.4320 188.6560 65
188.8480 188.8480 62
188.8800 189.1040 64
189.2320 189.6160 62
189.6480 189.6800 61
189.7120 190.2240 60
190.2560 190.4160 62
190.4480 190.5440 61
190.5760 190.6080 60
190.7360 190.8320 60
190.8640 191.4080 62
191.4400 191.4720 63
191.5040 191.6320 64
191.7600 191.8880 64
192.1760 192.3360 62
192.3680 192.8160 64
192.8480 192.8800 63
192.9120 193.2960 62
193.3280 193.3280 59
193.3600 193.8080 57
193.8400 194.2240 60
194.2560 194.6080 57
194.9920 195.0240 60
195.0560 195.0880 63
195.1200 195.1520 64
195.1840 196.1760 65
196.2080 196.4960 69
196.5600 196.5920 65
196.7840 196.8160 66
196.8480 197.1680 67
197.2000 197.2000 64
197.2320 197.3920 60
197.9040 198.0000 63
198.0320 200.3680 64
200.4000 200.7200 63
201.0400 201.1040 60
201.1360 201.2320 61
201.2640 201.2960 65
201.3280 201.3600 66
201.3920 201.5200 67
201.5520 201.7760 65
202.0640 202.3200 60
202.3520 202.4480 61
202.5760 202.8000 62
202.8320 203.6960 65
203.9840 204.4640 64
204.4960 205.0720 62
205.1040 205.1360 60
205.3600 205.8080 60
205.9360 206.4160 62
206.4480 206.7040 65
206.8320 206.9280 67
207.1200 207.2800 67
207.3120 207.3440 64
207.3760 207.5680 60
207.6000 207.7920 62
207.9520 208.1120 62
208.1440 209.1680 60
210.3200 210.4480 57
210.4800 210.5440 61
210.5760 210.9600 65
211.2480 211.4080 63
211.4400 211.6000 65
211.9200 212.2080 62
212.4640 212.6240 62
212.9120 213.0080 67
213.0400 213.1680 69
213.3920 213.6160 60
213.7440 214.3520 60
214.3840 214.7040 59
217.6800 217.7440 64
217.7760 218.0000 65
218.0320 218.1920 64
218.2240 218.2560 62
218.2880 218.4160 60
218.4480 218.4480 62
218.4800 218.6400 65
218.6720 218.8960 64
218.9280 219.0560 61
219.2160 219.4400 65
219.4720 219.6000 64
219.6320 219.8560 61
219.8880 220.1120 65
220.1440 220.3040 64
220.3360 220.5920 60
220.6240 220.8160 62
220.8480 220.8480 60
221.1680 221.2000 67
221.4240 221.8080 62
221.8400 223.6000 64
223.6320 223.7600 63
223.7920 223.8880 64
225.4880 225.5520 65
225.7120 225.9040 64
225.9360 226.0640 61
226.0960 226.1600 62
226.1920 226.3840 65
226.4160 226.6080 64
226.8000 226.8960 62
226.9280 227.1200 65
227.1520 227.3120 64
227.8880 228.0160 60
228.0480 228.0800 61
228.1120 228.1760 63
228.2080 228.2080 65
228.6240 228.7520 60
228.7840 228.8160 61
228.8480 229.0080 62
229.0400 229.2640 61
229.2960 229.3280 62
229.3600 229.3600 65
229.3920 229.7440 67
229.8400 231.1840 64
231.2160 231.6000 63
232.4960 232.5920 64
233.2960 233.7440 60
233.9360 234.2240 67
234.2560 234.3520 62
234.3840 234.9280 60
235.0240 235.2800 62
235.3440 235.3440 62
235.6320 235.8560 60
235.8880 236.9440 62
236.9760 237.1040 60
237.1360 237.8080 64
237.8400 237.9680 67
238.0320 238.0640 67
238.2560 238.4800 67
238.6400 238.6720 69
238.8640 243.6960 69
258.4160 258.5760 50
258.8000 258.8640 49
259.7920 259.8560 49
260.1440 260.1760 49
294.7040 296.0800 52
296.1120 296.2400 50
296.2720 296.3360 51
296.3680 296.4960 52
296.5280 297.0080 50
297.4240 297.4880 49
297.6480 297.7760 50
297.8080 297.9040 49
298.2240 298.7360 50
298.8640 299.0240 51
299.3440 299.4080 51
299.4400 299.7920 50
299.8240 299.9520 52
300.0800 300.2080 52
300.2400 300.3040 51
300.3360 300.6240 50
301.2960 301.5840 49
302.4800 302.5120 51
302.5440 302.8000 53
302.9280 303.4720 53
303.6320 303.7600 57
303.8880 304.0160 55
304.3680 304.5600 54
305.4560 306.8640 52
310.2560 310.9280 53
311.9520 312.1760 50
313.0400 313.1360 49
313.2960 313.7760 50
313.8080 313.9360 52
314.8960 315.1520 50
315.3120 315.9200 49
317.9040 318.0640 51
318.0960 318.7040 53
318.8960 319.0880 53
319.2480 319.5680 51
320.9120 321.0400 49
