12.5600 13.0080 57
13.4880 15.0560 57
15.3440 15.4720 57
39.7600 40.7200 67
40.7520 40.7840 66
40.8160 40.9120 65
40.9440 41.6800 63
43.9520 44.3680 65
44.4000 44.4640 63
44.6560 44.7840 65
44.8160 44.9120 67
44.9440 44.9760 66
45.0080 45.1680 65
45.4240 45.7760 63
45.8080 45.8400 62
45.8720 46.0640 59
46.0960 46.2240 60
47.3760 47.5040 58
47.8880 48.6560 67
48.6880 48.8160 65
48.8480 50.0000 63
51.5360 51.6320 63
51.6640 51.6960 64
51.7280 52.1760 65
52.2080 52.3040 63
52.4960 52.5920 65
52.6240 52.7520 67
52.7840 52.9760 65
53.2640 53.5840 63
53.6160 53.6800 62
53.7120 53.7440 60
53.7760 53.8720 58
53.9040 54.0000 60
55.4400 55.4720 70
55.8880 55.9840 65
56.0160 56.1120 67
56.1440 56.2720 68
56.3040 56.3360 67
56.3680 56.4640 65
56.4960 56.5920 67
56.6240 56.6240 65
56.6560 57.5840 63
57.6160 57.7120 65
57.7440 57.8720 67
59.2800 59.3440 61
59.3760 59.5040 63
59.5360 59.6320 65
59.8240 59.9840 65
60.0160 60.1440 63
60.2720 60.3680 65
60.4000 60.5280 67
60.6880 60.8160 65
60.9760 61.3920 63
61.4240 61.4880 60
61.5200 61.6160 58
61.6480 61.6800 59
61.7120 61.8720 60
63.2160 63.3120 65
63.3440 63.4080 67
63.4400 63.5680 68
63.6960 63.7920 65
63.8240 63.9200 67
63.9520 64.1120 68
64.1440 64.2400 65
64.2720 64.3360 67
64.3680 64.3680 65
64.4000 65.2320 63
65.2640 65.3920 60
65.4240 65.5840 58
67.3760 67.4720 65
67.6000 67.8240 65
67.8560 67.9200 63
68.1120 68.1760 65
68.2080 68.3680 67
68.4000 68.6240 65
68.7840 69.1360 63
69.3600 69.3920 58
69.4240 69.4560 59
69.4880 69.5840 60
69.7760 70.3200 63
70.3520 70.3520 65
70.3840 70.5440 67
70.7680 71.0240 70
71.0560 71.6960 72
71.7280 71.7600 71
71.7920 71.9840 70
72.0160 72.1440 72
72.1760 72.4000 70
72.4320 72.5280 67
72.7200 73.1680 67
73.4560 73.6480 67
73.6800 73.9040 65
73.9360 74.1600 67
74.3520 74.4160 69
74.4480 74.4480 67
74.4800 74.4800 64
74.5120 75.2160 62
75.3440 75.4400 62
75.6960 75.9840 62
76.0160 76.1440 63
76.2720 76.3680 62
76.4000 76.4960 60
76.6560 77.1680 60
77.6480 78.1600 63
78.1920 78.3840 67
78.5440 78.8000 70
78.8320 79.4400 72
79.4720 79.5040 71
79.5360 79.7600 70
79.7920 79.8560 72
79.8880 79.9200 71
79.9520 80.0160 70
80.1440 80.2400 70
80.2720 80.9440 67
81.0720 81.1680 65
81.2000 81.2960 64
81.3280 81.4560 67
81.4880 81.7120 65
81.7440 82.0320 67
82.1920 82.2560 63
82.5120 82.8320 62
82.8640 83.0240 63
83.6960 84.0800 66
84.6880 84.9120 63
84.9440 85.0080 65
85.1680 85.3600 67
85.3920 85.5200 70
85.5520 85.8400 67
85.8720 86.0320 70
86.0640 86.0960 71
86.1280 86.3200 72
86.3520 86.4800 75
86.6080 86.7040 75
86.7360 86.8960 77
86.9280 87.1200 75
87.1520 87.3120 77
87.3440 88.1440 75
88.2720 88.3680 75
88.4000 88.5920 72
90.2240 90.4160 72
90.4480 90.4800 74
90.5120 90.9280 75
90.9600 91.0240 78
91.0560 91.1840 75
91.2160 91.4400 74
91.4720 91.4720 72
91.5040 91.5040 70
91.5360 91.9200 67
91.9520 92.3040 70
92.3360 92.4640 71
92.6560 93.8080 72
94.5120 94.5440 75
94.5760 94.6720 77
94.8000 94.8640 75
95.0880 95.1520 74
95.1840 95.6640 75
95.7280 95.8560 75
95.9840 96.5600 75
96.5920 96.7840 77
96.8160 97.2000 79
97.2320 97.2960 78
97.3280 97.4240 75
98.0320 98.1600 72
98.1920 98.2880 74
98.3200 98.6720 75
98.7040 98.8000 76
98.8320 98.9280 79
98.9600 98.9600 77
98.9920 99.0880 75
99.1200 99.2800 74
99.3120 99.3120 71
99.3440 99.3440 69
99.3760 99.7920 67
99.8240 100.1120 70
100.1440 100.2080 71
100.2400 100.2720 74
100.3040 100.4960 75
100.5280 101.2640 72
101.4880 102.1920 72
102.2240 102.6080 75
102.6400 102.7040 76
102.9280 103.1200 74
103.1520 103.1840 72
103.2160 103.3120 71
103.4400 103.6640 67
103.6960 104.0480 70
104.0800 104.1440 72
104.1760 104.2400 74
104.4320 104.8160 72
106.1920 106.3200 65
106.3520 106.7040 67
106.8320 106.9280 67
107.0880 107.2160 65
107.4080 108.0160 63
108.1760 108.4320 63
109.9680 110.2240 63
110.2560 110.7040 65
110.7360 110.8320 63
110.9920 111.0880 65
111.1200 111.2800 67
111.3120 111.6000 65
111.7280 112.1440 63
112.1760 112.2080 61
112.2400 112.3040 58
112.3360 112.3680 59
112.4000 112.5280 60
113.4560 113.5200 62
113.9360 114.1280 65
114.1600 115.0240 67
115.0560 115.1200 65
115.1520 115.9520 63
116.0800 116.5600 63
116.6880 116.8480 63
117.6800 117.8400 67
117.8720 118.0320 65
118.2880 118.5120 65
118.5440 118.6080 63
118.7680 118.8960 65
118.9280 119.0560 67
119.2160 119.3120 65
119.5680 119.9200 63
119.9520 120.0160 62
120.1760 120.3360 60
120.7520 120.7840 65
120.8160 120.8480 66
120.8800 120.9760 67
122.0000 122.2240 68
122.2560 122.4160 67
122.4480 122.5760 68
122.7360 122.8000 65
122.8320 122.9600 67
122.9920 123.9200 63
123.9520 124.0480 65
124.0800 124.2400 67
125.9040 126.3200 65
126.3520 126.4480 63
126.6080 126.7360 65
126.7680 126.8640 67
126.9920 127.1200 65
127.2800 127.7600 63
127.7920 127.7920 61
127.8240 127.9520 58
127.9840 128.1120 60
128.3360 128.4000 70
128.4320 128.5600 72
128.5920 129.0400 70
129.0720 129.2640 68
129.3920 129.5200 69
129.5520 130.2880 67
130.3200 130.4480 68
130.4800 130.5760 67
130.6080 130.6720 66
130.8000 131.6000 63
131.6320 131.7280 60
133.0080 133.2320 63
133.4880 133.6800 63
133.7120 134.1280 65
134.1600 134.2560 64
134.4480 134.5120 65
134.5440 134.6400 67
134.8000 134.8960 65
135.1840 135.5360 63
135.5680 135.6000 61
135.6320 135.7280 58
135.7600 135.9200 60
136.1440 136.5920 63
136.7200 136.8800 67
137.1040 137.1680 70
137.3600 137.4880 72
137.6160 137.8080 72
137.9360 138.0320 71
138.0640 138.1920 70
138.3200 138.3840 72
138.5120 138.7360 70
138.7680 138.8960 67
139.0560 139.7280 67
139.8880 140.0160 67
140.0480 140.2400 65
140.2720 140.4960 67
140.6880 140.8160 70
140.8480 140.8800 65
140.9120 140.9440 63
140.9760 141.6160 62
142.0000 142.2880 62
142.3200 142.4480 63
142.6080 142.6720 61
142.7040 142.8000 60
142.9600 143.1840 60
143.2160 143.4400 61
143.9200 144.4320 63
144.5600 144.7200 67
145.2000 145.2640 72
145.5200 145.6160 72
145.8720 145.9040 70
145.9680 146.0960 70
146.3200 146.5120 68
146.5440 146.8320 67
147.1200 147.1200 66
147.3760 147.4720 65
147.6320 147.8560 67
148.0160 148.3040 67
148.7840 149.4880 62
149.6800 149.7440 60
149.7760 150.0000 59
150.3200 150.6720 62
151.0240 151.2480 63
151.2800 151.3440 65
151.5040 151.6960 67
151.7280 151.8560 70
151.8880 152.2080 67
152.2400 152.3680 70
152.4000 152.4320 71
152.4640 152.6560 72
152.6880 152.8160 75
152.8480 152.8800 73
153.1680 153.1680 65
153.2640 153.4880 63
153.5200 153.6480 65
153.7120 154.6400 63
155.0560 155.2160 63
156.5920 156.6880 72
156.7200 156.7840 74
156.8160 157.2640 75
157.2960 157.4240 79
157.4880 157.8080 74
157.8400 158.2560 67
158.2880 158.7360 70
158.7680 158.9600 75
158.9920 160.1440 72
160.9120 161.0080 65
161.1680 161.2640 63
161.2960 161.4240 65
161.4560 161.4560 63
161.5520 162.6080 63
162.8960 162.9280 75
162.9600 163.1200 77
163.1520 163.5360 79
163.5680 163.7600 77
163.7920 164.1120 79
164.4000 164.6240 74
164.6560 164.9440 75
164.9760 165.0400 76
165.0720 165.1360 77
165.1680 165.3280 79
165.3600 165.4240 75
165.4560 165.6160 74
165.6480 165.6480 72
165.6800 165.7120 69
165.7440 166.1280 67
166.1600 166.5120 70
166.5440 166.5440 72
166.5760 166.8000 75
166.8320 168.4320 72
168.5600 168.9760 75
169.0080 169.0720 78
169.2640 169.4880 74
169.5200 169.6480 71
169.7760 170.0000 67
170.0320 170.3840 70
170.4160 170.4800 72
170.5120 170.6080 74
170.7360 171.2800 72
172.4960 172.5600 63
172.8160 172.9440 63
173.1680 173.2960 63
173.6800 173.7760 68
173.8080 173.9360 70
173.9680 174.1600 67
174.1920 174.2560 65
174.4160 174.4800 63
174.8000 174.8960 63
175.1520 175.2480 63
180.6240 180.7200 63
180.9760 181.0720 63
181.4880 181.5840 68
181.6160 181.7440 70
181.7760 181.9680 67
182.0000 182.0640 65
182.2240 182.3200 63
182.5760 182.7040 63
182.9280 183.0560 63
186.8640 187.3120 63
187.4400 187.4400 65
187.4720 187.6640 67
187.8240 188.0800 70
188.1120 188.6880 72
188.7200 188.9120 70
189.0400 189.1040 71
189.2320 189.4560 70
189.4880 189.6160 67
189.7760 190.4800 67
190.6080 190.7360 67
190.7680 190.8960 65
191.0240 191.2160 67
191.3760 191.5360 70
191.5680 191.5680 64
191.6640 192.1760 62
192.2720 192.2720 62
192.7200 193.0080 62
193.0400 193.1360 63
193.3280 193.3920 61
193.4240 193.5520 60
193.6800 194.2560 60
194.6720 195.2160 63
195.2480 195.3120 67
195.6000 195.8560 70
195.8880 196.5600 72
196.5920 196.8160 70
197.0080 197.0720 70
197.2000 197.2960 69
197.3280 197.7440 67
198.0960 198.2880 65
198.3200 198.4160 67
198.5760 198.7680 65
198.8000 199.0560 67
199.1840 199.2480 66
199.5040 200.0800 62
200.4640 200.5280 70
200.5600 200.6240 71
200.6560 200.7840 72
200.8160 201.2640 70
201.2960 201.4240 67
201.5840 201.9680 63
202.0000 202.0640 65
202.2240 202.4160 67
202.4480 202.5760 70
202.7040 202.9280 67
202.9600 203.1520 70
203.1840 203.3760 72
203.4080 203.5360 75
203.6640 203.7600 75
203.7920 203.9200 77
203.9520 204.1440 75
204.1760 204.3040 77
204.3360 204.9760 75
205.1040 206.0000 63
207.3120 207.4080 72
207.4400 207.4720 73
207.5040 207.5360 74
207.5680 207.9840 75
208.0160 208.0800 77
208.1120 208.2400 75
208.2720 208.5280 74
208.5600 208.5600 71
208.5920 209.0080 67
209.0400 209.4560 70
209.4880 209.4880 72
209.5200 209.6800 75
209.7120 210.8320 72
211.5040 211.6000 63
211.6320 211.7280 65
211.8880 212.0160 63
212.0480 212.1440 65
212.1760 213.3920 63
213.5840 213.6480 75
213.6800 213.9040 77
213.9360 214.4480 79
214.4800 214.8640 77
214.8960 215.2480 75
215.2800 215.3760 74
215.4080 215.7280 75
215.7600 215.8560 76
215.8880 216.0480 79
216.0800 216.0800 77
216.1120 216.1440 75
216.1760 216.3360 74
216.3680 216.3680 72
216.4000 216.4000 70
216.4320 216.8800 67
216.9120 217.2320 70
217.2640 217.2960 73
217.3280 217.3600 74
217.3920 217.5520 75
217.5840 218.5120 72
218.5440 218.6400 74
218.6720 218.8000 75
218.8320 219.3120 74
219.5040 219.8240 75
219.8560 219.9200 77
219.9520 220.9760 75
221.0720 221.6160 75
221.9680 222.0320 75
222.2240 222.3200 77
222.3520 222.4480 79
222.4800 222.5760 77
222.6080 222.6400 75
222.7360 222.8640 75
222.8960 223.0880 72
223.1200 223.1520 74
223.1840 223.6000 75
223.6320 223.6960 77
223.7280 223.8560 75
223.8880 224.1440 74
224.1760 224.1760 71
224.2080 224.5600 67
224.5920 224.6560 68
224.6880 225.0720 70
225.1040 225.2960 75
225.3280 225.6160 72
225.7440 226.0640 72
226.1920 226.2240 71
226.2560 226.5440 72
226.5760 226.9920 75
227.0240 227.1520 72
227.1840 227.2160 76
227.2480 227.3760 77
227.4080 227.6320 75
227.6640 227.6960 77
227.7280 227.7600 76
227.7920 228.3360 75
228.4640 228.5280 75
228.9120 229.2640 75
229.2960 229.3920 77
229.4240 229.5200 78
229.5520 229.8400 79
229.8720 229.9680 77
230.0000 230.0960 76
230.1280 230.4800 79
230.7680 230.9920 74
231.0240 231.3120 75
231.3440 231.3760 77
231.4080 231.4720 78
231.5040 231.6640 79
231.6960 231.7600 75
231.7920 231.9520 74
231.9840 231.9840 72
232.0160 232.4640 67
232.4960 232.8480 70
232.8800 232.9120 73
232.9440 233.1360 75
233.1680 234.1280 72
234.6080 234.7040 72
234.7360 234.8000 73
234.8320 235.3120 75
235.3440 235.4080 78
235.6320 235.8240 74
235.8560 235.9200 72
236.1120 236.3360 67
236.3680 236.7200 70
236.7520 236.8160 72
236.8480 236.9440 74
237.0720 237.5520 72
