9.5520 9.7120 63
9.8720 13.0720 77
13.1360 13.2000 74
13.5520 13.9040 65
13.9360 14.1280 63
14.3200 15.5680 60
15.7920 15.9840 60
16.3360 16.3360 57
16.4320 16.7200 56
17.0400 17.1360 59
17.1680 17.2960 60
17.5520 17.7440 59
17.7760 18.3200 60
18.3520 18.6400 61
18.6720 18.7680 62
18.8000 19.1200 63
19.1520 21.9680 65
22.8640 23.4720 65
23.5040 23.8880 68
23.9200 23.9840 67
24.0160 24.1120 65
24.1760 24.5920 65
25.1040 25.3920 70
25.4240 25.7440 68
25.9040 27.4720 60
27.7920 27.8560 57
28.9440 29.1360 56
29.1680 29.9360 53
29.9680 30.0320 54
30.0640 30.3200 55
30.3520 30.8000 53
31.1840 31.6000 56
31.6320 32.0480 58
32.0800 32.2720 56
32.3040 32.5600 55
32.6880 33.2320 53
33.2640 33.3280 54
33.5840 33.7440 56
33.7760 33.9360 54
33.9680 34.5760 53
34.6080 34.6400 54
34.6720 34.7040 55
34.7360 34.8960 56
35.0240 35.3440 53
35.8560 36.3360 56
36.3680 36.8480 58
36.8800 37.2000 56
37.3280 37.5200 59
37.5520 38.0000 60
38.0320 38.1280 59
38.1600 38.2240 62
38.4480 38.9280 58
38.9600 39.0880 59
39.3120 39.3760 62
39.5040 39.6000 59
39.6320 40.1760 58
40.2080 40.3040 57
40.3360 40.7520 56
40.7840 40.8800 57
40.9120 41.2320 58
41.3600 41.4880 56
41.6160 41.7440 55
41.7760 41.8720 54
41.9040 42.4480 53
42.4800 42.5760 54
42.7680 42.9280 56
42.9600 43.0240 55
43.0560 43.1520 54
43.1840 43.7600 53
43.9200 44.0800 56
44.1120 44.1760 55
44.2080 44.6560 54
45.0080 45.1040 59
45.3600 45.4560 62
45.4880 46.0320 63
46.2560 46.3200 62
46.4800 46.5120 63
46.5440 48.5600 65
48.9440 48.9760 61
49.0400 49.0720 60
49.1040 49.1680 59
49.3920 49.4560 56
49.7120 49.9040 55
50.2880 50.4480 55
50.7360 50.9600 55
51.7920 51.8560 56
51.9840 52.2080 55
52.3680 52.4960 53
52.6560 52.7200 54
52.9120 53.1680 55
53.4880 53.6800 56
54.0320 54.4480 56
54.6720 54.8960 55
55.1840 55.5040 55
55.7920 55.9840 56
56.3360 56.4640 60
57.2000 57.3280 61
57.4560 57.8080 59
58.1280 58.5440 54
58.6720 59.0880 58
59.6640 59.7920 60
59.9200 60.4000 60
60.6560 60.7520 60
60.9440 61.1680 68
61.2960 61.3600 67
61.5200 61.7760 65
61.8080 62.0000 67
62.0320 62.1600 65
62.1920 62.2880 67
62.7040 62.9280 68
63.2800 63.7920 67
63.8240 64.0160 65
64.0480 64.0800 63
64.4000 64.6880 67
64.8800 64.9120 65
64.9440 66.8000 67
67.2480 67.6640 63
67.6960 70.7680 65
71.2800 71.5360 65
71.5680 71.8240 63
72.0160 72.9120 60
72.9440 73.0080 59
73.4240 73.5200 58
73.5520 73.6800 60
74.1600 74.4800 56
74.5120 74.6400 60
74.7680 75.0240 60
75.1840 75.3120 61
75.3440 75.4400 59
75.4720 75.9840 60
76.0160 76.3680 61
76.4000 76.8160 63
76.8480 79.8880 65
80.4960 81.0080 65
81.0400 81.6480 68
81.6800 82.2240 65
82.8320 83.0880 70
83.1200 83.4400 68
83.5040 83.5680 70
83.6000 85.1360 72
85.1680 85.2320 69
85.3920 85.5200 67
86.5760 86.8640 56
87.0240 87.7280 54
88.8800 89.0080 56
89.2640 89.7120 58
89.7440 90.0000 56
90.0320 90.2240 55
90.2560 90.8320 53
91.1840 91.2800 56
91.5680 92.2080 53
92.3360 92.4000 54
92.4320 92.6560 56
92.6880 93.1680 54
93.4880 93.9040 56
93.9360 94.0000 57
94.0320 94.5120 58
94.6720 94.8960 56
94.9280 95.0560 58
95.0880 95.7920 60
95.8240 95.9840 63
96.1760 96.6560 58
97.0080 97.0720 62
97.3280 97.8720 58
98.1280 98.5760 56
98.6080 98.9280 58
98.9600 99.1840 56
99.2160 99.4720 55
99.6000 100.1120 53
100.4320 100.4960 56
100.7840 101.5840 53
101.6160 101.7760 56
101.8080 101.9040 55
101.9360 102.1920 53
102.7360 102.8320 60
103.0240 103.6640 63
103.9200 104.1440 60
104.1760 104.3360 63
104.3680 106.8000 65
107.1200 107.2480 56
107.4080 107.8240 54
108.0160 108.1120 55
108.3680 108.4960 55
108.8160 108.9440 54
109.3920 109.5200 55
110.0000 110.2560 54
110.3200 110.4480 55
110.6720 110.8640 55
111.0880 111.2480 56
111.7280 112.2080 56
112.2400 112.4000 54
112.5920 112.7520 55
112.7840 113.0080 54
113.0400 113.2640 55
113.2960 113.6480 56
114.0320 114.1600 60
114.1920 114.4800 58
115.1200 115.4720 58
116.4000 116.4960 59
116.6880 116.8160 57
116.9440 117.0720 55
117.4240 117.6160 60
117.6800 117.7440 59
117.8080 117.9680 60
118.2560 118.4160 61
118.6080 118.7680 68
119.2160 119.4400 65
119.7280 119.9200 65
119.9520 120.0160 67
120.0480 120.0800 70
120.1120 120.1760 73
120.3680 120.4320 72
120.9760 121.3280 68
121.6480 121.8080 74
122.0960 122.1600 68
122.3200 122.4160 67
122.7360 124.4000 67
124.4320 124.5920 73
124.6240 124.6560 71
124.9120 125.3280 63
125.3600 125.8080 65
126.0960 128.9120 65
129.1360 129.2320 65
129.2640 129.5200 63
129.7440 130.7040 60
131.0880 131.3760 58
131.6320 131.8560 58
131.8880 132.1120 56
132.1440 132.3360 59
132.4960 132.7200 60
132.9440 133.9040 60
134.1600 134.5120 63
134.5440 135.0240 65
135.1840 135.2800 65
135.4080 138.7040 65
138.7360 139.3120 68
139.3440 139.9200 65
140.4960 140.7840 70
140.8160 141.0720 68
141.1040 141.2640 70
141.2960 144.4000 72
155.6960 155.8240 63
156.1760 156.2400 64
156.5920 156.6880 63
157.5840 157.7760 63
158.1600 158.2560 63
158.4480 158.5760 64
158.8960 159.1200 63
161.2000 161.2960 64
163.0560 163.4080 63
163.4400 164.2400 65
164.4000 164.5600 68
164.7200 165.2640 67
165.2960 165.5520 65
165.5840 166.6400 60
167.0240 167.3120 65
167.3440 167.6000 63
167.6320 168.7520 60
169.3280 169.7120 60
169.7440 170.0640 57
170.2560 170.8960 60
170.9280 171.0560 62
171.0880 172.0480 60
172.0800 172.5920 63
172.6240 173.6160 65
173.6480 174.0320 68
174.0640 174.5120 67
174.5440 174.8000 68
174.8320 175.9520 65
176.2720 176.8480 65
176.8800 177.4560 68
177.4880 178.1600 65
178.1920 178.2240 63
178.5760 178.8640 70
178.8960 179.1840 68
179.2160 179.3440 70
179.3760 180.9120 72
180.9440 181.0080 69
181.4880 181.9040 63
181.9360 182.4480 65
182.5440 182.9280 65
183.1200 185.3280 65
185.5520 185.7440 65
185.7760 186.0960 63
186.3200 187.2480 60
187.7920 187.9200 60
188.1440 188.3680 58
188.4000 188.7520 56
188.7840 189.2640 60
189.4560 189.7120 63
189.7440 190.0320 65
190.1280 190.5120 63
190.6720 190.9280 63
191.0560 191.5680 65
191.9200 194.6080 65
194.7360 195.2480 65
195.2800 195.7920 68
195.8560 196.4320 65
197.0720 197.3920 70
197.4240 197.6480 68
197.6800 199.4400 72
199.4720 200.0800 67
200.9440 201.2960 65
205.5840 205.9360 65
210.9600 211.3120 67
214.3200 214.4480 67
215.6640 215.6960 67
215.7600 215.7920 67
216.4640 216.6880 68
216.8480 217.4880 67
217.6480 218.0000 71
