8.3360 8.5280 65
8.8160 9.0080 65
9.2320 10.9920 68
11.9840 12.0160 74
12.0480 13.2320 75
17.5200 17.5520 60
18.2880 18.4800 60
23.5040 23.8880 65
24.0160 24.3040 65
24.4320 24.4960 65
28.2400 28.4960 62
30.6400 30.7040 56
30.7360 30.8000 57
30.8320 31.0560 58
31.1840 31.2160 62
31.2480 31.3760 63
31.4080 31.4720 64
31.5040 31.6320 65
31.6640 31.7280 64
31.8560 32.4320 63
32.4640 32.7520 61
32.9440 33.1680 60
33.2000 33.2960 59
33.3280 33.8080 58
34.0320 34.2560 58
34.2880 34.4480 59
34.4800 35.3760 60
36.3680 36.6880 61
36.8160 37.4240 61
37.4560 37.5200 62
37.5520 37.7440 63
37.8720 38.1600 60
38.1920 38.4480 58
38.6080 39.0240 58
39.0560 39.4080 57
39.6000 39.8880 56
39.9200 40.7840 58
42.0640 42.5440 58
42.5760 42.5760 60
42.6080 42.6400 62
42.6720 42.8000 63
42.8320 43.1840 65
43.2160 43.4720 63
43.6000 43.7920 63
43.8240 43.9520 62
43.9840 44.1760 61
44.3040 44.4000 61
44.4320 44.7200 60
44.8480 45.7120 58
45.7440 45.8720 59
45.9040 46.8960 60
46.9600 47.0880 60
47.8560 48.3680 61
48.4000 48.4960 62
48.5280 48.7840 61
48.9760 49.1040 63
49.1360 49.1680 62
49.2000 49.5520 60
49.5840 50.2240 58
50.3520 50.9600 56
50.9920 51.0560 58
51.0880 51.3440 63
51.3760 52.3040 65
53.5520 53.7120 63
53.7440 54.5120 65
54.5440 54.8960 66
54.9280 55.2160 65
55.2480 55.4720 63
55.7280 56.0160 61
56.0480 56.1760 63
56.2080 56.3360 62
56.3680 57.1680 63
57.4240 57.5840 63
57.6160 57.7760 65
57.8080 58.0640 63
58.2240 58.4160 61
58.4480 58.7360 60
58.9280 58.9600 62
58.9920 59.1200 63
59.1520 59.1840 61
59.2160 59.2480 60
59.3760 59.4400 61
59.4720 59.5680 60
59.6000 60.1760 61
60.2080 60.5280 60
60.5600 60.7200 61
61.0080 61.3600 58
61.3920 61.4560 61
61.4880 61.5520 62
61.5840 61.6800 63
61.7120 61.7760 62
61.8080 62.0320 61
62.0640 63.8240 60
64.9760 65.0080 62
65.0400 65.1040 63
65.1360 65.9040 65
66.0320 66.3520 66
66.3840 66.6080 65
66.6400 66.6720 64
66.7040 66.9280 63
67.0560 67.2160 61
67.2480 67.2800 60
67.4400 67.5680 63
67.6000 67.6640 65
67.6960 67.7280 64
67.8560 68.5600 63
68.8480 69.0400 64
69.2640 69.4240 62
69.4560 69.9680 61
70.0000 70.2240 60
70.2560 70.3520 62
70.3840 70.5440 63
70.5760 70.7680 61
70.8000 71.2160 60
71.2480 72.4000 58
72.4320 73.0720 60
73.1040 73.8400 61
73.8720 74.0640 60
74.0960 74.1280 59
74.4480 74.5440 61
74.5760 74.6400 60
74.8960 74.9920 60
76.0160 76.3040 61
76.3360 76.6240 63
76.6560 76.7200 62
76.7520 76.9760 61
77.0080 77.3280 60
77.4880 78.1600 60
78.1920 78.6400 61
78.8960 80.0800 63
80.5600 81.0080 63
81.0400 81.3280 65
81.3600 81.8080 66
81.8400 82.3200 63
82.3520 82.5440 65
82.5760 82.8000 63
82.8320 83.3760 65
83.5040 85.2320 53
85.4240 85.7440 53
87.7280 87.8880 63
87.9200 87.9840 65
88.1760 88.2080 62
88.2400 88.6240 63
88.6560 88.7840 65
88.8160 89.0720 63
89.1040 89.2320 62
89.2640 89.3600 63
89.3920 89.7440 65
89.7760 89.8720 71
89.9040 89.9040 69
89.9360 90.0320 66
90.0640 90.2560 68
90.2880 90.4160 66
90.4480 90.5120 67
90.5440 91.1200 68
91.1520 91.2480 69
91.2800 92.6560 63
92.6880 92.7520 62
92.8160 92.8800 61
93.4240 93.5520 64
93.5840 93.8400 66
93.8720 94.1920 65
94.2240 94.4160 66
94.5440 94.8960 65
94.9280 95.5680 66
95.6640 95.7280 69
95.7600 95.9840 70
96.1120 96.1440 68
96.1760 96.2400 69
96.2720 96.8800 70
97.0080 97.0720 66
97.1040 97.2960 65
97.3280 97.5520 63
97.5840 98.5440 65
99.1520 99.3120 68
99.3440 99.4400 70
99.4720 99.8880 68
99.9200 100.1120 70
100.1440 100.4960 68
100.6560 100.8480 69
100.8800 101.6800 70
102.0000 102.1280 70
102.1600 102.3200 72
102.3520 102.7040 70
102.7360 102.8640 72
102.9920 103.7280 70
103.7600 104.5600 72
104.7520 104.9760 72
105.0080 105.7760 73
105.8080 105.9040 72
105.9360 106.1920 73
106.2240 106.4160 72
106.4480 106.8960 73
106.9280 107.2480 72
107.2800 107.6640 70
107.7920 108.0160 70
108.0480 108.2720 72
108.3040 108.6880 71
109.2640 109.3920 71
109.4240 109.6480 72
109.8080 109.9040 71
109.9360 110.2240 70
110.2560 110.8640 68
110.8960 110.9280 69
110.9600 113.9040 70
113.9360 114.0960 71
114.1280 114.5120 70
114.5440 114.6720 71
114.7040 115.2160 70
115.2480 115.4080 71
115.4400 115.6640 70
119.3120 119.4400 53
119.6960 120.4320 53
121.1680 122.0640 53
124.7520 125.0080 57
125.0400 125.1360 58
125.3280 125.5200 63
125.5520 125.8720 64
125.9040 126.5760 63
126.6080 126.9600 61
127.0240 127.0880 61
127.1200 127.3760 60
127.5680 127.6960 57
127.7280 128.0160 58
128.3040 128.5600 58
128.5920 129.4240 60
130.5760 130.8000 61
130.8320 130.8640 60
130.9920 131.6320 61
131.6640 131.9200 63
132.0480 132.2720 60
132.3040 132.3360 59
132.3680 132.7200 58
132.8480 133.2640 58
133.2960 133.6800 56
133.8400 134.0640 56
134.0960 134.1280 57
134.1600 134.6720 58
134.7040 134.8640 59
136.2720 136.3680 57
136.4000 136.6560 58
136.6880 136.7840 59
136.8160 136.8480 62
136.8800 137.0080 63
137.0400 137.3920 65
137.4240 137.6160 63
137.7440 138.0000 62
138.0320 138.4160 61
138.4480 138.8320 60
138.9920 139.4400 58
139.6000 139.8880 58
139.9200 140.4960 60
142.0320 142.9280 61
143.2160 143.3760 63
143.4080 143.6960 60
143.7280 143.7600 59
143.7920 144.3680 58
144.5600 145.0400 56
145.0720 145.1680 57
145.2000 145.2000 60
145.2320 145.4240 63
145.4560 145.4880 64
145.5200 146.2240 65
147.6960 147.8560 63
147.8880 147.9840 65
148.0160 148.1120 64
148.1440 148.9120 65
148.9440 149.1680 66
149.2000 149.5520 65
149.5840 149.7120 63
149.9040 150.1920 62
150.2240 150.3520 63
150.3840 150.5120 64
150.5440 151.3760 63
151.5040 151.7600 63
151.7920 151.9840 65
152.0160 152.2400 63
152.4000 152.5920 61
152.6240 152.9120 60
153.1360 153.3280 63
153.3600 153.3920 62
153.4240 154.5440 61
154.5760 154.8640 60
155.2160 155.5360 58
155.5680 155.6960 61
155.7280 155.7600 62
155.7920 155.9200 63
155.9520 156.1760 62
156.2080 156.2720 61
156.3040 157.5520 60
157.5840 157.7760 61
159.1840 159.2800 63
159.3120 160.2720 65
160.3040 160.5600 66
160.5920 160.8160 65
160.8480 161.1360 63
161.3280 161.4880 60
161.6480 161.7120 63
161.7440 161.7760 64
161.8080 161.8720 65
162.0320 162.1920 63
162.2240 162.3840 62
162.4160 162.8320 63
163.0560 163.1520 63
163.1840 163.2480 65
163.4400 163.6640 63
163.6960 163.9840 61
164.0160 164.3680 60
164.4000 164.4320 61
164.4640 164.6880 62
164.7200 165.0400 61
165.0720 165.3920 60
165.4240 166.4480 58
166.4800 166.5120 59
166.5440 166.6720 61
166.7040 167.0880 60
167.2480 168.2400 61
168.2720 168.4640 62
168.4960 168.5920 61
168.6240 168.8480 62
170.1920 170.3840 61
170.4160 170.7040 62
170.7360 170.8320 63
170.8640 171.1520 61
171.1840 171.5360 60
171.6640 171.7280 61
171.7600 172.2720 60
172.3040 172.8160 61
173.0720 174.0320 63
174.0640 174.1920 62
174.6080 174.7360 62
174.7680 175.2800 63
175.3120 175.6000 65
175.6320 175.9200 66
175.9520 175.9840 68
176.0160 176.0800 64
176.1120 176.5600 63
176.5920 176.6240 65
176.6560 176.7200 69
176.7520 176.7840 67
176.8160 177.0720 63
177.1040 181.1040 65
181.8400 182.0640 63
182.0960 182.1600 65
182.3200 182.7680 63
182.8000 182.9600 65
182.9920 183.1520 63
183.1840 183.3440 62
183.3760 183.5040 63
183.5360 183.8880 65
183.9200 183.9200 67
183.9520 184.0800 72
184.1120 184.2080 66
184.2400 184.4000 68
184.5280 184.6240 66
184.6560 184.6880 67
184.7200 185.3920 68
185.4240 185.4560 67
185.4880 185.6160 63
185.6480 185.8720 62
185.9040 186.8960 63
187.6000 187.7920 65
187.8240 187.9520 66
187.9840 188.3680 65
188.4000 188.5600 66
188.7200 189.0720 65
189.1040 189.5840 66
189.6160 189.7760 67
189.8080 189.8400 69
189.8720 190.1280 70
190.1600 190.3840 69
190.4160 191.0880 70
191.1200 191.1520 66
191.1840 191.4400 65
191.4720 191.7280 63
191.7600 192.6560 65
193.3600 193.5200 68
193.5520 193.6480 70
193.6800 194.0640 68
194.0960 194.2880 70
194.3200 194.6720 68
194.8000 194.9920 68
195.0240 196.3040 70
196.3360 196.4960 72
196.5280 196.8160 70
196.8480 197.0400 72
197.2000 197.5520 70
197.6480 197.9040 70
197.9360 198.6720 72
199.0560 199.3760 72
199.4080 201.1360 73
201.1680 201.5200 72
201.5520 202.1280 70
202.1600 202.6400 72
202.6720 202.8640 71
202.8960 203.0240 72
203.4400 203.4720 70
203.5040 203.5680 71
203.6000 203.8240 72
203.9520 204.0480 72
204.0800 204.3360 70
204.3680 204.9120 68
204.9440 205.0080 69
205.0400 209.0080 70
227.6000 227.7280 63
227.7600 227.8560 64
228.0160 228.0480 62
228.0800 228.4640 63
228.4960 228.5920 65
228.6240 228.6560 64
228.6880 229.2000 63
229.2320 229.5520 65
229.5840 229.5840 67
229.6160 229.7120 72
229.7440 229.8400 67
229.8720 230.0640 68
230.1920 230.3520 67
230.3840 231.0880 68
231.2160 231.2480 62
231.2800 232.5920 63
233.2960 233.3920 65
233.4240 233.7120 66
233.7440 234.0320 65
234.0640 234.2880 66
234.4160 234.7360 65
234.7680 235.3120 66
235.3440 235.4400 67
235.4720 235.5040 69
235.5360 235.8240 70
235.9520 236.0800 69
236.1120 236.7840 70
236.9120 237.1360 65
237.1680 237.2000 64
237.2320 237.3920 63
237.4240 238.2880 65
239.0240 239.0560 68
239.0880 239.1520 69
239.1840 239.3440 70
239.3760 239.7280 68
239.7600 239.9520 70
239.9840 240.3360 68
240.4640 240.6560 68
240.6880 241.5200 70
241.8080 241.9680 70
242.0000 242.1600 72
242.1920 242.5120 70
242.5440 242.6720 72
242.7040 243.1200 70
243.1520 243.5040 71
243.5360 244.8160 72
244.8480 245.9040 73
245.9360 246.2560 72
246.2880 246.7680 73
246.8000 247.1200 72
247.1520 247.5040 70
247.6640 247.7920 70
247.8240 247.8560 71
247.8880 248.1760 72
248.2080 248.4320 71
249.0080 249.1680 70
249.2000 249.3600 72
249.5520 249.6160 72
249.6480 249.7120 71
249.7440 249.9040 70
249.9360 249.9680 69
250.0000 250.6400 68
250.6720 250.7040 69
250.7360 252.2720 70
252.3040 252.4640 69
253.2640 253.3920 63
253.4240 253.4880 65
253.5200 253.5200 63
253.6800 254.0320 63
254.0640 254.1280 64
254.1600 254.2560 65
254.2880 254.3200 64
254.3520 254.8640 63
254.8960 255.1200 65
255.2480 255.3120 66
255.3440 255.4400 72
255.4720 255.5680 67
255.6000 255.7600 68
255.8880 255.9200 66
255.9520 256.0480 67
256.0800 256.7840 68
256.9760 257.0400 62
257.0720 257.8400 63
257.8720 258.0960 62
258.1280 258.2560 63
259.0240 259.0560 65
259.0880 259.3760 66
259.4080 259.6960 65
259.7280 259.9520 66
260.0800 260.1440 66
260.1760 260.4000 65
260.4320 261.0400 66
261.2000 261.2960 69
261.3280 262.5120 70
262.5440 262.5760 67
262.6080 262.8640 65
262.8960 263.1200 63
263.1520 263.9840 65
264.6880 265.3920 68
265.4240 265.6480 70
265.6800 265.9680 68
266.1600 266.3200 68
266.3520 267.4080 70
267.5680 267.7280 70
267.7600 267.8880 72
267.9200 268.2720 70
268.3040 268.4000 72
268.5280 268.8800 70
269.0400 269.2640 70
269.2960 270.1600 72
270.2240 270.5440 72
270.5760 272.5600 73
272.5920 272.8480 72
272.8800 273.4240 71
273.4560 273.5520 70
273.5840 274.1280 72
274.1600 274.2240 73
274.7360 275.1520 72
275.3120 275.7600 71
275.7920 276.8800 68
276.9120 276.9760 69
277.0080 279.2160 70
