2.4160 2.5440 60
3.4400 3.7600 61
3.7920 3.9520 60
5.0080 5.1040 64
5.1360 5.4240 65
5.5840 5.6480 63
5.6800 5.7440 62
6.2240 6.2560 58
6.4800 6.5440 57
6.6080 6.8000 57
8.3040 8.4320 60
8.9440 9.0080 61
10.0960 10.2560 59
11.3120 11.3760 57
13.0720 13.1680 59
13.2000 13.5200 60
13.5520 13.6160 61
13.6480 14.4480 62
14.4800 14.5760 63
14.8000 15.5680 62
16.0160 16.1760 59
16.2080 16.4320 60
16.4640 16.5920 61
16.7840 17.1360 62
17.1680 17.2320 61
17.2640 17.2960 59
17.3280 17.3920 58
17.4240 17.6800 57
17.9040 18.0320 58
18.0640 18.4160 59
19.0560 19.1520 59
19.1840 19.2480 60
19.4080 19.4400 60
19.4720 19.5360 61
19.5680 19.8880 62
20.0160 20.9440 62
21.2320 21.3600 62
21.3920 21.4240 61
21.4560 21.5520 60
21.5840 21.7120 59
21.7440 21.9360 60
21.9680 22.0640 59
22.3200 22.5120 58
23.0880 23.1840 58
23.2160 23.9520 59
24.4960 24.5920 65
24.6240 24.7840 67
24.9120 25.0400 66
25.2640 25.5200 63
25.6480 25.8720 62
26.0320 26.2880 58
26.4160 26.5120 57
26.6400 26.9920 57
27.1520 27.3760 55
27.8880 28.9440 55
33.8080 34.3520 60
34.5120 34.7040 62
34.8640 35.3440 62
35.5040 36.1760 62
36.8160 37.0080 60
37.1360 37.3600 61
37.4880 37.9680 62
38.0000 38.0640 59
38.0960 38.5440 57
38.5760 38.6400 58
38.6720 39.2160 59
39.7280 39.8560 59
39.8880 40.1440 60
40.1760 40.2080 61
40.2400 41.3280 62
41.4560 41.6160 62
41.9360 42.0960 62
42.1280 42.1920 61
42.3200 42.8320 59
42.8640 43.2480 58
43.8560 43.9520 60
43.9840 44.1760 62
44.2080 44.7200 60
45.2640 45.2960 65
45.3280 45.3600 66
45.3920 45.4880 67
45.6480 45.8400 66
45.8720 45.9360 65
45.9680 46.1280 63
46.1600 46.2880 64
46.3200 46.4800 62
46.5120 46.5440 61
46.7680 46.8000 58
46.8320 46.9920 59
47.1200 47.7600 57
47.7920 48.1120 56
48.6240 50.0320 55
54.1600 54.2240 66
54.3520 54.4160 66
54.6080 54.8320 66
54.8640 55.6000 67
55.9840 56.2080 67
56.2400 56.4000 65
56.4320 56.4640 67
56.7840 56.8480 64
57.1360 57.3280 62
57.5520 57.7760 60
57.9040 58.0320 59
58.1920 58.3520 64
58.3840 58.5440 63
58.5760 59.2480 64
60.1120 60.2400 60
60.4320 60.6240 59
60.6560 61.0720 60
61.5840 61.6480 58
61.6800 61.9360 60
61.9680 62.0960 63
62.3200 62.5760 62
62.7680 63.0240 60
63.1520 63.2800 59
63.4720 63.6640 58
63.8560 64.0160 58
64.0480 65.2000 59
66.5760 66.6720 58
66.7040 66.8640 59
66.8960 66.9920 60
67.2160 67.4080 59
67.4400 67.7280 60
67.7600 67.8560 62
67.8880 68.1120 64
68.1440 69.3600 62
70.2560 70.3200 63
70.3520 70.4160 64
70.4480 70.5760 67
70.6080 70.8320 69
70.8640 71.0240 66
71.2160 71.3440 66
71.3760 71.7920 67
72.4960 72.7840 66
72.8160 73.0080 67
73.0400 73.2000 66
73.2320 73.5840 67
73.6160 73.9680 69
74.1280 74.2240 69
74.2560 74.2880 70
74.3200 74.4480 71
74.4800 74.7040 69
74.7360 74.8960 71
75.1200 75.2160 71
75.2480 75.4080 72
75.4400 75.8560 71
75.8880 78.8640 69
83.2800 83.7280 62
83.7600 83.7600 65
83.7920 83.8240 69
83.8560 84.1120 71
84.1440 84.4000 69
84.5600 84.6560 70
84.6880 84.9760 71
85.1680 85.5840 71
85.6160 86.1600 74
86.1920 86.6080 67
86.8000 86.8960 67
86.9280 87.0880 69
87.1200 87.6320 71
87.6640 87.7600 69
87.9200 88.8480 69
89.4560 89.4880 72
89.7440 89.7760 69
89.8080 89.8400 70
89.8720 90.0000 71
90.0320 90.3520 69
90.4800 90.5120 69
90.5440 91.5360 71
91.5680 92.0800 74
92.2080 92.5280 67
92.7840 92.8160 67
92.8480 93.0080 69
93.0400 93.1680 71
93.2000 93.2960 69
93.3280 93.3600 70
93.3920 93.5520 71
93.6800 93.7440 70
93.7760 94.7360 69
95.2480 95.6320 62
95.6640 95.6960 69
95.7280 95.9520 71
95.9840 96.4000 69
96.4320 96.4640 70
96.4960 97.4560 71
97.4880 98.0640 74
98.2560 98.7360 67
98.7680 98.9280 69
98.9600 99.0560 71
99.1840 99.2800 70
99.3120 99.5360 71
99.5680 101.0400 69
101.5840 101.7120 67
101.7440 101.9040 69
101.9360 102.0640 71
102.2560 102.4160 69
102.4480 102.5760 67
102.7360 102.7680 66
102.8000 103.1840 67
103.2160 103.3440 69
103.3760 103.6640 71
103.6960 103.7280 70
103.7600 103.9200 69
103.9520 104.7520 67
104.7840 104.8800 70
104.9120 105.2000 71
105.3600 105.4880 69
105.6160 105.6800 65
105.7120 106.9920 67
107.5040 107.5360 74
107.6960 107.8240 69
107.8560 107.9200 70
108.1440 108.3680 69
108.4000 108.4640 68
108.6560 109.1360 67
109.1680 109.3280 69
109.3600 109.4560 71
109.6480 109.7120 70
109.7440 109.8720 69
109.9040 110.2560 67
110.3520 110.3520 67
110.4160 110.6080 67
110.8320 110.9280 70
110.9600 111.0880 71
111.2800 111.3440 70
111.3760 111.5360 69
111.6960 113.4560 67
119.1520 119.3120 62
125.7440 125.8080 59
125.8400 126.0640 60
126.0960 126.1920 61
126.4160 126.5440 62
126.7040 127.0240 62
127.0560 127.1840 63
127.3760 128.0800 62
128.6240 128.7520 59
128.7840 129.0080 60
129.0400 129.1040 61
129.1360 129.2320 62
129.4240 129.5200 62
129.8400 129.9360 60
129.9680 130.0640 58
130.0960 130.3200 57
130.3520 130.4800 58
130.5120 131.0240 59
131.5680 131.7280 59
131.7600 131.9200 60
131.9520 132.0480 61
132.0800 133.4560 62
133.4880 133.7120 64
133.7440 133.8080 63
133.8400 134.0960 62
134.3520 134.4800 60
134.5120 134.7360 59
134.7680 134.9920 58
135.6960 135.7600 61
135.7920 135.9520 62
135.9840 136.0480 61
136.0800 136.6560 60
137.1360 137.2000 65
137.2320 137.3600 67
137.4880 137.5520 67
137.5840 137.7440 66
137.9040 137.9360 62
137.9680 138.0000 63
138.0320 138.1280 64
138.2560 138.3520 62
138.3840 138.4160 61
138.6400 138.7360 58
138.7680 138.8320 59
138.9920 139.0880 57
139.1200 139.3120 56
139.3440 139.9200 57
140.6560 140.7200 56
140.7520 141.8400 55
143.1840 143.2800 66
143.4080 143.5360 66
143.5680 144.3680 67
144.8160 145.0720 67
145.1040 145.2640 65
145.3920 145.3920 67
145.6480 145.7120 64
146.0320 146.2240 62
146.4160 146.6080 60
146.6400 146.8960 59
147.0560 147.1840 64
147.2160 147.2480 63
147.2800 147.3760 62
147.4080 147.4720 63
147.5040 148.3680 64
149.3600 149.4880 59
149.5200 149.9040 60
150.5440 150.7040 60
150.7360 150.7680 61
150.8000 150.8320 62
150.8640 150.9920 63
151.1520 151.4720 62
151.6000 151.8240 60
151.9520 152.1120 59
152.5600 152.6240 57
152.6560 152.7200 58
152.7520 153.3600 59
153.9040 154.0320 59
155.6000 155.7280 59
156.0800 156.2080 59
156.2400 156.5920 60
156.6240 156.7520 63
156.7840 156.9120 64
156.9440 157.8080 62
159.1200 159.2800 63
159.3120 159.3120 65
159.3440 159.3760 67
159.4080 159.5040 68
159.5360 159.6960 69
159.7280 159.7600 68
159.7920 159.9200 66
160.0480 160.6880 67
161.3920 161.6800 66
161.7120 161.9040 67
161.9360 162.0960 66
162.1280 162.3520 67
162.5440 162.7360 69
162.9920 163.0240 68
163.0560 163.1840 70
163.2160 163.3760 71
163.4080 163.6000 69
163.6320 163.7920 71
163.9840 164.3360 72
164.3680 164.7200 71
164.7520 164.7840 70
164.8160 167.9200 69
169.2320 169.5200 62
169.7120 169.7440 69
169.7760 170.0000 71
170.0320 170.0640 70
170.0960 170.2880 69
170.4480 170.6400 70
170.7680 171.5360 71
171.5680 172.0480 74
172.2080 172.4320 67
172.6880 172.8160 67
172.8480 173.0080 69
173.0400 173.1040 71
173.2640 173.3920 70
173.4240 173.5840 71
173.6160 173.6800 69
173.7760 173.8720 70
173.9040 174.7680 69
175.2160 175.2800 63
175.3120 175.4720 62
175.6320 175.7280 70
175.7600 175.8880 71
175.9200 175.9840 70
176.0160 176.1440 69
176.1760 176.4640 70
176.4960 177.4560 71
177.4880 177.9680 74
178.0960 178.4480 67
178.8000 178.9600 69
179.2160 179.3120 69
179.3440 179.4720 71
179.6640 180.6560 69
181.2000 181.4560 62
181.5840 181.6800 69
181.7120 181.8400 71
181.8720 181.9040 70
181.9360 182.3200 69
182.3520 182.4160 70
182.4480 182.7680 71
182.8960 183.1200 71
183.2160 183.3760 71
183.4080 183.8880 74
184.1760 184.6560 67
184.6880 184.8480 69
184.8800 184.9760 71
185.1680 185.2000 70
185.2320 185.4560 71
185.4880 186.9280 69
187.6320 187.8240 69
187.8560 187.9840 71
188.1760 188.3360 69
188.5600 189.1040 67
189.1360 189.3280 69
189.3600 189.4880 71
189.6480 190.0960 69
190.1280 190.7040 67
190.7360 190.8640 70
190.8960 191.0880 71
191.2480 191.3760 69
191.5680 192.8800 67
193.3280 193.5200 66
193.5520 193.5840 67
193.6160 193.7760 69
193.8080 193.8720 71
194.1280 194.2880 69
194.4480 194.6720 66
194.7040 195.0560 67
195.0880 195.2480 69
195.2800 195.5040 71
195.5680 195.7920 69
195.8240 196.5600 67
196.7520 196.7840 69
196.8160 196.9760 71
197.2320 197.5520 69
197.7120 199.9840 67
200.3680 200.4320 62
200.4640 200.5920 65
200.6240 201.3280 67
201.3600 201.3920 63
201.5840 201.9040 65
202.2240 202.3200 70
202.3520 202.5440 71
202.5760 202.7680 69
202.9280 203.1200 68
203.1520 204.0480 69
204.0800 204.1120 67
204.1440 204.2720 66
204.4000 204.4640 67
204.4960 204.7520 66
204.7840 205.1680 67
205.4560 205.7760 71
205.8080 205.8720 69
205.9040 205.9360 67
205.9680 206.0000 66
206.0320 206.1600 65
206.1920 206.4480 64
206.4800 206.5120 63
206.9600 207.1840 71
207.2160 207.2480 70
207.2800 207.3440 69
207.3760 207.4400 66
207.4720 207.7600 63
208.2400 208.3680 70
208.4000 208.6240 71
208.8480 208.9440 71
208.9760 209.2320 69
209.2640 211.7280 67
212.1760 212.2720 62
212.3040 212.4320 65
212.4640 212.5600 67
212.6880 213.2960 67
213.4240 213.6800 66
213.8400 214.1280 70
214.1600 214.2880 71
214.3200 214.3520 70
214.3840 214.6080 69
214.7680 215.0240 71
215.0560 215.2160 74
215.2480 215.9200 75
215.9520 215.9520 73
215.9840 216.0480 70
216.0800 216.1760 71
216.2720 216.5600 69
216.5920 216.6560 71
216.6880 216.8160 69
216.8480 217.0720 67
217.4560 217.5520 64
217.5840 217.7760 66
217.8080 218.4160 67
218.6080 218.7680 67
218.8000 218.9280 66
218.9600 219.6640 67
219.6960 219.9840 69
220.4000 220.5920 64
220.6240 220.6880 66
220.8480 221.0080 67
221.1680 221.2320 70
221.2640 221.8080 72
221.8400 222.1600 71
222.1920 222.5120 72
222.5440 222.8000 74
222.8320 225.9360 75
230.6400 230.8960 62
231.1200 231.1520 62
231.5360 231.9520 60
231.9840 232.2720 57
232.3040 232.6560 56
233.1360 233.1680 60
233.2000 233.2640 61
233.7120 233.9680 62
234.1600 234.5120 62
234.7040 234.9920 62
235.9840 236.3360 67
236.8800 237.0720 62
237.1040 237.5520 60
237.5840 237.7440 59
237.7760 237.8720 58
237.9040 237.9360 57
238.1280 238.2240 57
241.7120 242.0320 58
242.1600 242.2560 58
242.4160 242.4800 60
242.8960 243.0240 62
243.0560 243.3760 61
244.5920 244.6560 55
244.8160 244.9120 55
245.0720 245.6160 55
246.4480 246.7040 59
246.8320 246.8960 59
248.4320 248.9120 55
249.4560 249.6160 59
252.2720 252.6240 62
252.6560 252.6560 64
252.6880 253.2640 70
253.4240 253.5200 70
253.5520 254.4800 71
254.5120 255.0240 74
255.0880 255.4720 67
255.6640 255.7920 67
255.8240 255.9520 69
255.9840 256.5600 71
256.5920 256.6240 69
256.7520 257.6480 69
258.2240 258.3840 62
258.4160 258.4800 63
258.6080 258.6400 69
258.6720 258.7040 70
258.7360 258.8640 71
258.8960 259.1840 69
259.3760 259.4400 70
259.4720 260.3360 71
260.4640 260.9120 74
261.1040 261.3280 67
261.8400 261.8720 74
261.9040 262.1280 76
262.1600 262.4480 74
262.6080 262.7040 70
262.9600 263.7600 69
264.1120 264.3680 62
264.4640 264.4960 64
264.5280 264.6240 70
264.6560 264.8160 71
264.8480 264.9440 70
264.9760 265.2320 69
265.2640 265.3600 70
265.3920 266.3200 71
266.3520 266.8320 74
267.1520 267.6320 67
267.6640 267.8560 69
267.8880 267.9520 71
268.1120 268.1760 70
268.2080 268.4000 71
268.4320 269.9040 69
270.6400 270.7360 69
270.7680 270.9280 71
271.1520 271.2800 69
271.4400 271.5040 66
271.6320 272.0800 67
272.1120 272.2720 69
272.3040 272.4320 71
272.5600 272.8160 69
272.8480 273.6480 67
273.6800 273.7760 69
273.8080 274.0320 71
274.1920 274.4160 69
274.4480 275.9200 67
276.4640 276.4640 65
276.4960 276.7520 69
277.0720 277.2320 69
277.5200 278.0000 67
278.0320 278.1920 69
278.2240 278.3200 71
278.5440 278.7680 69
278.8000 279.2160 67
279.3440 279.5040 67
279.7280 279.8240 70
279.8560 279.9840 71
280.1440 280.2400 71
280.2720 280.4640 69
280.6240 282.6400 67
283.0880 283.7920 67
283.8240 283.8240 69
283.8560 284.0160 72
284.0480 284.5600 74
284.5920 284.6880 72
284.7520 284.7520 65
284.8800 285.2640 59
285.2960 285.6800 58
285.9360 286.0000 63
286.0320 286.2240 66
286.2560 286.3840 67
286.4160 286.5440 72
286.5760 287.1200 74
287.1520 287.2480 72
287.2800 287.7600 71
288.2080 288.3680 67
288.4960 288.7520 69
288.7840 288.9120 71
289.0400 289.2000 69
289.2320 289.5840 67
290.1920 290.4160 69
290.4480 290.6080 71
290.8000 290.9920 69
291.1520 291.5040 67
292.1760 292.3680 67
292.6880 293.2960 71
293.8400 294.1600 69
294.1920 297.5520 67
