20.1120 20.4000 63
20.4320 20.8480 64
22.0960 22.2240 62
22.2560 22.2880 63
22.3200 22.4480 64
22.6080 22.7680 64
22.8000 22.8960 62
22.9280 23.0560 63
23.0880 23.3760 64
23.4080 23.6000 62
23.6320 23.7600 61
23.8880 24.0800 61
24.1120 24.1440 60
24.1760 24.5920 59
26.0640 26.2880 58
26.3200 26.9280 59
26.9600 26.9920 60
27.0240 27.1200 61
27.3120 27.4720 61
27.5040 27.7920 62
27.8240 28.0160 60
28.0480 28.4320 61
28.4640 28.4960 60
30.0960 30.1600 59
30.3200 30.4160 60
30.4480 30.6720 61
30.8000 30.9920 59
31.0240 31.0560 60
31.0880 31.2160 61
31.2480 31.2800 60
31.3120 31.6960 59
31.7280 32.0480 58
32.5600 32.7520 64
32.7840 32.8160 65
32.8480 33.2640 66
33.2960 33.3920 65
33.5840 33.6480 65
33.6800 34.3840 64
35.4400 35.6320 65
35.6640 35.8560 66
35.8880 36.8480 64
38.0960 38.1920 62
38.2240 38.8000 64
38.8320 39.0240 63
39.0560 39.2800 64
39.3120 39.3440 63
39.5680 39.6320 62
39.6640 39.7280 61
39.8880 39.9840 59
40.0160 40.0800 60
40.1120 40.2720 61
40.3040 40.3360 60
40.3680 41.1360 59
42.0640 42.1280 57
42.1600 42.3200 58
42.3520 42.6400 59
42.8320 43.5360 61
43.5680 43.7600 62
43.7920 43.8240 60
43.8560 44.0800 59
44.1120 44.6880 61
46.1920 46.2240 60
46.2560 46.6400 61
46.6720 46.7680 60
46.8000 47.0560 59
47.0880 47.3440 61
47.3760 47.7600 59
47.7920 47.9840 58
48.0160 48.0800 59
48.5600 48.8160 64
48.8480 49.2960 66
49.3280 49.6480 64
49.6800 49.8080 63
49.8400 50.1920 64
51.3760 51.5680 64
51.6000 51.7600 66
51.7920 51.8240 65
51.8560 52.8480 64
53.8400 53.9680 63
54.0640 54.1920 63
54.2240 54.7040 64
54.7360 54.8640 65
54.8960 55.0880 63
55.1200 55.3440 64
55.3760 55.4080 63
55.6320 55.8560 62
55.8880 56.0800 60
56.1120 56.2720 61
56.3040 56.3360 60
56.3680 56.4640 59
56.6880 57.1680 59
59.0560 59.2160 59
59.2480 59.4400 61
59.4720 59.7280 62
59.7600 59.8240 63
59.8560 60.1120 64
60.1440 60.2720 62
60.3040 60.6240 63
60.6560 61.0080 64
61.8080 61.9680 63
62.0000 62.2240 62
62.2560 62.3200 63
62.3520 63.2480 64
63.2800 63.5040 63
63.8560 64.0480 64
64.0800 64.2720 66
64.3040 64.4000 65
64.5600 65.6800 64
67.0240 67.2800 65
67.3120 67.4720 66
67.6320 68.3040 68
68.3360 68.6560 69
68.9120 68.9440 61
68.9760 69.1040 62
69.3600 69.8400 62
71.1200 71.2160 67
71.2480 71.3120 68
71.3440 71.5680 69
71.6000 71.7600 67
71.7920 72.1120 68
72.1440 72.3040 66
72.3360 72.3680 65
72.4000 73.5840 64
75.3120 75.5040 66
75.5360 75.6320 67
75.8880 76.0800 68
76.1120 76.3360 69
76.3680 76.4320 68
76.6880 76.6880 62
77.0400 77.8400 62
79.0880 79.1840 61
79.2160 79.5040 62
79.5360 79.8560 61
79.8880 80.2400 59
80.2720 80.3360 60
80.3680 80.4640 61
80.5920 80.8160 60
80.8480 82.2240 61
82.2560 82.3200 62
82.8960 83.3120 64
83.3440 83.4400 66
83.6320 84.3360 68
84.3680 84.5920 69
85.3600 85.7760 62
85.9360 86.0000 62
87.0560 87.0560 65
87.0880 87.2480 68
87.2800 87.5680 69
87.6000 87.6960 66
87.7280 87.7600 67
87.7920 88.1120 68
88.1440 88.1760 67
88.2080 88.3040 66
88.3360 88.4000 65
88.5920 88.6880 64
88.9760 89.0400 65
89.0720 89.7760 64
90.8640 90.8960 60
91.0560 91.0560 60
91.0880 91.1840 62
91.2160 91.2800 63
91.3120 91.5680 64
91.6000 91.9520 62
92.1120 92.2720 60
92.3040 92.5920 61
92.6240 92.7200 58
92.7520 93.1040 57
93.3280 94.2880 57
95.1840 95.2160 57
95.2480 95.3120 58
95.3440 96.2720 59
96.3040 96.4000 60
96.4320 96.5280 59
96.5600 96.5920 58
96.6240 98.7680 57
112.0800 112.3040 63
112.3360 112.8160 64
112.8480 112.9760 63
113.0080 113.1360 64
113.1680 113.2320 63
114.0640 114.0960 61
114.1280 114.2240 62
114.2560 114.2880 63
114.3200 114.6720 64
114.7040 114.8000 65
114.8320 114.8320 63
114.8640 114.9920 61
115.0240 115.3120 62
115.3440 115.6320 61
115.7920 115.9200 59
115.9520 116.1120 60
116.1440 117.0080 59
117.0400 117.2640 58
117.9360 118.0320 56
118.0640 118.0960 57
118.1280 118.3200 58
118.3520 118.8000 59
118.8320 118.8640 60
118.8960 119.4080 61
119.4400 119.6640 62
119.8240 119.8560 61
119.8880 120.0480 62
120.0800 121.2000 61
122.0640 122.1280 61
122.1600 122.1920 60
122.3520 122.5120 61
122.5440 122.7040 62
122.7360 122.8000 63
122.8320 122.8640 61
122.8960 123.0560 59
123.0880 123.3440 61
123.3760 123.7920 59
123.8240 123.8560 58
123.8880 124.0160 57
124.5920 124.8160 64
124.8480 125.2000 66
125.2320 125.2960 67
125.3280 126.5760 64
127.3760 127.4080 64
127.4400 127.5040 65
127.5360 127.6640 66
127.6960 127.7920 64
127.8240 128.0480 61
128.0800 128.1120 62
128.1440 128.2720 63
128.3040 129.3280 64
130.0960 130.1920 61
130.2240 130.3200 62
130.3520 130.7680 64
130.8000 131.1200 62
131.3120 131.5360 59
131.5680 131.8240 61
131.8560 133.3600 59
134.0960 134.3200 57
134.3520 134.3840 58
134.4160 134.8000 59
134.8320 135.1200 61
135.3120 135.5360 61
135.5680 135.7920 62
135.8240 137.2000 61
137.2320 137.3280 60
138.0320 138.0960 59
138.1280 138.1600 60
138.1920 138.5120 61
138.5440 138.6720 62
138.8320 139.0240 60
139.0560 139.3120 61
139.3440 139.7280 59
139.7600 139.7920 58
139.8240 139.9520 57
139.9840 140.0480 58
140.5920 140.8160 64
140.8480 141.3280 66
141.3600 142.4160 64
142.4480 142.5760 63
142.6080 142.7360 64
143.3760 143.5680 64
143.6000 143.7920 66
143.8240 143.8560 65
143.8880 145.3280 64
146.0640 146.0640 60
146.0960 146.1280 62
146.1600 146.1920 63
146.2240 146.7360 64
146.7680 146.8320 65
146.8640 147.0560 63
147.0880 147.2800 64
147.3120 147.3440 63
147.5680 147.8240 62
147.8560 148.0480 59
148.0800 148.3040 61
148.3360 149.8080 59
151.0560 151.2160 59
151.2480 151.4400 61
151.4720 151.7600 62
151.7920 151.8240 63
151.8560 151.9520 64
151.9840 152.0800 65
152.1120 152.3040 63
152.3360 153.2320 64
153.2640 153.2960 63
153.8720 154.2560 62
154.2880 154.3520 63
154.3840 155.6320 64
155.8560 156.0160 64
156.0480 156.0800 65
156.1120 156.4640 66
156.4960 156.5920 63
156.6240 158.1920 64
158.8000 158.8640 65
158.8960 159.2800 64
159.3120 159.5360 66
159.5680 159.9200 68
159.9520 160.0480 72
160.0800 160.4000 69
160.4320 160.4320 64
160.5280 160.7200 62
160.8800 160.9440 63
160.9760 161.9040 62
162.7680 162.8320 68
162.8640 163.0240 67
163.0560 163.1840 68
163.2160 163.5360 69
163.5680 163.6960 67
163.7280 164.0480 68
164.0800 164.1120 67
164.1440 164.3360 66
164.3680 165.7760 64
167.0560 167.1840 64
167.3120 167.5360 66
167.5680 167.6320 68
167.8240 168.0480 68
168.0800 168.4000 69
168.4320 168.4320 67
168.5600 168.6560 61
168.8480 169.5200 62
170.8000 170.8640 61
171.0240 171.1520 61
171.1840 171.4720 62
171.5040 171.7280 61
171.7600 172.2720 59
172.3040 172.4320 61
172.4640 172.5280 63
172.5600 172.7520 59
172.7840 174.2880 61
174.4160 174.4800 61
174.8000 175.2800 64
175.3120 175.4720 66
175.5040 175.5360 67
175.5680 175.9200 68
175.9520 176.0480 72
176.0800 176.4640 69
176.4960 176.4960 65
176.5920 176.7200 62
176.8480 177.7440 62
178.7680 178.8320 68
178.8640 179.0240 67
179.0560 179.1840 68
179.2160 179.4400 69
179.4720 179.5360 72
179.5680 179.6640 67
179.6960 180.0800 68
180.1120 180.3040 66
180.3360 180.3680 64
180.5600 180.6560 64
180.8480 180.9120 65
180.9440 181.9680 64
183.0560 183.0880 62
183.1200 183.2800 63
183.3120 183.5360 64
183.5680 183.8880 62
184.0800 184.2400 59
184.2720 184.4960 61
184.5280 184.5600 59
184.5920 186.3200 57
186.8640 186.9280 57
186.9600 187.0560 56
187.0880 187.2800 57
187.3120 188.5280 59
188.5600 188.5920 58
188.6240 190.6720 57
197.8080 197.8720 57
197.9040 198.0000 58
198.0320 198.0320 61
198.0640 198.0640 65
198.0960 198.1920 67
198.2240 199.2800 69
199.3120 199.6960 71
199.7280 200.0480 72
200.3360 200.4960 68
200.5280 201.8400 69
201.8720 201.9040 68
201.9360 201.9680 67
202.0640 202.5760 69
203.0560 203.1520 68
203.1840 203.4080 69
203.4400 203.7280 71
203.7600 204.0480 72
204.0800 204.2080 70
204.2400 205.7120 71
205.7440 205.7440 67
205.7760 207.1200 64
207.1520 207.1840 63
207.8240 207.9840 61
208.0160 208.0480 62
208.0800 208.2400 65
208.2720 208.6560 66
208.6880 208.7200 65
208.7520 208.8480 63
208.8800 209.2000 64
209.2320 210.1920 66
210.2240 210.4800 65
210.6720 210.8000 65
211.2480 211.3440 71
211.3760 211.5680 72
211.6000 211.8240 71
211.8560 212.7840 69
212.8160 212.8480 68
212.8800 212.9440 67
212.9760 213.3920 69
213.9360 214.0320 74
214.0640 215.5040 69
215.5360 215.8560 72
215.8880 217.3920 69
219.0560 219.4080 69
219.4400 219.7280 71
219.7600 220.0480 72
220.0800 220.2080 70
220.2400 221.0720 71
221.1040 223.4080 69
223.6960 223.7600 62
223.7920 223.8880 64
224.0480 224.1120 74
224.1440 224.4640 75
224.4960 225.7120 74
225.7440 226.2240 75
226.2560 228.0800 76
228.1120 229.0720 75
229.3280 229.4240 71
229.4560 229.7440 73
229.7760 230.2560 76
230.2880 230.2880 72
230.3200 230.3200 68
230.3520 233.9360 65
234.0640 234.1280 65
234.8320 235.3120 65
235.3440 235.5680 67
235.6000 235.9520 69
235.9840 236.0480 74
236.0800 236.2080 69
236.2400 236.4320 70
236.4640 236.4960 65
236.5280 237.4560 63
237.4880 237.7120 62
238.8000 238.8640 70
238.8960 239.1840 69
239.2160 239.5680 70
239.6000 239.6640 68
239.6960 240.0800 69
240.1120 240.2720 67
240.3040 241.7440 65
243.0560 243.1840 65
243.3120 243.6640 67
243.8240 244.0480 69
244.0800 244.4000 70
244.8800 245.8400 63
246.7680 246.8640 70
247.0560 247.1520 66
247.1840 247.2800 67
247.3120 248.1120 65
248.1440 248.2720 70
248.3040 248.3680 63
248.4000 248.4960 65
248.5280 248.7840 60
248.8160 249.2320 62
249.8080 249.9680 62
250.0000 250.0320 63
250.0640 250.1600 64
250.1920 250.3840 65
250.4160 250.7360 67
250.7680 250.9280 68
250.9600 251.0240 69
251.0560 251.0880 72
251.1200 251.1520 73
251.1840 251.8240 74
251.8560 252.0160 72
252.0480 252.3680 70
252.4000 252.5280 65
252.5600 253.4560 63
253.4880 253.6800 62
254.7680 254.8320 69
254.8640 255.4400 70
255.4720 255.8880 72
256.0160 256.3680 67
256.5600 256.6560 65
256.8480 257.6160 65
258.8000 258.9280 62
259.0560 259.2160 63
259.2480 259.5040 65
259.5360 259.7920 63
259.8240 259.8560 62
260.0480 260.2080 61
260.2400 260.4960 62
260.5280 261.0400 58
261.2640 262.2880 58
262.9600 263.0240 57
263.0560 263.1840 58
263.2160 264.9760 60
265.0080 267.2800 58
