17.8400 18.0320 57
18.0640 18.5760 59
18.7360 18.7680 60
18.8000 18.8640 61
18.8960 19.5040 62
19.5360 19.6000 64
19.8240 19.9200 62
19.9520 20.1120 63
20.7840 20.8800 57
20.9120 21.1040 59
21.1360 21.8080 57
21.8400 22.1920 55
22.4480 22.6080 57
22.8320 22.9600 59
23.1200 23.2800 57
23.3120 23.6640 59
24.4640 24.6240 57
24.6560 25.2960 59
25.3280 25.5520 62
25.7440 25.8720 60
25.9040 26.0960 62
26.1280 26.3520 64
26.3840 26.5440 62
26.5760 26.8000 64
27.1520 27.3120 55
27.3440 27.5360 57
27.8240 28.0800 57
28.2080 28.3360 55
28.3680 28.5280 57
28.5600 28.5920 56
28.6240 28.7200 55
28.9120 29.3600 55
31.0560 31.1520 57
31.1840 31.7280 59
31.8560 32.1440 62
32.2720 32.6240 62
32.6560 32.8160 64
32.8480 33.1040 62
33.1360 33.6160 64
33.6480 33.6480 61
33.6800 33.6800 59
33.9040 34.0320 57
34.0640 34.3840 59
34.4160 34.9280 57
35.1520 35.3440 59
35.3760 35.6000 60
35.8880 36.0160 57
36.0480 36.6240 59
37.5840 37.7120 57
37.7440 38.2560 59
38.4480 38.5760 60
38.6080 39.2160 62
39.2480 39.4400 64
39.4720 39.6640 62
39.6960 39.9520 64
40.3040 40.3680 56
40.4000 40.4960 55
40.5280 40.6560 57
40.6880 40.9120 59
40.9440 41.1360 57
41.2960 41.4240 55
41.4560 41.6480 57
41.6800 41.7120 56
41.7440 41.7760 55
41.9680 42.0640 56
42.0960 42.4480 57
42.4800 42.7360 55
43.1200 43.2800 54
43.7600 43.8880 62
43.9200 44.5600 64
44.5920 44.7200 66
44.7520 45.3280 67
45.3600 45.6160 66
45.8720 46.3520 62
46.8000 46.8960 59
47.0880 47.1840 59
47.2160 47.3440 60
47.3760 47.4080 59
47.4400 47.6000 57
47.6320 47.9200 59
47.9520 48.1440 57
48.1760 48.2080 56
48.2400 48.4960 55
48.5280 48.5600 56
48.5920 48.6880 57
48.7200 48.7520 58
48.7840 48.9760 59
49.4560 49.6160 57
49.6480 49.8080 59
49.9360 50.0000 58
50.0320 50.1920 57
50.2240 50.3520 54
50.4800 51.0240 55
51.1520 51.2800 65
51.3120 51.8240 67
51.9520 52.0800 67
52.1120 52.3680 69
52.4000 52.4640 64
52.4960 52.5920 65
52.6240 52.6560 63
52.6880 52.8800 62
53.2960 53.4560 60
53.4880 53.7120 59
53.8720 54.0000 65
54.0320 54.5440 67
54.8640 55.0240 64
55.0560 55.4080 66
55.4400 56.4320 67
56.4640 56.7200 69
56.7520 56.9120 67
56.9440 58.6720 69
59.3440 59.3760 60
59.4080 59.4080 62
59.4400 59.5040 65
59.5360 59.7280 67
59.7600 60.0480 66
60.0800 60.4960 64
60.5280 60.5280 62
60.5600 60.5600 57
60.6560 60.6560 57
60.6880 60.9760 60
61.0080 61.0720 63
61.1040 61.3280 64
61.3600 61.4240 63
61.4560 61.6160 69
61.6480 61.9040 71
61.9360 62.0640 69
62.2560 62.7040 67
62.7360 63.0560 69
63.3760 63.4400 57
63.4720 63.4720 62
63.5040 63.6000 65
63.6320 63.8240 66
63.8560 64.1760 62
64.2080 64.2720 61
64.3040 64.3040 64
64.3360 64.6880 66
64.7200 64.8800 69
64.9120 65.1040 67
65.1360 65.3280 69
65.3600 65.6160 67
65.9680 65.9680 61
66.0000 66.0640 66
66.0960 66.4160 67
66.4480 66.5760 66
66.6080 67.0560 64
67.0880 67.0880 61
67.1200 67.2480 58
67.2800 67.3760 60
67.4080 67.4400 63
67.4720 67.6640 64
67.9520 67.9520 66
67.9840 68.1120 69
68.1440 68.4960 71
68.5280 68.6240 69
68.6560 69.2320 67
69.2640 69.4240 69
69.4560 69.4560 67
69.4880 69.4880 64
69.5200 70.0000 62
70.0320 70.0320 64
70.0640 70.2880 69
70.3200 71.8880 71
72.4320 72.4960 62
72.5280 72.6240 66
72.6560 72.9120 67
72.9440 73.1680 66
73.2000 73.6480 64
73.6800 73.6800 61
73.7120 73.8080 57
73.8400 74.1600 60
74.1920 74.5760 64
74.6080 74.7360 69
74.7680 75.0560 71
75.0880 75.2160 69
75.3760 75.8560 67
75.8880 76.1440 69
76.6240 76.7200 69
76.7520 76.9120 71
77.1040 77.3280 74
77.3600 77.4560 71
77.4880 77.6160 72
77.6480 77.8080 74
77.8400 77.8400 72
77.8720 77.8720 69
77.9040 77.9040 67
78.1280 78.2240 67
78.2560 78.5760 69
78.6080 78.7680 67
79.0880 79.1840 66
79.2160 79.5040 67
79.5360 79.6640 66
79.6960 80.6240 64
81.1680 81.2960 69
81.3280 81.5200 71
81.5520 82.1920 69
82.2240 82.2560 68
82.2880 82.3520 65
82.3840 82.6080 66
82.8000 82.9920 62
83.0240 83.0880 60
83.1200 83.3120 62
83.3440 85.6800 64
87.6640 88.3360 55
90.3520 91.3120 59
94.4160 95.2800 64
95.3120 95.7600 62
96.1760 98.4160 59
100.0160 100.2400 57
100.2720 100.8160 59
100.9440 101.0400 60
101.0720 101.6800 62
101.7120 101.7760 63
102.0320 102.1920 62
102.2240 102.3200 64
102.9600 103.0560 57
103.0880 103.2800 59
103.3120 103.9840 57
104.0160 104.5920 56
104.6240 104.8160 57
105.0080 105.1680 59
105.3280 105.4560 57
105.4880 105.8720 59
106.6720 106.8000 57
106.8320 107.4720 59
107.5040 107.7600 62
107.9200 108.0480 60
108.0800 108.3040 62
108.3360 108.5600 64
108.5920 108.7520 62
108.7840 108.9760 64
109.3280 109.5200 55
109.5520 109.7120 57
110.0000 110.2880 57
110.3200 110.5120 55
110.5440 110.7360 57
110.7680 110.8000 56
110.8320 110.9280 55
111.0880 111.6640 55
113.2320 113.2640 57
113.2960 113.3280 58
113.3600 113.9040 59
114.0640 114.3200 62
114.4800 114.8320 62
114.8640 115.0240 64
115.1520 115.2800 62
115.3120 115.8240 64
116.1120 116.2400 57
116.2720 116.5600 59
116.5920 117.1040 57
117.3280 117.5840 59
117.6160 117.7760 60
118.0640 118.2240 57
118.2560 118.8960 59
118.9280 119.6320 54
119.6640 119.7920 55
119.8240 119.9200 57
119.9520 120.4320 59
120.6560 120.6880 60
120.7200 120.7520 61
120.7840 121.3920 62
121.4240 121.6160 64
121.6480 121.8400 62
121.8720 122.3200 64
122.5760 122.7040 56
122.7360 122.8640 57
122.8960 123.1200 59
123.1520 123.3440 57
123.5360 123.6000 55
123.6320 123.8560 57
123.8880 123.9200 56
123.9520 123.9840 55
124.1440 124.1760 55
124.2080 124.2720 56
124.3040 124.6240 57
124.6560 124.6880 55
125.9680 126.0320 62
126.0640 126.0960 63
126.1280 126.7680 64
126.8000 126.8960 66
126.9280 127.5040 67
127.5360 127.8880 66
128.0800 128.5920 62
129.2640 129.3920 59
129.4240 129.5840 60
129.6160 129.8080 57
129.8400 130.1280 59
130.1600 130.3840 57
130.4160 130.6400 55
130.6720 130.7360 56
130.7680 130.8960 57
130.9280 131.1520 59
131.6640 131.8240 57
131.8560 131.9840 59
132.1440 132.2080 58
132.2400 132.3680 57
132.4000 132.6240 54
132.6560 132.9120 55
133.3600 133.4880 65
133.5200 134.0320 67
134.1600 134.2560 67
134.2880 134.5760 69
134.6080 134.8000 65
134.8320 135.0880 62
135.4400 135.6320 60
135.6640 135.9200 59
136.0800 136.1440 65
136.1760 136.2080 66
136.2400 136.7840 67
137.0400 137.2320 64
137.2640 137.6160 66
137.6480 138.6400 67
138.6720 138.8640 69
138.8960 139.1200 67
139.1520 140.6880 69
141.5200 141.5840 59
141.6160 141.6160 63
141.6480 141.7120 65
141.7440 141.9360 67
141.9680 142.2240 66
142.2560 142.7040 64
142.7360 142.7360 61
142.7680 142.8320 57
142.8640 143.1840 60
143.2160 143.2480 63
143.2800 143.5040 64
143.5360 143.6000 63
143.6320 143.6320 67
143.6640 143.8240 69
143.8560 144.0800 71
144.1120 144.2400 69
144.4960 144.9120 67
144.9440 145.2000 69
145.5840 145.6480 58
145.6800 145.6800 63
145.7120 145.7760 65
145.8080 146.0000 66
146.0320 146.0320 64
146.0640 146.4800 62
146.5120 146.8640 66
146.8960 147.0880 69
147.1200 147.3120 67
147.3440 147.5040 69
147.5360 147.7920 67
148.0800 148.1440 60
148.1760 148.2400 66
148.2720 148.6240 67
148.6560 148.7840 66
148.8160 149.2640 64
149.2960 149.2960 60
149.3280 149.4240 58
149.4560 149.5520 60
149.5840 149.6800 63
149.7120 149.8400 64
150.1600 150.1600 67
150.1920 150.3200 69
150.3520 150.7040 71
150.7360 150.8320 69
150.8640 151.4400 67
151.4720 151.6320 69
151.6640 151.6640 65
151.6960 152.2080 62
152.2400 152.2400 66
152.2720 152.4640 69
152.4960 154.0640 71
154.6080 154.6720 62
154.7040 154.7040 64
154.7360 154.8000 66
154.8320 155.0880 67
155.1200 155.3440 66
155.3760 155.8240 64
155.8560 155.8880 62
155.9200 156.0160 57
156.0480 156.3360 60
156.3680 156.7520 64
156.7840 156.9440 69
156.9760 157.2640 71
157.2960 157.3920 69
157.5840 158.0640 67
158.0960 158.3520 69
158.7360 158.7680 65
158.8000 158.8640 69
158.8960 158.9280 70
158.9600 159.1200 71
159.3120 159.5360 74
159.5680 159.6000 73
159.6320 159.7920 72
159.8240 160.0160 74
160.0480 160.0480 72
160.0800 160.1120 68
160.3040 160.4000 67
160.4320 160.7520 69
160.7840 160.9440 67
161.2960 161.3600 66
161.3920 161.7120 67
161.7440 161.8720 66
161.9040 162.8320 64
163.3440 163.4720 69
163.5040 163.6960 71
163.7280 164.4640 69
164.4960 164.8160 66
164.9760 165.4880 62
165.5200 167.4400 64
167.8560 167.9200 60
167.9520 168.0160 65
168.0480 168.2400 67
168.2720 168.5600 66
168.5920 169.0080 64
169.0400 169.0400 62
169.0720 169.1360 57
169.1680 169.4880 60
169.5200 169.5520 63
169.5840 169.8400 64
169.8720 169.9360 63
169.9680 170.1280 69
170.1600 170.4160 71
170.4480 170.5760 69
170.7360 171.2160 67
171.2480 171.5360 69
171.8880 171.9520 57
171.9840 171.9840 62
172.0160 172.1120 65
172.1440 172.3360 66
172.3680 172.6880 62
172.7200 172.7840 61
172.8160 173.2000 66
173.2320 173.3920 69
173.4240 173.6160 67
173.6480 173.8400 69
173.8720 174.1280 67
174.4480 174.4480 61
174.4800 174.4800 63
174.5120 174.5760 66
174.6080 174.9280 67
174.9600 175.0880 66
175.1200 175.5680 64
175.6960 175.7600 58
175.7920 175.8880 60
175.9200 175.9520 63
175.9840 176.1760 64
176.4640 176.4640 66
176.4960 176.6240 69
176.6560 176.9440 71
176.9760 177.1360 69
177.1680 177.7440 67
177.7760 177.9360 69
177.9680 177.9680 67
178.0000 178.5120 62
178.5440 178.5440 64
178.5760 178.5760 67
178.6080 178.8000 69
178.8320 180.3680 71
180.9120 181.0080 63
181.0400 181.1360 66
181.1680 181.3600 67
181.3920 181.6800 66
181.7120 182.1600 64
182.1920 182.1920 61
182.2240 182.3520 58
182.3840 182.6720 60
182.7040 183.0880 64
183.1200 183.2480 69
183.2800 183.5680 71
183.6000 183.7280 69
183.9200 184.3680 67
184.4000 184.6560 69
185.1360 185.2320 69
185.2640 185.4240 71
185.6160 185.8720 74
185.9040 185.9680 71
186.0000 186.1280 72
186.1600 186.3520 74
186.3840 186.4160 69
186.6080 186.7360 67
186.7680 187.0880 69
187.1200 187.2800 67
187.6000 188.1440 67
188.1760 189.1360 64
189.6800 189.7760 69
189.8080 190.0320 71
190.0640 190.7360 69
190.9280 191.1200 66
191.3120 191.8240 62
191.8560 193.8400 64
