12.2400 12.3360 51
12.3680 12.5920 52
12.9120 13.0720 52
13.3920 13.5840 52
13.9040 14.3840 52
14.4160 14.5120 53
14.7040 14.8640 55
14.8960 14.9600 54
14.9920 15.2160 53
16.3680 16.4320 52
17.1040 17.2320 48
17.5520 17.7440 48
18.0320 18.4480 50
18.6080 18.8320 52
20.2720 20.4640 51
20.9120 20.9760 49
21.0080 21.6480 48
21.9040 22.1280 48
22.1600 22.3200 49
22.3520 22.4800 50
24.6880 24.8800 51
24.9120 25.0720 50
25.3920 25.6480 52
26.0960 26.1600 52
26.4160 26.5440 52
26.5760 26.7040 51
26.7360 26.7680 50
26.9280 27.1200 50
28.3040 28.3360 50
28.3680 28.4320 51
28.4640 28.6240 52
28.8800 29.1040 52
29.3600 29.5200 52
29.8400 30.0640 52
30.0960 30.1920 53
30.3200 30.5120 55
30.7040 30.8320 53
32.2080 32.4320 52
32.8800 33.0080 52
33.3600 33.5200 52
33.8400 34.0000 53
34.0320 34.2240 54
34.5120 34.8320 50
34.8640 34.9920 51
35.0240 35.3440 52
36.2400 36.3360 52
36.3680 36.4000 51
36.8800 36.9440 49
36.9760 37.5200 48
37.7440 38.0960 48
38.1280 38.2240 49
38.2560 38.3840 50
41.0080 41.5840 52
41.7120 41.7760 53
41.8080 42.0640 52
42.0960 42.3840 51
42.5440 42.7360 51
47.3120 47.4720 51
47.7920 47.9840 48
73.1680 73.5840 63
73.6160 74.5120 62
74.5440 74.6080 61
74.6400 74.7040 58
74.7360 74.9600 57
75.2160 75.3440 61
75.3760 75.4400 62
75.4720 75.5360 63
75.5680 76.0800 64
76.2080 76.2720 64
81.6800 81.7440 62
81.7760 81.9040 63
81.9360 82.7680 62
82.8000 82.8320 61
82.8640 83.0880 60
83.1200 83.2160 62
83.2480 83.2800 60
86.3200 86.4480 58
86.8320 86.9600 62
87.1200 87.4080 63
87.9520 88.1440 63
88.1760 89.1680 62
90.3840 91.3120 52
92.1760 92.2080 49
92.2400 93.0080 50
94.0960 95.0880 48
95.5680 95.7280 50
95.7600 95.9200 52
95.9520 96.0800 51
97.6800 97.7120 50
97.7440 97.7760 51
97.8080 97.9360 52
98.0960 98.6720 52
99.5040 99.5680 48
99.6000 99.7920 50
99.9520 100.0480 52
100.1760 100.3360 50
101.1680 101.2000 48
101.2960 101.4560 48
101.7440 101.9680 48
102.0000 102.2560 49
102.8960 103.0240 51
103.1520 103.2800 52
103.3120 103.3440 51
105.1360 105.7440 48
105.9680 106.5440 48
106.5760 106.7680 50
106.8000 107.0880 52
107.2800 107.4080 53
107.6000 107.8880 55
108.2080 108.2400 56
108.2720 108.3360 57
108.9120 109.2640 48
109.3920 109.4880 48
109.7120 109.7760 51
109.8080 110.1920 52
110.3200 110.3840 52
112.1120 112.2400 52
112.2720 112.2720 50
112.4000 112.4960 48
112.6240 113.7760 48
113.8080 113.8400 49
113.8720 114.1600 50
114.1920 114.4160 52
114.4480 114.4800 56
114.5120 114.6400 57
114.6720 114.7680 60
114.8000 114.8320 59
114.8640 115.4080 55
115.8240 115.9200 63
115.9520 117.5840 60
117.6160 117.8080 59
118.8640 118.8960 52
118.9280 118.9600 51
118.9920 119.6640 50
119.8240 120.0160 60
120.0480 122.3840 62
122.4160 122.6080 61
123.0880 123.4080 52
123.6960 123.8560 52
124.1440 124.3040 52
124.6240 125.2000 52
125.3280 125.7120 55
125.8400 126.5760 52
126.7040 126.8320 52
127.3440 127.5040 59
128.3040 128.7200 62
128.7520 129.1680 64
129.2000 129.3280 62
130.3840 130.6080 64
130.6400 130.9920 58
131.0240 131.5040 60
131.6640 131.9520 60
132.0160 132.0800 59
132.3680 132.4320 57
132.4640 132.8160 55
134.5440 134.7040 64
134.7360 134.8960 62
135.0240 135.1520 60
135.1840 135.1840 62
135.2160 135.5040 64
135.5360 135.7920 60
135.8240 135.9520 63
136.0800 136.3360 64
136.3680 137.2320 62
137.7440 137.8720 62
138.0000 138.1600 64
138.4480 138.6400 64
138.8960 139.1520 64
139.3760 139.8240 64
139.8560 140.0800 67
140.1120 140.8800 64
140.9120 141.0400 62
141.4560 141.8400 53
142.1920 142.3200 64
142.6720 142.8320 64
143.0880 143.2480 64
143.2800 143.5360 67
143.5680 143.5680 65
143.6960 144.2080 62
144.2400 145.2320 64
145.3920 145.5520 57
145.6480 145.7440 58
145.7760 147.1200 60
147.2800 147.6320 55
149.0400 149.1680 54
149.2640 150.4480 52
150.4800 150.6400 50
150.7360 150.8640 50
152.0160 152.3040 55
152.3360 152.4960 53
153.2000 154.1280 68
154.1600 154.3200 67
154.3520 154.5120 64
154.5440 154.6080 62
162.0320 162.1600 60
166.5120 166.6400 62
166.6720 167.1840 63
167.2160 167.3120 62
167.4400 167.6640 62
167.7600 168.7840 60
168.8160 169.2960 62
182.5440 184.0800 60
184.1120 184.3360 62
184.3680 184.5600 64
184.5920 184.6880 58
184.7200 185.0400 60
185.0720 185.7440 55
185.7760 186.0000 57
186.0960 186.1920 56
186.2240 186.3200 59
186.5120 187.1840 60
187.2160 187.9200 64
188.0160 188.1760 63
188.2080 188.2720 61
189.6800 189.7440 53
189.9040 191.4400 60
191.4720 191.6320 62
191.7600 192.0160 64
192.0480 192.2400 59
192.2720 192.4000 60
192.5280 193.0400 55
193.1680 193.4240 64
193.4560 193.4880 62
193.5200 195.1840 60
195.2160 195.4080 59
196.2080 196.4320 66
196.5920 197.1680 62
197.3920 197.6480 60
197.8720 200.2720 62
200.4960 200.5280 61
200.5600 200.9120 64
201.1680 201.4880 64
201.6480 201.9360 64
202.1280 202.8320 64
202.8640 203.2480 67
203.2800 204.3680 64
204.4000 204.4640 63
204.8800 205.6160 60
205.8400 206.2880 62
206.3200 206.9600 64
206.9920 207.0880 62
207.8880 208.1120 64
208.1440 208.4960 58
208.6240 209.7440 60
209.7760 209.8720 62
209.9040 209.9680 59
210.0000 210.0960 56
210.1280 210.3840 55
211.8880 211.9840 60
212.0160 212.0800 61
212.1120 212.2720 64
212.3040 212.4640 62
212.4960 212.7200 60
212.7520 213.0400 64
213.0720 213.1040 60
213.1680 213.3600 60
213.3920 213.9040 64
213.9360 214.9280 62
215.3120 215.5040 62
215.5360 215.8240 64
215.9520 216.2080 64
216.4320 217.3920 64
217.4240 217.5840 67
217.6160 218.3200 64
218.3520 218.3840 62
218.9600 219.4400 64
219.6640 219.8560 64
220.1440 220.3680 64
220.5600 220.7520 64
220.7840 221.0080 67
221.0400 221.7440 62
221.7760 222.8320 64
223.1520 223.2480 59
223.2800 224.4640 60
224.4960 224.5920 62
224.6240 224.6560 60
224.8160 225.2000 55
225.2320 225.3280 54
226.6720 226.6720 59
226.7680 226.8000 59
226.8320 226.8320 61
226.8640 228.0160 64
228.0480 228.5280 62
230.1280 230.4480 55
230.4800 231.6960 64
231.7280 232.2400 62
233.8720 234.0960 55
234.2240 234.2560 62
234.2880 235.3440 64
235.3760 235.9200 62
242.7360 242.9280 57
253.2320 253.4560 55
