15.6000 15.7280 54
15.7600 15.8880 55
15.9200 15.9520 58
15.9840 16.0160 60
16.0480 16.1120 61
16.1440 16.5920 62
16.6240 16.6560 60
16.6880 16.8160 59
16.8480 17.2000 61
17.2320 17.2960 60
17.3280 17.3600 58
17.3920 17.4880 57
18.0640 18.0960 55
18.1280 18.1920 56
18.2240 18.8320 57
19.8880 20.7520 55
20.7840 21.3600 54
21.4880 22.0320 54
22.1920 22.3840 54
22.4160 22.7680 55
22.8960 22.9600 57
22.9920 23.0880 56
23.1200 23.1520 55
23.1840 23.3120 54
23.3440 23.6000 53
23.6320 24.2400 52
26.5440 26.8640 54
27.1200 27.2480 61
27.2800 27.6320 62
27.6640 27.6960 61
27.8240 27.8880 59
27.9200 27.9520 60
27.9840 28.4000 61
28.4320 28.4960 59
28.5280 28.6880 57
28.7200 28.7840 56
29.2320 29.3280 56
29.3600 29.8080 57
29.9360 30.0320 58
30.8640 30.9920 53
31.0240 31.0560 54
31.0880 31.5680 55
31.6000 31.8240 56
31.8560 31.9200 55
31.9520 32.1120 53
32.1440 32.3680 54
32.7840 32.9120 54
33.0400 33.2320 54
33.2640 33.3600 55
33.3920 33.3920 58
33.4240 33.4560 62
33.4880 33.5200 63
33.5520 33.8400 64
34.0640 34.5760 64
34.8000 34.8960 60
34.9280 35.4400 61
35.4720 35.5040 60
35.5360 35.5680 59
36.5920 36.7200 59
36.8800 36.9760 61
37.0080 37.0400 60
37.2000 37.2960 59
37.3280 37.3600 60
37.3920 37.4880 61
37.5200 38.4160 62
39.3760 39.4080 58
39.6640 40.5280 61
40.5600 41.2000 62
41.3280 41.3920 61
42.1600 42.1920 58
42.2240 42.4160 59
42.4480 42.5440 61
42.7680 43.2160 61
43.2480 43.8240 62
43.8560 44.0160 64
44.0480 44.1120 63
44.1440 44.2720 62
44.6560 45.2320 59
45.2640 45.5200 61
45.9040 46.0640 61
46.0960 46.6080 62
46.6400 47.2800 64
47.3120 47.4080 65
47.4400 47.6960 66
47.7280 47.9520 64
47.9840 48.1440 63
48.1760 48.3360 64
48.3680 48.4000 63
48.4320 49.3920 62
50.6080 50.8000 59
50.8320 50.9920 61
51.1520 51.3120 60
51.3440 51.6320 61
51.6640 52.4000 62
52.4320 52.4640 61
53.3600 53.3920 58
53.4240 53.5840 59
53.6160 54.1280 61
54.1600 54.1920 60
54.3200 54.5120 61
54.5440 54.9600 62
54.9920 55.1200 61
55.7280 55.7920 56
56.0480 56.0800 60
56.1120 56.1440 61
56.1760 56.3680 62
56.4000 56.6240 64
56.7520 56.8160 64
56.8480 56.9760 66
57.1040 57.2320 63
57.2640 58.1920 64
58.2240 58.2560 63
58.2880 58.3520 62
58.7680 58.8000 66
58.8320 58.9920 67
59.0240 59.0560 66
59.0880 59.2160 65
59.2480 59.6320 62
59.6640 59.7920 64
59.8240 59.8560 63
59.8880 60.7200 62
61.6160 61.6800 54
61.7120 61.7440 56
61.7760 61.9360 57
61.9680 62.1920 62
62.3200 62.5120 62
62.6720 62.8000 63
62.8320 63.6000 64
64.4320 64.4640 66
64.4960 64.6560 67
64.6880 64.9120 64
64.9440 64.9760 62
65.0400 65.1360 62
65.1680 65.4240 63
65.4560 66.0640 62
66.0960 66.0960 58
66.2560 66.2880 57
66.3200 66.3840 58
66.4160 66.5440 59
67.3120 67.3760 58
67.4080 67.5360 59
67.5680 67.8240 62
68.2400 68.2720 63
68.3040 68.3680 64
68.4000 68.4640 65
68.4960 68.9440 66
68.9760 69.1040 67
69.1360 69.5200 66
69.6800 69.8080 67
69.8400 69.9360 70
69.9680 69.9680 68
70.0000 70.0960 65
70.1280 70.3200 66
70.3520 70.6400 62
70.6720 70.7360 63
70.7680 71.1200 64
71.1520 71.1840 65
71.2160 71.8880 66
71.9200 71.9840 64
72.3360 72.4960 64
72.5280 72.6240 65
72.6560 73.0720 66
73.1040 73.1360 65
73.1680 73.2640 64
73.4880 73.6160 62
73.6480 73.7760 63
73.8080 74.0640 64
74.6400 74.9280 64
74.9920 75.4080 63
75.4400 75.4720 66
75.5040 75.5680 67
75.6000 75.6960 65
75.7280 75.8880 66
75.9200 75.9520 64
75.9840 76.1120 62
76.2720 76.6240 59
76.6560 76.7200 62
76.7520 76.7840 63
76.8160 76.9440 64
76.9760 77.0400 62
77.2960 78.0640 62
78.0960 78.1280 56
78.1600 78.3200 55
78.3520 78.4480 52
78.4800 78.5120 53
78.5440 79.4720 54
79.5040 80.0480 55
80.0800 80.2080 52
81.1360 81.1360 64
81.1680 81.2960 66
81.3280 81.5200 65
81.5520 81.6160 64
81.6480 81.8720 62
81.9040 82.1600 63
82.1920 82.8960 62
83.0880 83.3120 54
83.6000 83.6320 53
83.6640 83.8560 54
84.0160 84.1760 54
84.3680 85.3920 54
85.4240 85.4240 52
85.6800 86.1920 54
86.4160 86.5120 53
86.5440 86.8960 54
87.1200 88.0800 54
88.4960 88.6240 54
88.8160 88.9760 52
89.0080 89.0400 53
89.0720 89.2000 54
89.2320 89.2640 53
89.5200 89.5840 53
89.6160 89.9680 54
90.0000 90.0640 53
90.0960 90.2240 51
90.2560 90.4160 52
90.4480 90.6720 54
91.0560 91.0880 53
91.1200 91.1840 52
91.5040 91.5360 51
91.6000 91.8240 52
91.9200 91.9520 52
91.9840 92.1760 53
92.2400 92.2720 52
92.4960 92.7840 52
92.8160 92.8480 51
92.8800 92.9120 50
93.1040 93.1680 51
93.2000 93.4240 52
93.4560 93.9680 50
94.1600 94.1600 50
94.2240 94.2880 50
94.3520 94.8000 50
94.9600 95.2160 50
95.3760 95.6640 50
95.8240 95.9840 56
96.0160 96.0480 55
96.0800 96.4000 54
96.7200 97.1040 50
97.2640 98.1280 50
98.2560 98.3840 50
98.6400 98.7360 56
98.7680 98.8000 55
98.8320 99.1840 54
99.6960 99.7600 53
99.7920 100.5280 54
100.5600 100.6560 53
100.6880 101.2000 54
101.2320 101.3600 53
101.3920 101.5200 54
101.6480 101.7440 53
101.7760 101.8400 52
101.9680 102.4160 50
104.9440 105.1680 54
105.2000 105.2320 57
105.2640 105.3280 60
105.3600 105.3920 61
105.4240 105.8720 62
105.9040 106.0960 59
106.1280 106.4480 61
106.6400 106.7680 57
107.3760 107.4400 55
107.4720 107.6640 56
107.6960 107.9520 57
109.1360 109.2000 54
109.2320 110.0000 55
110.0320 111.2800 54
111.5360 111.6320 54
111.6640 112.1120 55
112.2400 112.4320 57
112.4640 112.5280 56
112.5600 112.7200 54
112.7520 113.5200 52
115.8880 116.1760 54
116.4320 116.5280 61
116.5600 116.9760 62
117.0080 117.1360 59
117.1680 117.6800 61
117.7120 117.7760 60
117.8080 118.0640 57
118.5120 118.6400 55
118.6720 119.1200 57
119.2800 119.3760 58
120.1120 120.2720 52
120.3040 120.9440 55
120.9760 121.1360 57
121.1680 121.2000 55
121.2960 121.4560 52
121.4880 121.7760 54
122.0960 122.6400 54
122.6720 122.6720 58
122.7040 122.8320 62
122.8640 123.2480 64
123.4080 123.9200 64
124.0800 124.1120 59
124.1440 124.7520 61
124.7840 124.9120 59
125.9680 126.0960 59
126.1280 126.1600 60
126.1920 126.3520 61
126.3840 126.3840 59
126.4800 126.6080 59
126.6400 126.6720 60
126.7040 126.8640 61
126.8960 127.6320 62
127.6640 127.6960 61
128.5920 128.6880 56
128.7200 128.7840 58
128.9760 129.1680 61
129.2640 129.8080 61
129.8400 130.4800 62
130.5120 130.5760 59
131.4400 131.5040 57
131.5360 131.5680 58
131.6000 131.7280 59
131.7600 131.8880 61
132.1120 132.5280 61
132.5600 133.1040 62
133.1360 133.2960 64
133.3280 133.3600 63
133.8400 133.9360 57
133.9680 134.0000 58
134.0320 134.5120 59
134.5440 134.8320 61
135.2480 135.2480 56
135.2800 135.3440 60
135.3760 135.9200 62
135.9520 136.5600 64
136.5920 136.7200 65
136.7520 136.9760 66
137.0080 137.1680 64
137.2960 137.6800 64
137.7120 138.6720 62
138.7040 138.8320 59
139.9200 140.0800 59
140.1120 140.2080 61
140.5600 140.8800 61
140.9120 141.7760 62
142.5760 142.8960 58
143.0880 143.2160 55
143.2480 143.2800 59
143.3120 143.3440 60
143.3760 143.6000 61
143.7280 143.8240 61
143.8560 144.5920 62
145.3920 145.4240 60
145.4560 145.4880 61
145.5200 145.6800 62
145.7120 145.9040 64
146.0320 146.1600 64
146.1920 146.2560 66
146.4160 146.4800 62
146.5120 146.5440 63
146.5760 147.3760 64
147.4080 147.4400 63
148.0480 148.3680 66
148.4000 148.4960 65
148.5280 148.9440 62
148.9760 149.1040 64
149.1360 150.0320 62
150.8640 150.8960 54
150.9280 150.9920 55
151.0240 151.0560 56
151.0880 151.1520 57
151.2800 151.8240 62
151.9520 152.1120 63
152.1440 152.8800 64
153.6800 153.7760 66
153.8080 153.9360 67
153.9680 154.2240 64
154.2560 154.2880 62
154.4160 154.4480 62
154.4800 154.6720 63
154.8000 155.3440 62
155.3760 155.4080 59
155.5680 155.6640 58
155.6960 155.8240 59
156.6240 156.6560 58
156.6880 156.8160 59
156.8480 157.1040 62
157.5520 157.7440 64
157.8400 158.2560 66
158.2880 158.4160 67
158.4480 158.8320 66
158.9600 159.0880 67
159.1200 159.2480 70
159.2800 159.3440 64
159.3760 159.6000 66
159.6320 160.0480 62
160.0800 160.4960 64
160.5280 161.1680 66
161.2000 161.2640 65
161.6800 161.9040 64
161.9360 162.3520 66
162.3840 162.4480 65
162.4800 162.5760 64
162.8000 162.9280 62
162.9600 163.0880 63
163.1200 163.3760 64
163.7920 163.8880 65
163.9200 164.2720 64
164.3040 164.7200 63
164.7520 164.7840 66
164.8160 164.8800 68
164.9120 165.0080 65
165.0400 165.2000 66
165.2320 165.4240 62
165.5840 165.8080 59
165.9360 166.0640 62
166.0960 166.1600 64
166.1920 166.2240 63
166.2560 166.3200 62
166.6080 167.3760 62
167.4080 167.5040 56
167.5360 167.6640 55
167.6960 167.7920 53
167.8240 168.7840 54
168.8160 169.2960 55
169.3280 169.4880 53
170.4800 170.6400 67
170.8320 170.9280 64
170.9600 171.2800 62
171.3120 171.4400 64
171.4720 172.3040 62
172.5600 173.8720 59
174.7040 176.5600 59
177.5520 178.2880 59
178.4160 179.3440 59
189.6160 189.8080 57
190.0320 190.1280 60
190.1600 190.3200 62
190.3520 190.8000 64
190.8320 190.9280 66
191.0560 191.2160 62
191.2480 194.0960 64
195.5360 195.8240 67
195.8560 195.9520 65
195.9840 196.3360 62
196.3680 196.5600 63
196.5920 198.3520 62
198.4160 198.4480 62
198.6400 199.4080 62
199.4400 199.5360 63
199.5680 199.7280 64
199.7600 200.0160 63
200.0480 201.2640 64
201.3280 201.6160 64
201.6480 202.2240 63
202.2560 202.7680 62
202.8000 202.8000 59
202.9280 203.1200 58
203.1520 203.2800 59
203.4400 203.9200 66
204.2080 204.5600 62
204.9760 205.0080 63
205.0400 205.1680 64
205.2000 205.6800 66
205.7120 205.9040 67
205.9360 206.2560 66
206.3840 206.5440 67
206.5760 206.6720 70
206.7040 206.7040 68
206.7360 206.8640 65
206.8960 207.0880 66
207.1200 207.5040 62
207.5360 207.9200 64
207.9520 208.6560 66
208.6880 208.7200 63
209.1680 209.8720 66
209.9040 210.0320 64
210.2240 210.3520 62
210.3840 210.5120 63
210.5440 210.7680 64
210.8000 210.8640 63
211.3120 211.9200 64
211.9520 212.1440 62
212.1760 212.2080 65
212.2400 212.3360 67
212.3680 212.6240 66
212.6560 212.8480 62
213.0400 213.2640 59
213.3920 213.5200 62
213.5520 214.0000 64
214.0320 214.8320 62
214.8640 214.9600 56
214.9920 215.0880 55
215.1200 215.2160 53
215.2480 216.2720 54
216.3040 216.8160 55
216.9120 216.9440 57
216.9760 217.1040 60
217.2640 217.8400 67
217.9680 218.0640 67
218.2240 218.3520 64
218.3840 218.7360 62
218.7680 218.9280 64
218.9600 219.3120 63
219.3440 222.4480 62
222.5760 222.7040 62
223.1840 223.2800 63
223.3120 223.8240 64
223.9840 224.5600 74
224.5920 224.5920 72
224.6240 225.9040 69
225.9360 226.0960 63
226.1280 226.6080 64
226.6400 226.8640 63
226.8960 227.3440 62
227.5360 228.8800 62
228.9120 228.9440 63
228.9760 229.3920 64
229.4240 229.7760 63
230.3840 231.4720 66
236.7840 236.8480 63
236.8800 237.0720 62
237.8400 238.4480 62
243.1840 243.2800 67
