27.4720 27.5360 66
32.6560 32.7840 61
32.8800 33.2000 61
33.3920 33.4560 65
33.4880 33.6800 66
33.9360 34.0320 61
34.4160 34.4800 61
34.6720 35.1520 54
35.5360 35.6960 54
36.7840 37.1680 61
37.2000 37.3920 59
37.4880 37.5200 60
37.5520 37.7440 61
37.7760 37.8720 59
38.0960 38.3200 61
38.3520 38.4800 59
38.5120 38.5760 56
38.8640 39.2480 54
39.3760 39.6320 54
39.8880 39.9520 55
39.9840 40.1440 54
40.9120 40.9440 62
40.9760 41.5520 61
41.7440 41.8400 65
41.8720 42.1600 66
42.2880 42.7040 61
42.7360 42.8000 59
43.0560 43.1200 61
43.3120 43.5040 61
43.5360 43.5360 58
43.5680 43.6320 55
43.8240 44.0480 54
44.9440 45.1360 54
45.1680 45.4880 61
45.9040 46.0960 61
46.1280 46.1920 65
46.4480 46.5120 62
46.5440 46.5760 61
46.6080 46.7360 60
46.9920 46.9920 65
47.2160 47.5680 61
48.0160 48.2400 54
48.8480 48.9760 59
49.0080 49.1360 57
49.3600 49.5840 61
49.7120 49.7760 59
49.8080 50.0000 61
50.0320 50.2240 60
50.2560 50.6400 61
50.6720 50.8320 59
50.8640 51.0240 57
51.0560 51.0880 55
51.6640 51.8240 61
51.8560 51.9520 59
52.1760 52.4000 61
52.7840 52.8800 68
53.2640 53.3280 61
53.4880 53.8080 61
54.0000 54.0640 61
54.2880 54.3200 59
54.3520 54.3840 60
54.4160 54.6080 61
55.0240 55.2160 57
55.2480 55.2480 55
55.5680 55.8880 61
55.9200 55.9200 59
56.0480 56.2080 59
56.3360 56.4960 61
56.5280 56.5280 57
56.8480 56.8480 59
56.8800 57.0720 61
57.1040 57.3600 64
57.3920 57.4880 67
57.5200 57.7760 68
57.8080 57.8720 64
57.9040 57.9680 63
58.1600 59.1200 66
59.1520 59.2800 65
59.7600 60.3680 69
60.4960 61.6800 68
61.8720 62.2240 68
62.5760 62.9600 66
63.6000 63.9520 69
64.1440 64.4640 69
64.9120 65.7440 69
65.7760 66.3840 68
66.5120 66.7680 68
66.8000 67.1520 69
67.9840 68.0480 67
68.0800 68.2080 69
68.3360 68.8800 69
68.9120 69.4560 68
69.5840 69.7440 68
69.9360 70.2560 56
70.3840 70.4800 56
70.7040 70.8960 56
71.0240 71.2800 54
72.1120 72.2080 58
72.3040 72.5920 57
72.7840 73.4240 69
73.5520 73.7760 69
73.8080 73.9360 73
74.0960 74.1600 71
74.1920 74.1920 69
74.3200 74.6080 69
74.6400 74.6400 67
74.8960 75.0560 56
75.0880 75.3120 54
76.6240 76.6240 59
76.8480 80.1760 66
80.3680 80.5920 62
80.6240 80.7200 61
80.8160 80.8480 62
80.8800 80.9440 61
80.9760 81.3600 59
81.3920 81.5840 61
81.6160 81.9680 66
82.1280 82.2560 66
82.3840 82.4800 66
82.6400 83.3760 66
83.7600 84.3360 66
84.5280 84.5920 62
84.7840 84.8800 61
85.1040 85.1680 59
85.2320 85.5200 59
85.5520 85.7760 61
85.8080 86.5440 66
86.5760 86.6080 68
86.6400 86.7360 69
86.8640 87.1840 66
87.3760 87.6000 69
87.6320 88.0160 66
88.1760 88.6560 66
88.6880 88.7840 68
88.9120 89.1360 66
89.1680 89.4240 64
89.4560 89.7120 66
89.7440 89.9360 64
89.9680 92.5920 66
92.6240 92.6560 64
92.8800 93.1040 62
93.1360 93.4880 61
93.5200 93.5520 60
93.5840 93.8400 59
93.8720 93.9360 62
93.9680 94.0640 61
94.3840 94.5760 57
94.9280 95.0880 54
95.5360 95.6000 57
97.3600 97.9360 61
98.0960 98.2240 65
98.2560 98.4800 66
98.5120 98.5760 65
98.6080 98.7680 61
98.8960 98.9600 59
99.1200 99.4080 61
99.6960 99.8560 54
100.1760 100.3680 54
101.4240 101.6160 61
101.6480 101.7120 59
101.7440 101.8080 61
102.0000 102.1280 59
102.1600 102.2240 57
102.2560 102.4480 61
102.4800 102.5440 59
102.7040 103.0240 61
103.0560 103.0560 58
103.6000 104.0160 54
104.1120 104.3040 54
104.5920 104.8480 54
105.6160 106.2560 61
106.4480 106.9280 66
106.9600 107.0560 61
107.2160 107.3120 59
107.5040 107.6640 62
107.6960 107.7280 59
108.0160 108.2080 54
108.5600 108.7520 54
109.8720 110.0640 60
110.0960 110.2880 61
110.3200 110.3840 59
110.6080 110.8320 61
111.9200 112.1120 61
112.1440 112.1440 59
112.4000 112.9120 54
114.0640 114.1920 64
114.2240 114.3200 61
114.4800 114.7680 59
114.8000 114.8960 60
114.9280 115.3120 61
115.3440 115.5360 59
115.5680 115.7280 57
115.7600 115.8240 56
116.3360 116.5280 61
116.5600 116.6560 59
116.8800 117.0720 61
118.1920 118.5120 61
118.7040 118.8000 61
118.9600 119.3120 61
119.5680 119.5680 60
119.6960 119.9200 57
120.3040 120.6240 61
120.7520 120.8800 59
121.0400 121.2000 61
121.2320 121.2320 57
121.4560 121.5520 58
121.5840 121.7120 61
121.8400 121.9680 64
122.0960 122.1280 66
122.1600 122.4480 68
122.4800 122.5760 65
122.6080 122.6400 62
122.8640 123.2800 66
123.3120 123.4080 64
123.4400 123.6640 61
123.6960 123.6960 59
123.9840 123.9840 60
124.4320 125.0720 69
125.2000 125.8080 68
126.0000 126.4160 68
126.5440 126.9600 68
127.1840 127.2160 67
127.2800 127.6640 66
128.3040 128.6240 69
128.8480 129.1360 69
129.4880 130.4800 57
130.5120 131.1200 56
131.2800 131.4720 56
131.5040 131.8240 57
132.6880 132.7520 67
132.7840 132.8800 69
133.0400 133.1360 69
133.2640 133.4240 69
133.5520 134.1600 68
134.2880 134.4800 68
134.6080 134.7680 68
134.8960 134.9600 68
135.3440 135.5360 68
135.6000 135.9840 66
136.8160 136.8800 58
137.0080 137.2960 57
137.5200 138.1280 69
138.2560 138.4800 69
138.5120 138.6400 73
138.8000 138.8640 71
139.0240 139.3120 69
139.6000 139.7600 68
139.7920 142.2560 66
142.4480 142.7040 66
142.9920 143.0880 62
143.1840 143.4080 61
143.4400 143.5360 62
143.5680 143.6000 59
143.6640 143.8880 59
144.0160 144.2080 61
144.2400 144.4320 66
144.5280 144.5600 66
144.7200 144.8480 66
144.9760 145.1040 66
145.2640 146.1600 66
146.3200 146.8640 66
147.2160 147.3760 63
147.4080 147.5040 61
147.6320 147.7280 61
147.7600 148.1120 59
148.1440 148.3680 61
148.4000 149.1360 66
149.1680 149.3600 69
149.4880 149.8080 66
149.9680 150.1600 69
150.2560 150.6080 66
150.8000 151.3440 66
151.5360 152.3680 66
152.4000 152.5280 64
152.5600 155.2160 66
155.2480 155.2480 64
155.4720 155.7280 62
155.7600 156.0800 61
156.1120 156.1440 60
156.1760 156.4000 59
156.5280 156.7200 61
156.7520 156.9120 59
156.9440 157.0720 58
157.1040 157.2000 57
157.5520 157.7120 54
158.6400 158.7680 54
160.1760 160.3040 56
160.3360 160.3680 55
161.0080 161.1360 58
163.1520 163.2160 59
163.4720 163.6960 59
163.8240 164.1440 59
164.3360 164.8480 59
164.8800 165.0080 61
165.6160 165.7440 69
165.9040 166.0320 70
166.3200 166.4800 69
166.5120 166.5760 68
166.8320 166.8640 69
166.9280 167.0560 69
167.3120 167.3760 66
167.6640 167.8560 59
167.9840 168.3360 59
168.5920 168.9120 59
169.0720 169.2000 61
169.2320 169.2640 60
169.3600 169.4560 60
169.8400 170.1600 57
170.1920 170.3520 56
170.6720 170.7040 67
170.7360 170.8320 68
170.9920 171.1200 66
171.3440 171.9200 66
172.1760 172.4320 62
172.4640 172.5920 61
172.7200 172.8160 61
174.4800 174.7360 58
174.7680 174.8960 59
174.9280 174.9920 60
175.1520 175.2800 66
175.5360 175.9840 66
176.3680 176.5920 62
176.6240 176.6880 61
176.9120 176.9440 59
177.6160 180.2400 66
180.2720 180.3360 65
180.5280 180.6880 62
180.7200 180.8800 61
181.0080 181.1040 60
181.1360 181.4560 59
181.5840 181.6800 61
181.8080 181.9680 66
182.0640 183.5360 66
183.8880 184.6240 66
184.6560 184.8160 62
184.9120 185.0720 61
185.2000 185.2320 61
185.2640 185.2960 62
185.4560 185.6160 64
185.6480 185.8400 61
185.9680 186.7360 66
186.7680 186.8960 69
187.0560 187.4720 66
187.5040 187.7600 69
187.7920 188.2080 66
188.3680 188.7520 66
188.7840 188.9760 68
189.1040 189.2640 66
189.2960 189.5520 65
189.5840 189.9680 66
190.0960 192.7840 66
192.8160 192.8800 64
193.0400 193.2960 62
193.3280 193.6800 61
193.7120 193.7120 59
194.0960 194.2560 62
194.2880 196.2720 66
196.3040 196.6880 67
196.7200 197.1680 66
197.2000 197.4240 62
197.4560 197.5840 61
197.6160 197.7440 62
197.8400 197.8720 61
197.9360 198.0000 63
198.0320 198.1280 64
198.2560 198.3840 61
198.5120 198.8640 65
198.9920 199.2800 67
199.3120 200.2400 66
200.4000 201.3600 66
201.3920 202.0000 62
202.2560 202.3200 64
202.4800 204.2400 66
204.2720 204.4000 69
204.4320 204.9120 66
205.0720 205.4560 66
205.4880 205.5520 65
205.8080 205.9360 66
205.9680 206.1600 63
206.1920 206.2880 65
206.3200 209.1040 66
209.2320 209.4560 67
209.4880 209.7120 65
209.7440 210.3520 62
210.5440 210.6720 64
210.8000 210.8960 61
