3.0560 3.1200 56
3.2480 3.3760 55
3.5040 3.9520 54
13.7760 13.8400 52
14.9600 15.2160 55
18.4160 18.5120 54
18.9280 18.9920 50
19.0240 19.1200 49
19.7920 19.9840 53
20.0160 20.0800 52
20.1120 20.1440 51
22.6080 22.7360 55
26.3840 26.5440 53
62.8960 62.9600 57
62.9920 63.0560 60
63.0880 63.1840 61
63.2160 63.2480 60
63.2800 63.3440 59
63.3760 63.4080 60
63.4400 63.6000 61
63.7920 63.8240 60
63.8560 64.0480 61
64.0800 64.1120 60
64.1440 64.2720 59
64.3040 64.3360 60
64.3680 64.4960 61
64.5280 64.6880 59
64.9120 65.1680 59
65.7120 65.8400 56
65.9680 66.0320 56
66.0640 66.1600 59
66.3840 66.5440 59
66.5760 66.6720 57
66.7040 66.7360 58
66.7680 66.8640 59
66.8960 66.9280 58
67.0560 67.0880 57
67.1200 67.2160 58
67.2480 67.3760 59
67.4080 67.9840 57
68.6560 68.7200 55
68.7520 69.1040 56
69.1360 69.2000 57
69.3920 69.5200 59
69.5520 69.6480 61
69.6800 69.6800 59
69.7120 69.7120 57
69.7440 69.7760 54
69.8080 69.9360 53
69.9680 70.0640 54
70.8640 70.9920 54
71.0240 71.1200 56
71.3760 71.4400 55
71.4720 71.5360 56
71.6960 71.7920 57
72.0480 72.0800 57
72.1120 72.1440 58
72.1760 72.2720 59
72.3040 72.3040 57
72.3360 72.4960 54
72.5280 72.5600 55
72.5920 72.7840 56
72.8160 72.8160 54
72.9760 73.2000 51
73.2320 73.4240 50
75.6960 75.8240 49
75.8560 75.8880 51
75.9200 75.9840 52
76.1120 76.1440 51
76.1760 76.4320 52
76.5600 76.6240 50
76.6560 76.6880 53
76.7200 76.8160 54
77.0080 77.1040 60
77.2320 77.2960 59
77.3280 77.3600 60
77.3920 77.4880 61
77.5200 77.5520 60
77.7120 77.7440 59
77.7760 77.8080 60
77.8400 78.0320 61
78.0640 78.5760 59
79.1840 79.2480 50
79.2800 79.3440 54
79.3760 79.5360 56
79.5680 79.7920 57
79.8240 79.8560 58
79.8880 79.9840 59
80.0160 80.0160 57
80.1440 80.1760 59
80.2080 80.3360 62
80.5280 80.6240 61
80.6560 80.7200 60
80.7520 80.8800 59
80.9120 80.9760 58
81.0080 81.0720 57
81.4240 81.4560 57
81.4880 81.6160 58
81.6480 81.9360 57
81.9680 82.0320 56
82.7360 82.8000 54
82.8320 82.8320 57
82.8640 82.8960 60
82.9280 83.0240 61
83.2160 83.4720 64
83.5040 83.6000 61
83.6320 83.6960 62
83.7280 83.8240 64
83.8560 83.8560 62
84.0480 84.4960 57
85.0080 85.1040 54
85.2320 85.3280 56
85.3600 85.4560 55
85.4880 85.5520 57
85.7440 85.7760 61
85.8080 85.8400 62
85.8720 85.9040 63
85.9360 86.0960 64
86.1280 86.1600 63
86.2880 86.3200 62
86.3520 86.4800 63
86.5120 86.5120 61
86.5440 86.6400 59
86.6720 86.7040 60
86.7360 86.9280 61
86.9600 87.0240 60
87.0560 87.6320 59
91.1520 91.1520 56
91.1840 91.2480 59
91.2800 91.3120 60
91.3440 91.7920 61
91.9840 92.2720 61
92.4320 92.5280 60
92.5600 92.7520 61
92.8800 93.3600 59
94.0000 94.1280 56
94.1600 94.2560 55
94.2880 94.3520 57
94.5760 94.6080 57
94.6400 94.6720 58
94.7040 94.9600 59
94.9920 95.0560 56
95.0880 95.1200 57
95.1520 95.4400 58
95.4720 95.6640 59
95.6960 96.1760 57
96.2080 96.2720 56
96.8800 96.9120 56
96.9440 97.0080 57
97.0400 97.2640 56
97.2960 97.4240 57
97.5520 97.5840 58
97.6160 97.6480 59
97.6800 97.7120 60
97.7440 97.9360 61
97.9680 97.9680 58
98.0000 98.3520 54
98.3840 98.3840 52
98.5120 98.6080 53
99.0880 99.1520 54
99.1840 99.2480 55
99.2800 99.3760 57
99.5360 99.6000 54
99.6320 99.7600 56
99.9520 100.1760 57
100.2080 100.2720 58
100.3040 100.4320 59
100.4640 100.4960 58
100.6560 100.7520 61
100.7840 101.0080 62
101.0400 101.9360 61
103.9520 104.0160 61
104.0480 104.0800 63
104.1120 104.1760 64
104.2080 104.3040 63
104.3360 104.5920 64
104.8160 104.8800 64
104.9120 105.0720 66
105.1040 105.1040 64
105.1360 105.1360 62
105.1680 105.2320 60
105.2640 105.3600 61
105.3920 105.5200 60
105.5520 105.7120 61
105.9360 106.0000 59
106.0320 106.0640 60
106.0960 106.2560 61
106.2880 106.8320 59
106.8640 106.8960 58
107.4400 107.5360 51
107.5680 107.6640 55
107.8560 108.0800 57
108.1120 108.1760 59
108.2080 108.3040 58
108.3360 108.4000 61
108.4320 108.7840 62
108.8160 108.8800 61
108.9120 108.9440 60
108.9760 109.2960 59
109.4560 109.6160 56
109.6480 109.6800 57
109.7120 109.8400 58
109.8720 110.3840 57
111.0240 111.0240 55
111.0560 111.0560 57
111.0880 111.1200 60
111.1520 111.2480 61
111.4080 111.6640 64
111.6960 111.6960 62
111.8240 111.8560 61
111.8880 111.9200 62
111.9520 111.9840 63
112.0160 112.1120 64
112.1440 112.1440 61
112.1760 112.2080 57
112.2400 112.3040 56
112.5280 112.9120 57
113.4240 113.5520 56
113.5840 113.7120 55
113.7440 113.9360 57
113.9680 114.0000 60
114.0320 114.1600 61
114.1920 114.2240 60
114.2560 114.3200 59
114.5440 114.7040 54
114.7360 114.8960 55
114.9280 115.3120 56
115.3440 115.4080 57
115.4400 115.7280 56
117.6480 117.7120 61
117.7440 117.9360 64
118.0640 118.1280 64
118.1600 118.1920 65
118.2240 118.4480 66
118.4800 118.7360 68
118.9280 118.9600 68
118.9920 119.0240 70
119.0560 119.1200 71
119.1520 119.2160 69
119.3440 119.6960 69
119.7600 119.8560 68
119.8880 120.0160 69
120.4000 120.5280 69
120.7200 120.7840 67
120.8160 120.8800 69
121.0400 121.4560 68
121.4880 121.5840 66
121.6160 121.6800 67
121.8720 121.9680 66
122.0000 122.0320 65
122.0640 122.3200 64
122.3520 122.4480 63
122.4800 122.5120 64
122.5440 122.6400 65
122.8960 123.1200 64
123.1520 123.1840 62
123.3440 123.4400 59
123.4720 123.6000 61
123.7600 123.8240 64
123.8560 123.9200 63
123.9520 124.0800 57
124.1120 124.1760 56
124.2080 124.2720 57
124.3040 124.3680 56
124.4000 124.4320 55
125.0400 125.1360 49
125.1680 125.2320 52
125.2640 125.3280 54
125.5840 125.5840 55
125.6160 125.8720 57
125.9040 126.0320 58
126.0640 126.1600 59
126.1920 126.2560 61
126.2880 126.3520 60
126.3840 126.5120 59
126.5440 126.5760 58
126.6080 126.7360 57
126.7680 126.7680 55
126.8000 126.8960 53
126.9280 127.0240 54
127.0560 127.0560 57
127.0880 127.2160 59
127.2480 127.4080 61
127.4400 127.4400 59
127.5680 127.6640 58
127.6960 127.9200 59
127.9520 128.0160 60
128.1760 128.2720 59
128.3040 128.3360 58
128.3680 128.4320 57
128.4640 128.4960 56
128.5280 128.5920 53
128.6240 128.7520 54
128.8800 128.9760 64
129.0080 129.0400 65
129.0720 129.3280 66
129.9680 130.1280 61
130.3520 130.4800 62
130.5120 130.9280 64
130.9600 130.9920 63
131.0240 131.0560 62
131.6960 131.7920 60
131.8240 131.8560 63
131.8880 131.9840 64
132.0160 132.1760 63
132.2080 132.2400 65
132.2720 132.4640 66
132.4960 132.5280 67
132.5600 132.7840 68
133.0400 133.1040 68
133.1360 133.2640 69
133.4240 133.7120 69
133.9040 133.9360 68
133.9680 134.0640 69
134.5120 134.6080 69
134.8640 134.8960 69
134.9280 134.9600 70
134.9920 135.1200 71
135.1520 135.1840 69
135.2160 135.5680 68
135.6000 135.7280 66
135.7600 135.8240 68
135.8560 136.0480 67
136.0800 136.2080 66
136.2400 136.3360 62
136.3680 136.5280 64
136.5600 136.6560 65
136.6880 136.8160 66
136.8480 136.8800 65
137.0080 137.0400 63
137.0720 137.3600 64
137.3920 137.4880 69
137.5200 137.5520 70
137.5840 137.7760 71
137.8080 138.0000 68
138.1280 138.2560 68
138.2880 138.6720 69
139.2480 139.3120 65
139.3440 139.4400 66
139.6640 139.9200 57
140.0800 140.2080 64
140.4000 140.4960 64
140.5280 140.6240 66
140.6560 140.6560 64
140.6880 140.6880 62
140.7200 140.8480 57
140.8800 140.9120 56
141.3920 141.4560 56
141.4880 141.5840 57
141.6160 141.8080 54
141.8400 141.8400 56
141.8720 141.8720 58
141.9040 141.9040 61
141.9360 141.9680 63
142.0000 142.3200 64
142.3520 142.4480 66
142.4800 142.4800 63
142.6080 142.7680 56
142.8000 142.8640 57
142.8960 142.9600 56
142.9920 143.0880 57
143.3760 143.5040 56
143.6320 143.7600 59
143.7920 143.8560 58
143.8880 144.2400 57
144.2720 144.3360 56
144.3680 144.4320 57
144.4640 144.5600 56
149.7440 149.7760 60
149.8080 150.0000 61
150.0320 150.1600 59
150.1920 150.2240 58
150.2560 150.3520 57
150.3840 150.4160 58
150.4480 150.6400 59
150.6720 150.7040 58
151.9840 152.1440 64
155.6320 155.7280 57
158.1600 158.2240 57
158.2560 158.3200 59
158.3520 159.3120 61
159.3440 159.3760 60
159.4080 159.5040 58
159.5360 159.6320 59
159.6640 159.7920 61
159.8240 160.0480 59
160.2080 160.4640 59
161.0080 161.0400 56
161.0720 161.1680 57
161.2000 161.2960 56
161.3280 161.3920 58
161.4240 161.5520 57
161.5840 161.6160 58
161.6480 161.9360 59
162.0960 162.1600 57
162.1920 162.2560 59
162.2880 162.4800 58
162.5120 162.6720 59
162.7040 163.2480 57
163.2800 163.3440 56
163.8560 163.9840 55
164.0160 164.2080 56
164.4320 164.4960 57
164.5280 164.5920 58
164.7200 164.8160 59
164.8480 164.8800 60
164.9120 165.0080 61
165.0400 165.0400 59
165.1680 165.4240 54
165.4560 165.5520 53
166.1280 166.1280 50
166.1600 166.2240 53
166.2560 166.3200 56
166.3520 166.4480 57
166.4800 166.6720 55
166.7040 166.8000 56
166.8320 167.1200 57
167.1520 167.2160 58
167.2480 167.5040 59
167.6960 167.7600 61
167.7920 168.0480 62
168.0800 168.7840 61
170.9600 170.9920 56
171.0240 171.0880 62
171.1200 171.1840 64
171.3760 171.6000 64
171.6320 171.6640 63
171.8240 171.8880 63
171.9200 171.9520 65
171.9840 172.1440 66
172.1760 172.1760 64
172.2080 172.4320 61
172.4640 172.5600 59
172.5920 172.6240 60
172.6560 172.8160 61
173.0720 173.1680 59
173.2000 173.2960 61
173.3280 173.3600 60
173.3920 173.8400 59
173.8720 173.9680 58
174.4480 174.5120 50
174.5440 174.5760 51
174.6080 174.6720 54
174.7040 174.8640 56
174.8960 175.1520 57
175.1840 175.4080 59
175.4400 175.7920 62
175.8240 175.9200 61
176.0800 176.1440 60
176.1760 176.3040 59
176.3360 176.3680 58
176.4000 176.4320 57
176.4640 176.5280 56
176.7200 176.7840 56
176.8160 176.9440 59
176.9760 177.0720 57
177.1040 177.1680 56
177.2000 177.4240 57
178.0640 178.0960 58
178.1280 178.1920 59
178.2240 178.5440 61
178.5760 178.7360 64
178.7680 178.8000 63
178.8320 178.9600 62
178.9920 179.1520 63
179.1840 179.1840 60
179.2160 179.4080 57
179.6320 179.7280 57
180.3040 180.4000 54
180.4320 180.4640 55
180.4960 180.5920 56
180.6240 180.7520 55
180.7840 180.8800 57
180.9120 181.0400 58
181.0720 181.2640 60
181.5840 181.6480 53
181.6800 181.8720 54
182.0320 182.3840 56
182.4160 182.8320 57
184.6880 184.7840 62
184.8160 184.9440 64
184.9760 185.1360 63
185.1680 185.2000 65
185.2320 185.3920 66
185.4240 185.4880 67
185.5200 185.7760 68
185.9680 186.0320 68
186.0640 186.2240 69
186.3840 186.7360 69
186.7680 186.9600 68
187.5040 187.6000 69
187.7600 187.8240 67
187.8560 187.9520 69
188.0800 188.4320 68
188.4960 188.5920 66
188.6240 188.6880 67
188.8800 189.0080 66
189.0400 189.3280 64
189.4560 189.4880 64
189.5200 189.6160 65
189.9040 190.0960 64
190.1280 190.1920 63
190.2240 190.2240 61
190.2560 190.3520 58
190.3840 190.4160 59
190.4480 190.4800 60
190.5120 190.6400 61
190.7360 190.7360 62
190.7680 190.8960 64
190.9280 190.9280 62
191.0560 191.2800 56
191.3120 191.3760 55
192.1120 192.2080 50
192.2400 192.3680 53
192.5920 192.8480 57
192.8800 192.8800 54
193.0400 193.0720 58
193.1040 193.1680 59
193.2000 193.2960 60
193.4240 193.5200 59
193.5520 193.5840 58
193.6160 193.7760 57
193.8080 194.0640 54
194.0960 194.0960 56
194.1280 194.3200 59
194.3520 194.4480 61
194.4800 194.9600 59
194.9920 195.0560 61
195.2480 195.3440 59
195.3760 195.5360 57
195.5680 195.6640 55
195.6960 195.8240 54
195.8560 195.8560 56
195.8880 195.8880 60
195.9200 195.9520 63
195.9840 196.0480 64
196.0800 196.1440 65
196.1760 196.2400 66
196.2720 196.3040 67
196.3360 196.4000 68
196.9120 197.0400 61
197.2320 197.3280 62
197.3600 198.0960 64
198.1280 198.1600 63
198.7680 198.8320 61
198.8640 199.0560 64
199.0880 199.1200 65
199.1840 199.4080 66
199.4400 199.5040 67
199.5360 199.5680 68
199.6000 199.6640 69
199.6960 199.8560 68
200.0800 200.1760 68
200.2080 200.3680 69
200.5280 200.7200 69
200.9440 201.0080 68
201.0400 201.1360 69
201.6160 201.7120 69
201.9040 201.9680 67
202.0000 202.1600 71
202.1920 202.6400 68
202.6720 202.8320 67
202.8640 203.1200 68
203.1520 203.2160 66
203.3760 203.7280 64
203.7600 203.8560 66
204.1120 204.3040 64
204.3360 204.3680 62
204.5600 204.6240 70
204.6560 204.8160 71
204.8480 205.0400 68
205.3280 205.6800 69
205.7120 205.7440 68
205.7760 205.8400 67
205.8720 205.9040 68
205.9360 206.1600 69
206.2880 206.3200 64
206.3520 206.3840 65
206.4160 206.5120 66
206.5440 206.5760 63
206.6080 206.6720 58
206.7040 206.8960 57
206.9280 206.9920 58
207.1200 207.2800 63
207.4720 207.5680 65
207.6000 207.6960 66
207.7280 207.7280 63
207.7600 207.7600 60
207.7920 207.9200 57
207.9520 208.2080 55
208.2400 208.4320 54
208.4640 208.5920 56
208.6240 208.8160 54
208.8480 208.8480 56
208.8800 208.8800 59
208.9120 208.9440 63
208.9760 209.2960 64
209.3280 209.4560 66
209.4880 209.4880 63
209.6160 209.8720 57
209.9040 209.9360 56
210.4800 210.5760 56
210.7680 210.9280 59
210.9600 211.7920 57
211.8240 211.9200 56
211.9520 212.0160 58
212.0480 212.1120 57
212.1440 212.2080 58
212.2400 212.4000 55
212.4320 212.6880 54
212.9440 213.0080 56
213.0400 213.1680 55
213.4240 213.4880 55
213.8400 213.9360 54
213.9680 214.0000 53
214.0320 214.2880 52
214.3200 214.3520 53
214.3840 214.4480 54
215.2480 215.3760 72
215.4080 215.4720 71
215.5040 215.5680 70
215.6000 215.6320 69
215.6640 215.9520 68
225.9680 226.0320 62
232.9440 233.0080 69
233.0400 233.1360 68
237.6160 237.6480 62
237.6800 237.7120 63
237.7440 238.0320 64
238.0640 238.0960 65
238.1280 238.3520 66
238.3840 238.4160 67
238.4480 238.6720 68
238.8960 238.9920 68
239.0240 239.1520 69
239.3440 239.9520 69
240.4000 240.4960 69
240.6880 240.7520 68
240.7840 240.8480 69
241.0080 241.4240 68
241.5520 241.6800 67
241.8720 241.9680 67
242.0000 242.0320 65
242.0640 242.3200 64
242.4480 242.4480 62
242.4800 242.6400 65
242.9280 243.1520 64
243.1840 243.1840 62
243.2160 243.4080 59
243.4400 243.4720 60
243.5040 243.6000 61
243.7280 243.8880 64
243.9200 243.9200 62
243.9520 244.1120 57
244.1440 244.2080 56
244.2400 244.3040 57
245.0720 245.1360 50
245.1680 245.2000 53
245.2320 245.2960 54
245.5200 245.7760 57
245.9360 246.0000 58
246.0320 246.0640 59
246.0960 246.2240 60
246.3520 246.4480 59
246.4800 246.5120 58
246.5440 246.6720 57
246.7040 246.8960 54
246.9280 246.9920 55
247.0240 247.1520 59
247.1840 247.3760 61
247.4080 247.4080 59
247.5360 247.6320 58
247.6640 247.8880 59
247.9200 247.9840 60
248.1440 248.2080 59
248.2400 248.2720 58
248.4000 248.4640 56
248.4960 248.6880 54
248.8800 248.9120 63
248.9440 249.0400 64
249.0720 249.2640 66
249.2960 249.3280 67
249.9360 250.0000 61
250.2240 250.3200 65
250.3520 250.4480 66
250.4800 250.8320 64
250.8640 250.9280 65
250.9600 251.0240 64
251.0560 251.1200 65
251.1520 251.2160 63
251.6960 251.7920 62
251.8240 252.0480 64
252.1440 252.1760 65
252.2080 252.3040 66
252.3360 252.4320 67
252.4640 252.7840 68
253.0080 253.0720 68
253.1040 253.2960 69
253.4880 253.6800 69
253.8080 254.1280 69
254.5120 254.6080 69
254.8000 254.8640 69
254.8960 255.0240 71
255.0560 255.1200 69
255.1520 255.4400 68
255.4720 255.5040 67
255.5360 255.6000 65
255.6320 255.6320 66
255.6640 255.7280 67
255.7600 255.8560 68
255.8880 255.9200 67
255.9520 255.9520 68
255.9840 256.0480 67
256.0800 256.2080 66
256.2400 256.6240 64
256.6560 256.6880 65
256.7200 256.7840 66
256.8160 256.8800 65
256.9120 257.2320 64
257.3600 257.4880 69
257.5200 257.5200 70
257.5520 257.7120 71
257.7440 257.7440 69
257.7760 258.1920 68
258.2240 258.4480 69
258.4800 258.5440 68
258.5760 258.6400 69
259.2480 259.2480 64
259.2800 259.3120 65
259.3440 259.4080 66
259.6320 259.8880 57
260.0480 260.0480 63
260.0800 260.1760 64
260.3680 260.4320 64
260.4640 260.4640 65
260.4960 260.5920 66
260.6240 260.6240 65
260.6560 260.6560 62
260.6880 260.8160 57
260.8480 260.9120 56
261.2960 261.4560 56
261.4880 261.5200 55
261.5520 261.6800 54
261.7120 261.7120 55
261.7440 261.7440 58
261.7760 261.7760 60
261.8080 261.8080 63
261.8400 262.1280 64
262.1600 262.1920 65
262.2240 262.3200 66
262.3520 262.3520 65
262.4800 262.5440 58
262.5760 262.6400 57
263.4080 263.4720 56
263.6320 263.7600 59
263.7920 263.8240 58
263.8560 264.6240 57
264.6560 264.7200 56
264.7520 264.8800 57
265.0080 265.0720 57
266.3200 266.3200 62
266.3520 266.3520 63
266.3840 266.3840 64
266.4160 266.4800 66
266.7040 266.8000 56
266.8320 266.9920 57
267.1200 267.2800 64
267.4720 267.5360 64
267.5680 267.6000 65
267.6320 267.7600 66
267.7920 267.8240 65
268.5280 268.5920 57
268.6240 268.6240 55
268.6560 268.8480 54
268.8800 268.8800 55
268.9120 268.9120 58
268.9440 268.9440 60
268.9760 268.9760 62
269.0080 269.3920 64
269.4240 269.4240 65
269.4560 269.5520 66
269.5840 269.5840 65
269.6160 269.6160 64
269.7760 270.0320 57
270.0640 270.1280 56
270.1600 270.2560 57
270.2880 270.3520 56
271.2800 271.4720 56
271.6640 271.8240 59
271.8560 271.8880 58
271.9200 272.9760 57
273.0080 273.1040 56
273.1360 273.2640 57
277.2000 277.2640 63
277.2960 277.2960 64
277.3280 277.3600 65
277.3920 277.4560 66
277.4880 277.5200 65
277.5520 279.2800 64
279.3120 279.3760 63
281.0080 281.0720 63
281.1040 281.1360 62
281.2960 281.8080 61
284.3360 284.3680 56
284.4000 284.4320 57
284.4640 284.4640 58
284.4960 284.5600 59
284.5920 284.6240 58
284.6560 285.2000 57
285.8720 286.0960 57
296.1440 296.2080 50
296.2400 296.3040 51
296.4640 296.5280 51
298.0960 298.1600 52
298.1920 298.2240 51
298.8640 298.9920 49
302.4160 302.5120 55
302.8320 302.8960 51
305.0400 305.1040 54
307.7280 307.8560 51
307.8880 307.9200 50
307.9520 307.9520 49
