40.7840 40.8160 60
40.8480 40.9440 61
40.9760 41.3280 60
41.3600 41.5520 62
41.5840 41.6160 63
41.6480 42.0640 65
42.0960 42.1280 66
42.1600 42.2560 67
42.4160 42.8000 65
43.3440 43.6000 60
43.6320 43.6640 59
43.6960 44.1120 58
44.1440 44.2720 59
44.7520 45.0720 58
45.1040 45.1360 59
45.1680 45.3600 60
45.3920 45.5200 61
45.7120 45.7760 56
45.8080 45.9680 55
46.0000 46.1280 56
46.1600 46.2560 58
46.2880 46.6720 60
48.0480 48.1440 59
48.1760 48.3680 60
48.4000 48.4320 59
48.4640 48.8800 58
48.9120 49.2960 60
49.3280 49.3600 61
49.3920 49.5840 62
49.6160 50.0000 65
50.0320 50.2880 67
50.3200 50.6400 65
51.1200 51.2160 60
51.2480 51.2800 59
51.3120 51.3760 58
51.5040 51.5360 59
51.5680 51.8880 60
51.9200 51.9520 61
51.9840 52.2080 62
52.4320 52.4640 60
52.4960 52.5920 61
52.6240 52.8800 62
52.9120 52.9760 61
53.0080 53.2640 60
53.2960 53.3280 61
53.3600 54.1280 62
55.7920 56.0800 60
56.2400 56.3360 60
56.3680 56.5280 62
56.7520 57.0720 65
57.1040 57.2960 67
57.4560 57.7760 65
57.9360 58.1280 65
58.1600 58.1920 64
58.3520 58.4800 61
58.5120 58.5760 60
58.6080 58.7040 59
58.7360 59.1520 58
59.1840 59.3120 59
59.3440 59.5040 60
59.9840 60.3040 60
60.3360 60.5280 61
60.7520 60.9760 55
61.2000 61.2960 56
61.3280 61.3600 57
61.3920 61.6800 58
62.3200 62.6080 55
62.6400 62.7040 56
62.7360 62.7360 59
62.7680 62.7680 61
62.8000 62.8000 63
62.8320 62.8640 66
62.8960 63.6320 67
63.6640 63.8240 65
63.8560 64.1440 67
64.5280 64.7520 65
64.7840 65.2320 67
65.4560 65.5200 67
65.5520 65.5840 66
65.6160 65.7440 65
65.7760 66.0000 67
66.3840 66.5120 58
66.5440 66.5760 59
66.6080 66.6400 60
66.6720 66.7040 61
66.7360 66.9280 62
66.9600 68.3360 60
70.7680 70.8000 60
70.8320 70.9280 62
70.9600 71.3120 60
71.3440 71.5040 62
71.6640 71.7920 65
71.9200 72.0480 65
72.0800 72.3040 67
72.3360 72.3680 66
72.4000 73.0080 65
73.0400 73.0720 64
73.3600 73.4240 61
73.4560 73.6160 60
73.6480 73.6800 59
73.7120 74.0640 58
74.0960 74.1280 59
74.1600 74.4160 60
74.7680 74.8960 58
74.9280 74.9600 59
74.9920 75.3440 60
75.3760 75.5040 61
75.6960 75.7920 56
75.8240 75.9840 55
76.0160 76.0480 56
76.0800 76.1120 57
76.1440 76.1760 58
76.2080 76.2400 59
76.2720 76.7520 60
78.0320 78.1280 57
78.1600 78.3840 60
78.4160 78.4480 59
78.4800 78.8320 58
78.8640 79.2800 60
79.4080 79.5680 62
79.6000 80.0160 65
80.0480 80.2720 67
80.3040 80.3360 66
80.3680 80.5600 65
81.1040 81.1680 60
81.2000 81.2320 59
81.2640 81.4240 58
81.4560 81.4560 60
81.4880 81.8720 63
81.9040 82.2560 65
82.4480 82.5120 60
82.5440 82.5760 61
82.6080 82.7360 62
82.9600 83.1200 60
83.1520 83.2480 62
83.2800 83.4400 63
83.4720 84.2400 62
84.2720 84.3360 61
84.3680 84.4640 59
84.4960 85.2000 60
85.7440 85.7760 60
85.8080 85.8720 62
85.9040 85.9360 61
85.9680 86.0960 60
86.2240 86.2560 59
86.2880 86.3520 60
86.3840 86.6080 62
86.6400 86.9600 65
86.9920 87.0240 66
87.0560 87.3120 67
87.3440 88.0480 65
88.0800 88.1440 64
88.4000 88.6560 60
88.6880 88.7840 59
88.8160 89.1360 58
89.1680 89.4880 60
90.0320 90.0640 59
90.0960 90.3840 60
90.4160 90.5440 62
90.5760 90.5760 60
90.7040 91.0240 55
91.1520 91.2160 55
91.2480 91.3120 56
91.3440 91.8560 58
92.3360 92.5920 55
92.6240 92.6880 56
92.8160 92.8800 65
92.9120 93.6160 67
93.7120 93.8400 66
93.8720 94.1280 67
94.6400 94.6720 65
94.7040 94.7360 66
94.7680 95.5040 67
95.5360 95.5680 68
95.6000 95.6640 69
95.6960 95.8880 70
96.0480 96.2400 62
96.2720 96.4640 60
96.4960 96.7520 62
96.7840 96.9440 65
96.9760 97.2640 62
97.2960 98.3840 60
99.3760 99.4400 65
99.4720 99.6960 67
99.8880 99.9840 64
100.0160 100.0480 62
100.0800 100.1760 60
100.2080 100.2400 59
100.2720 100.3680 58
100.4000 100.4320 59
100.4640 100.5920 60
100.7840 100.9120 62
101.0400 101.4560 65
101.6800 101.8400 67
101.8720 101.8720 62
101.9040 102.3520 60
102.3840 102.6080 62
102.8960 103.1840 65
103.2160 103.4720 67
103.5680 103.6960 65
103.7280 103.7920 62
103.8240 103.9200 60
103.9520 103.9840 59
104.0160 104.1440 58
104.1760 104.3680 60
104.4000 104.4320 61
104.4640 104.5920 62
104.7520 105.2960 65
105.4560 105.5520 67
105.7440 105.8400 61
105.8720 106.1920 62
106.2240 106.3200 60
106.3520 106.4800 58
106.7680 106.8960 68
106.9280 107.3120 70
107.3440 107.3440 67
107.3760 108.1440 65
108.1760 108.2080 66
108.2400 108.4640 67
108.7200 108.7520 70
108.7840 108.8160 71
108.8480 109.0400 72
109.0720 109.1360 71
109.1680 109.2640 70
109.2960 109.2960 68
109.4240 109.5840 60
109.6160 109.7760 62
109.9040 110.0320 65
110.0640 110.2880 67
110.3200 110.6400 65
111.0560 111.1520 65
111.2800 111.4400 62
111.4720 111.6000 58
111.6320 111.6640 59
111.6960 112.2080 60
112.2400 112.3360 62
112.4640 112.5280 65
112.5600 112.7200 67
112.9120 113.0080 65
113.2000 113.5520 58
113.5840 113.6160 59
113.6480 113.8080 60
113.8400 113.8720 59
114.1280 114.1920 63
114.3520 114.4480 65
114.4800 114.6720 67
114.8320 114.9280 65
114.9600 115.0240 62
115.0560 115.1840 60
115.2160 115.3760 59
115.4080 115.6000 60
115.7600 115.9840 62
116.0160 116.5280 65
116.7200 116.8480 67
116.8800 116.8800 65
117.0080 117.3600 60
117.3920 117.6160 62
118.1280 118.1920 65
118.2240 118.4800 67
118.5120 118.5760 66
118.6080 118.6720 65
118.7040 118.7680 62
118.8000 118.9600 60
118.9920 119.0240 59
119.0560 119.1520 58
119.1840 119.4080 60
119.4400 119.4720 61
119.5040 119.6320 62
119.7920 120.2720 65
120.4320 120.5280 67
120.6880 120.8160 60
120.8480 120.9760 62
121.1360 121.2960 60
121.3280 121.4880 58
121.8720 121.9040 69
121.9360 122.3520 70
122.3840 122.3840 67
122.4160 123.1520 65
123.1840 123.4080 67
123.6960 123.7920 70
123.8240 123.9200 72
124.0480 124.1120 71
124.1440 124.2080 70
124.4320 124.6560 60
124.6880 124.8160 62
124.8480 125.0400 65
125.0720 125.2640 67
125.2960 125.3280 66
125.3600 125.7440 65
126.2560 126.3520 62
126.3840 126.4160 61
126.4480 126.6080 58
126.6400 126.7680 60
126.8960 127.0560 60
127.2160 127.6000 62
127.6320 127.8560 63
128.2400 128.4960 65
128.5280 128.7520 67
128.7840 128.9120 68
128.9440 129.1680 70
129.2000 129.2640 69
129.2960 129.3600 68
129.3920 129.5840 70
129.6160 129.8720 67
130.0000 130.3840 69
130.4160 131.5680 70
132.8800 132.9760 70
142.9280 143.1840 60
149.4240 149.4880 57
149.5200 149.5200 59
149.5520 149.6160 61
149.7440 149.8080 60
149.9680 150.0000 60
150.0320 150.0640 61
150.0960 150.3520 62
150.3840 150.4800 65
150.7040 150.8000 65
150.8320 151.0880 67
151.1200 151.1520 66
151.1840 151.9520 65
152.1440 152.2080 61
152.2400 152.4640 60
152.4960 152.9120 58
152.9440 153.2960 59
153.5840 153.7120 58
153.7440 154.0640 60
154.0960 154.1280 61
154.1600 154.2880 62
154.3200 154.3200 60
154.4800 154.7680 55
154.8000 154.8640 56
154.8960 155.0240 58
155.0560 155.6960 60
156.7840 156.8480 57
156.8800 156.9120 59
156.9440 157.1680 60
157.2000 157.2320 59
157.2640 157.5520 58
157.5840 157.6160 59
157.6480 158.0320 60
158.0640 158.0960 61
158.1280 158.3200 62
158.3520 158.7680 65
158.8000 159.0240 67
159.0560 159.2800 65
159.3120 159.3760 64
159.7920 159.9520 59
159.9840 160.2400 58
160.2720 160.6560 63
160.6880 161.1040 65
161.1360 161.1680 63
161.2000 161.2960 61
161.3280 161.5200 62
161.7120 161.7440 59
161.7760 161.9040 60
161.9360 162.0320 62
162.0640 162.5120 63
162.5440 163.1840 62
163.2160 163.3760 59
163.4080 163.8880 60
164.5280 164.8160 60
164.8480 164.9760 59
165.0080 165.1040 60
165.1360 165.3280 62
165.3600 165.7760 65
165.8080 166.0320 67
166.1600 166.5120 65
166.6400 166.8960 65
167.1200 167.1840 61
167.2160 167.3760 60
167.4080 167.4720 59
167.5040 167.6640 58
167.8240 167.9200 59
167.9520 168.2720 60
168.7200 168.8160 59
168.8480 169.1360 60
169.1680 169.2960 62
169.4880 169.5840 56
169.6160 169.7760 55
169.8080 169.9360 56
169.9680 170.0000 57
170.0320 170.4800 58
171.3120 171.4400 56
171.4720 171.4720 58
171.5040 171.5040 60
171.5360 171.5360 63
171.5680 171.6320 66
171.6640 172.3680 67
172.4960 172.5600 66
172.5920 172.8800 67
173.2960 173.3600 66
173.3920 173.4880 65
173.5200 173.9680 67
174.0960 174.3520 67
174.3840 174.4480 68
174.4800 174.6720 70
174.8320 175.0240 62
175.0560 175.1840 60
175.2160 175.4400 62
175.4720 175.6320 65
175.6640 175.6960 63
175.7280 175.8240 61
175.8560 176.0160 62
176.0480 177.3920 60
178.0960 178.1280 65
178.1600 178.1920 66
178.2240 178.4160 67
178.4480 178.4480 65
178.4800 178.4800 63
178.6080 178.6080 63
178.6400 178.7040 65
178.7360 178.7360 63
178.7680 178.8640 61
178.8960 179.0560 58
179.0880 179.1200 59
179.1520 179.3440 60
179.5360 179.6640 62
179.7920 180.2720 65
180.4640 180.5920 67
180.6240 180.6240 64
180.6560 181.1040 60
181.1360 181.3600 62
181.8400 182.1600 67
182.3200 182.4480 65
182.4800 182.4800 63
182.5120 182.7040 60
182.7360 182.8960 59
182.9280 183.1520 60
183.2800 183.3440 62
183.5040 184.1440 65
184.1760 184.2720 67
184.3040 184.3040 65
184.4640 184.5600 60
184.5920 184.8480 62
184.8800 185.1040 60
185.1360 185.2960 58
185.5520 185.6160 68
185.6480 185.6800 69
185.7120 186.0960 70
186.1280 186.1280 67
186.1600 186.9600 65
186.9920 187.1840 67
187.4720 187.5040 70
187.5360 187.5680 71
187.6000 187.7600 72
187.7920 187.8240 71
187.8560 188.0480 70
188.0800 188.0800 67
188.1120 188.1120 65
188.1440 188.1440 62
188.1760 188.3680 60
188.4000 188.4960 62
188.6560 188.7840 65
188.8160 189.0080 67
189.0400 189.4560 65
189.8080 189.9360 64
190.0640 190.1920 62
190.2240 190.4160 59
190.4480 190.9600 60
190.9920 191.1520 62
191.1840 191.2800 65
191.3120 191.4720 67
191.6320 191.7280 65
191.7600 191.7600 63
191.9520 192.2720 58
192.3040 192.3360 59
192.3680 192.6240 60
192.8480 192.9120 64
193.1040 193.2000 66
193.2320 193.3920 67
193.5520 193.6800 65
193.7120 193.7440 63
193.7760 193.8400 60
193.8720 194.0000 59
194.0320 194.1280 58
194.1600 194.3520 60
194.5120 194.7360 62
194.7680 195.2480 65
195.4720 195.6000 67
195.6320 195.6320 65
195.6640 196.0800 60
196.1120 196.1440 61
196.1760 196.4000 62
196.6240 196.7200 64
196.8480 196.9440 66
196.9760 197.1680 67
197.3600 197.4880 65
197.5200 197.6800 60
197.7120 197.8720 59
197.9040 198.1600 60
198.2880 198.3840 62
198.5440 199.0240 65
199.2160 199.3120 67
199.5040 199.6000 60
199.6320 199.7600 62
199.9200 200.1120 60
200.1440 200.2080 58
200.2400 200.3040 59
200.5920 200.6560 68
200.6880 201.1040 70
201.1360 201.1360 68
201.1680 201.9360 65
201.9680 202.1920 67
202.4800 202.5440 70
202.5760 202.6720 72
202.8320 202.9920 70
203.1520 203.3760 60
203.4080 203.5360 62
203.5680 203.7920 65
203.8240 203.9840 67
204.0160 204.3360 65
204.3680 204.4320 66
204.8800 204.9440 64
204.9760 205.0400 63
205.0720 205.2000 62
205.2320 205.3920 59
205.4240 205.8080 60
205.9680 206.3840 62
206.4160 206.6080 63
206.8960 207.0240 65
207.1520 207.1840 65
207.2160 207.2480 66
207.2800 207.5040 67
207.5360 207.6640 68
207.6960 207.9200 70
207.9520 208.1120 69
208.1440 208.3360 70
208.3680 208.6240 67
208.7840 209.1680 69
209.2000 210.8640 70
213.3600 213.5840 65
213.7120 213.8080 68
213.8400 214.0320 70
214.0640 214.3840 72
214.4160 214.5760 73
214.6080 214.8000 71
214.8320 215.3120 70
215.3440 215.8560 68
216.3040 216.3040 65
216.3360 216.5920 68
216.6240 216.8160 70
216.8480 217.5840 68
217.7760 217.8400 63
217.8720 217.9680 65
218.0000 218.1280 64
218.1600 218.2880 65
218.3200 218.3840 66
218.4160 218.5120 63
218.5440 218.5760 62
218.7040 219.2160 61
219.2480 219.2800 60
219.3120 219.4080 59
219.4400 219.6000 61
219.6320 219.8560 58
219.9840 220.0800 61
220.2720 220.4640 61
220.4960 222.0960 63
222.8000 223.0240 63
223.0560 223.1200 61
223.1520 223.3440 63
223.4720 223.7280 58
223.7600 224.1760 63
224.2080 225.9680 65
226.1600 226.2880 65
226.8320 226.8960 63
226.9280 227.2160 65
227.2480 227.4720 63
227.5040 227.8880 65
227.9200 229.7440 66
230.6400 230.7040 66
230.7360 230.8960 68
231.1200 231.1200 63
231.1520 231.2160 65
231.2480 231.3120 62
231.3440 231.8240 61
232.0480 232.1440 63
232.2720 232.7200 66
233.0080 233.1040 68
233.2640 233.4880 61
233.6480 233.8400 63
234.4160 234.6400 68
234.8640 234.8640 66
235.0880 235.2160 61
235.2480 235.3760 59
235.4080 235.6640 61
235.6960 235.8240 63
236.0160 236.4960 66
236.6560 236.7840 68
236.9760 237.0080 61
237.0400 237.2640 63
237.3920 237.5520 61
237.5840 237.7760 59
238.0320 238.1600 69
238.1920 238.5760 71
238.6080 238.6080 69
238.6400 238.6720 67
238.7040 239.3440 66
239.3760 239.4400 67
239.4720 239.6960 68
239.9520 240.5280 72
240.5600 240.5600 69
240.6880 240.8480 61
240.8800 241.0080 63
241.1680 241.2960 66
241.3280 241.5840 68
241.6160 241.9360 66
242.3200 242.4160 66
242.5440 242.7040 63
242.7360 242.7360 61
242.7680 242.8960 59
242.9280 243.4720 61
243.5040 243.6640 63
243.6960 243.7280 66
243.7600 244.0160 68
244.1440 244.2400 64
244.2720 244.3040 63
244.4640 244.8480 59
244.8800 245.1040 61
245.6160 245.6480 66
245.6800 245.7120 67
245.7440 245.8720 68
246.0960 246.1920 66
246.2240 246.2560 63
246.2880 246.4160 61
246.4480 246.6400 59
246.6720 246.8320 61
246.9920 247.2160 63
247.2480 247.7280 66
247.9840 248.1120 68
248.2400 248.5920 61
248.6240 248.8160 63
249.3600 249.3920 66
249.4240 249.6800 68
249.8400 249.9360 66
249.9680 250.2240 61
250.2560 250.3840 59
250.4160 250.7040 61
250.7360 250.8640 63
250.9600 251.5040 66
251.6960 251.7600 68
251.9520 252.2720 62
252.4640 252.5920 61
252.6240 252.7520 59
253.0720 253.1360 68
253.1680 253.5840 71
253.6160 253.6160 68
253.6480 254.4480 66
254.4800 254.7040 68
255.0240 255.1200 71
255.1520 255.2160 73
255.3760 255.5040 71
255.6960 255.8240 61
255.8560 255.8880 62
255.9200 256.0800 63
256.1120 256.2720 66
256.3040 256.4640 68
256.4960 256.5920 65
256.6240 256.9120 66
257.3920 257.4880 65
257.5200 257.7120 63
257.7440 257.8720 59
257.9040 258.2880 61
258.4480 258.5760 63
258.6080 258.7680 62
258.8000 258.8320 63
258.8640 259.1200 64
259.4080 259.6000 66
259.6320 259.7280 67
259.7600 260.0480 68
260.0800 260.1440 69
260.1760 260.9440 71
260.9760 261.2000 66
261.2320 262.0640 68
263.1200 263.2160 68
263.2480 263.5680 70
263.6960 263.8240 70
263.8560 265.3920 71
267.7600 267.9520 67
