2.6400 3.0240 65
3.0560 3.0880 66
3.1200 3.8560 67
4.4000 4.8480 70
4.8800 4.9120 71
4.9440 5.4560 72
5.7120 6.0000 72
6.0320 6.1920 71
6.2240 6.2560 70
6.2880 6.5760 69
6.6080 7.0880 67
7.2480 7.8560 67
7.8880 8.2080 65
9.6160 9.8080 65
9.9680 10.4480 67
10.4800 11.2480 70
11.2800 11.6640 68
11.6960 12.0160 65
14.3520 14.8000 70
14.8320 15.2480 69
15.2800 16.5280 67
16.5600 16.7520 66
16.7840 16.9120 65
16.9440 17.4240 62
17.4560 18.1600 60
18.1920 18.6400 61
19.1520 19.5680 65
19.6960 20.0160 62
20.0480 20.3040 65
20.3360 21.1360 67
21.3280 21.5840 67
21.6160 21.7760 65
21.8080 21.9360 63
21.9680 22.6080 59
23.3440 23.6320 60
23.7600 24.7520 62
24.7840 25.0400 60
25.0720 25.3280 62
25.3600 26.5760 65
27.8560 28.4640 62
28.4960 29.0400 65
29.0720 29.9360 67
29.9680 30.7680 65
30.8000 31.3760 67
31.4080 32.0800 70
32.2080 32.3360 71
32.3680 32.8800 72
32.9120 33.1040 71
33.1360 33.3600 72
33.3920 33.4560 71
33.4880 33.5840 70
33.6160 33.7440 69
33.7760 34.0960 67
34.6720 35.1200 67
35.2480 35.5040 65
35.5360 36.2400 62
36.7840 36.9440 65
37.2000 37.9040 60
37.9360 38.3840 58
38.4160 38.8000 60
38.8640 38.8960 59
38.9280 39.6000 62
42.0000 43.3440 60
43.3760 43.6640 62
43.8880 44.2080 65
44.2400 44.8800 62
44.9120 45.3600 65
45.3920 45.4560 67
45.8080 46.4800 65
46.5120 46.7040 67
46.7360 46.7360 65
46.7680 46.9280 62
46.9600 47.1520 61
47.1840 47.4080 60
47.8880 48.4000 62
48.4320 48.8160 65
48.8480 50.0640 67
50.0960 50.3840 69
50.4160 50.8640 67
50.8960 51.1840 65
51.2160 51.2800 66
51.3120 51.8240 67
52.4640 53.0720 70
53.1040 53.2640 72
53.2960 53.4880 71
53.5200 53.7760 69
53.8080 54.2560 67
54.6400 54.9600 65
54.9920 55.3760 67
55.4080 56.3040 70
56.3360 56.4000 69
56.4320 56.9440 67
56.9760 57.0400 69
57.0720 57.8080 70
57.8400 60.3040 72
60.7200 60.9760 70
61.0080 61.2640 71
61.2960 61.3280 70
61.3600 61.3920 69
61.4240 61.4560 68
61.4880 61.5840 67
61.6160 62.0640 65
62.0960 62.5760 62
62.6080 62.9280 61
63.2800 63.7280 65
63.7600 65.3600 67
65.3920 65.4880 70
65.5200 65.8720 68
65.9040 65.9360 67
65.9680 66.2240 66
66.2560 67.1520 65
67.9840 68.2720 70
68.4000 68.6240 69
68.6560 68.7520 71
72.5920 72.8160 65
73.2000 73.5520 65
73.8720 74.6720 67
74.7040 74.7360 66
74.8960 75.0560 67
75.0880 75.5040 70
75.6320 76.5600 58
78.1600 78.5120 61
78.5440 78.6720 60
80.5920 80.7200 64
80.7520 80.9440 63
80.9760 81.3280 62
81.3600 81.7440 65
81.7760 81.9040 66
82.1280 82.2240 67
83.4080 83.6960 67
84.3680 85.1360 70
85.1680 85.2960 71
85.3280 85.7760 72
86.2880 86.3520 70
86.3840 86.4800 69
89.9680 90.7040 60
90.7360 91.1520 58
91.1840 91.6320 60
94.9280 95.6960 60
96.6880 96.7840 65
98.2880 98.4160 65
99.5360 99.7600 62
99.7920 99.8560 60
100.0160 100.6560 60
100.6880 100.9120 62
100.9440 101.5520 65
101.5840 102.3840 67
103.0240 103.3760 67
103.4080 103.6320 65
103.6640 103.8880 66
104.1440 104.6240 67
104.9760 105.2640 70
105.2960 105.4240 71
105.4560 105.7440 72
105.7760 105.9360 71
105.9680 106.0960 70
106.1280 106.2560 69
106.2880 106.4480 67
106.4800 106.7680 68
106.9920 107.0560 66
107.0880 107.1200 65
107.2480 107.3760 65
107.4080 107.6320 67
108.0480 108.4640 70
108.5920 108.8800 70
109.3600 109.4560 72
109.4880 109.8720 70
109.9040 110.1920 71
110.6400 110.7680 74
111.1200 111.2160 72
114.0000 114.4160 65
116.3680 116.7520 67
116.7840 116.8160 68
116.8480 117.2000 70
117.2320 117.4240 69
117.4560 117.5520 70
117.5840 117.6160 69
117.7760 117.9680 65
120.2720 120.7200 70
120.7520 121.1040 69
121.2320 122.3200 67
122.3520 122.5120 66
122.5440 122.6720 65
122.7040 123.2160 62
123.2480 123.4080 61
123.4400 123.8560 60
123.8880 124.0160 61
124.0480 124.3040 62
124.8480 125.3280 65
125.3600 125.3920 63
125.4240 125.7120 62
125.7440 125.8080 63
125.8400 126.1280 65
126.2560 126.6400 68
126.6720 126.8640 67
127.0880 127.3440 67
127.3760 127.5360 66
127.5680 127.6000 65
127.6320 127.6960 64
127.8240 128.0160 59
128.0480 128.7520 58
129.1360 129.4880 60
129.6160 130.0000 62
130.0320 130.1280 63
130.1600 130.3200 64
130.3520 130.4160 62
130.4480 130.4800 61
130.5120 130.7680 60
130.8000 130.8320 61
130.8640 131.1200 62
131.1520 131.2160 64
131.2480 131.7600 65
131.7920 132.5920 66
133.5840 134.0640 62
134.0960 134.4160 65
134.4480 135.5680 67
135.6000 136.0160 65
136.0480 136.9760 67
137.0080 137.7120 70
137.7440 137.8080 71
137.8400 138.9920 72
139.0240 139.3440 70
139.3760 139.6640 67
140.1760 140.5920 67
140.6240 141.2000 65
141.2320 141.9680 63
142.1600 142.3200 65
142.3520 142.5760 63
142.8000 143.0880 61
143.1200 143.2160 60
143.4080 143.8560 59
143.8880 144.5920 60
144.6240 144.8160 61
144.8480 145.0080 62
145.2640 145.6480 70
147.2800 147.5360 59
147.5680 148.0480 60
148.0800 148.4960 61
148.5280 148.9120 62
149.2000 149.4240 64
149.4560 150.0640 62
150.0960 150.5120 65
150.5440 150.6400 64
150.9600 151.0240 66
151.0560 151.3120 65
151.3440 151.8240 67
151.8560 151.8880 66
151.9200 151.9520 65
151.9840 152.1120 63
152.3040 152.6880 60
153.0080 153.3600 62
153.3920 153.9680 65
154.0000 155.0880 67
155.1200 155.4720 68
155.5040 155.8880 67
155.9200 156.2400 65
156.2720 156.9440 67
157.4560 157.5200 70
157.5520 158.4480 71
158.4800 158.6400 69
158.7680 159.1200 68
159.5360 159.8880 65
159.9200 160.2720 67
160.3040 161.1680 70
161.4240 161.8400 67
161.8720 162.5760 70
162.6080 162.7360 71
162.7680 165.1360 72
165.6800 165.7440 69
165.7760 166.0960 70
166.1280 166.4800 67
166.5120 166.8960 65
166.9280 166.9600 64
166.9920 167.8880 62
168.3360 169.0400 65
169.0720 170.4800 67
170.5120 172.1440 70
172.4960 172.9760 67
173.0080 174.7040 65
176.5280 176.6240 55
