3.5680 3.6320 58
3.6640 3.6960 57
3.7280 3.7920 56
42.7040 42.9600 59
43.0880 43.2480 56
43.2800 43.3120 57
43.3440 43.4400 58
43.6640 44.0480 60
44.3360 44.4960 56
44.6880 44.8480 58
45.0080 45.1680 56
45.3280 45.5840 59
45.6160 45.8720 56
45.9040 45.9360 57
45.9680 46.1280 58
46.2880 46.4800 60
46.9600 47.0560 56
47.0880 47.1520 57
47.2800 47.4400 58
47.4720 47.7920 57
47.9520 48.0480 62
48.0800 48.4640 63
48.4960 48.5280 62
48.5600 48.8480 61
48.8800 49.0080 60
49.0400 49.3600 61
49.5840 49.6800 59
49.7120 49.9360 60
49.9680 50.0000 59
50.2560 50.3200 57
50.3520 50.8960 56
52.8480 53.0080 56
53.0400 53.1360 57
53.1680 53.2000 60
53.2320 53.2640 61
53.2960 53.6160 63
53.7760 54.7360 61
54.7680 54.9280 59
54.9600 55.3120 60
55.4720 55.8560 61
56.1440 56.2400 63
56.2720 56.3360 62
56.3680 56.9760 58
58.1280 58.2880 56
58.4160 58.6720 58
58.7040 58.8640 60
59.0880 59.2800 63
59.4080 60.3040 60
63.6960 63.8240 60
63.9520 64.2720 56
64.3040 64.4320 58
64.5920 64.9760 60
65.2320 65.3920 56
65.5840 65.7440 58
65.8720 66.1600 56
66.5760 66.7680 56
66.8000 67.0240 58
67.1840 67.4720 60
67.8560 68.6240 56
68.7520 68.8800 66
68.9120 69.2320 68
69.4560 69.6480 65
69.7760 69.8720 64
69.9040 70.0960 65
70.3840 70.7040 63
70.7360 70.7680 62
71.1200 71.7280 56
72.7200 72.8160 58
72.8480 72.9120 60
72.9440 73.1360 58
73.3920 73.4240 56
73.4560 73.6160 57
73.6480 73.6800 61
73.7120 74.1920 63
74.7040 74.8640 61
75.0240 75.1520 60
75.1840 75.5040 61
75.5360 76.1760 60
76.3360 76.9440 61
76.9760 77.1360 62
77.1680 77.3920 63
77.4240 77.4560 62
77.6800 78.1280 58
78.8960 78.9920 55
79.0240 80.1760 56
83.4720 83.5680 67
83.6000 83.9200 68
84.1120 84.4320 68
84.4640 84.5600 67
84.5920 84.7200 68
84.7520 85.2960 65
85.4560 85.7760 65
86.0960 86.5440 65
86.7040 86.9280 68
87.0880 87.1840 71
87.2160 87.5040 72
87.6960 87.9520 70
87.9840 88.3360 67
88.3680 88.5280 65
88.6560 89.1680 65
89.6480 89.9040 66
89.9360 90.9600 63
91.3760 91.6320 62
91.6640 91.8560 63
91.8880 91.9200 66
91.9520 92.0480 69
92.0800 92.7840 70
92.9120 93.1040 72
93.1360 93.1360 70
93.2320 93.3600 69
93.3920 93.5520 70
93.5840 94.4800 68
94.8960 95.1520 67
95.1840 96.2720 65
96.5920 96.6240 64
96.6560 96.8480 65
96.8800 97.0080 67
97.2320 97.3920 68
97.4240 97.4560 65
97.4880 97.7120 63
97.9040 98.6080 63
99.2160 99.2800 63
99.4720 99.7280 68
99.7600 100.0800 70
100.1120 100.2400 72
100.2720 100.6240 73
100.7520 100.8480 71
100.8800 100.9760 72
101.0080 101.0720 71
101.1040 101.2960 70
101.3280 101.5840 68
101.7120 102.2560 68
102.2880 102.3840 67
102.4160 102.5440 69
102.5760 103.6960 70
104.3360 104.4000 70
104.4320 104.4640 71
104.4960 104.6240 72
104.6560 104.8480 70
104.9760 105.2000 68
105.2320 105.5520 67
105.5840 105.8080 65
105.9360 106.1280 65
106.2880 106.5760 65
106.9280 106.9600 64
106.9920 107.5360 65
107.5680 107.7920 68
107.9200 108.0480 71
108.0800 108.4000 72
108.6240 108.8800 73
108.9120 109.2320 72
109.2640 110.0640 70
110.5440 110.6720 69
110.7040 110.7680 70
110.8960 111.5040 67
111.5360 111.6960 66
111.7280 112.0160 67
112.2080 112.3040 74
112.3360 112.6560 75
112.8160 113.0080 75
113.1680 113.2960 72
113.3280 113.7120 73
113.7440 114.0320 75
114.0640 115.2160 72
116.4640 116.6880 65
116.7200 116.7840 66
116.8160 117.2320 67
117.3920 117.5200 67
117.5520 117.8400 68
118.3520 118.7360 63
119.0560 119.1520 69
119.1840 119.3440 70
119.3760 119.9520 68
120.7200 120.8160 66
120.8480 121.1360 67
121.2960 121.4240 67
121.4560 123.7600 68
126.4800 126.5120 66
126.5440 126.5760 67
126.6080 126.9600 68
128.0800 128.1440 58
128.1760 128.2080 57
128.2400 128.5920 56
129.4240 129.4560 62
129.4880 129.6800 63
129.7120 129.9040 62
129.9360 130.0320 61
130.0640 130.1600 60
130.1920 130.2560 59
130.2880 130.3200 58
130.3520 130.3840 57
130.7680 130.8640 57
130.9920 131.0560 58
131.3440 131.4080 57
133.6800 133.8080 56
133.9360 134.0000 54
134.1600 134.2560 54
134.2880 134.5440 55
135.7600 135.8240 65
135.8560 135.8880 62
135.9200 136.0160 60
136.0480 136.2400 61
136.2720 136.3040 60
136.3360 136.3360 58
136.5600 136.7520 56
136.7840 136.8160 55
138.0000 138.0320 61
138.0640 138.4800 62
140.3680 140.4320 57
140.4640 140.4960 56
141.4560 141.5520 64
141.5840 141.6480 63
141.6800 141.8400 62
143.9200 143.9840 67
144.9120 145.1040 63
145.1360 145.2640 62
145.2960 145.3920 61
145.4240 145.5200 59
146.1600 146.3840 56
146.4160 146.5440 59
147.0560 147.1840 62
147.2160 147.2160 60
151.0560 151.1520 58
151.6960 151.8240 57
151.8560 151.9840 56
152.0160 152.3040 55
152.5920 152.7200 58
152.7520 152.9120 59
152.9440 152.9760 57
153.0080 153.0400 56
153.2320 153.4560 58
153.6160 153.8400 60
154.1920 154.2560 59
154.2880 154.3520 58
154.5440 154.7360 58
154.8640 154.8960 56
154.9280 155.0560 57
155.2160 155.3440 59
155.3760 155.4080 57
155.4400 155.6960 56
155.7280 155.8240 57
155.8560 156.1120 58
156.1440 156.2080 59
156.2400 156.4000 60
156.9120 157.2000 56
157.2320 157.3600 57
157.5520 157.7440 56
157.7760 157.7760 58
157.8080 157.8400 61
157.8720 157.9680 62
158.0000 158.3520 63
158.3840 158.6400 61
158.8000 159.1520 61
159.4720 159.6000 59
159.6320 159.8240 60
159.8560 159.8880 58
159.9200 159.9520 57
159.9840 160.8160 56
162.8000 162.8640 57
163.0560 163.1200 61
163.1520 163.6320 63
163.6640 163.9840 61
164.0160 164.1760 59
164.2080 164.4640 61
164.8160 165.3280 60
165.3600 165.8400 61
166.0320 166.2880 62
166.3200 166.3840 59
166.4160 167.0240 58
168.0480 168.1760 56
168.2080 168.2720 57
168.3040 168.5280 58
168.5600 168.5920 59
168.6240 168.9440 60
168.9760 169.0720 61
169.2960 170.3200 60
173.6160 173.7760 60
173.8080 173.8720 57
173.9040 174.0640 56
174.2240 174.3520 58
174.5120 174.7680 60
174.8000 174.8320 59
175.1840 175.2480 56
175.2800 175.3760 57
175.4080 175.6320 58
175.6640 175.8560 56
176.0800 176.2080 59
176.2400 176.2720 58
176.3680 176.5920 56
176.7520 176.9120 58
176.9440 177.0400 59
177.0720 177.2640 60
177.2960 177.3600 59
177.7440 178.5760 56
178.7040 178.7040 65
178.7360 178.8640 67
178.8960 179.1840 68
179.2160 179.2480 67
179.2800 179.5680 65
179.6000 179.8240 63
179.8560 180.1440 65
180.4640 180.6560 63
180.6880 180.7840 62
181.0400 181.4560 56
182.6080 182.7040 58
182.7360 182.8000 59
182.9920 183.1200 58
183.1520 183.1840 57
183.2160 183.5040 56
183.5360 183.6000 57
183.6320 183.6320 59
183.6640 183.7280 61
183.7600 183.8240 62
183.8560 184.0480 63
184.5600 185.4560 61
185.5840 185.6800 59
185.7120 186.2240 60
186.2560 186.6720 61
186.8960 187.0880 63
187.1200 187.1840 59
187.2160 187.9840 58
188.8800 189.0080 56
189.5200 189.7440 56
191.2160 191.2800 63
193.3920 193.4880 66
193.5200 193.5520 67
193.5840 193.8720 68
194.0320 194.2560 68
194.2880 194.4800 67
194.5120 194.6080 68
194.6400 195.1840 65
195.3760 195.6320 65
196.0480 196.0800 64
196.1120 196.4640 65
196.6240 196.8480 68
196.9760 197.1040 71
197.1360 197.3920 72
197.6160 197.9040 70
197.9360 198.2880 67
198.3200 199.0880 65
199.6000 199.6640 65
199.6960 199.7920 67
199.8240 200.4640 63
200.5920 200.9120 63
201.2640 201.7120 63
201.7440 201.8080 66
201.8400 202.8000 70
202.8320 202.9280 72
202.9600 202.9920 71
203.1520 203.2800 68
203.3120 203.4080 70
203.4400 204.3360 68
204.8480 205.0080 67
205.1680 206.0960 65
206.4800 206.7040 65
206.7360 206.8960 67
207.0560 207.2160 68
207.2480 207.2480 66
207.2800 207.5360 63
207.7280 208.4960 63
209.0080 209.1360 63
209.2960 209.4880 68
209.6160 209.8400 70
209.9680 210.1280 72
210.1600 210.4800 73
210.6400 210.7360 70
210.7680 210.8640 72
210.8960 211.0240 71
211.0560 211.2480 70
211.2800 212.2400 68
212.3360 212.5280 68
212.5600 213.7120 70
214.1920 214.3200 70
214.3520 214.3840 71
214.4160 214.5760 72
214.6080 214.7680 70
214.9280 215.4720 68
215.5040 215.7600 65
215.9520 216.0480 65
216.2400 216.4640 65
216.9760 217.4880 65
217.5200 217.7440 68
217.8720 217.9680 71
218.0000 218.3520 72
218.5440 218.8000 73
218.8320 219.1840 72
219.2160 219.7600 70
220.1440 220.2720 68
220.3040 220.6560 70
220.6880 220.7200 69
220.8800 221.3600 67
221.4880 222.0960 67
222.1280 222.2240 73
222.2560 222.2880 74
222.3200 222.7040 75
223.0880 223.7280 73
223.7600 223.8880 75
224.0480 224.2080 71
224.2400 225.3600 72
226.4480 226.7360 65
226.7680 227.3440 67
227.3760 227.7600 68
228.0480 228.0800 68
228.1120 228.1440 69
228.1760 228.4960 70
228.9440 229.2000 63
229.3280 229.4560 71
229.4880 229.7760 72
229.8080 229.8720 71
230.0000 230.5760 67
230.6080 230.6720 68
230.7040 230.7360 69
230.7680 230.8960 70
230.9280 230.9600 69
230.9920 233.7120 68
235.1840 235.2480 67
235.2800 235.6000 68
235.8240 236.0160 68
236.0480 236.2080 67
236.2400 236.3360 68
236.3680 236.4320 67
236.4640 236.6240 65
236.8480 236.9760 65
237.1680 237.3600 65
237.8400 238.2560 65
238.4160 238.6080 68
238.8000 238.9280 71
238.9600 239.1520 72
239.3760 239.5680 70
239.7280 239.7600 66
239.7920 240.0160 67
240.0480 240.7200 65
241.3600 241.5840 67
241.6160 241.6480 65
241.6800 242.2240 63
242.3840 242.5760 63
242.9600 243.4720 63
243.5040 243.5680 66
243.6000 243.6640 69
243.6960 244.4640 70
244.5920 244.7200 72
244.9120 245.0080 69
245.0400 245.2000 70
245.2320 246.0640 68
246.5760 246.7040 68
246.8640 247.7920 65
248.1440 248.4320 65
248.4640 248.6560 67
248.8480 249.1360 67
249.1680 249.3600 63
249.5520 250.4480 63
250.8960 250.9600 63
251.1520 251.4080 68
251.4400 251.7280 70
251.7600 251.7920 71
251.8240 251.9520 72
251.9840 252.2720 73
252.3040 252.3360 72
252.3680 252.5600 70
252.5920 252.7200 72
252.7520 252.7840 71
252.8160 253.0080 70
253.0400 253.3280 68
253.4560 253.9680 68
254.0960 254.1920 70
254.2240 254.7040 72
254.7360 255.6640 70
256.0480 256.3680 72
256.4000 256.5280 70
256.6880 256.8480 68
256.8800 257.0400 67
257.0720 257.2640 68
257.2960 257.4560 67
257.5840 257.7440 65
257.9360 258.1600 65
258.3200 258.4480 66
258.6720 259.1200 65
259.2480 259.4400 68
259.6000 259.7280 70
259.7600 260.0160 72
260.2400 260.3360 72
260.3680 260.5600 73
260.5920 260.6560 71
260.6880 260.8480 72
260.8800 261.4880 70
261.5200 261.5520 71
261.5840 261.6800 72
261.8720 261.9360 69
261.9680 262.0320 70
262.2560 262.2880 69
262.3200 262.4800 70
262.5120 263.6640 67
263.6960 263.7600 68
263.7920 263.7920 70
263.8240 263.9200 73
263.9520 263.9840 74
264.0160 264.4000 75
264.7840 265.4240 73
265.4560 265.6480 74
265.7760 266.0320 71
266.0640 267.7280 72
270.7360 270.9280 65
270.9600 270.9920 66
271.0240 271.4080 67
271.7280 272.2720 68
272.4640 272.6240 69
272.6560 273.0400 70
273.4560 273.5200 65
273.5520 273.6800 63
273.9040 274.0000 70
274.0320 274.5760 72
275.1200 275.3760 67
275.5360 275.6640 68
275.6960 275.8560 70
275.8880 279.2800 68
