1.6480 1.8720 66
2.0000 2.3200 67
3.9840 4.4640 66
13.3600 14.1920 56
14.8640 15.8240 55
16.3040 16.3680 55
18.4480 18.6080 56
18.6400 18.7360 57
18.7680 19.7600 58
19.8880 20.4640 58
20.5920 20.9760 57
21.0080 21.3600 58
21.7760 21.9040 57
21.9360 21.9680 56
22.0000 22.0320 55
22.0640 22.3200 54
22.3520 22.4160 55
22.4480 22.4800 56
22.7680 22.8000 62
22.8320 23.1200 63
23.1520 23.7920 65
23.8240 23.9200 64
23.9520 24.2080 63
24.4000 24.6240 63
24.9440 25.2000 62
25.3920 25.4880 58
25.5200 26.0640 57
27.1200 27.1520 56
27.1840 27.2160 57
27.2480 27.3760 58
27.4080 27.8240 60
27.8560 27.8880 59
27.9200 28.2080 58
28.2400 28.3040 59
28.3360 29.2000 60
29.3600 29.6800 58
29.7120 30.0320 59
30.0640 30.3520 60
30.4800 30.6720 62
30.7040 30.7360 61
30.8640 31.0560 58
31.0880 31.2480 59
31.6320 31.9520 61
31.9840 32.1120 62
32.1440 32.5280 63
32.6880 32.8800 62
33.0400 33.1040 61
33.1360 33.1680 60
33.2000 33.2320 59
33.2640 33.7120 58
33.8080 34.2560 60
34.2880 34.4480 61
34.4800 34.9280 62
35.9840 36.2080 56
36.2400 36.3040 57
36.3360 36.5600 58
36.7520 38.0320 58
38.0640 38.0960 57
38.1280 38.5760 56
38.6080 38.6400 57
38.6720 39.1200 58
39.1520 39.4720 57
39.5040 39.5360 56
39.5680 39.6000 55
39.6320 39.8560 54
39.8880 40.0160 55
40.4000 40.8160 63
40.8480 41.3600 65
41.5200 41.7440 67
41.7760 42.0960 63
42.1280 42.5760 62
42.7040 42.8640 65
42.8960 43.6960 63
44.8160 45.0720 60
45.1040 45.1360 61
45.1680 45.5840 62
45.6160 45.9040 60
45.9360 46.5120 58
46.9280 47.2800 58
47.3120 47.5040 59
47.5360 47.8560 60
48.0480 48.6560 60
48.6880 48.9760 58
49.1360 49.5200 57
49.5520 49.9360 54
49.9680 51.6960 55
51.9840 52.0800 55
52.7840 52.8160 55
52.8480 52.8800 56
52.9120 52.9760 59
53.0080 53.1360 60
53.1680 54.0000 62
54.0320 54.4800 63
54.6720 54.8320 62
54.8640 55.3120 60
55.6000 55.8880 62
56.1120 56.3040 63
56.3360 56.5920 62
57.2000 57.4560 63
57.4880 57.5840 65
57.7120 57.8080 63
58.0960 58.1600 62
58.3200 58.5120 62
58.7040 58.8320 62
58.9920 59.1840 62
59.2160 59.2800 63
59.4080 59.4720 63
59.5040 59.6640 62
59.6960 59.7600 59
59.7920 59.9200 58
60.1760 60.7520 61
60.7840 60.8480 60
61.5840 61.6800 57
61.7120 61.9040 60
61.9360 62.0640 62
62.0960 62.2240 64
62.2560 62.6080 62
62.6400 63.4720 63
63.5040 63.5360 64
63.5680 63.6640 65
63.8240 63.9520 63
63.9840 64.5600 62
64.5920 65.0400 63
65.6160 65.6800 65
65.7120 66.7040 67
66.7360 70.1600 69
70.1920 70.2240 68
70.3520 70.6400 62
70.6720 70.6720 64
70.7040 71.3440 69
71.4720 71.9840 67
72.3680 73.5840 69
73.8080 74.1600 67
74.6400 74.9280 65
74.9600 75.2800 67
75.3120 75.3760 70
75.5040 75.9520 67
75.9840 76.5600 69
76.5920 76.7840 67
76.9760 77.2000 65
77.2320 77.5200 63
77.5520 77.9360 60
77.9680 78.6080 61
79.1200 79.2800 60
79.3120 80.0160 62
80.0480 80.3680 63
80.4000 80.4960 65
80.6240 80.9760 63
81.0080 81.2960 62
81.3280 81.5200 58
81.5520 81.7440 60
82.0960 82.2240 70
82.2560 82.4160 72
82.4480 82.6400 70
82.8000 83.0240 70
83.1840 83.4400 69
83.5680 83.7600 65
83.7920 84.3360 67
84.3680 84.4320 68
84.4640 85.3280 69
85.3600 85.9680 70
86.0000 86.1920 72
86.2240 86.2560 71
86.2880 86.5120 70
86.5440 87.4720 69
87.5040 87.7600 67
87.9200 88.2400 62
88.2720 88.3040 68
88.3360 88.8800 69
89.0080 89.5840 67
89.9360 90.6720 69
90.7040 90.8960 70
90.9280 91.1520 69
91.2800 91.7920 67
92.2080 92.2720 63
92.3040 92.4320 65
92.4640 93.3600 67
93.3920 93.5520 68
93.5840 93.9680 69
94.0000 94.1920 68
94.2240 94.2880 67
94.3200 94.8000 65
94.8320 94.9920 67
95.0240 95.1200 69
95.1520 95.1520 67
95.1840 95.1840 65
95.2160 95.5680 60
95.6000 96.2080 61
96.7200 96.8480 60
96.8800 97.2320 62
97.4240 97.6160 62
97.6480 97.7120 63
97.9040 98.5440 63
98.5760 98.7040 62
98.9280 99.0880 58
99.1200 99.2480 59
99.6320 99.8880 70
99.9200 99.9520 71
99.9840 100.1120 72
100.1440 100.7520 70
100.7840 101.3600 69
101.3920 101.5520 67
101.8720 102.1600 67
102.1920 102.8000 69
102.9280 103.1840 67
103.4080 103.5040 63
103.5360 103.9840 65
104.1120 104.4320 65
104.5600 106.9600 67
126.0000 126.2560 57
126.2880 127.3120 58
127.4400 128.0800 58
128.1120 128.5280 57
128.5600 128.9120 58
129.3280 129.4560 57
129.4880 129.5200 56
129.5520 129.5840 55
129.6160 129.8720 54
129.9040 129.9680 55
130.3840 130.7040 63
130.7360 131.3440 65
131.3760 131.4720 64
131.5040 131.7600 63
131.9520 132.1760 63
132.4960 132.7840 62
132.9760 133.6160 57
134.6720 134.7680 56
134.8000 134.8640 58
134.8960 135.3760 60
135.4080 135.7920 58
135.8240 135.9520 59
135.9840 136.7200 60
136.7520 136.7840 59
137.0080 137.2640 58
137.2960 137.5840 59
137.6160 137.8080 60
137.8400 137.9360 61
138.0640 138.2880 62
138.4160 138.5760 65
138.6080 138.6400 64
138.6720 138.7360 63
139.2160 139.5040 61
139.5360 139.7600 62
139.7920 140.1120 63
140.2720 140.4320 62
140.6240 140.7200 60
140.7520 140.7840 59
140.8160 141.2640 58
141.3920 141.8400 60
141.8720 142.0000 61
142.0320 142.4800 62
143.5360 143.7600 56
143.7920 143.8560 57
143.8880 144.1440 58
144.3040 145.6160 58
145.6480 145.7440 57
145.7760 146.0320 56
146.0640 146.1920 57
146.2240 146.7040 58
146.7360 146.9920 57
147.1840 147.4080 54
147.4400 147.5680 55
147.9520 148.2080 63
148.2400 148.3040 64
148.3360 148.9120 65
149.1040 149.2640 67
149.2960 149.3280 65
149.3600 149.6480 63
149.6800 150.2240 62
150.2560 150.4480 65
150.4800 151.2480 63
152.3680 152.6240 60
152.6560 153.2320 62
153.2640 153.5200 60
153.5520 154.0640 58
154.5120 154.8640 58
154.8960 155.1520 59
155.1840 155.4400 60
155.6000 155.7280 60
155.7600 155.9520 62
156.1120 156.5280 58
156.6880 157.1040 57
157.1360 157.4880 54
157.5200 159.0880 55
160.2720 160.3680 55
160.4000 160.4640 56
160.4960 160.5600 59
160.5920 160.6560 60
160.6880 161.4560 62
161.4880 162.0320 63
162.2240 162.3840 62
162.4160 162.8640 60
163.1520 163.4720 62
163.6960 163.8880 63
163.9200 164.2400 62
164.7840 165.0080 63
165.0400 165.1360 65
165.2640 165.4240 63
165.5840 165.7440 62
165.8720 166.0960 62
166.2560 166.7680 62
166.8000 167.0240 63
167.0560 167.2480 62
167.2800 167.5040 58
167.7280 168.4960 61
169.1680 169.2320 57
169.2640 169.4560 60
169.4880 169.6160 62
169.6480 169.7440 65
169.7760 170.1600 62
170.1920 171.0560 63
171.0880 171.2160 65
171.3760 171.5360 63
171.5680 171.9200 62
171.9520 172.5600 63
173.1680 173.2000 65
173.2320 174.0640 67
174.0960 177.4880 69
177.9040 178.2560 62
178.2880 178.3840 69
178.6080 178.9280 69
178.9600 179.5360 67
179.9200 180.6560 69
180.6880 180.9120 70
180.9440 181.1360 69
181.3600 181.7440 67
182.2240 182.4800 65
182.5120 182.8320 67
182.8640 182.9600 70
182.9920 183.0240 68
183.0560 183.4400 67
183.4720 184.0800 69
184.1120 184.4000 67
184.5280 184.7520 65
184.7840 184.9440 63
184.9760 185.0720 62
185.1040 185.1360 61
185.1680 185.5520 60
185.5840 185.7120 62
185.7440 186.1920 61
186.6720 186.8320 60
186.8640 187.6320 62
187.6640 187.7280 64
187.7600 188.0800 63
188.2080 188.5600 63
188.5920 188.8800 62
188.9120 189.2000 58
189.2320 189.3600 61
189.6480 189.7760 70
189.8080 189.9360 72
189.9680 190.2240 70
190.3520 190.8000 70
190.8320 190.9920 69
191.1520 191.3120 65
191.3440 191.5040 67
191.8560 192.0160 68
192.0480 192.8800 69
192.9120 193.5200 70
193.5520 193.7440 72
193.7760 193.8080 71
193.8400 194.0640 70
194.0960 195.0560 69
195.0880 195.1840 67
195.4720 195.8240 62
195.8560 196.4640 69
196.5920 197.1040 67
197.4880 198.7040 69
198.8640 199.3760 67
199.7920 200.0160 65
200.0480 201.0400 67
201.0720 201.7760 69
201.8080 201.8720 67
201.9040 201.9680 65
202.0960 202.3520 65
202.3840 202.5440 67
202.5760 202.7040 69
202.7360 202.7360 66
202.7680 203.1200 60
203.1520 203.7280 61
204.2720 204.3680 60
204.4000 204.4320 61
204.4640 204.8160 62
204.9760 205.2640 62
205.4560 206.0960 63
206.1280 206.2880 62
206.4800 206.6400 58
206.6720 206.8320 59
207.1840 207.4720 70
207.5040 207.6640 72
207.6960 208.3040 70
208.3360 208.6240 69
208.6560 208.7840 70
208.8160 208.9120 69
208.9440 209.1040 67
209.3920 209.7120 67
209.7440 209.8080 68
209.8400 210.3200 69
210.4800 210.5440 68
210.5760 210.7680 67
210.9600 210.9920 63
211.0240 211.0560 64
211.0880 211.3760 65
211.5040 211.9840 65
212.1120 214.0640 67
214.3840 215.1200 63
215.1520 215.5680 62
215.6000 215.6000 67
215.6320 215.7280 69
215.9840 216.2400 69
216.2720 217.0720 67
217.2000 217.9680 69
218.0000 218.2240 70
218.2560 218.4800 69
218.6080 219.0240 67
219.5360 219.7920 65
219.8240 220.1440 67
220.1760 220.2720 70
220.4000 220.7520 67
220.7840 220.8480 68
220.8800 221.3600 69
221.3920 221.6800 67
221.8080 222.0960 65
222.1280 222.4160 63
222.4480 222.4800 61
222.6080 223.4720 61
223.9840 224.2080 60
224.2400 224.6880 62
224.8160 224.9440 62
224.9760 225.3920 63
225.5200 225.9040 63
225.9360 226.1600 62
226.1920 226.2240 60
226.2560 226.3840 58
226.4160 226.5120 59
226.5440 226.6400 60
226.9600 227.0880 70
227.1200 227.2800 72
227.3120 227.5360 70
227.6960 227.8880 70
228.0800 228.3360 69
228.4640 228.6240 65
228.6560 228.8480 67
229.2000 229.3280 68
229.3600 230.1920 69
230.2240 230.4480 70
230.5440 230.8320 70
230.8640 231.0560 72
231.0880 231.1520 71
231.1840 231.3760 70
231.4080 232.3360 69
232.4640 232.5280 66
232.7840 233.1360 62
233.1680 233.8080 69
233.8400 234.4160 67
234.8320 236.0160 69
236.1760 236.6560 67
237.1040 237.1360 63
237.1680 237.3280 65
237.3600 238.2560 67
238.2880 238.5120 68
238.5440 239.0880 69
239.1200 239.1840 67
239.2160 239.2800 65
239.4080 239.6640 65
239.6960 239.8880 67
239.9200 240.0480 69
240.1760 241.0720 61
241.6160 242.1280 62
242.3200 242.5760 62
242.7680 243.6320 63
243.7920 244.1440 59
244.4320 245.6480 70
245.6800 245.9040 69
246.0320 246.2240 69
246.2560 246.4800 67
246.7360 247.0240 67
247.0560 247.6640 69
247.7920 247.8560 68
247.8880 248.0800 67
248.2720 248.3040 63
248.3360 248.6880 65
248.9120 249.2640 65
249.4240 251.8240 67
