14.9920 15.2480 64
15.2800 15.4720 67
15.5040 15.8560 69
15.8880 15.8880 67
16.0160 16.1760 64
16.3040 16.6880 67
16.9760 17.1360 64
17.2640 17.6480 67
17.6800 17.7440 69
17.7760 18.0000 67
18.0320 18.2560 69
18.2880 18.8960 67
19.3440 19.3760 59
19.4080 19.6960 60
19.7280 19.9200 62
19.9520 20.1120 64
20.2400 20.9120 62
20.9440 21.0720 63
21.2000 22.1920 57
23.4080 23.5040 60
23.6320 24.2720 62
24.3040 24.4960 61
24.8480 25.0080 56
25.0400 25.0720 57
25.1040 25.3920 60
25.4240 25.5520 63
25.5840 25.9680 62
26.0000 26.0960 64
26.1280 26.6720 62
27.2800 27.3440 67
27.3760 27.4400 69
27.4720 28.8800 67
29.0400 29.2000 62
29.2320 29.3920 63
29.4240 30.2880 62
30.7360 30.8960 63
31.0240 31.4080 67
31.4400 31.6000 68
31.6320 31.8560 64
32.0160 32.4320 67
32.6560 32.9120 64
32.9440 33.1040 67
33.2320 33.3920 67
33.4240 33.5200 69
33.5520 33.7440 68
33.7760 34.1600 69
34.1920 34.7680 67
34.9280 35.3760 60
35.4080 35.4400 61
35.4720 35.6960 62
35.7280 35.8560 64
35.8880 36.2400 62
36.2720 36.3040 61
36.4640 36.6880 64
36.7200 36.7840 62
36.8160 36.8480 59
37.0080 37.2320 57
37.2640 37.3920 56
37.4240 38.0640 57
39.0240 39.0560 58
39.0880 39.3440 59
39.3760 39.9520 62
39.9840 40.2720 61
40.5920 40.6560 57
40.6880 40.7520 56
40.8800 41.1360 59
41.1680 42.5120 62
42.9920 44.6560 67
44.6880 44.8160 64
44.8480 44.9440 65
44.9760 45.2640 69
45.2960 45.4240 71
45.4560 45.6160 69
45.6480 46.2560 67
46.4480 46.7040 67
46.7360 47.3120 69
47.4720 47.5680 69
47.6000 47.6640 71
47.6960 47.9200 69
47.9520 48.7200 67
48.7520 48.9440 70
48.9760 49.6160 72
49.6480 49.9040 69
49.9360 50.7040 67
50.7360 50.8960 68
50.9280 51.2480 67
51.2800 51.3440 61
51.3760 51.6000 62
51.6320 51.7280 64
51.7600 53.5520 62
53.5840 53.6160 61
54.3520 54.6080 62
54.6400 54.8640 64
54.8960 55.2160 67
55.3760 55.4400 67
55.4720 55.5360 66
55.5680 55.7600 64
55.8880 56.1440 62
56.1760 56.2080 61
56.3360 56.5600 62
56.5920 56.8160 64
56.8480 57.4880 67
57.5200 57.5520 65
57.5840 57.7120 64
57.7440 57.7760 63
57.8080 58.1280 62
58.2880 58.4480 62
58.4800 58.5440 58
58.5760 58.8000 55
58.8320 59.4720 57
59.6000 59.7920 62
59.8240 59.8880 63
59.9200 61.7120 64
62.2240 62.4800 67
62.5120 62.7040 69
62.7360 63.1520 72
63.1840 63.4080 70
63.4400 63.6320 69
63.6640 64.4320 67
64.4640 64.6560 69
64.6880 65.2640 72
65.2960 65.3920 71
65.4240 65.5840 69
65.6160 66.3840 67
66.4160 66.5120 68
66.6720 66.8960 67
67.0240 67.1840 62
67.2160 67.4400 63
67.4720 67.6640 64
67.6960 69.5520 62
70.0960 70.2880 62
70.3200 70.3520 63
70.3840 70.5760 64
70.6080 71.0240 67
71.0560 71.1520 64
71.1840 71.3120 65
71.3440 71.5360 64
71.5680 71.9200 62
72.0480 72.2720 62
72.3040 72.3360 63
72.3680 72.5280 64
72.5600 73.1360 67
73.1680 73.2640 66
73.2960 73.4880 64
73.5200 74.2880 62
74.3200 74.4160 64
74.4480 74.4800 63
74.6080 74.7360 60
74.7680 74.8000 61
74.8320 75.2800 62
75.3120 75.3440 61
75.3760 78.0640 60
94.4800 94.5440 62
94.7360 94.9280 64
95.0560 95.5680 67
95.7280 95.9520 64
95.9840 96.3040 67
96.3360 96.4960 68
96.5280 96.7520 67
96.7840 97.0080 69
97.0400 97.6800 67
98.0960 98.1600 59
98.1920 98.4160 60
98.4480 98.6720 62
98.7040 98.8320 64
98.9600 99.2800 62
99.3120 99.4400 61
99.4720 99.6640 62
99.6960 99.7920 63
99.9520 100.7840 57
102.1600 102.2240 60
102.3520 102.8640 62
102.8960 103.0240 61
103.0560 103.2480 62
103.6000 103.8240 57
103.8560 104.0480 60
104.0800 104.1120 61
104.1440 104.7200 62
104.7520 104.8480 64
104.8800 105.4240 62
106.0320 107.3120 67
107.4720 107.6000 67
107.7600 107.9200 62
107.9520 108.1440 63
108.1760 108.9440 62
109.4880 109.6160 63
109.7440 110.1600 67
110.1920 110.2880 68
110.3200 110.3520 67
110.3840 110.6080 64
110.7360 111.2160 67
111.4080 111.5680 64
111.6000 111.6640 63
111.6960 111.8560 67
111.9840 112.1440 67
112.1760 112.3040 69
112.3360 112.4640 67
112.4960 112.9120 69
112.9440 113.5520 67
113.8400 114.0960 60
114.1280 114.4160 62
114.4480 114.6080 64
114.6400 115.0240 62
115.1840 115.4400 64
115.4720 115.5360 61
115.5680 115.6000 59
115.7600 116.7840 57
117.7760 118.0000 59
118.1280 118.9280 62
119.3440 119.5680 56
119.6000 119.8560 59
119.8880 121.2640 62
121.7440 123.3760 67
123.4080 123.6960 65
123.7280 123.7280 67
123.7600 124.0160 69
124.0480 124.1440 71
124.2720 124.3680 69
124.4000 124.9440 67
125.2320 125.4560 67
125.4880 125.9680 69
126.2560 126.3200 69
126.3520 126.4160 71
126.4480 126.6720 69
126.7040 127.4720 67
127.5040 127.6960 69
127.7280 128.3360 72
128.3680 128.6560 69
128.6880 129.0720 67
129.2000 130.0000 67
130.1280 132.3360 62
133.1360 133.3920 62
133.4240 133.6160 64
133.6480 134.0320 67
134.1600 134.2560 67
134.2880 134.5120 64
134.6720 134.9600 62
135.0880 135.3120 62
135.3440 135.5680 64
135.6000 136.2400 67
136.2720 136.5280 64
136.5600 136.8160 62
137.0400 137.2000 62
137.2320 137.2640 60
137.5520 138.2560 57
138.3840 138.6720 63
138.7040 140.6560 64
141.0080 141.2000 67
141.2320 141.4880 69
141.5200 141.9040 72
141.9360 142.0960 69
142.2560 142.3840 69
142.5120 143.1840 67
143.2160 143.4400 69
143.4720 144.0480 72
144.0800 144.1760 71
144.2080 144.3360 69
144.3680 145.1360 67
145.1680 145.2960 69
145.4560 145.7120 67
145.7440 146.0000 62
146.0320 146.3840 64
146.4160 148.2720 62
148.8480 149.0400 62
149.0720 149.1360 63
149.1680 149.3600 64
149.3920 149.7120 67
149.8400 150.2880 64
150.3200 150.6400 62
150.8000 151.0880 62
151.1200 151.2800 64
151.3120 151.9520 67
151.9840 152.2400 64
152.2720 153.0400 62
153.0720 153.2320 64
153.3600 153.5520 60
153.5840 154.0960 62
154.1280 156.6880 60
164.4320 164.5600 69
188.2080 188.4640 67
188.4960 189.3280 69
189.3600 189.4560 71
189.4880 189.6800 69
189.7120 190.4480 67
190.4800 190.7040 69
190.7360 191.3760 72
191.4080 191.6320 69
191.6640 192.0160 67
192.2080 193.0400 67
193.0720 193.3280 62
193.3600 193.4880 63
193.5200 195.3440 62
196.1120 196.3680 62
196.4000 196.5920 64
196.6240 196.9760 67
197.1360 197.2640 67
197.2960 197.5200 64
197.6480 197.9680 62
198.0960 198.3200 62
198.3520 198.5440 64
198.5760 199.2480 67
199.2800 199.4720 64
199.6000 199.8560 62
200.0480 200.2080 62
200.3360 201.2320 57
201.3600 203.4720 64
203.9840 204.2400 67
204.2720 204.4960 69
204.5280 204.8480 72
204.9760 205.1040 70
205.2320 205.3920 69
205.4240 206.1600 67
206.1920 206.4160 69
206.4480 207.0240 72
207.0560 207.1520 71
207.1840 207.3440 69
207.3760 207.7920 67
207.8560 208.1440 67
208.1760 208.2720 69
208.4320 208.6240 67
208.6560 208.6560 65
208.6880 208.9440 62
208.9760 209.2000 63
209.2320 209.4240 64
209.4560 211.3120 62
211.8560 212.0480 62
212.0800 212.3360 63
212.3680 212.6880 67
212.8160 213.2640 64
213.2960 213.6160 62
213.8400 214.0960 62
214.1280 214.2880 64
214.3200 214.9600 67
214.9920 215.1840 64
215.3440 216.0480 62
216.0800 216.2080 64
216.3680 216.5280 60
216.5600 217.0400 62
217.0720 218.9920 60
219.7280 219.9520 67
219.9840 220.5600 69
220.7520 220.8160 69
220.8480 220.9440 71
220.9760 221.1680 69
221.2000 221.9680 67
222.0000 222.2240 69
222.2560 222.8320 72
222.8640 222.8640 69
222.9920 223.1840 69
223.2160 223.5360 67
223.6960 224.5600 67
224.5920 226.8320 62
227.6320 227.8880 62
227.9200 228.1120 64
228.1440 228.4960 67
228.6560 228.7840 66
228.8160 229.0080 64
229.1360 229.8080 62
229.8400 230.0640 64
230.0960 230.7680 67
230.8000 231.0240 64
231.0560 231.2800 62
231.6000 231.7280 62
232.1120 232.7520 57
232.8800 233.1680 62
233.2000 234.8640 64
235.5040 235.7600 67
235.7920 235.9840 69
236.0160 236.4320 72
236.4640 236.6240 71
236.7520 236.9120 69
236.9440 237.2960 67
237.4560 237.5840 67
237.7120 237.9040 69
237.9360 238.5440 72
238.5760 238.6400 71
238.6720 238.8000 69
238.9280 239.1520 67
239.4400 239.6000 67
239.6320 239.7920 69
239.9520 240.1440 67
240.1760 240.1760 65
240.2080 240.5280 62
240.5600 240.6240 64
240.7520 240.9440 64
240.9760 241.0400 62
241.2000 242.4160 62
