15.4080 15.5680 62
15.6000 15.7280 63
15.7600 15.9520 64
16.0800 16.6240 64
17.5840 17.9040 63
18.1280 18.1920 62
18.3840 18.6720 62
18.7040 18.7680 61
18.8000 19.1200 60
19.1520 19.2160 61
19.2480 19.8880 62
21.7120 21.8400 60
21.8720 22.2240 62
22.4800 23.0240 62
23.1520 23.2800 64
23.5360 23.6640 62
24.0480 24.1120 62
24.1440 24.2400 61
24.4960 25.0720 60
25.1040 25.5200 59
25.5520 26.1600 60
28.0480 28.1760 62
28.4640 29.2960 64
30.1920 30.6080 63
30.8000 31.4720 62
31.5040 31.7920 60
31.8240 32.4000 62
34.4480 34.5760 60
34.6080 35.4080 62
35.6320 36.8800 62
37.1680 37.7440 60
37.7760 37.8080 59
37.9360 38.5440 57
39.6000 40.8480 60
42.2880 42.3840 60
42.4160 42.4480 61
42.4800 42.7680 62
42.9280 43.0560 60
43.0880 43.3440 62
43.3760 43.6320 60
43.8880 44.2400 60
44.2720 44.7200 59
44.7520 45.2960 60
45.5200 45.7120 62
45.9040 46.1600 57
46.1920 47.1200 58
48.6880 48.7840 58
48.8160 49.2320 60
49.2640 49.4560 59
49.4880 49.7760 60
49.8080 49.8400 59
49.8720 50.3200 58
50.3520 50.7360 57
50.9280 51.0560 56
51.0880 51.1200 57
51.1520 51.7280 58
51.7600 51.9200 59
51.9520 51.9840 58
52.1440 52.3680 56
52.4000 53.1680 57
53.7760 53.9040 55
53.9360 53.9680 56
54.0000 54.1600 57
54.1920 54.9280 58
55.3760 55.5040 57
55.5360 55.6640 58
55.6960 56.1440 60
56.1760 56.9440 67
56.9760 57.5200 65
58.5760 58.8320 65
58.9600 60.5920 69
61.7120 61.8720 65
61.9040 62.2240 67
62.2560 64.4320 69
66.0960 66.2240 64
66.2560 66.5120 66
66.5440 66.9280 67
66.9600 67.0560 68
67.0880 67.7920 69
67.8240 67.8560 66
67.8880 67.8880 63
68.0800 68.3040 57
68.3360 68.8480 59
68.8800 68.8800 61
68.9120 69.0400 65
69.0720 71.3760 67
72.4000 72.8160 64
72.8480 73.0720 66
73.2000 73.3280 66
73.3600 74.4800 67
74.5120 74.5760 69
74.6080 74.6720 68
74.8000 75.1200 67
75.1520 75.3440 65
75.3760 76.7520 66
76.7840 77.0400 62
77.0720 77.2000 64
78.6720 78.7040 65
78.7360 79.0880 66
79.1200 79.4720 67
79.5040 80.5280 69
80.7200 80.9120 71
80.9440 81.0080 70
81.0400 81.4240 69
81.4560 81.9680 67
82.1280 82.5120 66
82.5440 83.4400 67
84.0800 85.1680 66
85.2000 85.3600 64
85.3920 85.4880 65
85.5200 85.5840 64
85.6160 86.3200 62
87.4720 88.3680 64
88.4000 88.8160 62
88.8480 89.2960 64
89.3280 89.5520 63
90.3840 91.6000 62
102.5120 102.7360 62
102.7680 103.4080 64
104.6880 104.7840 64
104.9120 105.0080 64
105.0400 105.8080 62
105.8400 106.0000 60
106.1280 106.3200 60
106.3520 107.1840 62
108.6560 109.2000 61
109.2320 110.8000 62
110.8320 110.8960 63
111.2160 112.1440 60
112.1760 112.5920 62
112.6240 113.3920 60
115.1840 115.3120 65
115.3440 115.4400 67
115.4720 115.5040 62
115.5360 116.5280 60
117.3600 118.6400 66
118.8320 118.9920 66
119.0240 119.4400 62
121.5200 122.1600 62
122.3200 122.4800 61
122.7360 123.1520 62
123.1840 123.3760 64
123.4080 123.5040 62
123.5360 123.6640 65
123.6960 124.1760 62
124.2720 124.7840 60
124.8160 125.1360 61
125.1680 125.2960 62
125.3280 125.8720 60
126.6720 126.7680 58
126.8000 127.9840 60
129.4560 129.5840 60
129.6160 130.4480 62
130.6400 131.3440 60
131.3760 132.0160 59
132.0480 132.5600 60
132.5920 132.8480 62
132.8800 132.8800 59
132.9120 133.0720 56
133.1040 134.0640 58
135.7280 135.7920 58
135.8240 135.8880 59
135.9200 136.1120 60
136.1440 136.2400 61
136.4320 136.4640 58
136.4960 136.5600 59
136.5920 136.8480 60
136.8800 136.9120 59
136.9440 137.3920 58
137.5200 138.1280 57
138.1600 138.9280 58
138.9600 139.2160 60
139.2480 139.2800 58
139.3120 139.4720 55
139.5040 139.5360 56
139.5680 140.3680 57
140.7520 141.1040 55
141.1360 141.2000 57
141.3280 141.9680 58
142.5440 142.6720 57
142.7040 142.7680 58
142.8960 143.3120 60
143.3440 143.4400 65
143.4720 144.2720 67
144.3040 144.8480 65
145.6800 145.7760 65
145.8080 146.1600 67
146.1920 147.5680 69
147.6000 147.6640 66
147.6960 147.7920 62
147.8240 147.9200 61
148.8800 149.0080 65
149.0400 149.2640 67
149.2960 149.6480 68
149.6800 150.2240 69
150.2560 150.4160 70
150.4480 150.5760 68
150.6080 152.1440 69
153.1680 153.2000 63
153.2320 153.2640 64
153.2960 153.5840 66
153.6160 154.1600 67
154.1920 154.9600 69
154.9920 154.9920 66
155.1520 155.4080 57
155.4400 155.4720 58
155.5040 155.8560 59
156.0160 156.1440 65
156.1760 158.7360 67
159.6000 159.7280 64
159.9520 159.9840 65
160.0160 160.2080 66
160.3040 160.4960 66
160.5280 161.6160 67
161.6480 161.7760 69
161.8080 161.8400 68
161.9680 162.0640 65
162.0960 162.3200 67
162.3520 162.4800 65
162.5120 163.0880 66
163.1200 163.1840 64
163.2160 163.3120 65
163.3440 164.6880 66
165.9040 166.2880 66
166.3200 166.6720 67
166.7040 166.8320 68
166.8640 167.6640 69
167.8560 167.8880 70
167.9200 168.0800 71
168.1120 168.1440 70
168.1760 168.6240 69
168.6560 169.0720 67
169.2640 169.2960 65
169.3280 170.6400 67
171.2160 172.3680 66
172.4000 172.5600 64
172.5920 172.6880 65
172.7200 172.7840 64
172.8160 173.4560 62
174.6080 175.5040 64
175.5360 175.5680 63
175.6000 175.9520 62
175.9840 176.1440 63
176.1760 176.9440 64
177.1360 177.2960 64
177.4240 179.3120 62
179.8240 180.0160 62
180.2080 180.7840 64
180.8160 180.8160 62
180.9120 180.9440 62
180.9760 181.0720 61
181.1040 181.2320 60
181.2960 181.5200 60
181.7120 182.3840 60
182.5760 182.7680 60
184.6560 185.0080 62
185.2000 185.3600 62
185.5200 186.0640 62
186.5120 187.0240 63
187.1520 187.6000 61
187.8880 188.0480 65
188.0800 188.4640 67
188.4960 189.7760 65
191.2480 191.5040 63
191.6960 192.0480 63
192.2720 192.5920 65
192.8160 192.8800 65
192.9120 193.3600 67
193.6160 193.7760 65
193.8080 194.3200 62
194.4800 195.0880 62
196.1440 196.3360 62
196.4960 196.8160 64
196.8480 197.7440 65
198.0960 198.2880 62
198.3200 198.3520 63
198.3840 198.4480 65
198.4800 198.5760 67
198.6080 198.9600 69
198.9920 199.4720 67
199.6960 200.2720 65
200.3040 203.2800 67
207.4400 207.5360 67
207.5680 207.7600 69
207.8880 208.4000 70
208.4320 209.2320 72
209.4560 209.6800 60
209.7120 210.2560 62
210.2880 210.4160 68
210.4480 212.7200 70
213.8080 214.0000 67
214.1600 214.4160 68
214.4480 214.5760 67
214.6080 214.8000 69
214.8320 215.8880 70
215.9200 216.0160 71
216.2400 216.2720 68
216.3040 216.3360 69
216.3680 216.5920 70
216.6240 216.7520 68
216.7840 217.2640 69
217.4240 217.5840 68
217.6160 219.0240 69
219.0560 219.3440 70
219.5360 219.6960 72
220.1120 220.1440 68
220.1760 220.5280 69
220.5600 220.8800 70
220.9120 221.2960 72
222.1280 222.3200 74
222.3520 222.8640 72
222.8960 223.3440 70
223.5040 223.8560 69
223.8880 224.9120 70
224.9440 225.1360 69
225.4880 225.5840 70
225.6160 226.6720 69
226.7040 226.7040 71
226.7360 226.8640 74
226.8960 228.2400 72
228.8160 229.8720 67
229.9040 230.0640 65
230.0960 230.2240 66
230.2560 231.1200 67
232.0480 232.3040 66
232.8480 232.9440 67
232.9760 233.2640 69
233.2960 233.7440 70
233.7760 235.1840 72
235.3760 235.3760 71
235.4080 235.4720 74
235.6000 237.8080 70
239.1520 239.3440 67
239.5040 239.6960 69
239.8880 241.1680 70
241.2000 241.3280 72
241.5200 241.5520 68
241.5840 241.8720 70
241.9040 242.0320 68
242.0640 243.8560 69
245.4880 246.2560 69
246.2880 246.5120 72
247.4400 247.6960 74
247.7280 248.2080 72
248.2400 248.4000 70
248.4320 248.6880 66
248.8160 248.8800 67
248.9120 249.2320 69
249.2640 250.3200 70
251.8240 252.2400 67
252.2720 252.8160 69
252.8480 253.3920 70
253.7760 254.5760 60
254.6080 254.6720 67
254.7040 254.9600 70
254.9920 256.2720 69
256.3040 256.5280 68
256.5600 257.1680 65
258.1600 258.6080 69
258.6400 258.7680 70
258.9920 259.1520 72
260.2080 260.3040 72
260.6240 260.7200 69
260.9440 261.8720 70
