34.8320 35.4720 55
35.5040 35.6320 60
35.6640 35.9840 62
36.1120 36.5600 60
37.3280 37.4560 58
37.5840 38.0960 60
38.1280 38.3200 55
38.4480 38.6080 55
38.6400 38.8640 53
39.0240 39.1840 55
39.2160 39.4400 53
39.4720 39.5680 54
39.6000 39.7600 55
41.7120 41.7760 54
41.8080 42.0320 55
42.1600 42.6080 55
42.7360 42.8960 58
42.9280 43.0560 55
43.0880 43.5040 57
43.9520 44.3360 58
44.3680 44.4960 55
44.6560 45.0080 58
45.0400 45.2000 60
45.3280 45.5520 58
45.7440 45.9360 60
46.1600 46.3840 62
48.5600 49.2320 55
49.2640 49.3600 60
49.3920 49.8720 62
49.9040 50.2880 60
50.8640 50.9600 58
51.0880 51.2800 58
51.3120 51.4720 60
51.5040 51.6640 62
51.8560 52.1120 55
52.1440 52.3360 53
52.5920 52.7200 55
52.7520 52.8800 54
53.0720 53.1360 53
53.1680 53.2640 54
53.2960 53.4240 55
54.5440 54.7360 55
54.7680 54.9280 57
54.9600 55.2160 58
55.8240 55.9520 55
55.9840 56.0160 56
56.0480 56.1440 58
56.2720 56.3680 60
56.4000 56.4960 61
56.5280 56.8480 60
57.3280 57.7120 53
57.7440 58.0000 55
58.0320 58.0640 56
58.0960 58.3520 57
58.3840 58.4800 56
58.5120 58.6400 55
61.3600 61.5200 62
61.5520 61.6800 60
61.8080 62.1280 55
63.0880 63.1520 60
63.1840 63.3760 62
63.4080 63.4400 61
63.4720 63.7920 60
65.2320 65.3280 55
65.3600 66.0320 57
66.0640 66.5440 53
66.7680 67.1200 58
68.2400 68.6240 55
68.6560 68.9760 58
69.9360 70.3520 55
70.3840 70.5440 57
70.7680 70.8960 55
71.1200 71.2480 53
71.4720 71.6960 55
71.9200 72.1120 50
72.3040 73.2960 50
75.0560 75.4720 60
75.5040 75.7280 62
76.5600 76.5600 60
76.5920 76.9120 62
76.9440 77.0080 65
77.0400 77.0400 63
77.0720 77.3920 60
78.5120 78.6720 53
78.9600 79.3120 65
79.3440 79.4720 67
79.5040 79.5040 65
79.5360 80.0160 60
80.0480 80.1440 62
80.1760 80.3040 65
80.3360 80.7840 62
81.7440 81.8400 55
81.9680 82.1920 57
82.2240 82.4800 58
83.2480 83.4080 60
83.4400 83.5040 61
83.6320 83.7920 60
83.9520 84.2080 57
84.7520 84.8480 53
85.0080 85.2000 53
85.3280 85.4880 55
85.6480 86.0000 55
88.7840 88.8160 60
88.8480 88.9440 62
88.9760 89.6160 65
89.6480 89.9360 67
90.0960 90.4800 65
90.5120 90.7040 67
91.5680 91.5680 59
91.6000 91.7600 65
91.7920 91.9200 67
91.9520 92.2400 65
92.2720 92.3040 63
92.3360 92.7520 62
92.7840 93.2000 65
93.3280 93.5200 65
93.5520 93.6480 67
93.6800 93.9040 60
93.9360 94.0320 64
94.0640 94.6080 62
95.6960 95.8240 60
95.8560 95.9520 58
95.9840 96.1120 59
96.1440 96.2720 60
96.3040 96.4640 62
96.4960 96.8480 55
97.8400 97.9040 58
97.9360 98.0960 60
98.1280 98.3840 58
98.4160 98.7680 60
98.8960 99.0560 62
99.0880 99.2800 65
99.3120 101.0720 62
102.5440 102.6720 62
102.7040 103.3120 65
103.3440 103.6000 67
104.3040 104.4000 67
105.4880 105.6480 67
105.6800 105.9360 65
106.0000 106.0000 62
106.1280 106.3200 62
106.3520 106.3520 64
106.3840 106.4160 67
106.4480 106.9600 69
106.9920 107.2480 67
107.2800 107.3760 69
107.4080 107.4080 67
107.4400 107.4720 65
107.6640 108.1440 62
109.3920 109.7440 58
109.7760 110.0000 60
110.0320 110.1280 62
110.1600 110.1600 59
110.1920 110.1920 56
111.4080 111.4080 55
111.4400 111.5360 58
111.5680 111.6960 60
111.8560 112.0160 62
112.7520 112.8480 55
112.9760 113.1040 57
113.1360 113.2320 56
117.1360 117.7440 55
117.7760 117.9040 60
117.9360 118.2560 62
118.3840 118.8960 60
119.6320 119.8240 62
119.8560 119.9840 65
120.0160 120.1440 63
120.1760 120.3040 65
120.3360 120.3360 61
120.3680 120.3680 56
120.7200 120.8480 56
120.8800 121.1360 53
121.2640 121.5840 55
121.6160 121.7760 53
121.8080 122.0640 55
124.0160 124.8480 55
124.9760 125.1040 58
125.1360 125.2320 55
125.2640 125.6480 57
126.2560 126.6400 58
126.6720 126.7680 55
126.9280 127.2800 58
127.3120 127.4720 60
127.6000 127.7280 58
128.0160 128.0480 57
128.0800 128.1440 58
128.1760 128.3040 60
128.4320 128.5280 62
130.8000 131.4720 55
131.5040 131.5040 58
131.5360 131.6000 60
131.6320 132.1120 62
132.1440 132.4960 60
133.1680 133.6800 58
133.8080 133.9680 62
134.1600 134.4160 55
134.4480 134.6080 53
134.8640 135.0560 55
135.0880 135.1520 53
135.3440 135.5680 53
135.6000 135.7280 55
136.8160 137.0400 55
137.0720 137.2320 57
137.2640 137.4880 58
138.1920 138.2560 57
138.2880 138.3840 58
138.5440 138.9280 60
139.5680 139.8880 53
139.9200 140.3040 55
140.3360 140.6880 57
140.7200 140.9440 55
143.6320 143.8240 62
143.8560 143.9840 60
144.1120 144.4960 55
145.3600 145.4560 60
145.4880 145.6800 62
145.7120 146.0960 60
147.5360 147.6320 55
147.6640 148.3040 57
148.3360 148.4000 54
148.4320 148.8160 53
149.0400 149.4560 58
150.5120 150.9280 55
150.9600 151.2800 58
152.2080 152.6240 55
152.6560 152.8480 57
153.0400 153.2000 55
153.4240 153.5840 53
153.7760 154.0000 55
154.1920 154.6080 51
157.3280 157.7440 60
157.7760 158.0000 62
158.8960 159.2160 62
159.2480 159.3120 65
159.3440 159.3440 63
159.3760 159.6960 60
160.8160 160.9440 53
161.2320 161.5840 65
161.6160 161.7760 67
161.8080 161.8080 64
161.8400 162.3200 60
162.3520 162.4160 62
162.4480 162.5760 65
162.7360 163.0880 62
164.0480 164.1440 55
164.2720 164.4640 57
164.4960 164.7840 58
165.5520 165.6800 60
165.7120 165.7760 61
165.9360 166.0640 60
166.2240 166.4800 57
167.0240 167.0880 53
167.3760 167.4400 53
167.4720 167.6000 54
167.6320 167.7600 55
167.9520 168.1440 55
168.1760 168.2400 56
171.1200 171.1200 58
171.1520 171.2480 62
171.2800 171.4400 65
171.4720 171.5360 67
171.5680 171.8880 65
171.9200 172.3040 67
172.3360 172.6240 66
172.6560 172.7520 65
172.7840 173.0080 67
173.0400 173.1040 65
173.1360 173.1680 64
173.8400 173.8400 59
173.8720 173.8720 62
173.9040 174.0640 65
174.0960 174.1920 67
174.2240 174.5120 65
174.5440 175.0560 62
175.0880 175.4720 65
175.6320 175.7920 65
175.8240 175.9200 67
175.9520 175.9520 65
175.9840 175.9840 62
176.0160 176.1760 60
176.2080 176.3360 63
176.3680 176.8800 62
177.9680 178.0960 60
178.1280 178.1600 59
178.1920 178.3840 58
178.4160 178.5760 60
178.6080 178.7360 62
178.7680 178.7680 58
178.8000 179.1200 55
180.1120 180.2080 58
180.2400 180.4000 60
180.4320 180.6880 58
180.7200 181.0400 60
181.1680 181.3600 62
181.3920 181.5840 65
181.6160 183.2480 62
184.7840 184.7840 60
184.8160 185.0080 62
185.0400 185.1360 65
185.1680 185.2640 66
185.2960 185.6160 65
185.6480 186.0320 67
187.7280 187.7600 65
187.7920 187.9200 67
187.9520 188.2080 65
188.2400 188.5920 62
188.6240 188.6240 64
188.6560 188.7200 67
188.7520 189.1680 69
189.3280 189.5200 67
189.5520 189.6800 69
189.7120 189.7440 65
189.9680 190.5120 62
191.6640 191.8240 60
191.8560 192.0480 58
192.0800 192.2720 60
192.3040 192.4000 62
192.4320 192.4320 60
192.4640 192.4640 56
192.5920 192.5920 55
192.6560 192.7200 55
193.6800 193.7120 56
193.7440 193.8400 58
193.8720 193.9680 60
194.1280 194.2880 62
194.3200 194.3200 60
194.5120 194.5760 53
194.9920 195.0880 56
195.3440 196.2080 55
196.4640 196.5280 55
196.6560 196.7520 55
202.5120 202.5760 65
203.0560 203.4080 65
204.5920 205.3920 71
205.4240 205.4240 69
205.4560 205.4560 67
205.4880 205.5840 64
205.8400 205.9680 64
206.2240 206.9920 65
207.1200 207.2480 66
207.5680 207.6960 62
208.7840 209.0400 69
212.0800 212.2080 60
213.5520 213.9360 59
213.9680 214.0640 62
214.0960 214.3200 64
214.3520 214.7680 65
214.8000 215.0560 67
215.1840 215.2800 67
215.3120 215.6000 65
215.6320 215.8240 67
216.7200 216.7200 60
216.7520 216.9120 65
216.9440 217.0720 67
217.1040 217.3600 65
217.3920 217.4560 63
217.4880 217.9040 62
217.9360 217.9680 64
218.0000 218.3520 65
218.4160 218.4800 63
218.5120 218.6720 65
218.7040 218.8000 67
218.8320 218.8320 62
218.8640 219.0560 60
219.0880 219.1840 63
219.2160 219.7600 62
220.8160 220.8160 57
220.8480 220.9440 60
220.9760 221.2000 58
221.2960 221.2960 60
221.3920 221.4240 60
221.4560 221.5840 62
221.6160 221.6160 59
221.6480 221.9680 55
222.9600 223.0560 58
223.0880 223.2480 60
223.2800 223.5360 58
223.5680 223.8880 60
223.9840 224.1760 62
224.2080 224.4320 65
224.4640 225.8720 62
227.6960 227.8240 62
227.8560 228.4640 65
228.4960 229.5520 67
230.6400 230.8000 67
230.8320 231.0880 65
231.1200 231.4080 62
231.4400 231.5040 63
231.5360 231.5680 67
231.6000 232.1120 69
232.1440 232.3680 67
232.4000 232.5280 69
232.5600 232.6240 65
232.8160 233.2960 62
234.5120 234.6720 60
234.7040 234.8000 58
234.8960 235.1520 60
235.1840 235.2800 62
235.3120 235.3440 56
235.3760 235.5360 54
236.5600 236.6880 58
236.7200 236.8480 60
236.9760 237.1680 62
237.9040 237.9360 55
238.1920 238.2880 57
241.3920 241.5200 62
241.5520 242.1920 65
242.2240 242.7040 67
243.1840 243.2480 67
244.2400 244.3040 65
244.3360 244.4960 67
244.5280 244.7840 65
244.8160 245.2000 62
245.2320 245.2640 67
245.2960 245.8400 69
245.8720 246.0960 67
246.1280 246.2560 69
246.2880 246.3200 65
246.3520 246.3840 63
246.5760 246.9280 62
246.9600 247.0560 60
248.1760 248.2080 57
248.2400 248.4000 60
248.4320 248.5920 58
248.6240 248.8480 60
248.8800 249.0080 62
249.0400 249.0400 56
249.1680 249.3920 55
250.2880 250.3840 58
250.4160 250.5440 60
250.7040 250.8960 62
251.2480 251.3120 60
251.5680 251.6960 56
251.9200 252.3040 55
252.5920 252.8480 55
255.0880 255.4720 58
255.5040 255.6960 60
255.7280 255.8560 62
255.8880 256.2080 55
257.1360 257.2640 58
257.2960 257.3920 60
257.5520 257.7120 62
257.7440 257.7440 59
257.9040 258.2560 53
258.4160 258.5440 56
258.7360 260.2080 55
261.5200 262.0000 72
262.0320 262.0640 69
263.8880 264.4320 69
264.4640 268.5600 67
