7.7280 7.7600 56
7.7920 7.8560 57
7.8880 8.0160 58
8.2080 8.4320 65
8.6880 8.8800 63
9.2000 9.4560 63
9.4880 9.4880 61
9.7120 9.8400 63
9.8720 9.9360 64
9.9680 10.0960 65
10.1280 10.4160 63
10.4480 10.6400 65
10.6720 10.8640 63
10.8960 11.0240 61
11.0560 11.0880 60
11.1200 11.2800 58
11.4080 11.6000 56
11.6320 11.7600 58
11.7920 12.0800 59
12.1120 12.1120 61
12.1440 12.1760 64
12.2080 12.3360 65
12.5280 12.5920 64
12.6240 13.1680 63
13.3600 13.4880 61
13.5200 14.2560 63
14.2880 14.4480 65
14.4800 14.6720 63
14.7040 14.8000 61
14.8320 14.8960 60
14.9280 15.1520 58
15.1840 15.2160 56
15.2480 15.2800 55
15.3120 15.3760 54
15.4080 15.4400 57
15.4720 15.9520 58
15.9840 16.0800 61
16.3360 16.4000 67
16.4320 16.5600 69
16.5920 17.2000 70
17.2320 17.2960 68
17.3280 17.3600 66
17.3920 17.5200 65
17.5520 17.8080 66
18.0960 18.0960 61
18.1280 18.1280 63
18.1600 18.3200 65
18.3520 18.5440 63
18.5760 18.6400 60
18.6720 18.7360 61
18.7680 18.9920 58
19.0240 19.0880 56
19.2480 19.7600 58
19.7920 19.9520 61
20.2080 20.3360 69
20.3680 21.1680 70
21.2000 21.9360 69
21.9680 22.0960 70
23.0880 23.2160 57
23.3760 23.5040 58
23.5360 23.6320 63
23.6640 23.8240 65
24.1120 24.2080 63
24.3680 24.7200 63
25.0080 25.0720 64
25.1040 25.5840 63
25.9680 26.0960 63
26.1280 26.1600 62
26.1920 26.4160 61
26.4480 26.4480 59
26.4800 26.6080 57
26.9920 27.1200 58
27.1520 27.3120 60
27.3760 27.4400 61
27.4720 27.5040 64
27.5360 27.8880 65
27.9200 28.0800 64
28.1120 28.1760 63
28.2080 28.2400 62
28.2720 28.3680 61
28.4000 28.4640 63
28.8480 29.2000 63
29.3600 29.5840 63
29.6160 29.6480 64
29.6800 29.7760 65
29.8080 29.9680 63
30.1280 30.2560 60
30.2880 30.3200 59
30.3520 30.4480 57
30.4800 30.5120 56
30.5440 30.6720 55
30.9280 31.0880 58
31.1200 31.1520 57
31.1840 31.2160 56
31.2480 31.3120 58
31.3440 31.6320 61
31.6640 31.7280 62
31.7600 31.8240 66
31.8560 31.9200 69
31.9520 32.4960 70
32.5280 32.6240 69
32.6560 32.9440 66
32.9760 33.0720 65
33.4240 33.4240 59
33.4560 33.4560 62
33.4880 33.6480 65
33.6800 33.8080 63
33.9680 34.1280 61
34.1600 34.1600 59
34.1920 34.3200 57
34.3520 34.5120 55
34.7040 34.8640 59
34.8960 34.9600 58
34.9920 35.0240 57
35.0560 35.1200 59
35.1520 35.3760 61
35.5680 35.6320 67
35.6640 36.5600 70
36.5920 37.3600 69
38.2240 38.3200 57
38.4480 38.4800 57
38.5120 38.6080 58
38.8000 39.7600 58
39.8880 40.2400 58
40.4000 40.4320 57
40.4640 40.5280 58
40.6560 41.4560 58
41.6480 41.7760 57
41.8080 42.1920 58
42.3200 42.3520 59
42.3840 42.4160 60
42.4480 42.8640 61
43.0240 43.1840 61
43.2160 43.3440 62
43.3760 43.8560 61
43.8880 44.0160 62
44.0480 44.1120 61
44.3680 44.6240 60
44.6560 44.7200 61
44.8800 45.5200 60
45.5520 45.6800 61
45.7120 45.9040 60
45.9360 46.0320 59
46.0640 46.1600 56
46.1920 46.2880 57
46.3200 46.9920 58
47.1520 47.1840 57
47.2160 47.9520 58
47.9840 48.0480 56
48.0800 48.1440 58
48.3680 48.4320 58
48.4640 48.5280 56
48.5600 48.8800 58
48.9120 49.0080 56
49.0400 49.9040 58
49.9360 50.0320 56
50.2880 50.4480 61
50.6720 50.8320 61
50.8640 50.8640 58
50.8960 50.9600 56
50.9920 51.7600 61
51.8880 52.8800 60
54.8320 55.2480 70
55.2800 55.3440 69
56.0480 56.2080 73
56.2400 56.4960 72
56.5280 56.5280 69
56.8480 57.1360 61
57.1680 57.3280 60
57.4560 58.1920 70
58.2240 58.4800 72
58.5120 58.6080 73
59.3760 59.8240 72
60.0160 60.5280 69
62.0000 62.4160 70
62.4480 62.4480 68
62.5440 62.5440 68
62.5760 63.0240 70
63.7280 63.7920 72
63.9200 64.1760 72
64.4000 65.1040 72
65.1360 65.9040 70
65.9360 66.1280 73
66.1600 66.2560 72
67.0880 67.2160 72
67.4720 67.6000 72
67.6320 68.0480 69
69.3280 69.7120 63
69.7440 69.8400 64
70.0320 70.0960 65
70.2880 70.7680 65
71.0240 71.2480 63
71.3760 71.4720 62
71.7280 71.7280 58
71.7600 71.8240 63
71.8560 71.9200 62
72.1120 72.1760 63
72.3040 72.4960 62
72.5280 72.7200 63
72.7840 73.0080 61
73.0400 73.4880 63
73.5200 73.7120 64
73.7440 74.1600 65
74.1920 74.3840 66
74.4160 74.5120 63
74.7360 75.1840 63
75.2160 75.4080 62
75.4400 75.6640 63
75.6960 75.8880 62
75.9200 76.1760 63
76.2080 76.2080 61
76.4000 76.5920 63
76.7200 76.8160 61
77.8400 78.3200 70
79.2800 79.5040 72
79.7920 80.1760 61
80.2080 80.2720 60
80.4960 81.2320 70
81.2640 81.3280 72
81.3600 81.5520 73
82.4160 82.8320 72
83.0560 83.5040 69
84.5280 84.6240 57
84.6560 84.8160 58
85.0400 85.0720 64
85.1040 85.2640 65
85.5200 85.9040 63
86.0320 86.2560 63
86.2880 86.3200 60
86.4800 86.5440 62
86.5760 86.7360 63
86.7680 86.9600 62
86.9920 87.2160 63
87.2480 87.4400 65
87.4720 87.5680 63
87.6000 87.7600 61
87.7920 87.7920 57
87.8240 87.8880 55
87.9200 88.0160 57
88.2080 88.2720 56
88.4000 88.7840 58
88.9120 88.9120 60
88.9440 88.9760 63
89.0080 89.2640 65
89.2960 89.5840 63
89.6160 89.6480 61
89.6800 89.7760 57
89.8080 89.9360 63
90.0960 90.1920 59
90.2880 90.2880 58
90.3200 91.0880 63
91.3120 91.4720 63
91.5040 91.6320 60
91.7600 91.9520 58
91.9840 92.2080 55
92.2400 92.4000 57
92.4320 92.5920 58
92.6240 92.7200 56
92.7520 92.7520 58
92.7840 92.9440 61
93.1680 93.2000 69
93.2320 93.8400 70
93.8720 93.9680 69
94.0000 94.0640 68
94.0960 94.5120 65
94.5440 94.5440 63
94.8960 94.9280 62
95.1200 95.1520 64
95.1840 95.3120 63
95.3440 95.5040 61
95.5360 95.6960 58
95.8560 95.9200 56
96.0480 96.4000 58
96.4320 96.5280 57
96.5600 96.5920 60
96.6240 96.7520 61
97.0400 97.0720 68
97.1040 97.1360 69
97.1680 98.0000 70
98.0320 98.4160 69
98.4480 98.5440 67
98.5760 98.6400 70
98.6720 98.9600 71
98.9920 98.9920 69
99.6640 99.7280 58
99.9200 100.0800 57
100.2400 101.1680 58
101.2000 101.3600 56
101.3920 101.7120 58
101.8400 102.6400 58
102.7680 103.1200 58
103.2480 103.6320 58
104.0800 104.2720 61
104.4320 104.5280 60
104.5600 104.6880 56
104.7200 104.7200 58
104.7520 105.0720 61
105.1040 105.2320 59
105.2640 105.2960 60
105.3280 105.5520 61
105.6800 105.8080 60
105.8400 106.1280 61
106.3520 106.9920 60
107.0240 107.0560 59
107.3760 107.5040 61
107.5360 107.6000 60
107.6320 107.6640 59
107.6960 107.7280 58
107.9200 108.0160 58
108.0480 108.0800 57
108.2080 108.4640 58
108.6560 109.4240 61
109.4560 109.4880 60
109.5200 109.5840 59
109.6160 109.8400 58
109.8720 110.0000 57
110.0320 110.1600 59
110.1920 110.3200 58
110.4800 110.5120 59
110.5440 110.6400 61
110.7680 110.9920 61
111.1200 111.3120 61
111.3440 111.4080 59
111.4400 111.6000 61
111.6320 112.0480 60
112.0800 112.3680 61
112.6240 112.6880 59
112.7200 112.7840 61
112.8160 112.9120 60
112.9440 113.0720 61
113.1040 113.2960 60
113.3280 113.6800 61
113.7120 113.9360 60
114.2560 114.8000 58
114.8320 114.8320 56
116.3360 116.6880 70
117.4880 117.5840 73
117.6160 117.6480 72
117.7440 117.9040 72
118.0000 118.1600 69
118.1920 118.3200 73
118.6720 118.8000 72
118.8320 118.9600 71
118.9920 119.6320 70
119.6640 119.9840 72
120.8160 120.8800 73
120.9120 121.2960 72
121.4560 121.8400 69
124.0160 124.3040 70
124.3360 124.4960 69
124.9760 125.0080 72
125.1680 125.6160 72
125.7440 125.7440 71
125.7760 125.8400 73
125.8720 126.0000 72
126.1600 126.4800 72
126.5760 127.2800 70
127.3120 127.3440 71
127.3760 127.4080 72
127.4400 127.6960 73
128.6240 128.6240 72
128.9120 129.0400 72
129.2000 129.6160 69
130.7040 131.0560 63
131.0880 131.3440 64
131.4080 132.3680 65
132.4000 132.4000 63
132.4960 132.7200 63
132.7520 132.9120 62
133.0400 133.2960 51
133.5520 133.6160 63
133.7440 133.8400 61
133.8720 133.9360 62
133.9680 134.1280 63
134.1920 134.2240 62
134.2560 134.4160 61
134.4480 134.4800 62
134.5120 134.9280 63
134.9600 135.1520 64
135.1840 135.7920 65
135.8240 135.9200 63
136.1760 136.5920 63
136.6880 136.8480 62
136.8800 137.1040 63
137.1360 137.2640 62
137.4240 137.6160 63
137.6480 137.6480 61
137.8400 138.0320 63
138.1600 138.2880 61
139.3120 139.7600 70
139.7920 139.9520 69
140.4640 140.6240 61
140.6560 140.8160 60
141.2320 141.5520 61
141.7120 141.8400 72
141.9680 142.1600 70
142.2240 142.6720 70
142.7040 142.8320 72
142.8640 142.9600 73
143.8560 144.0160 72
144.0800 144.2720 72
144.4640 144.9120 69
146.0000 146.2560 58
146.2880 146.3520 61
146.3840 146.4160 62
146.4480 146.5120 64
146.5440 146.6720 65
146.8000 146.8640 62
146.8960 147.1520 63
147.4080 147.6000 63
147.9200 148.1120 63
148.4000 148.5600 63
148.8800 149.1040 63
149.1360 149.2320 62
149.3600 149.5520 58
149.5840 149.6800 56
149.8400 150.1920 58
150.3200 150.3200 60
150.3520 150.3840 63
150.4160 150.5760 65
150.8000 150.8960 63
150.9280 150.9920 64
151.2800 151.4080 63
151.7280 151.7600 62
151.7920 151.9840 63
152.2400 152.2720 63
152.3040 152.3680 64
152.5280 152.5920 66
152.7520 152.9440 63
152.9760 153.0400 61
153.0720 153.1360 60
153.1680 153.3280 58
153.3600 153.5520 57
153.6800 153.7120 57
153.7440 153.9040 58
153.9360 154.0000 59
154.0320 154.1600 57
154.1920 154.3520 61
154.6400 154.7360 69
154.7680 155.3120 70
155.3440 155.4080 69
155.4400 155.5040 68
155.5360 155.7920 65
155.8240 155.9200 66
155.9520 156.0160 67
156.3040 156.3040 62
156.3360 156.4960 64
156.5280 156.7520 63
156.7840 156.9760 61
157.0080 157.2000 58
157.2320 157.2960 57
157.3280 157.3600 56
157.5200 157.8400 58
157.8720 157.9680 55
158.0000 158.0000 58
158.0320 158.0960 60
158.1280 158.2240 61
158.4800 158.5120 68
158.5440 158.6080 69
158.6400 159.4400 70
159.4720 159.8240 69
159.8560 159.9840 67
160.0160 160.2080 68
161.0720 161.4240 60
161.6480 162.2560 58
162.4480 163.2160 61
163.2480 164.0800 58
164.2080 164.2720 58
164.3040 164.4000 61
164.5280 164.6880 61
164.8800 165.5840 61
165.6160 166.1280 60
166.3840 166.6720 60
166.7040 167.3440 61
167.3760 167.7280 60
167.9840 167.9840 56
168.0160 168.5600 58
168.5920 168.7840 57
168.8160 168.9120 58
180.1440 180.5600 70
180.5920 180.7200 69
181.0400 181.0720 72
181.1040 181.1680 73
181.2960 181.4240 72
181.5200 181.5520 72
181.5840 181.6800 71
181.8400 181.9040 69
182.4160 182.5760 72
182.6080 182.8000 71
182.8320 183.4400 70
183.4720 183.7600 72
183.7920 183.8560 73
184.1760 184.6560 66
184.6880 185.0720 72
185.2640 185.5520 69
185.5840 185.6480 63
185.6800 185.7760 62
186.0640 186.1280 62
187.7280 187.7600 67
187.7920 188.2080 70
188.2400 188.3360 69
188.6560 188.7840 73
189.1680 189.4240 72
189.4560 189.5520 69
189.8720 190.0000 61
190.3200 190.3840 65
190.4160 191.0240 70
191.0560 191.1200 71
191.1520 191.2160 72
191.2480 191.5040 73
191.9200 192.2720 66
193.0080 193.2960 69
193.7760 193.8080 74
193.8400 194.2560 75
194.5120 194.9600 63
194.9920 195.1200 64
195.2800 195.7280 65
195.7600 195.9520 66
195.9840 196.1760 65
196.2080 196.5280 63
196.7200 196.7520 60
196.9120 196.9440 58
196.9760 197.1040 63
197.1360 197.1360 61
197.3280 197.4240 63
197.5520 197.7440 62
197.7760 197.9360 63
198.0000 198.1600 62
198.1920 198.2880 61
198.3200 198.8000 63
198.8320 198.9600 64
198.9920 199.5360 65
199.5680 199.6640 64
199.6960 199.7280 63
199.7600 199.7920 62
199.8240 199.8560 61
199.9840 200.4000 63
200.4320 200.5280 61
200.5600 200.6560 62
200.6880 200.9120 63
200.9440 201.1360 62
201.1680 201.3920 63
201.4240 201.5200 62
201.6800 201.8400 63
201.8720 201.9680 62
202.0000 202.1280 61
203.1520 203.6000 70
203.6320 203.7600 69
203.8240 203.8240 69
204.2400 204.4960 61
204.5280 204.7200 60
204.8480 204.9120 58
205.1360 205.3600 61
205.5200 205.6160 72
205.6480 206.4800 70
206.5120 206.8320 72
207.2160 207.3760 61
207.6640 208.2400 72
208.2720 208.5920 69
208.6880 208.6880 62
208.7520 209.7440 63
