1.1360 1.2320 59
1.3600 1.4560 58
1.6480 1.7120 58
1.8720 1.9680 56
2.1920 2.4800 56
2.7040 2.7680 58
2.8000 2.9920 59
3.1200 3.1840 59
3.3440 3.4080 58
3.6000 3.6960 58
3.8560 3.9520 56
4.0800 4.4000 56
6.1920 6.3200 56
6.3520 6.4480 57
6.4800 7.0880 58
8.8800 9.2000 60
9.3920 9.6480 59
10.7040 10.7680 58
10.8000 10.9920 59
11.0240 11.2160 60
11.3760 11.5040 59
11.6960 11.7600 58
11.7920 11.8880 57
11.9200 12.1120 56
12.3040 12.4640 56
14.4480 14.7680 59
15.5040 15.6000 62
15.7280 15.8560 63
15.8880 15.9200 64
15.9520 15.9840 65
16.0160 16.0480 66
16.0800 16.1440 67
16.1760 16.9440 68
17.7120 17.7760 65
17.9680 18.0000 67
18.0320 18.0960 68
18.1280 18.1600 69
18.1920 18.8960 70
19.6640 19.7920 68
19.9200 20.2080 70
20.2400 20.3680 71
20.4000 20.4320 68
20.4640 20.4960 67
20.7200 21.3600 63
21.3920 21.3920 65
21.4240 21.4560 69
21.4880 21.5840 70
21.6160 21.7760 69
21.9680 22.6720 70
23.7600 23.8880 63
23.9200 23.9520 66
23.9840 24.0800 67
24.1120 24.9120 68
25.9360 26.0640 68
26.0960 26.1280 69
26.1600 26.9600 70
27.4400 27.5680 68
27.9200 28.2080 70
28.2400 28.4000 71
28.4320 28.4960 69
28.6880 30.6080 70
33.6800 33.8080 63
33.8400 33.9680 65
34.0000 34.6400 63
35.4400 35.6000 60
35.6640 35.6960 61
35.7280 35.9200 62
36.0800 36.3680 62
36.4000 36.4960 60
36.5280 36.5920 58
36.6240 37.2000 57
37.6800 37.7440 58
37.7760 37.9040 59
37.9360 38.0000 58
38.0640 38.6400 58
39.4080 39.6640 59
40.4320 40.6880 55
40.8160 41.1680 55
41.2000 41.3280 56
41.3600 41.4880 57
41.6800 42.4160 63
42.4480 42.7040 62
43.3760 43.5040 60
43.6640 43.7920 61
43.8880 43.8880 61
44.0800 44.1120 61
44.1440 44.3360 63
44.3680 44.4000 61
44.4320 44.5280 59
44.5600 44.6240 57
44.6560 45.2640 56
45.4240 45.5200 57
45.6800 45.7760 58
45.9680 46.1920 57
46.2240 46.7040 58
47.4080 47.4400 70
47.4720 47.5680 71
47.6960 48.1120 65
48.1440 48.3360 63
48.3680 48.8160 65
48.8480 49.0720 67
49.2000 49.2960 67
49.3280 49.6480 68
49.6800 49.7760 75
49.8080 49.9360 77
50.0960 50.6080 75
51.4080 51.6320 72
51.6640 51.7920 73
51.8240 51.8880 72
52.0800 52.1440 73
52.1760 52.3360 75
52.3680 52.5280 72
52.5600 52.5920 70
52.6240 52.8800 68
52.9120 52.9760 67
53.1360 53.2640 68
53.3920 53.6480 68
53.6800 53.7760 70
53.8080 53.8720 72
54.0000 54.1280 68
54.1600 54.2240 69
54.2560 54.8640 70
55.4080 55.4720 70
55.5040 55.6000 72
55.6320 55.6320 69
55.6640 55.6640 67
55.6960 56.1440 65
56.1760 56.3040 63
56.3360 56.7840 65
56.8160 57.2640 67
57.2960 57.5200 68
57.6800 57.7760 75
57.8080 57.9040 77
58.1280 58.3520 75
58.5760 58.6720 75
59.3440 59.4720 72
59.6320 59.9520 72
60.0800 60.1440 72
60.1760 60.3360 75
60.3680 60.5600 71
60.6880 61.1040 68
61.4240 61.5200 68
61.6800 61.7760 70
61.8080 61.8720 72
62.0000 62.1920 68
62.2240 63.0880 70
63.4080 63.4720 70
63.5040 63.5680 72
63.6000 63.7920 68
63.8880 64.1440 65
64.1760 64.3040 63
64.3360 64.8160 65
64.8480 65.0080 62
65.0400 65.1040 60
65.1360 65.1680 59
65.2000 65.8400 58
65.8720 66.1280 56
66.2560 66.3520 63
66.5120 67.1520 63
68.1760 68.3040 63
68.3360 68.8480 65
68.8800 68.9440 63
68.9760 69.1360 60
69.1680 69.8720 58
70.0960 70.1280 68
70.1600 70.1920 71
70.2240 70.7360 75
70.8320 71.0560 75
71.3760 71.5680 71
71.6000 71.6000 67
71.6960 71.8240 68
71.8560 72.1120 65
72.1440 72.3040 64
72.3360 72.8480 65
72.8800 72.8800 63
72.9760 72.9760 61
73.1680 73.9040 58
73.9360 74.0960 56
74.1600 74.1920 58
74.2240 74.3200 62
74.5120 74.7360 63
74.8000 75.0240 63
75.3120 75.4080 71
75.4400 75.7280 72
75.7600 75.8560 74
75.8880 75.9200 72
76.0800 76.1760 73
76.2080 76.3040 75
76.3360 76.4640 72
76.4960 76.5600 70
76.5920 76.9440 68
77.3600 77.5200 68
77.6480 77.7440 70
77.7760 77.8400 72
77.9680 78.1280 68
78.1600 79.2800 70
79.6640 79.7600 68
79.7920 79.8240 67
80.8160 80.9120 60
81.0720 81.1680 60
81.2960 81.6160 58
81.6480 81.6800 57
81.7120 82.4480 56
82.6400 82.7360 58
82.7680 82.8320 59
82.8640 82.9600 60
83.0880 83.1520 60
83.2800 83.5680 58
83.8240 83.9840 56
84.6560 84.7200 56
85.5200 85.8400 56
85.9680 86.0320 58
86.0960 86.0960 59
86.4480 86.8960 59
88.6240 88.9120 67
89.1360 89.1360 65
89.2320 89.2640 66
89.2960 89.4240 67
89.4560 89.4880 65
89.5520 89.6160 65
89.6480 89.6800 64
89.7120 90.1280 63
90.2560 90.4800 60
90.7680 90.9600 59
90.9920 91.0240 60
91.0560 91.1520 61
91.3760 91.4400 57
91.6640 92.1760 56
92.3040 92.5600 56
93.6480 93.7440 56
93.8720 93.9040 58
93.9360 94.0000 59
94.0320 94.0640 60
94.2560 94.3840 58
94.4480 94.6720 58
94.7040 94.8640 59
94.8960 94.9600 60
95.4080 95.4400 70
95.4720 95.5360 71
95.6640 96.0160 65
96.1440 96.3040 63
96.3360 96.7840 65
96.8160 97.2960 67
97.3280 97.5520 68
97.6800 97.7440 75
97.7760 97.9360 77
97.9680 98.6400 75
99.3760 99.5680 72
99.6000 99.6960 73
99.7280 99.7920 75
99.8240 99.9200 72
100.1120 100.1760 74
100.2080 100.3040 75
100.3360 100.4960 72
100.5280 100.5600 70
100.5920 101.3920 68
101.6480 101.7120 70
101.7440 101.8400 71
101.8720 102.0960 68
102.1280 102.8000 70
103.3440 103.4400 70
103.4720 103.5680 72
103.6000 103.6000 67
103.6320 104.0800 65
104.1120 104.2080 64
104.2400 104.7520 65
104.7840 105.2000 67
105.2320 105.4560 68
105.6160 105.7120 75
105.7440 105.8720 77
106.0000 106.5760 75
107.3760 107.5040 72
107.6320 107.6960 73
107.7280 107.7920 75
107.8240 107.9200 72
108.0480 108.1440 73
108.1760 108.2720 75
108.3040 108.3680 74
108.4000 108.4960 72
108.5280 108.5920 70
108.6240 109.4880 68
109.6160 109.7120 70
109.7440 109.8400 72
109.8720 110.1280 68
110.1600 111.1200 70
111.3760 111.3760 68
111.4080 111.4400 70
111.4720 111.5360 71
111.6640 112.0160 65
112.1440 112.3040 63
112.3360 112.7520 65
112.7840 113.2320 67
113.2640 113.4880 68
113.6160 113.7440 75
113.7760 113.9040 77
113.9360 114.0960 75
114.2880 114.5120 75
115.3440 115.6960 72
115.7280 115.7600 74
115.7920 115.8880 72
116.0160 116.0800 72
116.1120 116.2720 75
116.3040 116.3360 72
116.3680 116.4320 71
116.4640 116.5280 70
116.5600 116.6240 68
116.6560 116.7840 67
117.1680 117.2320 68
117.3600 117.5840 68
117.6160 117.6800 70
117.7120 117.8080 71
117.9680 118.0640 68
118.0960 118.3520 69
118.3840 118.7360 70
119.3760 119.4080 70
119.4400 119.5680 71
119.6000 119.6320 67
119.6640 120.0800 65
120.1120 120.2400 63
120.2720 120.7520 65
120.7840 121.2320 67
121.2640 121.3600 68
121.6480 121.7120 63
121.7440 121.8400 65
122.0320 122.6080 63
123.3440 123.4720 72
123.6000 123.6960 72
123.7280 123.8240 74
123.8560 124.0480 72
124.0800 124.1440 73
124.1760 124.3040 75
124.3360 124.3680 73
124.4000 124.4640 71
124.4960 124.5280 70
124.5600 124.6240 69
124.6880 125.0400 69
125.3600 125.4880 68
125.6160 125.6800 70
125.7120 125.8400 71
125.8720 126.0960 68
126.1280 127.0560 70
127.6320 127.7280 68
127.7600 127.8240 67
132.8480 132.9440 74
132.9760 133.0080 72
133.2640 133.3280 70
133.7120 133.7760 70
134.0000 134.1280 69
135.3120 135.5040 62
135.7920 135.8240 66
135.8560 136.0160 67
136.0480 137.1360 68
137.1680 137.2640 69
137.2960 137.7440 70
137.7760 137.8400 69
137.8720 138.0320 68
138.0640 139.0560 70
139.5680 139.7920 68
139.8240 140.1760 70
140.2080 140.2720 72
140.3040 140.3360 68
140.6240 141.0080 63
141.2960 141.3920 70
141.4240 141.5520 71
141.5840 141.7440 69
141.7760 142.8960 70
143.9200 144.0160 55
144.0480 144.8160 56
145.1040 145.2000 57
145.2320 145.8400 58
145.8720 145.9680 56
146.0000 146.1280 57
146.2880 146.3200 63
146.4160 146.5440 63
146.6720 147.0560 63
147.3120 147.6320 68
147.8240 148.1760 70
148.2080 148.3360 71
148.3680 148.4000 68
148.6240 150.3200 63
150.3520 150.3840 69
150.4160 151.0880 70
151.1840 151.1840 70
151.2480 151.3760 69
151.4080 151.5360 72
151.5680 151.5680 70
151.6320 151.6320 67
151.6640 151.9840 65
152.1120 152.2720 63
152.3040 152.7840 65
152.8160 153.2000 67
153.2320 153.5200 68
153.5840 153.5840 72
153.6160 153.7120 75
153.7440 153.8720 77
154.0320 154.6080 75
155.3440 155.4720 72
155.6000 155.6320 73
155.6640 155.7600 74
155.7920 155.8240 72
156.0160 156.0480 72
156.0800 156.2720 75
156.3040 156.3360 72
156.3680 156.4320 71
156.4640 156.4960 70
156.5280 156.9760 68
157.1360 157.5840 68
157.6160 157.6800 70
157.7120 157.8080 72
157.9360 158.0640 68
158.0960 158.7680 70
159.3440 159.3760 70
159.4080 159.5360 71
159.5680 159.5680 67
159.6000 160.0480 65
160.0800 160.2400 63
160.2720 160.7200 65
160.7520 161.2000 67
161.2320 161.4560 68
161.7120 161.8400 65
162.0640 162.0640 62
162.1280 162.1600 62
162.2560 162.6400 63
163.3120 163.4400 72
163.6320 163.6640 73
163.7280 163.8880 72
164.0160 164.0800 72
164.1120 164.2400 75
164.2720 164.4000 71
164.4320 164.4960 70
164.5280 164.5920 68
164.6880 165.0400 68
165.2640 165.4240 68
165.6160 165.6800 70
165.7120 165.8080 72
165.9360 166.0960 68
166.1280 167.0560 70
167.3120 167.4080 70
167.4400 167.5040 72
167.5360 167.7600 68
167.7920 168.8160 65
168.8480 168.9760 62
169.0080 169.1360 59
169.1680 169.8080 58
169.8400 170.1600 57
170.1920 170.2880 62
170.4800 171.1840 63
172.1120 172.2720 63
172.3040 172.7840 65
172.8160 172.8480 63
172.9120 173.0720 60
173.1040 173.8080 58
173.8400 174.0960 56
174.2240 174.2880 63
174.4800 174.5760 63
174.7680 174.9920 63
175.3440 175.4080 70
175.4400 175.5040 72
175.5360 175.5360 68
175.6320 175.7600 68
175.7920 176.0800 65
176.1120 176.2400 63
176.2720 176.7840 65
176.8160 176.8800 63
176.9120 177.0400 61
177.0720 178.0960 58
178.1280 178.2560 62
178.4480 178.5440 63
178.7680 178.9600 63
179.2160 179.8560 72
180.0160 180.1120 73
180.1440 180.2400 75
180.2720 180.4000 72
180.4320 180.4960 70
180.5280 181.0720 68
181.2640 181.5200 68
181.5520 181.6480 70
181.6800 181.7760 72
181.9040 182.0320 68
182.0640 183.4400 70
183.5680 183.6960 68
184.5280 184.7520 58
184.9760 185.1360 60
185.1680 185.2960 58
185.4560 185.5200 58
185.7120 185.7760 56
185.9680 186.1280 56
186.6400 186.8320 58
186.8640 187.2160 59
187.2480 187.3760 58
187.6000 187.7280 57
187.7600 187.8240 56
188.0160 188.4320 56
189.5840 189.7120 56
190.0640 190.1600 56
190.1920 190.3200 57
190.3520 191.1200 58
191.3440 191.4080 58
