12.3680 12.4320 62
14.9600 15.0560 67
17.1360 17.1680 73
17.2000 17.7440 75
17.7760 18.1920 72
20.0800 20.6560 62
22.5760 22.8960 62
22.9280 23.2800 64
23.5040 23.7280 62
23.7600 24.1120 64
24.1440 24.4000 62
24.9760 25.2000 66
25.3600 25.6800 67
25.7120 25.7760 65
25.9680 26.2880 64
26.3200 26.4480 67
26.5760 26.8320 69
26.8640 27.0240 71
27.1840 27.2800 67
27.3120 27.7600 69
27.7920 28.0800 67
29.3600 29.8400 62
29.9680 30.0960 65
30.2560 30.6400 69
30.6720 30.8960 71
30.9280 31.2160 69
32.0480 32.2080 69
32.4000 32.5600 71
32.5920 32.8800 66
33.0080 33.2000 66
33.2320 33.4560 62
33.4880 33.7760 63
33.9040 34.1600 62
34.4800 34.7040 59
34.8320 35.0240 59
35.2160 35.3440 59
35.5040 35.5680 59
35.6000 35.6960 60
35.7280 35.7600 61
35.7920 36.1760 62
36.9760 37.8080 59
37.9360 38.0640 60
38.0960 38.1280 61
38.1600 38.3200 62
38.5120 38.5440 62
38.5760 38.6400 63
38.6720 38.8320 64
38.8640 38.8960 63
38.9280 39.4080 62
39.6320 40.2400 62
40.3680 40.5280 62
40.5600 40.6880 61
40.7200 40.7840 62
42.1280 42.5120 62
43.1840 43.2480 62
43.2800 43.3440 63
43.3760 43.7920 64
43.8240 44.0160 62
44.1120 44.2080 68
44.2400 44.4320 70
44.4640 44.5920 69
44.6240 44.6560 67
44.6880 44.7840 66
44.8160 45.3280 67
45.3600 45.5200 65
45.5520 45.8720 64
45.9040 46.0640 66
46.1920 46.3200 69
46.4480 46.4480 69
46.4800 46.6400 71
46.6720 46.7040 70
46.7360 46.9280 68
46.9600 47.4720 69
47.5040 47.6640 67
48.0160 48.1760 68
48.2080 48.4960 69
48.6240 48.7840 67
49.2320 49.4560 62
49.4880 49.6160 61
49.6480 49.6480 64
49.6800 49.8400 67
49.8720 50.1600 69
50.1920 50.2560 71
50.2880 50.3200 69
50.3520 50.6400 67
50.6720 50.8320 68
50.8640 50.9600 69
51.0880 51.1520 69
51.1840 51.6960 68
51.7280 51.9200 69
52.0480 52.1440 69
52.1760 52.7840 66
52.8160 52.9120 63
52.9440 53.0080 64
53.0400 53.3280 67
53.3600 53.4880 66
53.5200 53.5520 64
53.7440 53.7760 67
53.8080 53.9680 68
54.1600 54.5440 59
54.5760 54.7360 60
54.7680 55.1840 59
55.2160 55.3440 60
55.6640 55.7600 64
55.7920 55.9520 65
56.7520 57.6480 62
57.6800 57.8400 65
57.8720 58.1920 67
58.2240 58.9280 69
61.5520 62.0000 62
62.0320 62.3840 63
62.4160 62.7680 64
62.8000 63.0240 65
63.0560 63.4080 67
63.5680 63.7600 64
64.0160 64.4640 62
64.4960 64.5600 63
64.5920 65.0080 64
65.1680 65.6480 67
65.6800 66.4160 64
66.7040 66.8320 65
66.8640 67.3760 67
67.4080 67.8560 64
67.8880 68.0160 62
68.0480 68.2080 67
68.2400 68.4640 69
68.4960 68.6880 71
68.8480 68.8800 67
68.9120 69.2640 69
69.4240 69.4880 66
69.5200 69.5840 65
69.6160 69.8400 64
70.0640 70.1600 69
70.1920 70.4160 70
70.4480 70.9920 69
71.0240 71.1840 67
71.4080 72.2080 67
72.2400 72.5920 69
73.3280 73.5200 69
73.7760 74.3200 67
74.3520 74.7360 69
74.9600 75.5360 71
75.5680 75.9200 69
76.5280 77.4560 71
77.4880 77.8400 69
77.8720 78.0640 71
78.0960 78.4480 69
78.6400 78.8960 65
78.9280 78.9600 63
78.9920 79.2160 62
79.2480 79.4400 61
79.4720 79.5680 60
79.8560 80.3040 60
80.3360 80.5280 62
81.2320 81.9040 62
81.9360 82.0000 63
82.0320 82.5760 64
82.6080 82.6400 66
82.6720 83.0560 67
83.0880 83.0880 65
83.1840 83.3120 65
83.5680 84.1120 62
84.1440 84.5600 64
84.7200 85.2000 67
85.2320 85.3920 65
85.4240 85.6160 64
86.2880 86.4160 65
86.4480 86.9920 67
87.0240 87.0560 65
87.0880 87.3760 64
87.4080 87.4400 65
87.4720 87.7600 67
87.7920 88.1120 69
88.1440 88.3040 71
88.3360 88.5600 68
88.5920 88.9120 69
88.9440 89.0720 67
89.1040 89.1680 65
89.2000 89.4240 64
89.6800 89.7760 68
89.8080 89.8720 64
89.9040 89.9680 62
90.2560 90.2880 66
90.3200 90.3840 67
90.4160 90.5120 69
90.5440 91.7600 67
91.7920 92.1760 69
92.3040 92.7840 59
92.9440 93.1360 69
93.3600 93.9040 67
93.9360 94.5120 69
94.5440 95.0880 71
95.1200 95.2160 70
95.2480 95.5680 69
96.0800 96.1120 69
96.1440 96.9120 71
96.9440 97.1680 69
97.2960 97.3280 69
97.3600 97.6160 70
97.6480 98.1280 69
98.1600 98.4480 64
98.4800 98.5120 63
98.5440 98.8960 62
99.0560 99.1200 62
99.4400 100.3040 62
100.3360 100.3360 64
100.3680 100.4320 67
100.4640 100.8480 69
100.8800 101.8400 67
104.4000 104.4640 70
127.8560 128.0800 63
128.1120 128.4640 62
128.4960 128.5280 63
128.5600 129.1360 64
129.1680 129.4880 67
129.6800 129.8720 64
130.0960 130.6400 62
130.6720 131.1200 64
131.1520 131.2160 63
131.2480 131.8560 67
131.8880 132.3040 64
132.7200 132.7840 66
132.8160 132.9440 65
132.9760 133.4880 67
133.5200 133.8720 64
133.9040 133.9680 63
134.0000 134.0960 61
134.1280 134.1280 65
134.1600 134.3200 67
134.3520 134.6080 69
134.6400 134.8000 71
134.9920 135.0880 67
135.1200 135.4400 69
135.5680 135.6320 66
135.6640 135.7600 65
135.7920 135.9840 64
136.2080 136.3040 64
137.6480 138.2880 67
138.3200 138.7040 69
138.7360 138.8640 62
138.8960 139.2480 59
139.4400 139.6640 69
139.8880 140.3680 67
140.4960 141.0400 69
141.0720 141.6800 71
141.7120 141.9360 69
142.6400 143.5680 71
143.6000 143.9520 69
143.9840 144.0800 71
144.1120 144.5600 69
144.7520 145.0080 65
145.0400 145.3600 62
145.6160 145.7120 61
145.9040 146.0960 64
146.2560 146.4160 67
146.5440 146.6080 69
146.6400 146.7680 65
147.1200 147.2480 68
147.2800 148.1120 62
148.1440 148.6560 64
148.8160 149.1040 67
149.2960 149.4560 65
149.7120 150.2560 62
150.2880 150.7360 64
150.8640 151.4080 67
151.4400 151.5680 65
151.6000 151.8880 64
151.9200 152.2080 65
152.4640 152.5600 65
152.5920 153.1360 67
153.1680 153.5840 65
153.6160 153.9040 67
153.9360 154.2560 69
154.2880 154.4800 71
154.5120 154.7040 68
154.7360 155.0240 69
155.0560 155.2160 67
155.2480 155.7600 64
155.8560 156.0480 64
156.4320 156.5920 68
156.7200 157.9040 67
157.9360 158.3520 69
158.5440 158.9280 71
159.0560 159.2800 69
159.5040 160.0480 67
160.0800 160.5600 69
160.6880 161.2640 71
161.2960 161.3920 70
161.4240 161.7440 69
162.2240 162.2560 69
162.2880 163.0560 71
163.0880 163.5360 69
163.5680 163.6640 71
163.6960 163.8560 70
163.8880 164.3040 69
164.3360 164.5920 64
164.6240 165.0400 62
165.6160 166.4800 62
166.5120 166.9920 69
167.0240 167.9200 67
167.9520 168.1440 65
168.3680 168.7200 67
168.9120 169.0720 64
169.2960 169.8400 62
169.8720 170.3520 64
170.5120 171.0240 67
171.0560 171.3440 64
172.0160 172.1760 65
172.2080 172.6880 67
172.7200 173.1680 64
173.2000 173.3280 62
173.3600 173.5200 67
173.5520 173.8080 69
173.8400 174.0320 71
174.1920 174.3200 67
174.3520 174.6080 69
174.7680 174.8320 66
174.8640 175.2160 64
176.9120 177.4240 67
177.7440 177.8080 69
178.7040 178.8640 69
179.1200 179.6000 67
179.6320 179.6640 68
179.6960 180.0800 69
180.2720 180.7840 71
180.8160 180.9440 70
180.9760 181.1680 69
181.8400 181.9360 70
181.9680 182.7040 71
182.7360 182.8000 70
182.8320 182.9600 69
183.0880 183.1840 69
183.2160 183.2800 71
183.3120 183.7600 69
183.9840 184.1440 65
184.1760 184.2080 64
184.2400 184.3040 63
184.3360 184.5920 62
187.1200 187.1840 62
191.9840 192.0800 67
