12.5600 13.0400 56
32.4000 32.6880 51
32.9120 32.9440 54
32.9760 33.0400 55
33.0720 34.4800 56
35.2480 35.4080 58
35.6000 35.6960 58
35.7280 36.4000 60
36.5600 36.7840 58
36.8160 37.6160 56
39.1200 39.4080 58
39.6640 39.7600 58
39.7920 40.0480 60
40.0800 40.1440 59
40.1760 40.4000 56
40.6240 40.7200 59
40.7520 42.2240 61
43.1520 43.1840 57
43.2160 43.7280 58
43.7600 44.0160 60
44.0480 44.0800 59
44.3040 44.4640 56
44.4960 44.5280 54
44.5600 45.5520 53
46.2880 46.3520 56
46.3840 46.5440 58
46.5760 46.7360 56
46.7680 47.2160 58
48.2080 48.3040 50
48.5600 48.5920 54
48.6240 48.6560 55
48.6880 50.3520 56
51.0240 51.3440 58
51.3760 51.9200 60
52.1760 52.3360 58
52.3680 53.4880 56
54.9280 55.3120 55
55.3440 55.8240 56
56.1440 56.5920 60
56.6240 57.8080 61
58.9280 58.9600 54
58.9920 59.2480 55
59.2800 59.7600 56
59.9840 60.0160 58
60.0480 60.0800 59
60.1120 60.4000 60
60.4320 60.6240 59
60.6560 60.7840 60
60.8160 60.8800 58
61.0720 61.4560 58
62.2560 62.3520 56
62.3840 63.0880 58
63.1200 63.2800 60
63.3120 63.3440 58
63.3760 63.5360 56
63.7280 64.1120 56
64.1440 64.3040 58
64.3360 65.2640 56
68.1760 68.3040 58
68.3360 68.6240 60
68.6560 68.7520 59
68.7840 68.9760 60
69.1680 69.2640 58
69.2960 69.6480 60
69.6800 69.7760 59
69.8080 70.6080 58
71.2160 71.4080 60
71.5680 71.6000 60
71.6320 72.1440 61
72.1760 72.2720 63
72.3040 72.3040 60
72.3360 72.9120 56
72.9440 73.3280 55
73.5520 73.7120 56
73.7440 73.8720 55
73.9040 74.0320 56
74.0640 74.5120 55
75.0240 75.0560 54
75.0880 75.1200 55
75.1520 75.5680 56
75.6000 75.6640 55
75.6960 75.7280 54
75.7600 76.3360 53
76.5280 76.6240 63
76.6560 77.7120 65
77.7440 78.5120 63
79.0240 79.1520 58
79.1840 79.4720 60
79.5040 79.5360 61
79.5680 79.6960 62
79.7280 80.3040 61
80.4640 80.4960 58
80.5280 80.6880 59
80.7200 81.6800 56
81.9040 82.0000 55
82.0320 82.6400 56
82.6720 82.8000 58
82.8320 83.0240 56
83.0560 83.4080 58
83.8560 83.9520 58
83.9840 84.0160 59
84.0480 84.6560 60
84.8480 84.9120 58
84.9440 85.5200 60
85.5520 86.3520 58
86.9920 87.1520 60
87.3440 87.8880 61
87.9200 88.0480 63
88.0800 88.0800 60
88.1120 88.2080 56
88.3360 88.6240 56
88.7520 88.8800 54
88.9120 89.0720 56
89.2960 89.4560 56
89.4880 89.6800 55
89.8080 90.2880 55
90.7680 90.9280 54
90.9600 91.1200 56
91.2480 91.4080 55
91.4400 91.6000 54
91.7280 92.0800 53
92.1120 92.1440 56
92.1760 92.1760 58
92.2080 92.3040 63
92.3360 92.6560 65
92.6880 92.8160 63
92.8480 93.3600 65
93.3920 94.3520 63
94.7360 94.8000 66
94.8320 95.2480 60
95.2800 95.3760 63
95.4080 96.0800 61
96.1120 96.7200 60
96.7520 96.8480 58
96.8800 97.5200 56
97.6800 97.7440 53
97.7760 98.3840 56
98.4160 98.6400 58
99.3440 99.4720 58
99.5040 99.7600 60
99.7920 99.8880 59
99.9200 102.3840 56
122.8640 123.0560 51
123.2480 123.3760 55
123.4080 124.2400 57
124.2720 124.4640 56
124.4960 125.0080 57
126.0320 126.1600 59
126.1920 126.8000 61
126.8320 126.9280 60
126.9600 127.0560 59
127.0880 128.6880 57
129.7120 130.0960 59
130.1280 130.5120 61
130.6400 130.7360 62
130.7680 130.8960 64
130.9280 132.7520 62
133.6800 133.8080 56
133.8400 134.5120 57
134.5440 134.6080 59
134.6400 134.7680 61
134.8000 134.9600 60
134.9920 135.1520 61
135.1840 136.1760 59
136.7840 136.9440 55
136.9760 136.9760 60
137.0080 137.2320 64
137.2640 137.3600 62
137.4880 137.7760 62
138.0000 138.4480 60
138.4800 138.7680 57
138.8000 139.0560 58
139.0880 139.2800 59
139.3120 140.9760 57
142.8640 142.9280 57
142.9600 143.0560 59
143.0880 143.6960 61
143.8560 144.6240 61
144.6560 145.5520 59
145.9040 146.0000 59
146.0320 146.2240 61
146.3520 146.9600 62
146.9920 147.0880 64
147.1200 147.1200 59
147.1520 147.7600 57
147.7920 147.8880 55
147.9200 148.1120 57
148.3040 148.4320 57
148.4640 149.4560 56
149.9680 150.3520 57
150.3840 150.4800 56
150.5120 151.1200 54
151.3120 151.3760 63
151.4080 152.4640 66
152.4960 153.3920 64
153.9040 154.1920 61
154.2240 154.3200 62
154.3520 154.4160 64
154.4480 155.0880 62
155.2160 155.3120 60
155.3440 155.5360 61
155.5680 155.7600 60
155.7920 155.8880 59
155.9200 156.4640 57
156.6880 156.7840 55
156.8160 157.3600 57
157.3920 157.5520 59
157.5840 157.7440 57
157.7760 158.1280 59
158.5760 158.7040 59
158.7360 159.4400 61
159.6320 160.4640 61
160.6240 161.2640 59
161.7120 161.9360 61
162.0960 162.6720 62
162.7040 162.8000 64
162.8320 162.8320 59
162.8640 163.4720 57
163.6000 163.6960 55
163.7280 163.8880 57
164.0480 164.2080 57
164.2400 164.5280 56
164.5600 164.7200 57
164.7520 165.1680 56
165.5200 165.5840 58
165.6160 166.0000 57
166.0320 166.1600 56
166.1920 166.3840 54
166.5120 166.5440 53
166.5760 166.9280 54
166.9600 166.9600 56
166.9920 166.9920 58
167.0240 167.1200 63
167.1520 167.4080 66
167.4400 167.6000 64
167.6320 168.1120 66
168.1440 169.1680 64
169.5520 169.9360 61
169.9680 170.0320 62
170.0640 170.1920 64
170.2240 170.8640 62
170.8960 171.3120 61
171.3440 171.4080 60
171.4400 171.6000 59
171.6320 172.3680 57
172.7520 172.8480 54
172.8800 173.2000 57
173.2320 173.5840 59
173.6160 173.6480 60
173.6800 173.9680 61
174.0000 174.0640 59
174.0960 174.5760 57
174.6080 174.7360 59
174.7680 177.1040 57
177.8080 177.9680 61
178.0000 178.1920 62
178.3200 178.4160 62
178.4480 179.7280 64
179.9840 180.1440 64
180.1760 180.2080 63
180.2400 180.3680 62
180.4000 180.5280 64
180.5600 180.8800 62
181.0400 181.5200 61
181.5520 181.6160 62
181.6480 181.7440 64
181.7760 182.0000 62
182.0320 182.1920 63
182.2240 183.3440 62
183.7600 183.7600 56
183.7920 183.8560 58
183.9840 184.3040 61
184.3360 184.4960 62
184.5280 184.8160 61
185.0080 185.2960 59
185.3280 186.0960 62
186.1280 187.3120 61
187.3440 187.4080 60
187.6960 187.8240 57
187.8560 188.1760 59
188.2080 188.4320 61
188.4640 188.8160 59
188.9440 189.3280 59
189.3600 189.7440 57
189.9040 190.1280 61
190.1600 190.3840 62
190.4160 192.6240 59
192.6560 192.7200 58
196.0160 196.1440 60
196.1760 196.4640 62
196.6560 196.7200 62
197.0400 197.4240 62
197.5520 197.7440 62
197.7760 198.0960 63
198.1280 201.4560 65
201.4880 201.7120 67
201.7440 201.8400 69
202.0000 204.0160 65
204.1120 204.1120 64
204.2080 204.2080 64
204.3360 204.4960 65
204.5280 204.8160 67
204.8480 205.0080 65
205.0400 205.5200 67
205.5520 205.5840 66
205.6160 206.2880 65
206.3200 206.4480 61
206.4800 207.1200 62
207.1520 207.3120 61
207.3440 207.6000 57
207.6320 207.8560 60
208.0160 208.7520 60
208.7840 208.9120 63
208.9440 209.0400 65
209.0720 209.1680 63
209.2000 209.5200 62
209.7440 209.7760 64
209.8080 209.8720 65
209.9040 210.2560 67
210.2880 210.3520 65
210.3840 210.5440 62
210.5760 210.6400 60
210.7360 211.1200 65
211.1520 211.2480 67
211.2800 211.4720 65
211.8240 211.8880 62
212.2400 212.3040 65
212.3360 212.4640 67
212.4960 212.7200 65
212.7840 212.8160 65
212.8480 212.9440 67
212.9760 213.2000 65
213.7440 214.0640 65
214.2240 214.8000 65
214.9280 215.6320 63
215.6640 215.9200 61
215.9520 216.6880 58
216.7200 216.8160 56
216.8480 217.0080 58
217.1680 217.7120 58
217.7440 218.2560 57
218.6400 218.8000 57
218.9280 219.0880 58
219.1200 219.3120 57
219.3440 219.4720 55
219.6000 219.9200 55
220.1120 220.1760 65
220.2080 220.5920 67
220.6240 220.6880 65
220.7200 221.2640 67
221.2960 222.1280 65
222.6080 222.6080 67
222.6400 222.7680 69
222.8000 222.8000 67
222.8320 222.9280 64
222.9600 223.4400 65
223.4720 223.5360 63
223.5680 223.6320 65
223.6640 223.7920 67
223.8240 224.2080 65
224.2400 224.4320 63
224.4640 225.1040 62
225.6800 225.6800 62
225.7120 225.7760 65
225.8080 225.9360 67
225.9680 226.3840 65
226.4800 226.4800 62
226.5120 226.6400 60
226.6720 227.6320 58
227.6640 227.7600 60
227.7920 227.9200 62
227.9520 228.0160 60
228.0480 229.5200 58
232.5280 232.6240 65
232.6560 232.7840 67
232.8160 233.6800 65
234.5440 234.6080 60
234.6400 234.8000 62
235.0240 235.0880 63
235.1200 235.2480 65
235.2800 235.7920 63
235.8240 235.8880 62
235.9200 236.0800 61
236.1120 236.2720 62
236.3040 236.3680 61
236.4000 236.5600 60
236.5920 237.3920 58
238.7040 238.7680 55
238.8000 238.9920 58
239.1840 239.4400 59
239.4720 239.7920 60
239.8240 240.3040 62
240.5920 240.7200 58
240.7520 240.8800 60
240.9120 243.5680 58
243.6000 243.7280 60
243.7600 243.8560 58
