8.0160 8.3360 65
8.6560 8.8800 61
8.9120 9.0400 62
9.0720 9.1040 63
9.1360 9.1680 64
9.2000 9.2640 65
9.2960 9.3280 66
9.3600 9.4880 67
9.6160 9.7760 68
10.0320 10.1920 70
10.2240 10.5760 71
12.7200 12.8160 66
12.8480 12.8800 65
13.2320 13.5520 61
13.8720 13.9360 66
13.9680 14.1280 67
14.1600 14.3840 68
14.6720 15.1520 70
24.8160 25.1040 70
34.8640 35.0240 61
35.1520 35.5360 66
35.5680 35.6000 64
35.6320 35.6640 62
35.6960 35.9520 61
35.9840 36.0160 60
36.0480 36.4960 59
36.5280 36.6240 58
36.8160 37.5200 58
38.6720 38.8640 68
38.8960 39.0560 70
39.1840 39.2160 68
39.2480 39.2800 69
39.3120 39.4080 70
39.4400 39.8240 68
39.8560 39.8880 67
39.9200 40.2400 66
40.4000 40.5920 65
40.6240 41.5200 66
42.5440 42.6720 62
42.7040 42.7040 64
42.7360 43.1840 66
43.2160 43.6640 61
43.6960 43.8240 59
43.9520 44.0800 59
44.2400 44.5280 58
44.9120 45.0080 55
45.0400 45.3280 56
45.3600 45.4240 63
45.4560 45.9680 68
46.0000 46.4480 66
46.4800 46.6400 63
46.6720 46.9600 65
46.9920 47.1200 63
47.1520 47.7920 61
47.8240 47.9200 62
48.1760 48.2080 65
48.2400 48.9440 66
49.1680 49.7760 66
50.1920 50.2240 61
50.3840 50.5120 63
50.6400 50.8000 66
50.8320 50.9600 62
50.9920 51.2480 61
51.2800 51.3120 60
51.3440 51.9520 59
51.9840 52.8480 58
54.0000 54.1600 68
54.1920 54.2880 70
54.4800 54.5440 69
54.5760 54.6720 70
54.7040 55.0560 68
55.0880 55.1200 67
55.1520 55.4720 66
55.6640 55.8240 65
55.8560 55.9520 66
56.1120 56.8800 66
57.8400 57.8720 61
57.9040 57.9680 62
58.0000 58.0960 65
58.2240 58.3840 66
58.4160 58.4800 62
58.5120 58.5760 61
58.7360 58.8960 61
58.9280 59.0240 59
59.2160 59.3120 59
59.4400 59.7600 58
60.6240 60.6240 65
60.6560 61.2960 68
61.3280 61.3920 67
61.5200 61.7760 66
61.8080 61.9360 63
61.9680 62.2240 65
62.2560 62.3520 63
62.3840 63.1840 61
64.0160 64.6560 56
64.9440 64.9440 63
64.9760 65.2320 66
65.3600 66.2560 66
66.2880 66.3200 67
66.3520 66.6720 68
67.3760 67.4720 68
67.8240 67.8880 69
67.9200 68.8800 70
68.9120 69.0720 68
69.1040 69.2000 67
69.4560 69.7440 66
69.7760 69.8080 65
69.8400 69.9040 62
69.9360 70.1920 61
70.2240 70.2880 62
70.3200 70.4800 63
70.5120 70.5440 62
70.5760 71.0880 61
71.1200 71.1840 60
71.3760 71.5040 58
71.5360 71.5680 57
71.6000 71.7280 56
72.1120 72.2400 65
72.2720 72.6880 66
72.7200 72.7200 64
73.0080 73.7440 58
73.7760 73.8720 59
73.9040 73.9360 62
73.9680 73.9680 65
74.0000 74.5120 68
74.5440 74.7040 66
74.8320 75.0880 66
75.1200 75.2160 67
75.3760 75.5680 68
75.6000 76.5280 70
76.5600 76.7200 71
76.7520 76.9440 70
76.9760 78.3520 68
79.1840 79.4720 66
79.6960 79.9840 61
80.0160 80.0800 62
80.1120 80.2080 63
80.2400 80.5280 66
80.5600 80.7200 68
80.9120 81.0080 70
81.0400 81.2320 71
81.2640 81.4240 70
81.5520 82.2560 70
82.9920 83.3120 66
83.3440 83.3440 64
83.4720 83.8560 61
83.9840 84.0160 65
84.0480 84.3040 66
84.3360 84.4960 68
84.6880 84.7200 70
84.7520 85.0080 71
85.0400 86.1280 70
86.8000 87.1200 66
87.1520 87.1840 63
87.2160 87.6320 61
87.7600 87.8240 63
87.8560 88.1120 66
88.1440 88.3040 68
88.4960 88.8480 71
88.8800 89.3920 70
89.6480 89.9360 70
89.9680 90.2560 73
90.2880 90.3200 72
90.3520 91.0880 71
91.5680 91.6320 71
91.6640 92.1760 70
92.2080 92.2720 67
92.3040 93.2960 66
93.4880 93.5520 66
93.5840 93.7760 68
93.9040 94.7360 66
94.9280 95.2480 61
95.4080 95.4720 63
95.5040 95.7600 66
95.7920 95.9520 68
96.1120 96.2400 70
96.2720 96.4960 71
96.5280 97.4560 70
98.1600 98.5120 66
98.5440 98.5760 65
98.7040 99.1200 61
99.1520 99.2480 65
99.2800 99.6000 66
99.6320 99.7920 68
99.9520 99.9840 70
100.0160 100.2400 71
100.2720 100.4320 70
100.5920 101.3920 70
101.8400 102.0000 65
102.0320 102.4160 66
102.4480 102.4480 64
102.4800 102.8320 61
102.9920 103.0560 63
103.0880 103.3120 66
103.4400 103.6000 68
103.6320 103.6640 69
103.6960 103.7600 70
103.7920 104.0480 71
104.0800 105.0080 70
105.1680 105.2640 71
105.2960 105.4560 73
105.4880 105.5200 72
105.5520 105.6800 71
105.8400 106.1920 71
106.2240 106.3200 72
106.6080 106.6720 70
106.8000 106.9280 68
106.9600 107.5040 70
107.5360 107.6640 67
107.6960 108.4000 66
108.6880 108.7840 66
108.8160 108.9760 68
109.1680 109.2000 66
109.2320 109.5520 68
109.5840 111.2160 66
111.3760 111.4080 68
111.4400 111.6640 71
111.8240 111.9840 72
112.0160 112.2400 70
112.2720 112.4640 73
112.4960 112.9760 70
113.0080 113.2000 68
113.2320 114.3840 66
114.4160 115.2480 67
115.6000 115.7600 73
115.7920 115.8560 72
115.8880 116.0160 70
116.0480 116.3040 73
116.4640 116.7840 70
116.8160 117.0080 68
117.0400 118.0640 66
119.4400 119.6640 72
119.6960 119.9200 70
120.1120 120.2400 69
120.2720 120.5920 70
120.6240 120.7200 68
120.7520 120.8160 67
120.8480 121.5200 66
121.6480 121.8720 64
122.0320 122.0960 68
122.1280 122.1600 69
122.1920 122.5120 70
122.5440 123.5680 68
123.6000 123.6000 66
123.6640 123.8240 65
124.0480 124.8480 61
126.3200 126.3840 63
126.4160 126.9920 66
127.0240 127.0560 63
127.0880 127.4080 61
127.4400 127.4720 60
127.5040 128.0160 59
128.2080 128.9440 58
130.1280 130.2880 68
130.3200 130.4800 70
130.8320 131.0240 68
131.1520 131.2480 68
131.2800 131.3120 67
131.3440 131.6000 66
131.6320 131.6640 65
131.7920 131.9840 65
132.0160 132.2720 67
132.3040 132.7840 66
132.8160 132.8800 65
133.9360 134.0320 61
134.0640 134.1280 62
134.1600 134.6080 66
134.6400 134.6720 64
134.7040 134.7680 62
134.8000 135.0240 61
135.0560 135.0880 60
135.1200 135.5040 59
135.6320 135.8880 58
136.3680 136.4000 58
136.4320 136.5600 59
136.5920 136.6880 60
136.8480 137.3920 68
137.4240 137.6480 66
137.7120 137.7440 66
137.7760 137.9680 67
138.1280 138.1600 64
138.1920 138.4160 65
138.7680 138.8000 65
138.8640 138.9280 65
139.1200 139.2480 61
139.2800 139.2800 59
139.6640 140.1120 54
140.6560 140.8160 54
141.5520 141.6800 61
141.8720 141.8720 63
142.1280 142.2240 66
142.2560 142.4160 62
142.4480 142.7040 61
142.7360 142.7680 60
142.8000 143.1840 59
143.2160 144.2400 58
145.2320 145.2640 62
145.2960 145.2960 66
145.3280 145.5520 68
145.5840 145.7120 70
145.8720 145.9360 68
145.9680 146.0960 70
146.1280 146.2240 69
146.2560 146.5120 68
146.5440 146.8640 66
147.0880 147.2160 65
147.2480 147.3760 66
147.6000 148.2400 66
149.2640 149.3920 61
149.4240 149.4240 63
149.4560 149.5520 66
149.6800 149.7760 66
149.8080 149.9040 63
149.9360 150.0320 62
150.1600 150.3200 61
150.3520 150.4480 59
150.6400 151.0880 59
152.0480 152.7840 68
153.0080 153.2640 66
153.2960 153.4240 63
153.4560 153.7760 65
153.8080 153.8720 63
154.2560 154.3520 64
155.3120 155.8560 56
156.3680 157.7120 66
157.7440 157.9360 68
158.6400 158.8320 68
159.2160 160.2720 70
160.4000 160.5280 68
160.5600 160.6560 66
160.8800 161.1040 66
161.1360 161.2640 68
161.2960 161.2960 66
161.6160 161.9680 63
162.0000 162.5120 61
162.8000 162.9280 58
162.9600 163.2480 56
163.5360 163.7600 54
163.8240 163.8880 54
163.9520 163.9840 54
164.4320 164.5920 57
164.6240 165.2000 58
165.3920 165.3920 65
165.4240 166.0640 68
166.0960 166.1920 66
166.3200 166.4800 66
166.5120 166.9600 68
166.9920 167.9520 70
167.9840 168.1760 71
168.2080 168.3680 70
168.4000 168.5600 69
168.5920 169.5520 68
170.6080 170.9600 66
171.1200 171.4080 61
171.4400 171.5040 62
171.5360 171.6640 63
171.6960 171.9520 66
171.9840 172.1760 68
172.3360 172.4320 70
172.4640 172.6560 71
172.6880 172.8480 70
173.0080 173.7760 70
174.4160 174.7680 66
174.8000 174.8000 64
174.8960 175.3120 61
175.3440 175.3760 63
175.4080 175.4400 65
175.4720 175.7280 66
175.7600 175.9520 68
176.1120 176.1440 70
176.1760 176.4320 71
176.4640 177.6800 70
177.7120 177.7440 69
177.7760 177.8720 68
177.9040 177.9360 67
177.9680 178.0000 65
178.2240 178.5440 66
178.5760 178.6400 63
178.6720 179.0560 61
179.1840 179.2480 63
179.2800 179.5360 66
179.5680 179.7280 68
179.9200 180.2720 71
180.3040 180.9440 70
181.0720 181.3600 70
181.3920 181.7440 73
181.7760 182.4800 71
182.7040 182.8000 65
183.0240 183.1520 69
183.1840 183.6000 70
183.6320 183.6960 67
183.7280 184.7200 66
184.9120 185.0080 66
185.0400 185.2320 68
185.3600 186.1920 66
186.3520 186.6720 61
186.8960 186.9280 63
186.9600 187.1840 66
187.2160 187.4080 68
187.5360 187.6640 70
187.6960 187.9200 71
187.9520 189.0080 70
189.5840 190.0000 66
190.1280 190.4800 61
190.6080 190.6720 65
190.7040 190.9280 66
191.0560 191.2160 68
191.3760 191.4080 70
191.4400 191.6640 71
191.6960 191.8560 70
192.0160 192.7840 70
193.2640 193.4240 65
193.4560 193.8400 66
193.8720 193.9360 63
193.9680 194.2560 61
194.4480 194.5120 64
194.5440 194.7360 66
194.8640 195.0880 68
195.1200 195.1840 70
195.2160 195.4720 71
195.5040 196.4320 70
196.5920 196.6880 71
196.7200 196.9120 73
196.9440 197.1040 72
197.2640 197.6160 71
197.6480 197.7440 72
197.7760 198.0960 71
198.2240 198.3840 68
198.4160 198.9600 70
198.9920 199.1520 67
199.1840 199.8560 66
200.0800 200.2080 66
200.2400 200.4640 68
200.6240 200.6880 67
200.7200 200.9760 68
201.0080 201.4240 65
201.4560 203.2480 66
203.2800 203.4080 65
203.4400 203.6640 64
203.6960 203.8560 66
203.8880 204.0800 64
204.1120 204.5600 65
204.5920 204.8480 66
204.8800 206.6080 65
206.6400 206.8000 64
206.8320 207.7280 65
218.8320 219.1520 63
219.6000 219.8560 63
223.9840 224.2400 66
224.4640 224.8480 61
224.8800 224.8800 63
224.9120 224.9760 65
225.0080 225.2960 66
225.3280 225.4560 68
225.7760 225.8400 70
225.8720 226.0640 71
226.0960 226.1600 70
226.4800 226.7360 70
227.6960 227.9520 66
227.9840 228.0160 65
228.2400 228.4000 61
228.4320 228.5280 62
228.6560 228.7520 65
228.7840 229.0400 66
229.0720 229.2320 68
229.4880 229.5840 70
229.6160 229.8400 71
229.8720 230.3840 70
231.6000 231.8560 66
232.0160 232.3360 61
232.4960 232.5920 63
232.6240 232.6560 65
232.6880 232.7840 66
232.8160 232.8480 67
232.8800 233.0400 68
233.2640 233.2960 70
233.3280 233.5840 71
233.6160 234.0640 70
234.4160 234.7040 70
234.7360 234.9600 73
234.9920 235.0240 72
235.0560 235.1520 71
235.3760 235.6320 71
236.3680 236.4960 69
236.5280 236.9440 70
236.9760 237.1040 67
237.1360 237.5840 66
238.2240 238.2240 69
238.2560 238.3200 71
238.3520 238.5440 73
238.7040 239.1200 73
239.1520 239.2800 67
239.3120 239.4720 66
239.6640 240.1760 61
240.2080 240.2400 65
240.2720 240.3360 66
240.5600 240.9760 68
241.0080 241.0720 71
241.1040 241.5840 72
241.7120 242.2560 70
242.2880 242.4480 71
242.4800 242.6400 70
242.6720 242.8960 71
242.9280 242.9600 70
242.9920 243.1840 69
243.2160 243.3120 70
243.3440 243.3760 68
243.5360 244.0160 63
244.0480 244.2400 66
244.2720 244.3680 70
244.4000 244.4320 68
244.4640 244.4960 67
244.5280 244.5600 66
244.7200 244.9760 59
245.0080 245.0400 58
245.3280 245.7120 58
245.8080 245.9680 58
246.0960 246.1280 67
246.1600 246.2240 70
246.2560 246.4480 71
246.4800 246.5760 70
246.8000 247.1200 70
247.3120 247.6320 61
247.8880 248.0160 66
248.1440 248.3680 71
248.4000 249.0080 70
249.0400 249.1360 68
249.2640 249.7440 66
249.9680 250.2880 61
250.3200 250.5440 60
250.5760 250.8320 59
250.8640 251.0240 58
251.0560 251.0560 56
251.0880 251.5680 54
251.6320 252.4000 54
252.7200 252.8160 54
253.1040 253.3280 54
253.4560 253.5840 54
253.6160 253.7440 56
253.8400 254.8320 54
254.9600 255.4720 61
255.5040 255.5040 64
255.5360 255.7600 66
255.7920 255.9200 68
256.2400 256.4640 59
256.4960 257.3600 58
257.3920 257.4240 60
257.4560 257.9360 61
257.9680 258.1600 59
258.3520 258.3840 62
258.4160 259.2160 63
259.3120 259.4400 66
259.4720 259.6000 65
259.7920 259.8240 70
259.8560 259.9840 73
260.0160 260.1120 72
260.2720 260.5920 73
261.2960 261.3600 71
261.3920 261.7120 70
261.7440 261.8400 71
261.8720 261.9040 70
262.0320 262.1600 68
262.1920 262.3840 66
262.4160 262.4480 65
262.4800 262.4800 62
262.6080 262.6080 61
262.6720 262.8000 61
263.0240 263.0880 63
263.1200 263.1520 65
263.1840 263.2160 66
263.3120 263.3120 66
263.3440 263.7600 70
263.7920 264.0480 71
264.0800 264.7520 70
264.9120 265.0080 70
265.1680 265.2640 71
265.2960 265.4560 73
265.4880 265.5520 72
265.5840 265.6800 71
265.8400 266.1920 71
266.3200 266.5760 66
266.8000 266.8960 68
267.1200 267.4400 70
267.4720 267.5680 67
267.6000 267.9200 68
267.9520 268.4320 66
268.6880 268.7840 66
268.8160 269.0080 68
269.1680 269.2960 66
269.3280 269.5840 68
269.6160 271.2480 66
271.3760 271.6960 71
271.7600 271.8240 71
271.8560 271.9840 73
272.0160 272.2080 70
272.2400 272.4640 73
272.4960 272.9760 70
273.0080 273.1360 68
273.1680 273.2000 67
273.2320 274.3520 66
274.9280 275.0240 68
275.3440 275.4080 70
275.6000 275.7920 73
276.0480 276.2720 73
276.4640 276.7840 70
276.8160 276.9760 68
277.0080 278.0320 66
279.6000 279.8560 70
279.8880 280.1120 73
280.2720 280.6240 70
280.6560 280.7520 68
280.7840 281.4880 66
282.0000 282.1280 68
282.1600 282.5760 70
282.6080 283.1520 68
283.2800 283.3440 68
