3.5040 3.6320 74
11.8240 11.9520 74
20.1440 20.1440 72
20.2080 20.3360 74
27.9200 27.9520 57
27.9840 27.9840 59
28.0160 28.0800 61
28.1120 28.3360 64
28.3680 28.4320 60
28.4640 28.4960 64
28.5280 28.6240 67
28.6560 29.0720 64
29.7120 29.7760 56
29.8080 29.8720 57
30.0000 30.1280 61
30.1600 30.6400 64
30.6720 30.8320 63
31.7920 31.8880 56
31.9200 32.0480 58
32.0800 32.1440 60
32.2720 32.4320 64
32.5600 32.7520 64
32.8800 33.0720 62
33.1040 33.2320 64
33.2640 33.2960 63
33.3280 33.3920 62
33.5840 33.7760 64
33.8080 34.1600 62
34.1920 34.2880 64
34.3200 34.4160 63
34.4480 34.4800 67
34.5120 34.6720 69
34.7040 35.1520 67
36.1440 36.2080 55
36.2400 36.3040 56
36.3360 36.3360 58
36.3680 36.3680 60
36.4000 36.4000 62
36.4320 36.6240 64
36.6560 36.7200 60
36.7520 36.7520 62
36.7840 36.7840 64
36.8160 36.9120 67
36.9440 37.0080 66
37.0400 37.0720 65
37.1040 37.3600 64
37.3920 37.4560 65
38.0640 38.0960 69
38.1280 38.3840 70
38.4160 38.5120 69
38.5440 38.9600 67
38.9920 38.9920 65
39.0240 39.1840 62
39.2160 39.3120 63
39.3440 39.3760 62
40.1760 40.4000 58
40.4320 40.5280 62
40.5600 40.7840 64
40.9120 40.9120 62
40.9440 41.1040 64
41.1360 41.4240 62
41.4560 41.6480 63
41.6800 41.7440 61
41.7760 41.9040 62
41.9360 42.0320 60
42.0640 42.1920 63
42.2240 42.3840 62
42.4160 42.4800 61
42.5120 42.7040 64
42.7360 42.8640 62
43.0560 43.1200 63
43.3440 43.4400 64
43.4720 43.6000 65
43.6320 43.7600 64
43.7920 43.9520 62
43.9840 44.1120 64
44.1440 44.2080 63
44.2400 44.2400 61
44.5600 44.6560 59
44.6880 44.7520 60
44.7840 44.8800 64
44.9120 44.9760 63
45.0080 45.0720 60
45.1040 45.1040 62
45.1360 45.1360 64
45.1680 45.2960 67
45.3280 45.3600 66
45.3920 45.4560 65
45.4880 45.5840 64
46.4480 46.7040 57
46.7360 46.8640 62
46.8960 46.9920 64
47.2160 47.2480 63
47.2800 47.4080 64
47.4400 47.5360 65
48.5600 48.5920 57
48.6240 48.7840 58
48.8160 48.8800 62
48.9120 48.9440 63
48.9760 49.1040 64
49.2960 49.4560 64
49.4880 49.5520 61
49.5840 49.7120 62
49.8400 50.0000 64
50.0320 50.1600 62
50.2880 50.3520 65
50.3840 50.5120 64
50.5440 50.6080 61
50.6400 50.8000 62
50.8320 51.0880 63
51.1200 51.1200 65
51.1520 51.3120 68
51.3440 51.7600 67
52.8480 52.9120 55
52.9440 53.0080 56
53.0400 53.0400 58
53.0720 53.0720 60
53.1040 53.1040 62
53.1360 53.3280 64
53.3600 53.4240 60
53.4560 53.4560 62
53.4880 53.4880 65
53.5200 53.6480 67
53.6800 53.7760 66
53.8080 53.9040 64
53.9360 54.0640 63
54.0960 54.1920 64
54.7680 55.0880 70
55.1200 55.2160 69
55.2480 55.6640 67
55.6960 55.6960 65
55.7280 56.0800 62
56.8480 56.8800 57
56.9120 57.0720 58
57.1040 57.2640 62
57.2960 57.3280 63
57.3600 57.8080 64
57.8400 58.1600 62
58.1920 58.3520 64
58.3840 58.5120 63
58.5440 58.8320 64
58.8640 59.1840 62
59.2160 59.3440 64
59.3760 59.6000 62
59.6320 59.6960 59
59.7280 60.4000 64
60.6560 60.8160 63
61.5200 61.8080 67
61.8400 62.0640 69
62.0960 62.3200 67
62.3520 62.6080 69
62.6400 62.7040 67
62.7360 63.0880 69
63.1200 63.3440 67
63.3760 63.4400 70
63.4720 63.6000 69
63.6320 63.9200 67
63.9520 64.6240 72
64.6560 64.9760 71
65.2320 65.5200 71
65.7120 65.8720 67
65.9040 66.2240 64
66.2560 66.3520 63
67.2800 67.5360 58
67.5680 67.6000 60
67.6320 67.6640 62
67.6960 67.9200 64
68.0480 68.1760 65
68.2080 68.3040 64
69.9040 70.1280 67
70.1600 70.3520 69
70.3840 70.6720 67
70.7040 71.3760 69
71.4080 71.6960 67
71.7280 71.8560 69
71.8880 72.1440 67
72.1760 72.2080 62
72.2400 72.3040 59
72.3360 72.9440 60
73.0720 73.2320 71
73.4240 73.5520 66
73.5840 73.8720 71
74.0640 74.2560 67
74.2880 74.4160 65
74.4480 74.6400 64
75.6320 75.6640 57
75.6960 75.8240 58
75.8560 75.8880 59
75.9200 76.0160 62
76.0480 76.0800 64
76.1120 76.2720 65
76.4320 76.6560 64
77.9680 78.0320 56
78.0640 78.0640 58
78.0960 78.1920 61
78.2240 78.4160 64
78.4480 78.5120 60
78.5440 78.5760 65
78.6080 78.7040 67
78.7360 79.0880 64
79.7920 79.8880 56
79.9200 80.0480 57
80.0800 80.1440 60
80.1760 80.2400 61
80.2720 80.4000 64
80.4320 80.5280 63
80.5600 80.8160 64
80.8480 80.9120 63
81.9040 81.9680 56
82.0000 82.1280 58
82.1600 82.2240 60
82.3520 82.5440 64
82.5760 82.6400 63
82.6720 82.7360 65
82.7680 82.8320 64
82.8640 83.1520 62
83.1840 83.2480 65
83.2800 83.3120 64
83.3440 83.3760 63
83.4080 83.4720 62
83.6960 83.8560 64
83.8880 84.2400 62
84.2720 84.3680 64
84.4000 84.4960 63
84.5280 84.5280 65
84.5600 84.5600 67
84.5920 84.7520 69
84.7840 84.8160 68
84.8480 85.2640 67
86.2560 86.3520 55
86.3840 86.4480 58
86.4800 86.5120 63
86.5440 86.7040 64
86.7360 86.8320 61
86.8640 86.8640 64
86.8960 87.0240 67
87.0560 87.1520 66
87.1840 87.5360 64
88.1440 88.1760 69
88.2080 88.4640 70
88.4960 88.6240 69
88.6560 89.0720 67
89.1040 89.4560 62
90.2560 90.4800 58
90.5120 90.6080 62
90.6400 90.8960 64
90.9280 90.9920 62
91.0240 91.2160 63
91.2480 91.5040 62
91.5360 91.7280 63
91.7600 91.9840 62
92.0160 92.1120 60
92.1440 92.2720 64
92.3040 92.5920 62
92.6240 92.7200 64
92.7520 93.0080 62
93.1360 93.2000 63
93.4240 93.4880 63
93.5200 93.5520 64
93.5840 93.7120 65
93.7440 93.8400 64
93.8720 94.0320 62
94.0640 94.2560 64
94.2880 94.3200 62
94.6720 94.7360 59
94.7680 94.8320 60
94.8640 94.9600 64
94.9920 95.0560 63
95.0880 95.1840 60
95.2160 95.2480 65
95.2800 95.4080 67
95.4400 95.7920 65
96.5600 96.7840 57
96.8160 96.8160 60
96.8480 96.9440 62
96.9760 97.0720 64
97.2960 97.3280 63
97.3600 97.5520 64
97.5840 97.6160 62
98.6400 98.6720 57
98.7040 98.8640 58
98.8960 98.8960 60
98.9280 98.9600 62
98.9920 99.0240 63
99.0560 99.1840 64
99.4080 99.5360 64
99.5680 99.7920 62
99.9520 100.0800 64
100.1120 100.2720 62
100.4000 100.5920 64
100.6240 100.6880 61
100.7200 100.8800 62
100.9120 100.9440 63
100.9760 101.0720 64
101.1040 101.2000 63
101.2320 101.4240 68
101.4560 101.7760 67
101.8080 101.8720 68
102.9280 102.9920 55
103.0240 103.0880 56
103.1200 103.1520 59
103.1840 103.1840 61
103.2160 103.4080 64
103.4400 103.5360 60
103.5680 103.5680 64
103.6000 103.7280 67
103.7600 103.8240 66
103.8560 103.8880 65
103.9200 104.2400 64
104.8480 105.1680 70
105.2000 105.2960 69
105.3280 105.7760 67
105.8080 105.8080 64
105.8400 106.1600 62
106.9280 106.9600 57
106.9920 107.1520 58
107.1840 107.2160 61
107.2480 107.3440 62
107.3760 107.8880 64
107.9200 108.2720 62
108.3040 108.4640 64
108.4960 108.5920 62
108.6240 108.6560 64
108.6880 108.8480 65
108.8800 108.9120 63
108.9440 109.2640 62
109.2960 109.4240 64
109.4560 109.6800 62
109.7120 109.8080 60
109.8400 110.5440 64
110.7360 110.7680 63
110.8000 110.8320 65
110.8640 110.8960 63
111.6320 111.8880 67
111.9200 112.1440 69
112.1760 112.4000 67
112.4320 112.6880 69
112.7200 112.8160 67
112.8480 113.1680 69
113.2000 113.4880 67
113.5200 113.6800 69
113.7120 114.0000 67
114.0320 114.0640 71
114.0960 114.7360 72
114.7680 115.0560 71
115.3120 115.6000 71
115.7920 115.9840 67
116.0160 116.3040 64
116.3360 116.4320 63
117.3600 117.6480 58
117.6800 117.7440 61
117.7760 118.1280 63
118.1600 118.3840 64
120.0160 120.2400 67
120.2720 120.4320 69
120.4640 120.7520 67
120.7840 121.4560 69
121.4880 121.7440 67
121.7760 121.8400 70
121.8720 121.9680 69
122.0000 122.3200 67
122.3520 122.3520 69
122.3840 123.1200 72
123.1520 123.3440 71
123.6640 123.9520 71
124.1760 124.3360 67
124.3680 124.4960 65
124.5280 124.7200 64
125.3280 125.3920 64
125.7120 125.9680 58
126.0000 126.0640 61
126.0960 126.3840 64
126.5120 126.8320 64
127.5360 127.6000 65
127.8240 127.9200 58
128.6240 128.7200 69
128.7520 128.7520 74
128.8160 128.8160 65
129.6480 129.7440 57
129.7760 129.8400 55
130.0960 130.1280 58
130.1600 130.2560 59
130.2880 130.3200 57
130.6720 130.8000 57
130.9920 131.0880 56
131.2480 131.5040 58
131.7280 131.7920 58
132.1760 132.2080 59
132.4000 132.5600 57
133.0400 133.1680 55
133.2000 133.2640 57
133.4880 133.6480 57
133.6800 133.7760 56
133.8080 133.9360 57
134.8960 134.9600 56
134.9920 135.0240 55
135.2800 135.3120 56
135.3440 135.4080 57
135.6000 135.6960 59
135.7280 135.9200 58
135.9520 135.9840 57
136.1760 136.3040 57
136.3360 136.4960 58
136.5280 136.6240 57
136.9440 137.0080 60
137.0400 137.1040 62
137.1680 137.2320 56
137.2640 137.4560 55
137.4880 137.5840 57
137.9040 138.0000 57
138.0320 138.0960 56
138.1280 138.1600 54
138.2560 138.2880 55
138.3840 138.4480 55
138.4800 138.6400 58
139.2160 139.4400 56
139.4720 139.6320 58
139.8240 139.8880 63
140.2080 140.2080 57
140.4000 140.4320 57
140.4640 140.6560 58
140.6880 140.6880 56
140.9760 141.0400 56
141.0720 141.2000 57
141.3920 141.5200 58
141.6800 141.7120 56
141.7440 142.0000 57
142.2240 142.5440 58
142.5760 142.6720 57
142.7040 142.9920 58
143.2160 143.2800 59
143.3120 143.3760 58
143.7280 143.9200 58
144.1120 144.1440 57
144.1760 144.3040 58
144.3360 144.4000 57
144.4320 144.4960 56
144.9440 145.0080 65
145.0400 145.2640 67
145.2960 145.5200 69
145.5520 145.7760 67
145.8080 146.0960 69
146.1280 146.1920 67
146.2240 146.5760 69
146.6080 146.8320 67
146.8640 146.9280 70
146.9600 147.0880 69
147.1200 147.2800 67
147.3120 147.3760 66
147.4080 147.4080 69
147.4400 148.1120 72
148.1440 148.4320 71
148.6880 149.0080 71
149.2000 149.3600 67
149.3920 149.7120 64
149.7440 149.8400 63
150.7680 151.0240 58
151.0560 151.1200 61
151.1520 151.4080 63
151.4400 151.5360 62
151.5680 151.7920 64
153.3920 153.6160 67
153.6480 153.8400 69
153.8720 154.1280 67
154.1600 154.8320 69
154.8640 155.1520 67
155.1840 155.2480 70
155.2800 155.3440 69
155.3760 155.6000 67
155.6320 155.6320 65
155.6640 155.6640 62
155.6960 155.7920 59
155.8240 156.4320 60
156.5600 156.6880 71
156.7200 156.7200 68
157.0720 157.3280 71
157.5520 157.6800 67
157.7120 157.7440 66
157.7760 157.8720 65
157.9040 158.0960 64
159.1200 159.2160 58
159.2480 159.3760 59
159.4080 159.4720 62
159.5040 159.5680 64
159.6000 159.7600 65
159.8880 160.0160 65
160.0480 160.1120 64
161.4560 161.5200 56
161.5520 161.5520 59
161.5840 161.6480 61
161.6800 161.9040 64
161.9360 162.0000 60
162.0320 162.0640 65
162.0960 162.1920 67
162.2240 162.5760 64
163.3120 163.3440 56
163.3760 163.4400 57
163.5680 163.6960 61
163.7280 164.3360 64
164.3680 164.4000 63
165.3920 165.4560 56
165.4880 165.6160 58
165.6480 165.7120 60
165.8400 166.0000 64
166.1280 166.3200 64
166.4480 166.6400 62
166.6720 166.8000 64
166.8320 166.8640 63
166.8960 166.9600 62
167.1520 167.3440 64
167.3760 167.7280 62
167.7600 167.8560 64
167.8880 167.9840 63
168.0160 168.0480 67
168.0800 168.2720 69
168.3040 168.7520 67
169.7120 169.7760 55
169.8080 169.8720 56
169.9040 169.9040 58
169.9360 169.9360 60
169.9680 169.9680 62
170.0000 170.1920 64
170.2240 170.2880 60
170.3200 170.3200 62
170.3520 170.3520 65
170.3840 170.5120 67
170.5440 170.6400 66
170.6720 170.7680 64
170.8000 170.9280 63
170.9600 171.0240 65
171.6320 171.6640 69
171.6960 171.7600 70
171.7920 171.9520 71
171.9840 172.0800 69
172.1120 172.5280 67
172.5600 172.5600 65
172.5920 172.7840 62
172.8160 173.0080 63
173.7440 173.9360 58
173.9680 173.9680 60
174.0000 174.0960 62
174.1280 174.3520 64
174.4800 174.4800 62
174.5120 174.6720 64
174.7040 174.9920 62
175.0240 175.2160 63
175.2480 175.3120 61
175.3440 175.4400 62
175.4720 175.5680 61
175.6000 175.7600 63
175.7920 176.0800 61
176.1120 176.2080 64
176.2400 176.3040 63
176.3360 176.3680 61
176.4000 176.5600 62
176.5920 176.6560 63
176.9120 176.9440 63
176.9760 177.0400 64
177.0720 177.1680 65
177.2000 177.3280 64
177.3600 177.5200 62
177.5520 177.7440 64
178.1280 178.1600 58
178.1920 178.2240 59
178.2560 178.2880 60
178.3200 178.5440 63
178.5760 178.6400 59
178.6720 178.6720 62
178.7040 178.7360 66
178.7680 178.8640 67
178.8960 178.9280 66
178.9600 179.2800 65
179.3120 179.4080 64
180.0160 180.2720 57
180.3040 180.4320 62
180.4640 180.5600 64
180.7840 180.8160 63
180.8480 180.9760 64
181.0080 181.1040 65
182.1280 182.1600 57
182.1920 182.3520 58
182.3840 182.4480 62
182.4800 182.5120 63
182.5440 182.6720 64
182.8640 182.9600 64
182.9920 183.0240 63
183.0560 183.2800 62
183.4080 183.5680 64
183.6000 183.7280 62
183.8560 183.9200 65
183.9520 184.0800 64
184.1120 184.1760 61
184.2080 184.3680 62
184.4000 184.4320 63
184.4640 184.5600 64
184.5920 184.6560 62
184.6880 184.6880 65
184.7200 184.7200 67
184.7520 184.8800 69
184.9120 185.3920 67
186.4160 186.4800 55
186.5120 186.5760 56
186.6080 186.6080 58
186.6400 186.6400 60
186.6720 186.6720 62
186.7040 186.8960 64
186.9280 186.9920 60
187.0240 187.0240 62
187.0560 187.0560 64
187.0880 187.2160 67
187.2480 187.3440 66
187.3760 187.4720 64
187.5040 187.6320 63
187.6640 187.7280 64
188.3360 188.6560 70
188.6880 188.7840 69
188.8160 189.2320 67
189.2640 189.2640 65
189.2960 189.6480 62
190.3840 190.4480 57
190.4800 190.6400 58
190.6720 190.8320 62
190.8640 190.8960 63
190.9280 191.3760 64
191.4080 191.7280 62
191.7600 191.9200 64
191.9520 192.0800 63
192.1120 192.1440 64
192.1760 192.3040 65
192.3360 192.3680 64
192.4960 192.7520 62
192.7840 192.9120 64
192.9440 193.1680 62
193.2000 193.2640 59
193.2960 193.2960 61
193.3280 193.9680 64
194.1600 194.3840 64
195.0880 195.3760 67
195.4080 195.6320 69
195.6640 195.8560 67
195.8880 196.1760 69
196.2080 196.2720 67
196.3040 196.6560 69
196.6880 196.8480 67
196.9760 197.1680 69
197.2000 197.4880 67
197.5200 198.1920 72
198.2240 198.5120 71
198.5440 198.5760 66
198.8000 199.0880 71
199.2800 199.4400 67
199.4720 199.7920 64
199.8240 199.9200 63
200.8480 201.1040 58
201.1360 201.1680 61
201.2000 201.2320 62
201.2640 201.3600 64
201.3920 201.5200 63
201.6160 201.6160 62
201.6480 201.7120 65
201.7440 201.9040 64
203.4720 203.6960 67
203.7280 203.9200 69
203.9520 204.2400 67
204.2720 204.9440 69
204.9760 205.2320 67
205.2640 205.3280 70
205.3600 205.4560 69
205.4880 205.6800 67
205.7120 205.8080 66
205.8400 205.8720 71
205.9040 206.7360 72
206.7680 206.8640 71
207.1520 207.4400 71
207.6320 207.8240 67
207.8560 208.0480 65
208.0800 208.1760 64
209.2000 209.3600 58
209.3920 209.4560 59
209.4880 209.5520 62
209.5840 209.6480 64
209.6800 209.8400 65
210.0000 210.1280 64
210.1600 210.1920 63
210.2240 210.2240 61
210.2560 210.3520 56
210.7680 210.8960 57
211.3440 211.4400 56
211.7920 211.8880 58
213.0400 213.1040 57
213.1360 213.4560 58
213.4880 213.5200 57
213.5520 213.6160 56
213.6480 213.7120 58
214.1920 214.3200 58
214.7040 214.7360 57
214.7680 214.8960 58
215.2160 215.7280 58
215.7600 215.9840 57
216.0160 216.1120 58
216.3040 216.3680 57
216.7200 216.7840 57
217.0400 217.2640 56
217.2960 217.4880 57
217.6800 217.7760 58
217.9360 218.2880 57
218.3200 218.3840 59
218.4160 218.4480 58
219.1840 219.5360 58
219.5680 219.6000 57
219.7920 219.8560 60
219.8880 219.8880 58
220.2080 220.3360 57
220.6880 220.7200 59
221.7440 221.8400 57
221.8720 222.0960 58
222.2240 222.3200 57
222.5440 222.6080 58
222.6400 222.8000 57
222.9280 223.4080 58
223.4400 223.4720 57
223.8240 223.8880 58
223.9200 223.9520 57
224.1440 224.1440 56
224.1760 224.3040 58
224.8160 224.8160 56
225.1040 225.1040 58
225.6480 226.0320 58
226.1600 226.2560 58
226.2880 226.3840 57
226.4160 226.5120 59
226.5440 226.6400 56
226.6720 226.7360 57
226.9280 226.9920 58
227.1840 227.3120 58
227.3440 227.4400 57
227.4720 227.5680 58
227.6000 227.6960 57
228.0160 228.0800 59
228.3360 228.4640 65
