7.0560 7.1520 61
7.7920 7.8560 57
8.4960 8.6240 59
11.5360 11.6000 55
11.8560 11.9520 54
12.1760 12.2080 53
12.2400 12.4000 54
12.4320 12.5920 55
12.6560 12.6560 54
13.1040 13.2000 53
13.5840 13.7760 56
13.8080 13.8720 55
14.4800 14.6400 54
14.6720 14.7360 55
14.7680 14.9280 56
14.9600 14.9920 55
16.1760 16.2720 56
16.3040 16.3360 55
16.3680 16.5920 54
16.7840 17.0080 55
17.0400 17.1680 56
17.6800 17.7440 65
17.7760 18.0960 67
18.1280 18.2240 68
18.2560 18.3840 67
18.4160 18.6080 65
18.7680 18.8640 67
18.8960 18.9280 68
20.5280 20.6880 57
21.3600 21.5520 57
21.5840 21.6160 58
21.6480 21.7120 59
21.7440 22.2560 60
22.2880 22.3520 59
22.3840 22.4800 58
22.5120 22.8000 59
22.8320 23.0240 60
23.0560 23.1200 61
23.1520 23.2480 62
23.9520 24.1760 65
24.2080 24.3360 67
24.3680 24.4320 69
24.4640 24.4960 68
24.5280 24.7200 67
25.1040 25.5200 60
25.6800 25.7760 60
25.8080 25.8720 62
25.9040 25.9360 61
25.9680 26.1920 60
26.2240 26.3200 59
26.8000 26.8320 59
26.8640 26.9600 60
27.1200 27.1520 68
27.1840 27.6000 69
27.6320 28.1120 65
28.1440 28.2080 64
28.2400 28.2720 61
28.3040 28.4320 60
28.5600 28.7200 60
28.9440 29.1360 61
29.1680 29.3280 62
29.3600 29.3920 61
29.4240 29.5200 60
29.5520 29.6160 59
29.7440 29.9360 57
30.7360 30.8640 57
30.8960 30.9600 59
30.9920 31.3120 60
31.5360 31.5680 59
31.6000 32.2720 60
32.3040 32.4320 61
32.8800 33.3280 65
33.4560 33.5840 65
33.7760 34.2880 63
34.3200 34.5440 62
34.5760 34.6400 61
34.6720 34.8640 60
35.4720 35.7280 57
35.7600 35.7920 58
35.8240 35.8880 59
36.3680 36.4640 68
36.4960 36.6240 69
36.6560 37.1040 67
37.1360 37.1680 66
37.2000 37.4560 65
37.4880 37.6160 63
37.6480 37.7760 65
37.8080 37.9360 67
38.0960 38.2880 69
38.3200 38.6720 67
38.7040 39.0560 69
39.5040 39.9840 69
40.1120 40.2720 67
40.3040 40.5280 65
40.6880 40.8160 66
40.8480 41.0400 67
41.0720 41.0720 65
41.2640 41.7120 60
41.8400 41.9360 60
41.9680 42.0320 62
42.0640 42.0960 61
42.1280 42.4800 60
42.9600 43.2160 60
43.2480 43.2480 62
43.2800 43.3760 69
43.4080 43.9520 70
44.1440 44.4640 70
44.7200 44.9120 69
44.9440 44.9760 67
45.0080 45.1360 65
45.2640 45.3600 68
45.3920 45.5200 69
45.5520 45.9680 65
46.0000 46.6400 67
46.8960 47.1200 68
47.1520 47.3760 69
47.4080 47.5360 67
47.5680 47.8880 65
47.9200 48.0160 66
48.1760 48.2080 67
48.2400 48.4640 68
48.4960 48.8800 69
48.9120 48.9440 68
49.0720 49.2640 68
49.2960 49.4880 67
49.6160 49.8080 65
49.9360 50.0320 65
50.0640 50.1600 67
50.1920 50.2240 66
50.2560 50.3200 65
50.5120 50.9280 60
51.0880 51.1200 60
51.1520 51.1840 61
51.2160 51.3120 62
51.3440 51.6960 60
52.1760 52.3040 59
52.5280 52.6240 62
52.6560 52.6880 64
52.7200 52.8800 65
53.1040 53.1680 63
53.2000 53.8400 65
53.9680 54.0640 60
54.0960 54.2240 62
54.2560 54.3200 61
54.3520 54.6080 60
54.8000 54.8640 68
54.8960 54.9920 69
55.1200 55.2800 69
55.4080 55.6000 65
55.6320 55.7920 64
55.8240 56.3680 65
56.5600 56.6240 66
56.6560 56.7840 67
56.8160 57.2000 65
57.4240 57.4880 67
57.5200 57.5840 68
57.7120 57.8400 69
58.0000 58.1600 69
58.1920 58.2560 66
58.2880 58.3840 67
58.4160 58.5440 69
58.5760 58.6720 70
58.8640 59.3760 72
59.7280 59.8240 63
59.8560 60.4640 65
60.5920 60.6880 63
60.7200 60.8480 65
60.8800 61.1680 67
61.2000 61.3600 69
61.3920 61.5520 67
61.5840 61.7760 69
61.8080 61.8400 68
62.2880 62.4160 61
62.4480 63.0240 62
63.1840 63.3120 64
63.5040 63.6640 65
64.0160 64.0480 68
64.0800 64.1440 69
64.1760 64.3040 70
64.3360 64.8160 69
64.8480 64.8480 67
64.8800 65.2960 65
65.5200 65.5840 66
65.6160 65.7440 67
65.7760 65.8080 66
65.8400 65.9040 65
66.0960 66.1600 66
66.1920 66.3200 67
66.3520 66.6400 65
66.8960 66.9920 68
67.0240 67.0880 69
67.2480 67.3760 69
67.5040 67.6000 67
67.6320 67.7600 69
67.7920 67.8560 70
68.0800 68.5920 72
68.9440 68.9760 64
69.0080 69.7440 65
69.7760 69.8720 63
69.9040 70.0640 65
70.0960 70.2240 67
70.3840 70.8000 69
70.8320 70.9600 70
70.9920 71.0560 68
71.0880 71.1520 67
71.1840 71.2160 66
71.2480 71.5040 65
72.3680 72.4960 65
72.5280 72.6240 67
72.6560 72.8800 65
73.2640 73.3280 69
73.3600 73.4880 70
73.5200 73.7440 69
73.7760 73.8080 67
73.8400 74.0000 65
74.1920 74.4160 65
74.7360 74.8640 65
75.0240 75.0560 66
75.0880 75.2480 67
75.2800 75.3120 65
75.3760 75.3760 65
75.5040 75.6640 66
75.6960 76.0800 67
76.2720 76.2720 65
76.3040 76.3680 67
76.5280 76.5600 65
77.1680 77.2960 58
78.1920 78.3200 57
78.4800 78.5760 57
78.6080 78.7680 56
78.8960 79.1840 56
79.3440 79.5680 57
79.6000 79.6320 56
79.9200 80.0160 56
80.0480 80.2080 57
80.2720 80.5600 55
80.7840 80.9440 55
80.9760 81.1040 56
81.1360 81.2000 57
81.8400 81.9040 56
81.9360 82.0320 55
82.8320 83.1200 55
83.3440 83.4400 56
83.8880 83.9840 56
84.5280 84.6240 54
84.6560 84.7200 53
86.0320 86.0960 56
86.1280 86.1920 57
86.2240 86.2560 58
86.2880 86.3520 59
86.3840 86.8320 60
86.8640 86.9280 59
86.9600 87.0560 58
87.0880 87.1840 59
87.2160 87.6640 60
87.6960 87.7280 61
87.7600 87.8560 62
88.5280 88.7200 65
88.8480 88.9760 68
89.1360 89.2960 67
89.3280 89.3600 65
89.4880 89.5520 61
89.5840 89.6480 60
89.6800 89.7760 59
90.0000 90.3840 60
90.4160 90.5440 61
90.5760 90.8960 60
91.4720 91.6000 60
91.7600 91.8880 68
91.9200 92.1440 70
92.2720 92.4960 69
92.5280 92.5920 67
92.6240 93.0720 65
93.2000 93.2960 61
93.7440 93.9040 62
93.9360 93.9680 61
94.0000 94.1600 60
94.1920 94.2880 59
94.3200 94.4160 58
94.4480 94.5440 57
95.2800 95.4720 57
95.5040 95.5680 59
95.6000 95.9520 60
96.2720 96.5280 60
96.5600 96.6560 59
96.6880 96.8480 60
96.8800 96.9440 61
96.9760 97.0400 62
97.4560 97.5200 62
97.5520 98.4800 65
98.5120 98.5760 67
98.6080 98.6400 66
98.6720 98.8960 65
98.9280 99.2160 64
99.2480 99.4080 63
99.4400 99.7600 62
99.7920 100.1440 60
100.6560 100.8480 60
100.9760 101.0400 68
101.0720 101.2000 69
101.2320 101.7120 67
101.7440 101.7760 66
101.8080 101.9680 65
102.1280 102.3840 65
102.4160 102.5440 67
102.7040 102.8960 69
102.9280 103.4080 67
103.4400 103.5680 69
103.6000 103.6320 68
104.0800 104.2400 67
104.2720 104.4960 69
104.5280 104.5600 68
104.6880 104.8480 67
104.9760 105.1040 65
105.2960 105.3280 65
105.3600 105.5200 66
105.5520 105.6160 65
105.6480 105.6800 64
105.8720 106.2880 60
106.4480 107.0560 60
107.5680 107.7600 60
107.8880 107.9840 69
108.0160 108.5920 70
108.7520 109.0720 70
109.3280 109.5200 69
109.5520 109.7440 65
109.8720 110.0960 69
110.2240 110.6400 65
110.6720 111.2800 67
111.5680 111.9200 69
111.9520 112.1440 67
112.1760 112.4640 65
112.7840 112.8480 66
112.8800 112.9440 69
113.1040 113.4880 69
113.5200 113.8720 68
113.9040 114.0960 67
114.2240 114.6080 65
114.6400 114.7040 67
114.7360 114.7360 65
114.8960 115.5360 60
115.6640 115.7600 60
115.7920 115.8560 62
115.8880 116.3680 60
116.7840 116.9760 60
117.2960 117.4880 67
117.9040 118.0320 67
118.0640 118.3520 65
118.4800 118.7680 61
119.1520 119.2160 59
119.4080 119.4720 68
119.5040 119.5680 70
119.7280 119.8560 69
120.0160 120.2400 65
120.2720 120.4000 63
120.4320 120.9760 65
121.1680 121.4240 66
121.4560 121.7760 65
122.0320 122.0960 68
122.1280 122.1920 69
122.3200 122.4480 69
122.6080 122.7040 69
122.7360 122.7680 68
122.8000 122.9920 67
123.0240 123.1200 69
123.1520 123.2800 70
123.4720 123.9840 72
124.2720 124.4320 63
124.4640 125.0400 65
125.2000 125.2960 62
125.3280 125.4240 65
125.4560 125.4880 66
125.5200 125.6480 67
125.8080 125.9680 69
126.0000 126.1600 67
126.1920 126.4160 69
127.0240 127.0880 61
127.1200 127.6320 62
127.7920 127.9200 63
128.0800 128.3040 65
128.6240 128.7520 69
128.7840 128.8800 70
128.9120 129.1040 69
129.2320 129.4240 69
129.7120 129.8720 68
130.1280 130.1920 66
130.2240 130.3520 67
130.3840 130.4800 66
130.7040 130.8960 67
130.9280 131.2160 65
131.5040 131.6960 68
131.8560 131.9840 69
132.1120 132.2400 67
132.2720 132.4000 69
132.6880 133.2320 72
133.5520 133.7120 65
133.8400 134.3200 65
134.3520 134.5120 63
134.5440 134.6720 65
134.7040 134.8640 67
134.9600 134.9600 67
134.9920 135.6640 69
135.6960 135.7920 67
135.8240 136.2400 65
136.4000 136.6560 65
137.0080 137.1040 65
137.1360 137.2640 67
137.2960 137.4560 65
137.8720 137.9680 69
138.0000 138.1600 70
138.1920 138.3200 69
138.4800 139.1200 65
139.6640 139.6960 65
139.7280 139.8560 67
139.9520 140.1440 65
140.4320 140.5600 68
140.5920 140.9120 69
141.0720 141.2640 69
141.2960 141.3600 67
141.3920 141.5520 69
141.5840 141.7760 67
141.9040 142.0640 65
142.1920 142.3200 65
142.3520 142.9600 67
143.0880 143.2480 67
143.3760 143.6320 65
143.6640 144.0480 67
144.0800 144.2080 69
144.2400 144.3680 67
144.5600 144.7520 67
144.7840 144.9120 68
144.9440 145.0720 67
145.1040 145.2320 65
145.2640 145.3600 67
145.3920 146.0960 65
146.8960 147.1200 62
147.4080 147.5360 62
147.6960 147.8560 66
147.9840 148.3040 62
148.3360 148.7520 65
148.7840 149.0080 62
149.1360 149.3600 68
149.3920 150.4160 69
150.5760 150.7360 68
150.8640 151.0560 67
151.0880 151.3760 65
151.4080 151.5360 66
151.5680 151.9200 67
152.0160 152.2080 67
152.3360 152.5280 67
152.5600 152.8480 65
152.8800 153.1360 67
153.1680 153.5200 69
153.5520 153.6160 68
153.7120 153.7440 68
153.7760 154.0000 69
154.0320 155.0240 70
155.2160 155.4080 70
155.4400 155.6640 69
155.6960 155.7280 67
155.7600 155.9520 65
155.9840 156.0160 66
156.0480 156.2720 69
156.3040 156.3360 67
156.3680 156.6240 65
156.6560 156.7520 66
156.7840 157.4560 67
157.7760 158.0960 68
158.1280 158.2560 67
158.2880 158.3520 66
158.3840 158.6080 65
158.8320 158.8640 63
158.9280 158.9600 62
159.1840 159.4720 62
159.5040 159.6320 63
160.0800 160.6240 67
160.6560 160.8480 66
160.8800 161.0080 67
161.2640 161.3280 67
162.7680 162.9280 67
162.9600 162.9920 65
163.5040 163.5680 62
163.7920 163.7920 61
163.8560 163.9200 61
165.8080 165.9040 56
166.5440 166.6720 56
166.9600 167.0560 59
167.2160 167.3120 62
167.4400 167.5680 61
167.8560 167.9200 67
168.4320 168.4640 75
168.4960 168.5280 76
168.5600 168.6880 77
168.7200 168.8800 76
169.0080 169.5840 74
169.6160 170.0320 72
170.1600 170.2560 70
170.6720 170.7360 71
170.7680 170.8000 69
170.8640 171.0880 69
171.1200 171.1200 67
171.6000 171.7600 56
172.5280 172.6240 57
172.6560 172.7520 56
172.9440 173.1040 57
173.1360 173.1680 56
174.8320 175.0880 57
175.1520 175.2800 57
175.6640 175.8560 56
175.8880 175.9200 55
176.0480 176.1120 56
176.2720 176.3360 56
176.8480 176.9120 56
177.0720 177.2320 57
177.8080 177.8720 57
178.5120 178.5440 66
178.5760 178.6720 67
179.3440 179.4080 70
179.6960 179.7600 67
179.7920 179.8880 68
180.0160 180.1440 69
180.2720 180.4000 69
180.4320 180.6560 68
180.6880 180.8480 69
180.8800 180.9760 70
181.2000 181.2640 72
181.2960 181.3920 71
181.4240 181.6480 72
181.9360 182.0640 64
182.0960 182.7360 65
182.8640 182.9600 63
182.9920 183.1520 65
183.1840 183.3440 67
183.5040 183.6320 69
183.6640 183.7600 67
183.7920 183.8240 68
183.8560 184.0800 69
184.1120 184.1120 67
184.6560 184.7200 61
184.7520 185.3280 62
185.4560 185.6160 64
185.7760 185.9680 65
186.3200 186.4480 68
186.4800 186.6080 70
186.6400 187.1200 69
187.1520 187.1520 67
187.1840 187.6000 65
187.8240 187.8880 65
187.9200 188.0480 67
188.0800 188.1120 66
188.1440 188.1760 65
188.3680 188.4640 66
188.4960 188.6240 67
188.6560 188.9440 65
189.2000 189.2960 67
189.3280 189.3920 69
189.5520 189.7120 69
189.7440 189.9040 67
189.9360 190.1600 69
190.4160 190.9280 72
191.2480 191.2800 64
191.3120 192.3680 65
192.4000 192.6560 67
192.6880 192.9440 70
192.9760 193.0720 69
193.1040 193.1360 68
193.1680 193.2640 67
193.2960 193.6800 65
194.1280 194.1920 61
194.2240 194.3520 62
194.3840 194.4480 63
194.4800 194.8960 65
195.1200 195.2160 65
195.5360 195.6320 69
195.6640 195.8240 70
195.8560 196.0160 69
196.1760 196.3040 66
196.3360 196.9120 65
197.2960 197.4240 67
197.6480 198.1280 67
198.1600 198.1920 65
198.2560 198.2880 65
198.3200 198.4160 67
198.4480 198.8000 65
198.9280 200.3360 65
200.9440 201.0400 65
201.3600 201.5200 62
201.7440 201.8080 57
201.8400 201.8720 56
201.9040 202.1280 55
202.1920 202.3520 55
202.3840 202.5440 56
202.5760 202.8320 55
202.8640 202.8960 56
202.9280 202.9920 57
203.1200 203.3760 56
203.4400 203.4720 55
203.6960 203.8880 55
203.9840 204.1120 57
204.1440 204.2080 56
204.2400 204.2720 55
204.3040 204.4320 54
204.5920 204.6560 55
204.7840 204.8480 56
205.0080 205.1040 57
206.6080 206.7040 72
206.7360 206.8640 74
206.8960 207.0560 72
207.0880 207.1200 71
207.2480 207.4720 69
207.8240 207.8880 70
208.3040 209.4880 70
209.5200 210.5760 69
210.8000 211.1520 69
211.3440 211.4720 69
