16.1120 16.6240 60
17.0080 17.1680 58
40.8160 41.1040 56
41.3280 41.6160 56
42.2880 42.9920 55
43.0240 43.1520 56
43.1840 43.2800 57
43.3120 43.5040 58
43.5360 43.6320 57
44.4000 44.6880 56
44.9120 45.1360 55
45.6160 45.9360 55
45.9680 46.0960 56
46.2560 46.4480 58
46.4800 46.8320 57
47.6320 47.7280 60
47.7600 47.9520 61
49.2960 49.4560 57
49.4880 49.5200 59
49.5520 49.5840 60
49.6160 49.7120 61
49.7440 49.8080 60
50.2560 50.3840 56
51.7280 52.4320 56
52.6240 52.8160 58
53.0400 53.1680 58
53.2000 53.6480 59
53.6800 53.7440 58
54.0320 54.2240 55
54.6400 54.7360 55
54.7680 54.8320 54
55.3440 55.4080 54
55.4400 55.6640 55
55.8560 55.9840 56
56.0160 56.0800 55
56.7520 57.0400 55
57.1680 57.5520 55
57.5840 57.7120 56
57.8720 58.0320 58
58.0640 58.1920 57
58.9280 59.0240 56
59.1840 59.6000 56
59.6320 59.6640 55
60.0800 60.3360 54
60.3680 60.4320 55
60.4640 60.6560 56
60.7840 61.0080 58
61.0400 61.1040 59
61.1360 61.1680 60
61.2000 61.2960 61
61.3280 61.3600 60
61.9040 62.4800 61
64.0160 64.1440 60
64.1760 64.2720 61
64.3040 64.3680 59
64.4000 64.4960 56
64.5280 64.6560 55
64.6880 64.8480 54
66.2560 66.3840 55
66.4160 66.5120 56
66.7360 67.0560 56
67.0880 67.1520 57
67.1840 67.7280 58
67.7600 68.5920 59
68.6240 68.6560 60
68.6880 68.7840 61
68.9440 69.5520 61
69.5840 69.6160 60
69.6480 70.3200 59
70.9920 71.0880 59
71.1200 71.1520 60
71.1840 71.4080 61
71.4400 71.6320 59
72.2080 72.3040 63
72.4960 72.6240 58
72.6560 72.7200 59
72.7520 72.7840 61
72.8160 72.8800 62
73.0080 73.2000 59
73.2320 74.0320 58
74.7040 74.8640 58
74.8960 75.0240 59
75.0560 75.7600 58
76.2080 76.4960 61
76.7200 76.7840 60
76.8160 76.9120 61
76.9440 77.2000 59
77.3920 77.7760 59
77.8080 77.8080 61
77.8400 77.8400 63
77.8720 77.9360 65
77.9680 78.1280 66
78.4800 78.5120 57
78.5440 79.0880 58
79.2160 79.4080 59
79.6640 79.7600 65
79.7920 79.8880 66
79.9200 79.9520 65
80.2720 80.3040 57
80.3360 80.4320 58
80.4640 80.6240 59
80.7520 81.0080 59
81.0400 81.3280 58
81.5520 82.0320 66
82.0640 82.0960 67
82.1280 82.9600 68
82.9920 83.0560 67
83.0880 83.7600 66
84.4000 84.5600 64
84.5920 85.0400 66
85.0720 85.1360 65
85.7760 85.8080 66
85.8400 85.9040 67
85.9360 86.3200 68
86.4800 86.8320 66
86.8640 86.8960 67
86.9280 87.0880 68
87.1200 87.1840 67
87.6000 87.6960 68
87.7280 87.8880 70
88.0800 88.2720 73
88.3040 88.3040 71
88.3360 88.7200 68
88.7520 88.9440 67
88.9760 89.2000 68
89.3920 89.4240 68
89.4560 89.4880 69
89.5200 89.7120 70
89.7440 89.9680 68
90.0000 90.3200 66
90.3520 90.4160 67
91.2160 91.2480 68
91.2800 91.3120 69
91.3440 91.4720 70
91.6320 91.7600 70
91.8880 92.0480 70
92.0800 92.1760 68
92.2080 92.2400 69
92.2720 92.4640 70
92.4960 92.5280 69
92.5600 92.6560 68
92.6880 92.8800 66
93.0720 93.1040 68
93.1360 93.1680 69
93.2000 93.8400 70
94.0000 94.0640 69
94.0960 94.3840 70
94.4160 94.4480 68
94.4800 94.5440 67
94.5760 94.7680 66
94.9280 95.0560 66
95.0880 95.6640 68
95.7920 95.9200 68
96.1120 96.4640 63
96.4960 96.5920 66
96.6240 96.6560 67
96.6880 96.7200 68
96.7520 96.7840 69
96.8160 96.9120 70
96.9440 97.2960 68
97.4240 97.9360 66
97.9680 98.0320 67
98.0640 98.3200 68
98.3520 98.3840 67
98.9920 99.1200 65
99.1520 99.6320 66
99.6640 99.6960 65
100.1120 100.2080 61
100.3360 100.4640 67
100.4960 100.6240 68
100.7840 100.9120 68
100.9440 100.9760 67
101.0080 101.3600 66
101.3920 101.4240 67
101.4560 101.7440 68
102.1280 102.2240 69
102.2560 102.4480 70
102.6080 102.6720 72
102.7040 102.8960 73
103.0880 103.1840 67
103.2160 103.3760 68
103.4080 103.5680 67
103.6000 104.0160 68
104.0480 104.1440 70
104.3360 104.4960 68
104.6240 104.6560 65
104.6880 105.0080 66
105.5520 105.6480 61
105.7760 105.8720 68
105.9040 106.0000 70
106.1600 106.6400 73
106.6720 106.7040 71
106.7360 106.7680 72
106.8000 106.8960 73
107.0240 107.5360 66
107.5680 107.6640 69
107.6960 107.8880 70
107.9200 108.3680 73
108.5280 108.6880 73
108.7200 108.7200 71
108.8480 109.0400 65
109.1680 109.3280 66
109.4560 109.5200 66
109.5520 109.6480 67
109.6800 110.7360 68
111.6320 111.7280 69
111.7600 111.8880 70
111.9200 111.9520 69
111.9840 112.3680 68
112.6880 112.8160 66
112.8480 113.2320 65
114.0640 114.5120 65
114.5440 116.4640 66
117.5520 118.0320 57
124.3360 124.4000 56
124.5600 124.7200 56
124.9120 125.1360 56
125.8080 125.8720 55
125.9040 126.0640 56
126.0960 126.2240 55
126.2560 126.3840 54
126.4160 126.6720 55
126.7040 126.8320 56
126.8640 126.8960 57
126.9280 127.3120 58
127.3440 127.4080 57
127.9840 128.2080 55
128.2400 128.3360 56
128.5280 128.8160 56
129.2320 129.4240 54
129.4560 129.5520 55
129.5840 129.7120 56
129.8720 130.0640 58
130.0960 130.1920 57
130.2240 130.4480 56
130.9280 130.9920 59
131.0240 131.0880 60
131.2480 131.2800 59
131.3120 131.5680 60
132.9760 133.0720 58
133.1040 133.2000 59
133.2320 133.4240 61
135.2480 135.4080 54
135.4400 135.5360 55
135.5680 136.0480 56
136.2400 136.4320 58
136.6560 136.8160 58
136.8480 137.3920 59
139.0240 139.1520 55
139.1840 139.3120 56
139.4720 139.7600 56
140.3680 140.4640 55
140.4960 140.6240 56
140.6560 140.6880 55
140.8160 141.1040 54
141.1360 141.2320 55
141.2640 141.3920 56
141.5200 141.8720 58
141.9040 142.0000 57
142.5760 142.6720 56
142.8000 143.2800 56
143.3120 143.3440 55
143.7280 143.9520 55
143.9840 144.1120 56
144.2720 144.3040 57
144.3360 144.5920 58
144.6240 144.7200 59
144.7520 144.7840 60
144.8160 145.0080 61
145.5520 145.7440 61
145.8400 146.1920 60
147.6640 147.9840 60
148.1440 148.3680 55
149.9360 150.1600 55
150.3520 150.4160 55
150.4480 150.7680 56
150.8000 151.1200 58
151.1520 151.3120 57
151.3440 151.3760 58
151.4080 152.2720 59
152.3040 153.1680 61
153.2000 154.0000 59
154.6720 154.8000 59
154.8320 155.0240 61
155.0560 155.4720 59
155.6000 155.7600 59
156.2400 156.3680 59
156.4000 156.6560 58
156.6880 156.8480 59
156.8800 157.4240 58
157.4560 157.7440 57
158.3200 158.4480 58
158.4800 159.1200 59
159.1520 159.3440 57
159.3760 159.4720 58
159.8560 159.9840 61
160.0160 160.0480 60
160.3360 160.4000 60
160.4320 160.5280 61
160.5600 160.5920 60
160.6240 160.8480 59
161.0400 161.3920 59
161.4240 161.4560 62
161.4880 161.5520 65
161.5840 161.7440 66
162.1600 162.2560 56
162.2880 162.4480 58
162.5760 162.8000 58
162.8320 162.9920 59
163.0240 163.0560 58
163.3120 163.3440 64
163.3760 163.4080 65
163.4400 163.5360 66
163.6320 163.7280 61
163.9520 164.0800 58
164.1120 164.2720 59
164.4320 164.8800 59
165.1360 165.5520 66
165.5840 165.6480 67
165.6800 166.6400 68
166.6720 166.8960 66
166.9280 167.0240 63
167.0560 167.6000 61
168.0800 168.1760 65
168.2080 168.6560 66
168.6880 168.8480 65
169.4240 169.4880 66
169.5200 169.5520 67
169.5840 169.9680 68
170.1600 170.4480 66
170.5760 170.8000 68
170.8320 170.8640 67
171.2480 171.3440 68
171.3760 171.5360 70
171.6960 171.8880 73
171.9200 171.9520 70
171.9840 172.8160 68
173.0400 173.1360 68
173.1680 173.3920 70
173.4240 173.6800 68
173.7120 174.1920 66
174.8640 174.9600 68
174.9920 175.0880 70
175.2480 175.3760 70
175.5360 176.0800 70
176.1120 176.3040 68
176.4320 176.5600 66
176.6880 176.7520 68
176.7840 176.9120 70
177.0400 177.4880 70
177.5200 177.6800 68
177.7120 177.8080 70
177.9360 178.1280 68
178.3200 178.7360 66
178.7680 179.2800 68
179.6640 180.0480 63
180.0800 180.2720 67
180.3040 180.5600 69
180.5920 181.0080 68
181.0400 181.6160 66
181.6480 181.8400 68
182.6080 182.7040 65
182.7360 183.2160 66
183.2480 183.2800 65
183.6960 183.9200 61
183.9520 184.0480 66
184.0800 184.2400 68
184.3680 184.5920 68
184.6240 184.9760 66
185.0080 185.2960 68
185.7440 185.8720 68
185.9040 186.1600 70
186.1920 186.4800 73
186.6720 186.8000 67
186.8320 187.3760 68
187.6000 187.6640 68
187.6960 187.7920 70
187.9520 188.1440 68
188.1760 188.6240 66
189.1680 189.2640 61
189.3920 189.4560 68
189.4880 189.6160 70
189.7760 190.2560 73
190.2880 190.3200 71
190.3520 190.5440 73
190.5760 190.8320 66
190.9600 191.0880 66
191.2160 191.4400 70
191.5680 192.2080 73
192.2400 192.2400 71
192.2720 192.6880 66
192.9760 193.4880 66
193.5200 194.3840 68
195.1520 195.3760 70
195.4080 195.7920 68
195.8240 196.0160 66
196.0480 196.3360 65
196.4960 196.7200 65
196.7520 196.8800 66
196.9120 197.5520 68
197.5840 199.6000 66
199.6320 199.6960 65
200.3040 200.3680 62
200.4000 200.5920 63
200.8160 201.0080 65
201.0400 201.6160 66
202.0960 202.2240 63
202.2560 202.5760 65
202.6080 202.7680 66
202.8000 202.8320 67
202.8640 203.3120 68
203.9520 204.0160 63
204.0480 204.2400 66
204.4320 204.5600 68
204.7200 204.8160 68
204.8480 205.5200 70
205.7440 205.8400 70
205.8720 206.0640 71
206.2240 206.3200 70
206.4800 206.8640 68
206.8960 207.2160 66
207.6000 207.6960 62
207.7280 207.9840 63
208.0160 208.1440 65
208.1760 208.8480 66
209.4240 209.5520 63
209.5840 209.8080 65
209.8400 210.2560 66
210.2880 210.5440 68
210.8000 211.1200 61
211.2480 211.2480 69
211.2800 211.3120 71
211.3440 211.4080 72
211.4400 214.4800 73
214.8960 215.0880 73
215.1200 217.0400 74
217.0720 217.1040 75
217.1360 217.3280 76
217.3600 217.6160 75
217.6480 218.3520 74
218.3840 218.4480 71
218.4800 218.4800 69
218.9920 219.0880 66
219.1200 219.6320 67
219.6640 219.7600 66
220.4000 220.4640 67
220.4960 220.9120 69
221.0720 221.3280 66
221.4880 221.5520 66
221.5840 221.6480 67
221.6800 222.0320 69
222.1600 222.2560 69
222.2880 222.4480 71
222.6400 222.8000 74
222.8320 224.0480 69
224.0800 224.2720 71
224.3040 224.5280 69
224.5600 225.1040 67
225.2320 225.2960 70
225.3280 225.4240 69
225.4560 225.7760 67
225.8080 225.8720 69
225.9040 226.0000 71
226.1600 226.3200 71
226.4480 226.5760 71
226.7040 226.7360 70
226.7680 226.8960 71
227.0240 227.0880 70
227.1200 227.2160 69
227.3440 227.5680 67
227.6000 228.4320 71
228.4640 228.5920 70
228.6240 228.7520 71
228.8800 228.9440 70
228.9760 229.0720 69
229.2640 229.4880 67
229.5200 229.6160 70
229.6480 229.7760 71
229.8080 230.3520 69
230.6720 230.7040 63
230.7360 230.9920 64
231.0240 231.2160 67
231.2480 231.3440 69
231.3760 231.5680 71
231.6960 231.7600 75
231.7920 231.8880 74
231.9200 231.9200 71
231.9520 232.3040 67
232.4320 232.5600 67
232.5920 233.0080 69
233.5840 234.2560 67
234.6400 234.8640 62
234.8960 234.9920 67
235.0240 235.1520 69
235.3120 235.5360 69
235.5680 235.9840 67
236.0160 236.3040 69
236.6880 236.7840 69
236.8160 237.1040 71
237.1360 237.4560 74
237.6160 237.7440 67
237.7760 238.2560 69
238.5120 238.5760 69
238.6080 238.7040 71
238.8960 239.0560 69
239.1840 239.4400 67
239.4720 239.5680 62
239.6000 239.7280 64
239.8880 240.3040 62
240.3680 240.4320 69
240.4640 240.5600 72
240.5920 241.4240 74
241.4560 241.4560 72
241.4880 242.1280 67
242.1600 242.2560 69
242.2880 242.3840 71
242.4160 243.1520 74
243.1840 243.6000 67
243.9200 244.2080 67
244.2400 244.3360 69
244.3680 244.4640 71
244.4960 245.4880 69
246.1280 246.4160 71
246.4480 246.7680 69
246.8000 246.9920 67
247.0240 247.2800 66
247.6320 248.0800 66
248.1120 248.7520 67
248.7840 248.9120 69
248.9440 249.1040 67
249.1360 249.2320 69
249.2640 249.3600 71
249.3920 249.5520 69
249.5840 250.4160 71
250.4480 250.4800 70
250.9280 251.0880 62
251.2160 251.3120 69
251.3440 251.4720 71
251.6320 251.9520 74
252.1120 252.2080 72
252.2400 252.3680 74
252.4960 252.6560 67
252.7840 252.9120 67
253.0720 253.1040 70
253.1360 253.3920 71
253.4240 254.0640 74
254.0960 254.0960 71
254.1280 254.6400 67
254.8640 255.1200 67
255.1520 255.2480 69
255.2800 255.5360 71
255.5680 255.7280 72
255.7600 255.9520 71
255.9840 256.8480 69
258.5120 258.9600 70
259.1200 259.2800 69
259.3120 259.6960 67
259.7280 259.8240 66
259.8560 259.9520 65
259.9840 261.2320 62
261.9680 262.1280 65
262.1600 262.4480 66
262.4800 262.5440 67
262.5760 263.2480 69
263.2800 266.0960 67
