5.5200 5.5520 56
5.5840 5.7760 57
5.8080 5.9360 58
5.9680 6.0000 60
6.0320 6.0640 62
6.1600 6.1920 63
6.2240 6.6720 65
6.7040 6.8640 66
6.8960 7.5040 67
8.4960 8.5920 57
8.6240 8.7840 58
8.8160 8.8480 60
8.8800 8.9120 61
8.9440 8.9760 62
9.0080 9.1680 65
9.2000 9.3600 67
9.3920 9.8720 65
11.3760 11.6960 58
11.7280 11.7600 59
11.7920 11.9520 62
11.9840 12.0160 64
12.0480 12.3360 65
12.4320 12.4320 65
12.4640 12.5280 68
12.5600 12.6240 69
12.6560 12.9120 70
12.9440 13.0400 68
13.2000 13.5840 67
13.6160 13.7120 68
13.7440 13.7760 67
14.1280 14.2560 58
14.2880 14.3520 57
14.6400 14.7360 67
14.7680 14.7680 65
14.8000 14.9600 63
14.9920 15.1200 64
15.2800 16.7200 62
16.7520 16.7840 61
17.0080 17.1360 57
17.5520 17.7440 63
17.7760 18.3200 65
18.3520 18.3840 66
18.4160 18.5120 67
18.5440 18.6720 66
18.7040 18.7680 65
20.2400 20.4000 60
20.4320 20.5600 63
20.6880 20.8800 65
20.9120 21.2640 67
21.2960 21.4560 66
22.9280 23.2800 58
23.3120 23.3760 61
23.4080 23.5360 62
23.5680 23.6320 63
23.6640 23.7920 64
23.8240 23.9840 65
24.0160 24.1440 68
24.1760 24.2080 69
24.2400 24.4640 70
24.4960 24.6560 69
24.8160 24.9440 67
24.9760 25.3920 68
25.4240 25.4240 66
25.7440 25.7760 57
25.8080 26.1600 58
26.1920 26.1920 61
26.2240 26.2880 67
26.4160 26.5760 65
26.6080 26.7040 63
26.8640 27.9840 62
28.6880 28.7840 62
28.8160 28.9120 63
28.9440 29.3280 62
29.4560 29.4880 62
29.5200 29.8080 63
29.8400 29.8400 69
29.8720 30.1600 71
30.1920 30.4160 72
30.5440 31.1840 68
31.2160 31.3440 66
31.6960 31.7920 62
31.8240 31.9200 63
32.0480 32.1120 68
32.2720 32.3040 70
32.3360 32.9440 72
32.9760 33.1680 70
33.2000 34.0000 69
34.6080 34.6400 60
34.6720 34.7680 62
34.8000 35.3760 63
35.4080 35.6000 65
35.7280 35.8560 66
35.8880 36.3040 67
36.3360 36.4000 65
36.4320 36.4640 64
36.4960 36.7520 63
37.0400 37.1040 64
37.2640 37.3920 66
37.4240 37.7440 67
37.7760 37.9040 64
38.0320 38.3200 62
38.7680 38.8320 65
38.8640 39.3120 67
39.4720 39.7280 63
39.7600 39.7920 65
39.8240 40.0480 67
40.1760 40.3040 65
40.5920 40.9440 58
41.1040 41.7120 65
41.7440 42.0000 67
42.0320 42.0640 63
43.5040 43.8240 58
43.8560 44.0480 63
44.0800 44.2400 65
44.2720 44.4000 67
44.4320 44.9120 64
46.4800 46.5440 58
46.5760 46.7360 57
46.8640 47.0240 62
47.0560 47.3760 64
47.4400 47.4720 65
47.5040 47.5680 68
47.6000 47.9840 70
48.0160 48.0800 68
48.2720 49.0080 67
49.2640 49.4880 70
49.7440 49.9040 66
49.9360 50.2240 63
50.3840 50.5440 65
50.5760 50.7360 63
50.7680 51.6320 62
56.5920 56.6880 57
56.7200 56.9760 58
57.0080 57.1040 62
57.2640 57.5520 65
57.7120 57.8720 65
57.9040 58.0320 67
58.0640 58.0960 66
58.1280 58.1600 65
59.6320 59.7600 58
59.7920 59.9200 59
59.9520 60.0160 61
60.1760 60.3360 65
60.3680 60.4960 67
60.5280 60.8160 65
60.8480 61.0080 64
62.5120 62.7360 57
62.8960 63.0560 62
63.0880 63.5360 65
63.5680 63.6000 67
63.6320 63.7280 68
63.7600 64.0800 70
64.1120 64.2080 68
64.2720 64.8160 68
65.2640 65.2960 57
65.3280 65.5840 58
65.7440 65.8720 67
65.9040 66.0640 63
66.0960 66.2240 64
66.2560 66.5120 63
66.5440 67.2160 62
67.2480 67.5040 63
67.5360 67.8240 62
68.2400 68.4640 57
68.6880 68.7840 63
68.8800 69.5520 65
69.5840 69.6480 67
69.6800 69.8720 66
71.2800 71.5040 59
71.6000 71.6000 60
71.6320 71.7280 63
71.8880 72.0800 65
72.1120 72.4960 67
72.5280 72.8480 65
74.1600 74.2560 57
74.2880 74.4160 58
74.5440 74.6080 60
74.7360 75.1840 65
75.2160 75.2480 67
75.2800 75.3760 68
75.4080 75.7280 70
75.7600 75.8240 68
75.8560 75.9200 69
76.0480 76.5920 68
77.0080 77.3600 58
77.3920 77.3920 63
77.4240 77.4880 66
77.6160 77.8080 65
77.8400 77.8720 63
77.9040 77.9680 62
78.0640 78.2240 63
78.2560 79.3440 62
79.9200 80.1760 62
80.3360 80.4320 62
80.5920 80.6560 61
80.6880 80.7840 62
80.8160 80.9760 63
81.0080 81.0080 68
81.0400 81.3280 71
81.3600 81.4880 72
81.5200 81.5840 71
81.7120 81.7760 69
81.8080 82.4160 68
82.8960 83.1840 62
83.2160 83.3120 67
83.4720 83.6320 70
83.6640 84.1120 72
84.1440 84.3040 70
84.3360 85.0080 69
85.0400 85.3280 70
85.3600 85.3920 68
85.8080 85.8080 59
85.8400 85.9680 62
86.0000 86.6080 63
86.6400 86.9920 65
87.0240 87.0880 66
87.1200 87.5040 67
87.5360 87.5680 65
87.6000 88.1760 63
88.2080 88.2720 65
88.4320 88.5280 65
88.5600 88.9120 67
88.9440 89.0720 64
89.2000 89.2960 63
89.3280 89.4560 62
89.7440 89.8080 64
89.9680 90.0640 65
90.0960 90.4160 67
90.4480 90.4800 65
90.6400 90.7040 62
90.7360 90.8320 63
90.9920 91.1840 67
91.3440 91.4400 65
91.7280 91.9840 57
92.0160 92.0800 59
92.2400 92.8480 65
92.8800 93.0400 67
93.0720 93.1040 66
94.5760 94.7360 57
94.7680 94.9280 58
94.9600 95.0240 61
95.2160 95.3440 65
95.3760 95.5040 67
95.5360 95.9520 65
95.9840 96.0480 64
97.5520 97.6800 57
97.7120 97.7760 58
97.9040 98.0960 62
98.1280 98.4800 65
98.6080 98.7360 68
98.7680 99.0880 70
99.1200 99.1840 68
99.3440 99.9520 68
100.3040 100.5280 70
100.7840 100.9440 67
100.9760 101.1360 63
101.1680 101.2640 65
101.4560 101.6160 65
101.6480 102.7360 63
102.9920 103.2480 62
103.3760 103.4720 62
