4.7840 4.8480 62
6.6080 6.7360 62
6.7680 6.8000 61
7.1840 7.3120 58
7.3440 7.4400 59
7.6320 8.0480 61
8.0800 8.3360 62
8.3680 8.4000 61
12.0160 12.1440 60
12.3360 12.4000 60
12.4320 12.7200 61
12.7520 12.9440 62
13.3280 13.4240 56
13.4560 13.4880 57
13.5200 13.6160 60
13.7440 13.9360 62
14.0960 14.2560 66
14.2880 15.1840 67
17.1680 17.6480 65
17.6800 17.7120 66
17.7440 18.2880 67
18.3200 18.3520 68
18.3840 18.4800 69
18.7040 18.8320 68
18.8640 18.9600 70
18.9920 19.2160 69
20.3040 20.3680 63
20.4000 20.7200 65
20.7520 20.7840 66
20.8160 21.2000 67
21.3600 21.4560 68
21.4880 21.6160 69
21.7760 21.8080 70
21.8400 21.8720 71
21.9040 22.1280 72
22.2880 22.6720 69
22.7040 22.7360 68
22.7680 23.0560 67
23.0880 23.1200 68
23.1520 23.3120 69
23.4720 23.8560 67
24.0800 25.0080 65
26.5760 26.7040 63
26.7360 26.9280 65
26.9600 26.9920 62
27.0240 27.0880 61
27.1200 27.2800 60
27.3120 27.9840 61
28.0160 28.0800 60
29.4880 29.5840 60
29.7120 29.9360 60
30.0960 30.1600 62
30.2880 30.6400 62
30.6720 30.7040 63
30.7360 30.8320 64
30.9920 31.1200 63
31.1520 31.4400 64
32.7840 32.8160 59
32.8480 33.1040 60
33.1360 33.2000 62
33.3600 33.4880 62
33.7440 33.8080 62
33.9680 34.0640 62
34.0960 34.1920 65
34.2240 34.3200 67
34.3520 34.3840 66
34.6400 34.8320 64
35.0240 35.2800 62
35.4720 35.6320 64
35.8240 35.9520 61
35.9840 36.1760 62
36.2080 36.2400 61
36.4320 36.9440 60
37.5200 37.9040 57
37.9360 38.4480 58
38.5760 38.7360 58
38.9280 39.0880 59
39.3120 39.3440 60
39.3760 39.4400 61
39.6320 39.8240 62
40.2400 40.4000 57
40.4320 40.5280 60
40.6560 40.7840 61
40.9760 41.1040 61
41.1360 41.4560 62
45.0400 45.1040 58
45.1360 45.2000 59
45.2320 45.5200 60
45.5520 46.0640 61
46.4160 46.5120 57
46.8640 46.9920 62
47.2160 47.3440 65
47.3760 48.2400 67
50.3200 50.7680 65
50.8000 51.2160 67
51.3760 51.5360 68
51.7600 51.7920 67
51.8240 52.3360 69
53.3600 53.4240 64
53.4560 53.7760 65
53.8080 53.8400 66
53.8720 54.3200 67
54.4800 54.6720 69
54.8320 55.2480 71
55.2800 55.6640 69
55.8240 56.0800 67
56.2080 56.5920 69
56.6240 57.0720 67
57.2000 58.1280 65
59.6640 60.0160 65
60.0480 60.1760 61
60.2080 60.4000 59
60.4320 61.2320 61
62.5440 62.9920 60
63.0240 63.5040 62
63.6960 63.8880 64
64.0800 64.4640 64
65.6160 66.1600 60
66.1920 66.6080 62
66.8000 66.8960 59
66.9280 67.1520 61
67.1840 67.4720 67
67.7600 67.9520 64
68.1120 68.5280 62
68.5600 68.7520 64
68.7840 68.8480 63
68.8800 69.3280 62
69.4880 69.6160 59
69.6480 70.3840 60
71.6320 71.8240 60
71.9520 71.9840 60
72.0160 72.0480 61
72.0800 72.2080 62
72.3360 72.6880 62
72.7200 73.0080 63
73.5200 73.5520 63
73.5840 73.6480 64
73.6800 74.1920 65
74.2240 74.2880 63
74.3200 74.3520 64
74.3840 74.8960 65
75.1200 75.5360 71
75.8880 75.9520 64
75.9840 76.5280 65
76.5600 76.7200 63
76.7520 77.0400 64
77.2320 77.2640 61
77.2960 77.3600 62
77.7120 78.0320 60
78.0640 78.1920 59
78.4480 78.5120 57
79.6320 80.2400 62
80.4000 80.5280 61
80.5600 81.0080 62
81.2320 81.4880 58
81.5520 81.8400 58
82.0000 82.1920 60
82.2240 82.3520 61
82.7360 82.8000 61
82.8320 83.2160 60
83.3760 83.4080 60
83.4400 83.4720 61
83.5040 84.0160 62
84.0480 84.9120 64
84.9440 85.2960 65
85.3280 85.3920 64
85.8400 86.0000 64
86.0320 87.1840 65
88.1760 88.3360 57
88.3680 88.4960 58
88.8800 89.0080 63
89.0400 89.3280 64
89.4880 89.5520 61
89.5840 89.7120 62
90.0000 90.5440 60
91.0880 91.1520 63
91.4080 91.4400 63
91.4720 91.5040 64
91.9200 92.1120 61
92.1440 92.5280 62
92.7520 92.7840 61
92.8160 93.0720 62
94.2560 94.3520 60
94.3840 94.6400 61
95.0560 95.1200 59
95.1520 95.8240 60
95.8560 95.8880 61
95.9200 96.3360 62
96.5920 96.6880 69
96.7200 96.7840 70
96.8160 97.4880 71
97.5200 97.6480 69
97.6800 97.8080 64
97.8400 99.5040 65
101.1360 101.1680 59
101.2000 101.2960 61
101.6160 101.7760 65
102.1920 102.3520 65
102.4160 102.6080 65
102.7360 102.8000 66
102.8320 103.0560 67
103.0880 103.2160 65
103.2480 103.3120 66
103.6320 103.8240 67
103.8560 103.9520 66
103.9840 104.1440 65
104.1760 104.3040 62
104.7520 104.9760 69
105.0080 105.0080 67
105.0400 105.1680 64
105.7760 105.8080 66
105.8400 106.0960 67
106.3840 106.7680 65
106.8320 106.8320 64
107.0880 107.3440 65
107.3760 107.7280 67
107.8880 108.0160 67
108.0480 108.1120 69
108.2720 108.4320 67
108.4640 108.8480 65
108.8800 109.0400 66
109.0720 109.2960 65
109.4560 109.4880 65
109.5200 109.5840 66
109.6160 109.7760 67
109.9680 110.2880 65
110.4160 110.5760 66
110.7680 110.8320 65
110.8640 110.8960 61
110.9280 111.1200 59
111.1520 111.7920 60
111.8240 111.8560 59
112.0160 112.1120 59
112.1440 112.3040 60
112.3360 112.3360 58
112.4640 114.3840 56
114.7040 114.7680 57
115.9200 116.0480 60
120.4000 120.4640 67
120.4960 120.7200 70
120.7520 120.8800 68
120.9120 121.5840 67
121.6160 121.6800 66
121.7120 122.7680 65
123.4720 123.6000 66
123.7280 123.8560 69
123.8880 124.0480 66
124.0800 124.2400 68
124.2720 124.4000 69
124.4320 124.6240 67
124.7840 124.9440 66
124.9760 125.1680 67
125.2000 125.3600 65
125.5840 125.6160 64
125.6480 126.5760 65
126.6080 126.8640 67
127.1200 127.2800 65
127.3120 127.3760 66
127.6000 127.7280 65
127.7600 127.9520 61
127.9840 128.1440 62
128.8800 128.9760 56
129.0080 129.1680 57
129.2960 129.4560 61
129.6160 129.6480 64
129.6800 129.9360 65
129.9680 130.0000 68
130.0320 130.0960 69
130.1280 130.3840 70
130.4160 131.1200 72
131.1520 131.7280 70
131.9200 132.6560 69
132.6880 132.9760 67
133.5200 133.5840 63
133.6160 134.0960 65
134.2560 134.3200 63
134.3520 134.8640 65
135.0880 135.6320 60
135.7920 135.9200 63
135.9520 136.4320 65
136.4640 136.6880 63
136.7200 137.0080 64
137.0400 137.0720 61
137.1360 137.1680 61
137.2000 137.4240 62
137.4560 137.5520 61
137.6800 137.7440 61
137.7760 138.4160 60
138.8640 138.9920 63
139.7280 139.7600 61
139.7920 140.1760 62
140.4000 140.4640 61
140.4960 141.0080 62
141.9360 142.0640 60
142.0960 142.2880 61
142.6720 142.7680 59
142.8000 143.0240 60
143.0560 143.1200 61
143.3120 143.3440 60
143.3760 143.4080 61
143.4400 143.9200 62
143.9520 143.9840 63
144.0160 144.9120 64
145.2960 145.3920 68
145.8080 145.9040 64
145.9360 146.4160 65
146.6080 146.6400 57
146.6720 147.0880 58
147.1200 147.1840 57
147.6000 147.7280 59
148.1440 148.6880 57
148.9120 148.9440 62
148.9760 149.1040 63
149.1360 149.2000 64
149.5200 149.7120 62
150.0960 150.0960 60
150.3520 150.5440 60
151.2160 151.2480 63
151.2800 151.5040 64
151.8880 152.0480 61
152.0800 152.3040 62
152.7520 152.7840 61
152.8160 153.2320 62
154.0000 154.1280 60
154.2880 154.3840 60
154.4160 154.6400 61
155.0560 155.1200 59
155.1520 155.3440 60
155.5040 155.7600 60
155.7920 155.8880 61
155.9200 156.2720 62
156.3040 156.4000 63
156.7200 156.9440 70
156.9760 157.2960 71
157.3280 157.5200 70
157.7120 157.8080 64
157.8400 158.0320 65
158.0640 158.1600 64
158.1920 159.3440 65
161.1680 161.6480 65
162.6720 162.7040 61
162.7360 163.1520 62
163.3440 163.7920 67
163.8240 164.0160 66
164.0480 164.1120 67
164.5280 164.7520 74
164.7840 164.8160 72
164.8480 165.0720 66
165.1040 165.1680 65
165.3920 165.6480 67
165.8400 166.2880 69
166.4160 166.4160 67
166.4800 166.6400 65
166.6720 166.8320 64
166.8640 167.0560 67
167.3120 167.3440 66
167.3760 167.7920 67
167.9200 167.9520 64
167.9840 168.5920 65
168.6240 168.9440 66
168.9760 169.2000 67
169.2320 169.3280 66
169.5200 169.5200 66
169.7760 170.4160 65
170.4480 170.5440 67
170.5760 170.8320 65
170.8640 171.0560 66
171.0880 171.2800 67
171.3120 171.5360 66
171.5680 171.9200 65
171.9520 172.0800 66
172.4960 172.7200 67
172.7520 172.8480 72
172.8800 173.0720 75
173.1680 173.3920 72
173.4880 173.6800 72
173.7120 173.7120 68
173.8080 173.8400 68
174.0640 174.2240 67
174.2560 175.5680 68
178.1280 178.1600 58
178.1920 178.2880 59
178.5120 178.5440 60
178.5760 178.6720 61
178.8320 178.9280 60
178.9600 179.0560 62
179.0880 179.0880 60
179.4720 179.5680 57
179.6000 179.6960 58
179.8560 180.3680 61
180.4000 180.6560 62
184.2720 184.4000 60
184.6240 184.9120 61
184.9440 185.1680 62
185.6160 185.7120 57
185.7440 185.7760 60
185.8080 185.8720 61
186.0000 186.1920 62
186.3520 186.5120 65
186.5440 187.4080 67
187.7600 187.8880 67
187.9200 188.2720 66
188.5280 188.5920 66
188.7200 189.0080 65
189.4560 189.7120 65
189.7440 189.9040 66
189.9360 190.0640 67
190.1920 190.2240 65
190.2560 190.5120 66
190.5440 190.6080 67
190.6400 190.7360 69
190.9600 191.0560 68
191.0880 191.6000 69
192.4960 192.5600 72
192.6880 192.9440 65
192.9760 193.0080 66
193.0400 193.4560 67
193.5840 193.6480 67
193.6800 193.7440 68
193.7760 193.9680 69
194.0000 194.1280 70
194.1600 194.3840 72
194.5760 194.9280 69
194.9600 195.0240 68
195.0560 195.3120 67
195.3440 195.3760 68
195.4080 195.5040 69
195.5360 195.6000 70
195.8560 196.2080 72
196.4000 197.2320 65
197.2640 197.3280 68
197.3600 197.4240 71
197.4560 197.8400 72
197.8720 198.2560 71
198.2880 198.4480 70
198.8640 198.8960 64
198.9280 199.1520 65
199.1840 199.1840 63
199.4400 199.5040 59
199.5360 199.7280 60
199.7600 200.2400 61
200.2720 200.8480 60
201.9680 202.0960 60
202.2880 202.9280 62
202.9600 203.1840 63
203.2800 203.3440 62
203.3760 203.4080 63
203.4400 203.6000 64
204.8480 204.9120 59
205.0400 205.0720 59
205.1040 205.2320 60
205.3920 205.4880 62
205.6480 206.0000 62
206.0320 206.1280 63
206.1600 206.1920 62
206.3520 206.4160 62
206.4480 206.7360 63
207.8560 207.9200 60
208.0480 208.3360 60
208.4640 208.5280 60
208.5600 208.6560 61
208.6880 208.8480 62
209.0400 209.5520 63
209.5840 210.1920 64
210.2240 210.4800 63
210.8000 210.8640 57
210.8960 211.0240 58
211.2480 212.2080 53
214.0640 214.1280 60
214.2560 214.3840 60
214.6400 214.7040 62
214.8960 215.1520 62
215.1840 215.2480 63
215.2800 215.3760 64
215.5680 215.6320 56
215.6640 215.7600 55
215.7920 215.8560 56
217.3280 217.4560 60
217.6800 218.0320 62
218.3200 218.4800 66
218.7040 218.9600 67
218.9920 219.5040 64
219.6640 219.8880 62
220.3680 221.4880 65
226.1600 226.2240 58
226.5440 226.7360 59
226.9600 227.1200 61
227.2800 227.5040 61
227.8560 228.0160 57
228.0480 228.1120 59
228.2720 228.4320 61
228.5920 228.7520 61
228.7840 229.0080 62
231.9520 232.0800 62
232.7200 232.8800 60
233.1040 233.2320 61
233.4560 233.6160 62
234.0000 234.1280 57
234.1600 234.2560 58
234.4480 234.5760 61
234.7680 235.3120 62
238.0320 238.1280 62
238.8960 238.9920 60
239.6000 239.9200 62
244.5600 244.9760 63
245.3600 245.5520 61
245.7440 246.2240 62
246.3520 246.7040 59
246.7360 246.8960 61
247.0560 247.1520 61
247.1840 247.6320 62
248.1760 248.4000 62
248.6880 249.3280 62
252.4960 252.6240 64
252.6560 252.7200 65
252.8800 252.9120 65
252.9440 253.0400 66
253.2000 253.2320 66
253.2640 253.6160 67
262.3200 262.4160 61
262.6400 262.7040 61
