14.7680 14.8640 57
14.8960 14.9280 59
14.9600 15.3760 62
15.4080 15.5040 65
15.5360 15.8240 62
15.8560 15.9200 65
15.9520 16.0160 66
16.0480 16.2080 67
16.2400 16.6880 65
17.2960 17.2960 60
17.3280 17.4560 63
17.4880 17.6480 62
17.6800 17.7760 61
17.8080 17.9040 63
17.9360 19.6320 65
21.2000 21.3280 60
21.3600 22.5760 63
22.6080 22.8000 62
22.8320 23.2800 63
23.4720 23.5040 61
23.5360 23.8560 60
23.8880 23.9840 59
24.0160 24.1440 58
24.1760 24.2400 60
24.2720 24.3040 61
24.3360 24.7200 62
24.7520 24.8160 61
24.8480 24.9440 60
24.9760 25.0720 61
28.8160 28.8160 59
28.8480 28.9440 62
29.0720 29.4880 65
29.5200 29.5520 66
29.5840 29.7120 67
29.7440 29.7760 66
29.8080 30.1600 65
30.9600 31.0880 63
31.1200 31.2480 62
31.3760 31.5360 63
31.5680 31.9520 65
31.9840 32.0800 63
32.1120 32.8480 65
32.8800 33.0080 63
33.0400 33.2000 65
34.4800 34.5440 61
34.5760 34.7040 62
34.7360 34.8320 61
34.8640 34.9280 62
34.9600 36.2400 63
36.2720 36.4000 62
36.4320 37.1360 63
37.1680 37.2960 62
37.3280 37.4560 60
37.6160 37.6800 61
37.7120 37.8400 60
37.8720 38.0000 58
38.2560 38.4160 61
38.4480 38.6720 62
38.7040 39.3760 60
41.3920 41.4560 57
41.6160 41.6160 59
41.6480 41.7120 62
41.7440 41.9040 63
41.9360 42.2560 65
42.2880 42.3520 63
42.3840 43.2480 65
43.3760 43.3760 60
43.4080 43.4400 62
43.4720 43.5680 63
43.6000 44.5920 65
44.7520 44.7840 58
44.8160 44.8480 59
44.8800 44.9120 63
44.9440 45.0400 65
45.0720 45.2000 67
45.3280 45.6480 67
45.6800 45.7120 65
45.7440 45.8400 62
47.0880 47.2160 60
47.2480 47.3760 61
47.4080 47.9840 60
48.6560 48.7520 61
48.7840 48.8160 62
48.8480 49.6800 63
49.7120 50.5120 62
50.5440 50.5760 61
50.6080 50.8960 60
50.9280 51.1200 61
51.1520 51.2160 60
51.2480 51.8560 58
51.8880 53.0400 60
53.0720 53.2000 61
53.2320 53.4880 62
53.5200 53.6480 61
53.6800 53.7120 60
54.4480 54.4800 65
54.5120 54.5760 66
54.6080 54.8000 67
54.8320 54.8640 68
54.8960 55.2160 69
55.3120 55.4400 69
55.4720 57.4560 70
57.4880 58.8640 69
58.8960 58.9920 68
59.0240 59.1840 65
59.2480 59.9840 65
60.0160 60.1440 67
62.3520 62.5120 69
62.5440 64.2080 70
64.2400 64.5280 69
64.5600 64.6880 68
64.7200 64.9760 69
65.1040 65.2320 68
65.2640 66.0000 69
66.0320 66.1600 67
66.1920 66.7360 65
66.7680 67.1520 67
68.9120 69.1040 68
69.1360 70.8640 70
70.8960 71.4080 69
71.4400 71.5680 71
71.6000 72.2400 72
72.2720 72.3360 71
72.3680 72.7520 70
72.7840 72.9120 68
72.9440 73.1360 69
73.1680 73.2640 67
73.2960 74.1920 65
74.2240 74.3840 67
75.5680 75.6000 57
75.6320 75.7920 58
75.8240 75.9520 61
75.9840 76.3680 63
76.4000 76.6240 64
76.6560 77.0080 63
77.0400 77.0720 62
77.2640 77.4240 61
77.4560 77.8080 62
77.8400 77.9040 60
77.9360 78.2880 61
78.4160 78.4800 61
78.5120 78.6080 60
78.6400 79.2160 58
79.2480 80.0160 60
82.4480 82.6400 56
82.6720 82.8000 60
82.8320 83.6320 63
83.6640 84.0800 62
84.1120 84.2400 63
84.2720 84.3040 64
84.3360 84.6240 65
84.6560 84.8160 62
84.8480 85.0720 63
85.1040 85.2960 58
85.3280 86.0320 60
86.0640 86.1920 62
86.2240 86.3520 61
86.3840 86.5440 62
86.5760 86.6720 60
86.7040 87.4720 58
93.7440 93.9040 62
93.9360 94.2880 65
94.3520 94.5760 65
94.6080 94.7360 67
94.7680 95.1840 65
95.8560 96.4320 63
96.4640 97.6480 65
97.7760 98.0000 65
98.0320 98.0960 63
98.1280 98.1920 60
98.2240 98.2560 59
99.6960 99.9200 62
99.9520 102.2240 63
102.2560 102.3840 60
102.4160 102.7040 58
102.7360 102.8640 61
102.8960 103.2800 62
103.3120 103.6000 61
107.1840 107.2800 54
107.4080 107.4080 60
107.4400 107.4720 62
107.5040 107.6640 64
107.6960 108.6240 65
108.6560 108.7520 63
108.7840 108.9440 65
109.5520 109.5520 60
109.5840 109.7440 63
109.7760 109.9680 62
110.0000 110.1280 63
110.1600 111.2800 65
111.3120 111.4720 67
111.5040 111.5360 65
111.5680 111.6960 62
111.7280 111.7600 60
112.5280 112.5920 62
112.6240 112.6560 63
112.6880 112.8160 65
112.8480 113.6800 63
113.7120 113.7760 61
113.8080 114.0320 62
114.5120 114.6080 62
114.6400 114.9600 63
115.1200 115.1520 61
115.1840 115.2480 62
115.2800 115.5360 63
115.5680 115.7920 62
115.8240 115.9520 63
116.0480 116.2080 62
116.2400 116.3680 63
116.4000 117.1360 65
117.1680 117.2640 61
117.2960 117.4560 62
117.4880 118.3520 60
120.3040 120.4000 63
120.4320 120.8480 65
120.8800 120.9120 63
120.9440 121.0720 62
121.1040 121.7440 65
121.7760 121.8720 61
121.9040 122.0320 62
122.2240 122.5120 65
122.5440 122.6720 63
122.8000 123.2480 65
123.4400 123.5680 65
123.6000 124.0160 67
124.0480 124.1120 66
124.1440 124.2080 63
124.2400 124.3040 62
125.5840 125.7120 60
125.7440 125.9360 61
125.9680 126.3200 60
126.3520 126.4480 58
127.4400 127.5360 65
127.5680 127.7600 62
127.7920 128.4640 63
128.4960 128.6560 64
128.6880 129.1360 65
129.1680 129.2640 64
129.2960 130.0960 63
130.1280 130.1600 62
130.1920 130.1920 60
130.2880 130.4160 61
130.4480 130.6080 62
130.6400 131.2800 60
133.0720 133.2000 65
133.2320 133.4560 67
133.4880 133.6800 69
133.7120 133.7440 70
133.7760 133.9040 74
133.9360 134.0320 69
134.0640 135.7920 70
135.8240 137.4880 69
137.5200 137.5840 67
137.6160 138.5440 65
138.5760 138.6720 67
138.7040 138.8000 66
140.9440 141.1040 68
141.1360 142.8960 70
142.9280 143.0880 69
143.1200 143.2480 68
143.2800 143.5680 69
143.6960 143.7600 68
143.7920 144.6560 69
144.6880 144.7520 67
144.7840 145.3920 65
145.4240 145.8080 67
147.5360 147.6960 68
147.7280 148.7520 70
148.8800 149.5200 70
149.6480 150.0000 70
150.0320 150.7360 72
150.7680 150.8640 71
150.8960 151.3120 70
151.3440 151.4720 68
151.5040 151.5680 70
151.6000 151.7280 69
151.7600 151.8240 67
151.8560 152.6880 65
152.7200 152.8160 67
152.8480 152.8800 65
154.1920 154.4160 59
154.4480 154.5760 61
154.6080 155.7280 63
155.8560 156.0480 61
156.0800 156.4000 62
156.4320 156.8160 61
156.9440 157.0720 61
157.1040 157.1680 60
157.2000 157.7760 58
157.8080 158.4160 60
158.4480 158.6720 62
161.0720 161.2640 58
161.2960 161.4240 61
161.4560 162.2240 63
162.2560 162.7360 62
162.7680 162.8640 63
162.8960 163.1840 65
163.2160 163.2800 63
163.3120 163.6320 62
163.6640 163.7920 58
163.8240 164.1760 60
164.2080 164.4320 61
164.4640 164.6880 62
164.7200 165.1040 61
165.1360 165.2320 60
165.2640 165.8400 58
165.8720 165.9680 56
166.0000 166.0640 58
169.8080 169.9040 71
179.9520 180.0160 74
191.7920 191.9840 58
192.0160 192.1120 62
192.1440 192.2080 65
192.2400 192.5920 66
192.6240 192.7200 64
192.7520 193.4240 67
193.4560 193.6160 61
193.6480 193.7760 63
193.9360 194.0320 65
194.0640 194.2560 66
194.2880 194.6720 67
194.7040 194.8640 68
194.8960 194.9600 67
194.9920 195.0560 71
195.1840 195.2480 71
195.2800 195.3440 72
195.3760 195.5360 73
195.5680 195.6320 71
195.6640 196.1440 68
196.1760 196.4640 67
196.4960 196.6560 68
197.0080 197.0720 66
197.4880 198.2240 62
198.2560 198.6080 60
199.6320 199.8240 66
199.8560 200.0480 68
200.0800 200.2080 71
200.2720 200.3040 71
200.3360 201.0720 74
201.1040 201.2320 73
201.2640 201.2960 71
201.3600 201.6800 71
201.8080 201.9680 68
202.0960 202.2560 71
202.2880 202.6080 73
202.6400 202.8320 70
202.8640 202.9920 68
203.0240 203.4080 66
203.4400 203.5040 64
203.6320 203.7280 63
204.7840 204.7840 62
204.8160 204.9120 65
204.9440 205.2000 68
205.2320 205.3920 70
205.4240 205.4880 71
205.5200 205.6480 75
205.6800 207.6960 71
207.8560 209.2960 70
209.3280 210.4160 66
210.4480 210.7680 68
212.6560 212.7840 70
212.8160 214.5120 71
214.5440 215.2480 70
215.4400 215.5680 69
215.6000 216.4960 70
216.5280 216.6240 69
216.6560 216.8160 67
216.8480 216.9760 66
217.0080 217.2640 67
217.2960 217.3920 68
217.4240 217.4880 74
219.5360 219.6640 71
219.6960 219.8560 73
219.8880 219.9840 72
220.0160 221.7440 71
221.7760 221.9040 72
221.9360 222.5440 73
222.5760 222.8320 72
222.8640 223.1520 71
223.1840 223.5680 69
223.6000 223.7920 68
223.9200 224.3360 66
224.3680 224.4640 67
224.4960 224.8160 68
226.0320 226.0640 61
226.0960 226.2240 63
226.2560 226.6720 64
226.7040 226.9280 65
226.9600 227.0880 64
227.1200 227.4400 63
227.5360 227.8240 62
227.8560 228.1440 63
228.1760 228.8160 62
228.8480 228.9120 61
228.9440 229.3280 59
229.3600 229.4880 61
229.5200 229.6800 63
229.7120 229.7440 62
229.7760 230.3840 61
230.4160 230.5760 59
232.7520 232.9440 59
232.9760 233.1040 62
233.1360 233.9040 64
233.9360 234.4480 63
234.4800 234.5440 64
234.5760 234.6080 65
234.6400 234.8640 66
234.8960 234.9600 65
234.9920 235.5360 63
235.5680 235.7280 59
235.7600 236.5280 61
236.5600 236.7200 62
237.9360 238.0640 63
238.2880 238.4800 59
238.5120 238.7040 61
238.7360 239.6960 59
239.7280 240.0160 58
