25.9040 25.9680 56
26.4480 26.7680 59
26.8000 26.9600 60
26.9920 27.2800 57
27.3120 27.3440 58
27.3760 27.5040 59
27.5360 27.6960 60
27.7280 27.7600 59
28.3360 28.4000 55
28.5920 28.9120 58
28.9440 29.3920 60
29.4240 29.4560 59
29.4880 29.7120 58
29.8400 29.9040 60
29.9360 30.2880 59
30.7680 30.8320 56
31.0880 31.2160 57
31.4080 31.8240 60
31.9840 32.2720 57
32.3040 32.5280 60
32.6560 32.7840 56
32.9120 33.0080 60
33.0400 33.1040 59
33.2320 33.3920 57
33.5840 33.8080 60
33.8400 34.0000 62
34.1920 34.2880 60
34.3200 34.4800 62
34.5120 35.0880 60
36.0800 36.3040 58
36.3360 36.5280 60
36.6560 36.7840 60
36.9440 37.2000 58
37.2320 37.3920 61
37.4240 37.5200 62
37.5520 37.6480 60
38.1920 38.3200 58
38.3520 38.6400 57
38.8000 38.8320 61
38.8640 38.9600 62
39.0880 39.1840 62
39.7280 39.8240 60
40.0160 40.0800 60
40.6560 40.6880 56
40.7200 40.7840 57
40.8160 40.9120 58
41.2960 41.3600 61
41.3920 41.6160 62
41.6480 41.7120 60
41.7440 41.7760 59
42.1920 42.4480 60
42.6720 42.8000 57
42.8320 42.9280 60
43.1520 43.4080 58
43.4400 43.5040 60
43.6960 43.8560 62
44.0800 44.1120 60
44.1440 44.1760 61
44.2080 44.4320 62
44.4640 44.9760 60
45.0080 45.0400 59
45.6160 45.6800 60
45.9040 45.9680 61
46.0000 46.5440 60
46.8320 46.9600 60
46.9920 47.0880 59
47.4400 47.6320 59
47.7920 47.8240 57
47.8560 47.8880 58
47.9200 48.0480 59
48.0800 48.2400 57
48.3680 48.6560 59
48.6880 49.1040 60
49.1360 49.1680 59
49.6160 49.7440 54
49.7760 49.8400 55
49.9680 50.1280 60
50.1600 50.1920 59
50.5760 51.1200 60
51.4400 51.5360 58
51.5680 51.6000 59
51.6320 52.0160 60
52.4320 52.5280 60
52.5600 52.6880 59
52.7200 52.7520 57
52.7840 53.0400 58
53.0720 53.2320 57
53.2640 53.3280 56
53.3600 54.2240 55
54.2560 54.3520 54
54.3840 54.7680 53
54.8000 54.8640 54
54.8960 55.1200 55
55.5040 55.5360 56
55.8240 56.8480 60
56.8800 56.9120 59
57.0720 57.1360 56
57.1680 57.2960 55
57.3280 57.3600 58
57.3920 57.6160 59
57.6480 57.7760 58
57.8080 57.9040 59
57.9360 57.9680 58
58.0000 58.2560 57
58.2880 58.7360 59
58.7680 59.2160 60
59.2480 59.3120 62
59.3440 59.3760 61
59.5680 59.6320 62
59.6640 59.8560 64
60.1120 60.2400 63
60.2720 60.4640 64
60.4960 61.0400 65
61.0720 61.3280 64
61.3600 61.4880 62
61.5200 61.6480 64
62.0000 62.1280 62
62.3200 62.3840 65
62.4160 62.4800 67
62.5120 62.5440 66
62.5760 63.3440 65
63.3760 63.5040 64
63.5360 63.6640 63
63.8880 64.1440 62
64.2720 64.3680 60
64.4960 64.9760 60
65.7120 65.8080 59
65.8400 66.0320 60
66.0640 66.1920 62
66.3840 66.4480 63
66.4800 66.6080 64
66.6400 66.8640 62
66.8960 67.0240 61
67.0560 67.4400 64
67.4720 67.6640 65
67.6960 67.9840 67
68.2400 68.2400 64
68.2720 68.3360 67
68.3680 68.5920 64
68.6240 68.6560 63
68.7840 68.8800 62
68.9120 69.1040 63
69.1360 69.7760 62
70.4480 70.6080 55
70.6400 70.6720 56
70.7040 70.7360 58
70.7680 70.8000 59
70.8320 70.9280 60
70.9600 71.3440 62
71.3760 71.4400 64
71.4720 71.5040 63
71.5360 71.9520 62
71.9840 72.0160 63
72.0480 72.2080 64
72.2400 72.5920 65
72.6240 72.6880 67
72.7200 72.7840 64
72.8160 72.9760 67
73.0080 73.1040 66
73.1360 73.3920 67
73.4240 73.4560 68
73.4880 73.5840 69
73.7760 73.9680 67
74.0000 74.0960 66
74.1280 74.1920 72
74.3840 74.4800 62
74.5120 74.5440 63
74.5760 74.7680 64
74.8000 74.8320 63
74.9920 75.2160 60
75.2480 75.4080 59
75.6640 75.6960 59
75.7280 75.8240 60
75.8560 76.2400 59
76.2720 76.3360 60
76.3680 76.7200 62
76.8480 76.9440 62
76.9760 77.3280 64
77.3600 77.3920 63
77.4240 77.7760 60
77.8080 77.8400 59
78.0960 78.2560 67
78.2880 78.2880 65
78.4480 78.5760 59
78.6080 78.6720 58
78.7040 78.8000 56
79.0240 79.2480 60
79.2800 79.6000 59
79.6320 79.8560 60
80.5920 80.8160 60
80.8480 81.0400 57
81.1680 81.2640 59
81.2960 81.6800 62
81.8080 81.9040 62
81.9360 82.3200 64
82.3520 82.5120 63
82.5440 82.6080 64
82.6400 83.1520 65
83.1840 83.1840 63
83.3760 83.4400 62
83.4720 83.5680 64
83.6000 83.9200 62
83.9520 84.0800 60
84.2400 84.5280 60
84.5600 84.6880 59
85.5200 85.7760 60
85.8080 85.9680 62
86.1920 86.2240 63
86.2560 86.3520 64
86.3840 86.4160 63
86.4480 86.6400 62
86.7680 86.8320 62
86.8640 87.0560 63
87.0880 87.1840 65
87.2160 87.3120 64
87.3440 87.4080 65
87.4400 87.4720 66
87.5040 87.7600 67
87.9840 88.1760 67
88.2080 88.3360 65
88.3680 88.4320 64
88.6240 88.8800 63
88.9120 89.5520 62
90.5440 90.6080 58
90.6400 90.7040 60
90.7360 90.7680 61
90.8000 90.9280 62
91.1200 91.1200 60
91.1520 91.1840 62
91.2160 91.2800 64
91.3120 91.5680 62
91.6960 91.7280 62
91.7600 91.9840 63
92.0160 92.1120 65
92.1440 92.2400 64
92.2720 92.3360 65
92.3680 92.4000 66
92.4320 93.2640 67
93.7440 93.8720 66
93.9040 93.9360 63
94.3520 94.5120 64
94.5440 94.5760 63
94.7680 94.9600 60
94.9920 95.1200 59
95.4400 95.5680 60
95.6000 95.6960 59
95.7280 95.8560 57
96.0160 96.1120 60
96.1440 96.1760 61
96.2080 96.4640 62
96.6880 96.7200 62
96.7520 96.7840 63
96.8160 97.1360 64
97.1680 97.2000 63
97.2320 97.4560 60
97.4880 97.5200 59
97.5520 97.6160 58
97.9360 98.0960 55
98.5440 98.6080 55
98.6400 98.7040 56
98.8320 98.9600 59
99.1520 99.3760 59
99.4080 99.6640 60
100.4000 100.5600 60
100.5920 100.6240 58
100.6560 100.9440 57
100.9760 101.0400 59
101.0720 101.3920 62
101.6160 102.2880 64
102.3200 102.4800 63
102.5120 102.7360 65
102.7680 102.8960 62
102.9280 103.1200 63
103.4080 103.4720 63
103.5040 103.5680 62
103.7280 104.3360 60
104.6880 104.7840 58
104.8160 104.8800 59
104.9120 106.8320 60
107.1520 107.6960 59
107.7280 107.8560 58
107.8880 108.0160 59
108.0480 108.1120 58
108.1440 108.6560 57
108.7840 108.8480 55
109.0400 109.1040 56
109.1360 109.2960 57
109.3280 109.3600 58
109.3920 109.8080 59
109.8400 110.4800 60
114.0960 114.1280 59
114.1600 114.2240 60
114.2560 114.2880 61
114.3200 114.5440 62
114.5760 114.6080 59
114.6720 114.6720 59
114.7680 114.8000 63
114.8640 114.8640 60
115.2160 115.2480 63
115.2800 115.3760 64
115.4080 115.4720 63
115.5040 115.6640 60
115.7600 115.7600 63
115.8560 116.0160 63
116.1120 116.3040 63
116.3360 116.5600 60
116.6560 117.0080 60
117.0400 117.1360 59
117.3280 117.9680 59
118.0000 118.0640 58
118.0960 118.5120 57
118.5440 118.8000 56
119.0560 119.1200 57
119.2800 119.5680 59
119.8880 119.9200 60
120.0160 120.3360 60
120.3680 120.4000 59
125.1680 125.3600 58
125.3920 125.5200 59
125.7120 125.8720 60
126.0640 126.2240 57
126.2560 126.3200 58
126.3520 126.5760 60
126.6080 126.7360 59
127.2480 127.6640 57
128.2080 128.3040 60
128.3360 128.4640 59
128.7840 129.1040 60
129.1360 129.2320 59
129.7440 130.2560 57
130.3840 130.5120 59
130.5440 130.8000 60
130.8320 130.9280 59
130.9600 131.2480 57
131.2800 131.5040 60
131.6640 131.7280 57
131.7600 131.8880 58
131.9200 131.9840 60
132.2080 132.4320 57
132.5600 132.8160 59
132.8480 133.0080 62
133.1360 133.2640 60
133.2960 133.6480 62
133.8080 134.0320 60
134.0640 134.1280 62
134.1600 134.1920 63
134.2240 134.3520 64
134.3840 134.4160 65
134.4480 134.4800 66
134.5120 134.9600 67
134.9920 134.9920 63
135.0240 135.5680 60
135.6000 135.8880 62
135.9200 135.9520 61
135.9840 136.7520 60
136.9440 137.0400 58
137.2320 137.2320 58
137.2640 137.3280 60
137.4560 137.7120 59
137.7440 137.8400 60
138.0320 138.2240 60
138.4160 138.4480 59
138.4800 138.8960 60
139.0560 139.1520 59
139.3440 139.4400 65
139.4720 139.8880 67
139.9200 140.0800 60
140.1120 140.1760 63
140.2080 140.4320 64
140.4640 140.4960 63
140.5280 140.6880 62
140.7200 140.7520 61
140.7840 141.5520 60
141.5840 142.0320 59
142.0640 142.1600 58
142.1920 142.3840 57
142.4160 142.4800 58
142.5120 142.6080 59
142.6400 142.8320 58
142.8640 143.2480 59
143.2800 143.3440 58
143.3760 143.5680 57
143.6960 143.7280 56
143.7600 143.8560 57
143.8880 144.1760 55
144.3040 144.3360 65
144.3680 144.4000 66
144.4320 144.7200 67
144.9120 145.0720 60
145.1040 145.1360 63
145.1680 145.2000 62
145.2320 145.7440 60
145.7760 145.9360 61
145.9680 146.0640 62
146.1920 146.4160 55
146.4480 146.6400 60
146.6720 146.9920 59
147.0240 147.0560 58
147.0880 147.3440 57
147.3760 147.6320 59
147.7600 147.7600 59
148.0800 148.0800 60
148.2720 148.4000 62
148.6240 148.7200 63
148.7520 148.9760 64
149.2320 149.5200 63
149.5520 150.0960 65
150.1280 150.3840 64
150.4160 150.5120 62
150.5440 150.7040 63
151.0880 151.2160 62
151.4080 151.4400 66
151.4720 151.6000 67
151.6320 151.6640 66
151.6960 152.5600 65
152.5920 152.6560 63
152.6880 152.7520 64
152.9440 153.2320 62
153.2640 154.0000 60
154.8320 154.9920 60
155.0240 155.0880 61
155.1200 155.2480 62
155.2800 155.3120 60
155.4080 155.4720 59
155.5040 155.5360 63
155.5680 155.6640 64
155.6960 156.0800 62
156.1120 156.1440 63
156.1760 156.4320 64
156.4640 156.5920 63
156.6240 156.6880 65
156.7200 156.9120 64
156.9440 157.0400 67
157.2320 157.3280 66
157.3600 157.4560 67
157.4880 157.6480 65
157.6800 157.7440 64
157.8720 158.0000 62
158.0320 158.0960 64
158.1280 158.1920 63
158.2240 158.3840 60
158.4160 158.4800 61
158.5120 158.8960 62
159.5360 159.6640 55
159.6960 159.7600 56
159.7920 159.8880 59
159.9200 160.0160 60
160.0480 160.2080 62
160.3360 160.4000 62
160.4320 160.5920 63
160.6240 161.0720 62
161.1040 161.2640 64
161.2960 161.6800 65
161.7120 161.7760 66
161.8080 161.8720 64
161.9040 162.0960 67
162.1280 162.1920 65
162.2240 162.4800 67
162.5120 162.6080 68
162.8640 163.0240 67
163.4720 163.6000 62
163.6320 163.7920 64
163.8240 163.8560 63
164.0480 164.3040 60
164.3360 164.4640 59
164.7520 164.7840 58
164.8160 164.9760 59
165.0080 165.2000 57
165.2320 165.2640 58
165.2960 165.3920 59
165.4240 165.8080 62
165.9360 166.0320 62
166.0640 166.1280 64
166.1600 166.2560 63
166.2880 166.3840 64
166.4160 166.4800 63
166.5120 166.8960 60
167.1840 167.3440 67
167.5360 167.6000 60
167.6320 167.6640 59
167.6960 167.7280 58
167.7600 167.8560 57
168.1120 168.4000 60
168.4320 168.6880 59
168.7200 168.9440 60
168.9760 169.0080 59
169.6800 169.8720 59
169.9040 169.9360 58
169.9680 170.1600 57
170.1920 170.2240 58
170.2560 170.3200 59
170.3520 170.7360 62
170.8640 170.9920 63
171.0240 171.4080 64
171.4400 171.5680 63
171.6000 171.7920 64
171.8240 172.2400 65
172.2720 172.2720 63
172.4320 172.4640 62
172.4960 172.8160 63
172.8480 172.9760 62
173.0080 173.0400 61
173.0720 173.7120 60
173.7440 173.7760 59
174.6080 174.6400 59
174.6720 174.8960 60
174.9280 175.0560 62
175.2480 175.4720 63
175.5040 175.8560 62
175.8880 175.9200 63
175.9520 176.1120 64
176.1440 176.7200 65
176.7520 176.8160 67
177.0720 177.2320 66
177.2640 177.5520 65
177.6800 177.7760 62
177.8080 177.9040 64
177.9360 178.0000 63
178.0320 178.1920 62
178.3200 178.7680 62
179.5360 179.6320 59
179.6640 179.7920 60
179.8240 179.9520 62
179.9840 180.0160 61
180.1440 180.1760 59
180.2080 180.4320 63
180.4640 180.6240 62
180.7200 180.7840 62
180.8160 181.0400 63
181.0720 181.3280 64
181.3600 181.4880 65
181.5200 182.3200 67
182.3520 182.4160 69
182.8320 182.8960 66
182.9280 182.9600 65
182.9920 183.0560 61
183.2480 183.3760 62
183.4080 183.5680 64
183.6000 183.6960 63
183.8240 184.0160 60
184.0480 184.1440 59
184.5280 184.7520 59
184.7840 184.9440 57
185.1040 185.1680 60
185.2000 185.2320 61
185.2640 185.5520 62
185.7440 185.8080 62
185.8400 186.2240 64
186.2560 186.2880 63
186.3200 186.5440 60
186.5760 186.6720 59
186.9600 187.1520 67
187.1840 187.1840 65
187.6640 187.7600 57
187.9200 188.0480 59
188.2080 188.4640 59
188.4960 188.7200 60
189.4560 189.5840 60
189.6160 189.6480 59
189.6800 189.7120 58
189.7440 190.0000 57
190.0320 190.0960 60
190.1280 190.1600 61
190.1920 190.4480 62
190.6720 190.8640 64
190.8960 190.9600 63
190.9920 191.2480 64
191.2800 191.3440 65
191.3760 191.4720 64
191.6000 191.8240 65
191.8560 192.0160 63
192.0480 192.1440 64
192.4960 192.6240 62
192.8160 193.3600 60
193.7760 193.9360 59
193.9680 194.9600 60
194.9920 194.9920 63
195.0240 195.1520 65
195.1840 195.5360 67
195.5680 195.6000 66
195.6320 195.7280 63
195.7600 195.9520 64
195.9840 196.0480 63
196.0800 196.1760 60
196.2080 196.5600 59
196.5920 196.6880 61
196.7200 196.7520 60
196.7840 197.2960 59
197.7440 198.0000 55
198.1280 198.2240 63
198.2560 198.4160 64
198.4480 198.5760 59
198.6080 198.8000 58
198.8320 198.9600 59
198.9920 199.9200 60
199.9520 200.0160 65
200.0480 200.0800 66
200.1120 200.4000 67
200.5280 200.6560 62
200.6880 200.7200 63
200.7520 200.8800 64
200.9120 200.9440 63
200.9760 201.8720 62
201.9040 201.9360 63
201.9680 202.0960 64
202.1280 202.1600 63
202.1920 202.2880 62
202.4160 202.7360 62
202.7680 202.9600 60
203.0880 203.4080 60
203.4400 203.6000 62
203.6320 203.6320 59
203.7600 203.7600 59
203.7920 203.8560 63
204.0480 204.2080 60
204.2400 204.4000 63
204.4320 204.7520 60
204.9760 204.9760 64
205.0720 205.2000 67
205.3280 205.3920 65
205.4240 205.6480 63
205.6800 205.9040 64
205.9360 206.0000 63
206.0320 206.0960 61
206.1280 206.2240 60
206.3200 206.3200 60
206.3520 206.5120 62
206.5440 206.7040 59
206.9600 207.3440 59
207.5040 207.6960 67
207.7280 207.7920 66
207.8240 207.8240 63
208.2080 208.2080 57
208.4000 208.5280 59
208.9440 209.1040 59
209.1360 209.6480 60
209.8080 209.9360 63
209.9680 210.0320 64
210.0640 210.1280 65
210.1600 210.2240 67
210.2560 210.3840 68
210.4160 210.4480 67
210.4800 210.6080 63
210.6400 210.7680 64
210.8000 210.9920 63
211.0240 211.5360 62
211.6960 211.7920 62
211.8240 211.8560 63
211.8880 212.0480 64
212.0800 212.1120 63
212.1440 212.5600 62
212.5920 212.6880 61
212.7200 213.0720 60
214.2240 214.2560 59
214.2880 214.4800 60
214.5120 214.6720 62
214.8000 214.8640 62
214.8960 215.0560 63
215.0880 215.2800 62
215.4080 215.5040 62
215.5360 215.6960 64
215.7280 216.1120 65
216.1440 216.4000 67
216.6240 216.8160 67
216.8480 216.8800 66
216.9120 217.1040 65
217.2320 217.3600 62
217.3920 217.4880 64
217.5200 217.5520 63
217.5840 217.7440 62
217.8720 218.2240 62
218.5760 218.6720 59
218.8960 219.0560 55
219.0880 219.1520 56
219.1840 219.2480 59
219.2800 219.3440 60
219.3760 219.4080 61
219.4400 219.7600 62
219.7920 219.8240 63
219.8560 219.9200 64
219.9520 219.9840 63
220.0160 220.4000 62
220.4320 220.4640 63
220.4960 220.5600 64
220.5920 221.0400 65
221.0720 221.8720 67
221.9040 221.9360 68
221.9680 222.0960 69
222.2240 222.5120 55
222.6720 222.7360 55
222.7680 222.8000 56
222.9600 223.0240 63
223.0560 223.0560 60
223.0880 223.0880 58
223.2480 223.6640 60
223.6960 223.9200 62
224.2720 224.3360 61
224.3680 224.5280 56
224.5600 224.6240 57
224.6560 224.7200 60
224.7520 224.7840 62
224.8160 224.8480 63
224.8800 225.2640 64
225.2960 225.4240 63
225.4560 225.5200 64
225.5520 225.6480 63
225.6800 225.8080 64
225.8400 225.8720 62
225.9040 226.3840 60
226.5760 226.7360 67
226.9920 227.0240 59
227.0560 227.1200 57
227.1520 227.2800 56
227.3120 227.3440 55
227.5040 227.7920 60
227.8240 227.8880 59
227.9200 228.5280 60
228.5600 229.0080 62
229.0400 229.2000 59
229.2320 229.3920 62
229.4560 229.6160 59
229.7120 229.7120 59
229.7440 229.8080 62
229.8400 230.0320 63
230.0640 230.1920 64
230.2240 230.3840 63
230.4160 230.7680 64
230.8000 230.9600 63
230.9920 231.1520 64
231.1840 231.6960 65
231.7280 231.7600 64
231.7920 231.8560 62
231.8880 232.1760 63
232.2080 232.4000 62
232.4320 232.5280 60
232.5600 232.5920 59
232.7200 233.1040 60
233.1360 233.1680 59
234.0000 234.2880 60
234.3200 234.4480 62
234.6400 234.6720 63
234.7040 234.7680 64
234.8000 234.8640 63
234.8960 235.2480 62
235.2800 235.3120 63
235.3440 235.5040 64
235.5360 235.6000 65
235.6320 235.7920 64
235.8240 235.9200 65
235.9520 236.0160 64
236.0480 236.2080 67
236.4320 236.6240 67
236.6560 236.9120 65
237.0400 237.0720 62
237.1040 237.1680 63
237.2000 237.2640 64
237.2960 237.3600 63
237.3920 238.0000 62
238.8960 239.0880 59
239.1200 239.1840 60
239.2160 239.3440 62
239.3760 239.4400 61
239.5680 239.6000 62
239.6320 239.6640 63
239.6960 239.7920 64
239.8240 240.1760 62
240.2080 240.2400 63
240.2720 240.7200 64
240.7520 240.8800 65
240.9120 241.2640 67
241.2960 241.3600 66
241.3920 241.6800 67
241.7120 241.7760 68
242.0000 242.0640 67
242.1920 242.2880 67
242.3200 242.3520 65
242.3840 242.4480 61
242.6080 242.7360 62
242.7680 242.9600 64
242.9920 243.0240 63
243.0560 243.0880 62
243.2160 243.4400 60
243.4720 243.6000 59
243.8880 244.1120 59
244.1440 244.3360 57
244.4640 244.6240 60
244.6560 244.9120 62
245.1040 245.1360 62
245.1680 245.2000 63
245.2320 245.6480 64
245.6800 245.9040 60
245.9360 246.0640 59
246.3200 246.5120 67
246.5440 246.5760 65
246.6080 246.6400 60
246.9920 247.0560 55
247.0880 247.1520 56
247.2800 247.4080 59
247.6000 247.8240 59
247.8560 248.1440 60
248.8480 248.8800 59
248.9120 248.9760 60
249.0080 249.0720 59
249.1040 249.3600 57
249.3920 249.5520 60
249.5840 249.8400 62
250.0640 250.6720 64
250.7040 250.7680 65
250.8000 250.8320 64
250.8640 250.9280 63
250.9600 250.9920 64
251.0240 251.1840 65
251.2160 251.3760 63
251.4080 251.5040 64
251.5360 251.6000 63
251.8880 252.0800 62
252.1120 252.2720 60
252.3040 252.4320 59
252.4640 252.7520 60
253.1360 253.2640 59
253.2960 254.0640 60
257.1680 257.4240 56
257.4560 257.5520 57
