12.1440 12.4000 55
30.4160 30.4800 55
30.5120 30.6400 56
30.6720 31.3440 57
31.5360 31.7600 55
31.7920 32.7200 57
32.9120 33.0720 56
33.2000 33.9040 57
34.6080 34.7040 60
34.8320 34.9280 60
34.9600 35.0560 62
35.2160 35.4400 60
36.3040 36.4320 52
36.4640 37.0720 53
37.1040 37.4560 52
37.4880 38.3200 53
38.8000 38.8960 51
39.0880 39.9200 53
40.4320 40.4960 49
40.6560 41.0400 50
41.0720 41.2640 52
41.3920 41.6160 53
41.6480 41.6800 52
41.7120 41.8080 51
41.8400 41.8720 56
41.9040 42.0000 57
42.0320 42.0960 58
42.1280 42.2880 60
42.3200 42.9600 62
42.9920 43.0240 60
43.0560 43.1200 56
43.1520 43.2800 60
43.4080 43.5680 60
43.6000 44.4320 62
44.4640 44.7200 60
44.9440 45.2000 62
45.2320 45.2640 61
45.2960 45.5840 60
45.6160 45.6480 58
45.6800 46.5760 57
46.6080 46.6400 56
47.6320 47.8560 57
47.8880 47.9200 56
47.9520 48.0800 55
48.1120 48.1440 56
48.1760 48.2720 57
48.3040 48.3360 56
48.3680 49.6160 55
49.6480 49.7120 54
50.3200 50.3840 48
50.4160 50.4480 49
50.4800 50.8320 50
50.8640 51.0240 49
51.0560 51.1840 50
51.3120 51.9520 48
53.7120 53.8080 54
53.8400 53.9680 56
54.0000 54.7680 57
54.9280 55.0560 55
55.1840 56.1440 57
56.1760 56.3040 61
56.3360 56.3680 57
56.4000 56.6240 55
56.6560 57.2640 57
57.2960 57.3600 56
58.0640 58.1280 60
58.1600 58.2560 59
58.2880 58.3200 61
58.3520 58.5760 62
58.6080 58.6400 61
58.6720 58.8000 60
58.9600 59.1200 59
59.3440 59.4080 54
59.4400 59.5360 53
59.5680 59.8560 52
59.8880 60.5920 53
60.7520 60.8480 52
61.0400 61.1680 52
61.2000 62.0320 53
62.0640 62.3200 52
62.4800 62.7040 53
62.7360 62.8320 52
62.8640 63.2800 50
63.8240 64.2080 50
64.4640 64.7200 52
64.7520 64.9440 53
65.2000 65.2960 57
65.5520 65.5840 59
65.6160 65.8080 60
65.8400 66.3520 62
66.3840 66.4480 58
66.6080 66.7040 60
66.8960 67.8880 62
67.9200 68.1120 60
68.3680 68.5920 62
68.6240 69.0400 60
69.0720 70.1600 57
70.1920 70.2240 56
70.8000 70.8640 50
71.4080 71.4720 55
71.5040 71.6320 57
71.7600 72.1120 55
72.1440 72.1760 56
72.2080 72.3360 57
72.4640 72.7840 58
72.8160 72.9120 61
72.9440 73.1360 62
73.1680 73.2000 61
73.2320 73.6480 60
73.6800 73.9040 62
73.9360 74.1280 64
74.3200 74.3520 64
74.3840 74.5440 65
74.7040 74.9280 64
75.0560 75.2160 65
75.2480 75.2800 64
75.4080 75.6960 67
75.7280 75.8240 68
75.8560 76.4000 69
76.4320 76.4640 68
76.4960 76.8160 67
76.8480 76.8480 65
76.8800 79.7920 60
81.4240 81.5200 55
81.6480 81.6800 63
81.7120 81.9040 65
82.0960 82.2880 64
82.4480 82.6400 60
82.8000 84.2400 55
84.2720 86.3520 57
86.3840 86.4160 58
86.4800 86.5120 58
87.0560 87.0880 51
87.1200 87.1520 52
87.1840 87.3440 53
87.3760 87.3760 55
87.4080 87.4080 58
87.4400 87.4720 62
87.5040 87.6960 65
87.8240 88.1120 64
88.2400 88.3360 60
88.6240 89.5520 55
89.6800 90.0320 55
90.0640 90.0960 54
90.1280 90.2560 53
90.3840 90.6400 55
90.7680 90.8960 58
90.9280 91.3120 60
91.5040 91.6000 56
91.6320 92.5600 57
92.5920 92.6240 56
93.0400 93.1040 49
93.2960 93.3920 48
93.4880 93.4880 49
93.5840 93.6160 50
93.6480 93.9360 52
93.9680 94.1920 53
94.3520 94.4160 59
94.4480 94.7040 57
94.7360 94.7680 60
94.8000 94.8320 61
94.8640 95.4080 62
95.4400 95.5360 66
95.5680 95.5680 64
95.6000 95.6960 62
95.7280 95.7600 60
95.7920 95.8560 59
96.6880 96.9120 52
96.9440 97.1040 53
97.3600 97.8080 57
97.8400 98.2880 60
99.1520 99.2480 49
99.2800 99.4400 50
99.5680 99.9840 52
100.0160 100.0800 53
100.2400 100.2720 56
100.3040 100.6240 57
100.6560 100.6560 60
100.6880 101.0400 62
101.0720 101.4560 60
101.4880 101.7120 62
101.7440 101.9680 64
102.1280 102.2240 63
102.2560 102.3520 65
102.4800 102.8960 64
102.9280 103.1200 65
103.2480 103.3760 67
103.5680 103.5680 60
103.6000 105.6160 64
105.6480 105.6480 61
106.5440 106.5760 55
106.6080 106.6720 56
106.7040 107.3440 57
107.6000 107.6640 55
107.8880 108.7520 57
109.0400 109.2000 55
109.2320 109.2960 56
109.3280 110.1920 57
110.2240 110.2560 56
110.6400 110.7360 60
110.9280 110.9600 60
110.9920 111.2480 62
111.2800 111.4080 60
111.4400 111.4400 56
111.4720 111.4720 54
111.6640 111.8240 53
112.4000 112.4320 52
112.4640 113.2000 53
113.2320 113.5200 52
113.7440 114.6080 53
114.8960 115.1200 52
115.1520 115.9840 53
116.8160 116.9760 50
117.1680 117.3600 52
117.5200 117.7760 53
117.8080 118.0640 57
118.1920 118.1920 57
118.2240 118.2560 60
118.2880 118.3520 61
118.3840 119.1840 62
119.2160 119.3440 60
119.6000 119.6960 60
119.7280 120.5280 62
120.5600 121.0400 60
121.0720 121.2960 62
121.4880 121.6160 60
121.7440 122.8320 57
122.8640 122.9920 60
123.7280 123.7920 52
123.8240 123.9520 56
123.9840 124.0480 54
124.0800 124.2080 55
124.2400 124.3680 56
124.4960 124.9120 55
124.9440 125.0720 57
125.1040 125.3920 58
125.5520 125.6480 60
125.6800 125.8400 62
125.8720 126.3520 60
126.3840 126.6080 62
126.6400 126.8640 64
126.9920 127.0240 64
127.0560 127.3120 65
127.3440 127.5680 64
127.7280 127.7600 64
127.7920 127.9520 65
128.1120 128.5600 67
128.5920 128.9760 69
129.1040 129.4880 67
129.5200 129.5200 63
129.5520 129.7760 60
129.9040 130.5760 60
131.3440 131.3760 61
131.4080 131.4400 62
131.4720 131.6000 65
131.7600 131.9840 64
132.1440 132.1760 59
132.2080 132.3680 60
132.5280 133.9680 55
134.0000 136.0480 57
136.7840 137.1680 53
137.2320 137.2320 56
137.2640 137.2640 58
137.2960 137.3280 63
137.3600 137.4560 65
137.6160 137.8400 64
138.0000 138.0960 60
138.3840 139.3120 55
139.4400 139.7600 55
139.7920 139.9840 53
140.0160 140.0800 54
140.1120 140.4320 55
140.5600 140.6880 58
140.7200 141.0400 60
141.2640 141.4880 56
141.5200 142.1600 57
142.2240 142.2560 57
143.7600 144.1760 53
144.2080 144.4960 57
144.5280 144.6560 60
144.6880 145.2000 62
145.2320 145.3280 65
145.3600 145.3920 62
145.4880 145.6800 57
146.0640 146.3520 50
146.3840 146.6720 52
146.7040 146.9600 53
147.1520 147.4720 57
147.5040 147.5680 59
147.6000 148.0800 60
148.8160 149.0080 50
149.2960 149.7120 52
149.7440 149.9360 53
149.9680 150.0640 56
150.0960 150.3200 57
150.3520 150.4800 60
150.5120 150.7680 62
150.8000 151.1840 60
151.2160 151.5040 62
151.5360 151.7600 64
151.9200 151.9840 64
152.0160 152.1440 65
152.2720 152.6240 64
152.6560 152.8160 65
152.9760 153.0720 67
153.1040 153.1040 65
153.2640 153.2960 63
153.3280 153.9040 64
153.9360 154.0320 67
154.0640 154.0960 65
154.1280 154.2560 63
154.7680 154.8640 62
154.8960 154.9920 65
155.1520 155.3120 64
155.5360 155.6960 60
156.0160 157.3920 55
157.4240 159.4720 57
159.5040 159.5040 59
159.5360 159.6320 62
160.2720 160.3360 63
160.3680 160.4320 64
160.4640 160.8800 65
161.0400 161.3280 64
161.3600 161.6160 60
161.6480 161.7120 57
161.7440 161.9360 55
162.0960 162.6080 55
162.6400 162.7040 56
162.7360 162.8000 54
162.8320 163.0560 55
163.2160 163.2480 52
163.2800 163.4720 53
163.5040 163.8560 55
163.9520 163.9520 56
163.9840 164.0800 58
164.1120 164.4960 60
164.7200 164.7520 55
164.7840 165.6800 57
165.7120 165.7760 56
165.9360 166.0320 57
166.8640 167.2480 52
167.2800 167.4400 53
167.6000 167.8240 57
167.9840 168.0160 59
168.0480 168.1760 60
168.2080 168.7520 62
169.4560 169.7120 62
169.7440 169.8080 63
169.8400 169.8400 65
169.8720 170.0960 67
170.2240 170.4480 64
170.4800 170.7040 62
170.7360 170.7680 60
170.8000 170.8960 57
170.9280 171.5680 60
171.6000 171.6640 62
171.6960 171.7280 61
171.7600 171.8240 60
172.0800 172.1120 61
172.1440 172.2400 62
173.4560 173.6800 57
173.9040 174.0640 62
174.2240 174.6400 60
174.6720 174.8960 62
174.9280 175.2480 64
175.2800 175.3440 63
175.3760 175.5680 65
175.6000 175.9200 64
175.9520 176.0480 63
176.0800 176.3360 65
176.3680 176.5920 67
176.6240 177.4560 64
178.1920 178.2240 65
178.2560 178.2560 67
178.2880 178.4480 69
178.5760 178.7040 69
178.7360 179.0560 67
179.0880 179.4720 65
179.6320 182.5440 65
183.5680 183.6960 64
191.8560 191.9520 59
192.3360 192.4320 52
192.4640 192.5920 53
192.6240 192.6880 54
192.8160 192.9120 63
192.9440 193.0720 65
193.2640 193.3920 64
193.5840 193.8400 60
193.9680 195.2480 55
195.4080 197.4240 57
198.2560 198.6080 53
198.6400 198.6720 59
198.7040 198.7680 62
198.8000 198.8640 65
199.0880 199.3120 64
199.4720 199.5680 59
199.8560 200.1760 55
200.2080 200.3360 53
200.3680 200.8160 55
200.9760 201.1680 55
201.2000 201.5200 53
201.6480 201.8720 55
202.0320 202.0640 58
202.0960 202.5760 60
202.7360 202.8320 55
202.8640 203.2160 57
203.2480 203.2800 56
203.3120 203.4080 55
203.4400 203.8240 53
204.3360 204.4320 49
204.5920 204.9440 50
204.9760 205.2320 52
205.2640 205.4560 53
205.6800 205.9680 57
206.0000 206.0320 58
206.0640 206.0960 59
206.1280 206.1920 60
206.2240 206.8960 62
206.9280 206.9280 59
207.3120 207.3760 49
207.5360 207.6640 49
207.6960 207.8240 50
207.8560 207.9200 51
207.9520 208.1760 52
208.2080 208.3040 53
208.3360 208.4000 54
208.6240 208.9440 57
208.9760 209.1040 58
209.1360 209.5200 60
209.5520 209.6160 59
210.0320 210.5120 48
210.5440 210.5760 49
210.6080 210.7680 50
210.8000 210.8640 51
210.8960 211.2800 52
211.3120 211.3760 54
211.5360 211.8560 57
211.8880 211.9840 60
212.0160 212.1760 62
212.2080 212.7200 60
212.7520 213.0080 62
213.0400 213.2640 64
213.3920 213.4560 64
213.4880 213.6160 65
213.7760 214.0960 64
214.1280 214.2880 65
214.4800 214.5760 67
214.6080 214.6400 66
214.6720 214.7360 63
214.7680 215.6000 64
215.6320 215.7280 67
216.1760 216.3040 64
216.3360 216.5280 65
216.6560 216.8800 64
217.0080 217.2320 60
217.3600 218.7360 55
218.8640 220.9120 57
220.9440 220.9760 54
221.0080 221.0720 52
221.8720 222.2240 63
222.5440 222.7360 64
222.8640 223.1520 60
223.1840 223.4400 55
223.6000 224.0800 55
224.1120 224.2080 53
224.2400 224.3360 56
224.3680 224.5280 55
224.6880 224.9760 53
225.0080 225.0400 54
225.0720 225.2960 55
225.4560 225.5520 59
225.5840 225.9360 60
225.9680 225.9680 57
226.0000 226.2560 55
226.2880 227.1200 57
227.1520 227.1840 56
227.6640 227.7600 51
227.9200 228.0160 49
228.0480 228.2720 50
228.3040 228.6240 52
228.6560 229.0080 53
229.0400 229.2320 57
229.4560 229.4880 60
229.5200 229.5840 61
229.6160 230.3200 62
230.4480 230.5120 59
230.9600 230.9920 61
231.0240 231.2160 62
231.2480 231.3120 65
231.3440 231.5680 67
231.6000 231.9200 64
231.9520 231.9840 63
232.0160 232.2400 62
232.4000 233.5200 60
233.5520 233.6480 61
234.7040 234.8960 53
234.9280 234.9600 56
234.9920 235.2480 57
235.2800 235.3760 61
235.4080 235.6320 62
235.6640 236.1120 60
236.1440 236.3680 62
236.4000 236.7520 64
236.7840 237.0400 65
237.0720 237.4880 64
237.5200 237.6480 65
237.6800 237.7120 66
237.7440 238.0640 67
238.0960 238.8640 64
238.9600 239.0560 65
239.0880 239.2800 64
239.6960 239.7600 63
239.7920 240.0160 65
240.0480 240.2400 64
240.4000 240.6240 60
241.1040 242.2880 55
242.3200 244.4000 57
244.4320 244.5600 62
245.0720 245.0720 59
245.1040 245.2640 62
245.5200 245.6480 63
245.6800 245.9040 65
245.9360 246.1920 64
246.2240 246.2560 62
246.2880 246.3840 61
246.4160 246.4800 60
246.6400 246.8640 55
246.8960 246.9280 56
246.9600 246.9600 59
246.9920 246.9920 62
247.0240 247.1200 66
247.1520 247.5680 67
247.7280 248.0480 67
248.0800 248.3680 65
248.4000 248.6880 67
248.9120 249.0720 58
249.1040 249.2960 60
249.5520 249.6800 67
249.7120 250.0640 69
250.0960 250.2560 67
250.2880 250.6400 65
250.6720 250.7360 62
250.7680 250.7680 59
251.4080 251.6320 50
251.6640 251.7280 51
251.7600 251.8560 52
252.1440 252.2720 53
252.5280 252.7840 57
252.8160 252.8800 60
252.9120 252.9760 61
253.0080 253.6160 62
253.6480 253.7120 65
254.1280 254.6400 62
254.6720 254.7360 65
254.7680 254.8960 67
255.0560 255.3760 64
255.4080 255.5040 63
255.5360 255.7600 62
255.7920 256.4960 60
256.5280 256.5280 55
256.8800 257.1360 50
257.2640 257.5840 50
257.6160 257.7760 52
258.0000 258.2880 53
258.3200 258.3200 55
258.3520 258.5760 57
258.7360 258.9600 62
259.0880 259.3440 60
259.4720 259.7920 62
259.8240 260.0800 64
260.2080 260.4320 65
260.5920 260.9440 64
260.9760 261.2000 65
261.3280 261.4560 67
261.5840 262.4160 64
262.4480 262.5120 65
262.5440 262.6720 66
263.1520 263.2160 67
263.2480 263.4080 69
263.5360 263.5360 67
263.5680 263.6960 70
263.8880 264.1120 67
264.1440 264.3360 65
264.4640 264.6240 65
264.8160 267.3120 65
267.8560 268.0160 67
269.5200 269.6160 58
