7.9200 7.9520 58
7.9840 8.0800 59
9.9680 9.9680 67
12.8160 12.9120 64
12.9440 12.9760 63
22.0960 22.1600 63
27.4720 27.5360 62
27.8240 27.9200 58
27.9520 28.0800 59
28.1120 28.3680 58
29.7440 30.0000 59
30.1280 30.2240 59
30.2560 30.2880 60
30.3200 30.3520 62
30.6720 30.7680 61
32.2080 32.3360 61
32.3680 32.7520 62
32.7840 32.9120 65
33.0400 33.2000 64
33.2320 33.3280 63
34.6400 34.6400 58
34.6720 34.7040 61
34.7360 34.8960 62
34.9280 35.1200 61
35.1520 35.1520 59
35.5040 35.7280 59
37.4240 37.5200 69
38.1920 38.1920 67
38.2240 38.2240 69
38.2560 38.4160 72
38.4480 38.4800 71
38.9280 39.0880 71
39.1200 39.2160 69
39.2480 39.2800 70
39.3120 39.6640 71
39.8880 39.8880 70
40.1760 40.3680 65
40.4000 40.5920 64
40.6240 40.6560 62
40.7520 41.5200 62
42.4160 42.4160 62
42.7680 42.8000 62
42.8640 42.9920 62
43.1200 43.9840 64
44.1760 44.3360 66
44.6880 44.7520 65
45.0720 45.1360 61
45.3920 45.7760 59
47.5680 47.6000 58
47.6320 48.0480 61
48.2400 48.3680 61
48.4000 49.0720 62
49.2640 49.6480 65
50.1280 50.1280 59
50.1600 50.3840 62
50.5440 50.7680 62
50.8960 51.0240 62
51.0560 51.2160 64
51.2480 51.3120 65
51.5360 51.7920 64
51.8240 51.8240 62
52.7840 53.5840 62
53.6160 53.6800 64
53.8080 54.3520 64
54.4800 54.5760 61
54.6080 54.6720 59
54.7040 54.8320 57
55.3440 55.4400 65
55.4720 55.6320 66
55.6640 55.7280 65
55.7600 55.8240 64
55.8560 55.8560 62
56.1440 56.6240 62
57.0080 57.1040 59
57.8720 57.9360 60
57.9680 58.0000 58
58.0320 58.7680 57
58.8000 58.8320 58
58.8960 59.7920 59
60.6560 60.7200 59
60.8800 61.2640 59
61.3920 62.4800 62
63.3440 63.9840 62
64.0160 65.1680 64
65.9360 66.0320 62
66.0640 66.1600 61
66.1920 66.5760 59
66.9280 66.9920 59
67.0560 67.4400 59
69.3920 69.4240 59
70.0320 70.1280 59
72.1120 72.1120 62
72.1760 72.1760 62
72.7520 72.9120 62
73.8080 73.8720 62
74.5440 74.6080 64
74.6400 74.6720 69
74.7040 74.8000 64
74.8960 74.8960 64
74.9600 75.5040 64
78.9920 79.0560 60
79.0880 79.6000 59
79.6320 79.7280 62
79.9520 79.9840 57
80.0160 80.0800 58
80.1120 80.2720 59
80.3040 80.4320 56
81.3920 81.4880 64
81.5200 81.5520 65
81.5840 81.8400 66
81.8720 81.9040 64
82.0320 82.2240 62
82.2560 82.2880 61
82.5120 82.5760 61
82.6080 82.8960 62
82.9280 83.0560 64
84.0480 84.1440 62
84.3040 84.8160 62
85.1680 85.2320 64
85.5840 85.6160 62
85.6480 85.8080 64
85.8720 85.9360 66
86.6080 86.7040 67
86.7360 86.7680 66
86.9920 87.0240 70
87.0560 87.1200 71
87.1520 87.5040 72
87.5360 87.6000 71
88.3680 88.4960 62
89.9040 90.0000 66
90.2560 90.3520 68
90.3840 90.6080 71
91.2800 91.4400 63
91.9520 92.7200 59
92.8800 93.0080 59
93.0400 93.2000 62
94.8640 94.9280 64
94.9600 94.9920 62
95.1840 95.2480 64
95.5680 95.7600 64
96.4320 96.5280 69
96.6560 96.7840 69
97.2640 97.3920 71
98.1920 98.6080 59
98.8640 99.0560 62
99.2480 99.3440 59
99.9200 100.0480 66
100.4960 100.8480 62
101.5200 101.7440 65
101.7760 101.8720 68
102.5120 102.5120 63
102.5440 102.7360 66
102.7680 103.0240 62
103.2800 103.3760 62
103.4080 103.7280 64
105.0080 105.2000 69
105.4240 106.0000 69
106.0320 106.5760 64
106.7360 106.9600 64
107.6640 107.7920 64
108.0160 109.8720 62
110.4160 110.6720 66
110.7680 110.7680 65
111.0880 111.4720 59
112.1760 112.6240 61
113.4560 113.5840 59
113.7120 114.6720 62
115.0240 115.3440 64
115.8240 116.1760 62
116.3360 116.4960 65
116.5280 117.2320 64
117.3280 117.5200 63
118.2240 118.4800 62
118.6080 118.7040 59
118.9600 119.5040 59
119.7280 119.8240 59
120.0480 120.4960 57
120.8800 120.9760 66
122.4800 122.7680 71
122.8960 123.2160 71
123.4400 123.6320 66
123.6960 123.7280 66
123.7920 123.9200 66
124.3360 124.8800 67
125.1680 125.2000 68
125.4880 125.5520 70
125.5840 125.6160 68
126.9600 127.0560 64
127.2800 127.5680 64
128.1440 128.3360 57
129.4560 132.1120 71
134.8320 134.9920 61
135.0240 135.4400 63
135.4720 135.5680 62
135.6000 135.7280 60
135.7600 136.0160 61
136.1440 136.5280 62
136.5600 137.0080 59
137.1680 137.4240 59
137.7760 138.3520 59
138.3840 138.4800 60
138.5120 138.9280 61
139.0560 139.4080 62
139.4400 139.4720 60
139.5040 139.6640 59
139.6960 139.9200 63
140.0800 140.8160 66
140.9760 141.4880 65
141.5200 142.2880 63
142.3200 142.8320 61
142.8640 143.3440 59
143.3760 143.4720 60
143.5040 144.3360 62
144.4640 144.8160 62
144.9440 145.5840 59
145.6160 145.8080 62
145.9360 146.1920 62
146.2240 147.3440 59
147.3760 147.4720 61
147.5040 148.3360 59
148.3680 148.8160 61
148.8480 149.5840 59
149.7120 149.8080 67
149.8400 149.9680 70
150.0000 151.3760 71
151.4080 151.6320 72
151.6640 152.3680 71
152.4320 152.4320 70
152.5280 152.6880 69
153.7120 154.0960 71
155.5680 155.6640 70
157.0080 157.2000 70
157.3920 157.8080 71
157.8720 157.8720 69
157.9360 158.3520 70
158.3840 158.4160 68
158.6400 158.7040 65
160.8800 160.9440 63
162.4800 162.6400 62
163.4400 163.5040 63
163.5360 163.6320 62
164.9120 164.9760 64
165.1680 165.2640 65
166.5120 166.5760 75
166.7360 166.9920 75
168.8160 169.0400 74
169.7120 170.2880 71
170.3200 170.4800 74
174.1600 174.7040 74
178.4480 178.4800 69
178.5120 178.6080 71
178.6400 178.6720 69
178.7040 178.9920 66
179.0240 179.4080 65
179.4720 179.5040 65
179.5360 179.7920 67
179.9840 180.0480 69
181.0720 181.1040 71
181.1360 181.7760 73
182.1920 182.2560 72
182.9920 183.0880 72
183.1200 183.5040 71
183.6960 184.5280 69
184.6880 184.8160 69
184.8480 185.2640 71
185.2960 186.0320 66
186.0640 186.2240 64
186.4480 186.5760 62
186.6080 186.9280 64
186.9600 187.1840 67
188.1440 188.1440 66
188.1760 188.4000 69
188.6240 189.1360 69
189.1680 189.2000 66
189.2320 189.6800 64
189.8720 190.0000 64
190.0320 190.3840 66
190.7360 190.7360 63
190.7680 190.9920 66
191.0240 191.1840 64
191.2160 192.0480 62
192.0800 192.2080 65
192.3680 192.4320 63
192.4640 192.9760 62
193.2640 193.3280 62
195.1200 195.1840 59
197.0720 197.1360 62
197.2960 197.3600 67
197.6800 197.7760 67
198.7680 198.8320 62
199.9840 200.0160 64
200.1760 200.3680 64
202.8000 202.8640 59
204.1760 204.1760 57
205.4240 205.7440 71
206.0320 206.0960 68
206.1280 206.1600 70
206.1920 206.3200 71
206.8640 207.1200 59
207.6640 207.7280 62
208.2080 208.4320 62
208.4640 208.6240 64
209.3920 209.5200 62
209.8720 210.0000 64
210.0960 210.0960 64
210.1600 210.1920 64
210.2880 210.7680 64
213.2320 213.4560 71
213.4880 213.6800 74
213.7120 214.0320 75
214.0640 214.2240 73
214.2560 214.4800 74
214.5120 214.5440 73
214.5760 214.6080 72
215.1520 215.5360 72
215.8560 216.1120 69
216.1440 216.2400 70
216.2720 217.0080 71
219.3760 219.4400 65
221.6160 221.7120 60
222.2880 222.2880 64
224.9440 225.0720 63
225.1040 225.4240 62
225.7120 226.8000 62
226.9280 227.1200 62
227.1520 227.2800 67
227.3120 227.6960 69
228.1120 228.1440 67
228.2080 228.2400 67
228.4640 228.5280 68
228.5600 228.7200 69
228.7840 228.8160 68
228.9120 229.0400 69
229.2000 229.2960 69
229.3280 229.4240 70
229.4560 229.7120 67
229.8080 230.2560 67
230.4800 230.6400 65
230.6720 230.7680 64
230.9920 231.0880 62
231.1840 232.0160 62
232.1760 232.3360 62
232.5280 232.7840 62
236.4000 236.4640 63
237.8400 238.9920 62
239.0240 239.0880 63
