8.2400 8.3360 54
8.6240 9.2000 50
10.0000 10.4800 50
15.0240 15.1520 53
15.3440 15.5360 54
15.5680 15.6320 53
16.1760 16.2720 50
16.4320 16.4640 54
16.4960 16.7840 55
16.8160 17.0080 54
17.2000 17.6160 50
17.6480 17.6800 51
17.7120 17.8080 52
17.8400 17.9040 54
18.0960 18.1920 54
18.2240 18.3520 55
22.1920 22.2560 61
22.2880 22.4160 62
22.6400 22.9280 57
23.1200 23.2480 57
23.2800 23.3760 59
23.5680 23.6000 56
23.6320 23.7920 57
23.9520 24.5600 57
24.5920 24.6240 55
24.6560 24.8480 54
24.8800 25.0400 55
25.0720 25.5520 57
25.7440 25.8080 52
26.0640 26.0960 50
26.1600 26.2240 50
26.4800 26.5120 52
26.5440 26.5760 53
26.6080 26.9600 54
26.9920 27.0240 53
27.0560 27.2800 52
29.3600 29.4240 53
29.4560 29.7760 54
29.8080 29.8400 53
29.8720 29.9040 52
29.9360 29.9680 50
30.0320 30.0960 50
30.1600 30.3200 50
32.4320 32.4960 53
32.5280 33.2000 54
33.3920 34.0960 52
35.0560 35.4080 50
36.5280 37.1360 50
37.2960 37.4560 50
38.3200 38.4480 49
38.6080 38.8000 49
38.8320 38.9280 50
38.9600 39.0880 49
39.1200 39.6640 50
39.9520 40.3040 52
40.3360 40.3680 53
40.4000 40.9120 54
40.9440 41.2320 55
41.4880 41.6480 52
41.7760 42.8640 50
43.7280 43.8560 57
43.8880 43.9200 58
43.9520 44.1760 59
44.4320 44.9760 59
45.0400 45.1680 56
45.2000 45.3280 55
45.3600 45.7120 54
45.7440 45.8400 55
45.8720 45.9040 56
45.9360 46.0640 57
46.1920 46.7360 57
46.7680 46.8000 56
46.8320 46.9280 55
47.1520 48.0800 52
48.1120 48.6560 54
48.8800 48.9440 52
48.9760 49.0400 53
49.2640 49.5840 54
51.1520 51.3120 54
51.4720 51.8880 52
52.4320 52.5600 50
52.8480 52.9760 54
53.0080 53.1360 55
53.5520 53.5840 61
53.6160 54.1600 62
54.1920 54.6080 64
54.6400 54.7360 65
54.7680 55.0240 67
55.0560 55.2800 66
57.1040 57.1360 61
57.1680 57.7120 62
57.7440 58.1920 64
58.2240 58.2560 65
58.2880 58.4480 66
58.5760 59.3440 61
59.5040 59.6640 61
59.6960 60.9760 62
61.2640 61.5520 64
61.7120 61.7440 64
61.7760 61.8080 65
61.8400 62.1280 66
62.1600 62.6400 67
64.1760 64.7840 62
64.8160 64.8480 63
64.8800 65.2640 64
65.2960 65.3280 66
65.3600 65.5840 67
65.6160 65.9360 66
65.9680 66.3520 67
66.3840 66.4800 66
66.6080 66.8640 62
67.0560 68.0800 62
68.4000 68.5280 69
68.7840 69.6160 66
69.6480 70.3200 64
70.5120 70.7680 62
70.8640 70.8640 62
71.3440 71.4080 62
71.8880 71.9840 64
72.0160 72.6240 66
73.7120 73.7760 64
73.8080 73.9040 66
74.0960 74.4480 66
74.4800 75.1200 62
75.4400 75.6640 65
75.6960 75.9200 67
76.1440 76.2400 66
76.4000 76.9760 64
77.0080 77.1040 62
77.2960 77.7760 62
78.1600 78.3840 61
78.4160 79.0560 62
79.0880 79.6640 64
79.6960 79.8240 63
79.9840 80.0480 62
80.0800 80.3360 61
80.6560 80.7520 57
80.7840 80.8480 58
80.8800 80.9440 61
80.9760 81.7440 62
86.1600 86.2240 54
86.3520 86.4160 55
86.4480 86.6080 54
86.6400 86.6720 53
86.7040 86.7360 52
86.7680 86.8000 51
86.8320 87.4400 50
88.0800 88.2080 50
88.9120 88.9760 49
89.0080 89.0720 50
89.8080 89.9360 49
89.9680 90.0640 50
93.2320 93.2960 56
93.3280 93.4240 57
93.5520 94.3520 57
94.5120 94.5760 55
94.6080 94.9280 54
95.1520 95.2160 52
95.2480 96.0160 50
96.6560 97.4880 54
97.5200 97.9040 52
98.0960 98.3520 52
100.1760 100.3680 56
100.4000 100.6560 62
100.8800 101.0720 57
101.3280 101.4240 57
101.4560 101.5520 59
101.7440 101.9040 57
101.9360 102.0000 55
102.1600 102.8320 55
102.8640 103.3120 57
103.9520 104.0480 55
104.0800 104.9440 57
104.9760 105.6480 55
105.6800 106.2240 54
106.2560 106.3520 52
106.3840 106.7680 50
107.5040 107.5360 53
107.5680 107.6640 54
107.7920 108.1120 54
108.2720 108.7200 50
110.6720 111.3760 54
111.6320 112.4320 52
112.8160 113.1040 53
113.3600 113.8720 50
114.0640 114.1600 49
114.7680 114.8960 49
115.0880 115.3760 50
115.5040 115.6960 50
116.4640 116.7200 49
116.8800 116.9760 50
117.2640 117.4880 50
117.9040 118.0320 51
118.1600 118.4480 52
118.6400 118.7680 54
119.0560 119.6000 55
119.7280 119.8240 54
120.0800 120.1440 51
120.2720 120.5600 50
120.8480 120.9760 50
121.7120 121.8400 57
121.8720 122.4160 59
122.6080 123.1840 59
123.2160 123.4080 56
123.4400 123.6960 54
123.9520 124.1760 55
124.2080 124.9440 57
125.2960 126.3200 52
126.3520 126.4800 54
126.6400 126.8640 54
127.0560 127.1840 52
127.2160 127.3760 53
127.5040 127.8880 54
129.3600 129.4240 55
129.4560 129.5520 54
129.6800 130.1280 52
130.6400 130.8000 50
131.1520 131.4080 55
131.7600 132.3680 62
132.4000 132.8160 64
132.8480 132.9440 65
132.9760 133.0400 66
133.0720 133.2640 67
133.2960 133.4880 66
133.5200 133.5520 65
135.2800 135.9200 62
135.9520 136.4640 64
136.4960 136.6560 66
136.7840 137.5840 61
137.7120 138.8640 62
139.5040 139.7600 64
139.9200 140.8160 66
142.0640 142.2240 67
142.4160 143.0560 62
143.0880 143.4720 64
143.5040 144.1440 66
144.1760 144.5920 67
144.6240 144.7200 66
144.7520 144.7840 64
144.8160 145.1040 62
145.2960 146.2560 62
146.6080 146.7040 68
146.9600 147.0240 67
147.0560 147.8880 66
147.9200 148.5280 64
148.5600 149.1360 62
150.0960 150.2240 64
150.2560 150.8960 66
151.9200 152.1120 65
152.3360 152.7200 66
152.7520 153.4240 62
153.6480 153.8720 65
153.9040 154.1600 67
154.3520 154.4160 66
154.6400 155.1840 64
155.2160 155.3440 62
155.5040 155.7280 62
155.8560 156.0800 62
156.4000 157.2960 62
157.3280 158.0320 64
158.1920 158.5120 61
158.8640 159.0560 57
159.0880 159.1520 60
159.1840 159.9840 62
160.8160 160.9120 64
160.9440 161.2640 66
161.2960 161.3600 64
161.4880 161.6480 62
161.6800 162.3840 64
162.4160 163.1520 62
163.4400 163.7280 60
163.7600 164.3680 62
164.4000 165.1360 64
165.2960 165.6480 61
166.1920 166.2880 66
166.3200 167.1520 69
167.1840 167.2480 66
167.9520 168.4960 65
168.6240 168.7520 62
168.7840 169.2640 64
169.3600 169.4560 62
169.7440 169.8080 62
170.0640 170.1280 62
170.5760 171.5040 62
171.5360 172.1120 64
172.1440 172.2400 63
172.4000 172.4960 62
172.5280 172.7520 61
173.0720 173.2640 57
173.2960 173.3280 60
173.3600 175.4400 62
182.1600 182.2560 52
182.2880 182.4160 54
182.5760 183.3120 54
184.3680 184.5920 50
185.7120 185.8400 52
185.8720 186.3520 54
186.6080 187.3760 54
187.4080 187.8560 52
188.1440 188.4000 54
189.0080 189.1040 55
189.1360 189.4880 57
189.7120 190.4800 57
191.0240 191.0880 51
191.2800 191.6640 50
193.2320 193.3280 52
193.3600 193.5200 54
193.7120 194.0640 54
194.0960 194.2240 52
194.2560 194.8000 50
194.8320 194.9920 52
195.0240 195.3440 54
196.3680 196.4960 55
196.5280 197.9040 57
198.1600 198.2240 57
198.4160 198.8320 54
199.9520 200.0480 55
200.0800 200.2400 57
200.4320 200.5920 57
200.7840 201.1680 57
201.5200 201.5840 51
201.7120 201.9040 50
202.1920 202.5120 54
203.5360 203.7600 54
203.9200 204.6560 54
204.8480 205.4880 50
205.5200 205.7120 52
205.8720 206.0640 55
206.0960 206.5120 54
206.5440 206.6720 55
206.9280 206.9920 55
207.0240 207.3120 54
207.5040 208.1760 52
208.3360 208.4000 51
208.8160 209.3600 49
209.3920 210.2560 50
210.3840 210.4160 50
210.4480 210.6080 51
210.6400 211.1520 52
211.1840 211.2160 53
211.2480 211.9200 54
213.5200 213.5520 49
213.5840 213.8400 50
214.1920 214.6720 52
214.7040 214.7360 53
214.7680 214.9600 54
215.3120 215.8560 49
215.8880 217.1040 50
217.7120 217.9680 52
218.1600 218.8640 54
218.9920 219.1200 56
220.1120 220.5600 57
220.5920 221.1360 62
221.2960 221.6800 64
221.7120 222.3840 66
222.7360 222.9920 67
223.0240 223.0880 65
223.1200 223.3120 62
223.5040 224.5280 62
224.7520 224.8160 62
225.2320 225.3920 66
225.4880 226.1280 66
226.1600 226.7680 64
226.8000 227.1200 62
227.3760 227.6640 66
228.3040 228.4320 64
228.4640 228.5600 66
228.7520 229.0720 66
230.1600 230.3520 66
230.5440 230.9600 66
230.9920 231.6000 62
231.6320 231.8560 63
231.8880 232.0160 65
232.0480 232.3680 67
232.5600 232.6560 66
232.8480 233.3600 64
233.3920 233.5520 62
233.7440 234.1280 62
234.1600 234.3840 61
234.5440 234.6080 60
234.6400 234.8320 61
234.8640 235.5040 62
235.5360 236.1120 64
236.1440 236.1760 63
236.4000 236.4960 62
236.5280 236.7520 61
237.1040 237.2000 57
237.2320 237.2960 58
237.3280 237.3920 61
237.4240 238.1600 62
239.0560 239.0880 64
239.1200 239.4400 66
239.4720 239.5040 65
239.5360 239.5680 64
239.7280 239.8560 62
239.8880 240.5600 64
240.5920 241.4240 62
241.6480 241.9040 59
241.9360 242.6080 62
242.6400 243.2480 64
243.5360 243.8560 61
244.2400 244.2720 67
244.3680 244.4000 65
244.4320 244.5600 67
244.5920 245.3600 69
245.3920 245.4240 67
246.1600 246.2880 64
246.3200 246.5120 66
246.5440 246.7040 65
246.8320 246.9920 62
247.0240 247.2800 64
247.3120 247.4720 65
247.5040 247.5360 62
247.6000 247.6320 62
247.7280 247.7600 63
247.7920 247.9200 64
247.9520 247.9840 63
248.8160 248.8480 60
248.8800 249.0400 61
249.0720 249.7120 62
249.7440 250.3520 64
250.6400 250.7040 62
250.7360 251.0240 61
251.2800 251.4720 57
251.5040 252.4000 62
