8.7840 9.2000 62
18.6400 18.7040 59
18.8640 19.0560 63
19.3760 19.6000 65
19.6320 19.6320 63
19.6640 19.7920 61
19.8240 20.6560 62
20.6880 20.7200 61
20.7520 20.7840 60
22.5120 22.7040 59
22.7360 23.0240 62
23.0560 23.1520 59
23.1840 23.2480 62
23.2800 23.5040 65
23.5360 23.5680 62
23.6000 23.7280 60
23.7600 23.9840 62
24.2400 24.2720 64
24.3040 24.3360 65
24.3680 24.6880 66
24.9760 25.7120 62
26.6400 26.8320 62
27.0880 27.1520 64
27.1840 27.3120 65
27.3440 27.3440 63
27.6000 27.8240 62
27.8560 27.8880 61
28.0800 29.2000 62
29.2320 29.2640 61
30.5440 30.9280 64
30.9600 30.9920 62
31.0240 31.0880 63
31.1200 31.3440 64
31.3760 31.5680 63
31.6000 31.7920 64
31.8240 31.8880 62
31.9200 32.1760 60
32.2080 32.3680 59
32.4000 32.4640 58
32.4960 33.3920 57
34.3520 34.5760 62
34.6080 34.7040 60
34.8640 34.9600 65
34.9920 35.0880 66
35.1200 35.1520 65
35.3440 36.2080 62
36.2400 36.2720 61
36.8160 37.0080 63
37.2960 37.3600 63
37.5200 37.5520 67
37.5840 37.6160 68
37.6480 37.9040 69
37.9360 38.1280 68
38.1600 38.3840 69
38.4160 38.6080 68
38.6400 38.8960 69
38.9280 39.4080 67
39.4400 39.5040 69
39.6960 39.8560 65
40.0480 40.3360 62
40.3680 40.4320 63
40.4640 40.4960 64
40.5280 40.6880 65
40.7200 40.7840 62
40.8160 40.9440 60
40.9760 41.0400 61
41.0720 41.4880 62
41.6160 41.7440 63
41.7760 41.8720 62
42.1280 42.3200 62
42.3520 42.4160 60
42.5760 42.6720 64
42.7040 42.8000 66
43.0880 44.1440 62
44.1760 44.2720 61
44.3040 44.3680 59
45.7440 45.8080 59
46.0000 46.1600 62
46.1920 46.2560 61
46.2880 46.3840 59
46.4160 46.4480 63
46.4800 46.7040 65
46.9920 47.2480 62
47.4080 50.0320 62
50.3200 50.4480 62
50.8320 50.9280 65
50.9600 51.3120 66
51.3440 51.5360 64
51.7920 51.8880 64
51.9200 51.9520 63
51.9840 52.1120 62
52.2400 52.3680 64
52.4960 52.6240 62
52.6560 52.7200 61
52.7520 52.9760 59
53.2320 53.3600 64
53.3920 53.4240 63
53.4560 53.7120 62
53.7440 53.8720 64
53.9040 54.0320 62
54.0640 54.1280 63
54.1600 54.4160 64
54.4480 54.5120 62
54.6720 54.7680 65
54.8000 54.9920 66
55.1840 55.4080 62
55.4400 55.4720 61
56.1440 56.3360 62
56.6240 56.7200 65
56.7520 56.9440 66
57.1040 57.3920 62
57.4240 57.4560 61
57.4880 57.5200 60
58.2240 58.2880 61
58.5760 58.7680 61
58.8000 59.0240 62
59.0560 59.1200 63
59.1520 59.2480 64
59.2800 59.3120 63
59.4400 59.4720 63
59.5040 59.6640 64
59.8240 60.0160 62
60.0480 60.0800 63
60.1120 60.2400 64
60.5280 60.6240 64
60.6560 60.7520 63
60.9760 61.1360 64
61.2640 61.4240 62
61.4560 61.5840 64
61.7440 61.8720 62
61.9040 62.0000 63
62.0320 62.1600 64
62.4480 62.5120 64
62.5440 62.6400 66
62.8960 62.9920 63
63.0240 63.2160 62
63.2480 63.3120 61
63.8560 63.9200 62
63.9520 64.0480 61
64.1440 64.1760 60
64.3360 64.3680 64
64.4000 64.4320 65
64.4640 64.5920 66
64.6240 64.6880 65
64.8160 64.8800 65
64.9120 65.1040 64
65.1360 65.2000 65
65.2320 65.3280 66
65.7440 65.8720 57
65.9040 66.0320 58
66.2880 66.5120 62
66.7680 66.8960 65
66.9280 67.2480 66
67.7600 67.8560 58
68.0800 68.1760 62
68.4320 68.7200 65
68.7520 69.4240 64
70.2240 70.2880 62
70.4480 70.4800 64
70.5120 70.6080 65
70.6400 70.9600 66
71.3760 71.4720 69
71.5040 71.5360 68
71.5680 71.6000 67
71.6320 71.7280 65
71.7600 72.0160 66
72.4000 72.4320 64
72.4640 72.5280 65
72.5600 73.0080 66
73.0400 73.2960 67
73.3280 73.4240 69
73.6160 73.6480 65
73.6800 73.8400 66
73.8720 73.9040 63
73.9360 74.4800 62
74.5120 74.6400 65
74.6720 74.9600 66
75.1200 75.1520 63
75.1840 75.2160 62
75.7600 76.0800 59
76.2400 76.3680 58
76.4000 77.0720 57
77.1040 77.2320 58
77.2640 77.7440 57
77.7760 77.9040 59
78.0640 78.1280 63
78.1600 78.2560 65
78.2880 78.6080 66
78.6400 78.6400 64
78.6720 78.8640 62
79.1840 79.6640 62
80.0800 80.1440 65
80.3680 80.4640 66
80.5920 80.7200 67
80.7520 80.7840 66
80.8160 80.9440 65
80.9760 81.0720 66
81.1040 81.1360 65
81.2960 81.4240 58
81.4560 81.5840 59
81.8400 82.0320 62
82.3520 82.4160 65
82.4480 82.6400 66
82.7680 82.7680 61
82.8320 82.9600 61
82.9920 83.0560 60
83.2480 83.3760 59
83.8880 83.9840 64
84.0160 84.3040 65
84.3360 84.7520 64
84.7840 84.9120 65
85.4560 85.5520 59
85.5840 85.6160 60
85.6480 85.8080 62
85.9360 86.0000 65
86.0320 86.0640 66
86.0960 86.2240 67
86.3840 86.5120 66
86.5440 86.8000 67
86.8320 86.9600 69
86.9920 87.0240 67
87.0560 87.1200 66
87.1520 87.1840 65
87.3760 87.5040 62
87.8560 87.9200 64
87.9520 88.1440 66
88.3040 88.4640 66
88.4960 88.7200 67
88.7520 88.9120 69
89.0720 89.1680 65
89.2000 89.3920 66
89.5520 89.8400 62
90.0320 90.1280 65
90.1600 90.3840 66
90.4160 90.4160 64
90.7680 90.8640 58
91.5040 91.7920 62
91.8240 91.8560 63
91.8880 92.7840 64
92.8160 92.9120 63
93.4560 93.6160 62
93.6480 93.7760 64
93.8080 93.9680 65
94.0000 94.0960 66
94.1280 94.2560 65
94.2880 94.3840 66
94.4160 94.4800 64
94.5120 94.5440 63
94.5760 95.1520 62
95.6000 95.6320 65
95.6640 95.9840 66
96.0160 96.1760 67
96.3360 96.8160 65
96.8480 97.0080 64
97.0400 97.0720 63
97.1040 97.4880 62
97.7760 97.8720 60
97.9040 98.0640 61
98.0960 100.7520 62
100.8480 100.8480 62
101.0400 101.3280 62
101.4560 101.5840 65
104.3040 104.3360 72
104.3680 104.4000 73
104.4320 104.6240 74
104.8160 104.9120 72
104.9440 105.0400 74
105.3280 105.4880 67
105.5200 105.6800 65
105.7120 105.7440 64
105.7760 105.8400 63
105.8720 105.9680 62
108.7520 108.8160 62
108.9760 109.1040 64
109.2640 109.3920 66
110.3200 110.6400 64
111.2160 111.2480 64
111.7600 111.9200 62
111.9520 112.1120 59
112.2400 112.3360 64
112.3680 112.4000 65
112.4320 112.5920 66
112.7520 113.5840 62
113.6160 113.7440 61
113.7760 113.9040 65
113.9360 114.0000 64
114.0320 114.0640 63
114.9280 114.9600 68
114.9920 115.3120 69
115.4720 115.5040 68
115.5360 115.7280 69
115.8880 115.9840 68
116.0160 116.2720 69
116.3040 116.6240 68
116.6560 116.7840 67
116.8160 116.9440 68
117.1040 117.2640 65
117.4560 117.7440 62
117.7760 117.8400 63
117.8720 117.9040 65
117.9360 118.0640 66
118.3200 118.6400 62
118.8320 118.8640 59
118.8960 118.9280 58
119.2800 119.5040 60
119.5360 119.6640 62
119.6960 119.7600 63
119.7920 119.8240 64
119.8560 120.1120 65
120.1440 120.2400 66
120.5280 120.8800 62
120.9120 121.0720 63
121.1040 121.4560 62
121.7120 122.6720 62
123.1840 123.2480 59
123.4080 123.5680 62
123.6000 123.6640 61
123.6960 123.7600 59
123.7920 123.8240 60
123.8560 123.9520 63
123.9840 124.1440 65
124.1760 124.2080 64
124.4000 124.4640 63
124.4960 124.6560 62
124.8800 126.5440 62
126.7680 126.9600 62
127.2800 127.4080 62
127.7280 127.9200 62
128.2400 128.2720 64
128.3040 128.4320 65
128.6880 129.0080 64
129.2320 129.3920 64
129.4240 129.5200 62
129.6800 129.8080 63
129.9360 130.1280 62
130.1600 130.3840 59
130.6080 130.8000 63
130.8320 130.9600 62
131.0880 131.2480 64
131.2800 131.3120 63
131.3440 131.4400 62
131.4720 131.5360 61
131.5680 131.6320 60
131.6640 131.8560 59
132.0800 132.1760 65
132.2080 132.3040 66
132.3360 132.3680 65
132.5600 132.8160 62
132.8480 132.8800 61
133.5840 133.8080 62
134.0320 134.0640 64
134.0960 134.1280 65
134.1600 134.2560 66
134.2880 134.3200 65
134.5440 134.9600 62
134.9920 135.0240 61
135.5360 135.6000 60
135.7600 135.8240 59
136.0160 136.2720 62
136.3040 136.4960 63
136.5280 136.6880 64
136.7200 136.7520 63
136.8800 137.1360 63
137.1680 137.4880 62
137.5200 137.7120 63
137.9360 138.0960 64
138.1280 138.3520 63
138.3840 138.5440 64
138.7040 139.0240 64
139.2160 139.3440 63
139.3760 139.6320 64
139.8880 139.9520 65
139.9840 140.1120 66
140.3360 140.4000 63
140.4320 140.6240 62
141.2960 141.4240 62
141.7440 141.7760 67
141.8080 141.8400 68
141.8720 142.5760 69
142.6080 142.7360 71
142.7680 142.7680 69
142.9280 143.0240 62
143.2160 143.3440 58
143.3760 143.5040 59
143.7280 143.9520 62
144.2080 144.3040 65
144.3360 144.6560 66
144.9120 144.9120 60
145.1680 145.2640 59
145.4880 145.6160 62
145.9040 146.1600 65
146.1920 146.8320 64
146.8640 146.8960 62
147.1200 147.3120 60
147.3440 147.4720 59
147.6000 147.6960 62
147.8880 147.9840 65
148.0160 148.3360 66
148.7840 148.8480 69
148.8800 148.9440 68
148.9760 149.0080 67
149.0400 149.4240 66
149.8400 149.8720 64
149.9040 149.9680 65
150.0000 150.4160 66
150.4480 150.7040 67
150.7360 150.8640 69
151.0880 151.1200 65
151.1520 151.2480 66
151.2800 151.4080 63
151.4400 151.7920 62
151.9840 152.0160 64
152.0480 152.1120 65
152.1440 152.4000 66
153.1360 153.2640 58
153.2960 153.3920 59
153.4240 153.5200 58
153.6480 153.7440 58
153.7760 155.2160 57
155.2480 155.3760 59
155.4080 155.4400 62
155.4720 155.5680 63
155.6000 155.6960 65
155.7280 156.0480 66
156.0800 156.1120 63
156.1440 157.1360 62
157.4880 157.5840 65
157.7760 157.9040 67
158.0640 158.1920 67
158.2240 158.3520 65
158.3840 158.4800 66
158.7360 158.7680 57
158.8000 158.8320 58
158.8640 159.0240 59
159.2480 159.4400 62
159.7280 159.7920 65
159.8240 160.0160 66
160.6240 160.7200 59
160.9120 160.9760 61
161.0080 161.1040 62
161.1360 161.5200 65
161.5520 162.3840 64
162.6400 162.7040 60
162.8320 162.9600 59
163.0880 163.2800 62
163.3120 163.3760 65
163.4080 163.7280 66
163.7600 164.2400 67
164.2720 164.4320 69
164.4640 164.6560 66
164.8160 164.9440 62
165.2640 165.3600 64
165.3920 165.5840 66
165.7440 166.1600 67
166.1920 166.3200 70
166.5120 166.6080 65
166.6400 166.8000 66
166.9920 167.3120 62
167.4400 167.5680 65
167.6000 167.8560 66
168.0160 168.0800 70
168.3040 168.4320 68
168.9120 168.9760 65
169.0080 169.1680 66
169.2000 169.2960 65
169.3280 170.3200 64
170.8640 170.9600 62
170.9920 171.0240 63
171.0560 171.2480 64
171.2800 171.4080 65
171.4400 171.5680 66
171.6000 171.6960 65
171.7280 171.8240 66
171.8560 171.8560 64
171.9520 172.6880 62
172.8480 172.8800 63
172.9120 173.0080 64
173.0400 173.1040 65
173.1360 173.4240 66
173.4560 173.6160 67
173.7440 173.7760 64
173.8080 174.2560 65
174.2880 174.4480 64
174.5760 174.9600 62
175.1840 175.2800 61
175.3120 176.2400 62
176.3360 176.7520 62
176.8160 176.8800 62
177.2000 177.3280 62
177.5520 177.5520 62
177.6160 177.6480 62
177.8720 177.9040 62
178.4160 178.8640 64
179.8240 179.8880 68
179.9200 180.0160 70
180.0480 180.3360 71
180.5280 180.8800 70
181.3920 181.3920 69
181.7120 181.8400 67
181.8720 181.9360 69
182.2560 182.4800 70
182.5120 182.5440 69
182.7360 182.7360 68
182.7680 183.2480 70
183.3760 183.5040 69
183.6640 183.8560 70
183.8880 184.0800 71
184.1120 184.2080 72
184.3680 184.6240 71
184.6560 184.8160 73
184.8480 184.9760 74
185.0080 185.6800 75
186.1280 186.1920 68
186.2240 186.3840 69
186.5120 186.6400 68
186.8000 186.8640 69
186.8960 187.1840 68
187.2160 187.4080 67
187.4400 187.4720 68
187.5040 187.6320 69
187.6640 187.9200 70
188.3040 188.3360 70
188.4960 188.5600 72
188.5920 188.7840 74
189.1360 189.6160 74
189.6480 189.7440 72
189.7760 189.9680 70
190.1920 190.3520 71
190.3840 190.3840 69
190.6080 191.1520 61
191.1840 191.3120 62
191.3440 191.6000 61
191.6320 191.8560 62
191.8880 192.0800 61
192.1120 192.3360 62
192.3680 192.7520 61
192.7840 193.3920 62
193.6160 193.6480 57
193.6800 193.7120 58
193.7440 193.9360 59
194.1600 194.3520 62
194.6080 194.6400 64
194.6720 194.7360 65
194.7680 195.0240 66
195.0560 195.0880 65
195.6000 195.7600 59
195.9200 196.1120 62
196.2400 196.6240 65
196.6560 196.7520 64
196.7840 196.9760 65
197.0720 197.1040 65
197.7120 197.8400 59
197.9680 198.0640 62
198.2240 198.3520 65
198.3840 198.6080 66
198.6400 198.8000 67
198.9600 199.0560 68
199.2160 199.3440 70
199.3760 199.4400 69
199.4720 199.8240 66
200.1760 200.3040 65
200.3360 200.5600 66
200.5920 200.7840 67
200.8160 200.9760 68
201.1040 201.2320 69
201.5200 201.5520 65
201.5840 201.7120 66
201.7440 201.8400 63
201.8720 202.1280 62
202.1600 202.1920 61
202.3520 202.7680 57
203.5360 203.5680 57
203.6000 203.6320 58
203.6640 203.8240 59
203.8560 203.9200 57
203.9520 203.9840 55
204.0160 204.0480 54
204.0800 204.1440 53
204.1760 204.4320 52
205.3920 205.5840 69
205.6160 205.7760 66
205.8080 205.9040 67
205.9360 206.0320 66
206.0640 206.0960 64
206.1280 206.6080 62
206.6400 206.8320 65
206.8640 206.8960 64
206.9280 206.9920 63
207.8240 207.8880 65
208.1120 208.2080 66
208.3680 208.4960 67
208.5280 208.8480 66
209.0400 209.1360 57
209.1680 209.2000 58
209.2320 209.3600 59
209.5520 209.7440 62
209.7760 209.7760 60
210.0640 210.1280 65
210.1600 210.4800 66
210.9920 211.1200 59
211.2800 211.6640 62
211.6960 211.7280 64
211.7600 211.9840 65
212.0160 212.8480 64
213.4240 213.4880 62
213.7120 213.7440 65
213.7760 214.0000 66
214.1600 214.2560 66
214.2880 214.5760 67
214.6080 214.7680 69
214.8000 214.8000 67
214.8320 214.8960 65
214.9280 214.9920 66
215.1520 215.4720 62
215.6000 215.6320 64
215.6640 215.6960 65
215.7280 215.8880 66
216.0800 216.2400 66
216.2720 216.4960 67
216.5280 216.7520 69
217.0400 217.1040 65
217.1360 217.2320 66
217.3920 217.6800 62
217.7120 217.7440 63
217.7760 217.8720 64
217.9040 218.1280 66
218.4800 218.5760 65
218.9280 219.0240 59
219.2480 219.5680 66
219.6000 220.5600 64
221.1360 221.3280 62
221.3600 221.5200 64
221.5520 221.6800 65
221.7120 222.0640 66
222.0960 222.8960 62
223.3120 223.3760 65
223.4080 223.7280 66
223.7600 223.9200 67
224.0480 224.5600 65
224.5920 224.7200 64
224.8480 225.0080 62
225.0400 225.0720 61
225.2640 225.4560 60
225.4880 226.3840 62
226.4160 226.5440 59
227.2160 227.2800 67
227.3120 227.4720 69
227.5040 227.6960 67
227.7280 227.8560 65
227.8880 228.0480 62
228.2080 228.4640 59
228.4960 228.7520 61
228.7840 228.8480 59
228.9760 229.1680 55
229.4880 229.6160 59
229.6480 229.8400 61
229.8720 232.2400 62
232.3360 233.4880 62
233.5200 233.6480 63
233.8400 234.3200 64
234.9920 237.6160 62
237.7440 240.0160 62
240.3360 240.4000 60
