24.8160 24.8800 51
25.5520 25.7120 51
25.7440 25.8400 50
25.8720 26.0000 49
26.1280 26.5760 50
27.1520 27.3120 51
27.3440 27.4400 50
27.4720 27.6320 48
27.7280 28.2080 50
29.7440 29.7440 47
30.0000 30.0640 47
30.6080 30.8640 48
31.5360 31.6000 47
32.2080 32.2720 47
33.3280 33.4880 50
33.6160 33.9040 51
34.2880 34.7360 49
36.4960 36.5600 52
36.5920 36.7200 53
36.8800 36.9440 53
36.9760 37.1680 52
37.2000 37.3280 53
37.5200 37.5840 51
37.6160 37.8720 50
37.9040 38.0640 49
39.7600 39.7920 49
39.8240 39.9840 50
40.0160 40.2720 51
40.3040 40.4640 53
40.4960 40.5920 55
40.7520 41.3920 53
41.5200 41.5840 52
42.1280 42.1920 48
42.2240 42.2560 51
42.2880 42.3200 52
42.3520 42.8000 53
42.9280 43.2160 56
43.3440 43.5040 53
43.5360 43.7280 54
43.7600 43.7920 56
43.8240 43.9200 57
43.9520 45.7120 58
45.8400 47.2160 63
47.2480 47.2480 61
47.4400 47.5040 56
47.6320 47.7280 52
48.2080 48.4960 51
48.5280 48.6240 48
48.6560 48.7840 49
48.8160 48.8800 50
48.9120 49.3600 51
49.8720 49.9680 52
50.0000 50.1600 51
50.1920 50.3520 50
50.4800 50.7040 51
50.7360 50.8640 50
52.2720 52.3360 47
52.6240 52.7840 47
53.2640 53.5520 48
53.9040 53.9680 47
54.0000 54.1600 48
54.1920 54.3520 47
54.8960 55.1200 47
55.9840 56.0800 50
56.1120 56.4640 51
56.4960 56.5920 52
56.7520 56.8480 52
57.0080 57.2640 49
57.2960 57.6800 48
59.1840 59.2480 51
59.3760 60.0800 53
60.1120 60.3040 51
60.3360 60.8800 50
62.4480 62.9280 51
62.9600 63.0880 54
63.2160 63.3440 56
63.3760 64.3360 53
64.7840 64.8480 50
64.8800 65.5840 53
65.6160 65.8720 56
66.0640 66.3520 53
66.3840 66.5120 56
66.5440 67.3120 58
67.3440 67.4720 62
67.5040 68.0480 58
68.0800 68.2400 62
68.2720 68.4640 60
68.5280 68.5600 60
69.1680 69.2960 56
69.5200 69.7120 55
69.8400 69.8400 54
70.2880 70.8000 60
71.4720 71.8240 62
72.0160 72.7520 64
72.7840 73.3600 62
73.5520 73.7760 63
73.8080 74.1600 64
74.1920 74.1920 62
74.5120 75.0560 60
75.0880 75.1520 62
75.3440 76.0480 62
76.0800 76.1120 63
76.1440 76.2720 65
76.3040 76.4320 62
76.4640 76.7200 64
76.7520 77.4880 62
78.1920 78.2560 60
78.2880 78.6400 59
78.8320 79.2480 60
79.2800 79.8240 59
80.0160 80.4960 60
80.5280 80.5600 59
80.8480 81.0080 55
81.0400 81.2960 57
81.4240 81.4560 62
81.4880 81.8080 63
81.8720 82.2880 65
82.3200 82.4480 63
82.4800 82.5760 62
82.6080 82.8640 61
82.8960 83.0240 63
83.0560 84.1760 62
84.9440 85.1360 62
85.1680 85.5840 64
85.6160 85.7440 63
85.7760 85.9680 62
86.0960 86.2880 62
86.4800 86.6400 63
86.6720 86.9920 64
87.0240 87.0880 63
87.4720 87.9200 60
87.9520 88.0160 61
88.0480 88.1440 62
88.3040 89.4880 62
89.5200 89.6800 64
89.7120 90.6080 62
91.1200 91.6320 59
91.7600 92.0800 60
92.1120 92.4000 59
92.5280 92.7520 59
92.9760 93.5200 60
93.6800 93.8720 55
93.9040 94.2560 57
94.4160 95.3120 64
95.3440 95.4720 63
95.5040 95.6000 60
95.6320 95.8240 61
95.8560 96.0160 65
96.0480 96.1120 62
96.1440 96.5920 61
96.6240 96.8160 60
96.8480 97.3280 62
98.2560 98.3200 56
98.3520 98.4160 57
98.4480 98.7680 59
98.8000 98.8640 58
98.8960 98.9920 57
99.0240 99.0880 58
99.1200 100.3040 60
100.5280 101.3600 53
101.4240 101.4560 53
101.4880 101.5200 55
101.5520 101.6800 56
101.7120 101.9680 60
102.3520 103.3120 60
103.6960 103.8880 60
103.9200 103.9840 62
104.1440 104.2720 63
104.3040 104.5600 64
104.6880 104.7840 64
104.9440 105.0720 62
105.1040 105.2960 64
105.3280 105.3920 66
105.5200 105.6800 56
105.7120 105.8080 57
105.9360 106.8320 60
106.8640 107.0560 57
107.0880 107.2480 55
107.2800 107.3440 56
107.6960 108.4320 62
108.4640 108.5280 60
108.5600 108.8800 59
108.9120 110.3840 60
135.7280 135.7280 51
135.7600 135.8560 53
135.8880 135.9840 51
136.0160 136.0480 50
136.0800 136.3040 49
136.3360 136.9120 51
137.2960 137.3600 51
137.4880 137.7760 50
137.9360 138.1920 50
140.7840 141.0400 48
141.3600 141.4880 47
142.4160 142.4800 47
142.6080 142.6720 47
143.4720 144.0800 51
144.2080 144.3040 52
144.4640 144.9440 48
146.6720 146.8960 52
147.0560 147.5360 52
147.7280 148.1760 51
149.9360 150.4800 51
150.5120 150.6400 53
150.6720 150.8000 55
150.9280 151.2160 53
151.2480 151.7600 52
152.3680 152.4000 51
152.4320 152.5920 53
152.7200 152.9760 53
153.1360 153.3920 56
153.4240 153.4560 54
153.4880 153.8400 53
153.9680 154.0960 57
154.1280 156.0160 58
158.4160 158.7040 50
158.7360 158.8640 49
158.9920 159.1840 51
159.2160 159.4720 50
160.0480 160.2080 51
160.2400 160.3680 50
160.4000 160.5600 49
160.6880 160.9120 50
162.0640 162.1280 47
162.4480 162.5120 47
162.6400 162.9920 47
163.4720 163.7600 48
164.0480 164.1760 47
164.2080 164.3680 48
164.4000 164.5280 47
165.0720 165.1360 47
165.4560 165.5520 47
166.1600 166.1920 49
166.2240 166.3520 50
166.5120 166.7680 51
166.8960 166.9920 52
167.1520 167.6640 48
169.5520 169.8080 53
169.8400 170.0640 52
170.0960 170.2560 53
170.3840 170.6400 51
170.6720 170.9280 50
172.6560 173.0080 51
173.0400 173.1360 52
173.1680 173.2960 54
173.4240 173.5520 56
173.5840 173.6160 54
173.6480 173.8720 53
173.9040 174.3520 52
175.0880 175.7600 53
175.7920 176.0800 56
176.2720 176.4960 53
176.5280 176.5920 54
176.6240 176.6880 56
176.7200 176.7520 57
176.7840 178.6720 58
178.7040 178.8320 60
178.8640 179.1840 58
179.2160 179.3440 59
179.3760 179.4400 60
179.4720 179.5040 61
179.5360 179.9520 62
180.6240 180.8480 70
180.8800 180.9440 69
181.8720 181.9040 61
181.9360 182.2880 62
182.5120 182.6400 62
182.6720 182.7040 63
182.7360 183.1200 64
183.1520 183.2160 62
183.3440 183.5680 62
183.7600 183.9200 62
183.9520 184.4000 64
184.7200 184.7840 61
184.8160 185.2960 60
185.3280 185.3920 62
185.5840 186.2880 62
186.3200 186.4480 63
186.5760 186.6080 62
186.6400 187.0880 63
187.1200 187.8240 62
188.3360 188.8160 59
189.0080 189.0400 59
189.0720 189.3920 60
189.4240 190.0320 59
190.2240 190.7360 59
191.2160 191.3760 56
191.4080 191.5040 57
191.6320 191.6960 62
191.7280 191.7600 63
191.7920 191.9840 64
192.0480 192.4640 64
192.4960 192.5280 63
192.5600 192.7520 62
192.7840 193.0080 60
193.0400 193.0400 62
193.0720 193.1360 64
193.1680 193.3600 62
193.3920 193.7120 61
193.7440 194.4160 62
194.8320 195.2800 62
195.4720 195.6320 62
195.6640 195.9200 64
195.9520 196.8480 62
196.8800 197.2640 64
197.6480 198.3200 60
198.4800 198.7360 62
198.8320 199.6640 62
199.6960 199.8240 64
199.8560 200.0160 63
200.0480 200.9120 62
201.4560 201.7120 59
201.9360 202.5760 59
202.7040 202.9280 59
203.1200 203.6000 60
203.6320 203.7280 63
204.1120 204.4320 56
204.5920 204.9120 63
205.0080 205.4880 64
205.5520 206.0000 61
206.0320 206.1280 64
206.1600 206.2880 62
206.3200 206.5120 61
206.5440 206.7360 62
206.7680 207.3120 60
207.3440 207.6000 62
208.4320 208.6560 57
208.6880 209.2000 58
209.2320 210.1280 60
210.1600 210.4160 61
210.4480 210.5440 60
210.5760 210.5760 56
210.8320 210.9600 56
211.0240 211.5040 56
211.5680 211.8560 56
211.8880 212.1760 59
212.3040 212.3680 56
212.5600 213.1680 60
213.2000 213.4240 59
213.8400 213.9360 59
213.9680 214.0320 60
214.0640 214.1920 61
214.3200 214.4800 62
214.5120 214.9920 64
215.1200 215.2800 62
215.3120 215.4400 64
215.5680 215.7280 55
215.7600 215.9200 56
215.9520 216.0800 57
216.2080 216.4960 59
216.5280 217.0400 60
217.2000 217.2640 58
217.9360 218.5440 62
218.5760 218.6720 61
218.7040 220.4640 60
220.5280 220.5600 59
