2.0960 2.1600 59
2.3840 2.4160 55
2.4480 2.6720 54
5.0080 5.1040 54
5.4560 5.6160 54
10.6080 10.6720 66
10.7040 10.7360 67
10.7680 10.8640 68
10.8960 10.9280 67
10.9600 11.9520 66
13.1360 13.1360 65
13.1680 13.2640 68
13.2960 13.3280 67
13.3600 13.3920 66
13.4240 13.4560 65
13.4880 13.6480 64
13.6800 14.0960 66
14.1280 14.4480 68
14.7680 14.8640 68
15.6640 15.6640 57
15.6960 15.6960 63
15.7280 15.8560 67
15.8880 15.9520 66
15.9840 16.0800 64
16.2400 16.3360 64
16.3680 16.5600 66
16.5920 16.8160 64
16.8480 17.2000 61
20.1440 20.2080 62
20.2400 20.2720 66
20.3040 20.6240 68
20.7840 20.8800 66
20.9120 21.0400 68
21.0720 21.1680 67
21.2960 22.0000 66
22.7360 22.7360 62
22.7680 22.8000 64
22.8320 23.2480 66
23.3760 23.4720 66
23.5040 23.5680 68
23.6000 23.6640 67
23.6960 23.7280 65
23.9200 24.5600 64
24.5920 24.6240 63
25.1680 25.4560 61
25.5520 25.6160 62
25.6480 25.8720 64
25.9040 26.2560 68
26.5440 26.8000 61
26.8320 27.0240 64
27.1840 27.6000 68
28.2720 28.3680 55
28.4000 28.4000 58
28.4320 28.4320 61
28.4640 28.5600 64
28.5920 28.6880 66
28.7200 29.2320 64
30.4800 30.9600 68
30.9920 31.1200 66
31.1520 31.3440 68
31.3760 32.2400 66
32.9760 33.0080 64
33.0400 33.5520 66
33.5840 33.6480 67
33.6800 33.7760 68
33.8080 33.8400 66
34.0640 34.8000 64
35.5040 35.7280 61
35.7600 36.0800 64
36.1120 36.4000 68
36.7840 36.9440 59
36.9760 37.2000 61
37.3600 37.5840 64
37.7120 37.8400 64
37.8720 37.9680 66
38.0000 38.3840 64
38.6400 38.8000 62
38.8320 39.0240 64
39.0560 39.1200 66
39.2800 39.4080 66
39.4400 39.8880 68
39.9200 40.0800 71
40.3040 40.7840 71
41.2320 41.2960 66
41.3280 41.3920 67
41.5200 41.8400 64
41.8720 42.5120 66
42.5440 42.6080 69
42.8320 43.3120 71
43.7920 43.8880 63
43.9200 44.0160 64
44.0480 44.2400 67
44.2720 44.3680 66
44.4000 44.6880 68
45.0080 45.0080 61
45.0400 45.0400 63
45.0720 45.0720 65
45.1040 45.4240 68
45.4560 45.5520 71
45.5840 45.5840 69
45.7120 45.9360 69
45.9680 46.1920 68
46.3200 46.5120 66
46.6720 47.2800 64
47.6000 47.6000 66
47.6320 47.8240 68
47.8560 47.9520 67
47.9840 48.0800 70
48.2080 48.4320 69
48.4640 48.7840 68
48.8160 48.8480 67
48.8800 49.0720 66
49.2000 49.2320 63
49.2640 49.4240 64
49.4560 49.4880 65
49.5200 49.6160 66
49.6480 50.1280 68
50.1600 50.2560 71
50.2880 50.4160 69
50.4480 51.2800 71
51.7280 52.1440 64
52.1760 52.6560 66
52.6880 52.6880 69
52.7200 53.1680 71
53.2000 53.2960 73
53.3280 53.7760 71
53.8080 53.8400 70
54.0320 54.0960 67
54.1280 54.3520 66
54.4800 54.5760 69
54.6080 54.8640 68
55.2480 55.6320 68
55.6640 55.7920 71
55.8240 55.8880 70
55.9200 56.2080 69
56.2400 56.4000 68
56.5280 56.7520 66
56.7840 57.0400 64
57.2320 57.2640 60
57.2960 57.6480 61
57.8400 58.5120 63
58.5440 59.0880 64
59.1200 59.2160 66
59.2480 59.4720 68
59.7280 59.8560 68
59.8880 60.0160 70
60.0480 60.8480 68
60.8800 60.9760 67
61.0080 61.1040 70
61.1360 61.1680 69
61.2000 61.5520 68
61.5840 61.9360 66
62.2560 62.2880 68
62.3200 62.3840 69
62.4160 62.5440 71
62.5760 62.8000 69
62.8320 63.0880 68
63.2160 63.3120 69
63.3440 63.4720 70
63.5040 63.7600 69
63.7920 64.0800 68
64.1120 64.3360 64
64.4960 64.5280 64
64.5600 64.6240 65
64.6560 64.7200 66
64.7520 64.8160 63
64.8480 65.0400 64
65.0720 65.2320 68
65.4240 65.7440 66
65.7760 65.9360 64
65.9680 66.3200 66
66.3520 66.3840 67
66.4160 66.7040 68
66.7360 66.7680 67
66.8000 66.9280 66
66.9600 67.0560 67
68.0480 68.1440 67
68.1760 68.2720 66
68.3040 68.4000 64
68.5280 68.6560 64
68.6880 68.8800 66
68.9120 69.1040 64
69.1360 69.4560 61
69.9360 70.0320 68
70.0640 70.1600 70
70.1920 71.0560 68
71.2160 71.3120 70
71.3440 71.4080 68
71.5680 71.6960 68
71.7280 71.7280 66
71.8560 72.0480 66
72.0800 72.1120 65
72.4960 72.5920 68
72.6240 72.7200 71
72.7520 73.0400 69
73.0720 73.4240 68
73.4560 73.5520 69
73.5840 73.6480 71
73.6800 73.7440 70
73.7760 74.0000 69
74.0320 74.2880 68
74.3200 74.5760 64
74.7360 74.7680 64
75.0560 75.2480 64
75.6960 75.9520 65
75.9840 76.1440 64
76.1760 76.6240 66
76.6560 76.9440 68
76.9760 77.0400 67
77.0720 77.2000 66
77.6480 77.7760 63
77.8400 77.9040 64
78.2560 78.3840 67
78.4160 78.4480 66
78.4800 78.5120 64
78.7360 78.8640 64
78.8960 79.0560 66
79.1840 79.3440 64
79.3760 79.6640 61
83.9840 84.0160 61
84.0480 84.0480 64
84.0800 84.2400 67
84.2720 84.5280 68
84.5600 84.6880 67
84.7200 84.8480 68
84.8800 85.8720 66
86.5760 86.7040 65
86.7360 87.2480 66
87.2800 87.3760 68
87.5040 87.5360 63
87.5680 88.4320 64
88.9440 89.0400 59
89.0720 89.3600 61
89.3920 89.6800 64
89.7120 90.0320 68
90.4160 90.4800 62
90.5120 90.6720 61
90.7040 90.9920 64
91.0240 91.0560 67
91.0880 91.5040 68
92.2400 92.3680 65
92.4000 92.5600 66
92.5920 93.2000 64
94.2880 94.3200 67
94.3520 94.6720 68
94.8640 94.9280 66
94.9600 95.0880 68
95.1200 95.2160 66
95.3760 96.0480 66
96.4960 96.5280 65
96.5600 97.3920 66
97.4240 97.4560 67
97.4880 97.6480 68
97.6800 98.1280 69
98.1600 98.6080 68
98.9920 99.4720 61
99.6320 99.7600 64
99.9200 100.2400 68
100.5600 100.7520 59
100.7840 101.1040 61
101.1360 101.2000 62
101.2320 101.3600 64
101.5520 101.6800 64
101.7120 101.8400 66
101.8720 102.2240 64
102.4800 102.6400 62
102.6720 102.8320 64
102.8640 102.9600 66
103.1520 103.2160 66
103.2480 103.2800 67
103.3120 103.7280 68
103.7600 103.9200 71
104.1120 104.5920 71
105.0720 105.2320 68
105.2640 105.6480 64
105.6800 106.2880 66
106.3200 106.3520 67
106.3840 106.4480 70
106.6400 107.1840 71
107.6320 107.7280 63
107.7600 107.8880 64
107.9200 108.2400 67
108.2720 108.4960 68
108.8480 108.8480 61
108.8800 108.8800 63
108.9120 109.2640 68
109.2960 109.4240 71
109.4560 109.5520 67
109.5840 109.7440 69
109.7760 110.0320 68
110.1600 110.3520 66
110.4800 111.0880 64
111.4720 111.5040 67
111.5360 111.8240 68
111.8560 111.9200 71
112.0480 112.4000 69
112.4320 112.5920 68
112.6240 112.6560 67
112.6880 112.9120 66
113.0400 113.0720 63
113.1040 113.2960 64
113.3280 113.4560 66
113.4880 113.9360 68
113.9680 114.0960 71
114.1280 114.1920 68
114.2240 114.2560 69
114.2880 115.1200 71
115.5680 115.8880 64
115.9200 115.9840 65
116.0160 116.4640 66
116.4960 116.9760 71
117.0080 117.1040 73
117.1360 117.6800 71
117.8720 118.1600 68
118.1920 118.2880 66
118.3200 118.4160 69
118.4480 118.7040 68
119.1200 119.4720 68
119.5040 119.6960 71
119.7280 120.0480 69
120.0800 120.2400 68
120.3680 120.5920 66
120.6240 120.8800 64
121.0400 121.1040 60
121.1360 121.4880 61
121.6800 122.3200 63
122.3520 122.9280 64
122.9600 123.0240 66
123.0560 123.0880 67
123.1200 123.3120 68
123.6000 123.6960 68
123.7280 123.8560 70
123.8880 124.7200 68
124.8480 124.9440 71
124.9760 125.3600 68
125.3920 125.7760 66
126.1280 126.2240 69
126.2560 126.3840 71
126.4160 126.6400 69
126.6720 127.0560 68
127.0880 127.1520 69
127.1840 127.2800 70
127.3120 127.6320 69
127.6640 127.9200 68
127.9520 128.1760 64
128.3680 128.5280 65
128.6560 128.8800 64
128.9120 129.0400 68
129.2640 129.4560 67
129.4880 129.5840 65
129.6160 129.7760 64
129.8080 130.1920 66
130.2240 130.6080 68
130.8320 130.8960 67
130.9280 130.9280 63
131.1840 131.2480 62
131.2800 131.3120 64
131.8880 131.9840 67
132.0160 132.1120 66
132.1440 132.2080 64
132.3360 132.4960 64
132.5280 132.7200 66
132.7520 132.9440 64
132.9760 133.2960 61
133.9360 134.0000 69
134.0320 134.8960 68
135.0560 135.1520 70
135.1840 135.2480 68
135.3760 135.4720 66
135.5040 135.5040 64
135.5680 135.6320 65
135.6640 135.9200 66
136.3360 136.4000 68
136.5600 136.8480 69
136.8800 137.2640 68
137.2960 137.3600 69
137.3920 137.4880 71
137.5200 137.5520 70
137.5840 137.8080 69
137.8400 138.1280 68
138.1600 138.3840 64
138.5760 138.5760 64
138.8640 139.0560 64
139.5040 139.7280 66
139.7600 139.9840 64
140.0160 140.4320 66
140.4640 140.8800 68
141.0400 141.1040 67
141.3920 141.4560 62
141.4880 141.6160 64
142.0640 142.3520 66
142.3840 142.4480 64
142.5760 142.6720 64
142.7040 142.8640 66
143.0240 143.1520 64
143.1840 143.5040 61
145.3280 145.5200 64
145.6480 145.7120 61
145.7440 145.7760 59
146.0000 146.9280 64
147.8560 148.0480 64
148.0800 148.2080 61
148.2400 148.4320 60
148.4640 148.4640 64
148.4960 148.6880 66
148.8160 149.4240 68
150.3840 150.5440 64
150.5760 150.6080 62
150.6400 150.8640 61
150.8960 151.3760 64
151.4080 151.5680 61
151.6000 151.6320 63
151.6640 151.8560 64
151.8880 152.0160 61
152.0480 152.0800 62
152.1120 152.6880 64
152.7200 152.8800 62
152.9120 153.1040 64
153.2320 153.3920 61
153.4240 153.8080 64
153.8400 154.1600 66
154.1920 154.7360 68
155.5360 155.5680 68
155.6000 156.0800 71
156.1120 156.1120 68
156.1440 156.2720 66
156.3040 156.4000 67
156.5280 157.2960 66
158.0640 158.1600 69
158.1920 158.4800 71
158.5120 158.6720 68
158.7040 158.9600 71
158.9920 159.0560 68
159.0880 159.2480 71
159.2800 159.9200 73
160.5280 160.5600 62
160.5920 160.7520 64
160.9120 160.9760 64
161.0080 161.1360 66
161.1680 161.2320 65
161.2640 161.5200 64
161.8400 161.9680 59
162.0000 162.0320 60
162.0640 162.5120 61
162.5440 163.0560 63
163.1840 163.7600 64
163.7920 163.9520 67
163.9840 165.2960 68
165.3280 165.4240 69
165.4560 166.2240 68
166.2560 166.3840 69
166.4160 166.4800 70
166.9920 167.1200 68
167.1520 167.1840 70
167.2160 167.2480 69
167.2800 167.5680 68
167.6000 167.7280 65
167.7600 167.9840 68
168.0160 168.1120 66
168.1440 168.2400 65
168.2720 168.7520 68
168.8800 169.2000 66
169.5520 169.5840 68
169.6160 169.7760 71
169.8080 170.0320 69
170.0640 170.4800 68
170.5120 171.0240 69
171.0560 171.3120 68
171.3440 171.5680 64
171.7280 171.7600 64
171.7920 171.9520 66
171.9840 172.2080 64
172.3360 172.4320 68
172.7200 173.0080 66
173.0400 173.1680 64
173.2000 173.6160 66
173.6480 174.0320 68
174.0640 174.1600 66
174.6400 174.6400 62
174.6720 174.7360 64
175.2800 175.4720 67
175.5040 175.6320 64
175.7600 175.8880 64
175.9200 176.1120 66
176.1440 176.3360 64
176.3680 176.6880 61
177.1360 177.2640 68
177.2960 177.3920 70
177.4240 178.2880 68
178.4480 178.5440 70
178.5760 178.6400 68
178.8320 178.9600 66
179.0880 179.3760 66
179.7280 179.8240 68
179.8560 179.9520 71
179.9840 180.2720 69
180.3040 180.6880 68
180.7200 180.7840 69
180.8160 180.8800 71
180.9120 180.9440 70
180.9760 181.2320 69
181.2640 181.5200 68
181.5520 181.8080 64
181.9680 182.0320 64
182.2560 182.4800 64
182.9280 183.0560 66
183.0880 183.1840 65
183.2160 183.3760 64
183.4080 183.8560 66
183.8880 184.2080 68
184.2400 184.3040 67
185.1040 185.1040 70
185.2960 185.3920 69
185.4240 185.6160 67
185.6480 185.7120 66
185.7440 185.8400 64
185.9680 186.0960 64
186.1280 186.2880 66
186.4160 186.5760 64
186.6080 186.8960 61
187.4080 187.5040 68
187.5360 187.6640 71
187.6960 188.5280 68
188.6880 188.7520 70
188.7840 189.2640 68
189.2960 189.5520 66
189.9040 190.0640 69
190.0960 190.2240 71
190.2560 190.4800 69
190.5120 190.7360 68
190.8960 190.9600 68
190.9920 191.0880 70
191.2480 191.4400 69
191.4720 191.7600 68
191.7920 191.9840 64
192.1760 192.2080 64
192.2400 192.2720 65
192.3040 192.3680 66
192.4960 192.7200 64
192.7520 192.8480 68
193.0720 193.3600 66
193.3920 193.4240 65
193.4560 193.5840 64
193.6160 194.0320 66
194.0640 194.3840 68
194.4160 194.4480 67
194.4800 194.6720 66
195.6640 195.7920 67
195.8240 195.9200 66
195.9520 196.0480 64
196.1760 196.3040 64
196.3360 196.5280 66
196.5600 196.7840 64
196.8160 197.1040 61
197.6800 197.7120 68
197.7440 197.8400 70
197.8720 198.7360 68
198.8960 198.9920 70
199.0240 199.3760 68
199.5040 199.7600 66
199.9520 200.0160 66
200.2080 200.2400 69
200.2720 200.3360 71
200.3680 200.4000 70
200.4320 200.6880 69
200.7200 201.1040 68
201.1360 201.2320 69
201.2640 201.3920 70
201.4240 201.6480 69
201.6800 201.9360 68
201.9680 202.0000 66
202.0320 202.2240 64
202.4480 202.4480 64
202.7040 202.8640 64
203.3440 203.6320 65
203.6640 203.7920 64
203.8240 204.2720 66
204.3040 204.5920 68
205.4240 205.4880 56
205.9040 206.1280 66
206.1600 206.5120 64
206.5440 206.7040 66
206.8640 206.9920 64
207.0240 207.3120 61
207.6320 207.6960 62
