1.2960 4.3040 63
4.3360 6.9280 64
6.9600 7.0880 65
7.1200 7.1840 63
7.5360 8.7200 61
8.9760 9.8720 61
10.5760 11.1840 67
11.2160 11.2800 66
11.3760 12.0160 63
12.2080 12.2720 63
12.4000 12.6880 63
12.7200 12.7520 65
12.7840 12.9120 66
12.9440 13.2960 65
13.3280 13.3600 64
13.3920 13.4240 63
25.2640 25.9360 56
26.2560 26.5440 56
26.6720 26.8000 56
26.9920 27.2160 56
27.2480 27.2800 57
27.3120 27.3760 61
27.4080 27.5680 62
27.7280 27.8880 63
27.9200 27.9520 62
28.1120 28.2720 59
28.3040 28.7520 61
28.9120 29.0080 57
29.0400 29.1360 56
29.1680 29.2000 55
29.2320 29.5200 54
29.5520 29.6800 55
29.7120 31.8560 56
32.9120 33.1680 56
33.3280 33.3920 57
33.4240 33.5520 58
33.5840 33.5840 61
33.6160 34.0000 68
34.0320 34.0640 67
34.0960 34.2880 66
34.3200 34.3840 65
34.4160 34.6400 63
34.6720 34.7040 65
34.7360 35.3440 66
35.3760 35.5040 63
35.5360 35.6000 62
35.6320 35.9520 61
36.0800 36.4000 66
36.4320 36.6560 63
36.6880 37.0080 62
37.0400 37.1360 63
37.1680 37.8400 62
38.5440 38.7040 66
38.8960 38.9280 62
38.9600 39.1840 63
39.2160 39.2800 62
39.3120 39.9840 61
40.1120 40.3680 59
40.4960 41.2320 61
41.2640 41.6160 60
41.6480 41.9680 61
42.5120 42.8000 61
42.8320 42.8960 62
42.9280 43.2480 63
43.2800 43.4080 62
43.4400 43.5040 61
43.6960 44.2720 59
44.3040 44.6240 58
44.6560 44.8160 59
45.2640 45.3920 61
45.4240 45.4560 62
45.4880 46.0640 63
46.0960 46.1600 62
46.1920 46.3840 61
46.4160 46.5120 60
46.5440 46.7680 61
47.3120 47.4720 56
47.5040 47.6320 57
47.6640 47.9840 56
48.0160 48.0480 57
48.0800 48.1760 58
48.2080 48.3680 56
48.4960 48.5280 53
48.5600 48.7840 54
48.9760 49.6800 58
49.7120 49.9040 56
49.9360 50.1600 55
50.1920 50.2880 56
50.3200 51.4080 55
52.2720 52.3680 56
52.5600 52.7200 56
52.7520 52.8480 57
52.8800 52.9760 61
53.0080 53.0400 62
53.0720 53.1360 63
53.2960 53.5200 63
53.7120 53.7440 58
53.7760 53.8400 59
53.8720 53.9040 60
53.9360 54.3200 61
54.3520 54.4160 60
54.4480 54.4800 58
54.5120 54.6080 57
54.6400 54.7360 56
54.7680 54.8000 55
54.8320 55.1520 54
55.3120 56.6880 56
56.8160 57.2640 56
58.5440 59.5040 56
59.6960 59.9840 66
60.0160 60.0800 68
60.1120 60.1120 66
60.1440 60.2080 64
60.3680 60.9120 66
60.9440 61.0080 64
61.0400 61.1360 63
61.1680 61.2320 62
61.2640 61.8720 61
61.9040 62.0640 62
62.0960 62.6720 61
62.7040 62.7360 62
62.7680 63.1200 63
63.1520 63.3760 62
63.4080 63.5040 63
63.5360 63.5680 64
63.6000 63.9840 65
64.0160 64.2080 66
64.2400 64.3360 67
64.3680 64.4320 65
64.4640 64.6880 63
64.7200 64.8160 64
64.8480 64.8800 62
64.9120 65.2960 61
65.3280 65.4560 62
65.4880 65.6480 61
65.6800 65.9680 59
66.0960 66.6720 63
66.7040 66.7680 62
66.8000 67.0560 61
67.0880 67.3760 62
67.4080 67.5360 61
68.0160 68.1120 56
68.4960 68.5280 58
68.5600 68.8800 59
68.9120 69.1040 58
69.1360 69.1680 57
69.5520 69.8400 54
69.8720 69.9680 55
70.0000 70.2240 56
70.3520 70.4480 56
71.3120 71.6320 61
71.6640 71.9840 59
72.0160 72.0480 60
72.0800 72.4320 61
72.4640 72.4960 62
72.5280 72.9440 63
72.9760 72.9760 61
73.1680 73.2960 55
73.6480 73.8080 56
73.8400 73.8720 58
73.9040 74.0960 59
74.1280 75.2800 58
75.3120 75.7280 56
75.7600 76.0480 55
76.0800 76.2400 56
76.9120 77.1680 71
77.3600 77.6480 70
77.6800 77.7120 68
77.7440 78.5120 66
78.5440 78.5760 67
78.6080 78.9920 68
79.0240 79.0560 67
79.3760 79.4720 64
79.5040 79.5680 66
79.7280 79.8560 67
79.8880 79.9840 68
80.0160 80.0480 67
80.0800 80.2720 66
80.3040 80.3680 65
80.4960 81.6800 61
81.7120 82.4160 62
82.4480 82.5120 63
82.5440 82.7680 64
83.3440 83.4080 63
83.4400 83.4720 62
83.5040 84.0160 61
84.0480 84.1760 64
84.2080 84.5280 63
84.5600 84.9440 64
85.2960 85.4560 70
85.4880 86.1920 71
86.2240 87.2480 68
87.2800 87.3760 71
87.4080 88.7840 70
89.0720 89.1360 70
89.7120 89.8080 70
89.8400 89.9680 71
90.0000 90.2240 70
90.2560 90.6080 69
90.6400 90.7040 67
90.7360 90.8640 68
90.8960 90.9920 67
91.0240 91.6320 68
92.2720 92.4000 66
92.5280 92.5920 66
92.6240 92.8480 67
92.8800 93.1040 66
93.1360 93.1680 65
93.2000 93.2000 63
93.2320 93.5520 61
93.5840 93.6480 66
93.6800 93.8400 63
93.9680 94.0640 62
94.2560 94.3520 63
94.3840 94.4480 61
94.4800 94.5760 63
94.7040 94.8320 63
94.8640 95.2160 62
95.2480 95.8880 63
96.4000 96.7520 63
96.9120 96.9760 58
97.0080 97.0720 59
97.1040 97.1360 60
97.1680 97.7760 61
97.8080 97.9040 58
97.9360 98.3520 59
98.5120 98.6720 70
98.7040 98.9600 71
98.9920 99.0880 74
99.1200 99.1520 72
99.1840 99.2800 70
99.3120 99.9200 66
100.1120 100.2080 70
100.2400 100.3040 67
100.3360 100.4320 68
100.4640 100.5600 67
100.5920 100.6880 68
100.7200 100.8160 67
100.8480 100.9440 69
100.9760 101.0720 67
101.1040 101.2000 68
101.2320 101.3280 67
101.3600 101.4560 68
101.4880 101.5840 67
101.6160 104.4960 68
104.5280 104.5920 69
104.8160 104.9120 74
104.9440 105.0400 75
105.2320 106.0960 75
106.1280 106.1920 74
106.2240 106.2560 72
106.2880 106.5440 71
106.8320 109.2960 64
126.8640 127.0560 56
127.3120 128.6880 56
129.0720 129.1680 56
129.3600 129.5840 56
129.6160 129.6480 57
129.6800 129.6800 59
129.7120 129.7760 61
129.8080 129.8400 62
129.8720 129.9360 63
130.1280 130.3200 63
130.5120 130.6080 59
130.6400 130.6720 60
130.7040 131.1520 61
131.3120 131.4080 57
131.4400 131.5360 56
131.5680 131.6000 55
131.6320 131.8240 54
131.8560 131.9520 55
132.0800 132.3040 56
132.5280 134.2880 56
135.3440 136.3040 56
136.4960 136.7520 66
136.7840 136.8800 69
136.9120 136.9120 66
136.9440 137.0400 64
137.0720 137.1040 65
137.1360 137.2000 66
137.3280 137.5520 66
137.7120 137.7760 64
137.8080 137.9360 63
137.9680 138.1280 62
138.1600 139.5040 61
139.5360 140.1760 62
140.2080 140.3040 63
140.8800 141.0080 66
141.0400 141.1360 67
141.1680 141.2000 65
141.2320 141.4880 63
141.5200 141.6160 64
141.6480 141.7120 62
141.7440 142.0960 61
142.1280 142.2880 62
142.3200 142.4160 61
142.4480 142.4800 60
142.5120 142.5760 59
142.7040 142.7680 59
142.8960 143.5040 63
143.5360 143.6000 62
143.6320 143.8560 61
143.8880 144.3680 62
144.8480 144.9120 56
145.3280 145.3600 58
145.3920 145.4240 59
145.4560 145.5520 60
145.5840 145.9680 59
146.1600 146.1920 58
146.4160 146.6400 54
146.6720 146.7040 55
146.7360 147.5360 56
147.5680 147.6320 57
148.1120 148.4000 61
148.4320 148.4640 60
148.4960 148.8480 59
148.8800 149.2000 61
149.2320 149.2960 62
149.3280 149.7440 63
149.7760 149.8080 60
150.0000 150.1280 55
150.4480 150.5760 56
150.6080 150.6400 57
150.6720 152.0480 58
152.0800 152.2720 56
152.3040 152.7520 55
152.7840 153.0080 56
153.7120 153.9680 71
154.1280 154.1920 71
154.2240 154.4480 70
154.4800 154.5440 67
154.5760 155.3120 66
155.3440 155.3760 67
155.4080 155.7920 68
155.8240 155.8560 67
156.1760 156.2720 64
156.3040 156.3680 66
156.5280 156.6240 67
156.6560 156.7840 68
156.8160 157.0720 66
157.1040 157.1680 65
157.2000 157.2000 63
157.2320 158.4480 61
158.4800 159.2160 62
159.2480 159.5360 63
160.1120 160.1120 61
160.1440 160.2080 63
160.2400 160.2720 62
160.3040 160.8480 61
160.8800 160.9760 65
161.0080 161.3280 63
161.3600 161.7440 64
162.0960 162.2560 70
162.2880 162.9920 71
163.0240 164.0480 68
164.0800 164.1760 71
164.2080 164.3360 70
164.3680 164.4320 71
164.4640 164.5600 69
164.5920 165.5840 70
166.5120 166.6080 70
166.6400 166.7680 71
166.8000 167.0560 70
167.0880 167.6640 68
167.6960 167.7920 67
167.8240 168.5280 68
169.0720 169.2000 66
169.3280 169.9680 66
170.0000 170.0000 64
170.0320 170.3520 61
170.3840 170.4480 65
170.4800 170.6400 63
170.7680 170.8640 63
170.8960 170.8960 61
170.9920 172.7200 63
173.2000 173.5520 63
173.7120 173.9360 59
173.9680 174.4160 61
174.5440 175.1520 59
175.3120 175.4720 70
175.5040 175.7600 71
175.7920 175.8880 74
175.9200 175.9200 72
175.9520 176.0800 70
176.1120 176.7520 66
176.9120 177.0080 69
177.0400 177.1040 67
177.1360 180.4640 68
180.7200 180.8480 68
182.4800 182.5440 72
182.5760 182.7680 71
182.9280 183.0560 71
183.0880 183.2160 70
183.2480 183.3120 67
183.3440 184.1120 66
184.1440 184.2080 67
184.2400 184.5920 68
184.6240 184.6560 67
184.9760 185.0720 64
185.1040 185.1680 66
185.3280 185.7120 67
185.7440 185.8720 66
185.9040 185.9680 65
186.0960 186.2880 61
186.3200 186.5440 62
186.5760 186.9920 61
187.1840 187.2480 61
187.2800 188.0480 62
188.0800 188.1440 63
188.1760 188.2080 64
188.2400 188.8160 65
188.9440 189.0720 63
189.1040 189.6480 61
189.6800 189.7760 64
189.8080 190.1280 63
190.1600 190.5760 64
190.8960 191.0240 70
191.0560 191.7920 71
191.8240 192.4960 68
192.6560 192.8480 68
192.8800 192.9760 71
193.0080 194.4800 70
194.8640 194.8640 68
195.2480 195.4080 70
195.4400 195.6320 71
195.6640 195.8880 70
196.0160 196.1440 68
196.1760 196.2720 67
196.3040 197.2960 68
197.8720 197.9040 65
197.9360 198.0000 66
198.1280 198.1920 66
198.2240 198.4160 67
198.4480 198.7680 66
198.8000 198.8320 63
198.8640 199.1520 61
199.1840 199.2480 65
199.2800 199.4080 63
199.4400 199.8240 62
199.8560 199.9520 63
199.9840 200.0480 61
200.0800 200.4640 63
200.4960 201.2320 62
201.2640 201.5200 63
202.0000 202.3520 63
202.5440 202.6080 58
202.6400 202.6720 59
202.7040 203.2800 61
203.3120 203.4080 60
203.4400 203.5040 58
203.5360 203.9520 59
204.1120 204.2720 70
204.3040 204.5600 71
204.5920 204.6880 74
204.7200 204.7200 72
204.7520 204.8800 70
204.9120 205.3280 66
205.3600 205.5840 67
205.7120 205.8080 70
205.8400 206.1600 67
206.1920 208.9440 68
208.9760 209.3280 69
209.3600 210.0000 68
210.1920 211.6960 75
211.7280 211.9200 72
211.9520 212.0480 70
212.0800 214.8640 64
215.6000 215.6320 69
215.6640 218.0960 73
218.5120 219.4080 75
219.7600 220.0800 75
220.3360 221.0720 75
221.2960 221.3600 75
226.0320 226.2880 59
226.4160 226.5120 59
226.8000 226.9920 59
227.2160 227.6960 59
