25.0720 25.3600 50
25.3920 25.4240 51
25.4560 25.5520 52
25.5840 26.0320 51
26.0640 26.5440 52
26.5760 26.7680 53
27.0240 27.1200 49
27.3120 27.7600 53
27.7920 28.0160 55
28.1440 28.4000 58
28.4320 28.6240 55
28.6560 28.7200 54
28.7520 28.8480 56
28.8800 28.9440 54
28.9760 29.0720 56
29.1040 29.1680 54
29.2000 29.2960 56
29.3280 29.4240 54
29.4560 29.5520 56
29.5840 29.6480 54
29.6800 29.7440 56
29.7760 29.8720 55
29.9040 29.9680 56
30.7680 30.8960 53
30.9280 31.5360 54
31.5680 31.6320 55
31.6640 31.7280 53
31.7600 32.5920 55
32.8160 32.9440 53
33.1360 33.6480 62
33.6800 33.7760 60
33.8080 34.2880 58
34.3200 34.5760 59
34.6080 34.6720 60
34.7040 34.7680 58
34.8000 34.8960 60
34.9280 34.9920 58
35.0240 35.0880 60
35.1200 35.2160 59
35.2480 35.3760 60
35.4080 35.4720 59
35.9840 35.9840 53
36.0160 36.0160 55
36.0480 36.0800 57
36.1120 36.4640 58
36.4960 36.6560 60
36.8160 37.1360 65
37.1680 37.2960 62
37.3280 37.4240 60
37.4560 37.5840 61
37.6160 37.6480 59
37.6800 37.7760 62
37.8080 37.8720 60
37.9040 38.0000 62
38.0320 38.1280 60
38.1600 38.3840 62
38.4160 38.6400 61
38.7680 39.1520 60
39.1840 39.2800 63
39.3120 39.5680 61
39.6000 39.6640 59
39.6960 39.9520 58
40.0480 40.9760 54
41.0080 41.3280 55
41.5200 41.6160 55
41.8080 41.8720 52
41.9040 42.2560 53
42.2880 42.4160 55
42.4480 42.4800 54
42.6080 43.3120 60
43.3440 43.4400 61
43.4720 43.5680 60
43.7280 44.2080 58
44.2400 44.4320 60
44.4640 44.6240 62
44.6560 44.6880 61
44.7200 45.0720 60
45.1040 45.2320 59
45.2640 45.4240 55
45.6480 45.8080 56
45.8400 46.0960 57
46.1280 46.1920 58
46.2240 46.3200 56
46.3520 46.4160 58
46.4480 46.5440 57
46.5760 46.6720 58
46.7040 46.7680 56
46.8000 46.8960 57
46.9280 46.9920 56
47.0240 47.0880 58
47.1200 47.1840 57
47.2160 47.2800 59
47.6000 47.6640 57
47.6960 47.9520 58
47.9840 48.0480 59
48.0800 48.2720 60
48.3040 50.0000 62
50.3200 50.4160 50
50.5760 50.7360 59
50.7680 50.8000 57
50.8320 51.0560 55
51.0880 51.1520 53
51.1840 51.2480 54
51.2800 51.2800 56
51.3120 51.6000 58
51.6320 51.8240 56
51.8560 51.9200 54
51.9520 52.0480 55
52.0800 52.1440 54
52.1760 52.2720 56
52.3040 52.4000 54
52.4320 52.4960 56
52.5280 52.6240 54
52.6560 52.8800 55
53.3600 53.4240 51
53.4560 53.4880 54
53.5200 53.6800 55
53.7120 53.9040 56
53.9360 54.1600 58
54.1920 54.3840 60
54.4160 54.9600 59
54.9920 55.0880 60
55.1200 55.7600 59
55.7920 55.9200 60
55.9520 55.9520 58
55.9840 56.1440 52
56.3360 57.1360 65
57.1680 57.2000 63
57.2320 57.2960 62
57.3280 57.3920 59
57.4240 57.6800 60
57.7120 57.7760 58
57.8080 57.8720 61
57.9040 58.0000 59
58.0320 58.0960 61
58.1280 58.2240 59
58.2560 58.3200 61
58.3520 58.9280 59
59.1840 59.2480 57
59.2800 59.6640 58
59.6960 59.8240 60
59.8560 59.9200 59
59.9520 60.1760 63
60.2080 60.3040 65
60.3360 60.4320 63
60.4640 60.4960 65
60.5280 60.5920 64
60.6240 60.8480 62
60.8800 60.9440 65
60.9760 61.0720 63
61.1040 61.2000 60
61.2320 61.3600 61
61.3920 61.3920 63
61.4240 61.6800 65
61.7120 62.0640 62
62.0960 62.3520 61
62.3840 62.4800 62
62.7360 62.9920 60
63.0240 63.0880 59
63.1200 63.4400 62
63.4720 63.4720 60
63.5040 63.8560 58
63.8880 64.0480 60
64.0800 64.3040 58
64.3360 64.3360 55
64.3680 64.3680 52
64.4000 64.6560 55
65.0400 65.4880 62
65.5200 65.5840 60
65.6160 66.5120 59
66.5440 66.6080 60
66.9600 67.0880 53
67.2800 67.2800 61
67.3440 67.3440 62
67.4080 67.4400 62
67.4720 67.5040 63
67.5360 67.6000 65
67.6320 68.1440 60
68.1760 68.3040 58
68.3360 68.8480 62
68.8800 68.9120 61
68.9440 68.9760 60
69.0080 69.1680 58
69.2960 69.5840 58
69.6160 69.7120 57
69.7440 69.8400 56
69.8720 69.9680 58
70.0000 70.0960 57
70.1280 70.4480 59
70.4800 70.5440 57
70.5760 70.6720 59
70.7040 70.8000 58
70.8320 70.9280 60
70.9600 71.0240 57
71.0560 71.1520 59
71.1840 71.7600 58
71.7920 71.8560 59
95.1840 95.8880 52
95.9200 96.0160 51
96.0480 96.1440 52
96.1760 96.2400 51
96.2720 96.3360 53
96.3680 96.4960 52
96.7200 96.9760 50
97.0080 97.1360 52
97.1680 97.4240 53
97.4560 97.5840 55
97.6160 97.6480 54
97.8720 98.1280 58
98.1600 98.3200 55
98.3520 98.4480 53
98.4800 98.5440 55
98.5760 98.6720 53
98.7040 98.7680 55
98.8000 98.8960 54
98.9280 99.0240 55
99.0560 99.1200 53
99.1520 99.6960 55
100.4320 100.9760 53
101.0080 102.2880 55
102.4800 102.4800 52
102.5120 102.6080 54
102.8000 103.2800 62
103.3120 103.3440 61
103.3760 103.4400 60
103.4720 103.9840 58
104.0160 104.5920 59
104.6240 104.6880 58
104.7200 104.7840 60
104.8160 104.8800 58
104.9120 104.9760 60
105.0080 105.1040 59
105.6480 105.6800 56
105.7120 105.7760 57
105.8080 106.1280 58
106.1600 106.3520 60
106.4800 106.8000 65
106.8320 106.9920 62
107.0240 107.0880 60
107.1200 107.5680 61
107.6000 107.6960 62
107.7280 107.7920 60
107.8240 108.3040 62
108.3360 108.4960 61
108.5280 108.8480 60
108.8800 109.0080 61
109.0400 109.1680 60
109.2000 109.3280 59
109.3600 109.5840 58
109.6160 109.6800 57
109.7120 110.2560 54
110.2880 110.3840 55
110.4160 110.4800 53
110.5120 110.5760 55
110.6080 110.7040 54
110.7360 111.0880 55
111.4400 111.5040 51
111.5360 111.6000 52
111.6320 111.9200 53
111.9520 112.1440 55
112.2720 112.5920 59
112.6240 112.8800 60
112.9120 113.1360 59
113.1680 113.2640 60
113.3920 113.4240 57
113.4560 113.5840 58
113.6160 113.6800 56
113.7120 113.8400 58
113.8720 113.9040 59
113.9360 114.1280 60
114.1600 114.3520 62
114.3840 114.4160 61
114.4480 114.8640 60
114.8960 114.9280 59
114.9600 115.0240 58
115.0560 115.2160 55
115.4080 115.4400 55
115.4720 115.6320 56
115.6640 115.9200 58
115.9520 116.2720 57
116.3040 116.4000 58
116.4320 116.5280 56
116.5600 116.6240 58
116.6560 116.8800 57
116.9120 116.9760 58
117.2640 117.3280 55
117.3600 117.5200 57
117.5520 117.7760 58
117.8080 118.0000 60
118.0320 119.7280 62
119.9520 120.0480 49
120.1760 120.3680 57
120.4000 120.4320 56
120.4640 120.6880 55
120.7200 120.8800 53
120.9120 120.9440 54
120.9760 121.2640 58
121.2960 121.4880 55
121.5200 121.5840 53
121.6160 121.6800 55
121.7120 121.8080 54
121.8400 121.9040 56
121.9360 122.0320 54
122.0640 122.1600 56
122.1920 122.2560 54
122.2880 122.3520 56
122.3840 122.6720 55
122.9920 123.0560 51
123.0880 123.6000 55
123.6320 123.8240 58
123.8560 123.9200 60
123.9520 125.2320 59
125.2640 125.5200 60
125.7120 125.7440 52
125.7760 125.8400 53
126.0320 126.6400 65
126.6720 126.7360 63
126.7680 126.8320 65
126.8640 126.9920 63
127.0240 127.2160 60
127.2480 127.4720 58
127.5040 127.7920 60
127.8240 127.9200 59
127.9520 128.0160 61
128.0480 128.1440 58
128.1760 128.4320 60
128.4640 128.5280 59
128.9120 128.9760 55
129.0080 129.0720 57
129.1040 129.2320 58
129.2640 129.3280 55
129.3600 129.3600 58
129.3920 129.5200 60
129.6480 129.8720 64
129.9040 130.2560 65
130.2880 130.5440 62
130.5760 130.6400 65
130.6720 130.7680 63
130.8000 130.8960 60
130.9280 131.0560 61
131.0880 131.0880 63
131.1200 131.3440 65
131.3760 132.3040 62
132.3680 132.4000 62
132.4320 132.5600 60
132.5920 132.6560 62
132.6880 132.7520 59
132.7840 133.1040 62
133.1360 133.1360 60
133.1680 133.4880 58
133.5200 133.6800 60
133.7120 133.9040 58
133.9360 133.9680 59
134.0000 134.0000 56
134.0320 134.3840 55
134.7040 135.0880 62
135.1200 135.3120 61
135.3440 135.6640 59
135.6960 135.7920 60
135.8240 136.3360 59
136.5600 136.7840 53
136.8160 136.8480 56
136.8800 136.8800 60
136.9120 137.1360 62
137.1680 137.2640 64
137.2960 137.5200 62
137.5520 137.9040 60
137.9360 138.4800 62
138.5120 138.6400 61
138.6720 138.8640 58
139.0240 139.0560 56
139.0880 139.2160 58
139.2480 139.3120 56
139.3440 139.4400 59
139.4720 139.5680 57
139.6000 139.6640 59
139.6960 139.7920 57
139.8240 139.9200 59
139.9520 140.0480 57
140.0800 140.1440 59
140.1760 140.2720 57
140.3040 140.4000 58
140.4320 140.5280 57
140.5600 140.6560 59
140.6880 140.7520 57
140.7840 140.8800 59
140.9120 141.0080 57
141.0400 141.1040 60
141.1360 141.2320 58
141.2640 141.5840 59
141.7760 142.4480 65
148.0480 148.8800 67
148.9120 148.9760 69
149.4560 149.6800 67
149.7120 149.8720 70
150.0960 150.3520 69
150.5440 150.5760 69
150.6080 150.7360 70
163.6960 163.7920 57
163.8240 164.2400 58
164.2720 164.4640 60
164.4960 166.1280 62
166.3520 166.6080 62
166.6400 166.7040 58
166.7360 166.8000 57
166.8320 167.0880 55
167.1200 167.2160 52
167.2480 167.3440 53
167.3760 167.3760 55
167.4080 167.6960 58
167.7280 168.1440 55
168.1760 168.2400 53
168.2720 168.3680 55
168.4000 168.4640 53
168.4960 168.5920 56
168.6240 169.0400 54
169.4880 169.5520 51
169.5840 169.6480 54
169.6800 170.0000 55
170.0320 170.2560 57
170.2880 170.5440 59
170.5760 170.6400 58
170.6720 170.7360 60
170.7680 171.3120 59
171.3440 171.4080 60
171.4400 171.5040 58
171.5360 171.8880 59
172.1120 172.2720 51
172.4960 173.1040 65
173.1360 173.2960 64
173.3280 173.3600 63
173.3920 173.4560 62
173.4880 173.6800 60
173.7120 174.1600 59
174.1920 174.5120 60
174.5440 174.9280 59
175.3440 175.4400 57
175.4720 175.6960 58
175.7280 175.7920 57
175.8240 175.8560 59
175.8880 176.0480 60
176.0800 176.2080 64
176.2400 176.3040 63
176.3360 176.6880 65
176.7200 177.0080 62
177.0400 177.1360 63
177.1680 177.2000 62
177.3280 177.5200 60
177.5520 177.8080 65
177.8400 178.0000 62
178.0320 178.0960 60
178.1280 178.6400 62
178.8640 179.2160 60
179.2480 179.5680 62
179.6000 179.6320 60
179.6640 179.9520 58
179.9840 180.1440 60
180.1760 180.4000 58
180.4320 180.4320 56
180.4640 180.4960 53
180.5280 180.7200 56
180.7520 180.7840 54
181.1680 181.5520 62
181.5840 181.6160 61
181.6480 181.7120 60
181.7440 181.8400 59
181.8720 182.0960 58
182.1280 182.6720 59
182.9920 183.1200 53
183.1520 183.2480 54
183.2800 183.2800 58
183.3120 183.3760 61
183.5360 183.5680 64
183.6000 183.6960 65
183.7280 184.2400 60
184.2720 184.3680 58
184.4000 184.4000 60
184.4320 184.9120 62
184.9440 185.0080 61
185.0400 185.0720 60
185.1040 186.0960 58
186.1280 186.2240 57
186.2560 186.3200 59
186.3520 186.4480 57
186.4800 186.5760 59
186.6080 186.7040 57
186.7360 186.8000 59
186.8320 186.9280 58
186.9600 187.0560 59
187.0880 187.1840 57
187.2160 187.3120 59
187.3440 187.4400 57
187.4720 187.7920 59
187.8240 187.9200 58
187.9520 188.0480 60
188.0800 188.1440 58
188.1760 188.2720 60
188.3040 188.4000 58
188.4320 188.5280 60
188.5600 188.6560 58
188.6880 188.7840 60
188.8160 188.9120 58
