22.8960 23.2160 59
29.4880 29.5520 64
29.7120 30.0000 64
30.1280 31.2800 64
31.3120 32.1440 68
32.3680 32.5280 68
38.1920 38.2560 54
38.2880 38.4160 55
38.4480 38.5760 54
38.6080 38.6400 53
38.6720 38.8320 52
38.8640 38.8960 53
38.9280 39.0560 54
39.0880 39.2800 56
39.4400 39.5360 58
39.5680 40.5920 59
40.7840 40.9760 59
41.0080 41.2000 61
41.2320 41.7760 59
42.2240 42.2560 55
42.2880 42.3840 56
42.4160 42.8960 59
42.9280 43.2160 61
43.2480 43.2800 63
43.3120 43.8560 64
43.8880 44.1120 61
44.1440 44.3680 59
44.4000 44.5280 61
44.5600 44.5600 59
44.6880 44.7840 54
44.8160 44.8480 55
44.8800 45.4240 56
45.8720 46.2880 56
46.3200 46.4480 57
46.5760 46.7360 56
46.7680 46.8640 55
46.8960 47.2160 54
47.2480 47.6000 52
47.6320 47.6640 53
47.6960 48.1440 56
48.1760 48.2080 55
48.2400 48.3680 54
48.4000 48.5920 52
48.6240 48.6560 51
48.6880 48.7200 50
48.7520 49.0720 49
49.6800 49.7120 51
49.7440 50.3520 52
50.4800 50.9600 54
51.3760 51.6640 56
51.6960 52.1440 57
52.1760 52.2080 58
52.2400 52.3680 59
52.6240 54.0000 54
55.4080 55.4400 53
55.4720 55.6000 56
55.6320 55.6960 55
55.7280 55.7600 54
55.7920 55.8240 53
55.8560 56.0800 52
56.1120 56.1440 53
56.1760 56.2720 54
56.3040 56.5920 56
56.6240 57.8400 59
58.0320 58.1600 59
58.1920 58.2240 60
58.2560 58.4480 61
58.4800 59.0880 59
59.1200 59.1840 58
59.4400 59.6640 56
59.6960 60.0800 59
60.1120 60.1440 60
60.1760 60.4000 61
60.4320 61.0400 64
61.0720 61.2640 61
61.2960 61.6160 59
61.6480 61.8080 61
61.9680 62.1280 55
62.1600 62.6720 56
63.0880 63.5040 56
63.5360 63.8560 57
63.8880 63.9840 56
64.0160 64.1120 55
64.2400 64.3360 54
64.3680 64.4000 53
64.4320 64.5280 52
64.5600 64.7520 51
64.7840 64.8160 52
65.0080 65.0400 55
65.0720 65.2640 56
65.2960 65.3600 55
65.3920 65.6160 54
65.6480 65.6800 52
65.7120 65.8080 51
65.8400 65.9040 50
65.9360 66.0000 49
66.1600 66.2560 49
66.2880 66.3840 50
66.4160 66.5760 52
66.9600 67.0560 52
67.0880 67.3440 53
67.3760 68.2080 54
68.6240 68.9440 56
68.9760 69.4240 57
69.4560 69.4880 58
69.5200 69.7120 59
69.8720 71.4080 54
72.3680 72.3680 53
72.4000 72.4640 56
72.4960 72.6240 57
72.6560 72.7840 56
72.8160 72.9440 55
72.9760 73.2000 54
73.2320 73.2640 53
73.2960 74.3200 52
74.3520 74.9600 51
76.7200 76.7840 53
76.8160 76.9120 54
76.9440 77.1360 56
77.1680 78.4800 57
78.6080 78.6080 59
78.6400 78.7680 62
78.8000 78.8640 63
78.8960 79.0560 64
79.0880 79.4080 63
79.4400 79.5360 62
79.5680 79.6640 63
79.6960 80.0160 64
80.0480 80.0800 65
80.1120 80.4320 66
80.4640 80.6560 61
80.6880 80.7520 62
80.7840 80.8800 63
80.9120 80.9440 62
80.9760 82.9280 59
84.3680 84.4000 55
84.4320 84.8480 56
84.8800 86.2880 57
86.3200 86.3200 60
86.3520 86.4800 62
86.5120 86.7680 64
86.8000 87.1840 63
87.2160 87.4400 64
87.4720 87.8240 66
87.8560 87.8880 65
87.9200 87.9520 64
87.9840 88.6560 63
88.6880 88.7520 66
88.7840 88.8160 67
88.8480 89.5200 68
89.5520 89.5520 65
89.5840 89.6480 62
89.6800 89.7760 63
89.8080 90.0960 66
90.1280 90.2560 67
90.2880 90.3520 66
90.3840 91.6000 64
91.6320 91.6640 61
92.0480 92.0800 55
92.1120 92.2080 56
92.2400 92.4320 59
92.4640 92.4960 58
92.5280 93.5520 57
93.5840 93.6480 56
93.6800 93.9040 54
94.0960 95.2160 54
95.8880 95.9200 55
95.9520 96.0800 56
96.1120 96.2400 57
96.3680 96.4320 58
96.4640 96.9760 59
97.0080 97.2320 56
97.2640 97.3280 58
97.3600 97.5200 59
97.5520 97.5520 61
97.5840 97.7440 64
97.7760 98.0640 66
98.0960 98.1280 65
98.1600 99.0560 64
99.0880 99.0880 62
99.5360 99.6960 59
99.7280 99.8880 61
99.9200 100.1440 59
100.1760 100.2400 62
100.2720 100.5280 64
100.5600 101.4880 61
101.5200 101.7120 56
101.8720 101.9040 54
101.9360 102.0320 56
102.0640 102.2240 57
102.2560 102.8640 56
103.2800 103.3440 53
103.3760 103.6000 54
103.6320 103.7600 55
103.7920 103.9200 52
103.9520 104.1760 51
104.2080 104.6240 52
104.6560 105.0720 51
118.8960 119.3440 68
119.3760 120.5600 67
122.4480 122.8000 54
122.8320 122.8640 53
122.8960 123.0240 52
123.0560 123.1520 53
123.1840 123.2160 54
123.2480 123.3120 55
123.3440 123.6640 56
123.6960 124.8480 59
125.0400 125.1040 58
125.1360 125.2640 59
125.2960 125.4560 61
125.4880 126.1600 59
126.5440 126.5760 55
126.6080 126.6400 56
126.6720 126.7360 57
126.7680 127.1520 59
127.1840 127.4720 61
127.5040 128.0800 64
128.1120 128.1760 63
128.2080 128.3680 61
128.4000 128.6240 59
128.6560 128.8160 61
128.8480 128.8480 58
128.8800 129.1360 55
129.1680 129.9360 56
130.0960 130.4800 56
130.5120 130.7360 57
130.7680 130.9280 56
130.9600 131.1200 55
131.2800 131.4400 54
131.4720 131.5040 52
131.5360 131.6640 51
131.6960 131.7920 52
131.8240 131.8880 53
132.0160 132.4640 56
132.4960 132.6880 54
132.7200 132.8160 52
132.8480 132.9120 51
132.9440 133.0400 50
133.2000 133.3600 49
133.3920 133.6160 51
133.9680 134.3520 52
134.3840 135.0240 54
135.0560 135.3120 53
135.6640 135.6960 54
135.7280 135.7920 55
135.8240 135.9200 56
135.9520 136.1120 57
136.3040 136.4320 57
136.4640 136.4960 58
136.5280 136.6560 59
136.6880 136.6880 57
136.7200 138.4160 54
139.6640 139.6960 53
139.7280 139.8560 56
139.8880 139.9200 55
139.9520 140.0800 54
140.1120 140.1760 52
140.2080 140.4000 53
140.4320 140.4960 54
140.5280 140.5600 55
140.5920 140.7200 56
140.7520 140.8800 57
140.9120 140.9440 58
140.9760 142.0640 59
142.3200 142.4480 59
142.4800 142.7040 61
142.7360 143.2800 59
143.6960 143.8560 56
143.9840 144.3680 59
144.4000 144.4320 61
144.4640 144.5600 62
144.5920 144.6880 61
144.7200 144.7520 64
144.7840 145.1360 65
145.1680 145.3600 64
145.3920 145.5520 62
145.5840 145.7440 59
145.7760 145.8400 60
145.8720 146.0640 61
146.2240 146.2880 55
146.3200 146.9600 56
147.3440 147.7600 56
147.7920 147.9200 57
147.9520 147.9840 56
148.0160 148.4640 55
148.4960 148.6880 54
148.7200 148.7520 52
148.7840 149.0080 51
149.0400 149.1040 52
149.4880 149.6800 55
149.7120 149.7760 54
149.9360 150.0320 52
150.0640 150.1280 51
150.1600 150.1920 50
150.2240 150.6400 49
150.6720 150.8320 51
151.1840 151.2800 51
151.3120 151.5040 52
151.5360 151.5680 53
151.6000 152.4640 54
152.9120 152.9440 53
152.9760 153.0400 55
153.0720 153.2640 56
153.2960 153.4880 57
153.6160 153.6480 57
153.6800 153.7440 58
153.7760 154.0000 59
154.1600 155.6640 54
156.6240 156.6560 54
156.6880 156.9120 57
156.9440 157.2000 56
157.2320 157.2640 55
157.2960 157.5200 54
157.5520 157.7120 53
157.7440 157.7760 52
157.9040 159.6320 52
160.9120 160.9440 50
160.9760 161.0400 51
161.0720 161.1040 54
161.1360 161.1680 55
161.2000 161.4560 56
161.4880 162.7680 57
162.8960 162.9280 61
162.9600 162.9920 62
163.0240 163.0560 63
163.0880 163.2800 64
163.3120 163.8560 63
163.8880 164.1120 64
164.1440 164.3680 65
164.4000 164.7520 66
164.7840 164.8800 61
164.9120 165.0080 62
165.0400 165.2640 63
165.2960 167.3120 59
167.3440 167.5040 58
168.6560 168.7840 55
168.8160 169.2000 56
169.2320 170.4800 57
170.5120 170.5120 59
170.5440 170.5440 61
170.5760 170.7040 63
170.7360 171.0240 64
171.0560 171.6640 63
171.6960 172.0480 66
172.1760 172.9120 63
172.9440 173.0400 66
173.0720 173.1360 67
173.1680 173.6160 68
173.6480 173.7760 67
173.8080 173.8080 65
173.8400 174.0320 63
174.0640 174.3520 66
174.3840 174.5760 67
174.7040 176.0800 64
176.3040 176.4640 56
176.4960 176.7200 59
176.7520 176.7840 58
176.8160 177.8720 57
177.9040 178.1280 54
178.1600 178.3200 56
178.3520 178.5120 55
178.5440 179.4080 54
179.4400 179.5040 55
180.1440 180.3040 56
180.3360 180.6240 57
180.6560 181.2960 59
181.3280 181.5520 56
181.5840 181.8080 59
181.8400 181.8400 62
181.8720 182.0000 64
182.0320 182.3200 66
182.3520 183.3760 64
183.4080 183.4400 62
183.7920 183.8880 58
183.9200 184.1440 61
184.1760 184.3680 59
184.4000 184.4320 60
184.4640 184.8160 63
184.8480 184.9440 62
184.9760 185.7120 61
185.7440 185.7440 58
185.7760 185.8400 55
185.8720 185.9680 56
186.1280 186.1600 55
186.1920 186.2880 56
186.3200 186.5760 57
186.6080 187.3120 56
187.3440 187.4400 55
187.6000 187.6320 53
187.6640 187.9200 54
187.9520 188.0480 56
188.0800 188.1120 53
188.1440 189.8080 52
192.1440 192.1440 59
192.1760 192.2720 62
192.3040 192.3360 63
192.3680 194.1600 64
194.1920 194.2240 65
194.2560 195.3760 66
195.4080 195.6960 64
195.7280 195.8240 66
195.8560 195.8880 67
195.9200 199.0560 68
199.4400 199.6640 56
199.6960 200.6560 57
200.6880 200.8160 58
201.2000 201.2000 59
201.2320 201.3280 62
201.3600 201.6160 64
201.6480 202.1280 63
202.1600 202.2240 64
202.3840 202.6720 65
202.7040 203.0240 66
203.0560 203.5680 63
203.6000 203.7280 66
203.7600 203.8560 67
203.8880 204.4960 68
204.5280 204.6880 64
204.7200 204.9440 66
204.9760 205.1680 67
205.2000 205.3600 63
205.3920 206.4160 64
206.4480 206.4800 62
206.9280 207.0240 54
207.0560 207.1520 57
207.1840 207.3440 59
207.3760 207.4400 57
207.4720 207.5680 56
207.6000 208.8160 57
208.8480 209.0080 59
209.0400 209.1040 56
209.1360 209.2000 54
209.2320 209.2640 55
209.2960 209.4880 56
209.5200 209.5520 55
209.5840 210.1280 54
210.1600 210.2880 55
210.7680 211.2480 57
211.2800 211.3760 58
211.4080 211.9200 59
211.9520 212.2080 56
212.2400 212.4320 59
212.4640 212.4640 61
212.4960 212.5600 63
212.5920 212.6560 64
212.6880 212.9440 66
212.9760 213.0720 65
213.1040 214.0000 64
214.0320 214.0320 62
214.4800 214.5120 60
214.5440 214.8320 61
214.8640 215.0560 59
215.0880 215.1200 62
215.1520 215.2160 63
215.2480 215.4720 64
215.5040 216.4320 61
216.4640 216.5920 57
216.8160 217.0400 55
217.0720 217.8080 56
218.1920 218.2880 54
218.4480 218.4800 53
218.5120 218.5760 54
218.6080 218.8320 55
218.8640 218.8960 53
218.9280 219.9520 52
220.2080 220.3040 52
222.2880 222.3200 55
222.3520 222.5440 56
222.5760 224.0160 57
224.2080 224.2080 59
224.2400 224.2720 62
224.3040 224.3680 63
224.4000 224.5920 64
224.6240 225.1360 63
225.1680 225.2640 64
225.2960 225.3920 65
225.4240 225.5200 64
225.5520 225.5840 65
225.6160 225.9680 66
226.0000 226.0960 60
226.1280 226.2560 61
226.2880 226.5440 63
226.5760 228.6560 59
229.9360 230.0000 55
230.0320 230.4160 56
230.4480 231.3440 57
231.3760 231.4080 56
231.8560 231.8560 58
231.8880 231.9520 62
231.9840 232.0480 63
232.0800 232.3040 64
232.3360 232.9760 63
233.0080 233.2640 66
233.2960 233.3920 65
233.4240 234.1920 63
234.2240 234.2560 65
234.2880 235.3760 66
235.4080 235.4400 67
235.4720 235.6960 68
235.7280 235.8880 67
235.9200 235.9520 66
236.1760 236.3040 63
236.3360 237.2640 64
237.2960 237.3280 63
237.6160 237.7760 56
237.8080 238.0000 59
238.0320 239.1200 57
239.3120 239.4400 57
239.4720 239.6320 59
239.6640 239.6960 57
239.7280 239.9200 54
239.9520 240.2400 56
240.2720 240.7520 54
241.4560 241.9040 56
241.9360 242.5760 59
242.6080 242.8000 56
242.8320 243.0880 59
243.1200 243.1200 62
243.1520 243.6000 66
243.6320 244.5920 64
245.0720 245.1360 58
245.1680 245.4240 61
245.4560 245.7120 59
245.7440 246.1600 63
246.1920 247.0240 61
247.0560 247.0560 59
247.0880 247.3760 56
247.4080 247.5360 54
247.5680 248.3680 56
248.9120 249.0080 52
249.0400 249.2000 54
249.2320 249.3600 55
249.3920 249.4240 53
249.4560 250.9600 51
261.6480 262.1920 59
262.4480 262.5760 59
262.8320 262.9280 59
263.1840 263.4080 59
