9.7440 9.8080 52
9.8400 9.8720 54
9.9040 11.2160 55
11.2480 11.3120 56
11.3440 11.5040 57
11.5360 11.5680 56
11.6000 11.8240 55
11.8560 12.0800 51
12.1120 12.4320 52
12.4640 12.6240 50
12.6560 12.6880 49
12.7200 13.4560 48
17.6160 17.6800 53
17.7120 17.7760 56
17.8080 18.4480 57
18.6400 18.8000 55
18.8320 18.9600 56
19.1200 19.7280 55
19.7600 19.7600 53
19.7920 20.2080 48
20.2400 20.2720 49
20.3040 20.3680 50
20.4000 20.4960 51
20.5280 21.2000 52
24.7520 24.7840 52
24.8160 24.8480 55
24.8800 24.9760 56
25.0080 25.1360 57
25.1680 25.3280 54
25.3600 25.3920 56
25.4240 26.3200 57
26.3520 26.3840 58
26.4160 26.8960 59
26.9280 26.9920 58
27.1840 27.2800 57
27.3120 27.6640 55
28.1440 28.2720 58
28.3040 28.3360 59
28.3680 29.0720 60
29.1040 30.0640 59
30.0960 30.2560 56
30.2880 30.9920 57
31.0240 31.9840 55
32.0160 32.0480 56
32.0800 33.1360 57
33.1680 33.2000 56
35.0560 35.0880 44
35.1200 35.3440 45
35.3760 35.4080 47
35.4400 35.6320 48
35.8880 36.4640 50
40.1120 40.1440 50
40.1760 40.2400 51
40.2720 40.4000 52
40.5280 41.3920 52
41.4240 41.5840 53
41.6160 42.0640 55
42.0960 42.0960 53
42.1280 42.3200 51
42.3520 42.7680 52
42.8000 42.9280 50
42.9600 42.9920 49
43.0240 43.2160 48
43.3760 43.7600 48
47.4720 47.6000 56
47.9200 48.5280 57
48.6560 49.4560 55
49.4880 49.5840 57
49.7440 50.1600 55
50.7040 50.8640 49
50.8960 50.9280 51
50.9600 52.1440 52
52.1760 52.4960 53
52.5280 53.5200 55
54.8960 54.9920 55
55.1200 55.3440 52
55.3760 57.1040 55
57.1360 57.2000 56
57.2320 57.4560 57
57.6160 57.8400 59
58.2240 58.3840 59
58.4160 59.0240 60
59.0560 59.9840 59
60.0160 60.2080 56
60.2400 60.9440 57
60.9760 61.9360 55
61.9680 63.1840 57
64.9120 65.0720 45
65.2640 65.6800 48
65.7120 66.3200 50
69.2960 69.3600 48
69.3920 69.4240 51
69.4560 71.3760 53
71.4080 72.6880 55
72.7200 72.9120 57
72.9440 73.8400 55
76.6240 76.6880 45
76.7200 76.7200 49
76.7520 78.4800 53
78.5120 78.6400 54
78.6720 79.4080 55
79.9520 80.1120 52
80.1440 80.2720 53
80.4000 80.4960 51
80.5280 82.3840 52
84.4320 85.8400 57
85.8720 86.4800 59
86.5120 86.7680 57
86.8000 86.8640 56
86.8960 86.9600 54
86.9920 87.2800 55
87.6960 87.8880 58
87.9200 88.5280 60
88.6560 89.5200 59
89.5520 89.5840 58
89.6160 90.4480 57
90.4800 91.6320 55
91.6640 93.2000 57
93.7120 93.9040 53
94.0320 94.2560 53
94.4480 94.6400 45
94.6720 95.1520 48
95.1840 96.1120 50
96.1440 96.2720 51
99.2480 99.3760 50
99.4080 99.4400 51
99.4720 100.4000 52
100.4320 100.5280 53
100.5600 100.5920 55
100.6240 101.1360 56
101.1680 101.2000 54
101.2320 101.4880 51
101.5200 101.9680 52
102.0000 102.0640 51
102.0960 102.1600 50
102.1920 102.3520 48
102.3840 102.4160 49
102.4480 102.6080 50
102.6400 103.0560 48
106.4160 106.5440 55
106.6720 106.7680 57
106.8960 107.7280 57
107.8560 107.9200 56
107.9520 108.4000 55
108.8160 108.9120 48
108.9440 109.0400 49
109.0720 109.2960 50
109.4240 109.4560 51
109.4880 109.9680 52
113.7760 114.1600 57
114.3200 115.2160 57
115.2480 115.8240 59
115.8560 116.3040 57
116.3360 116.6560 55
116.8480 116.9120 54
117.1040 117.1680 58
117.2000 117.2960 59
117.3280 118.0320 60
118.0640 118.9920 59
119.0240 119.1840 56
119.2160 119.9200 57
119.9520 120.8800 55
120.9120 120.9440 56
120.9760 122.3520 57
123.6960 123.8240 51
123.8560 123.9200 48
123.9520 124.0800 45
124.4640 124.6560 48
124.6880 126.0000 50
128.7520 128.8800 52
128.9120 129.1680 50
129.2000 130.0320 52
130.0640 130.1280 53
130.1600 130.3840 55
130.5120 131.1520 55
131.1840 131.4080 57
131.4400 131.6640 55
131.6960 131.7280 52
131.7600 131.8560 51
132.0160 132.2720 47
132.3040 133.0400 48
136.5280 136.6240 56
136.6560 136.7840 57
136.8160 137.3280 59
137.3600 137.5200 60
137.5520 138.2880 59
138.3200 138.6400 57
138.7680 138.8320 56
138.8640 138.9280 55
138.9600 138.9600 53
138.9920 139.1840 49
139.2160 139.4080 50
139.4400 139.4720 51
139.5040 140.5280 52
140.5600 140.9120 53
141.1680 141.7120 55
142.8000 143.9520 55
143.9840 144.8480 52
145.0400 145.0720 53
145.1040 145.1360 54
145.1680 145.7440 55
145.7760 146.0640 57
146.0960 146.7360 59
146.7680 147.4080 60
147.4400 148.0480 59
148.2080 148.2720 58
148.4320 148.6240 56
148.6560 149.3280 57
149.3600 149.4560 56
149.4880 149.9680 55
150.0000 150.0960 54
150.1280 150.2880 55
150.3200 150.3520 56
150.3840 152.2400 57
153.1040 153.6800 52
153.7120 153.9360 53
153.9680 154.6080 50
157.6160 157.6800 50
157.7120 157.7440 52
157.7760 159.5040 53
159.5360 159.6640 54
159.6960 159.7600 55
159.7920 159.8880 56
159.9200 160.9440 55
160.9760 161.3280 57
161.3600 161.3920 56
161.4240 162.2560 55
164.9760 165.0400 47
165.0720 165.1360 50
165.1680 165.2320 52
165.2640 166.8320 53
166.8640 166.9600 54
166.9920 167.7920 55
168.3040 168.6560 47
168.6880 168.7520 48
168.7840 168.8480 50
168.8800 168.9440 51
168.9760 170.1280 52
170.1600 170.3520 51
172.7520 172.7520 51
172.7840 172.8160 55
172.8480 172.9120 56
172.9440 173.0400 57
173.0720 173.4240 56
173.4560 174.0960 57
174.1280 174.7680 59
174.8000 175.4400 57
175.4720 175.6320 55
176.0160 176.1120 58
176.1440 176.1760 59
176.2080 176.8160 60
176.9440 177.8400 59
177.8720 178.7040 57
178.7360 178.7680 56
178.8000 179.6960 55
179.7280 179.7600 56
179.7920 181.1360 57
182.4480 182.5760 50
182.7360 182.8320 47
182.8640 182.9280 48
183.1520 183.3760 48
183.4080 184.7520 50
184.7840 184.8160 49
186.1600 186.5440 47
186.7680 187.0560 47
187.0880 187.1840 48
194.3200 194.3840 52
194.4160 194.4480 53
194.4800 194.5120 54
194.5440 197.3280 55
197.3600 197.5200 52
197.5520 197.8080 53
197.8400 198.8000 52
198.8320 199.3760 53
199.4080 199.6640 52
199.7920 199.8560 52
201.4880 201.5520 57
201.5840 201.6800 58
201.7120 204.3680 60
204.4000 204.4320 61
204.4640 204.7200 62
204.7520 204.9760 60
205.0080 205.2000 62
205.2320 207.4720 64
207.5040 207.6320 63
207.6640 207.6960 62
208.8160 208.9440 63
208.9760 209.1040 64
209.1360 209.2320 63
209.2640 209.5520 64
209.6800 210.1280 62
210.1600 210.6720 64
210.7040 210.7360 65
210.7680 211.6960 67
211.7280 211.7920 66
212.0480 212.1440 54
212.1760 212.2400 55
212.2720 212.3040 56
212.3360 212.4640 57
212.4960 212.6880 56
212.7200 214.5440 57
215.6320 215.6640 56
215.6960 215.8240 57
215.8560 216.0800 59
216.1120 216.1120 63
216.1440 216.2400 65
216.2720 216.3680 64
216.4000 218.0000 65
218.0320 218.7040 64
218.7360 219.0240 65
219.0560 219.3440 64
219.3760 219.5360 60
219.5680 219.6320 59
219.6640 219.7920 57
219.8240 219.8560 56
219.8880 221.1680 55
223.5360 223.5360 59
223.5680 223.6000 62
223.6320 223.6640 63
223.6960 224.3040 64
224.4320 224.8800 62
224.9120 225.3280 64
225.3600 225.4880 65
225.5200 226.5120 67
226.5440 226.5760 66
226.8320 227.0560 56
227.0880 229.9040 57
230.4160 230.6400 57
230.6720 230.8000 59
230.9280 230.9280 62
230.9600 231.2800 65
231.3120 231.8560 64
231.8880 232.0480 65
232.0800 232.4960 64
232.5280 234.0640 60
234.1920 234.3200 59
234.3520 234.5120 62
234.5440 238.3840 60
238.4160 238.5120 61
238.5440 238.8320 60
241.8080 241.8400 53
241.8720 241.9680 54
242.0000 245.0400 55
245.0720 245.2960 54
245.3280 245.4240 53
245.4560 245.8720 52
245.9040 246.1280 53
246.1600 246.3840 52
249.0400 249.0400 54
249.0720 249.0720 56
249.1040 249.1680 58
249.2000 249.2640 59
249.2960 251.4080 60
251.8240 251.8240 54
251.8560 251.8560 57
251.8880 252.0160 61
252.0480 252.2400 62
252.2720 252.5280 60
252.5600 252.6880 62
252.7200 252.7840 63
252.8160 257.1680 64
257.2960 257.7440 62
257.7760 258.2560 64
258.2880 258.3520 65
258.3840 259.4080 67
259.6640 259.7600 54
259.7920 259.8240 55
259.8560 261.3600 57
263.1200 263.1840 52
263.2160 263.4080 56
263.4400 263.6320 59
263.6640 263.8240 65
263.8560 263.9200 63
263.9520 265.5200 65
265.5520 266.2560 64
266.2880 266.4800 65
266.5120 266.7680 64
266.9600 267.1840 59
267.2160 267.3440 57
267.4720 268.7840 55
271.0560 271.0560 53
271.0880 271.0880 57
271.1200 271.1200 60
271.1520 271.1840 62
271.2160 271.5360 63
271.5680 271.8240 64
271.9520 272.3360 62
272.3680 272.9440 64
272.9760 274.0960 67
274.3200 274.4800 55
274.5120 277.1040 57
277.8720 278.0000 58
278.0320 278.0640 56
278.0960 278.2560 54
278.3840 278.3840 59
278.4160 278.4160 62
278.4480 279.9520 65
279.9840 280.2080 64
280.2400 280.3360 65
280.3680 280.4640 64
280.4960 280.8480 61
280.8800 281.5200 60
281.6800 281.8080 60
281.8400 281.9360 62
281.9680 282.0000 61
282.0320 286.8960 60
289.2000 289.3280 50
289.3600 291.3440 53
291.3760 291.4080 54
291.4400 294.4480 55
296.5280 296.7520 55
296.7840 296.8160 58
296.8480 296.8800 59
296.9120 298.7040 60
298.7360 298.8000 61
298.8320 300.0160 62
300.0480 300.2720 60
300.3040 302.9920 55
304.7200 307.1840 55
307.2160 307.6640 53
307.6960 310.6080 52
311.9520 312.0480 53
312.0800 312.2720 54
312.3040 315.2160 55
315.2480 315.5040 57
315.5360 316.3040 55
316.3360 316.5280 54
316.5600 316.6880 53
316.7200 317.6480 52
319.0880 319.3440 48
319.3760 319.4080 49
319.4400 320.0480 50
320.3360 321.0080 48
321.1680 322.3840 48
322.5120 322.9920 48
