22.0000 22.1280 55
22.2880 22.6080 56
23.0560 23.2480 58
23.4080 23.5040 58
23.5360 23.5680 59
23.6000 23.8880 60
23.9200 23.9520 59
23.9840 24.1440 58
24.2720 24.4000 56
24.4320 25.0720 55
26.6400 26.9600 55
27.1840 27.3120 56
27.4720 27.5680 57
27.7280 27.9200 58
28.0800 28.3680 60
28.4000 28.4640 61
28.4960 28.5280 62
28.5600 28.8480 63
29.1680 29.3600 63
29.3920 29.4560 62
29.4880 30.1280 60
30.1600 30.2880 62
30.9280 31.1840 60
31.2160 31.4400 63
31.5680 31.7600 63
31.7920 31.8880 64
32.4000 32.5600 65
32.5920 32.6240 66
32.6560 32.7200 67
32.7520 33.0080 68
33.0400 33.0720 66
33.1040 33.2000 65
33.3600 33.5200 64
33.7440 34.2560 63
34.4480 34.7360 60
34.7680 34.8960 59
34.9280 35.2480 58
35.4400 35.6640 60
36.2080 36.3680 56
36.4000 36.4960 57
36.6880 36.9440 58
37.1360 37.3280 56
37.9040 37.9680 59
38.0000 38.0960 60
38.1280 38.1600 58
38.1920 38.2240 57
38.2560 38.5440 56
38.5760 38.6400 57
38.6720 39.0560 58
40.6240 40.7520 55
40.9120 40.9760 55
41.1680 41.3920 55
41.6160 41.7120 57
41.7440 41.8720 58
42.0640 42.2240 58
42.2560 42.3200 59
42.3520 42.4480 60
42.5760 42.7680 58
42.8000 42.8960 57
42.9280 43.0880 56
43.1200 43.4720 55
45.1680 45.2960 55
45.4880 45.6800 55
45.8400 45.9680 56
46.1280 46.2240 56
46.4160 46.6080 58
46.7360 47.1200 60
47.1520 47.1840 61
47.2160 47.4400 63
47.4720 47.6960 64
47.7280 47.9520 63
47.9840 48.0480 62
48.0800 48.7200 60
48.7520 48.8160 61
49.6160 49.8080 60
49.9680 50.4800 63
51.0240 51.2160 65
51.4400 51.6000 68
51.6320 51.7920 65
51.9520 52.0480 65
52.4320 52.9440 63
53.0720 53.2960 60
53.3280 53.3600 59
53.3920 53.8720 58
54.0640 54.2560 60
54.8960 55.0560 56
55.3440 55.6000 58
55.7600 55.9520 56
56.2400 56.5280 55
56.7520 56.9120 58
57.2000 57.5840 55
57.6160 58.2240 56
58.2560 58.3520 57
58.8960 59.2160 63
59.2480 59.7920 65
59.9840 60.5280 65
60.9120 61.1680 60
61.2000 61.3600 63
61.3920 61.4560 65
61.5840 62.6720 63
63.6000 63.7280 58
63.7600 63.9520 59
63.9840 64.0480 58
64.2400 64.4640 56
64.6240 64.7840 56
64.8160 64.8800 55
65.0720 65.2960 55
65.3280 65.5200 56
65.5520 65.6160 59
65.6480 65.8080 61
65.8400 66.0320 62
66.0640 66.0960 61
66.2880 66.5440 58
66.5760 66.6080 59
66.6400 67.3120 60
68.2720 68.3360 58
68.3680 68.4320 59
68.5920 68.6880 58
68.7200 68.7520 57
68.9760 69.6160 56
69.7440 69.8400 56
69.8720 69.9360 57
70.2560 70.4160 56
71.2160 71.6640 63
71.6960 71.7280 60
71.7600 71.9520 58
71.9840 72.3040 63
72.3360 72.6240 60
73.1680 73.4240 60
73.4560 73.6480 63
73.6800 74.8000 65
74.9600 75.2480 63
75.2800 75.3760 65
75.5040 75.7920 65
75.8240 77.8080 63
77.8400 77.9680 64
79.7600 80.0480 68
80.2080 80.3360 70
80.5280 80.5600 73
80.5920 80.6240 74
80.6560 80.9760 75
81.1040 81.3280 75
81.3600 81.5520 72
81.7120 82.0320 72
82.2240 82.5440 68
82.5760 83.4080 70
85.2000 85.2640 65
85.2960 86.6080 67
86.6400 86.6720 66
86.7040 87.1200 63
87.2800 87.5680 67
87.6000 88.3680 68
89.5840 90.0000 65
90.1280 90.4800 68
90.7040 91.2160 68
91.2480 91.3120 67
91.3440 91.9520 65
92.1760 92.4320 75
92.4640 92.6240 77
92.6560 92.9120 75
92.9440 92.9440 72
93.1360 93.7440 68
94.5760 94.7040 67
94.7360 95.1520 68
95.3120 95.5040 68
95.6640 95.6960 66
95.7280 95.7600 67
95.7920 95.9520 68
95.9840 96.3680 65
96.5600 96.8160 70
96.8480 97.0720 72
97.1040 97.1360 71
97.1680 97.5840 70
98.3840 98.7360 68
98.8960 98.9920 70
99.1840 99.2480 73
99.2800 99.3120 74
99.3440 99.9840 75
100.0160 100.1760 72
100.3360 100.6880 72
100.8800 101.2000 68
101.2320 101.9680 70
103.8240 103.9200 65
104.0480 104.2400 67
104.4000 105.2640 67
105.8400 106.1920 68
106.2240 106.4160 70
106.4480 107.0560 68
108.3360 109.0080 65
109.0400 109.8080 68
109.8400 109.9040 67
109.9360 110.5120 65
110.7680 110.7680 73
110.8000 111.0880 75
111.1200 111.2480 77
111.2800 111.3120 76
111.3440 111.6000 75
111.6320 111.6320 72
111.6640 111.6640 70
111.7920 112.3360 68
112.3680 112.4000 67
113.1040 113.6160 65
113.6480 113.6800 67
113.7120 113.9040 68
113.9360 114.1600 66
114.1920 115.4720 68
116.3360 116.5280 70
116.7200 116.9120 68
116.9440 117.1360 69
117.1680 117.2000 67
117.2320 117.5200 65
117.5520 117.9040 68
117.9360 118.0640 70
118.0960 118.1280 69
118.1600 119.7280 68
141.1360 141.4240 56
141.6800 141.8720 56
141.9040 142.0640 57
142.2880 142.4160 58
142.4480 142.5120 59
142.5440 142.6400 60
142.7680 142.9600 58
142.9920 143.0240 57
143.1840 143.2800 56
143.3120 143.6320 55
146.6400 146.8000 58
146.9280 147.2160 60
147.3440 147.6960 63
147.8560 148.0480 63
148.0800 148.1120 62
148.1440 148.9120 60
149.8080 149.9680 60
150.1600 150.6080 63
151.2160 151.3760 64
151.6320 151.7920 68
151.8240 152.0160 65
152.1440 152.2080 65
152.4640 152.5920 65
152.6240 153.1360 63
153.2960 153.5200 60
153.5520 153.6480 59
153.6800 154.0640 58
154.2240 154.4480 60
155.0880 155.1840 55
155.5040 155.7280 58
155.9200 156.0800 56
156.8800 157.0080 58
159.0880 159.4400 63
159.4720 160.0480 65
160.3040 161.6800 65
161.7120 162.8000 63
163.7920 163.9200 58
163.9520 164.2080 59
164.7840 165.0720 56
165.5520 165.7120 57
165.8400 166.0000 61
166.0320 166.2240 62
166.2560 166.2880 61
166.5120 166.8320 58
166.8640 166.9600 59
166.9920 168.0480 60
168.4320 168.5600 58
168.5920 168.6560 59
168.8160 168.9760 59
169.2640 169.6800 56
169.9360 170.0640 56
170.5440 170.6400 56
171.3760 171.8560 63
171.8880 172.0800 58
172.2400 172.5280 63
172.5600 172.8160 60
173.3920 173.6160 60
173.6480 173.8080 63
173.8400 174.9600 65
174.9920 175.4080 63
175.4400 175.5680 64
175.6000 175.9520 65
175.9840 178.4160 63
180.1440 180.2400 68
180.4320 180.5280 70
181.0720 181.1680 75
181.3280 181.5200 75
181.5520 181.7440 72
181.9360 182.2240 72
182.4800 182.6400 68
182.8000 183.4400 70
185.3920 185.5200 65
185.5520 186.8640 67
186.8960 186.8960 65
187.0240 187.3120 63
187.5040 187.7600 67
187.7920 188.5600 68
189.7440 189.8080 67
189.8400 190.2880 65
190.3200 190.7040 68
190.9280 191.4720 68
191.5040 192.2400 65
192.3680 192.6240 75
192.6560 192.8160 77
192.8480 193.1040 75
193.1360 193.1360 72
193.1680 193.9040 68
194.6720 194.7680 67
194.8000 195.3440 68
195.5040 195.6640 68
195.8240 195.9200 67
195.9520 196.1440 68
196.1760 196.5600 65
196.7520 197.0720 70
197.1040 197.2960 72
197.3280 197.8720 70
198.6400 198.9280 68
199.0560 199.2160 70
199.4080 199.5680 73
199.6000 200.1760 75
200.2080 200.3360 72
200.5280 200.8480 72
201.0400 201.2960 68
201.4240 202.1600 70
204.0800 205.6160 67
205.7440 205.8720 63
206.0000 206.3520 68
206.3840 206.5440 70
206.5760 206.6080 69
206.6400 206.9600 68
208.4320 209.1680 65
209.2000 210.0960 68
210.1280 210.8640 65
211.0240 211.3120 75
211.3440 211.4720 77
211.5040 211.7600 75
211.7920 211.8240 72
211.9520 212.4960 68
212.5280 212.5920 67
213.2000 213.7760 65
213.8080 214.0640 68
214.0960 214.2880 67
214.3200 215.5040 68
216.4640 216.4960 69
216.5280 216.7200 70
216.8800 216.9760 67
217.0080 217.1040 68
217.1360 217.2640 69
217.2960 217.3600 67
217.3920 217.7120 65
217.7440 218.1600 68
218.1920 218.2880 69
218.3200 220.9440 68
220.9760 221.0080 67
221.8400 222.1600 68
222.3200 222.4480 70
222.6400 222.7680 72
222.8000 223.4080 75
223.4400 223.6320 72
223.7920 224.1440 72
224.3360 224.6560 68
224.6880 225.4880 70
227.2480 228.6880 67
228.7200 228.7200 65
228.7520 229.2000 63
229.3600 230.1920 68
231.8240 231.9200 62
231.9520 232.1760 65
232.2080 232.5920 68
232.8160 233.4240 68
233.4560 234.0320 65
234.2560 234.5120 75
234.5440 234.7360 77
234.7680 234.9920 75
235.0240 235.0240 72
235.0560 235.5040 68
235.5360 235.6640 70
235.6960 235.8240 69
236.5920 237.2320 68
237.3920 238.0320 68
238.0640 238.1920 70
238.2240 238.3840 72
238.5760 238.8000 70
238.8320 239.6320 72
239.6640 240.1760 70
240.4960 240.8480 68
241.0080 241.1360 70
241.3280 241.3920 73
241.4240 242.0960 75
242.1280 242.2880 72
242.4480 242.5760 70
242.6080 242.9280 72
243.0880 243.5360 68
243.5680 244.1440 70
246.0320 246.3840 67
246.5120 247.4720 67
247.6960 247.8240 63
247.9840 248.3360 68
248.3680 248.5600 70
248.5920 249.0720 68
250.4160 251.1200 65
251.1520 252.0480 68
252.0800 252.7840 65
252.9440 252.9440 71
252.9760 253.2320 75
253.2640 253.4240 77
253.4560 253.7120 75
253.7440 253.7760 72
253.8080 254.2880 68
254.3200 254.4800 70
254.5120 254.6720 68
255.1840 255.7920 65
255.8240 256.1440 68
256.1760 256.3680 66
256.4000 257.2960 68
258.5120 258.7040 70
258.9280 259.0880 68
259.1200 259.3120 69
259.5040 259.6960 65
259.8560 260.1440 68
260.1760 260.2080 69
260.2400 260.4320 70
260.4640 262.0000 68
264.6560 264.7520 63
264.7840 265.2640 65
265.2960 265.6160 68
265.6480 265.8400 67
265.8720 266.8320 68
266.8640 266.9600 66
269.2640 269.4880 70
269.7120 269.9040 68
269.9360 270.2240 70
270.7040 270.9600 65
271.2160 271.5360 68
271.5680 271.7920 70
271.8240 274.0640 68
