4.8800 4.9120 64
4.9440 4.9760 65
5.0080 5.0400 66
5.0720 5.1680 67
5.2000 5.2320 66
5.2640 5.3920 65
5.4240 5.5520 66
5.5840 5.9040 67
6.0640 6.1920 65
6.2240 6.2880 63
6.3200 6.3520 61
6.3840 6.4160 60
6.4480 6.6080 59
6.6400 6.8000 60
7.1520 7.1520 63
7.1840 7.2160 65
7.2480 7.5360 66
7.5680 7.7280 67
7.7600 7.8880 65
7.9200 8.4640 63
8.6240 8.8800 60
9.4240 9.4880 66
9.5200 9.6480 67
9.8720 10.0640 69
10.0960 10.1280 67
10.1600 10.4480 66
10.6080 10.6720 66
10.7040 10.8000 65
10.8320 11.0880 63
11.2160 11.2800 60
11.4400 11.5680 60
11.7280 11.9840 62
12.0160 12.3040 63
12.3360 12.4960 62
12.7520 13.2320 60
14.0000 14.0000 63
14.0320 14.0640 65
14.0960 14.1600 66
14.1920 14.3520 67
14.3840 14.5440 66
14.5760 14.9920 67
15.1520 15.2800 65
15.3120 15.3440 63
15.3760 15.4080 62
15.4400 15.5040 61
15.5360 15.8880 60
16.0160 16.1120 62
16.3040 16.3680 66
16.4000 16.7520 67
16.7840 16.8480 66
16.8800 16.9760 65
17.2000 17.2960 62
17.3280 17.3920 63
17.5520 17.8720 61
18.6080 18.6720 65
18.7040 18.8960 67
18.9280 19.0560 68
19.0880 19.1520 70
19.1840 19.2160 69
19.2480 19.3120 66
19.3440 19.5680 65
19.7280 19.7920 66
19.8240 19.9840 65
20.0160 20.2720 63
20.3040 20.7840 60
20.9120 21.6160 62
21.8080 21.8720 60
22.0640 22.4800 60
23.1840 23.2480 65
23.2800 23.4400 67
23.6000 23.6960 66
23.7280 24.1760 67
24.2080 24.3360 66
24.3680 24.4320 65
24.4640 24.5280 64
24.7200 25.2320 61
25.3920 25.5200 65
25.5520 25.9360 67
25.9680 26.1600 65
26.2880 26.5120 63
26.7680 27.0240 62
27.6960 27.7600 64
27.7920 27.9520 67
28.0800 28.1120 67
28.1440 28.3680 69
28.4000 28.9760 66
29.1680 29.5200 62
29.5520 29.6160 60
29.7440 29.8400 60
30.0000 30.2880 62
30.3200 30.6720 63
30.7040 30.8000 62
30.8320 30.9920 61
31.1840 31.5680 61
32.3040 32.3680 64
32.4000 32.4960 66
32.5280 32.6240 67
32.7520 32.8160 65
32.8480 33.0080 66
33.0400 33.2960 67
33.4240 33.5520 65
33.5840 33.6160 63
33.6480 33.6800 62
33.7120 34.1280 60
34.5440 34.5760 65
34.6080 34.6400 66
34.6720 35.1520 67
35.1840 35.3120 65
35.3440 35.3760 63
35.4080 35.7600 62
35.7920 35.8880 63
36.0480 36.1120 63
36.8480 36.9120 66
36.9440 37.1040 67
37.2960 37.5200 69
37.5520 37.5840 67
37.6160 37.8400 66
38.0000 38.0640 66
38.0960 38.2240 65
38.2560 38.4800 63
38.6080 38.7040 60
38.8960 39.0240 60
39.1520 39.8880 62
39.9200 39.9520 60
40.1440 40.2720 59
40.3040 40.6880 60
42.2880 42.3520 59
42.6080 42.6400 64
42.6720 42.7680 65
42.8000 42.8960 66
42.9280 43.0880 67
43.1200 43.3120 65
43.3440 43.4720 66
43.5040 43.6640 67
43.7920 43.8880 65
43.9200 43.9840 63
44.0160 44.3040 60
44.3360 44.8160 62
44.8480 44.8800 63
44.9120 45.0720 65
45.1040 45.3920 67
45.4240 45.5520 66
45.5840 45.9040 67
46.0640 46.1920 65
46.2240 46.2880 62
46.3200 46.5120 59
46.5440 46.5760 60
46.6080 46.7360 63
46.8960 47.0240 63
47.1840 47.2800 66
47.3120 47.6000 67
47.7280 47.7920 66
47.8240 48.0800 67
48.3040 48.4960 65
48.5280 48.6880 62
48.7200 49.0080 63
49.2000 49.2960 63
49.3280 49.4880 62
49.5200 49.6800 65
49.7120 49.7760 64
49.8080 49.8400 63
50.0640 50.0960 66
50.1280 50.2560 67
50.2880 50.4480 63
50.6400 51.1200 63
51.4400 51.5680 62
51.7600 51.8240 64
51.8560 52.0160 66
52.0480 52.2400 67
52.2720 52.4640 66
52.4960 52.8480 67
52.8800 53.0080 65
53.0400 53.1040 63
53.1360 53.3280 60
53.3600 53.3920 61
53.4240 53.5840 62
53.7120 54.0000 63
54.0320 54.0640 65
54.0960 54.1600 66
54.1920 54.3840 67
54.5440 54.5760 65
54.6080 54.8000 66
54.8320 54.9920 67
55.1840 55.2800 65
55.3120 55.3760 63
55.4080 55.5680 60
55.6960 55.7600 62
55.7920 55.8560 63
55.9840 56.1120 62
56.1440 56.2080 63
56.3360 56.4000 65
56.4320 56.4640 66
56.4960 56.6240 67
56.9120 56.9760 65
57.0080 57.2000 67
57.4240 57.5520 65
57.5840 58.1600 63
58.1920 58.2560 64
58.2880 58.4160 67
58.6080 58.6400 69
58.6720 58.8320 70
58.8640 58.9920 67
59.1840 59.2160 69
59.2480 59.5040 70
59.9520 59.9840 70
60.0160 61.7440 72
61.7760 62.1600 70
62.3840 62.4160 69
62.7040 62.8640 68
63.0560 63.1520 67
63.1840 63.9200 70
63.9520 64.0800 67
64.2720 64.3040 69
64.3360 64.3680 70
64.4000 64.6560 71
64.6880 64.8480 72
64.8800 65.2000 68
65.3600 65.4880 67
65.6160 65.6480 71
65.6800 66.0000 72
66.0320 66.2240 74
66.2560 66.3200 71
66.3520 66.9280 70
67.2160 67.2160 68
67.4720 67.7280 67
67.7600 67.9200 70
67.9520 68.3360 67
68.3680 68.5280 70
69.1040 69.1680 71
69.2000 70.7680 72
70.8000 70.8640 71
70.8960 71.2800 70
71.4400 71.5360 67
71.7280 72.0160 68
72.6240 72.8480 67
73.1360 73.2960 67
73.3280 73.5520 68
73.5840 73.7120 67
73.7440 73.8400 68
74.0320 74.3520 68
74.5760 74.6720 67
74.8640 74.9280 66
74.9600 75.2480 67
75.3760 75.6640 68
75.6960 75.9840 67
76.0160 76.2400 65
76.2720 76.3040 64
76.3360 77.1040 63
78.0320 78.0640 61
78.0960 78.0960 63
78.1280 78.1600 65
78.1920 78.2240 66
78.2560 78.3520 67
78.3840 78.5440 65
78.5760 78.6720 66
78.7040 79.0880 67
79.1200 79.1200 65
79.2160 79.3440 65
79.3760 79.4080 63
79.4400 79.5040 62
79.5360 79.5360 60
79.6640 80.0160 60
80.0480 80.1440 59
80.3360 80.3360 62
80.3680 80.4320 65
80.4640 80.7200 66
80.7520 80.8160 67
80.9440 81.0080 66
81.0400 81.1680 65
81.2000 81.3920 63
81.5520 81.5840 59
81.6160 81.7120 60
81.7440 81.9680 61
82.6720 82.7040 65
82.7360 82.8320 66
83.0240 83.0560 68
83.0880 83.3440 69
83.3760 83.4400 67
83.4720 83.9520 65
84.0480 84.2720 63
84.3040 84.3360 61
84.3680 84.8480 60
84.8800 84.9120 61
84.9440 85.1360 62
85.1680 85.5200 63
85.5520 85.6480 62
85.6800 85.7120 61
85.7440 85.9040 60
86.0320 86.6720 60
87.1840 87.3120 65
87.3440 87.4400 67
87.4720 87.4720 65
87.6000 87.6000 63
87.6320 87.6960 65
87.7280 87.8240 66
87.8560 88.2400 67
88.2720 88.3040 66
88.3360 88.4640 65
88.4960 88.5280 63
88.5600 88.6240 62
88.6560 89.2960 60
89.4240 89.4560 64
89.4880 89.6160 66
89.8080 89.9360 67
89.9680 90.2560 65
90.2880 90.3840 63
90.6400 91.0240 60
91.7600 91.7600 63
91.7920 92.0160 67
92.1760 92.6560 70
92.6880 92.6880 68
92.8480 93.1040 65
93.1360 93.3920 63
93.4240 94.0000 60
94.0320 94.3520 62
94.3840 94.6720 63
94.7040 94.8000 62
94.8320 94.8640 61
94.8960 94.9920 60
95.1840 95.7600 60
97.4560 97.4880 63
97.5200 97.6160 65
97.6480 97.7440 66
97.7760 97.9360 67
97.9680 98.1920 65
98.2240 98.3200 66
98.3520 98.5120 67
98.6720 98.7360 64
98.7680 98.8320 63
98.8640 99.1520 60
99.1840 99.7280 62
99.7600 99.9200 65
99.9520 100.2720 67
100.3040 100.4320 66
100.4640 100.8480 67
100.8800 101.0080 65
101.0400 101.0720 63
101.1040 101.3920 60
101.4240 101.5200 63
101.7440 101.8720 63
102.0000 102.0640 63
102.0960 102.9920 67
103.1520 103.2480 65
103.2800 104.1120 63
104.1440 104.1440 60
104.3360 104.3360 62
104.3680 104.5600 65
104.5920 104.7520 63
104.9120 104.9760 66
105.0080 105.1040 67
105.1360 105.2960 63
105.5200 106.0320 63
106.3200 106.3840 62
106.6080 106.6720 64
106.7040 106.8640 66
106.8960 107.0880 67
107.1200 107.2800 65
107.3120 107.4080 66
107.4400 107.6960 67
107.7280 107.8880 65
107.9200 107.9520 63
108.0800 108.2720 60
108.3040 108.3680 62
108.4000 108.4960 65
108.5280 108.6240 62
108.6560 108.8480 63
108.8800 108.9120 65
108.9440 109.0080 66
109.0400 109.2640 67
109.3920 109.4240 65
109.4560 109.6480 66
109.6800 109.9040 67
110.0640 110.1280 65
110.1600 110.1920 63
110.2240 110.2560 61
110.2880 110.4160 60
110.5440 110.6080 62
110.6400 110.7040 63
110.8640 110.9600 62
110.9920 111.1840 63
111.2160 111.3120 65
111.3440 111.4720 67
111.7600 111.8240 65
111.8560 112.1120 67
112.2400 112.3040 66
112.3360 112.4000 65
112.4320 112.5280 63
112.5600 112.6880 62
112.7200 113.0400 63
113.0720 113.1040 64
113.1360 113.2640 67
113.2960 113.6800 70
113.7120 113.8720 67
114.0320 114.0960 69
114.1280 114.8320 70
114.8640 114.9600 71
114.9920 116.5920 72
116.6240 117.4240 70
117.4560 117.4880 71
117.5520 117.5840 69
117.6160 117.7120 68
118.0000 118.0000 67
118.0320 118.3840 70
118.6080 118.8000 70
118.8320 118.9600 67
119.1200 119.1520 69
119.1840 119.4080 70
119.4400 119.5360 71
119.5680 119.7280 72
119.7600 120.0160 73
120.7520 120.7840 73
120.8160 121.0720 74
121.1040 121.5200 71
121.5520 122.0000 70
122.0960 122.0960 68
122.3200 122.5760 67
122.6080 122.7360 70
122.8640 123.1840 67
123.2160 123.4080 70
123.4400 123.5680 69
123.7280 123.8240 68
123.8560 124.0160 70
124.0480 125.5520 72
125.7120 126.1280 70
126.2880 126.3840 67
126.5760 126.8320 68
127.4720 127.7280 67
127.9840 127.9840 65
128.0160 128.1440 67
128.1760 128.4000 68
128.4320 128.5280 67
128.5600 128.7200 68
128.8800 129.2000 68
129.7120 129.7760 66
129.8080 130.0960 67
130.2560 130.5440 68
130.5760 130.8320 67
130.8640 131.1200 65
131.1520 131.4400 63
131.4720 131.6960 64
131.7280 131.7280 67
131.7600 131.9520 70
131.9840 132.1440 67
132.3360 132.3680 69
132.4000 132.7520 70
132.8800 133.1680 70
133.2000 134.8640 72
134.8960 135.6640 70
136.3040 136.3360 69
136.3680 136.6560 70
136.6880 136.8800 68
136.9120 137.0720 70
137.1040 137.2320 67
137.4240 137.6800 70
137.7120 137.7440 71
137.7760 139.1520 72
139.1840 139.3760 74
139.4080 139.4720 71
139.5040 140.1440 70
140.5920 140.8800 67
140.9120 141.0720 70
141.1040 141.3280 67
141.4560 141.4560 67
141.4880 141.6800 70
142.0640 142.3200 70
142.3520 143.8240 72
143.9840 144.5600 70
144.5920 144.6880 67
145.7440 145.8400 66
146.0320 146.1280 67
146.3200 146.3200 65
146.3520 147.0240 68
148.0480 148.3680 67
148.5920 149.3280 68
151.1840 151.2160 63
151.2480 151.3760 65
151.4080 151.5360 67
151.5680 151.7600 66
151.7920 152.1760 67
152.4000 152.4960 65
152.5280 152.5920 63
152.6240 152.6880 60
152.7200 152.8160 59
152.8480 153.3920 60
153.4240 153.5200 61
153.5520 153.5520 63
153.5840 153.9040 67
153.9360 154.0000 66
154.0320 154.1920 65
154.3200 154.6080 62
154.6400 155.0240 60
155.0560 155.1200 59
155.1840 155.2800 58
155.3120 155.4720 59
155.5040 155.7600 60
156.1760 156.4640 58
156.4960 156.5920 57
156.8160 156.8160 63
156.8480 157.1040 66
157.1360 157.2000 64
157.2320 157.2960 61
157.3280 157.6160 60
157.7440 157.8400 60
158.0000 158.0640 62
158.0960 158.3840 63
158.6080 158.8640 65
158.8960 159.0240 67
159.2160 159.3440 66
159.3760 159.6960 67
159.7280 159.8560 65
159.8880 160.0480 62
160.0800 160.3040 63
160.3360 160.3680 65
160.4000 160.4640 66
160.4960 160.5920 67
160.6240 160.6560 66
160.6880 160.8160 65
160.8480 160.9440 66
160.9760 161.3280 67
161.5200 161.6480 65
161.6800 161.7760 62
161.8080 162.4480 60
162.6400 162.9280 66
162.9600 163.0560 67
163.0880 163.1200 66
163.1520 163.3760 65
163.4080 163.6000 63
163.7600 164.0800 60
164.1120 164.1760 59
164.3360 164.4640 59
164.4960 164.8480 60
164.8800 164.9440 61
165.3280 165.6480 70
165.6800 165.7760 67
165.8080 165.8720 66
166.0320 166.0960 66
166.1280 166.2240 65
166.2560 166.4800 63
166.5120 166.5760 62
166.6080 167.1200 60
167.1520 167.2800 63
167.4400 167.5680 63
167.6960 167.7280 64
167.7600 167.9840 65
168.0160 168.1440 66
168.1760 168.4640 65
168.4960 168.8800 67
168.9120 169.0400 71
169.0720 169.7760 72
171.7280 172.1120 67
172.4960 172.7520 62
172.8800 172.9120 63
172.9440 173.1360 65
173.1680 173.2960 63
173.3280 173.4560 62
173.4880 173.7120 65
173.7440 173.9040 67
173.9360 173.9680 65
174.0000 174.1600 66
174.1920 174.2880 65
174.3200 175.6960 67
175.7280 175.8560 66
175.8880 175.9840 67
176.0160 176.2080 65
176.2400 176.3040 66
176.3360 176.7200 67
176.9120 176.9760 68
177.1680 177.2640 63
177.2960 177.3600 64
177.4880 177.7120 65
177.7440 177.8080 63
177.8400 177.8720 62
178.0000 178.0320 62
178.0640 178.3840 65
178.4160 178.8320 67
178.8640 178.9600 66
178.9920 179.7920 63
179.8240 179.8560 62
179.8880 179.9200 61
179.9520 180.0160 60
180.0480 180.1440 58
180.1760 180.2400 59
180.2720 180.3360 62
180.3680 181.5520 63
181.5840 181.8080 62
181.8400 181.9040 61
182.8960 183.2800 63
183.3120 183.4080 62
183.4400 183.4720 61
183.5040 183.6320 60
183.7920 184.0160 61
184.0480 184.4320 63
184.4640 184.5280 62
184.5600 184.5920 61
184.6240 184.7840 60
185.1360 185.5840 63
185.6160 185.7120 62
185.8400 185.9360 62
186.2560 186.5760 67
186.6080 186.6400 69
186.6720 186.8320 70
186.8640 186.9600 67
187.1520 187.1520 65
187.1840 187.2160 69
187.2480 187.5360 70
187.7600 188.0160 70
188.0480 189.7440 72
189.7760 190.4480 70
190.5760 190.8960 68
191.0560 191.4080 70
191.4400 191.5360 68
191.5680 191.6960 67
191.7280 191.8880 70
191.9200 191.9520 69
191.9840 192.1120 67
192.2720 192.5600 70
192.5920 192.7200 71
192.7520 194.0000 72
194.0320 194.2240 74
194.2560 194.3200 71
194.3520 195.0880 70
195.1200 195.1520 69
195.2160 195.3440 68
195.4720 195.6320 67
195.7600 195.9200 70
195.9520 196.3360 67
196.3680 196.7200 70
196.9440 197.1040 70
197.1360 197.1680 71
197.2000 198.7040 72
198.8960 199.3760 70
199.8240 200.0160 68
200.5920 200.9120 67
201.1360 201.1360 65
201.1680 201.2960 67
201.3280 201.8720 68
201.9360 201.9360 68
202.0640 202.1920 68
202.8640 202.9280 66
202.9600 203.3760 67
203.4080 203.6640 68
203.6960 203.9840 67
204.0160 204.2400 65
204.2720 204.3040 64
204.3360 204.8160 63
204.8480 204.9120 68
204.9440 205.1040 70
205.1360 205.2640 67
205.4560 205.5200 69
205.5520 205.6800 70
205.7120 205.7440 67
206.0640 206.0640 63
206.1280 206.1920 63
206.2240 206.2560 62
206.2880 206.3200 60
206.3520 206.5440 59
206.5760 207.3440 60
207.3760 207.3760 65
207.4080 208.0160 72
208.0480 208.8160 70
208.9760 209.0080 69
209.0400 209.2000 68
209.3920 209.7120 70
209.7440 209.7760 68
209.8080 209.9360 67
209.9680 210.0320 68
210.0640 210.2240 70
210.2560 210.5760 67
210.6080 210.8320 70
210.8640 210.9920 71
211.0240 212.2720 72
212.3040 212.5280 74
212.5600 212.6240 71
212.6560 213.3920 70
213.5200 213.6160 68
213.7440 213.9040 67
214.0320 214.1920 70
214.3200 214.4800 67
214.5120 214.5760 66
214.6080 214.6400 69
214.6720 214.8000 70
214.8320 214.8640 67
214.9280 214.9600 65
215.2160 215.2800 62
215.4400 215.8240 59
215.8560 216.0800 60
216.1120 216.2080 59
216.2400 216.3040 60
216.4320 216.9760 60
217.1680 217.5520 70
218.0960 218.1280 68
218.2240 218.2560 68
218.4800 218.5760 67
218.8960 218.9280 65
218.9600 219.0240 67
219.1520 219.2160 66
219.4080 219.4080 62
219.4400 219.5040 65
219.5360 219.7600 67
219.7920 220.1760 68
220.2080 220.3360 67
220.5280 220.5600 63
220.5920 220.5920 65
220.6240 220.9120 67
220.9440 221.2960 68
221.4560 221.5520 66
221.7120 221.7440 64
221.7760 222.0320 67
222.0640 222.4160 68
222.8640 222.9280 65
222.9600 223.1520 67
223.1840 223.5360 68
223.6960 223.7600 68
223.7920 223.9520 67
223.9840 224.4320 66
224.4640 225.1360 63
225.1680 225.3920 60
