6.2880 6.6400 56
7.3120 8.0480 56
8.3680 8.9120 49
9.0400 9.1680 53
9.2000 9.5840 52
9.7120 9.9040 49
9.9360 9.9680 48
10.0000 10.2240 47
10.3840 10.9280 49
11.7280 12.2080 49
12.4000 13.9360 49
14.1280 14.4160 53
14.4480 14.6080 55
14.6400 15.2800 54
15.3120 15.5360 55
15.5680 15.6640 56
15.7920 16.4320 54
17.1040 17.1360 54
17.1680 18.1280 56
18.1600 18.4800 59
18.5120 18.5760 58
18.6080 18.9280 57
18.9600 19.0880 58
19.1200 19.8560 57
19.8880 20.6880 56
20.7200 21.1680 53
21.2000 22.0000 54
22.5440 22.9280 51
23.0560 23.4400 51
23.4720 23.6320 50
23.6640 23.7600 49
23.8560 24.2400 47
24.2720 24.7520 48
24.9760 25.2000 50
25.2320 26.0000 51
26.0320 26.0960 50
26.1280 26.1920 49
26.2240 26.4480 47
26.6080 27.5040 49
29.2640 29.6800 57
30.2240 30.8320 56
31.2480 31.6640 49
31.9200 32.3680 53
32.5920 32.7840 49
32.8160 33.1360 47
33.3280 33.9360 49
34.6080 34.6720 49
34.9600 35.6000 49
35.6320 35.7920 50
35.8240 35.8560 49
35.9840 36.4640 49
36.6240 36.9120 49
36.9440 37.0080 52
37.0400 37.2640 53
37.2960 38.2560 54
38.2880 38.3840 55
38.4160 38.7040 56
38.7360 39.0880 55
39.1200 39.6640 54
40.0480 40.3360 56
40.3680 41.0720 57
41.1040 41.2960 59
41.3280 42.7680 57
42.8000 43.7280 56
43.7600 44.4320 52
44.4640 44.6240 54
44.6560 44.9440 55
44.9760 45.1360 54
45.5200 46.2240 52
46.2560 46.4160 51
46.4480 46.7040 50
46.7360 47.4400 47
47.4720 47.7920 48
47.8240 48.0160 49
48.2080 48.6240 51
48.9120 49.0080 51
49.0400 49.1680 49
49.2000 49.4560 47
49.6160 50.9920 49
52.2400 53.0080 62
53.0400 53.2000 61
53.3280 53.4880 56
53.6160 53.9040 61
53.9360 54.4800 62
54.5120 54.5760 61
54.6080 54.9280 59
54.9600 55.4720 60
55.5040 55.9200 59
55.9520 55.9520 56
55.9840 56.1760 54
56.3360 56.8160 59
56.8480 56.9120 61
56.9440 57.2960 59
57.3280 58.2240 58
58.4160 58.5120 58
58.5440 58.8960 57
58.9280 59.0240 56
59.0560 59.0880 55
59.1200 59.6320 54
59.6640 60.0480 52
60.0800 60.4000 55
60.4320 60.9760 56
61.1040 61.3600 53
61.3920 61.5200 54
61.5520 61.6480 56
61.6800 61.8080 57
61.8400 62.8320 56
63.1200 63.1840 61
63.2160 64.1120 62
64.1440 64.4000 56
64.4320 64.4640 57
64.4960 65.4880 62
65.5200 66.7040 59
66.8960 67.1840 55
67.2160 67.7920 59
67.8240 68.0160 61
68.0480 68.2400 59
68.2720 69.1040 58
69.2960 69.5840 58
69.6160 69.9360 59
69.9680 70.2880 62
70.3200 70.4480 61
70.4800 70.5120 59
70.5440 70.9600 57
70.9920 71.1840 56
71.3120 71.3760 55
71.4080 71.9520 54
71.9840 72.4960 55
72.6560 72.8480 60
72.8800 73.1040 59
73.1360 73.4560 60
73.4880 73.5200 57
73.5520 73.7440 56
73.7760 73.8720 54
79.6640 80.0160 56
80.7200 80.9120 56
81.0400 81.5200 56
81.7440 81.9040 48
82.0640 82.2240 50
82.4160 82.9920 52
83.0240 83.2480 49
83.2800 83.5680 47
83.7280 84.1440 49
84.1760 84.3360 50
84.3680 84.4640 52
84.5920 84.6560 52
85.0720 85.6480 49
85.7760 86.0640 49
86.0960 86.3200 50
86.3520 87.3760 49
87.5360 87.7920 53
87.8240 87.9840 54
88.0160 88.4960 55
88.5280 88.7200 54
88.7520 88.8800 55
88.9120 89.0400 56
89.1680 90.0320 55
90.4800 90.5440 54
90.5760 91.5040 56
91.5360 91.9200 59
91.9520 91.9840 58
92.0160 92.4640 57
92.4960 92.5920 58
92.6240 92.8800 57
92.9120 93.2640 58
93.2960 94.1280 56
94.1600 94.1920 54
94.2240 94.4160 52
94.4480 94.9600 53
94.9920 95.5040 54
95.5360 95.6320 55
96.0160 96.9440 51
96.9760 97.2640 49
97.3920 97.7760 47
97.8080 98.2240 48
98.4160 98.6720 50
98.7040 99.4400 51
99.4720 99.6000 50
99.6320 99.6640 49
99.6960 99.7600 48
99.7920 99.9520 47
100.1440 100.1760 49
100.2080 100.9760 50
101.0080 101.2960 49
128.7200 128.7520 61
128.7840 129.6800 62
129.7120 130.0000 56
130.0320 130.9600 62
130.9920 131.0560 61
131.0880 131.8240 60
131.8560 132.0800 59
132.1120 132.4000 60
132.4320 132.6240 55
132.7840 133.4880 60
133.5200 133.7760 59
133.8080 134.6080 58
134.8320 134.8960 58
134.9280 135.2480 57
135.2800 135.4400 56
135.4720 135.6320 55
135.6640 135.8560 54
135.8880 136.0800 55
136.1120 136.4960 53
136.5280 136.7840 55
136.9120 137.1360 57
137.1680 137.3600 56
137.3920 137.4560 55
137.5840 137.8720 53
137.9040 138.0320 55
138.0640 138.4480 57
138.4800 139.3760 56
139.5680 140.5600 62
140.5920 140.7520 56
140.7840 140.9120 57
140.9440 141.9680 62
142.0000 143.1200 60
143.1520 143.1520 57
143.1840 143.1840 54
143.2160 143.3440 52
143.3760 143.4080 54
143.4400 143.6640 55
143.6960 144.2080 59
144.2400 144.5600 60
144.5920 144.7520 59
144.7840 145.5840 58
145.7760 146.0960 58
146.1280 146.3840 59
146.4160 147.0880 61
147.1200 147.3760 58
147.4080 147.6640 57
147.6960 149.0080 55
149.2000 149.5840 60
149.6160 150.0000 59
150.0320 150.2240 56
150.2560 150.3840 54
156.1760 156.5920 57
157.1680 157.9040 56
158.2240 158.7360 49
158.9280 159.4720 52
159.5040 159.7920 49
159.8240 160.0800 47
160.2720 160.5600 49
160.5920 160.8480 50
160.8800 161.1040 52
161.6160 162.1600 50
162.1920 162.3840 49
162.4160 162.8640 50
163.0240 163.5360 50
163.6640 163.9840 50
164.0160 164.0480 52
164.0800 164.3680 53
164.4000 165.3280 55
165.3600 165.7120 57
165.7440 166.5120 55
166.9920 168.0160 56
168.0480 168.3360 59
168.3680 168.7520 57
168.7840 169.7120 58
169.7440 170.0000 57
170.0320 170.3200 56
170.3520 170.5440 57
170.5760 170.7040 56
170.7360 170.7680 54
170.8000 171.4720 53
171.5040 172.0480 54
172.4640 172.6240 52
172.6560 173.3280 51
173.4880 173.7760 49
173.8080 173.9360 47
173.9680 174.7680 48
174.8000 174.8640 49
174.8960 175.1520 50
175.1840 175.6960 51
175.9200 175.9840 51
176.0160 176.0800 50
176.1120 176.4960 48
176.6240 176.9120 50
176.9440 178.3520 49
181.9040 182.2560 51
182.2880 182.4800 52
182.5120 182.8320 51
182.9600 183.1200 49
183.2480 183.4720 47
183.5040 184.2400 48
184.2720 184.4960 49
184.6560 185.0720 51
185.4240 185.5200 50
185.5520 185.6800 49
185.7120 185.9680 47
186.1600 187.7920 49
188.7520 188.9120 52
188.9440 189.7120 51
189.7440 190.0320 49
190.0640 190.8640 47
190.8960 191.1200 48
191.1520 191.3440 49
191.5040 192.0160 51
192.2720 192.3680 50
192.4000 192.4960 49
192.5280 192.7520 48
192.7840 192.8160 47
193.0080 193.2960 50
193.3280 193.6160 49
193.6480 194.0960 50
194.1280 194.9280 49
