36.3680 36.6880 63
36.8160 36.9760 63
37.1680 37.3920 63
37.7120 37.9360 61
38.0960 38.3840 61
38.5760 38.9600 60
38.9920 39.2480 61
39.4400 39.9200 63
43.3440 44.4000 63
44.6560 45.3920 61
45.5200 45.8080 59
45.9360 46.2560 61
46.4160 46.4800 63
47.2800 47.3120 64
47.3440 47.4080 65
47.4400 47.7280 66
48.1440 48.4640 64
48.4960 48.8160 63
48.9760 49.1040 63
49.8400 49.9680 66
50.0000 50.0640 67
50.0960 50.6080 68
50.7360 51.2800 66
51.6320 51.9200 61
51.9520 52.0160 60
52.0480 52.3680 59
52.5280 52.8160 61
52.9440 53.1040 61
53.1360 53.2320 62
53.2640 53.6480 63
53.8080 54.1280 64
54.2560 54.3520 66
54.3840 54.4480 65
54.4800 54.7040 63
55.5360 56.2080 59
56.2400 56.4960 61
57.7120 58.0960 57
58.1280 58.1600 59
58.1920 58.3200 61
58.3520 58.4160 62
58.4480 58.7360 63
59.2160 59.3440 58
59.8240 60.1760 58
60.4320 60.7840 58
60.8160 61.1040 59
64.1440 64.7520 63
64.9440 65.3920 63
65.5520 66.2240 61
66.4160 66.8000 59
66.8320 67.1200 61
67.2800 68.0160 63
71.1520 72.0480 63
72.0800 72.1120 62
72.4640 72.7840 61
72.9120 73.1680 61
73.3600 73.5840 59
73.7760 74.0640 61
74.2560 74.8960 63
75.0880 75.1520 64
75.1840 75.2160 65
75.2480 75.6640 66
75.9840 76.3360 64
76.3680 77.2000 63
77.6160 77.7760 66
77.8080 77.8400 67
77.8720 78.4160 68
78.4480 78.5760 67
78.6080 79.1520 66
79.1840 79.2160 65
79.4080 79.7280 61
79.8560 80.3040 59
80.3360 80.8800 61
80.9120 81.0080 62
81.0400 81.4880 63
81.6160 81.9360 64
82.0960 82.2240 64
82.2560 82.4800 63
82.9280 83.0240 58
83.0560 83.2480 57
83.2800 83.3760 58
83.4080 83.8560 59
83.8880 83.9520 60
83.9840 84.4960 61
85.6480 85.7120 62
85.7440 85.8400 63
86.0000 86.2880 64
86.4800 86.7040 66
87.0560 87.1840 63
87.4720 88.1120 63
91.1520 91.3120 70
91.3440 92.4640 71
92.4960 92.6880 70
92.8160 93.6480 66
93.6800 93.7440 65
93.7760 94.1600 63
94.1920 94.2240 65
94.2560 94.4160 66
94.4480 94.6080 67
94.6400 94.8640 70
94.8960 95.8240 71
95.9840 96.2080 70
96.2400 96.2720 69
96.3040 96.4320 67
96.4640 96.9440 66
97.6800 97.9360 68
97.9680 98.0960 69
98.1280 98.3200 74
98.3520 98.4800 75
98.6400 100.0480 68
100.3040 100.5600 68
100.7200 101.4880 66
101.6480 101.7760 63
102.0640 102.2880 62
102.4800 102.6720 63
102.8640 103.2800 66
103.3120 104.1760 68
105.0400 105.2000 70
105.2320 106.3520 71
106.3840 106.7040 70
106.7360 107.0880 66
107.2480 107.7920 66
107.8240 107.8560 67
107.8880 108.0480 68
108.0800 108.4000 70
108.5280 109.8080 70
109.8400 109.9680 73
110.1280 110.2880 71
110.3200 110.4800 73
110.5120 112.2400 71
112.6240 113.2320 68
113.3920 114.1600 68
114.1920 114.5120 70
114.6720 114.8640 70
114.8960 115.3760 71
115.5680 116.1760 70
116.8160 117.0400 68
117.0720 117.6160 70
117.6480 118.0000 71
118.1920 118.5120 70
118.8320 120.0480 68
126.3840 127.2800 66
127.3120 127.5040 71
127.5360 127.8240 73
127.9520 128.0160 73
128.1440 129.0400 68
129.0720 131.1840 69
133.5520 133.9360 65
134.0960 134.6400 66
134.6720 134.8000 71
134.8320 134.9280 73
135.1200 137.9360 68
137.9680 138.0000 64
138.0640 138.9600 59
139.1840 139.9520 59
147.4720 148.2080 63
148.4000 148.8800 63
149.0080 149.7120 61
149.8720 150.2880 59
150.3200 150.5760 61
150.7680 150.9280 63
151.1200 151.7600 63
154.1280 154.2240 63
154.4480 155.8240 63
155.9520 156.1760 61
156.4000 156.5920 61
156.8480 157.1040 59
157.2320 157.5840 61
157.6160 157.7120 62
157.7440 158.3520 63
158.5440 158.7040 65
158.7360 159.2800 66
159.3120 159.8240 64
159.8560 160.2080 63
160.3360 160.6560 63
161.1040 161.3920 67
161.4240 161.8720 68
161.9040 162.1920 66
162.3200 162.6400 66
162.9280 163.2160 61
163.2480 163.6640 59
163.6960 163.7280 60
163.7600 163.9840 61
164.1760 164.4000 61
164.4320 165.0400 63
165.0720 165.4240 64
165.4560 165.6800 66
165.8080 165.9680 63
166.4480 166.8960 57
166.9280 167.4720 59
167.5040 168.5280 61
168.9760 169.2960 63
169.4560 169.8080 64
169.8400 170.0960 66
170.3200 170.5440 61
170.7680 173.7120 63
174.5760 176.1440 71
176.2720 177.1040 66
177.2320 177.6160 63
177.6480 177.6800 65
177.7120 178.0960 66
178.1280 178.3520 70
178.3840 179.5040 71
179.5360 179.8560 70
179.8880 180.1760 66
180.3040 180.5920 74
181.1680 181.5200 68
181.5520 181.5520 70
181.5840 181.8080 73
181.8400 181.9360 75
181.9680 182.0000 74
182.0320 182.0320 72
182.0640 182.0960 69
182.1280 183.6000 68
183.7600 184.1120 68
184.1440 185.0080 66
185.0400 185.3280 63
185.5520 185.7760 61
185.9360 186.1600 63
186.3520 186.8000 66
186.8320 188.1760 68
188.4640 188.4640 68
188.4960 190.0640 71
190.2240 191.3440 66
191.3760 191.6000 68
191.6320 191.8880 70
192.0160 192.1440 70
192.1760 192.4640 71
192.4960 193.0720 70
193.1040 193.2960 71
193.3280 193.4880 73
193.6160 193.7440 71
193.7760 194.0000 73
194.0320 195.6960 71
196.0160 197.7120 68
197.7440 198.3520 70
198.3840 199.0880 71
199.1200 202.6080 70
202.6400 203.7280 71
203.7600 203.9200 70
204.0480 204.3360 66
204.6880 204.9120 66
205.2000 205.3920 63
205.5840 205.8080 66
205.9680 206.1600 70
206.1920 207.3120 71
207.3440 207.5360 70
207.5680 208.4640 66
208.9440 209.3600 68
209.3920 209.6160 73
209.6480 209.7760 75
209.8080 209.8080 73
209.8400 209.9040 70
209.9360 211.4080 68
211.6000 212.3040 68
212.4960 212.7840 66
212.9120 213.2960 63
213.3280 213.6800 61
213.7120 214.1280 63
214.1600 214.7040 66
214.7360 216.1760 68
216.4000 217.8400 71
217.8720 217.8720 69
218.0000 218.3200 66
218.6400 218.8320 66
218.9920 219.3760 68
219.4080 220.8800 70
220.9120 221.1360 71
221.1680 221.7760 73
221.9680 223.4400 71
223.9520 224.4000 68
224.6880 225.3920 68
225.6480 225.9360 70
226.0960 226.8000 71
226.9920 227.8880 70
228.6560 228.8800 68
228.9120 229.4880 70
229.5200 230.0640 71
230.2880 231.4720 70
232.3680 233.0080 68
233.5840 233.6480 68
