15.6000 15.6320 64
15.6640 15.7280 65
15.7600 15.8880 66
16.0480 16.5920 66
16.9120 17.1680 65
17.3600 17.4880 63
17.5200 17.8720 61
18.0960 18.4800 63
19.9520 20.2080 59
20.3680 20.5600 59
20.7200 20.8800 59
21.1040 21.3280 58
21.3600 21.5200 56
21.5520 21.9040 57
23.3440 23.5360 57
23.7920 24.2720 58
24.4960 25.4560 56
29.3280 29.3600 64
29.3920 29.4560 65
29.4880 30.0000 66
30.1920 30.3200 65
30.3520 30.5120 66
30.5440 30.9280 65
31.0560 31.2160 63
31.4080 31.6000 61
31.7920 32.0160 62
32.0480 32.4960 63
33.6160 33.6800 57
33.7120 33.7440 58
33.7760 33.8720 59
34.0640 34.6080 59
34.7360 34.9280 58
35.1200 35.2480 56
35.2800 35.8560 58
37.0400 37.1360 56
37.1680 38.0640 58
38.2560 39.3440 56
42.3840 42.7680 66
43.0560 43.1520 68
43.1840 43.3440 70
43.5680 43.6960 67
43.9200 44.0160 56
44.0480 44.2400 58
44.5280 44.7520 56
44.9120 45.2960 56
45.3280 45.5200 58
46.0000 46.2240 66
46.2560 46.3200 68
46.4800 46.5760 68
46.7680 46.8640 67
46.8960 47.0560 66
47.0880 47.1520 68
47.3760 47.4400 69
47.4720 47.6000 70
47.6320 47.6640 67
47.6960 47.8560 66
47.8880 47.9200 67
47.9520 48.0800 68
48.1120 48.1440 67
48.1760 48.3040 66
48.4320 48.7520 68
48.7840 48.8160 69
48.8480 49.1680 70
49.2000 49.2960 69
50.0640 50.1920 71
50.2240 50.2560 73
50.2880 50.4160 74
50.4480 51.1200 73
51.1520 51.1840 72
51.2160 51.3120 71
51.5040 52.0480 70
52.0800 52.1440 68
52.3680 52.9120 68
52.9440 53.0080 67
53.3600 54.0000 65
56.4000 56.5600 66
56.8160 56.9120 68
56.9440 57.1360 70
57.1680 57.2640 66
57.2960 57.3920 67
57.4240 57.8080 68
57.9680 58.1600 66
58.2880 58.4160 68
58.4480 58.5760 66
58.7040 58.7680 68
58.9280 59.0560 68
59.0880 59.2480 70
59.2800 59.2800 68
59.9200 60.0160 56
60.2400 60.3360 56
60.3680 60.5280 58
60.8160 60.8800 56
61.1360 61.2000 56
61.2320 61.2640 58
61.2960 61.3600 59
61.4880 61.6480 66
61.8720 62.0960 66
62.1280 62.2240 68
62.3520 62.3840 68
62.4160 62.4800 69
62.5120 62.8640 70
63.3760 63.5040 67
63.6640 63.7920 71
63.8240 64.1120 73
64.1440 64.5280 74
64.5600 64.7200 73
64.7520 64.7840 72
64.8160 64.9120 71
64.9440 65.5840 70
65.6160 65.7120 68
65.9360 67.7920 68
68.9120 69.1040 66
69.1360 69.2000 67
69.2320 69.4880 68
69.6480 69.7440 68
69.7760 69.8400 69
69.8720 70.6720 70
70.7040 70.7040 68
70.8960 71.0560 61
71.3760 71.5360 61
71.5680 71.6640 62
72.5920 72.7520 68
73.0080 73.0400 67
73.0720 73.2320 68
73.2640 74.1600 70
74.2880 74.4800 61
74.6400 75.0240 61
75.6640 75.8880 66
76.0480 76.1120 66
76.4640 76.6560 68
76.6880 76.7200 69
76.7520 76.9440 70
77.1360 77.1680 68
77.3280 77.5840 70
77.7760 77.8720 68
78.0640 78.4800 70
79.1200 79.1520 65
79.1840 79.9840 66
80.1440 80.3680 68
80.5280 80.6880 67
80.7200 80.9120 68
81.1680 81.3600 66
81.3920 81.4240 67
81.4560 81.5840 68
81.6160 81.7120 67
82.5760 82.6080 63
82.6400 82.8960 66
82.9280 83.4400 68
83.4720 83.5040 69
83.5360 84.5600 70
84.5920 84.7520 73
84.9120 85.2000 73
85.2320 85.2640 72
85.8720 85.9680 70
86.0000 86.1920 67
86.3200 86.6400 68
86.8000 86.9600 68
86.9920 87.7920 70
87.8240 87.8560 69
87.9520 87.9840 69
88.2400 88.3040 72
88.3360 88.5280 73
88.5600 88.7520 75
88.9120 89.0080 74
89.3280 89.4560 67
89.4880 89.5840 66
89.7440 90.0320 66
90.1600 90.4480 68
90.4800 90.6080 70
90.6400 90.9920 68
91.0240 91.2160 70
91.3120 91.5680 68
91.7600 92.1440 70
93.2000 93.7440 66
93.9040 94.0640 68
94.2560 94.3520 66
94.4800 94.6400 68
94.6720 94.7040 67
94.7360 94.9280 66
94.9600 95.0880 67
95.1200 95.4400 68
96.2400 96.3360 68
96.3680 96.5280 69
96.5600 96.7520 68
97.2320 97.4240 66
97.6480 97.7760 65
97.8080 98.8960 66
103.6320 103.7600 61
103.7920 103.8880 62
103.9200 104.0160 63
104.0480 104.0800 62
104.1120 105.5520 61
111.6320 111.6960 65
111.7280 112.6240 66
112.8800 113.1360 65
113.3280 113.4560 63
113.7120 113.8720 61
114.0960 114.3200 62
114.3520 114.5440 63
115.9200 116.0160 57
116.0480 116.1760 59
116.3360 116.5600 59
116.7520 116.9760 59
117.0080 117.2960 58
117.4240 117.6160 56
117.6480 117.8400 57
117.8720 118.2560 58
119.4080 119.4720 56
119.5040 119.5360 57
119.5680 120.3040 58
120.3360 120.3680 57
120.4960 120.7200 56
121.0080 121.3280 56
121.4880 121.6480 56
124.7200 124.9440 66
124.9760 125.1360 67
125.3600 125.4560 68
125.6800 125.8400 66
125.8720 125.9040 67
125.9360 126.2880 68
126.3200 126.4800 70
126.5120 126.7040 66
126.7360 126.7680 67
126.8000 126.9600 68
126.9920 127.1200 66
127.1520 127.1840 67
127.2160 127.3120 68
127.4720 127.6640 68
128.2720 128.3040 65
128.3360 128.4960 66
128.5280 128.6240 68
128.7520 128.9120 68
129.1360 129.2320 66
129.2640 129.4880 67
129.6160 129.7760 68
129.8080 129.8720 70
130.0000 130.2240 66
130.2560 130.3520 68
130.3840 130.4480 67
130.4800 130.5760 66
130.6080 130.6400 67
130.6720 131.0560 68
131.0880 131.3440 70
131.3760 131.4720 68
131.9520 132.0480 66
132.2080 132.3680 71
132.4000 132.5920 73
132.6240 133.2000 74
133.2320 133.2640 72
133.2960 133.3920 71
133.4240 134.0000 70
134.0320 134.0960 69
134.3200 136.4320 68
136.4640 136.5920 69
137.4240 137.6800 66
137.7120 138.0000 68
138.0320 138.1600 67
138.1920 138.3520 68
138.3840 139.4720 70
139.5040 139.5040 72
139.5360 139.6000 74
139.6320 139.6640 73
139.7920 139.9200 74
139.9520 140.1440 73
140.1760 140.2080 74
140.2400 140.3040 75
140.8480 140.9760 66
141.2000 141.8080 68
141.8400 142.8640 70
142.8960 143.0560 73
143.0880 143.1840 72
143.2160 143.3440 74
143.3760 143.6640 73
143.6960 143.8240 74
143.8560 143.8880 73
144.2080 144.3360 67
144.3680 144.4960 66
144.6240 144.8480 66
144.8800 144.9440 67
145.0720 145.2000 68
145.3280 145.4880 70
145.5200 145.5520 69
145.5840 145.8400 68
145.8720 146.0960 70
146.1280 146.1600 69
146.1920 146.2240 68
146.3520 146.5120 68
146.5440 147.0880 70
147.1200 147.1840 71
147.7600 147.7600 64
147.7920 148.5600 66
148.5920 148.6880 67
148.7200 149.0080 68
149.0400 149.2320 66
149.2640 149.2960 67
149.3280 149.5840 68
149.7440 149.9040 66
149.9360 149.9680 67
150.0000 150.6080 68
151.0560 151.4400 66
151.4720 152.1120 68
152.1440 153.0720 70
153.1040 153.1680 71
153.2000 153.3600 74
153.4560 153.6160 74
153.6480 153.7760 73
153.8080 153.9040 74
153.9360 154.0000 77
154.4800 154.8000 66
154.9280 155.4080 68
155.4400 155.5040 69
155.5360 156.5920 70
156.6240 157.1360 73
157.1680 157.3600 75
157.3920 157.4880 73
157.5200 157.5840 75
157.9040 157.9680 67
158.0000 158.1920 66
158.3200 158.6400 66
158.6720 158.7040 67
158.7360 158.9920 68
159.0240 159.2160 70
159.2480 159.4080 69
159.4400 159.5680 68
159.6000 159.8240 70
159.8560 159.8880 69
159.9200 160.1440 68
160.2720 160.7840 70
160.8160 160.8800 71
161.2960 161.3600 67
161.3920 161.6160 66
161.8080 162.3200 66
162.4800 162.6400 68
162.8320 163.0240 66
163.0560 163.2480 68
163.2800 163.3120 67
163.3440 163.6320 66
163.6640 163.6960 67
163.7280 164.0800 68
164.1120 164.2080 69
164.2400 164.3040 72
164.7840 164.8160 68
164.8480 165.1680 69
165.2000 165.3280 70
165.3600 165.3920 69
165.5520 165.7440 66
165.7760 166.2240 67
166.2560 166.4160 68
166.4480 166.4800 67
166.5120 168.6560 66
168.6880 168.7840 65
168.8160 169.6160 62
171.9840 172.0800 65
172.1120 172.5600 66
172.5920 172.6560 67
172.6880 173.1680 68
173.2000 175.2480 70
175.2800 175.3760 69
175.5360 175.7920 70
175.9520 176.0160 70
176.2400 176.7840 66
176.8160 176.9120 67
176.9440 178.1280 68
178.1600 178.7360 67
178.7680 178.9600 68
178.9920 179.0560 67
180.1760 180.3360 66
180.3680 180.4640 65
180.6240 180.7520 65
180.8800 181.3920 66
181.9040 182.0320 66
182.2240 182.4160 65
182.5760 182.6400 66
182.6720 182.7680 67
182.8000 183.1840 66
183.6640 183.7280 66
183.7600 183.7920 65
183.9200 184.0800 65
184.2400 184.8800 66
185.3920 185.5520 66
185.7120 185.8080 66
185.8400 185.9040 67
185.9360 186.0640 68
186.1920 186.2560 67
186.2880 186.3840 66
186.4160 186.7680 68
186.8000 187.0240 67
187.0560 187.6960 68
187.7280 189.0080 70
189.0400 189.0720 69
189.1040 191.3120 68
191.3440 191.7920 67
193.0400 193.0400 69
193.0720 193.1360 71
193.1680 193.2000 72
193.2320 193.3600 74
193.3920 194.0320 73
194.0640 194.1600 75
194.1920 194.2240 74
194.2560 194.2880 72
194.3200 194.4160 70
194.6080 194.7680 68
194.8000 194.9280 70
194.9600 195.9840 68
196.4960 196.5920 71
196.6240 196.7200 72
196.7520 196.7840 73
196.8160 197.2000 74
197.2320 197.3600 73
197.3920 197.4880 74
197.5200 197.6160 75
197.7440 197.8400 70
198.0000 198.1600 68
198.1920 198.3840 70
198.4160 198.9600 68
198.9920 199.0240 67
199.9200 199.9520 71
199.9840 200.0800 72
200.1120 201.1040 73
201.1360 201.2000 74
201.2320 201.4240 75
201.6160 201.7760 68
201.8080 201.9680 70
202.0000 202.2560 68
202.2880 202.3200 69
202.3520 202.4800 70
202.8320 202.9280 71
202.9600 202.9600 69
202.9920 203.0880 67
203.3440 203.3760 68
203.4080 203.4720 69
203.5040 203.6640 70
203.6960 206.0960 68
206.1280 206.3200 67
206.3520 206.9280 68
206.9600 207.1520 67
207.1840 207.6640 68
219.6000 219.6960 73
219.7280 219.9840 67
220.0160 220.5920 68
220.6240 221.7120 70
221.7440 222.0320 73
222.1600 222.2560 74
222.2880 222.4800 73
223.0880 223.1840 67
223.2160 223.2480 66
223.4720 224.0800 68
224.1120 225.1360 70
225.1680 225.3280 73
225.4880 225.8720 73
226.5760 226.6400 67
226.6720 226.7360 66
226.9280 227.2160 66
227.3440 227.5040 68
227.6320 227.7920 70
227.8240 227.8560 69
227.8880 228.0480 68
228.0800 228.1440 69
228.1760 228.4320 70
228.5920 228.7200 68
228.9120 229.2960 70
230.0640 230.2560 65
230.2880 231.0240 66
231.0560 231.1200 68
231.1520 231.2480 67
231.2800 231.3760 65
231.4080 231.4400 66
231.4720 231.5360 67
231.5680 231.7280 68
231.7600 231.7920 67
232.0160 232.1760 66
232.2080 232.2400 67
232.2720 232.8160 68
232.8480 232.9120 74
232.9440 232.9440 70
233.0720 233.0720 68
233.3600 233.4560 66
233.4880 233.7440 67
233.7760 234.3520 68
234.3840 235.4400 70
235.4720 235.6320 73
235.6640 235.7600 72
235.7920 236.3360 74
236.7520 237.0720 66
237.2000 237.5200 68
237.6480 237.7120 68
237.7440 237.7760 69
237.8080 238.8000 70
238.8320 239.0880 73
239.1200 239.3440 74
239.3760 239.5680 75
239.6000 239.6320 74
239.6640 239.7600 73
239.7920 239.8880 75
239.9200 239.9520 74
240.1760 240.2720 66
240.3040 240.4640 67
240.6240 240.8160 66
240.8480 241.0080 67
241.0400 241.2000 68
241.2320 241.2960 67
241.3280 241.4880 70
241.5200 241.5840 69
241.6160 241.9040 68
241.9360 242.1280 70
242.1600 242.1920 69
242.2240 242.4160 68
242.5440 243.0240 70
243.0560 243.1200 72
243.7600 243.7600 62
243.7920 243.8560 64
244.0480 244.5920 66
244.7200 244.8480 68
244.8800 244.9760 67
245.1040 245.2960 66
245.3280 245.6480 67
245.6800 246.1920 66
246.2240 247.9520 68
248.0800 248.2400 74
248.2720 248.6880 73
248.7200 248.8480 72
248.8800 248.9440 74
249.2320 249.4240 71
249.4560 249.6480 68
249.6800 249.7440 70
249.8080 249.8080 70
250.1600 251.4080 68
251.5360 251.8560 73
251.9840 252.0480 73
252.2080 252.2400 72
252.6880 252.8160 72
252.8480 253.0080 68
253.0400 253.2000 70
253.3600 253.5200 67
253.5520 253.8400 68
253.8720 254.1600 66
254.3200 254.7360 66
254.7680 254.8320 70
254.8640 256.0160 73
256.0800 256.2400 75
256.2720 256.4960 70
256.5280 256.6560 68
256.6880 256.8480 70
256.8800 257.1680 68
257.2000 257.3280 71
257.5200 257.6480 67
257.9040 258.2240 66
258.2560 258.3200 68
258.3520 258.5120 70
258.5440 260.0160 68
260.2400 260.2720 67
260.3360 260.6560 67
260.7840 261.3280 69
261.5520 264.7520 66
264.7840 265.3920 62
267.9200 267.9840 70
268.0160 268.1440 66
268.4960 270.3520 66
270.5120 270.5760 66
