5.3600 5.4240 64
55.8240 56.0800 61
56.1120 56.2720 62
56.3040 56.3360 61
56.3680 56.4000 59
56.4320 56.4640 57
56.4960 57.3280 56
57.8400 58.2240 61
58.2560 58.4160 62
58.4480 58.4480 59
58.4800 59.1840 56
59.3120 59.4400 55
59.9840 60.0160 58
60.0480 60.7520 61
60.7840 60.8160 60
61.1040 61.3280 61
61.4560 61.7120 59
61.7440 61.8080 58
61.8400 61.9360 57
61.9680 62.1920 56
64.1440 64.4640 61
64.4960 64.5600 62
64.6880 64.7840 57
64.8160 64.8800 55
64.9120 65.3920 56
65.5200 65.5840 56
65.6160 65.7440 55
66.1280 66.5760 61
66.6080 66.8000 62
66.8320 67.6960 56
68.3040 68.3680 58
68.4000 68.5280 60
68.5600 69.0400 61
69.0720 69.1360 62
69.4240 69.6160 61
69.7760 70.1920 59
71.3120 71.4400 56
71.4720 71.6640 59
71.8240 72.0800 60
72.1120 72.2080 59
72.3360 72.4640 59
72.4960 72.6880 61
72.8480 72.9440 59
73.0720 73.5840 59
73.6160 73.7440 61
73.7760 74.0640 60
74.0960 74.3200 61
74.4800 74.6080 62
74.6400 75.4400 61
75.4720 75.9840 59
76.0160 76.0160 65
76.0480 76.2080 68
76.2400 77.1360 61
77.1680 77.3280 63
77.3600 77.4880 61
77.5200 78.0960 59
78.1280 78.2560 61
78.2880 78.3520 59
78.3840 78.7040 56
79.8240 79.9840 59
80.1120 80.1760 61
80.2080 81.2640 59
81.2960 81.3920 60
81.4240 81.8720 59
81.9040 82.1280 61
82.1600 82.2560 59
82.2880 82.3200 60
82.3520 82.5760 61
82.6080 82.8640 62
82.8960 83.2800 61
83.5040 83.7600 61
83.7920 84.2080 59
84.3360 84.5600 67
84.5920 84.6560 65
84.6880 84.7200 63
84.9120 85.4560 61
85.4880 85.6160 62
85.6480 85.8080 61
85.8400 85.8720 60
85.9040 86.3520 59
86.3840 86.7040 56
86.9600 87.1200 56
87.1520 87.4720 59
87.5040 87.6000 62
87.6320 87.8240 61
87.8560 87.9840 60
88.0160 88.1120 62
88.1440 88.3680 61
88.4000 88.5920 59
88.6240 88.9440 56
89.2320 89.5840 59
89.7760 90.0320 61
90.0640 90.1280 62
90.2880 90.9600 56
91.1200 91.4400 59
91.4720 91.5040 58
91.6320 91.8880 61
91.9200 92.1120 62
92.1440 92.2400 63
92.2720 92.3040 62
92.3360 92.7200 61
92.9120 93.9040 56
94.2240 94.2560 60
94.2880 94.4480 62
94.4800 94.8320 61
95.4080 95.8240 61
95.8560 96.0160 62
96.0480 96.3040 61
96.3360 96.4320 59
96.4640 96.4960 56
96.5280 96.5920 55
96.6240 96.7200 54
96.8480 96.9120 53
97.0720 97.3920 56
97.5520 97.9360 59
98.1280 98.3840 61
98.4160 98.4800 62
98.7040 99.0240 56
99.0880 99.2480 56
99.4720 99.7920 59
99.9840 100.2400 61
100.2720 100.4320 62
100.5280 100.6560 63
100.6880 100.7200 62
100.7520 101.0720 61
101.2640 102.2240 56
102.5760 102.5760 59
102.6080 102.7360 62
102.7680 103.1520 61
103.1840 103.2480 62
103.8240 104.1760 61
104.2080 104.3040 62
104.3360 104.5600 61
104.7200 104.8480 58
104.8800 105.1040 56
105.1360 105.1680 55
105.2000 105.3280 54
105.3600 105.4240 55
105.4560 105.6800 59
105.7120 106.5760 58
106.6400 106.7040 58
106.9600 107.0560 57
107.0880 107.1200 58
107.3760 107.5360 56
108.5280 108.6240 54
108.6560 108.9760 55
109.0080 109.5520 56
109.5840 109.6480 59
109.6800 109.8400 61
109.8720 110.0000 62
110.0320 110.2240 63
110.2560 110.8000 61
110.9280 111.3760 59
111.4080 112.8480 56
113.7760 113.9360 61
114.4800 114.6080 61
114.8640 114.9600 61
115.3120 115.6000 60
116.8480 117.2320 61
117.4880 118.0960 68
118.4480 118.9280 68
122.3520 122.4160 55
122.4480 123.1200 61
123.1520 123.8240 56
123.9520 124.1120 56
124.6880 125.2000 61
125.2320 125.2640 59
125.2960 126.0000 56
126.7680 126.8320 59
126.8640 127.5360 61
127.5680 127.6960 62
127.8560 128.0480 61
128.2080 128.8480 59
128.8800 129.0400 63
130.8320 131.3760 61
131.5360 132.4640 56
132.8800 132.9120 60
132.9440 133.0400 62
133.0720 133.4240 61
133.6160 134.3840 56
135.1520 135.9520 61
136.3360 136.3360 55
136.4320 137.1680 56
138.0960 138.1920 57
138.2240 138.4480 59
138.4800 138.7360 61
138.7680 138.9600 60
138.9920 139.4400 59
139.8240 140.3680 59
140.4000 140.5920 61
140.6240 140.7200 59
140.7520 141.0080 61
141.0400 141.1360 62
141.2640 141.7120 61
141.7440 141.9360 62
141.9680 142.2240 61
142.2560 142.6400 59
142.7680 142.8960 68
142.9280 142.9920 67
143.0240 143.0560 61
143.1200 143.7920 61
143.8240 143.9520 62
143.9840 144.2080 61
144.3680 144.7840 59
144.8160 144.9760 61
145.0080 145.0720 59
145.1040 145.2960 56
146.6080 146.8000 59
146.9280 146.9600 60
146.9920 147.1200 61
147.1520 147.2160 60
147.2480 147.6000 59
147.6320 147.7600 60
147.7920 148.1120 59
148.1440 148.1760 60
148.2080 148.4000 61
148.4320 148.5920 59
148.6240 148.6880 60
148.7200 149.3600 61
149.3920 149.7120 62
149.7440 149.9680 61
150.0000 150.0960 62
150.2240 150.4800 61
150.5120 151.0560 59
151.0880 151.1520 64
151.1840 151.2480 66
151.2800 151.4080 67
151.6000 152.1760 61
152.2080 152.4000 62
152.4320 152.5920 61
152.6240 153.1040 59
153.1360 153.3280 56
153.7440 153.8400 56
153.9680 154.2560 59
154.2880 154.4160 62
154.4480 154.8000 61
154.8320 154.9280 62
154.9600 155.1840 61
155.2160 155.3440 59
155.4720 155.6960 56
156.0480 156.4000 59
156.5600 156.8480 61
156.8800 156.9440 62
157.1360 157.4560 56
157.5840 157.7440 56
157.9360 158.2560 59
158.4160 158.6720 61
158.7040 158.8960 62
158.9280 159.1520 63
159.1840 159.4400 61
159.4720 159.5680 62
159.6960 160.6560 56
161.0080 161.0400 61
161.0720 161.2320 62
161.2640 161.5840 61
161.6160 161.6480 62
162.2560 162.4800 61
162.6080 162.7360 62
162.7680 163.0880 61
163.1200 163.1840 59
163.2160 163.2160 57
163.2480 163.2800 55
163.3120 163.5040 54
163.6320 163.6960 54
163.8240 164.1120 56
164.3360 164.7200 59
164.8800 165.1680 61
165.2000 165.2960 62
165.4240 165.8080 56
165.9360 166.0960 56
166.2240 166.5760 59
166.7360 167.0240 61
167.0560 167.3120 62
167.3440 167.4080 63
167.4400 167.6960 61
167.7280 167.7920 59
167.8240 167.8880 61
168.0160 168.0800 57
168.1120 168.2080 56
168.3680 169.0080 56
169.3920 169.9680 61
170.6400 171.3440 61
171.4720 171.5680 59
171.6000 171.6320 57
171.6640 171.7600 55
171.7920 171.9840 54
172.1760 172.3040 58
172.3360 172.4960 59
172.5280 172.8480 58
172.9760 173.5200 58
173.8080 174.0320 58
174.0640 174.1280 57
175.6320 175.7280 57
175.7600 176.1120 56
176.1440 176.2080 57
176.3360 176.5920 66
176.6240 176.7520 67
176.7840 177.0400 68
177.0720 177.1360 66
177.1680 177.3920 67
177.4240 177.6160 66
177.7440 177.8400 62
177.8720 178.4160 61
178.4480 178.5120 59
178.5440 179.1520 56
179.2800 180.1440 59
180.1760 180.2720 60
180.3040 180.4320 61
180.4640 180.5280 65
181.2960 181.5200 61
182.1280 182.3840 60
183.7280 184.0160 62
184.4960 184.6560 60
188.0800 188.2080 56
188.2400 188.4640 59
188.5920 188.7840 61
188.8160 188.9760 60
189.0080 189.2000 59
189.3280 189.4240 60
189.4560 189.8080 59
189.8400 189.9040 61
189.9360 189.9680 60
190.0000 190.3520 59
190.3840 191.0560 61
191.0880 191.4400 62
191.4720 191.7920 61
191.8240 192.0160 62
192.0480 192.2720 61
192.3040 192.3360 60
192.3680 192.6880 59
192.7200 192.8480 60
192.8800 193.1040 67
193.1360 194.3520 61
194.5120 194.9280 59
194.9600 195.0880 61
195.1200 195.2160 59
195.2480 195.5040 56
196.7200 196.8480 59
197.0720 197.2000 61
197.2320 197.2960 60
197.3280 197.6800 59
197.7120 197.8720 60
197.9040 198.2240 59
198.2560 198.5440 61
198.5760 198.7360 59
198.7680 199.2160 61
199.2480 199.3440 62
199.3760 200.1120 63
200.1440 200.2080 64
200.3360 200.6240 61
200.6560 201.1680 59
201.2000 201.3600 66
201.3920 201.4880 67
201.5200 201.5840 70
201.7440 201.8720 62
201.9040 202.2240 61
202.2560 202.3520 62
202.3840 202.8320 63
202.8640 203.0240 65
203.0560 203.0560 62
203.0880 203.5040 59
203.8240 203.8880 56
204.0160 204.3040 59
204.3360 204.4960 62
204.5280 205.2320 61
205.2640 205.2960 60
205.3280 205.4240 59
205.5520 205.6480 56
205.6800 205.7120 55
206.0960 206.4160 59
206.6080 206.9280 61
207.1520 207.2480 57
207.2800 207.7920 56
207.9840 208.3360 59
208.4960 208.7840 61
208.8160 209.1360 62
209.2640 209.6160 61
209.6480 209.6800 60
209.7120 209.7440 59
209.7760 210.1600 56
210.2880 210.7360 56
211.0880 211.1200 60
211.1520 211.3440 62
211.3760 211.6640 61
212.3680 212.5600 61
212.6880 212.7840 63
212.8160 212.8480 62
212.8800 213.1680 61
213.2000 213.2640 59
213.2960 213.3280 56
213.3920 213.4240 53
213.4560 213.6800 54
213.9040 214.1920 56
214.4480 214.7680 59
214.9600 215.2480 61
215.2800 215.3120 62
215.5040 216.1120 56
216.3040 216.6880 59
216.8480 217.1040 61
217.1360 217.2000 62
217.2320 217.2960 63
217.4560 217.5840 63
217.6160 217.8080 61
217.8400 217.8720 60
218.1280 218.2880 55
218.3200 219.0880 56
219.4720 219.4720 59
219.5040 219.6000 62
219.6320 220.0160 61
220.0480 220.1120 64
220.1440 220.4640 65
220.4960 220.5600 62
220.6880 220.9760 61
221.0080 221.0720 62
221.2000 221.4240 61
221.4560 221.6160 58
222.2240 222.3840 56
222.8320 222.9280 59
223.0240 223.1840 58
223.2800 223.2800 62
223.3120 223.6960 66
223.8560 224.2400 66
224.3680 224.5280 61
224.6560 224.9440 61
225.2000 225.7440 59
225.7760 226.2560 63
226.2880 226.3520 65
226.3840 226.5120 61
226.5440 227.4720 59
227.5040 227.7280 62
227.7600 227.8240 60
227.8560 227.9840 63
228.0160 228.4320 61
228.6240 228.6880 59
229.0400 229.1680 61
229.3600 229.5200 63
229.5520 229.8080 61
229.8400 229.9680 59
230.0000 230.0320 57
230.0640 230.3840 54
230.5760 230.8960 56
231.0880 231.4400 59
231.6640 232.0480 66
232.1760 232.6880 66
232.7200 232.9120 70
233.0720 233.2320 70
233.2640 233.3600 67
233.5200 233.7440 65
233.7760 233.9680 63
234.0960 234.2560 63
234.5440 234.6080 63
234.8640 234.9280 59
234.9600 235.0880 57
235.1200 235.7600 59
236.1120 236.1760 60
236.2080 236.3360 62
236.3680 236.7200 61
237.3920 238.1280 61
238.1600 238.4480 58
238.4800 238.6400 60
238.6720 238.7360 58
239.0240 239.4080 59
239.5680 239.6640 58
240.0160 240.4640 56
240.7840 241.2000 56
241.5200 242.2880 61
242.5440 242.7360 66
242.7680 242.9280 68
242.9600 243.6640 66
243.6960 244.3680 68
244.4000 244.6880 66
244.7200 245.0080 63
245.0400 245.2000 59
245.2320 245.4560 61
245.4880 245.6160 58
245.6480 245.8080 61
245.8400 245.8400 59
246.0000 246.1600 59
246.1920 246.3200 57
246.3520 246.5760 56
246.6080 246.7040 58
246.7360 246.8960 61
246.9280 247.0560 58
247.1840 247.8880 61
247.9200 248.8160 62
249.0720 249.2960 63
249.3280 249.3600 62
249.7120 249.8400 63
249.8720 250.0320 62
250.0640 250.3520 61
250.3840 250.4800 62
250.9280 251.2800 56
251.6000 251.7920 63
251.8240 251.8240 61
251.8560 251.8880 59
251.9200 251.9840 57
252.0160 252.4640 56
252.4960 252.5920 58
252.6240 253.1360 56
253.1680 253.2640 55
253.2960 253.6160 56
253.6480 253.6800 58
253.7120 253.9040 59
253.9360 254.7040 56
254.7360 254.9600 59
255.2160 255.2480 56
255.3440 255.3760 54
255.4400 259.8880 56
