12.2080 12.4320 64
13.9360 14.0320 72
14.0640 14.1280 73
14.1600 14.1920 72
14.2240 14.2880 71
14.3200 14.3520 70
14.3840 14.4480 69
14.4800 14.5440 67
14.5760 14.8960 66
14.9280 14.9920 65
15.0240 15.1840 64
15.4720 15.5360 63
15.5680 15.6320 67
15.6640 15.7600 68
15.7920 17.2000 69
17.2320 17.2960 67
17.3280 17.4880 68
17.5200 17.7760 66
17.8080 17.9040 65
17.9360 18.0960 66
18.1280 18.2240 67
18.3520 18.5120 60
18.5440 18.6080 58
18.6400 18.6720 59
18.7040 18.7360 62
18.7680 18.8960 63
18.9280 19.3760 61
19.4080 19.5040 58
19.5360 19.5680 59
19.6000 19.7280 60
19.7600 20.0800 61
20.8160 20.9120 64
21.2000 21.3920 73
21.4240 21.4560 72
21.4880 21.5520 71
21.5840 21.6160 70
21.6480 21.7120 69
21.7440 21.8080 67
21.8400 22.0960 66
22.1280 22.2240 67
22.2560 23.8240 69
25.8080 26.0000 59
26.0320 26.4480 61
26.4800 26.4800 58
26.5120 26.6400 53
26.6720 27.2160 52
27.2480 27.3760 53
27.6320 27.7600 61
27.7920 27.9840 62
28.1440 28.3360 61
28.3680 28.9120 59
28.9440 29.1680 61
29.2000 29.3920 59
29.4240 29.5520 60
29.5840 29.8400 59
29.8720 29.9360 58
29.9680 30.4800 57
30.6080 30.6720 55
30.7040 30.8000 54
30.8320 30.8640 55
30.8960 30.9280 56
30.9600 31.1840 57
31.2160 31.6640 56
32.1440 32.4320 52
32.4640 32.6560 54
32.6880 32.9440 57
32.9760 33.1680 59
33.2000 33.2960 57
33.4240 33.5200 59
33.5520 33.5840 60
33.6160 33.8080 61
33.8400 33.8400 59
33.9680 34.6400 52
34.9280 35.0560 61
35.0880 35.4720 62
35.5040 35.5680 61
35.6000 35.8560 59
36.0480 36.1440 60
36.1760 36.4000 61
36.4320 36.5920 59
36.7200 36.8160 60
36.8480 37.0720 59
37.1040 37.1360 58
37.1680 37.7760 57
37.8080 37.9040 56
38.0960 38.2240 58
38.2560 38.3520 59
38.3840 38.4160 58
38.4480 39.0880 57
39.9520 40.0800 59
40.1120 40.1440 58
40.1760 40.2400 57
40.2720 41.5840 56
41.7440 41.8080 63
41.8400 41.9040 64
41.9360 42.2240 63
42.2560 42.4160 64
42.4480 42.9280 62
42.9600 43.0560 60
43.0880 43.2800 61
43.3120 43.3760 60
43.4080 43.6960 59
44.0480 44.2080 53
44.2400 45.1040 55
45.2320 45.2640 61
45.2960 45.3600 62
45.3920 45.5520 64
45.6800 47.0240 62
47.5680 47.7920 61
47.8240 48.0480 62
48.0800 48.3040 61
48.4320 48.6240 57
48.8480 49.0080 54
49.0400 49.0720 55
49.1040 49.1360 56
49.1680 49.7760 57
49.8080 49.9360 58
49.9680 50.1920 59
50.2240 50.2560 58
50.2880 50.3200 57
50.3520 50.3840 56
50.5760 50.7360 52
50.7680 50.8320 53
50.8640 50.9600 54
50.9920 51.0240 55
51.0560 51.1200 56
51.1520 51.2800 57
51.3120 51.3440 58
51.3760 51.5040 59
51.5360 52.9120 60
52.9440 53.0720 59
53.2640 53.3920 58
53.4240 53.5200 59
53.6480 53.7760 59
54.9280 55.1200 59
55.1520 55.5040 61
55.5360 55.5360 59
55.5680 55.6000 55
55.6320 55.6960 53
55.7280 56.2400 52
56.2720 56.3680 53
56.5920 56.7200 62
56.7520 56.8160 61
56.8480 57.0400 62
57.2000 57.3280 61
57.3600 57.9040 59
57.9360 58.0960 60
58.1280 58.3520 61
58.3840 58.5440 59
58.5760 58.6400 60
58.6720 58.8640 59
59.0240 59.0880 58
59.1200 59.6320 57
59.6640 59.6960 55
59.7280 59.9520 54
59.9840 60.0480 55
60.0800 60.8800 57
61.3280 61.3600 51
61.3920 61.4560 52
61.4880 61.5200 53
61.5520 61.7760 54
61.8080 62.0320 57
62.0640 62.2240 59
62.2560 62.3840 57
62.5120 62.6400 59
62.6720 62.8960 61
63.0240 63.7280 52
64.0160 64.1440 61
64.1760 64.3680 62
64.4960 64.7200 61
64.7520 64.8800 60
64.9120 65.0400 61
65.2000 65.3280 59
65.3600 65.6160 61
65.6480 65.7440 63
65.7760 65.8080 62
65.8400 65.9680 61
66.0000 66.1920 59
66.2240 66.9280 57
66.9600 67.2160 55
67.2480 67.3760 57
67.4080 67.8880 59
67.9200 67.9520 58
67.9840 68.5280 57
68.9760 69.1360 59
69.1680 69.2000 58
69.2320 69.3920 57
69.4240 70.6400 56
70.8320 70.8640 63
70.8960 70.9600 64
71.1200 71.2800 62
71.3120 71.5360 64
71.5680 71.8880 62
71.9200 71.9520 61
71.9840 72.1440 60
72.1760 72.3360 61
72.3680 72.4000 60
72.4320 72.8480 59
73.1360 73.1680 53
73.2000 73.2640 54
73.2960 74.0960 55
74.2560 74.3520 62
74.3840 74.4160 63
74.4480 74.6080 64
74.7680 76.0160 62
76.6880 76.8160 61
76.8480 77.1680 62
77.2000 77.3920 61
77.4240 77.4240 59
77.4560 77.6160 57
77.8400 77.9040 54
77.9360 78.2240 55
78.2560 78.2880 56
78.3200 78.8000 57
78.8320 78.9280 58
78.9600 79.1840 59
79.2160 79.3760 58
79.6000 79.8240 54
79.8560 79.9200 55
79.9520 80.1120 57
80.1440 80.5280 59
80.5600 81.9360 60
81.9680 82.1280 59
82.1600 82.3520 58
82.3840 82.8640 59
83.1520 83.3120 59
83.3440 83.5360 61
83.5680 83.7600 62
83.7920 84.0160 61
84.0480 84.1760 62
84.2080 84.2400 63
84.2720 85.0080 64
85.0400 85.1040 63
85.1360 85.4560 64
85.4880 85.5200 63
85.6480 87.2800 57
87.3120 87.4720 58
87.5040 87.7600 60
87.7920 89.0400 62
89.0720 89.3600 61
89.3920 89.6800 62
89.7120 89.7760 60
89.8080 89.9360 61
90.1280 90.1920 60
90.2240 90.3200 59
90.3520 90.9920 57
91.2800 91.4400 65
91.4720 92.9120 66
92.9440 93.2000 65
93.5520 93.6800 59
93.7120 94.0320 61
94.0640 94.1600 60
94.1920 94.3520 57
94.3840 94.4800 56
94.5120 94.8640 57
94.8960 94.9280 60
94.9600 95.1200 63
95.1520 97.4880 64
97.5200 97.5840 65
97.6160 97.6800 64
99.0880 99.1840 60
99.2160 99.6320 61
99.6640 99.9200 62
99.9520 99.9840 63
100.0160 100.0800 64
100.1120 100.1440 63
100.1760 100.3680 62
100.4000 100.4320 63
100.4640 100.6560 65
100.6880 101.4560 66
101.4880 101.5520 67
101.5840 101.6480 66
101.6800 101.7440 67
101.7760 101.8400 66
101.8720 102.0000 67
102.0320 102.1600 66
102.7360 102.8320 58
102.8640 103.3120 59
103.3440 103.6000 61
103.6320 103.8240 62
103.8560 104.0800 61
104.1120 104.2720 63
104.3040 105.9680 64
106.0000 106.0320 63
106.4160 106.4800 56
106.5120 106.8640 57
106.8960 106.9280 58
106.9600 107.0880 59
107.2800 107.6000 61
107.6320 107.7920 62
107.8240 108.0160 64
108.0480 108.2720 63
108.3040 108.4640 62
108.6240 108.7200 61
108.7520 109.2000 62
109.2320 109.3600 60
109.3920 109.6480 61
109.6800 110.0640 59
110.2560 110.5120 59
110.6720 111.1200 57
111.1520 111.2800 59
111.3120 111.5360 61
111.5680 111.7600 59
111.7920 112.7840 61
113.1680 113.2960 59
113.3280 113.8080 61
113.8400 114.2560 62
114.2880 114.3840 67
114.4160 114.6720 69
114.7040 114.8000 67
114.8320 114.9280 70
114.9600 115.0880 65
115.1200 116.7840 66
116.8160 116.9120 65
116.9440 117.0720 66
117.1040 117.2640 65
117.2960 117.3600 67
117.3920 117.6160 68
117.6480 117.8400 67
117.8720 118.0640 69
118.1920 118.2880 69
118.3200 118.4480 71
118.6400 118.7040 69
118.7360 118.7680 70
118.8000 119.9840 71
120.0160 122.0000 69
123.1840 123.2160 60
123.2480 123.2800 61
123.3120 123.5680 62
123.6000 123.8240 60
123.8560 124.0160 59
124.0480 124.0800 58
124.1120 124.2080 57
124.2400 124.3360 58
124.3680 125.1680 59
125.2000 125.8400 57
125.8720 126.0960 56
126.1280 129.2000 57
130.8320 130.8960 57
132.1760 132.2720 72
132.3040 132.3680 73
132.4000 132.4320 72
132.4640 132.5280 71
132.5600 132.5920 70
132.6240 132.6880 69
132.7200 132.7840 67
132.8160 133.1360 66
133.1680 133.2000 65
133.2320 133.3920 64
134.3520 135.0240 64
135.0560 135.5680 65
135.8560 136.0800 64
136.1120 136.3040 65
136.3360 136.4000 67
136.4320 136.5600 69
136.5920 136.6560 72
136.6880 136.7840 73
139.4720 139.6320 73
139.6640 139.6960 72
139.7280 139.7920 71
139.8240 139.8560 70
139.8880 139.9520 69
139.9840 140.0480 67
140.0800 140.3360 66
140.3680 140.4640 67
140.4960 140.6560 69
142.2240 142.2560 70
142.2880 142.7360 71
144.0800 144.2720 59
144.3040 144.6880 61
144.8480 144.8800 52
145.0400 145.5840 52
145.9360 146.0320 61
146.0640 146.2240 62
146.3520 146.5440 61
146.5760 146.6080 60
146.6400 146.9920 59
147.0240 147.0880 60
147.1200 147.2160 59
147.2480 147.4400 61
147.4720 147.6000 59
147.6320 147.8880 60
147.9200 148.0480 57
148.0800 148.1440 58
148.1760 148.7520 57
148.7840 148.8160 56
148.8480 148.9440 55
149.2000 149.4880 57
149.5200 149.7120 58
149.7440 150.0000 57
150.0320 150.0640 56
150.2880 150.6080 52
150.6400 150.8000 54
150.8320 150.8960 55
150.9280 151.1520 57
151.1840 151.3440 59
151.3760 151.5680 57
151.6000 151.7280 59
151.7600 152.0160 61
152.0480 152.0480 58
152.2400 152.3040 53
152.3360 152.8160 52
153.2000 153.2320 60
153.2640 153.2960 61
153.3280 153.5520 62
153.5840 153.8080 61
153.8400 154.5120 59
154.5440 154.7360 61
154.7680 154.9600 59
154.9920 155.0880 61
155.1200 155.1840 59
155.2160 155.8560 57
156.1120 156.2720 54
156.3040 156.3680 55
156.4000 156.4320 57
156.4640 156.4960 58
156.5280 156.8480 59
156.8800 156.9440 60
156.9760 157.0720 59
157.1040 157.7760 57
158.0640 158.0960 58
158.1280 158.3200 59
158.3520 158.5120 57
158.5440 159.2160 56
159.3440 159.7280 56
159.7600 159.8560 57
159.8880 159.8880 59
159.9200 159.9840 62
160.0160 160.0800 64
160.1120 160.1760 63
160.2080 160.3360 62
160.3680 160.4640 63
160.4960 160.6880 64
160.7200 161.0400 62
161.0720 161.3280 59
161.3600 161.5520 61
161.5840 161.9360 59
162.2560 162.3520 53
162.3840 162.4160 54
162.4480 163.3440 55
163.3760 163.3760 57
163.4080 163.4080 60
163.4400 163.5680 62
163.6000 163.7280 64
163.8880 164.0480 65
164.0800 164.5600 67
164.5920 164.9120 66
164.9440 165.0080 67
165.0400 165.1040 66
165.1360 165.2000 67
165.2320 165.2960 66
165.3280 165.3920 67
165.9040 166.0000 62
166.0320 166.1280 63
166.1600 166.8000 62
166.8320 166.9920 61
167.0240 167.0880 62
167.1200 167.2480 61
167.2800 167.6640 62
167.6960 167.7920 64
167.8240 168.4960 62
168.5280 168.5920 61
168.8480 169.0400 55
169.0720 169.2640 57
169.2960 169.4880 59
169.5200 169.6160 58
169.7120 169.7760 58
169.8080 169.9360 59
169.9680 170.9920 60
171.0240 171.2480 59
171.2800 171.4400 57
171.4720 171.9840 59
172.2720 172.3360 60
172.3680 172.6560 61
172.6880 172.8800 62
172.9120 173.1680 61
173.3600 173.5200 62
173.5520 174.5440 64
174.5760 174.8320 66
174.8640 174.8640 62
174.8960 174.9600 60
174.9920 175.2160 59
175.2480 176.1120 57
176.1440 176.2080 56
176.2400 176.3360 57
176.8480 176.9440 61
176.9760 177.7120 62
177.7440 177.8720 65
177.9040 178.0640 62
178.0960 178.2240 64
178.2560 178.3840 62
178.4160 178.4800 64
178.5120 178.8000 62
178.8320 178.9600 60
178.9920 179.1520 61
179.1840 179.2480 60
179.2800 179.3760 62
179.4080 179.5040 59
179.5360 180.1440 57
180.4000 180.4960 65
180.5280 180.5600 66
180.5920 181.9360 67
181.9680 182.2240 66
182.3520 182.5120 66
182.5440 182.5760 65
182.6080 182.7360 64
182.7680 182.8000 65
182.8320 183.1200 66
183.1520 183.2160 67
183.2480 183.5040 69
183.5360 184.0160 66
184.0480 184.1440 65
184.1760 184.4640 66
184.4960 187.8240 64
189.9680 190.0000 58
190.0320 190.0960 59
190.1280 190.3200 61
190.4480 190.5440 61
190.5760 190.8640 62
190.8960 191.0240 64
191.0560 191.3120 62
191.3440 191.4080 64
191.4400 191.4720 65
191.5040 192.9440 66
192.9760 193.0080 65
193.0400 193.0720 63
193.4560 193.4880 62
193.5840 193.7120 58
193.7440 194.1920 59
194.2240 194.4480 61
194.4800 194.7040 62
194.7360 194.8960 61
194.9280 194.9920 62
195.0240 195.0880 63
195.1200 195.9200 64
195.9520 196.0160 63
196.0480 196.4960 64
196.5280 196.7840 63
196.9760 197.0720 62
197.1040 197.1040 60
197.1360 197.1680 58
197.2000 197.3600 54
197.3920 197.8400 57
197.8720 198.0000 59
198.1600 198.6080 61
198.6400 198.7360 62
198.7680 198.9600 64
198.9920 199.3760 62
199.5680 199.6320 61
199.6640 199.8560 62
199.8880 200.0480 61
200.1760 200.2720 60
200.3040 200.5600 61
200.5920 200.7520 59
200.8800 200.9440 59
201.1360 201.4880 59
201.5200 201.6160 56
201.6480 202.0000 57
202.0320 202.1600 59
202.1920 202.4480 61
202.4800 202.7040 59
202.7360 203.6960 61
204.0800 204.1440 59
204.1760 204.2080 60
204.2400 204.4320 61
204.4640 204.5920 62
204.6240 204.7200 61
204.7520 205.1680 62
205.2000 205.2960 67
205.3280 205.3280 69
205.3600 205.5520 72
205.5840 205.7440 69
205.7760 205.8400 70
205.8720 205.9680 65
206.0000 207.7280 66
207.7600 207.8560 65
207.8880 208.1440 66
208.1760 208.2720 67
208.3040 208.4960 68
208.5280 208.7200 67
208.7520 208.7840 69
208.8160 208.9760 70
209.1040 209.1680 69
209.2000 209.2320 70
209.2640 209.3920 71
209.5840 209.7120 69
209.7440 210.6400 71
210.6720 210.7360 72
210.7680 210.8320 71
210.8640 210.8960 70
210.9280 213.2000 69
214.0640 214.1280 60
214.1600 214.3840 62
214.4160 214.4480 61
214.4800 214.7040 60
214.7360 214.9600 59
214.9920 215.1200 57
215.1520 216.0800 59
216.1120 216.7200 57
216.7520 216.8160 59
216.8480 216.9760 60
217.0080 217.1040 59
217.1360 219.5040 57
220.8480 221.0400 59
221.0720 222.6400 61
222.6720 223.8880 62
224.0480 224.4320 59
224.4640 224.5600 58
224.5920 224.6240 59
224.6560 224.7520 61
224.7840 224.7840 59
225.0080 225.9360 62
226.1280 226.2880 62
226.3200 227.4720 64
227.5040 227.5680 63
227.6000 227.8880 57
228.1120 228.3040 62
228.3360 229.1360 64
229.3600 229.4880 64
229.5200 229.7760 65
229.8080 230.1280 64
230.1600 230.2880 65
230.3200 230.5120 62
230.5440 231.0560 60
231.2160 231.3120 60
231.3440 231.4400 61
231.4720 231.5680 60
231.6000 232.9120 58
235.4400 235.5040 60
235.5360 235.9200 62
236.0800 236.1760 60
236.7840 236.9120 60
236.9440 236.9760 59
237.0080 237.0720 58
237.2640 237.4560 58
237.4880 237.8080 57
237.9360 238.2240 58
239.0560 239.1200 59
239.1520 239.1840 60
239.2480 239.4400 60
239.4720 239.7600 58
239.8240 239.8240 58
239.8560 240.0160 56
240.8160 240.8800 67
240.9120 240.9760 68
241.0080 241.7760 69
241.8080 241.8400 67
241.8720 241.9040 66
241.9360 242.0960 65
242.1280 242.1600 67
242.1920 242.2240 68
242.2560 242.3520 69
242.3840 242.4800 68
242.5120 242.5760 69
242.6080 242.7040 68
242.7360 242.8640 65
242.8960 242.9280 66
242.9600 243.2800 67
243.3120 243.3760 65
243.4080 243.5040 62
243.5360 243.5680 63
243.6000 243.6320 64
243.6640 243.8560 65
243.8880 245.4240 64
245.4560 245.5200 63
246.1600 246.3200 63
246.5440 246.6720 63
246.9920 247.2160 63
247.4080 247.4400 66
247.4720 247.5360 67
247.5680 247.6000 68
247.6320 248.6240 69
248.6560 248.9120 70
248.9440 249.0400 67
249.0720 249.4880 65
249.5200 251.2480 67
251.2800 251.3120 66
251.4720 251.7920 60
251.8240 251.9520 56
251.9840 252.1120 59
252.1440 252.4000 60
252.4320 252.7520 62
252.7840 253.1680 63
253.2000 253.2960 65
253.3280 253.8720 67
253.9040 255.2160 65
255.6000 255.6640 56
255.6960 255.8880 58
255.9840 256.0480 58
256.0800 256.2080 60
256.3360 256.7840 62
256.8160 256.9440 63
256.9760 257.1680 65
257.2000 257.6160 63
257.7440 257.8720 62
257.9040 258.0960 63
258.1280 258.3200 62
258.3520 258.5120 61
258.5440 258.8320 62
258.8640 259.2160 60
259.3440 259.7280 60
259.7600 260.1760 58
260.2080 260.2400 62
260.2720 260.3680 63
260.4000 260.5600 65
260.5920 260.7200 62
260.7520 260.8480 60
260.8800 261.8080 62
262.2560 262.4800 61
262.5440 262.8960 62
262.9280 263.3120 63
263.4400 263.5360 69
263.5680 263.7600 70
263.7920 263.8880 67
263.9200 263.9200 62
263.9520 263.9520 59
264.2400 264.3360 55
264.3680 264.4320 54
264.4640 265.5840 55
265.7760 265.8400 55
265.8720 265.9040 54
266.1280 266.3520 60
266.3840 266.5120 67
266.5440 266.9280 69
266.9600 267.1520 70
267.2800 267.4080 70
267.4400 267.6000 72
267.7920 267.8240 58
267.8880 268.8480 53
268.9440 268.9760 54
269.0400 269.6480 51
269.9040 270.1280 51
270.6080 270.9920 51
271.0560 271.3120 51
272.2720 272.4000 61
272.4320 272.5600 63
272.5920 272.6240 62
272.8480 272.8480 60
272.8800 272.9760 62
273.0080 273.2000 60
273.2320 273.2320 58
273.3280 273.3280 58
273.3920 273.4240 59
273.4560 273.6480 60
273.6800 273.7440 59
273.9040 274.0960 60
274.1280 274.2240 59
274.2560 274.4800 58
274.5120 274.5760 59
274.6080 274.9280 60
274.9600 275.0240 61
275.0560 275.1520 62
275.1840 275.2480 60
275.2800 275.3120 58
275.4080 275.7280 58
275.8560 275.8880 57
275.9200 275.9520 58
275.9840 276.0160 57
276.0480 276.1440 58
276.1760 276.2400 57
276.2720 276.3360 58
276.3680 276.5600 57
276.5920 276.8160 58
276.8480 277.0400 61
277.0720 277.2640 62
277.2960 277.3920 61
277.4240 277.6800 62
277.7120 277.7760 61
277.8080 277.8080 62
277.8400 278.1280 63
278.1600 278.2880 65
278.3200 278.3200 64
278.3520 278.5440 63
278.5760 278.7360 65
278.7680 278.7680 66
278.8000 280.3360 67
281.0400 281.1360 68
281.1680 281.2000 69
281.2320 281.3920 70
281.4240 281.4560 69
281.4880 281.4880 68
281.5200 281.5840 67
281.6160 281.6160 68
281.6480 281.7440 69
281.7760 281.7760 68
281.8080 282.3840 67
282.4160 282.5120 68
282.5440 282.6080 67
282.6400 282.6400 66
282.6720 285.2320 65
285.2640 285.2960 63
285.3280 285.4560 62
285.4880 285.4880 63
285.5200 285.5200 64
285.5520 285.6160 65
285.6480 285.6480 66
285.6800 285.8080 67
285.8400 285.8400 66
285.8720 285.9680 65
286.0000 286.0320 66
286.0640 286.1280 67
286.1600 286.1920 66
286.2240 286.2560 65
286.2880 286.2880 64
286.3200 286.3200 63
286.3520 286.4160 62
286.4480 286.6720 61
286.7040 286.7680 60
286.8000 286.8320 59
286.8640 287.8560 58
288.8480 288.9760 57
289.0080 289.5840 58
289.6160 291.1200 57
292.0160 292.3040 57
292.3360 296.5280 58
296.7200 296.8800 58
