4.9440 5.0720 55
5.2320 5.2960 55
26.2560 26.3840 56
26.4160 26.4480 58
26.4800 26.5120 59
26.5440 26.6400 60
26.6720 26.7040 61
26.7360 26.8320 62
26.8640 27.0560 63
27.0880 27.2480 60
27.2800 27.3440 61
27.3760 27.5360 63
27.5680 27.6000 61
27.6320 27.6640 60
27.7920 27.9200 65
27.9520 28.0160 66
28.0480 28.4640 67
28.5920 28.9440 67
29.1680 29.2000 65
29.2320 29.3920 66
29.4240 30.0000 67
30.0320 30.0960 64
30.1280 30.5760 65
30.6080 30.9600 67
31.9200 31.9840 61
32.0160 32.1120 63
32.1440 32.6880 65
32.7200 32.9120 64
32.9440 33.2320 65
33.2640 33.3920 63
33.4240 33.6480 65
33.6800 33.8400 63
33.8720 34.1280 65
34.1600 34.3200 63
34.3520 34.4480 65
34.8320 35.0240 61
35.0560 35.4400 63
35.4720 35.7280 60
35.7600 35.8240 58
35.9840 36.2080 58
37.3920 37.4560 56
37.5840 37.6800 58
37.7120 37.8400 60
37.8720 38.0320 62
38.0640 38.2560 63
38.2880 38.4800 60
38.5120 38.5440 62
38.5760 38.7360 63
38.7680 38.9600 60
38.9920 38.9920 62
39.0240 39.2480 65
39.2800 39.8560 67
40.0800 40.3040 67
40.5600 40.8480 67
41.1680 41.4560 67
41.6800 42.0000 65
42.0320 42.2240 67
43.1840 43.1840 60
43.2160 43.2800 62
43.3120 43.3440 63
43.3760 43.4720 64
43.5040 43.8240 65
43.8560 43.9840 63
44.1440 44.3360 65
44.3680 44.4960 64
44.5280 44.8160 65
44.8480 44.8800 64
44.9120 44.9760 63
45.1040 45.2640 65
45.4240 45.6480 65
45.6800 45.7120 64
45.9680 46.0960 63
46.1280 46.2560 62
46.2880 46.3200 60
46.4480 46.5760 57
46.7360 46.8320 61
46.8640 46.8960 62
46.9280 47.0560 63
47.2480 48.0160 63
48.7840 49.1680 71
49.2000 50.4480 70
50.5760 51.6640 63
51.6960 51.8560 66
51.8880 52.2720 65
52.3040 52.5920 63
52.6240 52.8160 65
52.8480 53.0080 63
53.0400 53.2640 65
53.3920 53.6800 65
53.7120 53.8080 63
53.8400 53.8720 61
54.4160 54.5120 60
54.5440 54.5760 62
54.6080 54.8000 63
54.9920 56.0800 63
56.1120 56.2720 60
56.3040 56.3680 59
56.4000 56.4960 58
56.7840 56.9120 59
56.9440 57.1040 58
57.2640 57.2640 68
57.2960 57.3920 70
57.4240 57.4880 72
57.5200 58.3200 70
58.3520 58.3840 68
58.4160 58.6400 63
58.6720 58.8000 65
58.8320 59.0240 67
59.0560 59.6640 70
60.0160 60.2720 71
60.3040 60.8160 72
60.8480 62.5760 70
62.7680 62.8960 65
62.9280 63.4400 67
63.4720 64.1120 65
64.1440 64.2080 63
64.2400 64.3360 61
64.3680 65.1680 60
65.5200 65.6480 64
65.6800 65.7760 63
65.8080 66.3840 65
66.4160 68.3360 63
68.3680 68.4960 61
68.5280 68.5600 62
68.5920 70.5760 63
87.9520 88.0480 56
88.0800 88.1440 58
88.1760 88.3680 60
88.4000 88.4960 62
88.5280 88.7200 63
88.7520 88.7840 62
88.8160 88.9760 60
89.0080 89.2320 63
89.2640 89.2960 61
89.3280 89.3600 60
89.4880 89.5200 65
89.5520 89.7120 66
89.7440 90.6080 67
90.8640 91.0560 66
91.0880 91.3120 67
91.3440 91.4720 68
91.5040 91.6640 67
91.6960 92.3040 65
92.3360 92.8160 67
93.5520 93.7120 62
93.7440 93.8080 63
93.8400 94.3840 65
94.4160 94.5760 64
94.6080 94.8640 65
94.8960 94.9600 63
95.0880 95.2800 65
95.3120 95.5040 62
95.5360 95.7280 65
95.7600 95.8880 63
96.0160 96.2400 65
96.5280 96.6880 61
96.7200 96.7520 62
96.7840 97.1040 63
97.1360 97.1680 62
97.2000 97.3280 60
97.3600 97.4240 59
97.4560 97.5200 57
97.6480 98.1920 58
99.2800 99.3440 57
99.3760 99.4400 59
99.4720 99.5360 60
99.5680 99.7600 62
99.7920 99.9200 63
99.9520 99.9840 62
100.0160 100.1440 61
100.1760 100.2080 62
100.2400 100.3680 63
100.4000 100.4640 62
100.4960 100.6560 60
100.6880 100.7200 64
100.7520 100.8160 65
100.8480 100.9120 66
100.9440 101.4880 67
101.7440 101.9360 67
102.1280 102.3840 67
102.6400 103.1520 67
103.3120 103.6960 65
103.7280 103.8880 67
104.9760 105.1360 64
105.1680 105.5200 65
105.5520 105.6800 64
105.8400 106.0640 65
106.0960 106.2240 63
106.2560 106.5120 65
106.5440 106.6400 63
106.7680 106.9600 65
107.1200 107.3760 65
107.5680 107.8240 63
107.8560 107.9200 62
107.9520 108.0160 59
108.0480 108.3360 58
108.4640 108.5280 60
108.5600 108.5920 62
108.6240 108.7520 63
108.9120 109.7120 63
110.4800 110.6080 70
110.6400 110.7040 72
110.7360 110.7680 71
110.8000 111.9520 70
111.9840 112.0800 71
112.1120 112.1120 69
112.1440 112.3360 62
112.3680 113.3280 63
113.3600 113.3920 66
113.4240 113.5520 67
113.5840 113.6160 66
113.6480 114.0640 65
114.0960 114.2240 63
114.2560 114.4480 65
114.4800 114.7040 63
114.7360 114.9280 65
115.0880 115.2800 65
115.3120 115.4400 62
115.4720 115.6320 60
116.1120 116.1760 60
116.2080 116.2720 62
116.3040 116.4960 63
116.6240 117.7440 63
117.7760 118.0000 60
118.4800 118.5760 59
118.6080 118.7040 58
118.7360 118.8000 59
118.9280 119.0240 71
119.0560 119.1520 72
119.1840 119.9840 70
120.0160 120.0160 67
120.0480 120.3680 63
120.4000 120.4960 65
120.5280 120.7200 67
120.7520 121.3920 70
121.6160 121.9040 70
121.9360 122.0640 71
122.0960 122.4480 72
122.4800 124.3680 70
124.4000 124.6240 66
124.6560 125.0080 67
125.0400 125.0720 66
125.1040 125.7120 65
125.7440 125.7760 63
126.0320 126.8960 60
127.1840 127.3760 63
127.4080 127.5040 64
127.5360 128.0160 65
128.0480 130.0000 63
130.1280 130.2240 62
130.2560 131.9200 63
132.1120 132.2400 63
137.8080 137.8720 67
138.0640 138.1600 67
138.3200 138.3840 67
140.7520 141.4880 67
142.8320 143.0560 56
143.0880 143.1520 57
143.1840 143.3120 59
143.3440 143.5040 60
143.5360 143.6000 62
143.6320 143.8880 63
143.9200 144.1120 60
144.1440 144.3680 63
144.4000 144.4960 61
144.6240 144.7200 65
144.7520 144.8160 66
144.8480 144.9440 67
145.0720 145.2960 67
145.4240 145.7440 67
146.0000 146.1600 66
146.1920 146.8000 67
146.8320 146.8960 64
146.9280 147.4400 65
147.4720 147.9200 67
148.7200 148.7520 62
148.7840 148.9440 63
148.9760 149.4240 65
149.4560 149.4880 64
149.5200 149.6800 63
149.7120 149.9040 65
149.9360 150.0960 63
150.2240 150.3840 65
150.4160 150.6080 63
150.6400 150.8640 65
150.8960 151.0880 64
151.1200 151.2480 65
151.5680 151.7280 60
151.7600 151.7920 62
151.8240 152.2080 63
152.2400 152.3040 62
152.3360 152.4640 60
152.4960 152.5280 59
152.5600 152.6560 58
152.7840 152.9760 58
154.1920 154.3200 57
154.3520 154.4160 58
154.4480 154.4800 59
154.5120 154.6400 60
154.6720 154.8320 62
154.8640 155.0560 63
155.0880 155.2800 60
155.3120 155.5040 63
155.5360 155.7600 60
155.7920 155.7920 63
155.8240 155.9200 65
155.9520 155.9840 66
156.0160 156.6240 67
156.8480 157.0080 67
157.2320 157.5200 67
157.7120 158.2240 67
158.3840 158.7680 65
158.8000 158.9280 67
159.9200 160.0480 58
160.0800 160.1120 63
160.1440 160.3360 64
160.3680 160.7200 65
160.7520 160.8480 63
160.9760 161.1680 65
161.2000 161.3600 63
161.3920 161.6160 65
161.6480 161.6800 64
161.7120 161.7760 63
161.9040 162.0320 66
162.0640 162.0960 65
162.2560 162.4800 65
162.7040 162.8000 64
162.8320 162.9600 63
162.9920 163.0560 62
163.0880 163.1200 60
163.2480 163.4080 58
163.5360 163.8240 63
164.0160 164.8160 63
168.4000 170.0640 70
170.0960 171.2800 63
171.3120 171.5360 67
171.5680 171.8880 65
171.9200 172.1760 63
172.2080 172.4000 65
172.4320 172.5600 63
172.6880 173.2640 65
173.2960 173.3920 62
173.4240 173.6480 59
174.0320 174.1280 59
174.1600 174.4160 63
174.5440 175.6320 63
175.6640 175.8880 60
176.4000 176.7200 58
176.8800 177.1040 71
177.1360 177.2320 69
177.2640 177.9040 70
177.9360 177.9680 68
178.0000 178.0000 64
178.0320 178.1280 62
178.1600 178.2880 63
178.3200 178.4800 67
178.6080 179.0880 70
179.1840 179.1840 70
179.6960 179.9840 71
180.1120 180.2720 70
180.3680 180.3680 70
180.6240 180.9120 70
181.1040 181.2320 71
181.3920 182.5120 63
182.5440 182.7360 67
182.7680 183.0880 65
183.1200 183.4080 63
183.4720 183.6000 65
183.6320 183.6960 63
183.9520 184.1120 65
184.2400 184.4640 65
184.4960 184.6240 62
184.6560 184.8160 60
185.2320 185.3920 60
185.4240 185.6160 62
185.7440 185.8720 63
185.9040 186.1920 62
186.2240 186.4800 63
186.5120 186.6080 62
186.6400 186.8640 63
186.8960 186.9600 61
186.9920 187.1520 60
187.1840 187.2800 58
187.6320 187.9200 58
188.0800 188.1760 70
188.2080 188.3040 71
188.3360 189.1040 70
189.1360 189.1360 66
189.1680 189.2320 63
189.2640 189.3600 62
189.4560 189.6160 65
189.6480 189.7440 67
189.8720 191.0880 70
191.1200 191.6320 72
191.6640 193.4560 70
193.4880 193.4880 68
193.5200 193.8080 65
193.8400 194.0960 67
194.1280 194.8320 65
194.8640 194.9280 63
194.9600 195.2160 59
195.2480 195.9520 60
196.4000 196.4320 61
196.4640 196.5600 63
196.5920 196.8480 65
196.8800 199.1520 63
199.1840 199.4080 62
199.4400 200.9120 63
202.0000 202.1600 66
202.1920 203.3440 67
203.3760 203.5680 65
203.6000 203.6320 64
204.8160 204.9760 66
205.0080 206.1280 67
206.1600 206.2560 66
206.2880 206.3840 67
206.4160 206.8320 66
208.1120 208.1760 60
208.2080 208.5280 62
208.5600 208.6560 59
208.6880 208.9760 60
209.0080 209.0080 62
209.0400 209.2320 65
209.2640 209.3600 63
210.8960 211.0240 62
211.0560 211.2160 63
211.2480 211.3120 62
211.3440 211.7600 60
211.7920 211.8240 63
211.8560 211.9520 64
211.9840 212.9760 65
213.2320 213.2640 65
213.2960 213.4240 66
213.4560 214.6080 67
214.6400 214.8960 65
214.9280 214.9600 63
215.1200 215.2160 64
216.0480 216.2400 66
216.2720 217.3280 67
217.3600 217.4560 66
217.4880 217.5840 67
217.6160 217.8080 66
217.8400 217.9040 67
219.3120 219.5680 62
219.6000 219.7280 63
219.7600 220.2400 60
220.2720 220.3360 64
220.3680 220.4960 65
220.5280 220.7200 63
222.0960 222.2560 62
222.2880 222.4800 63
222.5120 222.5440 62
222.5760 222.5760 60
222.6720 222.9920 60
223.0240 223.0880 63
223.1200 223.1520 64
223.1840 224.3680 65
224.5280 224.6880 66
224.7200 225.8080 67
225.8400 225.9680 65
226.0000 226.1600 64
226.1920 226.2880 65
227.2800 227.4080 66
227.4400 228.5600 67
228.5920 229.0080 66
229.0400 229.4560 67
229.6160 229.6800 67
230.5120 230.9600 62
230.9920 231.4400 60
231.4720 231.5360 63
231.5680 231.6960 65
231.7280 231.9840 63
232.6560 232.8480 58
232.8800 232.9440 59
232.9760 233.1040 62
233.1360 235.4400 63
