4.2080 4.5280 66
4.5600 4.6240 67
4.6560 4.7840 69
4.8160 5.2320 71
5.2640 5.8400 70
6.0960 6.8000 66
7.1200 8.4960 68
11.5360 11.8560 66
11.8880 12.1120 70
12.1440 13.0400 71
13.0720 13.2000 70
13.2320 13.7120 71
14.8000 15.9840 71
16.0160 16.1440 70
16.1760 16.7520 71
17.1360 17.2640 71
17.7440 17.9360 70
17.9680 18.8000 71
18.8320 18.8640 72
18.8960 19.3120 73
19.3440 19.6960 72
20.2720 20.6560 71
20.6880 20.8800 74
20.9120 21.7440 75
21.7760 21.8080 74
21.8400 21.9040 73
21.9360 21.9680 72
22.0000 22.4800 71
22.5120 22.6080 68
22.6400 22.7040 67
22.7360 22.8640 66
23.5680 23.6000 60
23.6320 23.6960 61
23.7280 23.8240 62
23.8560 24.5920 63
24.6240 24.8160 62
24.9760 25.3920 63
26.1600 26.2240 62
26.4480 26.7680 63
28.0160 28.0800 66
28.1120 28.1440 67
28.1760 28.2400 68
28.3680 28.5280 66
28.5600 28.6240 65
28.6560 28.7200 62
28.7520 28.7840 60
28.8160 29.0080 59
29.0400 29.6800 58
29.7120 30.3840 59
30.4160 30.7360 58
30.7680 30.9920 59
32.3680 32.6240 59
33.8400 34.1600 56
34.1920 34.2240 57
34.2560 34.5440 58
34.5760 34.8320 59
34.8640 34.9280 60
34.9600 35.2480 63
35.2800 35.4720 66
35.5040 35.7600 67
36.6560 36.8160 67
36.8480 37.0720 68
37.8720 38.0000 66
38.2560 38.3840 67
38.4160 38.5440 68
38.5760 38.6080 67
38.6400 38.6720 66
38.7040 38.7680 65
38.8000 38.8320 64
38.8640 39.3760 63
40.8480 41.0080 63
41.0400 41.0720 62
41.1040 41.2320 61
41.2640 41.3280 62
41.3600 41.4880 63
41.5200 41.6160 62
41.6480 42.2880 61
43.7600 43.9840 56
44.0160 45.4240 55
49.9040 49.9680 59
50.0000 50.0640 61
50.0960 50.1920 62
50.2240 50.8960 63
51.0240 51.1200 62
51.3440 51.8240 63
52.4960 52.5280 60
52.5600 52.6240 61
52.8480 53.1360 63
54.1600 54.4160 66
54.4480 54.5120 67
54.5440 54.6720 68
54.7040 54.7360 67
54.7680 54.8640 66
55.0560 55.2800 59
55.3120 55.6960 58
55.7280 55.9200 57
55.9520 56.3040 58
57.1680 57.6800 59
58.6400 58.9280 59
58.9600 59.0560 58
60.0480 60.4640 56
60.4960 60.5920 57
60.6240 60.8800 58
60.9120 61.1360 59
61.2960 61.4880 63
61.6800 61.9360 66
61.9680 62.0960 67
62.9600 63.0560 66
63.0880 63.1200 67
63.1520 63.3760 68
64.0480 64.4000 66
64.5920 64.6880 66
64.7200 64.7840 67
64.8160 64.9120 68
64.9440 64.9760 67
65.0080 65.0400 66
65.0720 65.1360 65
65.1680 65.2000 64
65.2320 65.6800 63
67.5040 67.6320 63
67.6640 67.7600 64
67.8880 68.3680 63
68.4000 68.4640 64
68.6240 69.0720 66
69.1040 69.2320 68
69.2640 69.3280 67
69.3600 69.8080 66
69.8400 69.9680 68
70.0000 70.0320 69
70.0640 70.2560 70
70.4160 70.5440 70
70.5760 70.6400 71
70.8000 71.0240 70
71.1520 71.3760 71
71.5360 71.7600 73
71.8880 72.0480 73
72.0800 72.2080 75
72.6240 72.9120 73
72.9440 72.9440 71
72.9760 72.9760 69
73.0080 73.0400 67
73.0720 73.2320 66
73.3600 74.0960 66
77.3920 77.6800 59
77.7120 77.7440 58
77.7760 77.8720 57
77.9040 77.9360 58
77.9680 78.0320 59
78.1920 78.3520 58
78.6080 78.6720 63
78.9280 79.7600 61
80.3360 80.4320 61
80.4640 80.5280 62
80.5600 81.4880 63
83.2160 83.5040 59
83.6320 83.6320 67
83.6640 83.7920 69
83.8240 83.8880 71
84.0160 84.2400 70
84.4000 84.4960 66
84.5280 84.5600 65
84.7840 85.3920 61
85.8080 85.9680 60
86.0000 86.0960 61
86.1280 86.1600 60
86.1920 86.3840 59
86.5440 86.7360 61
86.9600 87.1200 64
87.1520 87.2800 66
87.3120 87.4400 63
87.6960 88.2400 63
89.4560 89.7760 56
89.8080 89.8400 57
89.8720 90.1600 58
90.1920 90.5120 59
90.5440 90.5760 62
90.6080 90.8640 63
90.8960 90.8960 65
90.9280 91.0880 67
91.1200 91.3120 68
91.3440 91.4080 67
91.4400 91.4720 66
92.4320 92.7200 56
92.7520 92.7840 57
92.8160 93.1040 58
93.1360 93.2640 59
93.4560 93.4560 61
93.4880 93.8720 63
93.9040 94.0320 64
94.0640 94.2880 66
94.3200 94.4160 65
95.2480 95.5680 56
95.6000 95.6320 57
95.6640 95.8880 58
95.9200 96.3360 59
96.3680 96.4000 62
96.4320 96.7200 63
96.7520 96.8480 66
96.8800 97.1360 67
97.1680 97.5840 66
97.6160 97.6480 67
97.6800 97.8400 68
97.8720 98.1280 70
98.2560 98.3840 69
98.4160 98.5440 71
98.5760 98.9280 70
98.9600 99.1840 71
99.3440 99.5680 73
99.6960 99.7920 71
99.8240 100.5600 70
102.6720 102.8320 61
102.8640 102.8960 62
102.9280 103.2800 63
104.0160 104.5280 63
105.2320 105.3280 61
105.3600 105.3920 62
105.4240 105.8400 63
107.0240 107.1520 66
107.1840 107.3440 68
107.3760 107.4080 67
107.4400 107.6640 66
107.6960 107.6960 64
107.7280 107.7920 61
107.8240 107.9840 59
108.1120 108.6240 58
108.6560 109.1360 59
109.8080 110.4160 59
111.0560 111.2480 58
111.2800 111.8240 59
112.8800 113.2000 56
113.2320 113.5200 58
113.5520 113.9360 59
113.9680 114.1600 63
114.3200 114.6400 66
114.6720 114.9600 68
115.6000 115.7920 66
115.8240 116.1760 68
116.7200 117.3920 66
117.4240 117.5200 68
117.6480 117.8400 66
117.8720 118.7040 63
119.8560 119.9200 58
119.9520 119.9840 61
120.0160 120.4640 64
120.4960 121.0400 63
121.0720 121.2320 64
121.2640 121.7760 66
121.8080 121.9360 68
122.0640 122.5120 66
122.5440 122.7040 68
122.7360 123.2160 70
123.2480 123.4720 71
123.5040 123.8240 70
123.8560 124.2080 71
124.2400 124.7520 73
124.7840 124.9760 75
125.2960 125.6480 72
125.6800 126.7040 66
127.1200 127.4720 60
127.5040 127.7920 70
127.9200 128.1120 70
128.2400 128.4640 66
128.5920 129.6480 61
130.0320 130.2560 61
130.2880 131.9200 63
132.9760 133.2000 59
133.3280 133.3280 66
133.3600 133.4880 69
133.5200 133.6160 71
133.7440 134.0000 70
134.0320 134.0640 67
134.0960 134.3840 66
134.4160 135.1520 61
135.5360 136.2400 59
136.2720 136.6240 61
136.6560 136.8160 64
136.8480 137.0080 66
137.2320 137.3280 67
137.3600 138.0000 62
138.0320 138.3520 63
138.3840 138.4160 62
139.0560 139.1840 55
139.2160 139.5040 56
139.5360 139.5680 57
139.6000 139.8880 58
139.9200 140.2080 59
140.3360 140.5280 63
140.6560 140.7200 67
140.7520 140.8800 66
140.9120 141.0400 68
141.0720 141.2000 67
141.2320 141.4240 68
141.7760 141.8720 66
141.9040 142.0000 67
142.1280 142.4160 68
142.4480 142.4800 69
142.5120 142.6400 71
142.6720 142.7680 73
142.8960 143.0560 68
143.0880 143.2160 70
143.2480 143.3760 68
143.4080 143.4400 67
143.4720 144.2400 66
145.0080 145.4240 56
145.4560 145.9360 58
145.9680 146.0640 59
146.0960 146.1280 62
146.1600 146.4800 63
146.5120 146.6720 66
146.7040 146.8320 68
146.8640 146.8960 67
146.9280 147.3440 66
147.3760 147.4080 67
147.4400 147.6000 68
147.6320 147.6640 69
147.6960 148.1440 70
148.1760 148.3360 71
148.3680 148.6880 70
148.7200 149.0080 71
149.0400 149.0720 72
149.1040 149.2640 73
149.2960 149.9360 70
149.9680 150.0320 71
150.3840 150.7680 66
150.9600 151.0560 73
151.0880 151.4400 75
151.4720 151.5360 74
151.5680 151.8240 73
151.8560 155.2800 71
157.3280 157.5200 71
157.5520 157.6800 70
157.7120 157.8720 71
157.9040 158.0640 70
158.0960 158.3840 66
158.4160 158.8000 67
158.8320 160.2400 68
160.2720 160.3360 71
160.5280 160.9440 68
160.9760 161.3280 70
161.3600 162.3840 71
162.4160 162.8320 72
162.8640 164.2080 73
164.2400 164.2720 72
165.1680 165.4240 59
165.4560 165.5200 58
165.5520 165.7120 57
165.7440 165.8080 59
166.0000 166.1600 58
166.7680 167.6320 61
168.1120 168.2400 61
168.2720 168.3360 62
168.3680 169.1680 63
170.9920 171.1200 58
171.1520 171.2800 59
171.3120 171.5680 57
171.6000 171.6640 59
171.8240 172.0160 58
172.5920 173.1680 61
173.6160 173.7120 59
173.7440 174.1920 60
174.4480 174.5760 61
174.8000 174.8960 64
174.9280 175.0880 66
175.1200 175.1520 64
175.1840 175.2160 63
175.4720 175.8880 63
177.2640 177.5520 56
177.5840 177.6480 57
177.6800 177.9360 58
177.9680 178.2880 59
178.3200 178.3840 62
178.4160 178.7040 63
178.7360 178.9280 67
178.9600 179.1200 68
179.1520 179.2160 67
180.0160 180.0480 57
180.2080 180.5280 56
180.5600 180.6560 57
180.6880 180.8480 58
180.8800 181.1040 59
181.1360 181.2000 61
181.2320 181.2960 62
181.3280 181.6480 63
181.6800 181.7440 64
181.7760 181.8080 65
181.8400 182.0960 66
182.1280 182.1600 65
183.0240 183.4400 56
183.4720 183.7600 58
183.7920 183.9840 59
184.0160 184.1440 60
184.1760 184.4000 63
184.4960 184.5280 65
184.5600 184.7200 66
184.7520 184.8480 68
184.8800 184.9440 67
184.9760 185.4240 66
185.4560 185.6160 68
185.6480 186.1600 70
186.1920 186.4160 71
186.4480 186.7040 70
186.7360 186.9920 71
187.1200 187.2800 73
187.3120 190.2880 70
191.5040 191.7600 59
191.8880 192.0160 69
192.0480 192.1440 71
192.2720 192.4640 70
192.6240 192.8480 66
193.0080 194.0320 61
194.3840 194.5760 62
194.6080 196.5920 63
197.3920 197.5840 59
197.7440 197.7440 67
197.7760 197.9040 69
197.9360 198.0000 71
198.1280 198.3840 70
198.4160 198.4480 67
198.4800 198.7680 66
198.8000 198.8320 62
198.8640 199.5360 61
199.7600 199.8240 60
199.9520 200.6560 59
200.6880 200.9760 61
201.0080 201.0720 62
201.1040 201.1680 64
201.2000 201.5200 66
201.6480 201.7440 68
201.9680 202.0320 63
202.1600 202.3520 61
202.3840 202.8000 63
203.6320 203.9520 56
203.9840 204.2720 58
204.3040 204.6240 59
204.6560 204.6880 62
204.7200 204.9440 63
205.1360 205.2320 67
205.2640 205.9360 68
206.5120 206.8000 68
206.8320 207.0240 71
207.0560 207.1520 73
207.2800 207.4080 68
207.4400 207.6000 70
207.6320 207.7920 68
207.8240 207.9840 67
208.0160 208.6240 66
209.3280 209.7760 56
209.8080 210.3200 58
210.3520 210.4480 59
210.4800 210.8640 63
210.8960 210.9920 66
211.0240 211.2480 68
211.2800 211.7920 66
211.8240 212.0160 68
212.0480 213.0720 70
213.1040 213.4240 71
213.4560 213.6480 73
213.6800 214.4160 70
214.9280 215.1520 59
215.3120 215.4400 69
215.4720 215.6960 71
215.7280 215.9200 70
216.0480 216.3040 66
216.4320 217.4560 61
217.8080 218.0000 62
218.0320 219.8240 63
220.7840 221.0400 59
221.2000 221.2960 70
221.3280 221.5520 71
221.5840 221.7760 70
221.9040 222.0960 66
222.3200 222.3840 68
222.5120 222.5440 71
222.5760 222.8000 72
222.8320 222.9920 73
223.3120 223.4720 72
223.5040 223.6320 73
223.6640 224.0160 71
224.0480 224.3360 73
224.4960 224.7840 76
224.8160 225.0080 78
225.1680 225.3280 74
225.3600 225.7120 75
225.7440 225.8720 73
225.9040 226.2240 71
227.0240 227.1520 70
227.1840 227.4080 71
227.4400 228.0160 70
228.1440 228.2720 66
228.3040 228.5920 67
228.6240 229.2000 68
229.2320 229.2960 67
229.5520 229.7120 66
229.7440 230.2560 68
230.2880 230.4160 71
230.4480 230.5440 73
230.6720 230.8000 68
230.8320 231.0240 70
231.0560 231.1840 68
231.2160 232.0800 66
232.7200 233.2320 56
233.2640 233.7120 58
233.7440 233.9040 59
233.9360 234.2560 63
234.2880 234.4480 66
234.4800 234.5760 68
234.7040 235.1200 66
235.1520 235.3760 68
235.4080 235.8880 70
235.9200 236.0480 71
236.1760 236.4640 70
236.4960 236.8480 71
236.8800 237.0400 73
237.0720 237.7440 70
238.3520 238.5440 66
238.7360 238.8000 73
238.8320 239.1840 75
239.3120 239.5040 73
239.5360 245.1360 71
245.1680 245.2640 70
247.4720 247.5040 69
247.5360 247.6000 70
247.6320 248.6240 71
248.6560 248.7840 70
250.4160 250.5760 70
250.6080 251.5360 71
251.5680 251.6960 70
252.0160 252.1760 71
252.9760 253.3600 66
253.3920 253.5520 70
253.5840 254.5120 71
254.5440 254.6400 70
254.6720 254.7040 67
254.7360 254.8000 66
255.9200 256.2720 66
256.3040 256.4640 70
256.4960 257.3280 71
257.3600 257.4880 72
257.5200 257.7440 73
257.7760 257.8080 74
257.8400 258.0640 75
258.0960 258.2880 74
258.3200 259.6320 75
259.8240 259.8240 74
260.2400 260.3040 71
260.3360 260.4000 73
260.4320 260.4640 74
260.4960 260.6560 75
260.6880 260.8160 77
260.8480 262.0000 78
262.1280 262.3200 70
262.3520 263.2160 71
263.2480 263.3760 78
263.6000 263.9200 74
263.9520 265.8720 75
266.1600 266.3200 73
266.3520 266.4800 71
266.5120 266.7040 73
266.7360 267.6000 71
267.6320 267.7280 68
267.7600 267.7920 67
267.8240 267.8560 66
267.8880 268.3360 64
268.3680 268.5600 66
268.6880 268.9440 67
268.9760 269.6480 66
269.6800 270.3200 63
270.3520 270.6400 61
270.6720 270.8640 60
270.8960 271.6320 61
271.6640 271.7280 60
271.7600 271.9200 59
272.1760 272.3040 59
272.3360 273.1040 61
273.1360 273.2000 60
273.2320 273.4240 59
273.6160 273.7760 59
273.8080 274.2560 61
274.4480 274.5760 61
274.6080 274.8960 59
274.9280 274.9920 61
275.1200 275.4720 66
275.5040 276.1760 63
276.2080 276.4640 61
276.5920 276.7200 60
276.7520 277.1360 61
277.3280 277.3920 62
277.4240 277.5200 61
277.5520 277.7760 59
278.0320 278.0960 59
278.1280 278.1920 60
278.2240 278.6400 61
278.7680 278.8320 62
278.8640 278.9280 61
278.9600 279.0240 60
279.0560 279.2480 59
279.4720 279.5680 59
279.6000 279.6320 60
279.6640 280.0160 61
280.2720 280.2720 64
280.4000 280.4000 68
280.4320 280.4640 70
280.4960 280.5920 71
280.7840 280.9440 71
280.9760 281.2960 72
281.3280 281.6480 71
281.6800 281.7440 70
281.7760 281.8080 68
281.8400 281.8720 63
282.0960 282.2240 61
282.4800 282.8000 61
283.4080 283.6640 59
283.8880 284.0800 59
284.1120 284.4320 61
284.6880 284.7840 61
285.3600 285.6800 66
285.8400 285.9680 63
286.0960 286.2880 66
286.3200 286.3840 68
286.4160 286.4800 70
286.5120 286.6400 66
286.6720 286.9920 68
287.0240 289.0080 66
289.2000 289.3280 66
289.3600 289.4880 65
289.7760 289.9040 59
289.9360 290.3200 61
290.4800 290.6400 61
290.6720 290.9600 59
291.2160 291.3440 59
291.3760 291.6960 61
291.9200 292.1760 61
292.2080 292.6560 59
292.6880 292.7840 61
292.8160 292.9120 60
293.1040 293.2000 62
293.2320 293.7120 63
293.7440 293.8400 62
293.8720 294.0320 61
294.1600 294.3200 60
294.3520 294.7360 61
294.8640 295.0560 61
295.5680 295.6960 59
295.7280 296.2400 61
296.3680 296.4640 61
296.4960 296.8800 59
297.0720 297.1680 59
297.2000 297.9680 61
298.0000 298.2880 59
298.3200 298.4160 60
298.5760 298.8640 66
298.8960 299.6640 63
299.6960 299.8560 61
300.0160 300.1120 60
300.1440 300.5920 61
300.7520 300.8800 61
300.9120 300.9440 60
300.9760 301.1680 59
301.4560 301.5200 59
301.5520 301.5840 60
301.6160 302.0640 61
302.2240 302.3200 61
302.3520 302.3840 60
302.4160 302.7040 59
302.8960 302.9600 59
302.9920 303.5360 61
303.6960 303.7600 61
303.7920 303.9200 60
303.9520 304.1760 59
304.2720 304.4960 60
304.5280 304.9440 61
305.1680 305.2960 61
305.3280 305.3920 60
305.4240 305.6480 59
305.8400 305.9040 59
305.9360 306.7680 61
306.8000 307.1200 59
307.4080 307.8880 61
308.0160 308.2400 61
308.2720 308.5280 59
308.7520 309.3280 61
309.4880 309.6800 61
309.7120 310.4160 59
