17.7440 17.9040 48
18.0640 18.1280 49
18.1600 18.7360 51
18.9280 19.1520 53
19.3440 19.4720 53
19.5040 19.6640 55
19.8240 20.0800 56
20.3040 21.1360 55
21.5520 21.6480 53
21.8720 22.5120 53
25.3280 25.4560 49
25.4880 26.1920 51
26.2240 26.8320 53
26.8640 27.5360 55
27.7280 27.8560 54
27.8880 28.5600 55
29.0720 29.1360 56
29.1680 29.2000 57
29.2320 30.8960 58
32.1440 32.2720 60
32.4320 32.5280 62
32.6560 33.0080 63
33.1360 33.5840 62
33.6160 33.8400 60
33.9680 34.2560 58
34.4480 34.6720 56
34.8960 35.3120 55
35.3440 35.7280 58
35.7600 35.9520 61
35.9840 36.2400 62
36.2720 37.1040 63
37.6800 38.0000 58
38.1920 38.3840 55
38.6080 38.7360 56
38.7680 39.6960 58
39.7280 39.8560 56
40.0160 40.4960 56
40.9440 41.0400 53
41.0720 41.2960 55
41.3280 41.4880 56
41.5200 41.6160 53
41.8720 42.9920 53
46.8960 47.0880 48
47.3440 47.4720 49
47.5040 47.6000 51
47.8880 48.0480 51
48.2400 48.7520 53
48.7840 49.1040 55
49.1360 49.5520 56
49.5840 50.5120 55
50.9920 51.0560 53
51.2800 52.5280 53
54.6720 54.8000 49
54.8320 55.5360 51
55.5680 55.8240 53
55.9840 56.1120 53
56.1440 56.3680 55
56.4000 56.6240 56
56.6560 56.8160 55
57.0080 57.1360 54
57.1680 57.7120 55
58.3200 58.4160 56
58.4480 60.3040 58
61.3280 61.6800 60
61.7120 62.0960 62
62.1280 62.3520 63
62.3840 62.5440 61
62.5760 62.8640 62
62.8960 62.9280 61
62.9600 63.1200 60
63.3440 63.6320 58
63.7600 64.0800 56
64.2720 64.3680 53
64.4000 64.6560 55
64.6880 65.1360 58
65.1680 65.2960 61
65.3280 65.4880 62
65.6800 66.4800 63
67.0240 67.2800 58
67.5360 67.7600 55
67.9200 68.0480 56
68.0800 68.9760 58
69.0080 69.1040 56
69.3280 69.6800 56
70.2240 70.3200 53
70.3520 70.5120 55
70.6400 70.8320 56
70.8640 70.9600 53
71.1520 72.0160 53
72.1440 72.2720 53
73.9040 73.9360 49
73.9680 74.2560 51
74.3840 75.2480 62
75.4080 75.6320 58
75.8240 77.1360 60
77.7760 77.9360 51
77.9680 78.0000 56
78.0320 78.1600 60
78.1920 78.3840 63
78.4160 78.6400 60
78.6720 78.8000 62
78.8320 79.2800 60
79.4400 79.5680 58
79.7600 80.6880 58
81.4240 82.1280 55
82.1600 82.5120 58
82.5440 82.7040 57
82.7360 82.9280 58
83.0560 83.9200 60
84.4000 84.5280 60
84.5600 84.7520 62
84.8800 85.1360 63
85.1680 85.3920 65
85.6160 85.7120 67
85.7440 86.1280 68
86.1600 86.3840 67
86.4160 87.3440 68
87.3760 87.7920 67
87.8240 88.0160 66
88.0480 88.2720 67
88.3040 88.4000 65
88.9760 89.0720 63
89.1040 89.2960 65
89.4240 90.1600 65
90.4480 91.1520 63
91.6640 91.7280 55
91.7600 91.8240 60
91.8560 92.0480 62
92.2080 92.5920 63
92.6240 93.1360 65
93.6160 93.7440 60
93.7760 93.9680 62
94.0000 94.1920 63
94.3520 94.4800 64
94.5120 94.7360 65
94.9600 95.0880 62
95.2800 96.5920 63
98.5760 98.6080 65
98.6400 99.3760 67
99.5680 100.1440 63
100.5280 100.7520 65
100.7840 100.8800 67
101.0720 101.1680 65
101.2000 101.3920 67
101.4240 102.2240 63
102.3840 102.5440 62
102.7360 103.2480 65
103.2800 104.6880 63
118.5440 118.6080 68
124.3040 124.5600 48
124.7520 124.8800 49
124.9120 125.5200 51
125.6800 126.1600 53
126.1920 126.4800 55
126.6080 126.8960 56
127.0560 127.9520 55
128.3680 128.4960 53
128.6880 129.8720 53
132.0480 132.2080 49
132.2400 132.3680 51
132.4960 132.9120 51
132.9440 133.5200 53
133.5520 134.2560 55
134.2880 134.4800 54
134.5120 135.2480 55
135.6960 135.8560 56
135.8880 137.5520 58
138.8640 139.0240 60
139.1520 139.4720 62
139.5040 139.7600 63
139.7920 139.9520 61
139.9840 140.2720 62
140.3040 140.6560 60
140.6880 141.0400 58
141.2000 141.5200 56
141.5520 141.8080 54
141.8400 142.0960 55
142.1280 142.4480 58
142.4800 142.5760 57
142.6080 142.7680 63
142.8000 142.9920 65
143.0240 143.8560 63
143.8880 143.9520 66
144.4000 144.6880 58
144.8480 145.2320 55
145.3600 145.4880 56
145.5200 146.0960 58
146.2560 146.4160 58
146.4480 146.5440 56
146.7360 147.2480 56
147.6320 147.7600 54
147.7920 148.0160 55
148.0480 148.2720 56
148.3040 149.6800 53
151.5040 151.6640 51
151.7600 151.7600 56
151.7920 151.8560 61
151.8880 151.9200 62
151.9520 152.1760 63
152.2080 152.4000 61
152.4320 152.5920 62
152.7200 153.0080 58
153.1680 153.3280 58
153.3600 154.5760 60
155.1520 155.2160 51
155.2480 155.3440 53
155.3760 155.3760 57
155.4080 155.5680 61
155.6000 155.7600 63
155.7920 155.8240 62
155.8560 156.4640 61
156.4960 156.6560 60
156.8160 156.9760 58
157.1040 158.0960 58
158.6400 158.7360 54
158.7680 158.9920 55
159.1200 159.5040 55
159.5360 159.6960 56
159.7280 159.8880 58
159.9200 160.0160 57
160.0480 160.1120 56
160.1440 160.3360 58
160.4640 161.3600 60
161.8080 161.8720 60
161.9040 162.2560 62
162.2880 162.5440 63
162.5760 162.8320 65
163.0560 163.0880 66
163.1200 163.5360 68
163.5680 163.8240 67
163.8560 164.7520 68
164.7840 165.2320 67
165.2640 165.4560 66
165.4880 165.7120 67
165.7440 166.1280 65
166.3840 166.4160 63
166.4480 166.5120 64
166.5440 167.6320 65
167.7920 168.5920 63
169.1040 169.2960 61
169.3280 169.4880 62
169.6160 170.0960 63
170.1280 170.5120 65
170.9600 171.5360 62
171.6640 171.9200 63
171.9520 172.1440 65
172.3680 172.4640 62
172.6880 174.0320 63
176.0800 176.1760 65
176.2080 176.8480 67
177.0080 177.4880 63
177.8400 177.9680 65
178.0960 178.1920 67
178.3520 178.4480 65
178.4800 178.6400 67
178.6720 178.7040 65
178.7360 178.8000 62
178.8320 179.4080 63
179.5680 180.1760 62
180.2080 182.1600 63
183.3120 183.3440 57
183.3760 183.9200 58
183.9520 184.1120 60
184.2720 184.3360 58
184.4640 185.2000 60
185.6160 185.7760 60
185.8080 186.0000 62
186.0320 186.3520 60
186.3840 187.2800 62
187.9840 188.1440 62
188.1760 188.4640 63
188.4960 188.5280 64
188.5600 188.7520 65
188.8800 188.9760 62
189.1360 189.8080 63
190.2240 190.3520 62
190.3840 190.5760 63
190.6080 190.8000 65
190.8320 191.0560 67
191.2160 191.3440 65
191.3760 192.1760 67
192.2080 193.3600 63
193.8720 194.0000 61
194.0320 194.2240 63
194.2560 194.4800 65
194.5120 194.7360 67
194.7680 194.8320 65
194.8640 194.9600 66
194.9920 195.8240 67
196.0160 196.1440 67
196.1760 196.3680 68
196.4000 196.5920 67
196.6240 198.5120 65
200.8480 200.9760 51
201.2640 201.2960 61
201.3280 201.3920 62
201.4240 201.5840 63
201.7760 201.8720 61
201.9040 202.0640 62
202.2560 202.5120 58
202.7040 202.8320 58
202.8640 203.8880 60
205.0720 205.7440 62
205.7760 205.8400 60
206.0640 206.2240 60
206.4160 207.6640 58
208.4000 208.4960 54
208.5280 209.0720 55
209.1040 209.2640 58
209.5520 209.6800 56
209.7120 209.9680 58
210.0000 210.0960 60
210.2880 210.8640 60
211.2800 211.3760 57
211.4080 211.4400 60
211.4720 212.0480 62
212.0800 212.3680 65
212.5600 213.1040 68
213.1360 213.3920 66
213.4240 214.5440 68
214.5760 214.8000 70
214.8320 215.0240 65
215.0560 215.2800 67
215.3120 215.5680 65
215.8240 215.8560 60
215.8880 216.0160 63
216.0480 216.4640 65
216.4960 216.5920 67
216.6240 217.1040 65
217.2320 218.2240 63
218.6720 218.7360 61
218.7680 219.5040 63
219.5360 220.2400 65
220.8800 220.9120 60
220.9440 221.1680 62
221.2000 221.3920 63
221.4240 221.7760 65
221.8080 221.9040 67
221.9360 222.1280 68
222.1600 222.3520 67
222.3840 222.5440 64
222.5760 223.0240 65
223.0560 225.1360 63
227.3440 227.4080 66
227.4400 227.5680 67
227.6000 227.7280 68
227.8880 228.0160 65
228.0480 228.2080 67
228.3680 229.0720 63
229.2640 229.3920 65
229.5200 229.6800 67
229.7120 229.9040 66
229.9360 230.0960 67
230.3200 231.6000 63
234.2560 234.2880 60
234.3200 234.3840 61
234.4160 234.6080 62
234.8320 234.9600 62
234.9920 237.4240 63
