7.9200 8.0800 59
8.1120 8.3680 61
8.4000 8.4960 59
8.6560 8.7520 66
8.7840 8.9760 68
9.1360 9.2320 67
9.2640 9.4560 68
9.6480 9.7760 67
9.8080 10.0320 68
10.0640 10.3200 67
10.3520 10.4480 66
10.4800 10.5120 65
10.5440 10.5760 64
10.7360 10.8000 67
10.8320 10.9920 68
11.2160 11.3120 66
11.3440 11.5680 68
11.7600 11.8560 67
11.8880 12.1120 68
12.1440 12.3360 67
12.3680 12.4960 66
12.5280 12.6560 65
12.7840 13.0400 67
13.2640 13.3600 67
13.3920 13.6160 68
13.7440 13.8080 68
13.8400 14.0000 67
14.0320 14.7040 65
14.7360 14.8960 67
14.9280 14.9920 66
34.4160 34.4800 57
34.5120 34.8320 59
34.8640 35.3440 61
35.3760 35.5680 68
35.6000 35.6640 67
36.2400 36.3040 58
36.3360 36.8160 59
36.8480 36.8480 63
36.8800 36.9120 66
36.9440 36.9760 67
37.0080 37.0720 68
37.2320 37.2960 67
37.3280 37.6480 66
38.8960 38.9280 57
38.9600 39.1520 59
39.1840 39.3120 61
39.3440 39.5680 64
39.6000 39.8560 61
39.8880 40.0800 64
40.1120 40.2080 60
40.2400 40.3680 61
40.4000 40.4960 64
40.5280 40.5920 63
40.7520 40.8800 58
40.9120 40.9760 59
41.0080 41.3600 61
41.3920 41.5840 59
42.3840 42.5120 57
42.5440 42.7040 59
42.8640 43.1840 61
43.3760 43.6000 68
43.6320 43.6960 67
44.4000 44.6880 59
44.8480 44.9440 66
44.9760 45.2640 68
45.2960 45.5520 66
46.8320 46.9280 56
46.9600 47.1840 59
47.2160 47.2800 61
47.3120 47.3440 63
47.3760 47.5040 64
47.5360 47.5680 63
47.6000 47.6320 62
47.6640 47.8240 61
47.8560 48.0480 64
48.0800 48.3360 61
48.3680 48.4320 63
48.4640 48.6240 64
48.8800 48.9120 66
48.9440 48.9760 67
49.0080 49.0720 68
49.2000 49.6160 66
50.3520 50.4160 62
50.4480 50.5760 63
50.6080 50.7360 64
50.7680 51.2160 63
51.3440 51.4080 62
51.4400 51.4720 63
51.5040 51.6320 64
51.6640 51.8240 61
51.8560 51.8880 63
51.9200 52.1120 64
52.1440 52.3360 61
52.3680 52.4320 64
52.4640 52.4960 63
52.5280 52.5600 62
52.8480 52.8800 62
52.9120 52.9760 65
53.0080 53.2640 66
53.2960 53.6160 63
53.6480 53.8400 59
53.8720 53.9040 62
53.9360 54.0960 63
54.1280 54.3200 59
54.3520 54.4480 62
54.4800 54.5760 63
54.7360 54.8960 63
54.9280 54.9600 65
54.9920 55.4080 66
55.4400 55.5360 64
55.5680 55.6000 63
55.6320 55.8240 62
55.8560 55.9840 64
56.0160 56.0480 63
56.2080 56.2720 61
56.4320 56.5600 64
56.5920 56.6560 62
56.7840 56.9440 59
56.9760 57.2000 60
57.2320 57.3280 59
58.4480 58.4480 55
58.4800 58.6400 58
58.6720 58.8640 59
58.8960 59.2160 61
59.2480 59.3760 60
59.4080 59.4400 62
59.4720 59.6960 63
59.7280 59.8240 61
59.8560 60.0480 64
60.0800 60.1120 63
60.1440 60.3360 61
60.3680 60.4000 63
60.4320 60.6240 64
60.6560 60.7840 63
60.8160 60.9120 64
60.9440 61.0400 67
61.0720 61.2320 68
61.2640 61.4560 67
61.4880 61.6480 66
61.6800 61.8400 64
61.8720 62.0960 66
62.1280 62.3840 64
62.4160 62.5760 66
62.8640 62.8960 65
62.9280 62.9920 67
63.0240 63.2480 68
63.3760 63.4400 67
63.4720 63.6000 66
63.6320 63.7600 64
63.8880 64.1120 66
64.1440 64.2720 63
64.3040 64.3360 64
64.3680 64.6240 66
64.6560 64.9760 67
65.0080 65.2000 68
65.2320 65.2960 67
65.3280 65.4880 66
65.5200 65.6800 65
65.9040 66.0000 67
66.0320 66.2240 68
66.2560 66.2880 67
66.3200 66.3520 66
66.7360 66.8640 59
66.8960 67.0880 61
67.1200 67.1520 60
67.1840 67.2160 59
67.3760 67.4080 66
67.4400 67.4720 67
67.5040 67.6960 68
67.7280 67.8240 70
67.8560 67.9520 67
67.9840 68.1760 68
68.2080 68.4640 67
68.4960 68.7200 68
68.7520 68.9440 67
68.9760 69.1040 66
69.1360 69.1680 63
69.2000 69.2320 62
69.4560 69.4880 67
69.5200 69.7760 68
69.8080 69.9360 67
69.9680 70.2240 68
70.3840 70.4480 67
70.4800 70.8960 68
70.9280 70.9920 67
71.0240 71.1520 66
71.1840 71.3440 64
71.3760 71.6960 66
71.7280 71.9840 67
72.0160 72.2400 68
72.2720 72.4320 67
72.4640 72.5920 66
72.6240 72.8800 64
72.9120 72.9760 65
73.1360 73.2640 65
73.2960 73.4560 66
73.4880 73.6160 65
73.6480 73.7120 63
74.7360 74.8320 59
74.8640 75.0880 61
75.1200 75.2160 60
75.3760 75.4720 66
75.5040 75.7280 68
75.8240 75.9200 67
75.9520 76.2080 68
76.3360 76.4320 67
76.4640 76.7200 68
76.7520 77.0080 67
77.0400 77.1360 66
77.1680 77.2000 64
77.3920 77.4560 66
77.4880 77.6480 68
77.6800 77.7120 67
77.8720 77.9680 67
78.0000 78.2240 68
78.3520 78.4800 67
78.5120 78.8960 68
78.9280 78.9600 67
78.9920 79.0880 66
79.1200 79.3760 64
79.4080 79.4720 65
79.5040 79.8560 66
80.3360 80.3680 66
80.4000 80.4960 67
80.5280 81.0400 68
81.0720 81.1040 67
81.1360 81.6160 66
81.6480 81.6800 65
81.7120 81.7440 63
82.1600 82.3200 59
82.3520 82.3520 61
82.3840 82.7360 66
82.8640 82.9600 66
82.9920 83.1200 68
83.1520 83.1520 66
83.1840 83.2800 64
83.4080 83.4720 65
83.5040 83.6320 66
83.6640 84.4960 64
95.4080 95.4720 59
96.6880 96.7520 62
97.1040 97.1680 61
98.3520 98.4800 58
98.5120 98.8640 59
98.8960 99.3120 61
99.3440 99.3440 64
99.3760 99.5360 68
99.5680 99.6320 67
99.6640 99.6960 66
100.2720 100.3040 58
100.3360 100.7200 59
100.8480 101.0080 68
101.0400 101.1040 67
101.2640 101.6480 66
102.4800 102.6080 61
102.6400 102.6400 59
102.7040 102.8320 57
102.8640 102.9280 56
102.9600 102.9920 58
103.0240 103.2800 59
103.3120 103.3440 62
103.3760 103.5360 64
103.5680 103.5680 62
103.6960 103.8560 61
103.8880 104.0800 64
104.1120 104.1440 62
104.1760 104.3680 61
104.4000 104.5600 64
104.5920 104.6560 63
104.8160 104.8800 58
104.9120 105.0400 59
105.0720 105.1360 61
105.2640 105.5840 59
106.3840 106.4480 57
106.4800 106.5120 58
106.5440 106.8640 59
106.8960 107.2800 61
107.3120 107.3120 63
107.3440 107.6000 68
107.6320 107.6640 67
108.3680 108.6560 59
108.8480 109.0400 68
109.1680 109.7120 66
110.8640 111.1520 59
111.1840 111.4720 61
111.5040 111.6320 64
111.6640 111.8240 61
111.8560 112.0480 64
112.0800 112.0800 62
112.2080 112.3360 60
112.3680 112.8160 64
112.8480 113.1040 68
113.2320 113.7120 66
113.7440 113.8080 64
113.8400 114.1920 61
114.3200 114.4800 62
114.5120 114.7680 64
114.8000 115.1840 63
115.3440 115.4080 62
115.4400 115.6320 64
115.6640 115.8240 61
115.8560 116.1120 64
116.1440 116.3360 61
116.3680 116.4960 64
116.5280 116.5600 62
116.8480 116.9120 62
116.9440 117.2640 66
117.2960 117.5840 63
117.6160 117.8400 59
117.8720 117.8720 61
117.9040 118.0640 63
118.0960 118.3200 59
118.3520 118.5760 62
118.7360 118.8960 63
118.9280 119.4080 66
119.4400 119.6000 64
119.7920 119.8240 62
119.8560 120.0480 64
120.2080 120.2720 61
120.4320 120.6240 64
120.6560 120.6560 62
120.8160 121.0080 59
121.0400 121.1040 61
121.1360 121.4240 59
122.4160 122.4800 56
122.5120 122.6400 58
122.6720 122.8640 59
122.8960 123.2160 61
123.2480 123.3760 60
123.4080 123.4400 62
123.4720 123.6960 63
123.7280 123.8240 61
123.8560 124.0480 64
124.0800 124.1120 63
124.1440 124.3360 61
124.3680 124.4000 63
124.4320 124.6240 64
124.6560 124.7200 63
124.7840 124.9120 64
124.9440 125.0400 67
125.0720 125.2320 68
125.2640 125.4560 67
125.4880 125.6480 66
125.6800 125.7760 64
125.9040 126.0960 66
126.1280 126.3200 64
126.3520 126.3840 65
126.4160 126.5760 66
126.8640 126.8960 65
126.9280 126.9920 67
127.0240 127.2480 68
127.3760 127.4400 67
127.4720 127.6000 66
127.8880 128.1120 66
128.1440 128.2720 63
128.3040 128.3360 64
128.3680 128.6240 66
128.6560 128.9760 67
129.0080 129.2000 68
129.2320 129.3280 67
129.3600 129.4880 66
129.5200 129.7120 65
129.9680 130.0000 63
130.4160 130.5440 62
130.5760 130.6400 64
130.6720 130.8320 59
130.8640 131.1200 61
131.1520 131.2160 59
131.3760 131.4080 66
131.4400 131.4720 67
131.5040 131.7280 68
131.7600 131.8240 70
131.8560 131.9520 67
131.9840 132.2080 68
132.3360 132.4640 67
132.4960 132.7200 68
132.7520 132.9440 67
132.9760 133.1040 66
133.1360 133.1680 63
133.4560 133.5200 67
133.5520 133.7760 68
133.8080 133.9360 67
133.9680 134.2560 68
134.2880 134.4800 67
134.5120 134.8320 68
134.8640 134.9920 67
135.0240 135.1520 66
135.1840 135.2480 64
135.2800 135.3440 63
135.3760 135.7280 66
135.8560 135.8880 66
135.9200 135.9840 67
136.0160 136.2400 68
136.2720 136.4320 67
136.4640 136.5920 66
136.6240 136.8800 64
136.9120 136.9760 65
137.1360 137.2640 65
137.2960 137.4560 66
137.4880 137.6160 65
138.7040 138.7360 58
138.7680 138.8320 59
138.8640 139.1200 61
139.1520 139.2160 59
139.3760 139.4720 66
139.5040 139.7600 68
139.7920 139.9200 67
139.9520 140.2080 68
140.3360 140.4640 67
140.4960 140.7200 68
140.7520 141.0080 67
141.0400 141.1360 66
141.1680 141.2000 64
141.3920 141.4240 66
141.4560 141.4880 67
141.5200 141.7120 68
141.8400 141.9680 67
142.0000 142.2560 68
142.3520 142.8960 68
142.9280 142.9600 67
142.9920 143.0880 66
143.1200 143.4080 64
143.4400 143.4720 65
143.5040 143.8560 66
144.3360 144.3680 66
144.4000 144.4960 67
144.5280 145.1040 68
145.1360 145.6800 66
145.7120 145.7440 63
146.0640 146.1600 58
146.1920 146.3200 59
146.3520 146.3520 61
146.3840 146.7040 66
146.8640 146.8960 66
146.9280 146.9600 67
146.9920 147.1200 68
147.1520 147.1840 65
147.2160 147.2800 64
147.4080 147.4720 65
147.5040 147.6640 66
147.6960 148.9120 64
148.9440 149.0720 65
149.1040 149.2320 64
149.2640 149.2960 63
149.8400 150.0000 61
150.0320 150.2880 58
150.3200 150.3200 60
150.3520 150.3520 63
150.3840 150.8000 66
150.8320 150.9600 67
150.9920 151.1200 68
151.1520 151.2160 65
151.3440 151.4720 65
151.5040 152.5600 66
152.5920 152.6240 67
152.6560 152.8480 68
152.8800 152.9440 65
152.9760 153.1360 66
153.1680 154.2240 65
154.7360 154.8640 61
154.8960 155.1200 63
155.1520 155.1840 62
155.4080 155.5040 69
155.5360 156.2080 70
156.2400 156.4640 69
156.4960 156.7840 70
156.8160 156.9440 69
156.9760 157.0720 68
157.1040 157.1680 67
157.3920 157.4560 67
157.6800 157.7440 72
157.8720 157.9040 68
157.9360 158.0000 69
158.0320 158.2560 70
158.3840 158.4800 69
158.5120 158.9280 70
158.9600 159.9840 68
160.0160 160.4000 70
160.4320 160.6240 68
160.6560 161.0080 66
161.1680 161.2960 67
161.3280 161.4880 68
161.5200 161.7440 67
161.9040 162.0320 75
162.3520 162.4160 75
162.7040 162.7360 60
162.7680 162.8960 61
162.9280 163.0880 63
163.1200 163.1840 62
163.3760 163.4080 68
163.4400 164.2400 70
164.3680 164.4000 68
164.4320 164.4960 69
164.5280 164.8160 70
164.8480 164.9440 69
164.9760 165.1360 68
165.1680 165.2000 66
165.3920 165.4240 68
165.4560 166.2240 70
166.3520 166.4800 69
166.5120 166.8960 70
166.9280 167.0240 68
167.1840 167.4080 66
167.4400 167.7600 68
168.3360 168.4960 68
168.5280 169.1040 70
169.1360 169.7120 68
170.1280 170.3200 61
170.3520 170.9600 68
170.9920 171.1520 70
171.1840 171.4080 66
171.4400 171.5040 67
171.5360 171.6960 68
171.7280 173.1680 66
173.3600 173.3600 61
173.4240 173.7120 64
174.1280 174.3200 61
174.3520 174.3840 67
174.4160 174.9600 68
174.9920 175.1200 70
175.1520 175.1840 68
175.2160 175.2160 66
175.4080 175.5040 67
175.5360 175.6640 68
175.6960 177.1360 66
177.1680 177.2000 65
178.7680 178.9920 62
179.0240 179.0880 61
179.1200 179.3440 60
179.3760 179.9840 61
181.9040 182.1280 59
183.6960 183.8240 57
183.8560 183.9520 58
183.9840 184.1120 59
