5.4240 5.8400 61
34.0000 34.2240 56
34.2560 34.4160 57
34.7040 34.7360 56
34.7680 35.0240 57
35.0560 35.0560 55
35.0880 35.1520 53
35.1840 35.7280 54
35.7600 35.8560 57
36.3680 37.5200 59
37.5520 37.7760 57
37.9040 38.1280 59
38.1600 38.1920 58
38.6080 39.0560 62
39.0880 39.1520 61
39.1840 39.2160 60
39.2480 39.2800 59
39.4080 39.4720 65
39.5040 39.5680 64
39.7280 40.0480 62
40.0800 40.4320 59
40.4640 40.5280 58
40.5600 40.8480 57
40.8800 40.9120 55
40.9440 41.1040 54
41.2960 41.5200 54
41.5520 41.8080 57
41.8400 41.9360 56
41.9680 42.0320 58
42.0640 42.1600 56
42.1920 42.4160 57
43.3120 43.4080 58
43.4400 44.3040 59
44.3360 44.4000 57
44.4320 44.6560 58
44.8160 44.8480 58
44.8800 45.0720 59
45.1040 45.1360 58
45.5200 46.2240 62
46.4800 46.9280 59
47.0560 47.0880 61
47.1200 47.4080 62
47.8560 48.3040 64
48.3360 48.4320 62
48.5920 48.8160 64
48.9440 49.2000 66
49.3920 49.6800 69
49.8400 50.0000 66
50.0320 50.1600 67
50.1920 50.2560 66
50.2880 50.3200 64
50.3520 50.6720 62
50.7040 50.9600 64
50.9920 51.0880 63
51.1200 51.1840 65
51.2160 51.3120 62
51.3440 51.4400 64
51.4720 51.6000 62
51.6320 51.6960 63
51.7280 51.8240 61
52.4320 52.4640 62
52.4960 52.5600 63
52.5920 52.8480 65
52.8800 53.3600 69
53.3920 53.4880 70
53.5200 53.6160 69
53.6480 53.6800 67
53.7120 54.4160 69
54.7360 54.7680 63
54.8000 54.8960 64
54.9280 55.0240 66
55.0560 55.0560 68
55.0880 55.3760 71
55.5680 55.9520 71
55.9840 56.6880 69
56.7200 56.7520 68
57.0080 57.0080 60
57.0400 57.0400 63
57.0720 57.7760 66
57.8080 57.9040 68
57.9360 58.0320 67
58.1920 58.2560 67
58.2880 58.5440 66
58.5760 58.6720 64
58.7040 58.8320 65
58.9920 59.0880 62
59.1200 59.2160 63
59.2480 59.3440 62
59.3760 59.4080 63
59.4400 59.8240 64
59.8560 60.1760 66
60.2080 60.3040 64
60.3360 60.4000 67
60.4320 60.4320 65
60.4640 60.5920 63
60.6240 60.6560 65
60.6880 60.7520 63
61.6160 61.7120 61
61.7440 61.7760 64
61.8080 61.8720 65
61.9040 62.0000 61
62.0320 62.0640 64
62.0960 62.2560 65
62.2880 62.3520 64
62.3840 63.6000 66
63.8880 63.8880 62
63.9200 63.9520 64
63.9840 63.9840 62
64.1440 64.1440 62
64.1760 64.4640 64
64.4960 64.5600 65
64.5920 64.6240 66
64.6560 64.7520 67
64.7840 65.0720 64
65.1040 65.2000 65
65.2320 65.2960 64
65.5200 65.8400 61
66.1920 66.3200 58
66.3520 66.6080 59
66.6400 66.7040 58
66.7360 66.8640 57
66.9920 67.1840 59
67.3440 67.6640 64
67.6960 68.0480 62
68.0800 68.4960 59
68.5280 68.5920 60
68.6240 68.6560 58
68.6880 68.7520 57
68.7840 68.9120 56
68.9440 69.0080 55
69.0400 69.1040 57
69.1360 69.5200 56
70.2560 70.5760 57
70.6080 70.6720 56
70.8640 71.5040 54
71.6320 71.6960 57
71.7280 71.8560 54
71.8880 71.9520 53
71.9840 72.2080 55
72.2400 72.3680 54
72.7200 72.7840 50
72.8160 72.8160 52
72.8480 72.9760 56
73.1360 73.2000 58
73.2320 73.3280 59
73.5520 73.8400 62
73.8720 74.2240 59
74.2560 74.3840 58
74.4160 74.4800 57
74.5120 74.5760 55
74.6080 74.8640 54
74.8960 74.9920 55
75.0240 75.1840 56
75.2160 75.2800 57
75.7920 75.9520 62
75.9840 76.0480 64
76.0800 76.2080 63
76.2400 76.5280 65
76.5600 76.6240 67
76.6560 76.8160 66
77.0400 77.1360 60
77.1680 77.2000 63
77.2320 77.4880 64
77.5200 77.5840 63
77.6160 77.7760 62
77.8080 77.8400 60
77.8720 78.4160 59
78.4480 78.7360 62
78.7680 78.8320 60
78.8640 78.9600 62
78.9920 79.0880 60
79.1200 79.1840 62
79.2160 79.3120 61
79.3440 79.4080 63
79.4400 79.5360 60
79.5680 79.6640 62
79.6960 79.7920 61
79.8240 79.9200 62
79.9520 80.0480 60
80.0800 80.1760 63
80.2080 80.3360 60
80.3680 80.4640 62
80.4960 80.6240 61
80.6560 80.7520 63
80.7840 80.9120 60
80.9440 81.0080 63
81.0400 81.1360 60
81.1680 81.2960 62
81.3280 81.4560 59
98.4160 98.4800 58
98.5120 98.5440 57
98.9600 99.4720 57
99.5040 99.5360 55
99.5680 100.1760 54
100.6880 100.9760 57
101.0080 101.1360 58
101.1680 101.6800 59
101.8720 101.8720 57
101.9040 101.9360 59
101.9680 102.4160 57
102.4480 102.5120 58
102.5440 102.6720 59
103.0240 103.2480 62
103.4080 103.5360 63
103.5680 103.7600 59
103.7920 103.7920 62
103.8240 103.9520 64
103.9840 104.0800 63
104.1120 104.4640 62
104.4960 104.5280 60
104.5600 104.8480 59
104.8800 105.2000 57
105.2320 105.3280 58
105.3600 105.6800 55
105.7120 105.7760 58
105.8080 106.2240 56
106.2560 106.3200 58
106.3520 106.6720 57
106.7040 106.8000 58
107.5680 107.8880 57
107.9200 108.0480 58
108.0800 108.2080 59
108.4320 108.6560 59
108.6880 108.7520 56
108.7840 109.0400 57
109.0720 109.1360 58
109.1680 109.4560 59
109.7760 110.6080 62
110.8320 110.8320 60
110.8640 111.0880 62
111.1200 111.6000 59
111.6320 111.7600 61
111.7920 111.8880 60
112.2080 112.3360 62
112.3680 112.4960 64
112.5280 112.5920 62
112.6240 112.7200 64
112.7520 112.9120 62
112.9440 113.0080 63
113.0400 113.2000 64
113.3280 113.3600 65
113.3920 113.4560 67
113.4880 113.6160 66
113.6480 113.7440 67
113.7760 113.8400 70
113.8720 114.0960 69
114.1280 114.4160 67
114.5760 114.6400 67
114.6720 114.8000 64
114.8320 114.8960 62
114.9280 114.9920 64
115.0240 115.1200 62
115.1520 115.2160 65
115.2480 115.3440 63
115.3760 115.4400 64
115.4720 115.5680 62
115.6000 115.6640 65
115.6960 115.6960 63
115.7280 115.7920 61
115.8240 115.9200 64
115.9520 115.9840 62
116.0160 116.0480 60
117.1680 118.2560 69
118.3840 118.7040 69
119.2160 119.2480 66
119.2800 119.4400 67
119.4720 119.7600 71
119.9520 120.3040 71
120.3360 120.4000 74
120.4320 120.4640 71
120.4960 120.5280 70
120.5600 120.9120 69
121.0080 121.1360 62
121.3920 121.3920 62
121.4240 121.4880 64
121.6480 122.0960 66
122.1280 122.2880 69
122.3200 122.4160 67
122.4480 122.4480 65
122.5440 122.9280 66
122.9600 123.3120 64
123.3440 123.5040 62
123.5360 123.6320 64
123.7600 123.7920 65
123.8240 124.1760 66
124.2080 124.2720 65
124.3040 124.3680 67
124.4000 124.4960 65
124.5280 124.5920 67
124.6240 124.6240 65
124.6560 124.7200 63
124.7520 124.8480 66
124.8800 125.0080 63
125.0400 125.1040 66
125.1360 125.2000 63
126.0640 126.0960 59
126.1280 126.1280 61
126.1600 126.2240 63
126.2560 126.2880 62
126.4160 126.4480 63
126.4800 126.5440 64
126.5760 127.9840 66
128.3360 128.4000 61
128.6240 128.8800 64
128.9120 128.9760 66
129.1680 129.2320 65
129.2640 129.4560 64
129.8720 129.9040 61
129.9360 130.0640 62
130.0960 130.1600 61
130.6080 130.6400 58
130.6720 130.8000 59
130.8320 130.9280 58
130.9600 131.0240 60
131.1840 131.3120 57
131.3440 131.5360 59
131.7920 132.1440 64
132.1760 132.4640 62
132.4960 133.0080 59
133.0400 133.2960 56
133.3280 133.3920 57
133.4240 133.5200 56
133.5520 133.6160 58
133.6480 133.7120 57
133.7440 133.8080 58
134.5760 134.6080 55
134.6400 134.7040 56
134.7360 134.7680 57
134.8000 134.8640 58
134.8960 135.0560 56
135.0880 135.6960 54
135.7280 135.8880 53
135.9200 136.0160 54
136.0480 136.1120 53
136.1440 136.2080 54
136.2400 136.3040 53
136.3360 136.4640 54
136.4960 136.5920 55
137.0720 137.2000 54
137.2320 137.3600 57
137.5200 137.5520 55
137.5840 137.6480 57
137.6800 137.8720 59
137.9040 138.2240 62
138.2560 138.4160 59
138.4480 138.5440 61
138.5760 138.7680 59
138.8000 138.8640 57
138.8960 138.9600 54
138.9920 139.1200 53
139.1520 139.3440 54
139.3760 139.5360 56
139.5680 139.6640 57
140.2080 140.4640 62
140.4960 140.5600 63
140.5920 140.6880 64
140.7200 140.7840 65
140.9440 141.0080 65
141.0400 141.1040 64
141.1360 141.2640 65
141.2960 141.7120 64
141.7440 141.8080 63
141.8400 142.1600 62
142.1920 142.2560 59
142.2880 142.3840 58
142.4160 142.4800 59
142.6720 142.7360 65
142.7680 142.8000 64
142.8320 143.1200 63
143.1520 143.5680 62
143.6000 143.6960 63
143.7280 143.8240 61
143.8560 143.9200 63
143.9520 144.0800 61
144.1120 144.2080 63
144.2400 144.3360 60
144.4640 144.5280 60
162.7360 162.8960 56
162.9280 163.6960 57
163.7280 163.7920 56
163.8240 163.8880 53
163.9200 164.1440 54
164.2720 164.4640 54
164.4960 164.5920 57
165.1040 165.2960 59
165.3280 165.5520 58
165.5840 165.6480 59
165.6800 165.7440 58
165.7760 166.2560 59
166.2880 166.4480 57
166.6400 166.9280 58
167.3440 167.6000 62
167.7280 167.8240 62
167.8560 167.8880 61
167.9200 168.0160 60
168.1760 168.3040 65
168.4960 168.7840 62
168.8160 168.9760 60
169.0080 169.2000 59
169.2320 169.2640 58
169.2960 169.4880 57
169.5200 169.6160 59
169.6480 169.6800 56
169.7120 169.8080 54
170.0320 170.2560 54
170.2880 170.3840 57
170.4160 170.5760 56
170.6080 170.6720 55
170.7040 170.8000 57
170.8320 170.9280 56
170.9600 171.0560 58
172.0480 172.0800 58
172.1120 172.2400 59
172.2720 172.3360 58
172.3680 173.0080 59
173.0400 173.0720 58
173.1040 173.2320 57
173.2640 173.3920 58
173.5520 173.5840 58
173.6160 173.8080 59
173.8400 173.8720 58
174.2880 174.6720 62
174.7040 174.7680 61
174.8000 174.8640 63
174.8960 175.0240 61
175.0560 175.1520 64
175.1840 175.1840 62
175.2160 175.7600 59
175.7920 175.9200 61
175.9520 176.0800 62
176.1120 176.1440 61
176.5600 176.6240 66
176.6560 176.6880 65
176.7200 177.0400 64
177.0720 177.2000 62
177.3600 177.3920 63
177.4240 177.6480 64
177.6800 177.9360 66
177.9680 177.9680 64
178.1600 178.2240 70
178.2560 178.4160 69
178.5760 178.6400 67
178.6720 178.7360 66
178.7680 178.8320 67
178.8640 178.9920 66
179.0240 179.0880 63
179.1200 179.4080 62
179.4400 179.6000 64
179.6320 179.6960 65
179.7280 179.8240 63
179.8560 179.9200 65
179.9520 180.0800 62
180.1120 180.1760 63
180.2080 180.2720 62
180.3040 180.3360 61
180.4960 180.5600 61
181.1680 181.2000 62
181.2320 181.3280 63
181.3600 181.5200 65
181.6800 182.1920 69
182.2240 182.3520 67
182.3840 182.6080 69
183.1200 183.4080 69
183.4400 183.4400 66
183.4720 183.5680 64
183.6000 183.6640 65
183.6960 183.8560 66
183.8880 184.1440 71
184.2720 184.7200 71
184.7520 185.3920 69
185.7440 185.7760 61
185.8080 185.8080 63
185.8400 186.3200 66
186.3520 186.4160 68
186.4480 186.5120 67
186.5440 186.6400 68
186.6720 186.9280 67
186.9600 187.1200 66
187.3440 187.4080 64
187.4400 187.5040 65
187.5360 187.6000 64
187.7280 187.8560 62
187.8880 187.9840 64
188.1760 188.5280 64
189.2640 189.3280 65
189.3600 189.4240 67
189.4560 189.4560 65
189.4880 189.4880 63
190.3200 190.5120 62
190.5440 190.6080 65
190.6400 190.6400 62
190.6720 190.7360 59
190.7680 190.8000 63
190.8320 190.8640 64
190.8960 191.0880 65
191.1200 191.3440 66
191.3760 191.4400 65
191.4720 192.2720 66
192.6880 192.7520 63
192.8800 192.8800 61
192.9120 193.2320 64
193.2640 193.2960 63
193.4560 193.5200 65
193.5520 193.7440 64
195.4080 195.4720 58
195.5040 195.6000 57
195.7600 195.9200 59
196.1120 196.4000 64
196.5280 196.7840 62
196.8160 196.9760 59
197.0080 197.1040 61
197.1360 197.2640 59
197.2960 197.4240 58
197.4560 197.4880 57
197.5200 197.5840 56
197.6160 197.6800 57
197.7120 197.7760 56
197.8080 197.8720 58
197.9040 197.9360 56
197.9680 198.0000 55
198.9920 199.0240 56
199.0560 199.1520 57
199.1840 199.2480 58
199.2800 199.3440 57
199.3760 199.4080 56
199.6000 199.6640 55
199.6960 199.7600 54
199.7920 200.0160 55
200.0480 200.2080 54
200.4000 200.4640 55
200.4960 200.7520 54
200.8160 201.1040 54
201.5520 201.5520 51
201.5840 201.5840 54
201.6160 201.7440 57
201.8720 202.0960 59
202.2880 202.5760 62
202.6080 202.8000 59
202.8320 202.8960 60
202.9280 203.0560 59
203.0880 203.1200 58
203.1520 203.2480 57
203.2800 203.3760 54
203.5040 203.6320 54
203.6640 203.7600 55
203.7920 204.0480 57
204.5600 204.6240 62
204.6560 204.7200 63
204.7520 204.8800 65
204.9120 205.0400 64
205.0720 205.1360 65
205.1680 205.2640 64
205.2960 205.6160 66
205.8080 205.8080 72
205.9040 206.0640 64
206.0960 206.1600 65
206.1920 206.2560 64
206.2880 206.3200 63
206.3520 206.5120 62
206.5440 206.5760 60
206.6080 207.0560 59
207.2160 207.2800 63
207.3120 207.5040 62
207.5360 207.6000 60
207.6320 207.6960 62
207.7280 207.8240 61
207.8560 207.9200 62
207.9520 208.0480 61
208.0800 208.1760 62
208.2080 208.3040 61
208.3360 208.4320 62
208.4640 208.5280 60
208.5600 208.6560 63
208.6880 208.8160 60
208.8480 208.9440 63
208.9760 209.0720 60
209.1040 209.2320 63
209.2640 209.3600 60
209.3920 209.4880 63
209.5200 209.5200 61
209.5520 209.6480 59
209.6800 209.7760 62
209.8080 209.9360 60
209.9680 210.0640 62
210.0960 210.0960 60
210.1280 210.4480 59
