31.4080 31.4400 63
31.4720 31.5040 64
31.5360 31.6960 65
31.8880 31.9520 65
32.1760 32.2720 62
32.3040 32.4640 61
32.7200 32.8480 62
32.8800 33.2640 63
33.4240 33.5200 63
34.3200 34.6080 61
34.6400 34.7360 62
34.7680 34.9280 63
35.1840 35.4400 63
35.4720 35.5680 62
35.6000 35.8880 61
35.9200 35.9520 60
36.0800 36.3680 58
37.5840 37.8720 58
37.9040 37.9680 59
38.0000 38.0320 60
38.0640 38.5440 61
39.3760 39.6960 59
39.7280 39.7920 61
39.8240 40.4320 62
41.3600 41.4560 59
41.6160 41.7120 60
41.7440 42.2240 61
42.3520 42.6720 61
42.7040 42.7680 62
42.8000 42.9920 63
43.4080 43.8240 60
45.5520 45.6480 63
45.6800 45.7120 64
45.7440 46.3520 65
46.5440 46.7040 62
46.9600 47.0560 62
47.0880 47.2480 63
47.3760 47.5360 63
47.6960 47.8880 62
48.5600 48.6880 62
48.8160 48.9120 62
48.9440 49.3920 63
49.5200 49.7440 62
49.9040 50.1280 61
50.1600 50.2240 60
50.3840 50.5760 58
51.8240 52.0160 58
52.1760 52.3040 60
52.3360 52.7520 61
53.7440 53.7760 61
53.8080 53.9040 62
54.0960 54.2560 62
54.2880 54.3840 63
54.5760 55.1200 63
55.4720 55.5680 62
55.6000 55.8240 61
55.8560 55.8880 60
55.9200 55.9520 59
55.9840 57.4240 58
58.4480 58.5440 58
58.5760 58.6400 59
58.6720 58.8000 60
58.9280 58.9920 61
59.0240 59.1840 60
59.3760 59.4720 67
59.5040 60.2400 68
60.2720 60.3040 67
60.4640 60.5600 62
60.5920 60.7520 61
60.9440 60.9760 61
61.0080 61.0720 62
61.1040 61.3600 63
61.9680 62.1280 60
62.1600 62.2880 61
62.3200 62.5440 62
62.5760 62.6080 61
62.6400 62.8640 60
62.8960 62.9280 61
62.9600 63.0240 62
63.0560 63.7920 63
64.0160 64.1440 65
64.1760 64.4000 66
64.4320 64.7840 65
65.4560 65.6800 59
65.7120 65.8080 60
65.9360 66.0960 61
66.1280 66.2560 59
66.4480 66.4800 66
66.5120 66.7040 67
66.8960 67.2800 68
67.3120 67.4080 67
67.6320 68.0160 61
68.0480 68.1120 62
68.1440 68.3360 63
68.8160 69.3280 63
69.5520 69.7440 61
69.7760 69.8080 62
69.8400 69.9680 63
70.0000 71.6000 65
72.5280 72.7200 59
72.7520 72.9440 60
72.9760 73.1360 61
73.4240 73.5200 66
73.5520 74.3520 68
74.3840 74.4800 67
74.5120 74.5120 65
74.6400 74.7040 62
74.7360 75.1200 61
75.1520 75.3760 63
76.0800 76.2400 60
76.2720 76.3680 61
76.4960 76.6240 63
76.6560 76.6880 62
76.7200 76.7520 61
76.7840 76.9440 60
76.9760 77.0400 61
77.0720 77.1040 62
77.1360 77.9360 63
78.0960 78.2240 65
78.2560 78.4160 66
78.4480 78.8640 65
79.3760 79.6000 57
79.6320 79.6960 58
79.8560 79.9840 60
80.0160 80.1760 61
80.2080 80.4960 58
80.5280 80.6240 59
80.6560 80.8800 61
81.2320 81.5840 61
81.6160 81.7120 63
81.8400 81.9360 63
81.9680 82.1600 65
82.2880 82.5120 63
83.0880 83.3760 62
83.6960 83.8880 61
83.9200 84.3360 60
84.3680 84.4000 59
84.4320 85.4240 58
86.6400 86.6720 61
86.7040 86.7360 62
86.7680 86.9920 63
87.0240 87.5040 65
87.5360 87.6000 68
87.6320 87.6640 69
87.6960 88.2400 70
88.4320 88.6880 63
88.8480 89.0720 65
89.1040 89.1040 67
89.1360 89.2320 70
89.2640 89.3280 71
89.3600 89.7440 72
90.2240 90.3200 62
90.3520 90.5760 63
90.6080 90.9600 65
91.0880 91.1840 72
91.2160 91.4720 73
91.5040 91.6000 74
91.6320 91.7280 72
91.7600 92.2080 70
92.2400 92.3040 69
92.3360 92.5600 68
92.5920 92.6880 65
92.8160 93.2000 65
93.7120 93.8400 67
93.8720 94.7360 68
94.9600 95.1200 62
95.2800 95.3760 61
95.4080 95.4400 60
95.4720 95.7600 58
96.1120 96.2400 58
96.2720 96.4000 59
96.4320 96.4960 67
96.5280 96.6560 68
96.8480 96.9120 62
96.9440 97.4560 61
97.4880 97.7760 62
97.8080 98.0960 63
98.1280 99.0880 65
99.1200 99.1520 63
99.1840 99.2800 61
99.3120 99.3440 62
99.3760 99.5360 63
99.6640 99.7600 61
99.7920 100.2720 60
100.7520 100.8160 60
100.8480 100.9120 61
100.9440 101.0720 63
101.2640 101.6480 65
101.6800 101.7120 67
101.7440 101.8080 68
101.8400 102.3840 70
102.5760 102.8640 63
102.9920 103.2160 65
103.2480 103.2480 68
103.2800 103.4080 70
103.4400 103.8880 72
104.3360 104.7200 63
104.7520 105.1040 65
105.2320 105.2960 72
105.3280 105.5200 73
105.6800 105.8720 72
105.9040 106.3200 73
106.3520 106.4160 74
106.4480 106.6720 75
106.7040 106.7360 74
106.9280 107.3120 70
107.8880 107.9840 69
108.0160 108.1760 70
108.3040 108.5920 70
108.7200 109.2320 70
109.4240 109.5520 70
109.5840 109.8720 72
109.9040 110.1280 73
110.2560 110.4160 71
110.4480 110.6400 72
110.7680 110.8640 69
111.0240 111.1840 68
112.6240 112.7200 64
112.7520 113.0400 65
113.2000 113.2640 68
113.2960 113.3280 69
113.3600 117.1680 70
126.8320 126.8960 63
126.9280 127.0880 65
127.2160 127.4400 65
127.6960 127.9840 61
128.1120 128.2400 62
128.2720 128.4000 63
128.5920 128.8800 63
128.9120 128.9440 62
129.6800 129.8720 61
130.0000 130.0960 61
130.1280 130.2560 62
130.2880 130.4480 63
130.5760 131.1840 63
131.4720 131.7280 58
132.9440 133.2640 58
133.2960 133.3920 59
133.4240 134.1600 61
134.7680 134.8960 59
135.0880 135.2160 62
135.2480 135.4080 63
135.4400 135.4720 62
136.6880 136.8480 58
136.9760 137.0720 60
137.1040 137.2640 61
137.4880 137.9680 61
138.1600 138.1920 61
138.2240 138.4480 62
138.4800 138.5120 61
138.7360 139.1520 59
139.1840 139.6320 60
140.9440 141.0080 63
141.0400 141.6160 65
141.8400 142.2240 61
142.2560 142.3520 62
142.3840 142.5120 63
142.6720 143.2160 63
143.7920 143.9520 61
144.0800 144.1120 61
144.1440 144.2080 62
144.2400 145.1040 63
145.1360 145.5840 65
145.6160 145.7440 68
145.7760 146.6080 70
147.0880 147.1520 59
147.1840 147.3120 58
147.3440 147.4400 59
147.4720 147.5360 60
147.5680 147.8560 61
149.1040 149.2320 61
149.3920 149.4240 61
149.4560 149.4880 62
149.5200 150.3840 63
150.8320 151.2480 60
151.2800 151.4400 58
151.6000 152.5920 58
153.6800 153.8080 58
153.8400 154.0000 60
154.1280 154.2240 61
154.2560 154.4160 59
154.6400 154.7040 66
154.7360 155.5680 68
155.7280 155.9840 61
156.1760 156.3040 61
156.3360 156.5280 63
157.2000 157.4240 60
157.4560 157.5520 61
157.5840 157.8080 62
157.8400 157.8720 61
157.9040 158.0960 60
158.1280 158.1920 61
158.2240 158.2560 62
158.2880 158.6080 63
158.6400 158.8000 62
158.8320 159.0560 63
159.2480 159.3440 65
159.3760 159.6000 66
159.6320 159.9520 65
160.7200 160.9440 58
160.9760 161.1360 60
161.1680 161.2960 61
161.4240 161.5200 60
161.6800 161.7440 67
161.7760 161.9360 68
162.0960 162.6080 68
162.8000 163.3440 61
163.3760 163.5040 63
164.0800 164.6240 63
164.7840 165.0400 61
165.0720 165.2000 63
165.2320 167.1200 65
167.8240 168.2080 59
168.2400 168.3680 61
168.4960 168.5600 60
168.7200 168.8160 66
168.8480 169.6480 68
169.9040 170.4480 61
170.4800 170.7040 63
171.3760 171.5040 60
171.5360 171.6320 61
171.7920 171.8880 63
171.9200 171.9840 62
172.0160 172.1760 60
172.2080 172.2720 61
172.3040 172.3680 62
172.4000 173.2000 63
173.3600 173.4880 65
173.5200 173.8080 66
173.8400 174.1280 65
174.6080 174.8320 56
174.8640 174.9920 58
175.1200 175.2800 60
175.3120 175.4400 61
175.4720 175.8880 59
175.9200 176.0160 60
176.0480 176.1440 61
176.4640 176.7840 61
176.8160 176.9760 63
177.1040 177.2320 63
177.2640 177.4560 65
177.4880 177.8080 63
178.2880 178.4160 62
178.4480 178.7360 63
178.9280 179.0880 61
179.1200 179.2800 60
179.3120 179.4080 59
179.4400 180.7520 58
181.9040 181.9360 60
181.9680 182.0000 61
182.0320 182.2560 63
182.2880 182.8000 65
182.8320 182.9600 68
182.9920 183.5360 70
183.7280 183.9840 63
184.1440 184.3680 65
184.4000 184.4000 67
184.4320 184.5600 70
184.5920 185.1040 72
185.4880 185.8720 63
185.9040 186.1920 65
186.3520 186.4480 71
186.4800 186.8000 73
186.8320 186.9600 72
186.9920 187.4400 70
187.4720 187.5360 69
187.5680 187.8240 68
187.8560 188.4960 65
188.9760 189.0080 66
189.0400 189.1040 67
189.1360 190.0320 68
190.2880 190.3840 61
190.5760 190.7040 61
190.8320 190.8960 58
191.3760 191.6320 58
191.6640 191.6640 65
191.6960 191.9520 68
192.1760 192.8160 61
192.8480 193.1040 63
193.2960 193.4240 63
193.4560 194.2240 65
194.5120 194.6080 61
194.6400 194.8960 62
194.9280 195.1520 61
195.1840 195.4400 60
196.0800 196.1440 61
196.1760 196.3360 63
196.5280 196.9120 65
196.9440 197.0080 68
197.0400 197.6160 70
197.8400 197.9360 70
198.2560 198.5120 65
198.5440 198.6720 70
198.7040 199.1520 72
199.6320 199.7600 62
199.7920 199.9840 63
200.0160 200.3360 65
200.4640 200.5600 71
200.5920 200.7520 73
200.9440 201.1360 72
201.1680 201.6800 73
201.7120 201.9360 75
201.9680 202.0000 74
202.1600 202.6080 70
202.7680 202.8320 70
203.1520 203.1840 69
203.2160 203.4400 70
203.5680 204.7840 70
204.8160 205.1360 72
205.1680 205.3280 73
205.3600 205.4240 72
205.4560 205.6480 71
205.6800 205.8720 72
206.0000 206.7040 68
207.0560 207.5040 65
207.5360 207.6320 67
207.6640 207.7600 68
207.7920 213.7440 70
215.2480 215.3120 70
217.2000 217.2320 71
217.2640 217.3280 72
217.3600 217.6160 73
217.6480 217.8400 72
217.8720 217.9680 71
218.0000 218.2880 70
218.3200 218.7680 72
218.8000 218.8320 71
218.8640 220.1120 70
220.1440 221.4880 72
222.8960 222.9280 74
222.9600 223.0560 75
223.0880 223.4400 77
223.4720 223.5360 75
223.5680 223.7280 74
223.7600 223.9520 75
223.9840 224.1760 74
224.2080 224.4000 75
224.4320 224.5280 76
224.5600 224.6880 75
224.7200 225.0720 74
225.1040 228.6880 73
231.3440 231.4080 61
231.4400 231.4720 62
231.5040 231.7600 63
231.7920 232.1760 65
232.2720 232.3680 69
232.4000 232.9440 70
233.1680 233.4240 62
233.5840 233.8080 65
233.8400 234.0000 70
234.0320 234.6720 72
234.8640 234.9920 62
235.0240 235.2800 63
235.3120 235.5680 65
235.7600 235.8880 71
235.9200 236.2400 73
236.2720 236.4000 72
236.4320 236.8800 70
236.9120 236.9760 69
237.0080 237.2640 68
237.2960 237.9680 65
238.2880 238.3840 65
238.4160 238.4800 66
238.5120 239.4400 68
239.6640 239.7920 61
239.9840 240.0480 61
240.0800 240.1440 60
240.1760 240.5280 58
240.7840 240.9120 58
240.9440 240.9760 57
241.1040 241.2000 67
241.2320 241.3600 68
241.6480 242.0960 61
242.2240 242.2560 61
242.2880 242.5440 62
242.5760 242.9600 63
242.9920 243.5040 65
243.5360 243.6640 68
243.6960 243.8880 70
243.9200 244.3360 68
244.4640 244.5600 63
244.5920 244.6880 65
244.7200 244.8480 63
244.8800 245.1040 65
245.4880 245.7440 63
245.9040 246.3200 65
246.3520 246.3520 67
246.3840 247.0240 70
247.2480 247.5360 63
247.6640 247.9200 65
247.9520 248.0800 70
248.1120 248.5600 72
249.0080 249.3920 63
249.4240 249.8400 65
249.8720 249.8720 70
249.9040 250.1600 73
250.3520 251.1200 73
251.1520 251.3760 75
251.5040 251.9840 70
252.5600 252.8480 70
252.9760 254.1920 70
254.2240 254.5760 72
254.6080 254.8320 73
254.8640 254.9280 72
254.9600 255.1200 71
255.1520 255.3440 72
255.3760 256.0800 68
256.4960 256.6240 63
256.6560 256.8800 65
257.0080 257.1680 68
257.2000 259.0880 70
259.6000 259.6640 69
259.6960 259.9200 70
260.0480 260.0800 69
260.1120 261.0080 70
261.1680 261.2000 70
261.2320 261.2960 71
261.3280 261.6480 72
261.6800 261.9680 73
262.1280 262.2240 71
262.2560 262.4480 72
262.5760 263.0880 68
263.9200 263.9840 63
264.0160 264.0480 64
264.0800 264.5280 65
264.6560 264.7840 68
264.8160 268.7840 70
271.5360 271.6320 64
271.6640 272.2400 65
272.4640 272.5600 62
272.8160 272.9440 62
272.9760 273.1040 63
273.2960 273.6480 63
274.4800 274.6080 61
274.7360 274.8640 62
274.8960 275.0880 63
275.3120 275.4400 63
275.6640 275.8880 63
276.0800 276.2080 59
276.2400 276.4000 58
277.7760 278.1600 58
278.1920 278.2560 59
278.2880 278.6400 61
279.6960 279.8240 61
279.9840 280.2720 63
280.4320 280.9440 63
281.7120 281.9680 61
282.5440 282.9600 58
