2.9920 3.7920 65
3.8240 3.8880 67
3.9200 4.1760 68
4.2080 4.2400 69
4.2720 6.2560 70
6.5760 6.9280 68
6.9600 6.9920 69
7.0240 7.0560 71
7.0880 8.1440 72
8.1760 8.3360 74
8.3680 8.4000 72
8.4320 8.8800 71
8.9120 8.9760 70
9.0080 9.0400 69
9.1680 9.6800 68
9.7120 9.7760 67
9.8080 10.0960 65
10.1280 10.1600 64
10.1920 10.2560 63
10.2880 10.3520 62
10.8000 10.8640 63
10.8960 11.1840 64
11.2160 11.6640 65
11.6960 11.7280 66
11.7600 11.9520 67
11.9840 12.0160 66
12.0480 14.6720 65
14.7040 15.3440 64
15.6000 15.6960 64
20.4640 20.5600 56
21.7120 21.8720 56
22.1920 22.3200 55
23.8560 24.0480 55
24.4960 24.6240 55
26.5440 26.9920 55
27.1520 27.4720 55
28.0480 28.1760 55
28.4640 28.5920 55
28.7840 29.0080 55
31.0560 31.6640 55
32.7200 33.0080 55
33.2000 33.4880 55
33.8400 34.0320 55
35.5360 35.8240 55
35.9840 36.3040 55
36.5600 36.9440 55
38.4160 38.5120 55
38.6400 38.9920 55
40.7200 41.3920 56
41.4240 41.4880 57
43.1840 43.2160 68
43.2480 43.3440 69
43.7600 43.8240 70
44.1120 44.3680 70
44.4000 44.4320 69
44.4640 44.8800 68
44.9120 45.5520 67
45.5840 45.6160 66
45.6480 45.9680 65
46.0000 46.0320 64
46.0640 47.1200 63
47.1520 47.5040 62
47.5360 47.9840 63
48.0160 48.4960 64
48.7200 48.9760 64
49.3280 49.4240 63
49.4560 49.5520 62
49.7120 50.7360 61
50.8960 51.1840 61
51.3440 51.4720 61
51.5040 51.6960 62
52.7520 52.8480 62
53.2000 53.2960 62
53.7440 53.8080 68
53.8400 53.8720 70
53.9040 53.9680 71
54.0960 54.2240 74
54.2560 54.2880 73
54.3200 54.5760 72
54.6080 54.6400 74
54.6720 54.8000 75
59.7600 60.0480 68
60.1760 60.2720 67
60.3040 60.3360 66
60.3680 60.7200 65
60.7520 60.7840 64
60.8160 61.0080 63
61.3280 62.3520 63
62.3840 62.5440 62
62.8000 62.9280 62
62.9600 63.5040 63
63.5360 63.5680 64
63.6000 65.5200 65
65.5520 65.6160 64
65.6480 65.7440 62
65.7760 66.2880 61
67.0560 67.5680 56
67.9520 68.8800 56
69.0080 69.0720 55
70.3200 70.5120 64
70.5440 70.6080 63
70.6400 70.7360 62
70.7680 72.1120 61
74.4480 74.8320 63
74.8640 74.9600 62
74.9920 75.2800 61
75.3120 75.4080 62
75.4400 75.5360 63
75.6640 76.3680 63
78.1920 78.4800 63
78.5120 78.7360 62
78.9920 79.3120 61
79.6640 80.2080 59
81.8400 81.8720 63
81.9040 82.0640 64
82.0960 82.1600 63
82.3520 82.5120 62
82.6400 82.8320 62
82.8640 83.1520 63
84.3040 84.4960 63
89.2960 89.3280 64
89.3600 89.4240 65
89.4560 89.4880 66
89.5200 89.5520 67
89.5840 90.4160 68
90.4480 90.4800 67
90.6400 90.8000 62
90.8320 91.7280 63
92.8800 93.2640 63
93.3920 94.1600 61
94.1920 94.2240 60
94.4160 95.0880 58
95.1200 95.1520 57
95.4720 95.5680 55
95.8880 96.2080 54
96.2400 96.3040 55
96.6560 96.6880 62
96.7200 96.9760 63
97.0080 97.0400 62
97.0720 97.5520 61
97.5840 97.7440 62
97.7760 98.4160 63
98.9920 100.0800 61
103.0880 103.1200 65
103.1520 103.1840 66
103.2160 103.2800 67
103.3120 104.0480 68
104.4960 104.6560 65
104.6880 105.6800 63
106.4160 106.5440 62
106.5760 106.9920 63
107.0240 107.8240 65
108.0160 108.0800 66
108.1120 108.1760 67
108.2080 108.3360 68
108.3680 108.4000 66
108.4320 108.5920 62
108.6240 109.5200 61
110.2560 110.4160 58
110.4480 110.5120 62
110.5440 110.6080 65
110.6400 110.6720 67
110.7040 111.8560 68
111.8880 111.9200 69
111.9520 112.1440 70
112.3680 112.4320 63
112.4640 112.8480 62
112.8800 113.3600 63
113.8080 114.0000 64
114.0320 114.2240 63
114.2560 114.2880 64
114.3200 116.8160 65
116.8480 116.8800 64
117.8080 117.8720 65
117.9040 118.0000 66
118.0320 118.8960 68
119.0560 119.2160 69
119.2480 119.4720 70
119.5040 119.5360 69
119.8240 120.5920 63
122.0640 122.1920 64
122.2240 122.3520 63
122.5440 122.6400 63
122.6720 122.9280 65
122.9600 123.0880 68
123.2800 123.4720 69
123.5040 123.7920 70
123.8240 123.8240 67
123.8560 123.8560 65
123.8880 123.9200 63
123.9520 124.0160 62
124.1440 125.2640 61
126.1920 126.2560 63
126.2880 126.3200 64
126.3520 126.8320 65
126.9920 127.5040 63
127.5360 127.5680 65
127.6000 127.6320 66
127.6640 127.6960 67
127.7280 128.3680 68
128.4960 128.6560 68
128.6880 128.7520 67
128.7840 132.1760 66
132.6560 132.9760 65
133.1680 133.2320 66
133.2640 133.2960 67
133.3280 134.1920 68
134.2240 134.2560 67
134.2880 134.3200 66
134.3520 134.8320 65
134.9920 135.0880 68
135.1200 135.2800 70
135.4080 135.6320 70
135.6640 135.6960 67
135.7280 135.7600 66
135.7920 136.1120 65
136.1440 136.1760 64
136.2080 136.9440 63
136.9760 137.0080 64
137.0400 138.5760 65
140.0480 140.3360 65
140.5600 140.6240 71
140.6560 140.7840 74
140.8160 140.8480 72
140.8800 141.0400 71
141.0720 141.4240 70
141.6480 141.8080 65
141.9680 142.0640 67
142.0960 142.4800 68
142.5120 142.6720 70
142.8320 143.3120 70
143.3440 143.4080 71
143.4400 146.7360 73
147.4080 147.7280 65
147.9200 147.9840 66
148.0160 148.0800 67
148.1120 148.9440 68
148.9760 149.0400 67
149.0720 149.1360 66
149.2960 149.6160 65
149.7440 149.7760 68
149.8080 149.8400 69
149.8720 150.4800 70
150.5120 150.5760 67
150.6080 150.6400 66
150.6720 150.9280 65
150.9600 150.9920 64
151.0240 151.7280 63
151.7600 152.5920 65
152.6240 152.7840 63
152.8160 153.9360 61
154.9600 155.2480 65
155.2800 155.3440 70
155.3760 155.6000 73
155.6320 156.3040 70
156.3360 156.5600 67
156.6880 156.9440 67
156.9760 157.3280 68
157.3600 157.9040 70
158.7680 158.8960 60
158.9280 160.5920 61
179.8880 180.0480 62
180.1760 180.2720 62
180.4320 180.5280 62
180.7200 180.9440 62
180.9760 182.4480 63
183.5680 183.7600 64
183.7920 183.9520 63
184.1120 184.1760 62
184.4000 184.5920 61
184.6240 184.6880 60
184.7200 184.7520 59
184.7840 185.5840 58
185.6160 185.8720 59
187.3120 187.6000 63
187.6320 187.6960 62
187.7280 188.1760 61
188.2080 188.4960 62
188.5280 188.9120 63
189.1680 189.3600 63
189.3920 189.4240 62
189.4560 189.5200 61
189.5520 189.8720 60
190.1280 190.2880 60
190.3200 191.5040 61
191.6960 192.0160 61
192.2080 192.2720 63
192.3040 192.4960 64
192.5280 192.7840 63
192.8160 192.8800 62
192.9120 193.7440 61
194.6720 194.7360 63
194.7680 194.8640 65
194.8960 195.4400 68
195.4720 195.5360 69
195.5680 195.8560 70
196.1120 197.3280 63
198.4160 198.5440 64
198.5760 198.6720 63
198.8960 199.0560 61
199.1840 199.6320 61
199.6640 199.6960 60
199.7280 199.8560 58
199.8880 200.2400 57
200.2720 200.9120 58
202.1280 202.2560 64
202.2880 202.4160 63
202.4480 202.6720 62
202.8320 203.2160 62
203.2480 203.9520 63
203.9840 204.0800 62
204.1120 204.2080 61
204.4000 204.7520 60
204.7840 206.2240 61
206.4480 206.4800 63
206.5120 206.6080 64
206.6400 206.9280 63
206.9600 207.0240 62
207.0560 207.5360 61
208.1760 208.3040 58
208.5600 208.6240 66
208.6560 208.7200 67
208.7520 209.6480 68
209.9040 210.0640 65
210.0960 210.5760 63
210.6080 210.9920 62
211.9520 212.4000 63
212.4320 213.2640 65
213.4240 213.4880 66
213.5200 213.5520 67
213.5840 213.7440 68
213.8720 213.9360 62
213.9680 214.8000 61
215.5360 215.6960 57
215.7280 215.8560 58
215.8880 215.8880 61
215.9200 215.9200 63
215.9520 216.0160 66
216.0480 217.2320 68
217.2640 217.5200 70
217.7760 218.7040 63
219.2160 219.4720 65
219.5040 219.6640 63
219.6960 222.4480 65
223.2800 223.4400 67
223.4720 224.6560 68
224.6880 224.8480 70
224.9760 226.2880 63
227.5360 227.6960 65
227.7280 227.8560 63
227.9520 228.0480 63
228.0800 228.3680 65
228.4000 228.5600 68
228.7200 228.8480 69
228.8800 229.2320 70
229.2640 229.2640 67
229.2960 229.2960 65
229.3280 229.3600 63
229.3920 229.4560 62
229.5840 230.6400 61
231.6000 231.6960 64
231.7280 232.2720 65
232.4000 232.9440 63
232.9760 233.0080 65
233.0400 233.0720 66
233.1040 233.1360 67
233.1680 233.8080 68
233.9680 234.1280 68
234.1600 234.1920 67
234.2240 235.9200 66
236.1120 236.2720 68
236.3040 237.6480 70
238.1280 238.4160 65
238.6080 238.6720 66
238.7040 238.9280 68
239.0560 239.7600 68
239.7920 240.3040 65
240.4320 240.5280 68
240.5600 241.1040 70
241.1360 241.1680 68
241.2000 241.6480 65
241.6800 242.3840 63
242.4160 242.4480 64
242.4800 243.3120 65
243.3440 243.3760 63
243.4080 243.4720 62
243.5040 244.5280 61
245.5840 245.7120 65
245.7440 245.8080 66
245.9680 246.0640 72
246.0960 246.2240 74
246.2560 246.3200 71
246.3520 246.8000 70
247.0880 247.2480 65
247.3760 247.4400 66
247.4720 247.8880 68
247.9200 248.0800 70
248.2080 248.8160 70
248.8480 251.5040 73
251.5360 251.6640 74
251.6960 252.2400 73
252.9120 253.2000 65
253.3920 253.4880 66
253.5200 254.4160 68
254.4480 254.5120 67
254.5440 254.5760 66
254.7360 254.8000 66
254.8320 255.0560 65
255.0880 255.1200 66
255.1520 255.2800 69
255.3120 255.8560 70
255.8880 255.9520 67
255.9840 256.3680 65
256.4000 256.4320 64
256.4640 257.1680 63
257.2000 257.8720 65
257.9040 258.0320 64
258.2240 258.2560 64
258.2880 258.5120 65
258.5440 258.7680 64
258.8000 258.8640 63
258.8960 258.9920 62
259.0240 259.4720 61
260.3680 260.6240 65
260.6560 260.7200 68
260.7520 260.7840 71
260.8160 260.8480 72
260.8800 261.0080 73
261.0400 261.5520 70
261.8720 262.1920 66
262.2240 262.2560 67
262.2880 262.7040 68
262.7360 262.9280 70
262.9600 262.9920 69
263.0240 263.5040 68
263.5360 263.6640 69
263.6960 265.2960 70
265.3280 265.6480 68
265.6800 266.1280 70
266.1600 266.9280 73
266.9600 267.0560 72
267.0880 267.7280 73
267.9840 268.5920 72
268.6240 269.0080 69
269.2320 269.3280 71
269.4560 269.8080 66
269.9680 270.0640 69
270.0960 270.6400 71
270.6720 270.7040 69
270.7360 271.1520 66
271.1840 271.2160 65
271.2480 271.7280 64
271.7600 271.9200 65
271.9520 272.6240 66
272.6560 272.7840 67
272.8160 272.8800 68
273.0080 273.0400 65
273.0720 273.2320 66
273.2640 273.6160 65
273.6480 273.6800 63
273.7120 274.4160 62
275.0560 275.1200 65
275.1520 275.3440 66
275.5040 275.6000 73
275.6320 275.8240 74
275.8560 275.8880 72
275.9200 276.3680 71
276.6240 276.8800 66
276.9120 277.0080 67
277.0400 277.0720 68
277.1040 277.4560 69
277.4880 277.6480 71
277.7760 277.9040 70
277.9360 278.4160 71
278.4480 281.5200 74
282.4800 282.6720 66
282.8640 282.9600 67
282.9920 283.9840 69
284.0160 284.0480 68
284.0800 284.1440 67
284.3360 284.6560 66
284.6880 284.7200 69
284.7520 284.8160 70
284.8480 285.4560 71
285.4880 285.5200 68
285.5520 285.9680 66
286.0000 286.6720 64
286.7040 286.7360 65
286.7680 287.4400 66
287.4720 288.3680 65
288.4000 288.4960 64
288.5280 289.3280 62
289.9360 290.0000 65
290.0320 290.2560 66
290.2880 290.4160 72
290.4480 290.5760 74
290.6080 291.1840 71
291.4720 291.5360 66
291.6960 291.8240 67
291.8560 292.2400 69
292.2720 292.4960 71
292.5280 292.9760 69
293.0720 293.2000 69
293.2320 294.7680 71
294.8000 297.6800 74
298.1280 298.3520 69
298.3840 298.5440 72
298.5760 298.6720 74
298.7040 298.7040 72
298.8640 299.2480 71
299.2800 300.2720 69
300.3040 300.6240 71
300.7520 300.9760 69
301.0080 301.3600 71
301.4560 301.4560 70
301.5520 301.5840 70
301.6800 301.9680 71
302.1920 302.2880 70
302.3200 303.9200 71
304.6240 304.7840 66
305.0080 305.0720 72
305.1040 305.2640 74
305.2960 305.8720 71
306.1920 306.5440 66
306.5760 306.9600 69
306.9920 307.2800 71
307.3120 307.6960 69
307.8560 308.0160 72
308.0480 309.6160 74
309.6480 309.8720 71
309.9040 310.2880 74
310.4160 310.5440 76
310.5760 310.8000 78
310.8320 311.1520 77
311.1840 311.2480 76
311.2800 311.3760 75
311.4080 312.8480 74
312.8800 312.8800 72
312.9120 313.1360 69
314.1280 314.1920 72
314.2240 314.3200 73
314.4480 314.5120 72
314.5440 314.9600 71
314.9920 315.0240 70
315.0560 315.4720 69
315.5040 315.6320 67
315.6640 315.6960 68
315.7280 316.0480 69
316.0800 317.7440 71
317.7760 318.2880 69
318.3200 318.8320 65
318.8640 318.9280 63
318.9600 319.4720 62
319.9840 320.0800 67
320.1120 321.2000 66
321.2320 321.3600 68
321.3920 321.7440 69
321.7760 321.8080 70
321.8400 321.9040 71
322.0320 322.0960 66
322.1280 322.2240 65
322.2560 322.5120 64
322.5440 322.6080 63
322.6400 322.7360 62
323.0240 323.0560 63
323.0880 323.6640 64
323.6960 323.8560 63
323.8880 325.0720 62
325.2320 325.6480 65
325.6800 325.7440 64
325.7760 326.3200 62
327.2480 327.3120 68
327.3440 327.5040 67
327.5360 327.5680 68
327.6000 328.0480 69
328.5280 330.3520 69
330.3840 330.4160 70
330.4480 330.8640 71
331.0880 331.1840 70
331.2160 332.0160 69
332.0480 332.0800 68
332.1120 332.1760 67
332.2080 332.5600 66
332.7520 332.8160 66
332.9440 333.0400 65
333.0720 333.1360 64
333.1680 333.2320 63
333.2640 333.6800 62
334.8640 334.8960 66
334.9280 334.9600 67
334.9920 335.0240 68
335.0560 335.2800 69
335.3120 335.3440 68
335.3760 335.4400 67
335.4720 336.2080 66
336.2400 336.3040 65
336.3360 336.5600 64
336.5920 336.6560 63
336.6880 337.1040 62
337.1360 337.5840 61
337.6160 340.3680 62
343.2160 343.5040 63
343.5360 343.6640 64
343.6960 343.9840 65
344.0160 344.0480 66
344.0800 344.1440 67
344.1760 344.3680 68
344.4000 344.4640 69
344.4960 346.5120 70
346.7040 346.9920 68
347.0240 347.0560 69
347.0880 347.1520 70
347.1840 347.3120 71
347.3440 348.4320 72
348.4640 348.6880 74
348.7200 349.1360 72
349.1680 349.2000 71
349.2320 349.2640 70
349.2960 349.3920 69
349.4240 350.0000 68
350.1600 350.3520 65
350.3840 350.7040 63
350.8960 351.1520 62
351.1840 351.9520 64
351.9840 352.2400 67
352.3680 352.5600 65
352.5920 352.8160 64
352.8480 354.0640 65
354.0960 356.9760 64
