6.2560 7.3440 62
7.5680 8.4640 62
11.9520 12.0800 62
12.8480 13.0080 62
14.7680 14.8960 57
15.0880 15.5040 57
15.5680 15.8560 57
17.9360 18.3520 57
18.3840 18.6720 56
20.5920 20.6240 56
20.8800 21.1040 56
22.0960 22.1280 56
22.1600 22.1920 57
22.5760 22.5760 61
22.6400 23.3760 62
23.6320 23.9200 62
23.9520 24.0480 61
24.0800 24.1120 59
24.1440 24.3360 57
24.3680 24.4000 56
24.4320 24.6880 55
25.9040 25.9360 59
26.0000 26.4480 57
26.4800 26.6720 60
26.7040 26.8000 61
26.8320 27.6000 60
28.5920 29.0080 62
29.0400 29.2000 60
29.2320 29.2960 59
29.6800 30.1280 55
30.2880 30.6080 56
30.6400 31.1840 57
31.2160 32.1120 56
33.0720 33.2640 53
33.2960 33.3600 54
33.3920 33.5200 55
33.6480 34.5760 55
34.9920 35.0240 59
35.0560 35.1840 60
35.2160 35.2800 59
35.3120 35.3440 58
35.3760 35.8880 57
35.9200 36.0160 56
36.0480 36.1120 59
36.1440 36.1760 60
36.2080 36.6240 62
36.6560 37.1360 61
37.1680 37.2960 62
37.7440 38.0960 65
38.2240 38.4160 62
38.4480 38.4800 61
38.5120 38.5760 60
38.6080 38.7360 59
38.7680 38.8320 56
38.8640 39.1520 57
39.3120 39.6000 60
39.6320 39.6960 61
39.7280 41.3920 62
41.4240 42.7040 61
42.7360 43.1520 62
44.0160 44.0160 62
44.1440 44.2080 61
44.2400 44.3680 62
44.4000 44.4640 61
44.4960 44.4960 59
44.7840 45.5840 56
45.6160 46.1600 59
46.5120 46.5440 59
46.5760 46.7680 60
46.8000 46.9280 62
46.9600 47.0240 61
47.3760 47.5360 53
47.5680 47.8240 52
47.8560 47.8880 53
47.9200 48.0160 54
48.0480 48.1760 55
48.7520 48.7840 61
48.8160 48.9440 62
49.1040 49.4880 65
49.5200 49.7760 62
49.8080 49.8400 59
49.9040 49.9360 57
49.9680 50.0320 56
50.1920 50.6080 55
50.9280 50.9920 56
51.0240 51.0560 55
51.2800 51.3120 55
51.3440 52.3040 57
52.4640 52.5600 57
52.6880 52.8480 56
53.4240 53.9680 55
54.1600 54.3520 56
54.4800 54.7360 56
54.7680 55.0240 55
55.6640 55.6960 56
55.7280 56.0480 57
56.0800 56.4000 60
56.4320 56.6240 59
56.7520 57.1360 62
57.1680 57.4880 61
57.5200 57.9680 62
58.1920 58.6080 65
58.7360 58.9280 62
58.9600 59.0880 61
59.1200 59.2480 59
59.3760 59.7280 57
59.8560 60.1440 60
60.1760 60.3040 61
60.3360 62.2240 62
62.2560 62.3520 61
62.3840 62.4800 62
62.5120 62.6080 60
62.6400 62.6720 61
62.7360 62.7680 61
62.8320 62.8640 61
63.0240 63.2800 62
63.4400 63.4720 63
63.5040 64.1440 64
64.6560 64.8480 62
64.9760 65.3280 61
65.3600 65.3600 59
65.5840 65.6800 56
65.7120 65.9360 57
66.1280 66.2240 64
66.2560 66.8000 62
66.8320 66.8640 61
67.0560 67.3440 56
67.3760 67.4720 59
67.6000 67.6640 61
67.7920 67.8560 65
67.8880 68.4960 62
68.9760 69.3920 62
69.4240 69.4880 61
69.6160 69.7760 58
70.0960 70.3200 62
70.4480 70.9280 60
70.9600 70.9920 59
71.1200 71.4080 60
71.8560 72.2720 56
72.4000 72.6560 56
72.6880 73.4880 55
73.8400 74.0000 54
74.0320 74.3200 53
74.3520 74.3840 54
74.4160 74.6080 55
74.9920 75.0880 56
76.3040 76.4000 56
76.4320 76.6560 57
76.6880 76.7840 59
76.8160 76.8800 60
76.9120 76.9440 61
76.9760 77.4880 62
77.5200 77.5840 60
77.6160 77.7120 61
77.7440 77.8400 60
77.8720 77.9680 61
78.0000 78.3520 62
78.7040 78.7360 64
78.7680 79.1520 65
79.3440 79.3440 62
79.5680 79.7600 59
79.7920 79.7920 56
79.9840 80.0480 56
80.0800 80.2080 57
80.4320 80.6880 60
80.7200 80.8480 61
80.8800 82.7680 62
82.8000 82.8640 60
82.8960 82.9920 62
83.0240 83.0560 60
83.1520 83.1840 61
83.2160 83.2480 60
83.3760 84.3040 61
85.3600 86.0640 62
86.0960 86.1280 63
86.1600 86.5440 64
86.5760 86.8640 65
86.8960 87.0880 64
87.1200 87.1840 63
87.2160 87.2800 60
87.3120 87.3120 58
87.4720 87.5680 56
87.6000 87.6960 57
87.8560 88.1440 60
88.1760 88.2080 61
88.2400 88.8800 62
88.9120 89.4240 61
89.4560 89.8720 62
90.2240 90.5760 60
90.6080 91.1200 62
91.1520 91.3440 63
91.4720 92.1120 60
92.2720 92.4000 61
92.4320 92.4640 58
92.4960 92.8480 57
92.8800 93.6800 56
94.0960 94.2880 53
94.3200 94.6080 54
94.6400 94.8640 53
95.0560 95.1520 56
95.2800 95.5680 55
96.0480 96.1120 60
96.1440 96.8480 57
97.0080 97.4240 60
97.4560 97.4880 61
97.5200 97.7760 62
97.8080 98.0960 61
98.1280 98.8000 62
99.2480 99.3120 65
99.4720 99.6320 65
99.7920 100.5600 65
100.5920 100.8800 62
100.9120 101.2960 64
101.3280 101.4240 63
101.4560 102.1600 64
102.1920 102.2880 65
102.3200 102.5760 67
102.6080 102.9280 64
102.9600 102.9920 63
103.1520 103.3440 60
103.4720 106.0320 62
106.0640 106.4800 61
106.6400 106.8320 60
106.8640 107.1200 61
107.1520 107.5680 62
107.7280 107.8560 62
107.9840 108.2400 62
108.5920 108.8160 56
108.8480 109.0400 55
109.5520 110.0000 60
110.4800 110.8320 57
110.9600 110.9920 59
111.0240 111.0880 60
111.1200 111.2160 61
111.2480 111.6640 59
111.6960 111.9840 60
113.0080 113.3920 62
113.4240 113.4880 59
113.5200 113.7440 60
113.9040 114.5440 55
114.6720 114.7040 56
114.7360 115.5360 57
115.5680 115.6960 56
115.7280 115.8240 57
115.9520 116.0800 57
116.2080 116.4000 56
116.4320 116.6240 57
117.2000 117.2640 57
117.2960 117.5200 56
117.5520 117.9040 55
118.1600 118.7680 55
119.4080 119.4400 59
119.4720 119.6320 60
119.6640 119.7280 59
119.7600 119.8240 58
119.8560 120.1760 57
120.3040 120.3680 57
120.4000 120.4640 58
120.4960 120.6240 60
120.6560 121.0400 62
121.0720 121.2000 61
121.2320 121.6480 62
122.0960 122.4800 65
122.5120 122.5760 64
122.6080 122.8000 62
122.8320 122.9600 61
122.9920 123.1200 60
123.1520 123.6000 57
123.7600 124.0160 60
124.0480 124.2080 61
124.2400 126.5440 62
126.5760 126.8640 61
126.8960 126.9920 62
127.0240 127.5040 61
127.5360 127.6320 62
127.6640 128.1120 61
128.1440 128.2080 60
129.0400 129.3600 49
129.5200 129.6160 49
137.9680 138.3840 62
138.9920 139.0560 62
139.8880 140.0480 62
140.2720 140.3360 62
141.7760 141.9040 62
142.5120 142.7680 62
142.8320 142.8320 62
143.1200 143.2160 62
143.3760 143.4400 62
144.2400 144.6880 62
147.1200 147.5680 62
152.6560 152.7520 62
154.3200 154.3200 65
155.0240 155.6000 62
155.8240 156.2720 62
156.3040 156.4000 61
156.5280 156.7200 57
156.7520 157.0080 55
158.2560 158.3200 59
158.3520 158.7680 57
158.8000 158.9920 60
159.0240 159.1520 61
159.1840 159.4400 59
159.4720 159.9200 60
160.8800 160.9120 61
160.9440 161.3280 62
161.3600 161.5200 60
161.5520 161.6160 59
162.0000 162.4480 55
162.6080 162.7040 57
162.7360 162.9280 56
162.9600 163.5040 57
163.5360 163.7600 56
163.8880 164.0160 56
164.1760 164.4320 56
165.3920 165.5840 53
165.6160 165.6800 54
165.7120 165.8400 55
165.9680 166.8640 55
166.8960 166.9600 56
167.3120 167.3440 59
167.3760 167.5040 60
167.5360 167.6640 59
167.6960 168.2080 57
168.2400 168.3360 56
168.3680 168.5280 59
168.5600 168.9440 62
168.9760 169.4880 61
169.5200 169.7760 62
170.0320 170.4160 65
170.5440 170.7040 62
170.7360 170.8960 60
170.9280 171.0560 59
171.1840 171.4720 57
171.6640 171.9200 60
171.9520 172.0160 61
172.0480 173.7440 62
173.7760 175.2160 61
175.2480 175.4720 62
176.4640 176.4960 61
176.5280 176.7520 62
176.7840 176.8160 60
177.1040 177.9040 56
177.9360 178.0000 59
178.0320 178.1280 60
178.1600 178.3520 59
178.8320 178.8640 59
178.8960 179.0880 60
179.1200 179.3120 62
179.3440 179.3760 60
179.7600 180.1440 52
180.1760 180.2080 53
180.2400 180.3360 54
180.3680 180.4960 55
181.0720 181.3600 62
181.3920 181.8080 65
181.8400 181.8720 63
181.9040 181.9360 62
182.2240 182.2880 57
182.3200 182.3840 56
182.5440 182.9600 55
183.1840 183.2480 57
183.2800 183.3760 56
183.5040 183.5360 54
183.5680 183.6640 55
183.6960 184.6240 57
184.7520 184.8160 57
184.8480 185.0400 56
185.9040 186.2880 55
186.4800 186.6720 56
186.8000 187.0560 56
187.0880 187.2800 55
188.0160 188.3680 57
188.4000 189.0400 60
189.0720 189.4560 62
189.4880 189.8400 61
189.8720 190.1280 62
190.1600 190.2560 63
190.5120 190.9280 65
191.0560 191.2160 62
191.2480 191.4080 61
191.4400 191.5680 59
191.6960 192.0160 57
192.1760 192.4640 60
192.4960 192.6240 61
192.6560 193.5520 62
193.7120 194.3520 62
194.3840 194.6720 61
194.7040 194.7680 62
194.8000 194.9280 60
194.9600 194.9920 61
195.0560 195.0880 61
195.5680 195.6320 62
196.0160 196.0800 64
196.1120 196.5920 65
197.0080 197.1680 62
197.2960 197.6480 61
197.6800 197.6800 59
197.9040 198.0000 56
198.0320 198.2560 57
198.4480 198.5440 64
198.5760 199.1200 62
199.1520 199.1840 61
199.3760 199.6640 56
199.6960 199.7920 60
199.9200 200.0800 60
200.2400 200.8480 62
201.2960 201.7760 62
201.8080 201.8080 60
201.9360 202.0960 58
202.4160 202.6400 62
202.7680 203.2480 60
203.2800 203.3120 59
203.4400 203.6960 60
203.7280 203.7600 59
204.1760 204.7520 56
204.7840 204.9120 57
204.9440 204.9760 56
205.0080 205.0400 55
205.0720 205.3920 54
205.4240 205.6800 55
206.1280 206.1920 55
206.2240 206.3200 54
206.3520 206.7040 53
206.7360 206.9280 55
207.3120 207.4080 56
208.6240 208.7200 56
208.7520 208.9120 57
208.9440 208.9760 58
209.0080 209.1040 59
209.1360 209.1680 60
209.2000 209.2640 61
209.2960 209.8080 62
209.8400 209.9040 60
209.9360 210.2560 61
210.2880 210.5760 62
211.0240 211.4400 65
211.4720 211.7280 62
211.7600 211.7920 61
211.8880 212.0800 59
212.3040 212.3360 56
212.3680 212.4640 57
212.7200 212.9440 60
212.9760 213.1680 61
213.2000 214.8320 62
214.8640 214.9600 61
214.9920 215.0560 62
215.0880 215.3760 60
215.4400 215.6320 60
215.6640 216.6880 61
217.6160 217.6480 61
217.6800 218.3840 62
218.4160 218.8320 64
218.8640 219.1520 65
219.1840 219.3760 64
219.4080 219.4720 63
219.5040 219.5040 60
219.7600 219.7920 56
219.8240 219.9840 57
220.1120 220.1760 61
220.2080 220.4320 60
220.4640 220.4960 61
220.5280 221.1360 62
221.1680 221.6160 61
221.6480 222.0640 62
222.4800 222.8320 60
222.8640 223.3760 62
223.4080 223.6320 63
223.6640 224.4320 60
224.5600 224.6560 61
224.7840 225.1360 57
225.1680 225.7120 56
225.7440 225.8720 57
225.9040 225.9360 56
226.3200 226.5760 53
226.6080 226.8640 54
226.8960 227.1520 53
227.3440 227.4720 56
227.5040 227.9200 55
228.3680 228.4320 58
228.4640 229.1360 57
229.2640 229.7440 60
229.7760 230.0320 62
230.0640 230.3520 61
230.3840 230.4800 62
230.5120 230.6080 61
230.6400 231.0880 62
231.5040 231.8880 65
232.0160 232.4960 65
232.5600 232.8160 65
232.8480 233.1360 62
233.1680 233.5520 64
233.5840 233.6800 63
233.7120 234.4160 64
234.4480 234.5440 65
234.5760 234.8320 67
234.8640 235.2480 64
235.4080 235.6000 60
235.7280 238.2880 62
238.3200 238.8000 61
238.9280 239.0880 60
239.1200 239.3440 61
239.3760 239.6320 62
239.9840 240.0480 62
240.3040 240.5280 62
240.5600 240.6560 61
240.8160 240.8800 57
240.9120 241.0720 56
241.1040 241.3280 55
242.7360 243.1520 57
243.1840 243.2160 59
243.2480 243.3120 60
243.3440 243.4400 61
243.4720 243.7280 60
243.7600 243.8880 59
243.9200 244.2400 60
245.2320 245.6160 62
245.6480 245.8720 60
245.9040 245.9360 59
246.1600 246.1920 55
246.2880 246.8000 55
246.9280 246.9600 56
246.9920 248.0480 57
248.1760 248.9120 56
249.4240 250.1280 55
250.4480 251.0560 55
251.6320 251.9840 60
252.0160 252.4000 57
252.5600 252.8480 59
252.8800 253.9040 62
254.3200 254.7680 65
254.8000 255.1200 62
255.1520 255.1840 61
255.2160 255.3760 60
255.4080 255.8560 57
255.9840 256.2400 60
256.2720 259.6640 62
259.6960 260.4000 61
260.4320 260.5280 62
264.8480 264.8800 68
264.9120 265.7120 69
265.7440 265.7760 72
265.8080 266.3200 73
266.3520 266.7680 72
266.8000 267.2800 73
267.3120 267.7600 72
267.7920 267.8240 71
267.8560 267.8560 65
267.9520 272.8160 62
273.0400 273.2320 62
