18.2880 18.6080 67
18.6400 18.7680 68
18.8000 19.1200 69
19.1520 19.2800 70
19.3120 19.4720 72
19.5040 19.6640 71
19.6960 20.1120 67
20.2080 20.2080 68
20.2400 20.3680 74
20.4000 21.8080 71
22.0640 22.5440 67
22.5760 23.0560 69
23.0880 23.4400 71
23.4720 23.8560 67
24.0160 24.1760 70
24.2080 25.4880 69
25.9040 26.3520 67
26.3840 26.8640 69
26.8960 27.2480 71
27.2800 27.6000 67
27.6320 27.6960 68
27.8240 27.9520 74
27.9840 29.4240 71
29.6800 30.1600 67
30.1920 30.6400 69
30.6720 31.0240 71
31.0560 31.5680 67
31.6000 31.7280 71
31.7600 34.1600 69
35.3440 35.3760 66
35.4080 35.6640 67
35.6960 35.9520 66
35.9840 36.0160 65
36.0480 36.2400 64
36.2720 36.4320 65
36.5600 36.6880 62
36.7200 36.7520 61
36.7840 36.9440 60
36.9760 37.1040 62
37.2960 37.4240 63
37.4560 37.7760 62
37.9360 38.0320 63
38.0640 38.6080 62
38.9280 39.0560 62
39.1840 39.2160 62
39.2480 39.2800 63
39.3120 39.4080 64
39.5360 39.6000 68
39.6320 40.3680 65
40.4000 40.4640 66
40.8480 40.9760 59
41.0720 41.1040 60
41.1360 41.2640 61
41.2960 41.3920 62
41.5520 41.6480 62
42.1280 42.2240 62
42.7040 42.8960 62
42.9280 43.0560 63
43.1840 43.5360 64
43.6960 44.2400 64
44.5600 44.6880 62
44.8800 45.0080 62
45.0400 45.2320 59
45.3600 45.4880 59
45.6160 46.3840 58
47.0240 47.0240 59
48.7200 48.7840 67
48.8160 49.2320 66
49.2640 49.5840 65
49.6160 49.7120 66
49.7440 49.9680 62
50.0000 50.2560 60
50.2880 50.4160 62
50.5440 51.6000 62
51.7280 51.8240 60
52.0160 52.1440 59
52.1760 52.3040 62
52.4640 52.9760 63
53.0080 53.6160 64
53.6480 53.7120 63
54.0960 54.1920 59
54.3200 54.5120 61
54.5440 54.7040 62
54.8320 55.6960 62
56.0160 56.2400 62
56.2720 56.3360 63
56.4640 56.8480 64
56.9760 57.5520 64
57.9040 58.0320 64
58.0640 58.8320 62
58.8640 59.5040 64
59.5360 61.4240 66
61.9360 62.3840 67
62.4160 62.8960 69
62.9280 63.2480 71
63.2800 63.8240 67
63.8560 63.9840 74
64.0160 65.6160 71
65.6480 65.6800 72
65.7120 65.8720 74
65.9040 66.0640 72
66.0960 66.3200 71
66.3520 66.5760 69
66.6080 66.8320 68
66.8640 67.0880 69
67.1200 67.2800 71
67.4080 67.6320 67
67.7920 67.9200 70
67.9520 67.9520 68
67.9840 68.6880 64
68.7200 68.9120 66
69.0400 69.3920 62
69.7120 70.5760 64
70.7040 71.3760 67
71.8880 72.0800 65
72.1120 72.3040 67
72.3360 73.0080 69
73.0400 73.2320 67
73.2640 73.4560 71
73.4880 74.2240 69
74.2560 74.4160 71
74.4480 74.6400 69
74.6720 75.0560 67
75.0880 75.1840 68
75.2160 76.0160 71
76.0480 77.9680 69
78.9920 79.4400 67
79.4720 79.8560 69
79.8880 79.9200 70
79.9520 80.3040 71
80.3360 80.7200 67
80.8800 81.0400 74
81.0720 82.3840 71
82.7680 83.1520 67
83.1840 83.6960 69
83.7280 84.0800 71
84.1120 84.5600 67
84.6880 84.8480 71
84.8800 86.0640 69
86.5760 87.0560 67
87.0880 87.4720 69
87.5040 87.8880 71
87.9200 88.3680 67
88.4960 88.6240 74
88.6560 89.8720 71
90.3520 90.8320 67
90.8640 91.2480 69
91.2800 91.6960 71
91.7280 92.1760 67
92.3040 92.4320 72
92.4640 95.1840 69
107.0560 107.1520 66
113.1040 113.1680 64
113.2000 113.4560 67
113.4880 113.7440 66
113.7760 114.2240 64
114.2560 114.4480 62
114.4800 114.7360 61
114.7680 114.8960 62
115.0240 116.3680 62
116.6880 116.8160 62
116.9440 117.2960 63
117.4240 118.1280 64
118.6080 118.8640 59
118.8960 118.9920 61
119.0880 119.1840 61
119.3440 119.4080 62
119.6000 120.2080 62
120.4640 120.7840 62
120.9440 121.2960 64
121.4240 121.9680 64
122.2880 122.8960 61
122.9280 122.9600 59
123.1200 123.2160 59
123.3440 123.6640 58
124.4960 124.5920 65
124.6240 124.7200 66
126.3840 127.2480 66
127.2800 127.5680 64
127.6000 128.1440 62
128.2720 128.8800 62
129.0080 129.3920 62
129.5200 129.6160 60
129.7440 129.9040 59
129.9360 130.0640 62
130.2240 130.6720 63
130.7040 131.3120 64
131.3440 131.4080 63
131.8560 132.0480 59
132.0800 132.2720 61
132.3040 132.4320 62
132.5600 133.3600 62
133.7440 133.9680 62
134.0000 134.0640 63
134.1920 134.3200 63
134.3520 135.2480 64
135.6320 135.7600 63
135.7920 136.5280 62
136.5600 136.6240 63
136.6560 137.0400 64
137.0720 137.2640 65
137.2960 139.3120 66
139.3440 139.4400 65
139.6640 140.1440 67
140.1760 140.6240 69
140.6560 141.0080 71
141.0400 141.4560 67
141.6160 141.7760 74
141.8080 142.3520 72
142.3840 143.3120 71
143.4400 143.6320 74
143.6640 143.7920 72
143.8240 144.0800 71
144.1120 144.1440 70
144.1760 144.3040 69
144.4320 144.5920 67
144.6240 144.7200 69
144.7520 144.8800 70
144.9120 145.0400 72
145.0720 145.3280 67
145.3600 145.4880 68
145.5200 145.7120 69
145.7440 145.8720 65
145.9040 146.3840 64
146.4160 146.6720 65
146.7040 146.9600 62
147.3120 148.0160 64
148.0480 148.1760 62
148.2080 148.3360 64
148.4960 149.3280 67
149.6480 149.8080 65
149.8400 150.0640 67
150.0960 150.2560 71
150.2880 150.7680 69
150.8000 150.9280 67
150.9600 151.4080 70
151.4400 151.7280 69
151.7600 151.9520 68
151.9840 152.1120 71
152.1440 152.1760 70
152.2080 152.4000 69
152.4320 152.7840 67
152.8160 152.8800 68
152.9120 153.8400 71
153.8720 153.9360 70
153.9680 155.8560 69
156.7520 157.1040 67
157.1360 157.6160 69
157.6480 158.0640 71
158.0960 158.6400 67
158.6720 158.8320 74
158.8640 160.0480 71
160.5280 160.9760 67
161.0080 161.4880 69
161.5200 161.8400 71
161.8720 162.3840 67
162.4160 162.5760 71
162.6080 164.0160 69
164.3680 164.7840 67
164.8160 165.2640 69
165.2960 165.6160 71
165.6480 166.0960 68
166.2240 166.3840 74
166.4160 167.6000 71
167.9200 168.0800 62
168.1120 168.4960 67
168.6240 169.0720 69
169.1040 169.4560 71
169.4880 169.8720 67
170.0320 170.1600 71
170.1920 171.3440 69
171.8880 172.3680 67
172.4000 172.8480 69
172.8800 173.2320 71
173.2640 173.7440 68
173.7760 173.7760 71
173.8080 173.9680 74
174.0000 175.1520 71
175.7280 175.8880 67
176.1440 176.6880 69
176.7200 177.0400 71
177.0720 177.4560 67
177.5520 177.5520 69
177.5840 177.7440 71
177.7760 178.1920 69
178.2560 179.2160 69
179.2800 179.3440 69
179.5040 179.8880 67
179.9200 180.3680 69
180.4000 180.7840 71
180.8160 181.2640 67
181.3920 181.5200 74
181.5520 182.8000 71
183.3120 183.7280 68
183.7600 184.2080 69
184.2400 184.6240 71
184.6560 185.1680 67
185.2000 185.3280 71
185.3600 186.7040 69
186.7680 186.8000 69
187.0880 187.5680 67
187.6000 188.0160 69
188.0480 188.4000 71
188.4320 188.8480 67
189.0080 189.1040 75
189.1360 190.3200 71
190.8960 191.3440 67
191.3760 191.7280 69
191.7600 192.1760 71
192.2080 192.6240 67
192.7520 192.9440 70
192.9760 193.7440 69
193.8400 194.0960 69
194.4800 194.7040 69
194.7360 195.1520 68
195.1840 195.5680 69
195.6000 196.0160 71
196.0480 196.4320 67
196.5920 196.7520 74
196.8480 198.0960 71
198.5120 198.9280 67
198.9600 199.2800 69
199.4400 199.7600 71
