26.8960 26.9920 70
27.1200 27.2480 71
27.2800 27.3120 70
27.3440 27.4400 69
27.4720 27.5040 70
27.5360 27.7280 71
28.3040 28.3680 66
28.5280 28.6240 66
30.6720 30.9280 72
30.9600 31.0560 71
31.0880 31.4720 70
31.5040 31.6960 66
32.1440 32.3680 65
34.6720 34.8960 70
34.9280 35.1200 69
35.1520 35.2800 70
35.4080 35.4720 67
35.9200 36.0160 65
38.9920 39.1520 53
41.5840 41.6800 59
41.8400 41.9360 65
41.9680 42.2240 66
42.2560 42.3200 64
42.3520 42.6400 65
42.6720 42.8320 66
43.0240 43.0880 65
43.1200 43.4080 64
43.4400 43.6000 65
43.6320 43.7600 66
43.9520 44.0160 65
44.0480 44.3360 64
44.4960 44.6240 65
44.6560 44.8480 66
44.8800 44.9120 65
45.3920 45.5520 59
45.5840 45.6480 62
45.6800 45.7760 65
45.8080 45.9360 66
46.0960 46.3200 64
46.3520 46.4480 65
46.4800 46.6080 66
46.8320 47.1200 64
47.2800 47.4400 65
47.4720 47.6000 66
47.7920 48.2400 64
48.2720 48.3680 65
48.4000 48.6880 66
49.0720 49.3280 59
49.4560 49.5200 64
49.5520 49.5840 65
49.6160 49.8080 66
49.8400 49.9040 64
49.9360 50.0320 65
50.1600 50.1920 64
50.2240 50.2880 65
50.3200 50.5120 66
50.5440 50.6080 65
50.6400 50.9920 64
51.1200 51.1520 64
51.1840 51.4080 65
51.6000 51.9200 64
52.1120 52.2720 66
52.3040 52.6240 64
52.6560 53.0720 65
53.1040 53.1040 63
53.6160 53.7440 58
53.7760 53.9680 59
54.0000 54.0320 60
54.0640 54.2240 61
56.7840 56.8800 59
57.0400 57.0720 64
57.1040 57.1680 65
57.2000 57.3920 66
57.5200 57.7760 64
57.8080 57.9040 65
57.9360 58.2240 66
58.2560 58.3200 65
58.3520 58.5760 64
58.7360 58.8320 65
58.8640 58.9600 66
58.9920 59.1840 65
59.2160 59.6640 64
59.6960 59.8240 65
59.8560 60.0480 66
60.0800 60.1440 65
60.6560 60.7200 59
60.7520 60.8160 60
60.8480 60.8480 62
60.8800 60.9120 64
60.9440 61.0080 65
61.0400 61.2320 66
61.2640 61.3920 65
61.5840 61.6800 65
61.7120 61.8720 66
61.9040 62.0640 65
62.0960 62.3840 64
62.5440 62.6400 65
62.6720 62.8000 66
63.0240 63.2800 64
63.5040 63.6320 65
63.6640 63.9520 66
64.2720 64.5600 59
64.7200 64.7520 64
64.7840 64.8160 65
64.8480 65.0400 66
65.0720 65.5520 65
65.5840 65.8080 66
65.8400 65.9360 65
65.9680 66.1280 64
66.1600 66.2240 65
66.3520 66.4800 65
66.5120 66.7360 66
66.8640 67.2800 64
67.3120 67.5360 65
67.5680 67.8880 64
68.0160 68.1760 66
68.2080 68.3040 65
68.4960 69.6160 59
70.7040 70.7680 55
70.9280 70.9920 57
71.0240 71.1520 59
71.3440 71.6320 63
71.7920 71.9200 67
71.9520 72.1120 69
72.1440 72.1760 68
72.3040 72.4000 65
72.4320 72.6240 66
72.6560 72.7200 65
72.7520 74.6080 64
75.1840 75.2800 60
75.3120 75.4400 62
75.4720 75.5680 63
75.6000 75.9520 64
76.1440 76.2080 65
76.2400 76.3360 66
76.3680 76.5600 65
76.5920 78.3840 66
78.7680 79.0880 67
79.1200 79.2480 69
79.2800 79.7280 67
79.9200 80.0160 65
80.0480 82.2560 66
82.9280 82.9600 62
82.9920 83.1200 63
83.2480 83.7280 66
83.7600 85.9360 67
85.9680 86.0000 66
86.5440 86.8320 71
86.8640 87.0240 69
87.0560 87.0880 68
87.1520 87.5360 65
87.6640 87.9520 65
87.9840 88.6240 64
88.6560 89.2000 65
89.2320 89.2640 64
89.2960 89.4240 63
90.2240 90.3520 58
90.3840 90.5120 59
90.7040 90.7680 61
90.8960 91.0560 62
91.0880 91.1200 63
91.1520 91.2160 64
91.3760 91.4720 64
91.5040 91.6640 66
91.8240 91.8560 67
91.8880 91.9840 68
92.0160 92.2720 65
92.3040 92.4320 66
92.7520 92.9120 71
92.9440 93.2000 65
93.2320 93.2320 68
93.2640 93.3920 70
93.4240 93.4560 65
93.4880 93.7120 64
93.7440 93.8080 68
93.8400 93.8720 67
93.9040 94.1600 65
94.1920 94.3200 70
94.3520 94.3520 68
94.4800 94.6080 65
94.6400 94.6400 62
94.6720 94.8320 59
94.8640 95.0560 57
95.6320 95.7280 67
95.9200 96.0800 64
96.1120 96.1760 66
96.5920 96.7520 68
98.0000 98.0640 66
98.0960 98.1600 67
98.2880 98.3520 69
98.7040 98.8640 64
98.8960 98.9280 65
98.9600 99.1200 66
99.7280 99.7920 69
99.9200 100.0480 67
100.3680 100.6560 67
100.6880 100.7840 69
100.8160 100.8800 68
100.9120 101.0400 67
101.0720 101.3280 63
101.3600 101.5200 66
101.5520 101.7760 63
101.8080 101.8720 66
101.9040 101.9680 67
102.0960 102.1920 70
102.3200 102.5120 66
102.5440 102.6400 65
103.0240 103.6960 59
105.4240 105.8080 59
105.8400 105.9680 60
106.0960 106.3200 62
106.3520 106.4480 64
106.5760 106.7040 65
106.7360 106.8640 66
106.8960 106.9600 67
106.9920 107.0560 69
107.0880 107.2480 66
107.2800 107.5360 64
107.6000 107.6000 67
107.9840 108.0480 67
108.0800 108.1760 66
108.2080 108.4320 63
108.4640 108.4960 67
108.5280 108.6240 69
108.6560 108.9440 64
108.9760 109.1360 66
109.1680 109.2640 64
109.2960 109.4240 63
109.4560 109.6480 67
109.7440 109.8720 64
109.9040 110.0640 68
110.0960 110.3840 64
110.8640 110.9920 68
111.0240 111.0560 66
111.0880 111.3440 64
111.4080 111.4720 68
111.8240 111.9840 70
112.0160 112.2720 63
112.3360 112.4640 68
112.4960 112.5280 64
112.5920 112.6560 63
112.7200 112.7840 64
112.8160 112.9120 66
113.0400 113.2320 64
113.2640 113.2640 67
113.2960 113.4240 69
113.4560 113.5840 70
113.7120 113.8080 71
113.8400 113.9040 68
113.9360 114.0640 64
114.2240 114.2560 68
114.6720 114.7040 69
114.7360 114.8000 70
114.8320 114.8640 68
114.9920 115.0560 64
115.0880 115.1200 65
115.1520 115.2160 69
115.2480 115.2800 68
115.6000 115.7920 69
115.8240 115.8240 67
115.8560 115.8560 63
115.9840 115.9840 63
116.0480 116.1120 65
116.1440 116.2080 68
116.4320 116.5920 65
116.6240 116.7520 71
116.7840 116.7840 64
116.8160 116.8480 62
116.8800 117.0080 64
117.0400 117.0720 67
117.1040 117.2000 68
117.2320 117.2640 65
117.3280 117.3920 63
117.5200 117.5200 64
117.5520 117.7120 69
117.7440 117.8080 67
117.8400 117.8400 64
118.2560 118.9600 59
121.6160 121.7760 59
121.8080 121.9040 65
121.9360 122.1600 66
122.2880 122.4480 64
122.5760 122.6720 65
122.7040 122.9920 66
123.0240 123.0880 65
123.1200 123.3440 64
123.3760 123.6000 65
123.6320 123.8240 66
123.9200 123.9520 67
123.9840 124.0480 65
124.0800 124.2720 64
124.3040 124.5600 65
124.5920 124.8800 66
124.9120 124.9440 65
125.3920 125.5520 59
125.5840 125.6160 63
125.6480 125.7120 64
125.7440 125.9040 66
126.0640 126.1920 64
126.3520 126.4800 65
126.5120 126.7360 66
126.7680 126.9280 67
126.9600 127.1200 69
127.1520 127.1840 68
127.3120 127.3760 65
127.4080 127.6000 66
127.7920 127.8880 67
127.9200 128.0800 69
128.2400 128.2720 65
128.3040 128.4640 66
128.4960 128.7520 64
129.1040 129.3280 59
129.4560 129.4880 64
129.5200 129.5840 65
129.6160 129.7760 66
129.8080 130.0320 65
130.1600 130.2880 65
130.3200 130.5440 66
130.5760 130.6080 65
130.6400 130.8320 64
131.0880 131.2160 65
131.2480 131.4080 66
131.6000 131.6320 64
131.6640 131.8880 65
132.0480 132.2720 66
132.3040 132.7200 65
132.7520 132.8800 66
133.5520 133.8720 59
133.9040 133.9680 60
134.0000 134.1280 62
136.6880 136.9760 59
137.0080 137.0080 61
137.0400 137.3600 65
137.5200 137.9040 64
137.9360 138.3200 66
138.3520 138.6720 64
138.7040 138.8320 65
138.8640 138.9920 66
139.0240 139.6640 64
139.6960 139.8240 65
139.8560 140.1760 66
140.6240 140.8160 60
140.8480 140.8480 62
140.8800 140.9760 64
141.0080 141.1360 66
141.3280 141.7120 64
141.7440 141.9040 66
142.1280 142.4160 64
142.4480 142.6400 65
142.6720 142.8960 66
142.9600 142.9920 66
143.0240 143.1200 67
143.1520 143.3760 69
143.5040 143.7920 66
143.8240 143.9520 64
144.3360 144.5600 59
144.6880 144.8160 64
144.8480 145.0400 66
145.0720 145.2640 64
145.3920 145.5200 65
145.5520 145.7440 66
145.7760 146.4800 65
146.5120 146.7040 66
146.8320 147.2480 64
147.2800 147.6320 65
147.6640 147.8560 64
147.9840 148.2400 65
148.2720 148.3040 64
148.4640 149.8080 59
151.1200 151.4080 59
151.5680 151.6640 61
151.8240 151.9840 62
152.0160 152.1120 63
152.3040 152.3360 64
152.3680 152.4000 65
152.4320 152.6880 66
152.7200 152.8480 67
152.8800 152.9760 66
153.0080 153.2000 64
153.2320 153.2960 69
153.7760 153.9040 67
153.9360 154.1920 64
154.2240 154.3520 68
154.3840 154.6080 64
154.8320 154.9600 65
155.1520 155.2800 69
155.3120 155.6000 64
155.6320 155.8240 66
155.8560 155.9200 64
155.9520 156.0800 65
156.1120 156.1760 69
156.6880 156.6880 67
156.9120 156.9760 70
157.5200 157.6800 68
157.7120 157.7440 66
157.9680 158.0000 65
158.0320 158.1600 67
158.1920 158.4160 64
158.5760 158.6720 66
158.9280 159.1200 66
159.1520 159.3760 64
159.8240 159.9200 65
159.9520 160.0480 67
160.3680 160.4960 68
160.6240 160.6880 64
161.3280 161.4560 69
161.5200 161.8080 64
161.8400 161.9360 68
162.0640 162.2880 64
162.3200 162.4160 68
162.4480 162.5440 66
162.6720 162.7680 64
162.8000 162.9280 67
163.0560 163.2800 64
163.3120 163.5360 65
164.0160 164.9760 59
166.3520 166.6400 59
166.8000 166.9280 61
166.9600 167.3760 63
167.5360 167.6000 65
167.6320 167.8560 66
168.2400 168.4000 64
168.5280 168.5920 67
168.9440 169.1040 69
169.1360 169.3920 64
169.4880 169.5200 67
169.5840 169.9040 64
169.9360 170.0320 67
170.1600 170.3840 64
170.4160 170.5440 67
170.6720 170.8320 64
170.8640 171.0240 68
171.0560 171.0880 65
171.1520 171.2800 64
171.3120 171.4720 66
171.7920 171.8560 66
172.0480 172.0800 67
172.1120 172.2400 70
172.2720 172.3360 69
172.3680 172.4640 67
172.7520 172.9120 70
172.9440 173.1040 64
173.2640 173.3600 67
173.3920 173.6480 64
173.7760 173.8400 67
173.8720 173.9040 65
173.9680 174.0320 64
174.2560 174.3200 67
174.6720 174.7680 67
174.8000 174.8320 65
175.6000 175.6640 67
176.0800 176.0800 64
176.1120 176.2720 68
176.5600 176.6240 69
176.8160 177.0400 64
177.0720 177.2000 67
177.2320 177.4560 64
177.7120 177.7440 64
177.8080 177.8720 64
178.0960 178.1600 65
178.4800 178.6080 59
178.6720 178.6720 58
179.1840 180.3360 59
181.4560 181.6160 59
181.8080 182.0960 62
182.2560 182.3520 67
182.3840 182.5120 69
182.5440 182.7040 68
182.7360 182.7680 67
182.8000 183.2160 66
183.2480 183.3120 65
183.3440 185.0400 64
185.7120 185.7760 62
185.8080 185.9680 63
186.1280 186.3520 64
186.5760 186.6400 66
186.6720 186.7680 67
186.8000 187.0560 65
187.0880 187.4400 67
187.4720 187.7600 66
187.7920 188.1120 67
188.1440 188.6240 66
188.6560 188.9120 67
189.3920 189.5200 68
189.5520 189.6800 69
189.7120 190.2240 67
190.3840 190.4800 65
190.5120 192.7840 66
193.3600 193.4240 63
193.4560 193.5840 65
193.7120 196.2080 67
197.0720 197.1040 65
197.1360 197.1680 66
197.2000 197.5840 67
197.6160 197.7120 66
197.7440 197.8080 64
197.8400 197.9360 65
197.9680 198.0320 67
198.0640 198.1920 66
198.2240 198.7360 65
198.7680 199.7600 64
199.7920 199.8880 63
199.9200 199.9520 60
200.6560 200.9760 59
201.1360 201.2000 61
201.3600 201.4560 62
201.4880 201.5520 63
201.5840 201.6480 64
201.8400 201.8720 64
201.9040 202.2240 66
202.2560 202.4480 67
202.4800 202.7680 64
202.8000 202.8960 67
203.2160 203.2480 67
203.2800 203.4080 68
203.4400 203.6640 64
203.6960 203.8560 67
203.8880 203.9200 65
203.9520 204.1760 64
204.2080 204.4000 66
204.4320 204.6240 64
204.6560 204.8160 67
204.8480 204.9120 65
205.0400 205.7440 65
206.0960 206.2560 67
206.2880 206.5760 64
206.6080 206.7360 67
207.0240 207.2160 67
207.2480 207.3440 65
207.4080 207.4080 64
207.5040 207.5040 65
207.5360 207.6640 67
207.6960 207.9840 64
208.0160 208.1440 66
208.1760 208.4640 64
208.5600 208.5600 66
208.6560 208.9120 64
208.9440 209.1040 66
209.1360 209.3600 64
209.3920 209.5520 66
209.9040 210.0640 66
210.0960 210.3520 64
210.3840 210.5120 68
210.8320 211.0240 67
211.0560 211.2800 64
211.3120 211.4720 67
211.5040 211.7280 64
211.8560 211.9520 67
212.0800 212.2400 70
212.2720 212.3680 69
212.4000 212.4320 67
212.4640 212.5280 65
212.5600 212.6880 64
212.8160 212.8800 67
212.9120 213.0080 66
213.0400 213.0720 65
213.4560 214.3840 59
215.8560 216.2720 59
216.3040 216.3360 60
216.3680 216.4320 61
216.5600 216.7200 62
216.7520 216.8800 63
217.0400 217.1040 65
217.1360 217.4560 66
217.4880 217.5200 67
217.5520 217.6800 68
217.7120 217.7760 65
217.8080 217.9680 64
218.0000 218.0640 67
218.0960 218.1600 66
218.4480 218.6400 67
218.6720 218.8960 64
218.9280 219.0880 67
219.1200 219.3440 65
219.3760 219.5680 66
219.6000 219.6320 65
219.6640 219.8240 64
220.0480 220.3360 64
220.5280 220.9440 64
221.2960 221.3920 70
221.4240 221.4880 67
221.5200 221.7760 64
221.8080 221.9040 67
222.2560 222.4480 67
222.4800 222.7360 65
222.7680 222.9280 66
222.9600 222.9920 65
223.0240 223.1520 64
223.4720 223.5680 64
223.7600 223.8560 66
223.8880 223.9840 65
224.0160 224.1120 64
224.4000 224.6240 64
224.6560 224.7840 67
225.1040 225.2000 67
225.2320 225.2960 66
225.3280 225.3600 65
225.3920 225.5840 64
225.6160 225.7440 66
226.1600 226.2240 66
226.2560 226.2880 65
226.3200 226.5120 64
226.7360 226.9920 64
227.2480 227.4400 64
227.4720 227.5040 62
227.6960 227.7920 63
227.8240 227.9200 64
228.0480 228.2720 65
228.7520 229.7440 59
232.5600 232.9760 66
233.0080 233.2000 64
233.3280 233.3280 70
233.7120 233.8720 68
233.9040 234.1280 64
234.1600 234.3200 67
234.3520 234.3840 65
234.4160 234.6080 64
234.6400 234.8000 68
234.8320 234.8640 66
234.8960 235.0560 64
235.0880 235.2160 66
235.2480 235.3440 65
235.3760 235.5360 64
235.5680 235.6320 68
235.6640 235.7600 67
235.7920 236.0800 64
236.1120 236.2400 67
236.5280 236.7200 67
236.7520 237.0080 64
237.0400 237.1680 69
237.4880 237.7120 67
237.7440 237.9680 64
238.0000 238.0000 68
238.0320 238.0960 70
238.1280 238.1920 67
238.2240 238.4160 63
238.4480 238.4480 65
238.4800 238.6080 69
238.6400 238.9280 64
238.9600 239.0560 67
239.0880 239.1840 65
239.2160 239.4080 64
239.4400 239.5680 70
239.6000 239.8560 64
239.8880 239.9840 66
240.3680 240.5280 69
240.5600 240.5920 66
240.8480 240.8480 64
240.8800 241.0400 67
241.3280 241.5200 67
241.5520 241.7760 64
241.8080 241.9680 67
242.0000 242.2240 64
242.4480 242.5120 64
242.5440 242.6080 63
242.6720 242.7040 64
242.7360 242.8960 66
242.9280 243.2160 64
243.2480 243.5360 66
243.5680 243.5680 64
243.7600 245.3280 59
265.0080 265.3280 67
265.5200 265.5840 66
267.7600 268.3680 66
