41.5520 41.6480 58
41.6800 42.7680 60
43.5680 43.9200 56
43.9520 43.9840 58
44.0160 45.1360 59
47.8240 47.9520 58
47.9840 49.0080 59
49.8720 50.0000 55
50.2240 50.3200 56
50.3520 51.0560 57
54.1280 54.1920 59
54.2240 54.8000 60
54.9920 55.5040 60
55.5360 55.9520 62
56.1120 56.4640 60
56.4960 56.5280 62
56.5600 56.6240 63
56.6560 56.8800 64
56.9120 57.5200 62
57.7440 57.9040 60
58.1280 58.1920 58
58.2240 58.3520 59
58.5440 58.7040 60
58.8960 58.9920 58
59.0240 59.2160 59
59.3760 59.4400 56
59.4720 59.7600 55
66.6720 66.7680 57
66.8000 66.8640 59
66.8960 68.4640 60
68.7520 68.8800 61
68.9120 69.3920 62
69.5520 69.6160 60
69.6480 71.3760 59
73.0720 73.1360 58
73.1680 73.2960 59
73.4560 74.3840 59
75.0560 75.1200 62
75.1520 75.2160 64
75.2480 75.7920 65
75.8240 76.0160 63
76.0480 77.0720 64
77.8400 77.9360 63
77.9680 78.0960 64
78.1280 78.5120 65
78.5440 78.7360 63
78.7680 78.9600 64
78.9920 79.5040 65
79.5360 79.6640 67
79.8880 80.5600 60
81.3920 81.4880 61
81.5200 82.0640 62
83.3440 83.3760 57
83.4080 83.4720 58
83.5040 83.7280 59
84.0160 84.3680 60
84.6240 84.7840 58
84.8160 85.2000 59
85.3920 87.1520 60
90.4160 90.4480 62
90.4800 90.5440 63
90.5760 90.7040 64
90.8960 91.6640 64
91.6960 92.0160 65
92.1440 92.7200 62
93.7120 93.9680 62
94.1280 95.0240 62
95.0560 95.1200 64
95.3120 95.6640 60
97.4880 97.9680 59
98.0000 98.3200 62
98.3520 98.4480 63
98.4800 98.6080 64
98.6400 99.0240 62
99.0560 99.3440 58
99.3760 99.7280 60
99.8560 99.9200 60
99.9520 100.1440 62
100.1760 100.6560 59
100.7200 101.2640 57
101.4560 101.9040 55
103.1520 103.4080 63
103.5680 104.5280 64
104.7200 105.0080 67
105.0400 105.7760 62
106.6720 106.8640 62
106.8960 107.0880 56
107.1200 107.2160 59
107.2480 107.4720 62
107.5040 107.9520 64
107.9840 108.2080 65
108.2400 108.4000 63
108.4320 108.9760 64
110.0320 110.3200 59
110.3520 110.6080 60
110.6400 110.8320 62
110.9600 111.0240 62
111.0560 111.1520 64
111.3440 111.6320 62
111.7920 111.9200 57
111.9520 112.1440 59
112.4000 112.5600 59
113.1040 113.1680 58
113.2000 113.7760 59
113.8080 115.1200 57
116.1760 116.6880 58
116.7200 116.9120 60
116.9440 117.2960 62
117.3280 117.4240 64
117.6160 118.0000 62
118.0320 118.2240 59
118.2560 118.4800 60
118.5120 118.8000 59
119.3760 119.4720 59
119.5040 119.8880 60
120.0800 120.7520 60
130.9280 131.0880 57
133.1360 133.2320 59
133.2640 134.5760 60
135.2480 135.3120 61
135.3440 135.8880 62
136.0480 138.7680 59
139.4400 139.6640 59
139.8560 140.5920 59
141.2640 141.3600 61
141.3920 142.1280 65
142.1600 142.3200 63
142.3520 143.5040 64
144.1440 144.2400 63
144.2720 144.5280 64
144.5600 144.8800 65
144.9120 145.1040 63
145.1360 145.3600 64
145.3920 145.7440 65
145.7760 145.8080 66
145.8400 145.9680 67
146.2240 146.9280 60
147.7600 147.8560 61
147.8880 149.0080 62
149.6480 149.6800 58
149.7120 150.0640 59
150.2240 150.2560 62
150.2880 150.8000 65
150.9600 151.5040 64
151.6960 155.8240 60
156.6560 156.7520 60
156.7840 156.8800 63
156.9120 157.0720 64
157.2320 157.9680 64
158.0000 158.4160 65
158.4480 159.2480 62
159.9520 160.0480 61
160.0800 160.2080 62
160.4000 161.2320 62
161.2640 161.3600 64
161.5200 162.1600 60
163.5040 163.6000 57
163.7600 164.0480 59
164.0800 164.2720 60
164.3040 164.5920 62
164.6240 164.6880 63
164.7200 164.9120 64
164.9440 165.3280 62
165.3600 165.3920 59
165.4240 165.5840 57
165.6160 165.8400 59
165.8720 166.0320 60
166.1600 166.2560 60
166.2880 166.4160 62
166.4480 166.9280 59
167.0560 167.4720 57
167.5040 167.6320 58
167.7600 168.5920 55
169.4240 169.5520 62
169.5840 169.6800 64
169.8720 170.6080 64
170.6400 170.8640 65
171.0240 171.3440 67
171.3760 172.0800 62
172.9440 173.1040 62
173.2640 173.3920 56
173.4240 173.5200 60
173.5520 173.7440 62
173.7760 175.5360 64
176.1120 176.1760 57
176.3360 176.6560 58
176.6880 176.9120 60
176.9440 177.1360 62
177.2640 177.3600 63
177.3920 177.4880 64
177.6480 177.9680 62
178.0000 178.0000 59
178.0960 178.1920 57
178.2240 178.3840 59
178.6400 178.8640 60
179.3760 179.4720 57
179.5040 180.1120 59
180.1440 182.8640 57
190.2880 190.8000 59
191.0240 191.0880 61
191.3440 191.4720 62
193.1040 193.1680 62
193.4560 193.5520 62
194.7360 194.8320 67
196.5280 198.5440 67
198.7040 201.2640 62
201.2960 201.8400 60
201.8720 201.9360 61
202.1920 203.0880 62
203.9520 204.1760 69
204.3040 204.5600 68
207.3120 207.3120 56
207.3440 207.3760 60
207.4080 207.4720 63
207.5040 207.6640 64
207.8560 208.1440 64
208.1760 208.3040 62
208.3360 208.9120 65
209.0400 209.4240 62
210.5760 210.6720 61
210.7040 210.8320 62
210.9920 211.7920 62
211.8240 211.9200 64
212.1440 212.5920 60
214.0640 214.1280 57
214.2880 214.6080 59
214.6400 214.8000 60
214.8320 214.9920 62
215.1200 215.2480 62
215.2800 215.4400 64
215.4720 215.8560 62
215.8880 215.8880 60
215.9200 216.1440 57
216.1760 216.3680 59
216.4000 216.7840 60
216.8160 216.9440 62
216.9760 217.3920 59
217.6160 218.0640 57
218.0960 218.1600 59
218.3200 219.1200 55
219.8560 219.8880 59
219.9200 219.9200 61
219.9520 220.0160 63
220.0480 220.1760 64
220.3680 221.1360 64
221.1680 221.3600 65
221.5520 221.6480 65
221.6800 221.9040 67
221.9360 223.7600 62
223.9200 223.9520 60
223.9840 224.0480 61
224.0800 224.3040 62
224.3360 226.0000 64
226.6080 226.7040 56
226.8320 226.9280 59
226.9600 227.2160 58
227.2480 227.4080 60
227.4400 227.6320 62
227.7600 227.9840 64
228.1440 228.4960 62
228.6560 228.7520 57
228.7840 228.9120 59
229.1040 229.2640 60
229.4880 229.8720 59
229.9040 231.9200 57
233.0400 233.0720 57
233.1040 233.7120 59
233.7440 234.1280 62
234.1600 234.2880 64
234.4800 234.8320 62
234.8640 235.6320 59
236.2400 237.6160 60
238.1280 238.1920 58
