6.2560 6.3200 55
11.9520 12.0800 55
13.1360 13.2320 56
14.1920 14.3520 56
18.3200 18.4800 59
25.7760 25.8400 57
28.6240 29.2640 56
29.2960 29.8720 54
29.9040 30.0320 53
30.0640 30.2880 52
30.3200 30.4800 53
30.5120 30.6400 54
30.6720 30.7680 55
30.8000 31.1520 56
31.1840 31.2160 57
31.3760 32.4000 59
33.2000 33.3600 56
33.3920 33.4240 55
33.4560 33.7120 54
33.8720 34.0000 56
34.0320 34.1600 57
34.1920 34.1920 59
34.2240 34.2880 62
34.3200 34.4480 63
34.6080 34.7680 62
34.8000 35.3440 63
35.5360 35.6320 53
35.6640 36.1440 52
36.1760 36.3040 53
36.3360 36.3680 54
36.4000 36.6560 55
36.7840 37.0720 56
37.2960 37.4240 64
37.5840 37.6160 61
37.6480 37.7440 62
37.7760 38.4160 63
38.7040 39.0880 61
39.1200 39.5360 58
39.5680 39.6960 59
40.6560 40.7200 59
40.7520 40.7840 60
40.8160 41.2320 61
41.6480 41.8400 56
41.8720 41.9040 54
41.9360 42.1280 53
42.1600 42.2240 54
42.3840 42.4160 55
42.4480 42.6720 56
42.7040 43.0240 57
43.0560 43.1200 60
43.1520 43.3120 63
43.4400 44.3040 63
44.6240 45.7120 64
46.4160 46.4480 65
46.4800 46.6720 63
46.8960 47.0240 61
47.0560 47.1520 62
47.1840 47.3120 64
47.3440 47.3760 62
47.4080 47.7600 61
47.9200 47.9840 62
48.0160 48.2080 64
48.4320 48.8480 61
49.2640 49.6160 58
49.6480 50.2560 59
51.5040 51.5680 52
52.2080 52.2400 52
52.3040 52.3360 54
52.3680 52.4960 55
52.5280 52.9120 56
52.9440 53.0400 55
53.0720 53.5520 54
53.5840 53.7120 53
53.8080 54.1600 53
54.1920 54.4480 54
54.6400 54.8640 56
55.0560 55.1200 58
55.1520 56.0160 59
56.9440 57.0400 56
57.0720 57.3920 54
57.5200 57.8720 56
57.9040 57.9680 60
58.0000 59.2160 63
59.5680 59.8240 53
60.0800 60.3680 54
60.4960 60.7200 56
60.9120 60.9120 61
60.9440 61.1360 66
61.2640 61.5840 66
61.6160 61.8080 68
61.8400 62.1920 66
62.4160 62.5760 62
62.7360 63.2160 61
63.4400 63.8240 59
64.2720 64.4320 59
64.4640 65.0080 61
65.4560 65.5200 56
65.8400 65.9360 54
65.9680 66.0320 55
66.0640 66.3200 56
66.3520 66.6080 57
66.8960 67.4080 66
67.5680 67.7600 69
67.7920 68.1120 68
68.3680 68.4000 62
68.4320 68.5600 63
68.6880 69.2320 64
69.2640 69.4560 63
69.7120 69.9360 61
70.0960 70.2880 64
70.3200 70.6080 62
70.8320 70.9600 64
70.9920 71.3760 61
71.4080 71.4720 62
71.7280 72.0480 64
72.0800 72.2400 66
72.2720 72.3040 63
72.4000 72.4960 62
72.5280 73.0080 64
73.0400 73.7440 66
74.2240 74.4480 59
74.5760 74.7040 66
74.7360 75.1200 68
75.1520 75.2800 65
75.3120 75.3760 62
75.4080 75.6320 66
75.6640 75.9520 64
76.4000 76.4640 68
76.4960 76.6560 63
76.8160 76.9760 63
77.0080 77.4240 61
77.6160 77.7760 63
78.1600 78.4800 66
78.7040 78.8320 63
78.8640 79.7280 59
80.2080 80.4320 59
80.4640 80.4640 61
80.4960 80.6240 66
80.6560 81.1040 68
81.2960 81.3280 63
81.3600 81.5520 66
81.5840 81.8400 64
82.5120 82.8320 64
82.8640 83.1840 61
83.3440 83.3760 61
83.4080 83.8880 63
83.9200 84.0480 64
84.0800 84.1120 65
84.1440 84.2720 66
84.4640 84.5600 71
84.5920 84.7520 72
84.7840 84.8160 71
84.9440 86.0000 71
86.4480 86.5440 67
86.5760 87.2160 68
87.2480 87.4080 69
87.5360 88.0480 71
88.0800 88.1440 74
88.1760 88.4000 73
88.4320 88.5280 74
88.6560 88.6880 66
88.7200 88.7840 67
88.8160 88.9440 68
88.9760 89.0720 67
89.1040 89.7440 66
89.7760 89.8080 65
90.0960 90.1600 61
90.1920 90.1920 63
90.2240 90.4160 68
90.4480 90.8640 69
90.8960 90.9600 70
90.9920 91.4080 71
91.6000 91.6320 64
91.6640 91.7280 65
91.7600 91.9840 66
92.0160 93.3600 65
94.2880 94.6080 63
94.6400 94.8000 64
95.0560 95.2480 64
95.3760 95.4720 68
95.5040 95.6960 69
95.7280 95.7920 70
95.9520 96.0160 69
96.0480 96.2720 68
96.3040 96.7200 64
96.8160 97.0400 69
97.0720 97.2000 66
97.4240 97.4880 69
97.5200 97.6480 66
97.6800 97.7120 65
97.7440 99.3440 64
99.3760 99.8560 63
99.8880 100.1120 62
100.1440 100.2400 63
100.2720 101.3920 64
101.9040 102.0000 64
103.6000 104.0160 61
104.4960 104.6240 60
104.6560 105.3920 61
105.9360 105.9680 62
106.1600 106.2240 60
106.2560 108.2080 61
108.2400 110.4160 63
110.4480 110.7040 62
110.7360 112.8160 63
112.8480 113.1360 62
113.1680 113.3920 61
113.4240 114.0960 62
114.1280 114.9600 61
115.9520 116.0160 59
116.0480 116.0480 62
116.0800 116.0800 64
116.1120 116.2400 67
116.2720 117.4560 68
117.4880 117.9040 67
117.9360 120.4320 66
120.8800 121.3600 63
123.3120 123.6000 55
123.6320 124.0800 56
124.1120 124.1760 55
124.2080 124.8480 54
125.2320 125.5520 54
125.6800 125.9040 56
126.1920 127.3120 59
128.0160 128.1440 56
128.1760 128.2080 55
128.2400 128.4640 54
128.4960 128.5280 55
128.5600 128.8800 56
128.9120 128.9440 57
129.1040 130.1600 63
130.1920 130.2880 62
130.8640 131.1840 53
131.2160 131.5040 54
131.6000 131.8560 56
131.9840 132.0480 63
132.0800 132.6240 66
132.6560 132.6880 67
132.7200 132.9120 68
132.9440 133.2960 66
133.4560 133.5200 61
133.5520 133.6800 63
133.8720 134.0640 62
134.0960 134.3200 61
134.5440 134.5760 58
134.6080 134.8960 59
135.2480 135.3440 58
135.3760 135.5040 60
135.5360 136.0800 61
136.5600 136.6560 57
136.8480 136.9120 55
136.9440 137.0720 54
137.1040 137.1360 55
137.1680 137.3280 56
137.3600 137.6480 57
137.6800 137.7440 58
137.9360 137.9360 62
137.9680 138.0000 65
138.0320 138.5120 66
138.6400 138.8960 69
138.9280 139.2480 68
139.4080 139.4720 62
139.5040 139.6320 63
139.7920 139.8240 63
139.8560 140.3360 64
140.3680 140.4000 63
140.8480 141.0720 61
141.2000 141.2960 64
141.3280 141.3920 63
141.4240 141.7760 61
141.9680 142.0640 64
142.0960 142.4480 61
142.4800 142.5760 62
142.7040 142.9600 64
142.9920 143.0240 68
143.0560 143.1520 69
143.1840 143.4080 71
143.4400 143.4400 69
143.4720 143.5360 67
143.5680 143.7600 68
143.7920 144.0800 69
144.2080 144.3360 65
144.3680 144.9440 66
145.2960 145.5200 59
145.7120 145.8080 66
145.8400 146.2560 68
146.4800 146.5440 65
146.5760 146.7680 66
146.8000 147.0560 64
147.5360 147.6000 63
147.6320 147.7600 64
147.8880 148.0160 65
148.0480 148.0800 63
148.1120 148.5600 61
148.5920 148.6880 62
148.7200 148.8480 63
149.0080 149.2000 64
149.3280 149.4240 65
149.4560 149.5520 67
149.5840 149.7120 66
149.7440 149.7760 65
149.8080 149.9040 64
149.9360 149.9360 61
149.9680 150.7680 59
151.3760 151.5680 59
151.6000 151.6000 61
151.6320 151.7280 66
151.7600 152.2080 68
152.3040 152.4320 64
152.4640 152.6560 66
152.6880 152.9760 63
153.1040 153.2960 63
153.6160 153.9360 64
153.9680 154.3520 61
154.5440 154.6400 62
154.6720 154.8320 63
154.9600 155.1520 64
155.1840 155.3440 66
155.5040 155.5360 69
155.5680 155.8240 71
155.9840 156.9760 71
157.0080 157.0720 72
157.4880 157.5200 66
157.5520 157.7760 68
157.9040 158.3520 68
158.3840 158.5440 69
158.6720 159.0880 71
159.1200 159.1520 72
159.1840 159.7280 73
159.7600 159.9200 67
159.9520 160.1440 68
160.1760 160.2080 67
160.2400 160.9440 66
161.2960 161.2960 62
161.3280 161.3280 65
161.3600 161.5520 68
161.5840 162.0960 69
162.1280 162.5760 71
162.7680 162.8640 65
162.8960 163.1520 66
163.1840 164.3680 65
164.4960 164.5920 65
165.1680 165.3600 60
165.3920 165.4560 63
165.4880 165.7120 64
165.7440 165.9040 63
166.0640 166.5760 64
166.8320 167.2160 59
167.2480 167.3440 60
167.3760 167.4720 65
167.5040 167.6320 67
167.8560 167.9840 65
168.0160 168.6560 67
169.0720 169.3600 60
169.3920 170.0640 68
170.0960 170.0960 66
170.2240 170.4480 66
170.4800 170.7360 64
171.2160 171.3120 62
171.3440 171.4720 64
171.6320 171.7600 64
171.7920 172.1760 61
172.2080 172.3680 62
172.4000 172.5600 63
172.7200 172.8480 64
173.0080 173.1040 65
173.1360 173.2640 67
173.2960 173.4560 66
173.4880 173.6160 65
173.6480 173.6800 63
173.7120 174.4800 59
174.5120 174.5440 60
174.9600 175.1200 59
175.1520 175.2480 60
175.2800 175.4080 67
175.4400 175.7600 68
175.7920 175.9520 69
176.1440 176.3360 67
176.3680 176.8160 64
177.2320 177.2640 60
177.2960 177.6480 64
177.6800 178.0000 61
178.1600 178.2560 62
178.2880 178.5760 63
178.6080 178.8000 64
178.8320 178.8640 65
178.8960 179.0560 66
179.2160 179.2480 71
179.2800 179.6320 72
179.6640 179.7600 71
179.7920 180.1440 72
180.1760 181.2000 71
181.3600 182.0320 68
182.0640 182.2560 69
182.3840 182.7360 71
182.7680 182.8320 72
182.8640 183.2480 73
183.2800 183.4400 74
183.4720 183.6000 67
183.6320 183.8560 68
183.8880 183.9200 67
183.9520 184.1120 66
184.2400 184.5600 66
184.7200 184.7840 67
185.0400 185.2640 68
185.2960 185.5520 69
185.7120 185.8720 70
185.9040 186.3840 71
186.4160 186.4160 65
186.4480 186.4800 63
186.5120 186.5440 65
186.5760 186.8640 66
186.8960 188.5280 65
189.0080 189.0080 60
189.0400 189.1040 62
189.1360 189.2960 63
189.3280 189.6480 64
189.6800 189.7760 63
190.0000 190.0320 67
190.0640 190.0960 68
190.1280 190.3200 69
190.5120 190.7040 68
190.7360 190.9600 64
190.9920 191.2160 65
191.2480 191.5360 66
191.5680 191.6640 65
191.6960 191.8880 66
191.9200 193.8720 64
193.9040 194.0000 63
195.0240 195.1200 63
195.1520 195.6000 64
195.7280 196.0480 64
196.4960 197.4240 66
197.4560 197.4880 65
198.0000 198.0320 63
198.0640 198.2560 65
198.2880 199.3440 66
199.5680 200.0800 67
200.1120 200.6240 68
201.0720 201.4560 69
201.6160 201.7440 68
201.7760 202.8320 69
202.9920 203.5040 70
203.5360 203.9840 68
204.1120 204.5920 67
204.6240 206.0000 68
206.7360 206.8320 62
206.8640 207.4080 69
207.5360 208.3360 69
208.3680 209.3280 71
209.4560 209.5200 70
209.7440 210.3200 71
210.3520 210.6080 69
210.7360 210.8960 71
210.9280 211.0880 73
211.1200 211.1520 71
211.1840 211.1840 67
211.2800 211.5360 68
211.5680 211.8240 66
211.8560 211.9200 67
211.9520 212.4640 68
212.4960 213.0080 69
213.4880 213.5840 63
213.6160 213.6480 67
213.6800 213.8400 68
213.9680 214.0960 68
214.1280 214.8960 69
214.9280 215.0560 67
215.0880 215.3120 68
215.3440 215.6000 69
215.6320 215.9200 68
216.0480 216.1440 68
216.1760 216.4000 69
216.4320 216.7520 71
216.7840 216.7840 69
216.8160 216.8800 67
216.9120 217.2000 68
217.2320 217.5840 67
217.6160 218.4480 66
221.7120 221.8400 64
222.0000 222.1280 64
222.1600 222.2880 61
222.4160 222.6080 61
222.7680 222.8640 61
222.8960 223.0560 63
223.1840 223.2800 64
223.4400 223.5680 64
223.6000 223.7920 66
223.8240 224.0160 64
224.0480 224.0480 62
224.1760 224.9120 59
225.2960 225.5520 59
225.5840 225.6480 62
225.6800 225.7440 65
225.7760 226.0640 68
226.0960 226.4160 69
226.4480 226.4800 67
226.5120 226.6400 66
226.6720 226.8960 63
226.9280 227.0240 65
227.5360 227.6000 62
227.6320 227.7280 64
227.8880 228.0160 63
228.0480 228.5600 61
228.5920 228.6880 62
228.7200 229.0080 63
229.0400 229.2000 64
229.2320 229.2960 66
229.3280 229.4240 65
229.4560 229.4880 68
229.5200 231.0880 71
231.1200 231.2160 75
231.6640 231.6960 67
231.7280 232.4000 68
232.4320 232.6240 69
232.7520 233.2000 71
233.2320 233.7440 73
233.8720 234.2560 68
234.2880 234.9600 66
235.0240 235.0240 66
235.1520 235.1520 66
235.2480 235.2480 65
235.3440 235.3440 65
235.3760 235.4080 67
235.4400 235.4720 68
235.5040 235.8560 69
235.8880 236.1120 70
236.1440 236.7520 71
236.7840 236.9120 65
236.9440 237.2320 66
237.2640 237.5200 65
237.5520 237.6480 67
237.6800 237.7760 66
237.8080 240.2400 65
241.0400 241.2000 63
241.2320 241.7440 64
241.7760 241.8080 65
241.8400 241.9680 67
242.0000 242.3200 69
242.3520 242.5120 68
242.6400 242.8320 63
242.9920 243.3120 66
243.4720 243.5040 64
243.5360 243.5680 65
243.6000 243.8240 66
243.8560 245.6480 64
246.2880 246.3520 72
246.3840 246.5120 71
246.5440 246.6400 72
246.6720 246.8640 73
246.8960 247.0560 74
247.0880 247.1520 73
247.1840 247.1840 70
247.2160 247.3440 67
247.3760 247.6640 68
247.6960 248.9440 66
249.3600 249.4240 67
249.4560 249.5840 70
249.6160 249.9680 71
250.0000 250.1280 72
250.2560 250.6080 66
250.6400 254.0640 65
255.7600 255.9840 62
256.0160 256.0480 63
256.0800 256.1760 64
256.3360 256.3680 63
256.4000 256.6240 64
256.8160 257.1040 64
257.1360 257.2640 67
257.2960 257.7120 69
258.0000 258.0320 65
258.0640 258.0960 67
258.1280 258.2560 68
258.4160 259.0880 64
260.2720 260.6560 65
260.6880 262.2880 64
265.4240 265.5200 56
265.5520 265.6160 58
267.0240 267.6320 59
271.3760 271.4400 56
271.4720 271.5360 57
273.6800 275.1520 59
275.3760 275.6000 59
281.6160 281.8400 58
290.9920 291.0880 54
291.1200 291.2800 56
293.2000 293.2640 57
293.4880 293.5520 54
293.7440 293.8080 53
300.0480 300.1440 58
308.7200 308.8160 58
319.6000 319.7600 63
320.2080 320.6880 63
320.8160 321.0400 59
