42.6400 42.6400 52
42.6720 42.7360 55
42.7680 42.8320 56
42.8640 43.1200 57
43.7920 43.7920 54
43.8240 44.0480 57
44.2080 44.3680 56
44.4000 44.5920 57
44.7520 45.1360 59
45.1680 45.5200 56
45.5520 45.7760 57
45.8080 45.8400 56
45.8720 45.9040 55
46.8320 46.8640 51
46.8960 46.9920 55
47.0240 47.6960 56
47.8560 48.3680 59
48.4000 48.5600 61
48.5920 48.5920 59
48.6240 49.0080 57
49.9680 50.1920 57
50.3200 50.3840 57
50.4160 50.4480 56
50.4800 50.5440 55
50.7040 50.8640 52
50.8960 50.9280 55
50.9600 50.9920 56
51.0240 51.1200 57
51.3120 51.5680 61
51.8560 51.9200 61
51.9520 52.1120 62
52.2720 52.4000 61
52.6880 52.9120 59
53.0400 53.2960 57
53.4560 53.7760 61
53.8080 54.0320 59
54.2240 54.4800 59
54.5120 54.5120 56
54.9600 54.9920 55
55.0240 55.0560 56
55.0880 55.3760 57
56.1120 56.2080 55
56.2400 56.7520 56
56.7840 56.8800 57
57.1040 57.3920 59
57.4240 57.7760 56
57.9680 58.3200 57
59.2160 59.2800 55
59.3120 59.3760 56
59.4080 59.5040 57
59.5360 59.7600 56
59.7920 59.9840 57
60.1760 60.5600 59
60.6880 60.8160 61
60.9760 61.3600 57
62.2880 62.3520 56
62.4800 62.5440 56
62.6720 62.8000 56
62.8320 62.8960 53
63.0560 63.0880 50
63.1200 63.2160 51
63.2480 63.2480 53
63.2800 63.5040 57
63.5360 63.6000 58
63.6320 63.9200 61
64.1440 64.2400 61
64.2720 64.4320 62
64.4640 64.7840 61
64.9440 65.0400 59
65.0720 65.1040 58
65.1360 65.5840 57
65.7120 65.8080 59
65.8400 66.0640 61
66.0960 66.7360 59
66.7680 66.7680 57
67.0560 67.2800 53
67.3120 67.3440 56
67.3760 68.1760 57
68.2080 68.3040 55
68.3360 68.5600 56
68.5920 69.2320 57
69.2640 69.2960 55
69.3280 69.3600 53
69.3920 69.4880 52
69.5200 69.5520 51
70.2240 70.6400 57
70.6720 70.8960 56
70.9280 71.3760 57
71.4080 71.4400 58
71.4720 71.8240 59
71.8560 72.6560 61
72.6880 72.7520 60
73.3920 73.4240 54
73.4560 73.4880 56
73.5200 73.6160 57
73.6480 73.6800 56
73.7120 73.7440 55
74.0320 74.3840 57
74.4160 74.4480 58
74.4800 74.6080 59
74.7360 74.7360 60
74.7680 75.1840 62
75.3120 75.6320 61
75.6640 75.6640 59
75.7600 75.7600 55
76.1120 76.3680 57
76.4000 76.4000 55
76.5280 76.7840 57
76.8160 77.2320 56
77.2640 77.5200 57
77.6480 77.7760 61
78.0320 78.3520 66
78.3840 78.9920 64
79.0240 79.0240 62
79.0560 79.0560 60
79.0880 79.0880 58
79.5040 80.6880 61
80.7200 80.9440 62
80.9760 81.0080 63
81.0400 81.2320 64
81.2640 81.3280 61
81.3600 81.4240 63
81.4560 81.4880 62
81.5200 81.5840 59
81.7120 81.8080 61
81.8400 81.9360 60
82.0320 82.2880 59
82.6400 82.6720 54
82.7040 83.7280 57
83.7600 83.8560 59
83.9840 84.0480 60
84.0800 84.4640 61
84.4960 84.9120 59
84.9440 85.1360 57
85.1680 85.5840 56
85.7120 85.8400 57
85.8720 85.9040 56
86.0960 86.1920 60
86.3200 86.4800 57
86.5760 86.5760 58
86.6080 86.7040 61
86.8640 87.0560 66
87.0880 87.1840 67
87.2160 87.4400 68
87.6320 87.6960 66
87.8240 87.8880 64
87.9200 87.9840 63
88.0160 88.4000 61
88.4320 88.4640 60
88.5920 88.6560 65
88.7840 88.8800 66
88.9120 88.9440 65
89.2000 89.5520 57
89.5840 89.6480 56
90.0960 90.1920 66
90.2240 90.3200 67
90.3520 90.4480 68
90.4800 90.4800 65
90.5120 90.5760 62
90.6080 90.8960 61
90.9280 91.1840 64
91.2160 91.3120 63
91.3440 91.3440 61
91.3760 91.3760 59
91.7920 91.8240 60
91.8560 93.0400 61
93.0720 93.3280 62
93.3600 93.6480 64
93.7440 93.8720 62
94.0000 94.1280 60
94.1600 94.2240 59
94.3200 94.7360 59
94.9600 94.9920 56
95.0240 95.9840 57
96.1120 96.2080 59
96.2400 96.3360 58
96.3680 96.4000 60
96.4320 96.6880 61
96.9120 97.1360 59
97.1680 97.2000 58
97.2320 97.3280 57
97.3600 97.3600 55
97.6480 97.9040 56
98.0320 98.1920 57
98.2240 98.2560 56
98.6720 98.9280 57
99.1520 99.1520 63
99.1840 99.3120 66
99.3440 99.4400 65
99.4720 99.5360 67
99.5680 99.8560 68
99.8880 99.9520 65
99.9840 100.0800 66
100.2080 100.3040 64
100.3360 100.4000 62
100.4320 100.7200 61
100.7520 100.7520 59
101.1040 101.2640 66
101.4880 101.5840 57
101.7440 101.8400 56
102.3200 102.3520 65
102.3840 102.7040 66
102.7360 102.8320 68
102.8640 102.9600 67
102.9920 103.1520 66
103.1840 103.5040 64
103.7280 103.7920 64
103.8240 103.8880 63
103.9200 104.7840 57
105.2640 106.0000 57
106.1920 106.8960 64
107.3440 107.4080 61
107.5360 108.0160 61
108.1760 108.2400 61
108.7840 109.4560 59
109.4880 109.5200 60
109.5520 109.8400 61
110.6720 111.7280 61
114.9600 115.1200 59
115.2480 115.6640 59
115.6960 115.7280 60
115.7600 115.8240 61
119.0240 119.1840 68
119.6320 119.7600 57
119.7920 119.8880 58
120.7200 120.9440 57
120.9760 121.2960 56
121.3280 121.6480 57
121.6800 122.0960 59
122.1280 122.1280 57
122.2560 122.4480 56
122.4800 122.7360 57
122.7680 122.8000 56
122.8320 122.8640 55
123.7600 123.7600 54
123.7920 123.9840 57
124.1440 124.4000 55
124.4320 124.6240 57
124.6560 124.7520 56
124.7840 125.1360 59
125.2960 125.4560 61
125.4880 125.9680 57
126.0000 126.0320 56
126.8960 126.9600 55
126.9920 127.1200 56
127.2800 127.4720 57
127.5680 127.6000 59
127.6640 127.6960 59
127.8880 127.9520 56
127.9840 128.2080 57
128.2400 128.4960 61
128.7840 128.9120 61
128.9440 129.0400 62
129.2000 129.4240 61
129.4560 129.5200 60
129.5520 129.6160 58
129.6480 129.6480 56
129.9680 130.1280 57
130.3200 130.5760 61
130.6080 130.7360 59
130.7680 130.8640 60
130.8960 131.3760 59
131.7600 131.8880 55
131.9200 132.2080 57
132.2400 132.2720 60
132.3040 132.4640 61
133.0080 133.1680 56
133.2000 133.2960 57
133.3280 133.6160 56
133.6480 133.8720 57
134.0000 134.2880 59
134.3200 134.7360 56
134.7680 135.0880 57
135.1200 135.1200 55
135.7600 136.0800 52
136.1120 136.1760 56
136.2080 136.4320 57
136.4640 136.6560 56
136.6880 136.9440 57
137.0720 137.3920 59
137.6480 137.7120 61
137.7440 138.2560 57
138.2880 138.3840 56
139.0560 139.2480 54
139.3760 139.5040 56
139.6000 139.7600 56
139.7920 139.7920 53
139.8240 139.8240 50
139.9840 140.0480 51
140.2080 140.3680 57
140.5280 140.5280 58
140.5600 140.6240 60
140.7520 140.8480 60
141.1040 141.2000 61
141.2320 141.3920 62
141.4240 141.7120 61
141.8720 141.9680 59
142.0000 142.1280 57
142.2560 142.4800 57
142.5120 142.5440 58
142.5760 142.6080 59
142.6400 142.9920 61
143.0240 143.7920 59
143.9840 144.0800 52
144.1120 144.1440 53
144.1760 144.2400 54
144.2720 144.4000 57
144.4320 144.7200 56
144.7520 145.0080 57
145.0400 145.4560 56
145.5840 146.3200 57
146.3520 146.3520 55
146.3840 146.3840 53
147.2480 147.5040 57
147.6960 147.8560 55
147.8880 148.3360 57
148.3680 148.5280 59
148.6560 148.6880 59
148.7200 148.7520 60
148.7840 149.6480 61
149.6800 149.6800 58
149.7120 149.8080 56
150.2240 150.2560 52
150.2880 150.3840 54
150.4160 150.5760 57
150.6080 150.8000 56
150.9280 151.3440 57
151.5040 151.6320 61
151.6640 151.6640 63
151.6960 152.0160 66
152.0480 152.1120 63
152.1440 152.1440 61
152.1760 152.2720 59
152.3040 152.5600 61
152.5920 152.7520 58
152.7840 153.3280 57
153.4560 153.7120 57
153.7440 154.0640 56
154.0960 154.1280 55
154.2560 154.4480 57
154.6080 154.8640 61
154.8960 154.9280 63
154.9600 155.2160 66
155.2480 155.3120 65
155.3440 155.5680 64
155.7600 155.9200 64
156.0480 156.2720 69
156.4640 157.5520 61
157.6800 157.9360 61
158.0000 158.0000 60
158.3840 158.4800 61
158.6080 158.8000 60
158.9920 159.0880 59
159.2160 159.5360 59
159.5680 160.0800 57
160.2720 160.3360 57
160.7200 160.9120 58
160.9760 161.3600 61
161.3920 161.7120 59
162.0320 162.1280 56
162.2880 162.5120 56
162.6720 162.8320 56
163.0240 163.1200 62
163.2800 163.4400 57
163.8240 164.1120 66
164.1440 164.3680 68
164.5600 164.6880 66
164.7200 164.7520 64
164.7840 165.1360 62
165.1680 165.2960 61
165.3280 165.3600 60
165.3920 165.4560 57
165.4880 165.5520 56
165.6800 165.8400 66
165.8720 165.8720 62
165.9040 165.9040 60
166.1280 166.4800 57
166.6080 166.7360 62
166.8960 166.9920 62
167.0240 167.2160 67
167.2480 167.3760 68
167.4080 167.8240 61
167.8560 168.1440 64
168.1760 168.1760 62
168.2080 168.2400 60
168.8160 169.8080 61
169.9360 170.2240 62
170.2560 170.2880 63
170.3200 170.6080 64
170.6400 170.7680 62
170.8960 170.9600 61
171.1200 171.1840 59
171.3440 171.6640 59
171.6960 171.7280 58
171.9200 171.9840 56
172.0160 172.3360 57
172.4320 172.9760 57
173.0080 173.2000 58
173.2320 173.2960 59
173.3280 173.3600 60
173.3920 173.6160 61
173.7760 174.0640 59
174.0960 174.1600 58
174.1920 174.2240 57
174.2560 174.3520 56
174.5120 174.8000 56
174.9280 175.0240 57
175.0560 175.1200 56
175.1520 175.1520 54
175.5360 175.6320 56
176.0480 176.3360 66
176.3680 176.7200 68
176.8480 177.0400 66
177.0720 177.1680 64
177.2000 177.6160 61
177.6480 177.6800 59
177.7120 177.7440 56
177.7760 177.9040 54
178.0320 178.1600 66
178.1920 178.1920 63
178.6720 178.8960 57
179.3120 179.4720 66
179.6000 180.1120 67
180.1440 180.2080 64
180.2400 180.3360 63
180.5600 180.7520 66
180.9120 182.0320 57
182.0640 182.1280 55
185.1680 185.2960 71
185.6160 185.8080 68
186.0000 186.0640 70
186.6400 187.1520 71
187.1840 187.1840 69
190.3520 190.4480 59
191.0560 191.6320 68
191.8560 192.2400 69
193.2960 194.7680 61
194.8000 195.2480 64
195.2800 195.3120 62
195.5040 195.6000 61
195.8560 196.0480 59
196.4640 196.5600 56
196.5920 196.7200 57
196.7840 197.3280 57
197.5520 197.5840 57
197.6160 197.8080 59
197.8400 197.9360 60
197.9680 198.3520 61
198.3840 198.6080 59
198.7680 198.8640 56
198.8960 199.1200 55
199.1520 199.4080 56
199.6000 199.6640 57
199.6960 199.8240 56
199.9520 200.0480 62
200.1760 200.3680 57
200.7200 200.9440 66
200.9760 201.0400 67
201.0720 201.2960 68
201.4880 201.6160 66
201.6480 201.7760 64
201.8080 201.9040 63
201.9360 202.0000 62
202.0320 202.3200 61
202.6400 202.7680 66
203.0880 203.4080 57
203.8880 203.9200 65
203.9520 204.0160 66
204.0480 204.1120 67
204.1440 204.2720 68
204.3040 204.4960 61
204.5280 204.7200 62
204.7520 205.1040 64
205.1360 205.1360 62
205.1680 205.1680 60
205.5520 205.6160 54
205.6480 205.6480 56
205.6800 205.7440 60
205.7760 206.8000 61
206.8320 206.8960 60
206.9280 207.0240 62
207.3760 207.5360 64
207.5680 207.7280 62
207.8240 207.9200 60
207.9520 207.9840 59
208.2720 208.7200 59
208.7520 208.8480 54
208.8800 209.1040 57
209.1360 209.2000 56
209.4240 209.4560 56
209.4880 209.6160 57
209.9040 210.1280 59
210.1600 210.4800 61
210.7680 210.9920 59
211.0240 211.0560 58
211.0880 211.1200 57
211.5040 211.7600 56
211.9200 212.0160 57
212.0480 212.1120 56
212.2720 212.4000 62
212.5600 212.7200 69
213.0080 213.4240 66
213.4560 213.5840 68
213.6160 213.7120 67
213.7440 213.9040 66
214.0320 214.1600 64
214.1920 214.2560 62
214.2880 214.3520 60
214.3840 214.6400 61
214.9600 215.1200 66
215.3440 215.4080 57
215.5680 215.7280 57
215.7600 215.8560 56
216.2400 216.2400 64
216.2720 216.6240 66
216.6560 216.7840 68
216.8160 217.0080 66
217.0400 217.2000 64
217.2320 217.3280 63
217.4880 217.6480 66
217.8400 219.9520 57
220.3680 220.4320 57
220.9120 221.1040 64
221.1360 221.2320 67
221.2640 221.3600 64
221.3920 221.5840 57
221.7440 222.0000 57
222.4160 222.7360 66
222.7680 222.9920 68
223.0240 223.1520 67
223.3440 223.4080 65
223.4400 223.4720 64
223.6640 223.9200 64
223.9520 224.6560 61
224.7840 225.2640 61
225.2960 225.6160 62
225.6480 225.9680 64
226.0000 226.2240 62
226.2560 226.3840 61
226.4160 226.8640 59
227.2800 227.3440 54
227.3760 228.3360 57
228.3680 228.6880 59
228.7200 229.1360 61
229.1680 229.3600 59
229.3920 229.5520 57
229.6800 229.7120 54
229.7440 230.0320 56
230.2880 230.6080 57
230.6400 230.7040 61
230.7360 230.8640 63
231.0560 231.4400 57
231.4720 231.4720 61
231.5040 231.8240 66
231.8560 232.2080 68
232.2400 232.4000 66
232.4320 232.5920 64
232.6240 233.0400 61
233.2320 233.2960 66
233.4240 233.6160 66
233.8400 234.2240 57
234.4800 234.5440 60
234.7360 235.0560 67
235.3440 235.4720 62
235.5040 235.9520 64
235.9840 236.0160 62
236.0480 236.3360 61
236.3680 236.4640 59
236.4960 237.5840 61
237.6160 237.9680 62
238.0000 238.2880 64
238.3200 238.3840 63
238.4160 238.5440 62
238.5760 238.6720 61
238.7040 238.7680 60
238.8000 239.2800 59
239.5040 239.6640 60
239.6960 240.6240 57
240.6560 240.6880 58
240.7200 240.8800 59
240.9120 241.0400 60
241.0720 241.4240 61
241.4560 241.6160 59
241.6480 241.7120 58
241.7440 241.8400 57
241.8720 242.0320 55
242.0640 242.2880 56
242.5760 242.8320 57
242.8640 243.2160 52
243.2480 243.7280 57
243.7600 243.7600 61
243.7920 244.0800 66
244.1120 244.4640 68
244.4960 244.7200 66
244.7520 244.8160 65
244.8480 244.9120 64
244.9440 244.9760 62
245.0080 245.2640 61
245.2960 245.3600 60
245.7440 245.9040 66
246.0640 246.1920 56
246.3840 246.6400 69
246.7680 246.9600 69
246.9920 247.2480 66
247.2800 247.4080 67
247.4400 247.5680 68
247.6000 247.7280 66
247.7600 247.7600 62
247.8880 248.0800 64
248.3040 248.3680 64
248.6880 249.5840 57
249.7120 250.0640 57
250.2240 251.9200 57
252.3040 252.7840 61
