16.3360 16.4640 58
16.4960 16.5280 59
16.5600 17.3920 60
17.5200 18.0960 59
18.4480 18.5760 55
18.7040 19.2160 55
20.4960 20.6240 54
20.6560 20.8800 55
20.9120 21.0400 54
21.0720 21.6160 53
21.9680 22.0320 54
22.0640 23.0560 55
24.0800 24.1760 53
24.2080 24.2720 54
24.3040 24.4000 55
24.5600 24.6240 53
24.8160 25.1680 52
25.5200 25.5840 53
25.6160 25.6480 54
25.6800 26.4480 55
26.8320 27.0880 55
27.7920 27.8880 57
27.9200 29.0720 59
31.0560 31.9520 60
32.1120 32.1760 60
32.2080 32.6560 59
33.2320 33.7760 55
35.0240 35.0880 53
35.1200 35.1520 54
35.1840 35.3120 55
35.3440 35.4080 54
35.4400 35.6640 53
35.9520 36.3040 53
36.8480 37.6800 55
38.6080 38.7360 53
38.7680 39.0560 55
39.0880 39.2160 53
39.3440 39.6320 52
39.6640 39.7600 53
40.0480 40.1120 53
40.1440 41.0720 55
41.2960 41.8720 55
42.3200 43.6640 59
44.2080 44.4320 60
44.6240 44.8480 60
44.8800 45.1360 62
45.1680 46.1920 60
47.6960 47.8560 58
47.8880 48.2720 60
48.4000 49.0080 62
49.0400 50.6400 64
51.3760 51.4400 55
51.4720 51.6640 57
51.8240 51.8560 57
51.8880 52.6560 59
52.6880 53.4880 60
55.0240 55.0880 55
55.1200 55.3120 57
55.4720 56.1760 57
56.2080 57.7440 55
58.6400 59.5360 62
59.5680 59.6960 65
59.7280 59.8880 67
60.0480 61.3280 64
62.2880 62.3840 60
62.4160 62.9600 62
63.1520 63.1840 65
63.2160 63.5360 67
63.5680 63.6320 65
63.6640 64.1440 64
64.3680 64.5280 62
64.5600 65.2960 64
65.7440 66.2560 60
66.3840 67.2480 72
67.4720 68.0160 64
68.1760 68.2720 72
68.3040 68.6240 74
68.6560 68.8480 72
68.8800 68.8800 69
68.9120 72.3360 67
73.2000 74.0640 62
74.0960 74.4160 67
74.5760 75.8560 64
76.8160 76.9120 66
76.9440 77.6480 62
77.6800 78.0640 67
78.0960 78.2240 65
78.2560 78.8320 64
78.8640 79.0880 62
79.1200 79.1520 63
79.1840 79.8560 64
80.2400 80.7200 60
80.8800 81.7760 71
82.0320 82.1600 64
82.2880 82.3520 64
82.5120 82.5760 64
82.7360 83.2160 76
83.2480 83.4080 74
83.4400 84.1120 71
84.1440 87.4080 72
89.2640 90.5120 60
90.5440 90.9600 59
91.3760 91.8560 55
93.2000 93.2960 54
93.3280 93.4880 55
93.6480 93.9360 53
94.0640 94.4480 53
94.6080 94.6400 53
94.6720 94.8960 55
95.0240 95.9840 55
96.8800 97.1360 55
97.3280 98.0000 53
98.1920 98.2880 53
98.3200 99.0560 55
99.0880 99.2800 56
99.6000 100.0160 55
100.5920 100.7520 59
100.9440 101.0720 57
101.1040 101.8720 59
102.4800 102.6720 60
102.8000 103.0240 60
103.0560 103.3120 62
103.3440 103.4400 61
103.4720 105.4880 60
105.9040 105.9360 58
105.9680 106.5760 60
106.7040 107.2160 62
107.2480 107.2800 63
107.3120 108.7200 64
109.4880 109.6800 54
109.7120 109.8720 57
110.0640 110.2880 57
110.3200 110.7360 59
110.9280 111.7280 60
113.3280 113.4560 55
113.4880 114.4160 57
114.4480 114.5440 55
114.8000 116.0160 55
116.7840 116.9120 60
116.9440 117.6800 62
117.7120 117.8400 65
117.8720 118.0640 67
118.1920 119.8880 64
120.6560 121.1040 62
121.3600 121.3920 65
121.4240 121.7440 67
121.7760 121.8080 65
121.8400 122.3200 64
122.5440 122.7680 62
122.8000 123.5040 64
123.8560 123.9840 60
124.1120 124.4000 60
124.5280 125.3280 72
125.6800 126.1920 64
126.3520 126.4480 72
126.4800 126.8000 74
126.8320 127.0560 72
127.0880 130.5120 67
131.3440 131.4720 60
131.5040 132.2720 62
132.3040 132.4000 65
132.4320 132.6240 67
132.7520 134.0960 64
134.1280 134.3520 66
134.9280 135.0880 61
135.1200 135.2800 62
135.4400 135.8240 62
135.8560 135.9840 65
136.0160 136.2400 67
136.2720 136.3040 66
136.3360 136.4640 65
136.4960 136.9760 64
137.0080 137.1680 62
137.2000 137.8400 64
137.8720 138.0000 63
138.4160 138.8960 60
139.0560 139.1840 71
139.2160 140.0480 72
140.1440 140.3360 64
140.4640 140.5280 63
140.9440 141.0720 74
141.1040 141.4560 75
141.4880 141.6480 74
141.6800 142.3520 71
142.3840 145.3600 72
145.5840 145.8080 72
146.2240 146.4480 60
146.5760 146.7040 62
146.8320 147.1520 62
147.3120 147.4720 60
147.5040 147.6640 67
147.6960 147.8240 65
147.8560 148.0480 67
148.0800 148.1120 65
148.1440 148.2720 60
148.5280 148.6560 62
148.6880 148.8800 64
148.9120 149.4560 62
149.7760 150.2240 60
150.2560 150.8000 62
150.9920 151.6000 59
151.8560 152.1760 67
152.2080 153.1680 62
153.2640 153.3600 62
153.5840 153.8080 60
153.8400 153.9680 62
154.0960 154.3840 62
154.4160 154.6720 61
154.7040 154.7360 62
154.7680 155.4400 67
155.4720 155.9840 72
156.0160 156.1760 69
156.2080 156.3040 67
156.4320 156.5280 66
156.5600 159.8240 67
162.4480 162.5120 61
162.5440 162.9280 62
163.1520 163.2800 65
163.3120 163.5040 67
163.5360 164.5600 64
166.1280 166.5760 62
166.8000 166.8960 65
166.9280 167.3440 67
167.3760 167.5360 65
167.5680 167.8560 64
167.9840 168.0800 63
168.3040 168.8800 64
169.5200 169.8400 60
170.0000 170.0960 70
170.1280 170.2880 72
170.4480 170.8640 71
171.0560 171.7280 64
171.7600 171.9200 72
171.9520 172.1440 74
172.1760 172.4640 72
172.4960 172.5920 71
172.9120 172.9760 65
173.0080 174.1920 67
174.2240 174.3840 73
174.4160 174.5440 67
174.5760 175.0560 69
175.0880 176.3040 67
176.8480 177.6160 62
177.7440 177.8720 65
177.9040 178.0640 67
178.0960 178.2880 65
178.3200 179.6640 64
179.8240 179.9200 68
180.5600 181.1360 62
181.3600 181.4560 65
181.4880 181.7440 67
181.7760 182.0000 65
182.0320 182.2240 64
182.2560 182.3520 65
182.5440 182.8640 62
182.8960 183.5040 64
183.9200 184.0160 59
184.1440 184.4640 60
184.5920 184.7200 71
184.7520 184.9440 72
184.9760 185.4240 71
185.5520 185.6160 71
185.6480 185.6480 68
185.6800 186.2240 64
186.3840 186.4480 73
186.4800 186.8000 74
186.8320 187.0880 72
187.1200 188.7840 67
188.8160 188.8160 73
188.8480 189.0080 75
189.0400 189.1360 70
189.1680 189.3600 72
189.3920 189.4880 70
189.5200 189.7760 71
189.8080 189.9040 69
189.9360 190.8960 67
191.4080 191.4720 67
191.5040 191.6640 69
191.6960 192.3680 67
192.4000 192.6240 69
192.7520 194.3200 64
194.3520 194.3840 67
194.4160 194.5120 69
194.9920 195.1200 67
195.1520 195.2800 69
195.4400 195.8880 67
195.9200 196.0160 68
196.0480 196.2400 69
196.2720 197.0720 64
197.1040 197.5200 62
197.5520 198.0960 64
198.4480 198.9280 60
199.0880 199.9520 71
200.2080 200.7520 64
200.9440 201.6800 75
201.7120 202.4160 71
202.4480 204.5280 72
204.5600 208.0800 74
208.2080 208.3040 74
211.6000 213.2320 60
