41.6160 41.7120 64
41.8400 41.9680 64
42.1920 42.2880 63
42.3200 42.4480 64
42.7040 42.8320 62
42.9600 43.1200 60
43.1520 43.4720 62
43.5040 43.7920 64
44.3360 44.7200 63
44.8800 45.2000 64
45.4560 45.6160 62
45.6480 45.8720 60
45.9040 46.0640 62
46.2560 46.5120 60
47.1520 47.1520 61
47.2160 47.4720 64
47.6320 48.2720 63
48.4640 48.6240 60
48.6560 48.7840 62
49.0400 49.2960 65
50.0320 50.2880 60
50.3200 50.5120 62
50.5440 51.0240 65
51.2160 51.2800 65
51.4080 51.9520 65
51.9840 52.3040 64
52.3360 52.8160 62
52.9120 52.9760 62
53.0080 53.5520 64
53.5840 53.7120 63
53.7440 53.8080 61
53.9360 54.1280 59
54.3520 54.4800 59
54.5120 57.1680 60
57.9360 58.0640 68
58.4480 58.5760 62
58.6080 59.1200 64
59.1520 59.2160 62
59.4400 59.6000 60
59.7920 59.9200 64
59.9520 62.1920 65
62.4800 62.4800 60
63.5680 63.7600 67
64.6880 64.6880 62
64.8160 64.8160 63
64.8800 65.0400 64
65.1680 65.2320 64
65.6160 65.6480 60
65.9040 66.0640 64
66.1600 66.8320 64
67.1200 67.2480 58
67.3760 68.3040 60
68.4640 68.6880 60
69.2000 69.2640 64
69.4560 69.6800 61
69.7760 69.7760 62
69.8720 70.0640 61
70.2240 70.2880 62
70.7680 70.9920 58
71.1520 71.3120 60
71.4400 71.5040 61
71.7280 71.8240 60
72.2080 72.6240 60
72.8480 73.1360 58
73.8080 74.2240 67
74.4160 74.4160 67
74.4800 75.0240 67
75.2480 75.2480 65
75.5360 75.6640 62
75.8880 76.3040 64
76.9120 78.0000 64
78.0320 78.6080 59
78.8320 78.9280 60
79.3120 79.8880 60
80.2400 80.4320 67
80.5600 81.2000 60
81.7440 82.0320 67
82.2240 82.4800 67
83.3440 83.9520 67
84.1120 84.2080 64
84.4320 84.4320 64
84.6880 87.6320 67
96.5280 96.8160 67
97.0080 97.4880 64
97.5200 97.6800 62
97.7120 97.8720 60
98.0320 98.1600 62
98.4160 98.6720 63
99.2800 99.5680 64
99.7600 99.9520 66
99.9840 100.1440 64
100.2400 100.4640 62
100.4960 100.5280 60
100.5920 100.7200 60
100.7520 101.0400 62
101.1360 101.3600 60
101.9360 102.8320 64
103.1520 103.3120 61
103.5040 103.6960 62
103.9840 104.1440 65
104.1760 104.2080 63
104.9120 105.1040 60
105.3600 105.7440 65
105.9680 106.1920 65
106.2240 106.3520 66
106.3840 106.6080 67
106.6400 106.7040 65
106.7360 107.0880 64
107.3120 108.7520 65
109.1680 109.3920 60
109.6480 109.6480 65
110.0640 110.7040 67
110.9920 111.0560 62
111.5360 111.6640 65
111.8880 111.9520 67
112.4640 112.5600 64
112.8480 113.2320 64
113.7760 113.8400 58
114.0000 114.2240 58
114.2560 114.5440 60
114.8640 114.9280 59
115.1840 115.3760 60
115.5680 115.7920 60
115.8240 115.9520 65
116.2080 116.3040 59
116.5280 116.8160 60
117.5520 117.6160 58
117.8080 117.9360 59
118.3520 118.4800 60
119.6000 119.8240 67
120.1120 120.2720 67
120.8160 120.9760 67
121.1680 121.5840 67
122.4160 122.5440 73
123.3760 124.0480 64
124.4000 124.5600 63
124.6880 125.0080 59
125.1360 125.2960 60
125.4560 125.5200 60
125.9680 126.2560 60
126.5440 126.6400 60
126.9920 127.0880 67
127.1200 127.3440 61
127.3760 127.7600 59
128.4960 128.6560 67
128.8160 129.1680 67
130.0960 130.2240 64
131.5040 131.6960 67
131.8880 135.8560 67
142.0320 142.2560 71
142.4800 142.7360 67
142.9600 143.6000 67
143.8240 143.9840 62
144.3360 144.3680 67
144.4000 144.6560 64
144.7200 144.8480 67
145.4240 146.3520 64
146.5120 146.6080 67
146.8000 147.0560 59
147.2480 147.4400 60
147.8560 147.8560 59
148.1120 148.2720 61
148.4960 148.6240 59
148.7840 149.0400 66
149.1360 149.1360 60
149.4240 149.6800 60
150.4160 150.5120 59
150.7360 150.8640 60
151.2800 151.3120 60
151.6000 151.6960 66
151.7280 151.8880 61
151.9200 151.9840 59
152.1120 152.1120 60
152.4320 152.6240 58
152.8160 152.8480 63
153.0400 153.2000 67
153.5200 153.6160 67
153.7760 153.8720 67
154.0320 154.4800 67
154.6080 154.6720 69
154.8640 155.0880 62
155.4720 155.5360 64
156.0160 156.0800 62
157.0080 157.4880 64
157.5200 157.5840 61
157.6160 157.9680 59
158.0000 158.2240 60
158.3840 158.4480 60
158.8640 159.1200 59
159.3120 159.5040 60
159.9200 159.9840 64
160.1120 160.1760 61
160.3040 160.9440 60
161.1360 161.1360 65
161.3600 162.0640 67
162.6400 162.7040 67
162.9920 163.0880 64
163.1200 163.1520 66
163.1840 163.5360 67
163.6960 163.7600 64
163.9200 164.0800 65
164.3360 164.3680 65
164.4000 164.7840 67
164.9440 166.0000 67
166.1280 168.8160 67
169.2000 169.8080 64
170.0640 171.5680 53
172.0800 172.1120 58
172.4640 175.7600 67
175.7920 175.9840 65
176.0160 176.3680 64
176.5600 176.6240 65
176.6560 177.1040 67
177.1360 177.8400 65
178.0960 178.4160 67
178.4480 178.7360 65
178.7680 179.0880 64
179.3120 179.4080 65
179.4400 179.7280 67
179.7600 179.8560 66
179.8880 180.2080 65
180.2400 180.4000 64
180.7840 181.5520 66
181.5840 181.8400 64
182.0000 182.0960 65
182.1280 182.5440 67
182.5760 183.1840 65
183.5360 183.9840 67
184.0160 186.0000 65
186.0320 186.4160 64
186.5120 187.6640 64
188.6880 188.8160 76
188.8800 190.0960 76
