16.9760 17.0080 52
17.0400 17.0720 55
17.1040 17.8720 56
18.0000 18.1600 56
18.2880 18.5760 54
18.6080 18.7360 53
18.7680 19.0240 52
20.1440 20.1760 53
20.2080 20.2720 54
20.3040 20.4640 56
20.4960 20.9440 59
20.9760 21.6800 61
21.8080 22.0960 59
22.1280 22.1600 60
22.1920 22.4160 61
22.4480 22.9600 59
23.0880 23.6960 56
24.7200 24.7200 58
24.7520 25.5520 61
25.6800 25.8400 61
25.8720 25.9040 60
25.9360 26.2240 59
26.2560 26.7360 56
26.8960 27.3760 59
27.4080 27.5360 60
27.5680 27.6000 58
27.6320 27.8560 56
27.8880 27.9520 55
27.9840 28.4640 54
28.4960 29.4240 52
29.5840 29.8720 51
29.9040 30.1280 52
30.1600 30.7040 51
30.8960 31.1200 50
32.4640 32.4960 54
32.5280 32.5600 55
32.5920 33.3280 56
33.3600 33.4560 55
33.4880 33.6480 56
33.6800 33.9360 54
33.9680 34.4480 52
34.4800 34.5120 51
34.8640 34.8960 50
35.6640 35.6960 54
35.7280 35.7600 55
35.7920 35.9840 56
36.0160 36.1760 59
36.3040 36.3680 59
36.4000 36.8480 61
36.8800 36.9440 60
36.9760 37.5840 59
37.6160 37.8720 61
37.9040 38.0960 60
38.1280 38.4480 59
38.5760 39.1520 56
39.4080 39.5680 56
40.1760 40.2400 58
40.2720 40.3040 60
40.3360 41.5200 61
41.5520 41.7440 59
41.7760 42.1920 56
42.2240 42.2560 58
42.2880 42.8640 59
42.8960 43.0240 60
43.0560 43.0880 58
43.1200 43.3440 56
43.3760 43.4400 55
43.4720 44.0160 54
44.1440 45.8400 52
45.8720 46.2240 51
46.2560 46.7040 50
46.8320 46.8960 50
47.9520 48.0480 62
48.0800 48.1440 63
48.1760 48.8480 64
48.8800 49.3280 63
49.3600 49.5200 64
49.5520 50.0960 63
50.1280 50.2240 62
50.2560 51.1520 61
51.1840 51.3760 60
51.7920 51.9840 59
52.0160 52.1760 60
52.2080 52.6880 61
52.7200 52.7520 60
52.7840 53.0720 59
53.1040 53.2960 61
53.3280 53.3600 60
53.3920 53.9680 59
54.0000 54.3520 56
54.3840 54.8000 55
54.8320 55.2160 56
55.6640 55.7920 52
55.8240 56.5600 54
56.5920 56.6240 55
56.6880 56.7200 54
56.7520 56.8480 53
56.8800 57.1040 52
57.1360 57.2640 53
57.2960 57.7760 54
57.8080 57.9040 55
57.9360 58.3840 56
58.4160 58.4160 58
58.4480 58.6080 60
58.6400 58.8000 61
58.8320 58.9280 60
58.9600 58.9920 58
59.0240 59.0560 56
59.1200 59.5360 56
59.5680 59.6320 61
59.6640 60.7840 64
60.8160 61.0080 66
61.1360 61.7120 64
61.7440 61.8080 61
61.8400 61.9360 62
61.9680 65.3280 63
66.3520 66.5440 56
66.6720 66.7680 61
66.8000 66.9280 62
66.9600 67.0880 63
67.1200 67.2800 62
67.3120 67.3760 63
67.4080 68.0800 64
68.2400 68.5600 64
68.5920 68.8480 63
68.8800 69.0400 61
69.2320 69.3280 61
69.3600 70.0320 63
70.1920 70.4800 63
70.5120 70.5440 62
70.5760 70.7680 61
70.8000 71.2480 59
71.3760 72.0160 61
72.0480 72.1120 60
72.1440 72.3360 58
72.3680 72.4640 55
72.4960 72.6560 56
72.7840 73.2640 59
73.4240 74.0640 61
74.3200 74.3840 62
74.4160 74.6400 61
74.6720 74.8960 63
74.9280 75.0560 61
75.0880 75.8880 64
76.0160 76.2720 64
76.3040 76.5280 63
76.5600 76.5920 62
76.6240 76.8160 61
76.9440 76.9760 61
77.0080 77.2960 62
77.3280 77.8400 63
77.8720 78.0000 62
78.0320 78.1280 63
78.2560 78.3200 62
78.3520 78.6080 61
78.6400 79.0560 59
79.0880 79.1520 60
79.1840 79.7280 61
79.8560 79.9520 58
79.9840 80.1440 59
80.1760 80.3360 61
80.4960 80.5600 62
80.5920 80.6880 64
80.7200 80.7200 61
80.8160 80.8800 59
80.9120 81.3600 61
81.5520 81.8080 61
81.8720 82.0000 60
82.7040 82.8000 64
82.8320 83.9840 66
84.0160 84.3040 64
84.3360 84.5600 61
84.6880 84.8480 64
84.8800 85.8400 61
85.8720 86.0320 60
86.5760 86.6080 61
86.6400 86.6400 63
86.6720 87.6960 66
87.7280 87.8240 68
87.8560 88.1120 66
88.2720 88.5280 61
88.5600 88.6880 64
88.7200 90.1280 61
90.1600 90.6720 63
91.1200 91.3440 64
91.5360 92.0800 63
92.1120 92.5600 61
92.5920 93.6480 63
93.6800 93.7760 62
93.8080 94.0000 61
94.0320 94.5120 59
94.5440 94.6080 61
94.6400 94.6720 62
95.0240 95.1200 59
95.1520 95.2480 61
95.2800 95.3440 60
95.3760 95.6320 59
95.7600 95.9520 56
96.2080 96.6560 59
96.6880 96.7840 62
96.8160 100.1120 61
113.5840 113.5840 55
113.6800 113.8080 55
113.8400 114.1920 56
114.2240 114.2560 55
114.3840 114.6080 55
114.6400 114.7360 54
114.7680 114.8960 56
114.9280 114.9600 55
114.9920 115.1840 54
115.2160 115.2480 53
115.2800 115.7920 52
116.9440 117.0080 54
117.0400 117.2640 56
117.2960 117.4560 59
117.5840 117.6800 59
117.7120 118.1920 61
118.2240 118.2560 60
118.2880 118.3840 59
118.8960 119.0240 62
119.0560 119.1520 61
119.3120 119.3760 59
119.8560 120.4320 56
120.5920 120.6880 56
121.4880 121.4880 57
121.5200 122.6720 61
122.7040 122.8000 60
122.8320 123.0240 59
123.0560 123.5680 56
123.6000 124.3040 59
124.3360 124.6880 56
124.7200 125.2640 54
125.3920 126.1920 52
126.3200 127.5040 51
127.6000 127.8240 50
129.1680 129.2640 62
129.2960 130.8320 64
130.8640 131.0880 63
131.1200 132.2400 61
133.0720 133.2640 59
133.2960 133.9680 61
134.0000 134.1920 59
134.3840 134.6080 61
134.6400 135.1840 59
135.3440 135.4720 54
135.5040 135.7920 55
135.8240 135.9200 56
136.9440 137.0080 52
137.0400 137.1360 53
137.1680 137.9040 54
138.0000 138.0000 53
138.2560 138.2880 51
138.3200 138.4800 52
138.5120 138.5440 53
138.5760 138.8320 54
138.8640 139.0240 53
139.0560 139.0880 55
139.1200 139.6640 56
139.8560 140.1440 61
140.1760 140.2720 58
140.3040 140.3680 56
140.4960 140.8160 56
140.8480 140.9440 61
140.9760 142.1280 64
142.1600 142.3200 66
142.3520 142.9920 64
143.0240 143.1840 61
143.2160 143.3120 62
143.3440 146.0320 63
146.0640 146.5440 64
146.5760 146.9920 63
147.0240 147.0880 62
147.2480 147.3120 62
147.5680 147.6320 55
147.6640 147.8880 56
148.0160 148.2080 62
148.2400 148.4320 63
148.4960 148.7200 63
148.8480 149.0720 64
149.5840 149.8400 64
149.8720 150.1280 63
150.1600 150.2560 61
150.5120 150.5760 62
150.8640 151.0880 63
151.3760 151.5040 60
151.5360 151.6640 63
151.6960 151.8240 62
151.9840 152.0800 61
152.3040 152.3680 65
152.6240 152.8160 62
152.8480 153.0080 61
153.2000 153.2000 60
153.2960 153.3280 61
153.6480 153.8720 56
154.0000 154.0000 57
154.3200 155.0560 61
155.1840 155.2800 62
155.4080 155.4720 65
155.5040 155.9200 64
155.9520 156.1760 63
156.2080 156.3360 61
156.3680 157.5520 64
157.5840 157.7440 63
157.7760 157.8720 62
157.9040 158.0640 61
158.2240 158.5440 62
158.5760 159.0880 63
159.1200 159.2480 60
159.2800 159.3760 62
159.5040 159.5680 62
159.6000 159.8560 61
159.8880 160.1120 59
160.3360 160.3680 60
160.4000 160.9760 61
161.1040 161.1360 58
161.1680 161.4240 59
161.4560 161.5840 61
161.8080 161.8080 61
161.8400 161.9360 64
162.0960 162.1920 72
162.2240 162.2880 73
162.3200 162.6080 74
162.6400 163.0240 73
164.0160 164.1120 64
164.1440 164.4000 67
164.4320 165.2960 66
165.3280 165.5840 64
165.6160 165.6800 60
165.7120 165.9360 61
165.9680 166.1280 64
166.1600 167.1520 61
167.1840 167.3120 60
167.8880 167.8880 61
167.9200 167.9200 63
167.9520 168.8800 66
168.9120 169.1360 68
169.1680 169.3920 67
169.5840 170.0000 64
170.0320 171.0560 61
171.0880 171.1840 63
171.4080 171.6000 62
171.6640 171.6640 62
171.7920 171.9520 63
172.1440 172.2720 63
172.3040 172.5600 64
172.9120 172.9760 64
173.1040 173.3600 63
173.3920 173.8080 61
173.8400 173.8720 62
173.9680 173.9680 62
174.0960 174.4480 63
174.5120 174.9600 63
174.9920 175.2800 62
175.7920 175.9840 61
176.3360 176.4000 59
176.4320 176.5280 61
176.5600 176.8800 59
176.9120 177.0080 60
177.0400 177.0720 61
177.4560 177.5200 65
177.6480 177.7440 65
177.7760 177.8080 63
177.8720 177.9040 59
178.1280 178.7360 61
178.8320 181.4560 61
181.4880 181.6480 62
181.6800 183.0880 56
183.1200 183.2480 61
183.2800 183.8880 56
183.9200 184.0160 55
184.0480 184.1760 54
184.2720 184.4640 54
184.4960 184.7520 56
187.5040 187.6960 59
196.2720 196.3040 59
196.3360 196.5600 61
196.5920 196.8480 62
197.2960 197.4240 61
197.6800 197.7760 61
198.8320 198.8960 62
199.7600 199.8880 62
199.9200 200.8480 66
200.8800 201.7440 61
201.7760 201.8080 56
201.8720 202.3200 56
202.8000 203.1520 52
203.3760 203.5040 52
203.6320 204.0480 52
204.3680 204.4960 52
204.5600 204.5600 52
207.5680 207.8240 57
207.8560 208.1760 62
208.2080 208.4000 64
208.5280 209.2960 65
209.5200 210.0960 65
210.1280 210.2560 62
210.4800 210.5440 62
210.5760 211.2800 64
211.4400 211.6640 64
211.6960 211.8240 63
211.8560 212.0160 62
212.0480 212.4320 60
212.5920 213.3280 62
213.3600 213.4560 61
213.4880 213.6480 60
213.6800 213.8080 56
214.0000 214.5120 60
214.6720 215.0240 62
215.0560 215.1840 61
215.3440 215.6320 67
215.7280 215.7280 67
215.8240 215.8240 66
215.9520 216.1440 64
216.2720 216.3360 63
216.3680 217.5520 65
217.5840 217.8080 64
217.8400 217.9040 65
217.9360 218.0000 62
218.0320 218.1600 65
218.1920 218.3520 62
218.3840 219.6960 64
219.7280 219.8880 62
219.9840 220.3040 60
220.3360 221.0400 62
221.1680 221.3920 60
221.4240 221.4560 62
221.7120 221.7440 65
221.7760 221.8080 66
221.8400 221.9360 67
222.1280 222.3200 65
222.4480 222.5120 60
222.5440 223.2800 62
224.0160 224.0800 62
224.1120 225.2960 67
225.3280 225.5520 65
225.5840 225.8080 62
225.8400 225.9040 63
225.9360 226.1280 65
226.1600 227.0240 62
227.0560 227.1520 61
227.8880 227.9840 64
228.0160 228.9760 67
229.0080 229.2320 69
229.2640 229.7120 67
229.7440 229.7760 65
229.8080 230.0640 62
230.1920 230.2880 66
230.3200 230.4160 65
230.4480 231.2800 62
231.4720 231.6640 64
231.8880 232.0160 66
232.0480 232.6560 65
232.6880 232.7840 66
232.9440 233.0400 65
233.0720 233.3280 64
233.3600 233.3920 62
233.6480 233.8080 62
233.8400 234.5440 64
234.6080 234.9600 64
234.9920 235.2480 62
235.2800 235.3120 61
235.4720 235.7600 60
235.7920 236.2080 62
236.2400 236.3040 60
236.3360 236.5920 61
236.6240 236.9440 60
236.9760 237.1360 62
237.3600 237.3920 67
237.4240 237.5200 68
237.5520 237.7760 66
237.9040 237.9360 73
237.9680 238.4160 74
238.8320 239.1200 62
239.1520 239.3120 64
239.3440 239.5360 63
239.5680 239.7600 65
239.8240 240.8160 65
240.8480 241.0720 64
241.1040 241.5200 62
241.5520 242.6720 64
242.7040 242.7680 63
242.8000 242.8320 62
243.0880 243.2800 61
243.4720 243.7600 62
243.7920 243.8560 65
244.0160 244.3040 62
244.3360 244.6560 60
244.6880 244.9760 62
245.0080 245.0720 65
245.1040 245.2960 67
245.3280 246.4480 65
246.4800 246.5760 69
246.6080 246.6080 66
246.7360 246.8000 60
246.8320 250.4160 62
250.4480 253.6160 67
253.6480 254.0960 65
254.1280 254.2560 62
254.2880 254.4480 65
254.4800 254.6720 60
254.7040 254.9600 62
254.9920 254.9920 64
255.0240 255.1520 66
255.1840 255.2480 65
255.2800 258.7680 74
267.0240 270.4800 69
