5.6160 5.9360 73
5.9680 6.1920 74
6.2240 6.3520 75
7.1840 7.2480 71
7.4080 7.8240 71
7.9520 8.0160 71
8.2080 9.0720 73
12.6240 12.8160 71
13.2000 14.0960 73
14.2560 14.3520 73
18.6400 19.0560 61
19.2480 19.8560 59
19.9840 20.4000 59
20.8800 21.1360 64
21.3920 22.4160 64
34.9920 35.3760 63
35.4080 35.4400 65
35.4720 36.1120 66
36.1440 36.1760 67
36.2080 36.5280 68
36.5600 36.8160 67
36.8480 36.9120 66
37.1360 37.8400 63
38.0320 39.4720 66
39.5040 39.5680 65
41.1360 41.4240 61
41.5840 41.7440 59
41.7760 41.8720 60
41.9040 42.0000 62
42.0320 42.4480 63
42.4800 42.5120 62
42.5440 42.6080 61
42.6400 42.6720 60
42.7040 43.0560 59
43.0880 43.1840 58
43.5040 44.0800 55
44.2720 44.5920 55
44.7200 44.8160 55
47.2800 47.6320 63
47.7600 48.4000 66
48.4320 48.4960 67
48.5280 48.7840 68
48.9120 49.2960 66
49.3280 49.3600 67
49.3920 50.4800 68
50.5120 50.5760 69
50.6080 52.0480 71
53.4560 53.7440 61
53.7760 53.8400 60
53.8720 54.1280 59
54.1600 54.1920 58
54.2240 54.2880 57
54.3200 54.5440 56
54.6720 54.8320 63
54.8640 54.9920 62
55.5360 55.6960 57
56.1760 56.4640 59
56.6240 57.5520 59
59.5360 59.9520 63
60.0800 60.2720 66
60.4000 60.8160 66
60.8480 61.0400 68
61.0720 61.2960 67
61.3280 61.5200 66
61.5520 61.6160 65
61.6480 61.6800 64
61.7120 62.6720 63
62.7040 62.8320 65
62.8640 63.4400 66
63.4720 63.9520 65
65.7440 66.1600 61
66.1920 66.2240 60
66.2560 66.5760 59
66.8000 67.0240 63
67.0560 67.1520 62
67.1840 67.6640 61
67.6960 67.7280 60
67.7600 68.2400 59
68.6240 69.0720 56
69.1040 69.2320 55
69.4240 69.8400 55
69.8720 70.6400 54
70.6720 70.7360 55
71.7920 72.3040 63
72.3360 73.2640 66
73.2960 73.3920 68
73.4240 73.4560 67
73.4880 73.9680 66
74.0000 74.0640 67
74.0960 75.2480 68
75.2800 77.1360 71
77.1680 77.2320 70
77.2640 77.3920 69
77.8720 77.9360 62
78.0960 78.4480 61
78.4800 78.7680 59
78.8000 78.8320 58
78.9600 79.2480 56
79.3760 79.6320 62
79.9200 80.4000 56
80.8160 82.5120 59
83.8560 83.9840 59
84.0160 84.1120 60
84.2720 85.6160 71
85.6480 85.7440 70
85.7760 86.4800 68
86.5120 86.5120 65
86.5440 86.8640 63
86.9920 87.6640 63
87.6960 87.7280 65
87.7600 88.4960 66
88.5280 88.7520 65
89.6160 89.6800 64
89.7120 90.0000 63
90.0320 90.0640 65
90.0960 90.3840 66
90.4160 90.4480 67
90.4800 90.7680 68
90.8000 91.1520 66
91.1840 91.2160 67
91.2480 91.8880 68
92.0480 92.1760 59
92.3040 92.3360 58
92.3680 92.9440 59
93.2320 93.2960 63
93.3280 93.4240 65
93.4560 93.6480 66
93.6800 93.7440 65
93.7760 93.8080 64
93.8400 94.6080 63
94.6400 94.8640 64
95.7600 95.8240 62
95.8560 95.9520 61
95.9840 96.1760 62
96.2080 96.4000 61
96.4320 96.5280 60
96.5600 96.7200 59
96.7520 96.9440 60
97.1360 97.2960 59
97.3280 97.4240 58
97.4560 97.4880 57
97.6160 97.7440 57
97.7760 98.2880 56
98.3200 98.3520 57
98.3840 98.4480 58
98.4800 98.5760 59
98.6080 98.6720 60
98.8320 99.3120 68
99.3440 99.3760 67
99.4080 99.9840 63
100.2080 100.5920 66
100.6240 101.0720 65
101.8720 102.2880 63
102.3200 102.6400 66
102.6720 102.7040 67
102.7360 102.9600 68
102.9920 103.4080 66
103.4400 103.6640 67
103.6960 103.9200 68
103.9520 104.3360 71
104.3680 104.4640 69
104.4960 104.7840 71
104.8160 105.5840 68
105.6160 107.2160 66
107.2480 107.4720 67
108.4000 108.4640 66
108.4960 108.7200 65
108.7520 109.0400 66
109.0720 109.1360 69
109.1680 109.2640 70
109.2960 110.1600 71
110.1920 110.3840 70
110.4160 110.4480 71
110.5120 110.9920 68
111.0240 111.0880 67
111.1200 111.1520 65
111.1840 111.7600 63
111.7920 111.8240 65
111.8560 113.3280 66
114.1920 114.5760 63
114.6080 114.6400 64
114.6720 114.8320 66
114.8640 115.0560 65
115.0880 115.1840 66
115.2160 115.2480 67
115.2800 115.5040 68
115.5360 116.0160 66
116.0480 116.0800 67
116.1120 116.2400 68
116.4320 116.6240 71
116.6560 116.7520 70
116.7840 116.8160 69
116.9440 117.0400 62
117.0720 117.1360 60
117.1680 117.7440 59
117.7760 117.8400 60
117.9680 118.1920 63
118.2240 118.2880 64
118.3200 118.5120 66
118.5440 118.7040 65
118.9600 119.6000 63
120.3680 120.5600 61
120.5920 120.7520 62
120.7840 120.9440 61
120.9760 121.0080 60
121.0400 122.2240 59
122.3520 122.6400 56
122.6720 122.7040 57
122.7360 122.9600 59
122.9920 123.0560 60
123.2160 123.5680 66
123.6000 123.6320 67
123.6640 123.7920 68
123.9200 124.8160 63
124.8480 124.9120 65
124.9440 125.2000 66
125.2320 125.4880 67
125.5200 125.6160 66
125.6480 125.6800 65
126.5120 127.1840 63
127.3440 127.7280 61
127.8880 128.0800 61
128.4640 128.5920 61
128.6240 128.7520 62
128.8800 129.2960 61
129.3280 129.3600 60
129.3920 129.7440 59
129.7760 129.8080 60
129.8400 129.9360 61
129.9680 130.0320 60
130.0640 130.0960 58
130.1280 130.1920 57
130.2240 131.3120 56
131.3440 131.4400 57
131.4720 131.6000 58
131.6320 133.1680 59
134.1280 134.7040 58
135.0240 135.1840 61
135.2160 136.5600 62
136.9440 137.6480 60
137.6800 138.5760 59
138.7680 138.8000 62
138.8640 139.1840 64
140.0800 140.3680 67
140.4960 140.5280 68
140.5600 140.6880 69
140.8800 141.1040 60
141.2000 141.2640 61
141.2960 141.4560 62
142.0320 142.2560 60
142.4480 142.5760 57
142.8000 144.3680 55
146.1920 146.8640 55
147.3120 148.2080 67
148.5280 148.7200 62
148.8800 148.9120 59
148.9440 149.9680 60
150.4800 150.6080 59
150.6400 151.0880 60
151.4080 152.9760 60
154.0640 154.5760 65
156.8800 157.2960 66
157.3280 157.4560 67
157.4880 157.5520 68
157.5840 157.8400 69
157.8720 157.9360 70
157.9680 159.0240 71
159.0560 159.1200 70
159.6320 159.9520 63
160.1120 160.7200 66
160.7520 160.8160 67
160.8480 161.1680 68
161.2000 161.4240 66
161.4560 161.5840 65
161.6160 161.6800 64
161.7120 162.6400 63
162.6720 162.7360 66
162.7680 162.9920 65
163.0240 163.4400 66
163.4720 164.1440 65
165.7440 166.1600 61
166.1920 166.2240 60
166.2560 166.4480 59
166.6720 166.9280 63
166.9600 167.0240 62
167.0560 167.5360 61
167.5680 168.0480 59
168.0800 168.1440 60
168.1760 168.2400 61
168.5600 168.9760 56
169.0080 169.0720 55
169.1040 170.0320 54
171.7600 172.3040 63
172.3360 173.2000 66
173.2320 173.3920 68
173.4240 173.4880 67
173.5200 173.9040 66
173.9360 173.9680 67
174.0000 175.1840 68
175.2160 177.4240 71
178.0640 178.1280 62
178.1600 178.3840 61
178.4160 178.4480 60
178.4800 178.8320 59
178.9600 179.1840 56
179.3440 179.5040 63
179.5360 179.6320 62
179.9520 180.1440 56
180.1760 180.6240 57
180.7840 181.7120 59
181.7440 182.0000 60
182.0320 182.5440 59
183.8240 184.1440 59
184.3360 185.6160 71
185.6480 185.7440 70
185.7760 186.5440 68
186.5760 186.5760 65
186.6080 186.8640 63
186.8960 186.8960 65
186.9280 187.0240 67
187.0560 187.2160 63
187.2480 187.4400 62
187.4720 187.6640 63
187.6960 187.7600 65
187.7920 188.5600 66
188.5920 188.7840 65
189.5840 189.9040 63
189.9360 190.0000 64
190.0320 190.2560 66
190.2880 190.2880 64
190.3840 190.3840 64
190.4160 190.6720 68
190.7040 190.7680 67
190.8000 191.0880 66
191.1200 191.5360 67
191.5680 191.8880 68
192.0480 192.1760 59
192.3680 193.0080 59
193.1680 193.2320 62
193.2640 193.7440 66
193.7760 194.6720 63
194.7040 194.7680 64
194.8000 194.9600 66
195.6960 195.7600 64
195.7920 196.1760 62
196.2080 196.4000 61
196.4320 196.7520 59
196.7840 196.9120 60
197.1360 197.3600 59
197.3920 197.5200 58
197.7760 198.3200 56
198.3520 198.3840 57
198.4160 198.4800 58
198.5120 198.6400 60
198.8320 199.1520 68
199.1840 199.3760 70
199.4080 200.0160 63
200.2400 200.7840 66
200.8160 201.0080 65
201.0400 201.2320 66
201.9040 202.0320 63
202.0640 202.1920 62
202.2240 202.3520 63
202.3840 202.7360 66
202.7680 202.9920 68
203.0240 203.3760 66
203.4080 203.5680 67
203.6000 203.8880 68
203.9200 204.3040 71
204.3360 204.4320 69
204.4640 204.7840 71
204.8160 204.9440 70
204.9760 205.5520 68
205.5840 207.4400 66
207.4720 207.6640 67
208.4640 209.0400 66
209.0720 209.1680 67
209.2000 209.2640 70
209.2960 210.1920 71
210.2240 210.4160 70
210.4480 210.5120 71
210.5440 211.1520 68
211.1840 211.2160 66
211.2480 211.9520 63
211.9840 213.0080 66
213.0400 213.5200 67
214.0640 214.1920 66
214.2240 214.6080 63
214.6400 215.2160 66
215.2480 215.4720 68
215.5040 216.0800 66
216.1120 216.2400 67
216.4320 216.6240 71
216.6560 216.8160 70
216.8480 216.8800 68
216.9120 216.9440 65
216.9760 217.0400 63
217.0720 217.1040 61
217.1360 217.1680 60
217.2000 217.6160 59
217.7120 217.8400 59
217.9680 218.1920 63
218.2240 218.5120 66
218.5440 218.6400 65
218.7680 218.8640 64
218.8960 219.2800 63
219.3120 219.6640 64
220.3360 220.5920 61
220.6240 220.8160 62
220.8480 220.9440 61
220.9760 221.0400 60
221.0720 222.0320 59
222.0640 222.1600 60
222.1920 222.2560 59
222.4160 222.6080 57
222.6400 222.6720 58
222.7040 223.0560 59
223.2160 223.6000 66
223.6320 223.6640 67
223.6960 223.8880 68
224.0160 225.1360 63
225.1680 225.5840 66
225.6160 226.0320 67
226.5120 227.0880 63
227.1200 227.2160 64
227.2480 227.3120 63
227.3440 227.7600 61
227.9200 228.1120 62
228.4640 228.5920 61
228.6240 228.7840 62
228.8160 229.2640 61
229.2960 229.3600 60
229.3920 229.6800 59
229.7120 229.7440 60
229.7760 229.9360 61
229.9680 230.0320 58
230.0640 230.1280 57
230.1600 230.7040 56
230.8320 231.2800 56
231.3120 231.4080 57
231.4400 231.5360 58
231.5680 233.2960 59
233.6160 233.6800 59
236.4960 236.9760 63
237.0080 237.6800 66
237.8080 237.8400 67
237.8720 238.0640 68
238.2880 238.5440 63
238.5760 238.6080 64
238.6400 238.8960 65
238.9280 240.2080 63
240.2400 240.2720 64
240.3040 240.4640 65
240.4960 241.2960 66
241.3280 241.5840 65
242.6720 243.0880 61
243.1200 243.1840 60
243.2160 243.4080 59
243.5360 243.7280 61
243.7600 243.7920 62
243.8240 244.0160 63
244.0480 244.1120 62
244.1440 244.3680 61
244.4000 244.4320 60
244.4640 244.8480 59
244.8800 245.0080 58
245.4560 245.6800 54
245.7120 245.8400 55
245.8720 246.0320 56
246.1600 247.0240 54
248.8160 249.1680 63
249.2960 250.0960 66
250.1280 250.3200 68
250.3520 250.3840 67
250.4160 250.9280 66
250.9600 250.9920 67
251.0240 251.5040 68
251.5360 253.8080 71
254.3520 254.5120 57
254.6400 254.8960 59
255.0240 255.6000 63
255.6320 255.6640 62
255.6960 256.2080 61
256.2400 256.3040 60
256.3360 256.5280 59
256.9120 257.1360 59
257.1680 257.3280 58
257.3600 257.4560 57
257.4880 257.9680 56
258.0960 259.6320 59
261.1680 261.5200 63
261.6480 262.4160 66
262.4480 262.7040 68
262.7360 263.3440 66
263.3760 263.8880 68
263.9200 266.1280 71
266.8320 266.9600 57
267.0560 267.2160 57
267.3440 267.6320 59
267.7920 267.8880 62
267.9200 268.4640 63
268.4960 268.6880 62
268.7200 269.2000 61
269.2320 270.6720 59
272.3040 272.9120 59
273.1360 273.8400 57
274.0640 275.8560 59
303.0240 303.3760 61
308.2400 308.5280 61
308.7840 309.8720 59
