12.7520 12.9760 62
13.0080 14.9920 63
17.2000 17.3920 62
17.4240 17.5840 61
17.6160 17.9360 60
18.0640 18.3520 58
18.5440 18.6400 59
18.6720 19.1840 60
19.2160 19.3120 61
19.3440 19.5040 62
19.6960 20.2400 58
21.2000 21.2960 60
21.3280 21.3600 59
21.3920 21.4240 58
21.4560 21.6160 57
21.6480 22.0640 56
22.1920 22.3840 56
22.5440 22.8640 56
23.1520 23.1840 59
23.2160 23.4400 60
23.6960 24.3360 60
25.3600 25.3920 61
25.4240 25.4560 62
25.4880 25.5520 63
25.6800 25.7760 65
25.8080 25.8400 64
25.8720 26.0640 63
26.1920 26.2240 63
26.2560 26.3840 64
26.4160 26.5440 63
26.7040 27.0240 65
27.1840 27.3440 68
27.3760 27.4080 63
27.4400 27.5360 61
27.5680 27.6640 59
27.6960 27.9200 58
27.9520 28.0480 59
28.2400 28.2720 61
28.3040 28.4640 62
28.4960 28.4960 60
28.5920 28.8800 57
29.3280 29.3600 58
29.3920 29.7760 59
29.8080 30.5120 60
30.7360 30.8640 61
30.8960 31.0880 60
31.2160 31.3760 58
31.4080 31.5360 57
31.7280 31.7920 57
31.8240 31.8880 58
31.9200 31.9520 59
31.9840 32.1440 60
32.1760 32.4000 61
32.4320 32.5280 60
32.7520 32.9120 58
33.2320 33.3280 62
33.4880 33.6480 61
33.6800 34.0320 60
34.2240 34.3840 58
34.4160 34.4800 59
34.5120 35.1520 60
35.1840 35.2800 61
35.3120 35.5040 62
35.5360 35.6000 59
35.6320 36.3360 58
37.2960 37.4880 59
37.5200 37.5840 58
37.7120 37.9360 56
38.3200 38.9920 56
39.2480 39.3440 58
39.3760 39.4080 59
39.4400 39.5040 60
39.5360 39.6320 61
39.6640 39.8240 65
39.8560 41.2640 67
42.2560 42.4480 61
42.4800 42.5760 63
42.7040 42.8320 68
42.8640 43.0880 70
43.2160 43.5680 68
43.6960 43.8240 70
43.9520 44.2720 68
44.4960 44.5920 63
44.6240 44.8800 60
45.1680 45.2960 60
45.4240 45.8720 63
45.9040 46.0640 65
46.1920 46.6720 67
46.7040 46.9280 68
46.9600 47.0240 65
47.0560 47.0560 63
47.2160 47.5360 63
47.6640 47.8560 68
47.8880 48.3040 70
48.6880 48.7200 66
48.7520 49.1680 68
49.2000 49.5520 70
49.7120 49.7440 70
49.7760 49.8080 71
49.8400 50.0960 72
50.1280 50.2880 71
50.3200 50.9600 72
50.9920 51.0240 69
51.0560 51.4400 64
51.6640 51.7920 70
52.1120 52.5280 70
52.7200 52.8800 70
52.9120 52.9120 67
52.9440 53.3920 63
53.7760 54.1600 67
54.1920 54.2880 68
54.4160 54.8000 67
54.8320 54.9280 68
55.0880 55.2480 72
55.2800 55.3120 71
55.7280 56.0800 63
56.1120 56.2080 62
57.1680 57.2320 59
57.2640 57.3280 60
57.3600 57.3920 61
57.4240 57.4560 62
57.4880 57.5520 63
57.6800 57.8720 63
57.9040 58.1600 65
58.1920 58.6080 67
58.6400 58.8320 68
58.8640 58.9280 67
58.9600 59.0560 65
59.2160 59.5360 63
59.6960 59.7280 68
59.7600 59.8240 69
59.8560 60.3680 70
60.6880 60.8160 66
60.8480 61.1040 68
61.1360 61.1680 69
61.2000 61.5520 70
61.6800 62.3520 72
62.4800 62.6080 71
62.7360 62.8640 71
62.8960 63.0240 72
63.0560 63.0560 70
63.1840 63.3120 63
63.3440 63.4080 64
63.7280 63.7600 69
63.7920 64.0480 70
64.1760 64.2080 69
64.2400 65.0400 70
65.2000 65.3280 71
65.3600 65.5200 72
65.7440 65.9040 68
65.9360 66.1280 67
66.1600 66.4160 68
66.4480 66.6720 67
66.7040 66.8640 68
67.0240 67.1200 70
67.1520 67.2800 71
67.5680 67.8560 60
67.8880 67.9200 62
67.9520 68.4000 63
69.1360 69.2000 66
69.2320 69.2640 67
69.2960 69.4880 68
69.5200 69.6480 67
69.6800 70.0000 65
70.0320 70.1600 66
70.1920 70.6400 67
70.6720 71.0240 68
71.1840 71.2160 71
71.2480 71.3120 72
71.3440 71.4720 73
71.5040 71.9520 72
72.3040 72.4640 70
72.4960 72.6240 68
72.6560 73.1040 67
73.5520 73.7120 67
73.7440 75.6000 68
75.6320 75.7920 67
89.2000 89.3920 62
89.4240 90.0000 60
90.1600 90.2880 58
90.5440 91.2160 60
91.2480 91.2800 61
91.3120 91.5040 62
91.5360 91.5680 59
91.6000 92.3040 58
93.1680 93.3280 60
93.3600 93.3920 59
93.4240 93.6480 58
93.8720 95.0560 56
95.2160 95.2800 58
95.3120 95.3440 59
95.3760 95.5040 60
95.6640 95.6960 65
95.7280 95.8240 66
95.8560 96.8800 67
96.9120 96.9760 66
97.0080 97.0720 65
97.1040 97.4240 63
98.1920 98.3200 58
98.3520 98.5440 62
98.7040 98.7680 68
98.8000 98.9600 70
98.9920 99.5360 68
99.6640 99.8240 70
99.8560 100.0800 68
100.2080 100.3360 66
100.3680 100.6560 62
100.6880 100.8800 60
101.1680 101.2960 60
101.4560 101.5520 61
101.7120 101.8400 63
101.8720 102.0640 65
102.1920 102.6720 67
102.7040 102.8960 68
102.9280 103.0240 65
103.0560 103.0880 64
103.1200 103.5360 63
103.6960 103.8240 68
103.8560 104.2720 70
104.3040 104.3680 72
104.6880 104.7200 66
104.7520 104.8160 67
104.8480 105.1360 68
105.1680 105.5840 70
105.7440 105.8080 70
105.8400 105.8720 71
105.9040 106.1600 72
106.1920 106.2880 70
106.3200 106.3520 71
106.3840 106.6720 72
106.7040 106.8320 71
106.8640 106.9920 72
107.0240 107.0240 70
107.0560 107.0560 68
107.0880 107.1840 64
107.2160 107.4720 63
107.6640 107.7920 70
108.0160 108.5600 70
108.6880 108.8800 70
108.9120 108.9120 67
108.9440 108.9760 65
109.0080 109.4240 63
109.6480 110.7680 67
110.8000 110.9280 68
111.0560 111.3120 72
111.6960 111.8240 60
111.8560 112.2400 63
112.2720 112.3680 62
113.1680 113.2320 59
113.2640 113.3600 60
113.3920 113.7760 63
113.8080 114.0320 65
114.0640 114.4480 66
114.4800 114.6080 67
114.6400 114.8960 68
114.9280 115.0560 65
115.2160 115.6320 63
115.6640 115.7920 68
115.8240 116.4000 70
116.6880 116.7520 66
116.7840 117.2000 68
117.2320 117.6480 70
117.6800 118.3840 72
118.4160 119.0560 71
119.1840 119.4400 63
119.6960 119.7600 67
119.7920 121.2960 70
121.3280 121.4560 72
121.4880 121.5840 69
121.7120 121.8400 68
121.8720 122.1280 67
122.1600 122.4480 68
122.4800 122.7040 67
122.7360 122.8960 68
123.0240 123.1200 70
123.1520 123.3120 71
123.5040 123.5680 62
123.6000 123.6320 61
123.6640 123.8240 60
123.8560 124.0160 62
124.0480 124.3680 63
125.1040 125.1360 66
125.1680 125.2320 67
125.2640 125.4560 68
125.4880 125.6480 67
125.6800 126.0640 65
126.0960 126.1280 66
126.1600 126.6080 67
126.6400 127.0240 68
127.1520 127.2800 72
127.3120 127.4400 73
127.4720 127.9840 72
128.1760 128.2720 69
128.3040 128.4320 70
128.4640 128.6560 68
128.6880 129.3600 67
129.5200 129.7120 67
129.7440 132.9760 68
145.6800 145.7120 68
145.7440 145.8080 69
145.8400 145.9040 70
145.9360 148.2080 71
148.6880 148.8160 67
148.8480 149.1360 69
149.1680 149.2000 70
149.2320 149.7440 71
149.7760 149.8080 72
149.8400 150.1280 73
150.1600 150.2240 70
150.2560 150.6400 73
150.6720 150.7360 74
150.7680 150.8000 75
150.8320 150.9920 76
151.1520 151.2800 72
151.3120 151.4400 73
151.4720 151.8880 71
151.9200 152.2080 69
152.2400 152.4320 70
152.4640 152.6240 69
152.6560 153.0080 71
153.1680 153.2640 72
153.2960 153.4240 73
153.6480 153.6800 67
153.7120 153.7760 68
153.8080 153.9040 69
153.9360 154.2240 68
154.2560 154.3520 69
154.3840 154.6080 68
154.6400 154.7680 67
154.8000 155.0240 69
155.0560 155.2160 71
155.2480 155.3440 73
155.3760 155.3760 71
155.7280 155.9200 62
155.9520 156.5600 64
156.9120 157.3600 61
157.3920 157.4240 63
157.4560 157.5840 64
157.7120 158.0000 66
158.1920 158.6080 68
158.6400 158.9280 69
158.9600 158.9600 67
158.9920 159.6320 64
159.6640 159.8240 69
159.8560 160.5920 71
160.6240 161.2320 69
161.2640 161.4880 71
161.5840 161.7440 71
161.7760 162.8960 73
163.0240 163.1200 64
163.1520 163.3120 63
163.3440 163.4080 64
163.6640 163.7600 69
163.7920 164.1760 71
164.2080 164.4000 70
164.4320 164.7200 69
164.7520 165.0720 71
165.2000 165.2960 71
165.3280 165.6480 73
165.6800 166.0960 69
166.1280 166.2880 67
166.3200 166.5760 69
166.7360 166.7680 67
166.8000 167.1200 69
167.1520 167.2160 71
167.2480 167.6640 73
167.6960 167.8240 72
167.8560 168.0800 74
168.1120 168.4640 73
168.4960 168.6880 71
168.7200 168.9120 69
169.1040 169.6160 68
169.6480 170.0000 66
170.0320 170.1280 67
170.1600 170.6400 68
170.6720 170.9920 69
171.1840 171.3120 73
171.3440 171.6320 74
171.6640 171.8240 72
171.8560 172.1120 73
172.1440 172.2080 72
172.2400 172.4000 71
172.4320 172.4640 70
172.4960 172.6240 69
172.7520 173.3600 68
173.4880 177.0720 69
