23.1840 23.4080 56
23.6320 23.7600 57
23.7920 23.9200 58
23.9520 24.2720 61
24.3040 24.4960 62
24.5280 24.8800 63
24.9120 24.9760 62
25.0080 25.3920 61
25.4240 25.4560 59
25.4880 26.0640 58
26.4800 26.7040 63
26.8960 26.9920 63
27.0240 27.0880 65
27.2480 27.8880 63
27.9200 27.9520 62
27.9840 28.4000 61
28.4320 28.4640 60
28.4960 28.5600 59
28.5920 28.6240 57
28.6560 28.9440 56
29.4560 29.6480 58
29.8400 30.0320 61
30.1920 30.4480 62
30.4800 31.0240 63
31.2480 31.4720 61
31.6640 31.8880 58
31.9200 32.2080 56
32.3680 32.5600 58
32.7520 32.9760 63
33.0080 33.2640 65
33.4560 34.8000 65
35.6640 35.8880 61
36.0480 36.2080 61
36.2400 36.3040 62
36.3360 36.4960 63
36.6560 36.7520 62
36.7840 37.0720 61
37.1040 37.7760 58
38.2240 38.4160 63
38.6400 38.8320 64
38.9920 39.5680 63
39.6960 40.2080 61
40.4320 40.7200 56
41.2000 41.3600 58
41.5200 41.7440 61
41.8720 42.2240 61
42.2560 42.5120 63
42.9920 43.2160 61
43.2480 43.2800 59
43.3120 43.5040 56
43.5360 43.8240 58
44.0480 44.2400 63
44.2720 44.5600 65
44.7840 46.0000 61
47.3760 47.8560 61
47.8880 48.2720 63
48.4960 48.8800 61
48.9120 49.0080 60
49.2000 49.6480 58
49.6800 49.8400 59
49.8720 50.2240 63
50.2560 50.5760 65
50.6080 50.6720 64
50.7040 51.1520 63
51.4080 51.8880 61
51.9200 51.9840 59
52.0160 52.1120 57
52.1440 52.4000 56
52.8160 53.1680 58
53.2000 53.7120 61
53.7440 54.2560 63
54.2880 54.5440 61
54.7040 54.8640 58
55.0880 55.3440 56
55.6960 56.0160 68
56.0480 58.0320 65
59.0560 59.6000 61
59.6320 60.0160 63
60.1760 61.0080 61
61.0400 61.3920 63
61.6160 61.8400 63
61.8720 62.4160 61
62.4480 62.8640 63
63.1200 63.1520 63
63.1840 63.6640 65
63.8240 64.1440 65
64.5600 64.7840 63
64.9120 65.1360 61
65.3600 65.7760 58
66.0000 66.1600 63
66.1920 66.6080 65
66.7680 66.9920 63
67.0240 67.3440 61
67.5040 67.7280 58
67.9200 70.2880 61
71.1840 71.3440 61
73.3600 73.5840 61
73.7120 74.2240 63
74.2560 74.7360 65
74.7680 74.8640 68
74.8960 75.3760 70
75.5680 75.7600 68
75.7920 76.0800 65
76.2400 76.4640 63
76.6560 77.1040 61
77.1360 77.5840 63
77.7440 77.8080 63
77.8400 78.7360 65
79.2160 79.4080 63
79.6000 79.7600 61
79.7920 80.2400 58
80.2720 80.4000 68
80.4320 80.5280 70
80.6560 80.8800 70
81.0080 81.2320 70
81.3920 81.6160 68
81.6480 82.0320 65
82.0640 82.3520 63
82.5440 82.6400 67
82.6720 82.8320 68
82.8640 83.0880 65
83.2480 84.5280 65
84.5600 84.5920 64
84.9440 85.1040 58
85.1360 85.3600 61
85.3920 85.5520 63
85.7760 85.9360 63
85.9680 86.4480 65
86.4800 86.6400 68
86.6720 87.1840 70
87.2160 87.5040 68
87.5360 87.8240 65
87.8560 88.1440 63
88.3360 88.5280 61
88.5600 88.6560 62
88.6880 89.5840 63
89.6160 90.0320 65
90.1920 90.5120 65
90.8960 91.0880 63
91.2800 91.4720 61
91.5040 91.5040 59
91.6640 91.8560 58
91.9840 92.0800 63
92.1120 92.2400 65
92.4000 92.9760 65
93.0080 93.4880 63
93.6480 94.0640 61
94.0960 94.0960 59
94.2240 94.4800 58
94.5120 94.5440 59
94.5760 94.6400 61
94.6720 95.0240 63
95.0560 96.9440 61
108.0800 108.3040 56
108.4960 108.7840 58
108.8160 109.3280 61
109.3600 109.7760 63
109.8080 109.8720 62
109.9040 110.2560 61
110.2880 111.3440 58
111.3760 111.5680 63
111.7600 111.9520 65
112.1120 112.4320 63
112.7840 113.1360 61
113.1680 113.2000 59
113.2320 114.0960 56
114.3200 114.5120 58
114.6720 114.8960 61
115.0560 115.3440 61
115.3760 115.6960 63
116.1440 116.3040 61
116.5280 116.7520 58
116.7840 117.0720 56
117.2320 117.3920 58
117.6160 117.8720 63
117.9040 118.1600 65
118.3200 119.8240 65
120.5280 120.7840 61
120.9120 121.1360 61
121.1680 121.5520 63
121.5840 122.2880 61
122.3200 123.0880 58
123.1200 123.2800 63
123.4400 123.6640 65
123.7920 124.4960 63
124.5280 125.1040 61
125.2960 125.5520 56
126.0320 126.2240 58
126.3840 126.6080 61
126.7360 127.0880 61
127.1200 127.4400 63
127.8560 128.0800 61
128.1120 128.1440 59
128.2720 128.4320 56
128.4640 128.7520 58
128.9760 129.1680 63
129.2000 129.4560 65
129.6800 131.3760 61
132.1440 132.3680 61
132.5920 132.7520 62
132.7840 133.1360 63
133.3280 133.3920 62
133.4240 133.8400 61
134.0960 134.7040 58
134.7360 134.8000 61
134.8320 135.2800 63
135.3120 135.4400 65
135.4720 135.8240 63
136.2400 136.3040 62
136.3360 136.6880 61
136.7200 136.7840 60
136.8160 136.8800 58
136.9120 137.8080 56
137.8400 138.0320 58
138.0640 138.5440 61
138.5760 139.0880 63
139.1200 139.3440 61
139.5680 139.7920 58
139.9200 140.1120 57
140.4960 140.8800 68
140.9120 143.3760 65
143.8880 144.4960 61
144.5280 144.9760 63
145.0080 145.8720 61
145.9040 146.3200 63
146.5440 146.7680 63
146.8000 147.3120 61
147.3440 147.7600 63
148.0160 148.1440 63
148.1760 149.0080 65
149.4560 149.6160 63
149.6480 150.0320 61
150.1920 150.6720 58
150.8960 150.9280 63
150.9600 151.4080 65
151.4400 151.5040 64
151.6000 151.8240 63
151.8560 151.9520 62
151.9840 152.1120 61
152.1440 152.1760 60
152.4000 152.5280 57
152.7520 155.3120 61
156.1440 156.2080 60
158.2560 158.3200 60
158.3520 158.4480 61
158.5760 159.1200 63
159.1520 159.6320 65
159.6640 159.6960 68
159.7280 159.8240 69
159.8560 160.2400 70
160.4000 160.6560 68
160.6880 161.0080 65
161.0400 161.2960 63
161.5200 161.9360 61
161.9680 162.4480 63
162.6400 162.7680 63
162.8000 163.6320 65
164.1120 164.2720 63
164.4320 164.6240 61
164.6560 165.0400 58
165.0720 165.0720 60
165.1040 165.1040 62
165.1360 165.1360 65
165.1680 165.2640 68
165.2960 165.3920 70
165.5200 166.0960 70
166.2560 166.4800 68
166.5120 166.8960 65
166.9280 167.2160 63
167.3760 167.5360 66
167.5680 167.9520 68
168.1120 169.3920 65
169.8080 169.9040 60
169.9360 170.1600 61
170.1920 170.4480 63
170.7040 171.2800 65
171.3120 171.5360 68
171.5680 172.0160 70
172.0480 172.3680 68
172.4000 172.7200 65
172.7520 173.0080 63
173.2320 173.5520 61
173.5840 174.4800 63
174.5120 174.8640 65
175.0560 175.4080 65
175.7600 175.9840 63
176.1440 176.3680 61
176.4960 176.7200 58
176.8480 176.9440 63
176.9760 177.1040 65
177.2320 177.8080 65
177.8400 178.0960 61
178.1280 178.3840 63
178.4160 178.9600 61
178.9920 179.4080 58
179.4400 179.5680 61
179.6000 179.8880 63
179.9200 181.1680 61
181.6160 181.8400 61
181.9680 182.4800 63
182.5120 183.0560 65
183.0880 183.2160 68
183.2480 183.6960 70
183.8560 184.0480 68
184.0800 184.3680 65
184.5280 184.7520 63
184.9120 185.3920 61
185.4240 185.8720 63
186.0320 186.1920 63
186.2240 187.1200 65
187.4720 187.6320 63
187.8240 187.9840 61
188.0160 188.4640 58
188.4960 188.4960 61
188.5280 188.5280 64
188.5600 188.6560 68
188.6880 189.4880 70
189.6480 189.8720 68
189.9040 190.2880 65
190.3200 190.6400 63
190.8000 190.9280 66
190.9600 191.3760 68
191.5360 192.8800 65
193.2320 193.6480 61
193.6800 193.8400 63
194.0640 194.7680 65
194.8000 194.9280 68
194.9600 195.4720 70
195.5040 195.7600 68
195.7920 196.1440 65
196.1760 196.4320 63
196.6560 196.9760 61
197.0080 197.8400 63
197.8720 198.3200 65
198.4800 198.8640 65
199.1520 199.3760 63
199.5360 199.7920 61
199.8240 199.8240 59
199.9840 200.1440 58
200.2720 200.3680 63
200.4000 200.4640 65
200.4960 200.4960 63
200.6560 201.2640 65
201.2960 201.9040 63
201.9360 202.3200 61
202.3520 202.3520 59
202.4800 202.8000 58
202.8320 203.0240 61
203.0560 203.2800 63
203.3120 205.3600 61
