22.9600 23.0240 56
83.2160 83.2800 60
93.5520 93.5840 54
93.6160 93.6480 55
93.6800 94.0640 56
94.0960 94.1920 55
94.2240 94.3200 56
94.4800 94.6080 59
94.6400 94.6720 60
94.7040 95.9520 61
96.3040 96.4640 54
96.4960 96.5280 55
96.5600 97.0080 56
97.0400 97.7440 54
97.9360 98.0960 52
98.1280 98.2880 54
98.3200 98.7360 53
98.7680 98.8000 52
98.8320 99.6000 51
100.2080 100.3040 51
100.4320 100.7200 53
101.1040 101.2320 53
101.2640 101.7120 54
101.7440 101.7440 56
101.7760 101.8080 59
101.8400 102.0000 60
102.0320 102.8960 61
103.1840 103.2800 61
103.4720 103.6640 58
103.6960 103.9520 60
103.9840 103.9840 58
104.1120 104.4960 51
104.5280 104.5600 52
104.5920 104.9440 53
105.1040 105.2320 54
105.2640 105.3280 55
105.3600 106.7040 56
108.5280 108.8160 56
108.9440 109.0720 56
109.2000 109.3920 59
109.4240 109.5840 61
109.7760 110.5760 61
111.0880 111.2480 54
111.2800 111.5680 56
111.7600 111.8560 56
111.8880 111.9200 55
111.9520 112.8160 54
112.8480 113.2000 53
113.3600 113.5520 53
113.5840 113.7120 51
113.8720 114.5120 51
114.9280 115.0240 51
115.2480 115.5040 53
115.6320 115.9840 53
116.0160 116.4960 54
116.6240 116.7840 59
116.8160 117.6160 61
117.9680 118.0640 61
118.0960 118.1280 60
118.2560 118.4480 58
118.4800 118.6720 60
118.7040 118.7360 59
118.9600 119.1200 51
119.3760 119.5040 51
119.5360 119.5680 52
119.6000 119.7920 53
119.8240 119.8560 54
119.8880 119.9520 55
119.9840 121.6480 56
122.8000 122.8320 51
122.8640 122.9600 52
122.9920 123.8560 54
123.9840 124.6880 56
124.8800 124.9440 55
124.9760 125.1040 56
125.1360 125.8720 58
125.9040 126.0640 57
126.0960 126.1600 58
126.3200 126.5760 56
126.9280 126.9600 64
126.9920 127.1200 65
127.2480 127.8560 65
127.8880 128.0480 66
128.0800 128.3040 63
128.3360 128.3680 64
128.4000 128.8480 65
128.8800 129.0400 66
129.0720 129.2000 64
129.2320 129.4880 65
129.5200 129.9040 63
129.9360 130.0960 61
130.1280 130.1280 55
130.1600 130.3520 53
130.3840 131.1200 54
131.3760 131.5680 56
131.7920 132.4320 56
132.4640 133.3280 58
133.8400 133.9040 54
133.9360 134.0000 55
134.0320 134.8000 56
135.0560 136.1440 60
136.1760 136.5600 61
136.9120 137.0400 56
137.0720 137.0720 58
137.1040 137.2960 61
137.3280 137.8080 63
137.8400 138.1920 64
138.2240 138.4160 63
138.5440 139.0240 63
139.3440 139.6000 63
139.6320 139.7920 64
139.8240 140.3360 63
140.3680 140.9120 61
141.1040 141.2640 61
141.2960 141.3280 62
141.3600 142.5760 63
143.1200 143.2480 54
143.2800 143.3120 55
143.3440 143.4720 56
143.6000 144.1760 58
144.2080 144.4640 61
144.4960 144.6560 63
144.6880 144.8160 61
144.9760 145.1680 63
145.2000 145.7760 65
145.9360 146.0960 63
146.1280 146.4480 65
146.7040 146.9600 63
146.9920 147.1520 65
147.1840 147.2160 64
147.2480 147.6960 63
147.7280 148.8160 61
148.8480 148.8800 62
148.9120 149.2640 63
149.2960 149.2960 61
149.3280 149.5520 58
149.5840 149.7760 60
149.8080 149.9040 58
149.9360 150.1920 56
150.4800 150.6720 61
150.7040 150.8320 63
150.8640 150.8960 62
150.9280 151.3760 61
151.4080 151.9520 60
152.1760 152.3680 60
152.4000 152.5920 61
152.6240 152.6560 59
152.6880 153.1040 58
153.1360 153.2960 59
153.3280 153.5840 61
153.7440 154.1280 58
154.1600 154.3520 61
154.3840 155.0560 58
155.0880 155.3120 61
155.3440 155.3760 62
155.4080 156.0160 63
156.0480 157.3280 65
157.9360 158.0960 55
158.1280 158.3200 56
158.3520 158.6080 58
158.8960 158.8960 58
158.9280 159.2480 61
159.2800 159.6000 63
159.6320 159.7600 65
159.7920 159.9520 63
159.9840 160.4960 65
160.7200 160.8480 64
160.8800 161.2000 65
161.5520 161.7120 63
161.7440 161.9040 65
161.9360 161.9680 64
162.0000 162.1280 63
162.2560 162.4480 63
162.4800 163.4080 61
163.4400 163.6640 63
163.8880 164.0480 63
164.0800 164.3040 65
164.3360 164.4320 63
164.4640 164.6880 65
164.7200 164.8800 63
164.9120 165.0400 61
165.0720 165.2000 60
165.2320 166.0000 61
166.0320 166.0640 59
166.0960 166.1920 58
166.3520 166.4480 58
166.4800 166.5760 59
166.6080 166.7040 61
166.7360 166.8000 62
166.8320 166.9920 63
167.1200 167.3120 65
167.3440 167.4720 63
167.6000 168.1440 63
168.1760 168.1760 61
168.3040 168.4640 55
168.4960 168.5280 56
168.5600 169.1040 58
169.1360 169.2320 61
169.4240 169.5520 58
169.6800 169.8080 59
169.8400 169.9680 61
170.1600 170.7680 63
170.8000 170.9600 64
170.9920 171.6640 63
171.6960 171.8240 61
171.9840 172.6240 61
172.6560 172.6880 62
172.7200 173.1360 63
173.7120 173.8400 61
173.8720 174.1600 60
174.4800 175.8240 61
178.4480 178.9280 56
178.9920 179.0240 57
179.0560 179.2160 56
179.3760 179.4080 59
179.4400 179.5040 60
179.5360 179.5680 61
179.6000 179.7600 62
179.7920 180.5920 61
180.6240 180.8480 62
181.2000 181.3600 54
181.3920 181.4240 55
181.4560 181.8400 56
181.8720 181.9040 55
181.9360 182.6720 54
182.8320 182.9920 52
183.0240 183.2480 54
183.2800 183.6960 53
183.7280 183.9200 51
184.0800 184.6240 51
184.9440 185.2320 51
185.3600 185.6160 53
186.0640 186.4480 55
186.4800 186.6080 54
186.7360 186.9280 60
186.9600 187.1840 62
187.2160 187.7920 61
188.0800 188.2400 61
188.2720 188.4000 58
188.4320 188.5280 59
188.5600 188.8800 60
189.0080 189.3920 51
189.4240 189.4560 52
189.4880 189.6800 53
189.7120 189.8720 54
189.9040 191.0560 56
191.2800 191.4080 59
191.4400 191.6960 57
192.5600 192.6880 59
192.7200 192.8800 57
192.9120 193.0720 56
193.4560 193.4880 55
193.5200 193.7440 56
193.7760 193.8720 55
193.9040 194.0960 56
194.1280 194.2880 59
194.3200 194.4480 61
194.6080 194.6400 62
194.6720 195.5040 61
195.5360 195.5360 59
195.9200 195.9520 54
195.9840 196.0800 55
196.1120 196.4960 56
196.6880 196.8160 56
196.8480 197.7440 54
197.7760 198.0960 53
198.2560 198.4160 53
198.4480 198.4800 52
198.5120 198.6080 51
198.8000 199.2800 51
200.5920 200.7520 53
200.7840 201.0720 54
201.2960 201.3280 54
201.3600 201.4880 55
201.5200 201.6160 59
201.6480 201.6800 60
201.7120 202.2560 61
202.6080 202.7360 65
202.8640 203.0560 66
203.1520 203.6640 63
203.6960 203.8240 61
204.0480 204.3040 61
204.3360 207.1200 65
207.6960 207.9520 52
207.9840 208.3040 54
208.4320 208.8800 54
208.9120 210.0640 56
210.0960 210.6080 58
210.9600 211.0880 58
211.2160 211.5040 56
211.8560 211.9200 63
211.9520 212.0160 65
212.1440 212.7840 65
212.8160 212.9760 66
213.0080 213.2320 63
213.2640 213.8400 65
213.8720 214.0640 66
214.0960 214.1920 63
214.2240 214.4160 65
214.4480 214.8640 63
214.8960 215.0240 61
215.2800 216.1120 54
216.3360 216.6240 57
216.8160 217.4560 56
217.4880 218.1280 58
218.9280 219.7920 56
220.0160 220.3680 60
220.4000 220.6880 62
220.7200 220.8480 63
220.8800 221.2960 62
221.3280 221.4880 61
221.7440 221.8400 56
221.8720 221.9360 57
221.9680 221.9680 59
222.0000 222.1280 61
222.1600 222.1920 62
222.2240 222.4480 63
222.4800 222.7040 62
222.7360 223.0880 64
223.1200 223.2800 63
223.3120 223.3120 61
223.4400 223.9520 63
224.2400 225.1680 63
225.2000 225.7440 61
226.0320 226.1920 67
226.2240 227.6960 68
228.0800 228.1760 66
228.2080 228.2400 67
228.2720 228.4320 68
228.5600 228.6560 69
228.6880 228.9440 70
228.9760 228.9760 67
229.0080 229.1680 64
229.2000 229.6480 63
229.6800 229.7760 61
229.9360 230.1280 63
230.1600 230.6400 65
230.8000 230.9600 64
230.9920 231.3440 65
231.6640 231.8880 63
231.9200 232.0480 65
232.0800 232.1120 64
232.1440 232.5920 63
232.6240 233.4560 61
233.6160 233.7440 61
233.7760 234.0000 63
234.0320 234.2240 65
234.2560 234.4480 63
234.4800 234.6400 65
234.6720 235.0560 63
235.0880 235.1520 67
235.4400 235.5040 61
235.5360 235.5680 62
235.6000 235.7600 63
235.7920 235.9840 61
236.1440 236.2720 61
236.3040 236.8480 60
237.0720 237.2640 60
237.2960 237.4880 61
237.6160 237.8400 58
238.0000 238.1600 59
238.1920 238.5120 61
238.6720 239.0880 58
239.1200 239.3120 61
239.3440 239.7600 58
239.7920 239.8240 60
239.8560 240.0480 61
240.2720 240.3680 66
240.4000 240.4960 67
240.5280 240.9120 68
240.9440 241.0400 66
241.0720 242.2880 65
242.8640 243.0240 56
243.0560 243.2160 58
243.2480 243.2800 57
243.3120 243.4720 56
243.5040 243.6320 58
243.7920 243.9520 61
243.9840 244.1440 63
244.1760 244.3680 61
244.4000 244.5600 63
244.7200 244.7840 63
244.8160 244.9120 62
244.9440 245.0720 64
245.1040 245.2000 62
245.2320 245.3600 61
245.5840 245.7440 63
245.7760 246.1280 64
246.4800 246.6400 63
246.6720 246.8640 64
246.8960 247.3760 63
247.4080 248.1120 61
248.1440 248.3360 63
248.3680 248.6240 65
248.8480 248.9760 68
249.0080 249.2000 70
249.2320 249.2320 68
249.2640 249.3600 64
249.3920 249.6480 65
249.6800 249.7760 63
249.8080 249.9040 61
250.0640 250.2560 61
250.2880 250.4480 63
250.4800 250.5440 61
250.5760 250.9920 63
251.0240 251.0880 65
251.1200 251.2480 62
251.4400 251.4720 59
251.5040 251.7600 61
251.7920 251.8880 63
252.0800 252.2400 65
252.2720 252.4320 63
252.5600 253.1360 63
253.4240 254.0320 58
254.0640 254.1920 61
254.3840 254.7360 58
254.7680 254.9600 61
255.1520 255.7600 63
255.7920 255.9520 65
255.9840 256.5600 63
256.5920 256.7840 61
256.9440 257.2640 61
257.3920 257.5520 61
257.5840 259.1520 63
259.1840 259.4080 67
259.4400 259.8560 68
260.4320 260.5920 61
260.6240 260.8160 60
261.1680 261.2960 63
261.3280 261.3600 62
261.3920 262.0000 61
262.0320 262.0960 62
266.9600 267.1520 65
321.2320 321.3280 56
321.4880 322.0640 56
322.1600 322.1600 58
322.1920 322.3200 60
322.3520 323.6320 61
323.9520 324.1440 54
324.1760 324.2400 55
324.2720 324.6880 56
324.7200 325.4880 54
325.6160 325.7120 52
325.7440 325.7760 53
325.8080 326.0000 54
326.0320 326.5120 53
326.5440 327.3440 51
327.8880 328.0800 51
328.1120 328.4000 53
328.8480 328.9120 53
328.9440 329.3920 54
329.5520 329.7120 59
329.7440 330.5760 61
330.8960 331.3440 61
331.3760 331.4080 62
331.4400 331.6320 63
331.6640 332.2720 61
332.3040 332.4320 58
332.4640 334.0320 56
334.0640 334.0960 55
334.1280 334.1600 54
334.1920 334.2880 53
334.4160 334.5440 56
334.5760 334.7360 58
334.7680 335.7280 56
336.2400 336.3040 55
336.3360 336.7840 56
336.9120 337.0720 59
337.1040 337.2640 61
337.4880 338.6080 61
338.6400 338.8960 62
338.9280 339.3760 61
339.7600 339.8560 63
339.8880 340.1120 65
340.1440 340.4000 66
340.4320 340.4960 64
340.5280 340.7840 65
340.8160 340.9440 63
340.9760 341.3280 61
341.3600 341.4560 63
341.4880 341.5200 62
341.5520 342.0320 61
342.4800 342.5440 56
342.7040 342.8640 61
342.8960 343.3760 63
343.4080 343.7600 64
343.7920 345.1680 63
345.2000 345.3280 64
345.3600 345.8720 63
345.9040 346.3840 61
346.6400 346.8320 67
346.8640 348.6560 68
349.1360 349.1360 62
349.1680 349.2960 65
349.4240 349.5200 66
349.5520 349.7760 65
349.8080 350.2240 63
350.2560 350.4160 61
350.5760 351.0880 54
351.1200 351.1520 55
351.1840 351.8880 56
351.9200 352.0800 58
352.1120 352.4320 56
352.8800 353.0080 65
353.1680 353.2960 66
353.3280 353.3920 64
353.4240 353.5200 65
353.6480 354.0320 63
354.0640 354.1920 61
354.4160 354.5760 60
354.6080 357.4560 61
357.4880 357.5520 60
357.9680 358.7680 53
359.5040 360.3360 53
360.4960 360.9760 53
361.1360 361.2000 53
362.1600 362.2240 54
362.7680 365.3920 54
365.4240 366.9600 53
367.0880 368.3040 53
368.3360 368.5920 54
371.6320 372.3360 69
