1.6480 1.7760 66
2.1280 2.4800 68
3.6640 3.7600 68
3.9200 3.9840 68
7.5360 7.6960 68
7.7280 7.7920 65
8.1440 8.1760 65
8.2080 8.7840 66
8.8160 8.8480 65
10.0000 10.0960 58
10.1280 10.1600 57
10.9280 10.9920 56
13.7440 13.8720 66
14.0320 14.1920 66
14.2240 14.3200 67
16.5600 16.6560 66
16.6880 16.7520 67
16.7840 17.0080 68
17.0400 17.0720 67
17.1040 17.3920 66
17.5520 17.5840 65
17.6160 17.6480 66
17.6800 17.7440 67
18.2560 19.6960 63
20.1120 20.3360 61
20.4640 20.6880 61
23.6000 23.6960 68
25.9360 26.0320 62
26.0640 26.0960 61
26.3200 26.5760 61
29.7760 29.8720 49
29.9040 30.0000 48
30.0320 30.0320 51
30.0640 30.1600 54
30.1920 30.9600 56
33.4880 33.5200 54
33.5520 33.6800 55
33.8080 34.0320 49
34.0640 34.2240 52
34.4480 34.6080 49
37.5200 37.5520 48
37.5840 37.7760 49
37.8080 37.9040 51
38.0320 38.2560 51
38.2880 38.5760 50
40.5600 40.8800 47
41.0720 41.6480 52
41.6800 41.7760 51
41.8080 42.0320 52
42.0640 42.1600 55
42.1920 42.3840 56
42.4160 42.4480 55
42.4800 42.5760 54
45.5200 46.0000 49
46.0320 46.0960 52
46.1280 46.3200 54
46.3520 46.7360 56
48.4640 48.4960 53
48.5280 48.5920 54
48.6240 49.3600 56
49.3920 49.4560 54
49.4880 49.5840 55
49.6160 49.6800 56
49.7120 49.7120 54
49.7440 49.7440 52
49.7760 50.3200 49
50.3520 50.4480 50
50.4800 50.6400 52
50.8000 50.9920 49
53.7440 53.8080 49
54.0320 54.0960 49
54.1280 54.1280 51
54.1600 54.5120 54
54.5440 54.6080 53
54.6400 55.1200 52
55.1520 55.2800 54
55.3120 55.4080 53
55.4400 55.4720 52
55.5040 55.5360 51
56.5280 56.6240 52
56.6560 56.7840 49
56.8160 56.9440 50
57.0720 57.1360 49
57.1680 57.3280 50
57.4560 57.5200 52
57.5520 57.6160 51
57.6480 57.7440 48
57.7760 58.0000 47
61.4880 61.4880 54
61.5200 61.9360 56
61.9680 62.0320 54
62.0640 62.0640 57
62.0960 62.2880 59
62.3200 62.8640 61
63.0240 63.2480 61
63.2800 64.0480 59
64.0800 64.1120 56
64.1440 64.5600 54
65.4880 65.8720 54
66.0320 66.4160 59
66.5120 66.5760 58
66.6080 67.3440 59
67.3760 67.7280 54
67.7600 67.7920 55
67.8240 68.1440 56
69.7440 69.9360 56
69.9680 70.0320 57
70.0640 70.1920 59
70.2240 70.9280 61
70.9600 70.9920 60
71.7920 71.8560 51
71.8880 71.9840 52
72.0160 72.6240 59
72.6560 72.7520 58
72.7840 72.9440 59
72.9760 73.1360 57
73.1680 73.3280 59
73.3600 73.3920 58
73.4240 73.4880 53
73.5200 73.6800 54
73.8400 73.8400 56
73.8720 74.0960 59
74.1280 74.1600 58
74.3200 74.3520 53
74.3840 74.5440 54
74.5760 74.8960 56
75.0240 75.2160 54
75.2480 75.3120 55
77.5200 77.5200 52
77.5520 78.0320 56
78.0640 78.1920 59
78.2240 78.7040 61
78.8640 78.8640 55
78.8960 78.9280 58
78.9600 79.1520 59
79.1840 79.8880 61
79.9200 79.9200 59
80.0480 80.1760 57
80.2080 80.8480 59
80.9760 81.7440 59
81.7760 81.8080 57
81.8400 82.0960 56
82.1280 84.0800 59
84.1120 84.2720 61
85.4560 85.5200 48
85.5520 85.8400 49
86.0320 86.0960 55
86.1280 86.1920 56
86.2240 86.9280 57
87.5360 87.8560 49
88.0160 88.0480 53
88.0800 88.8480 54
88.8800 88.9760 53
89.0080 89.1040 50
89.1360 89.2640 51
89.9040 90.0320 47
93.7440 93.8080 66
93.9360 94.0000 67
94.0320 94.2560 66
94.2880 94.4480 67
94.4800 94.9280 68
95.2160 95.6320 63
96.0480 96.1760 64
97.6480 97.7760 66
98.1280 98.4480 68
99.9200 99.9840 62
103.5680 103.7920 63
104.1760 104.2080 65
104.2400 104.4000 66
104.5280 104.8480 66
106.0000 106.1280 58
110.0320 110.1920 66
110.2240 110.3520 67
110.3840 111.0240 68
112.4960 112.6560 66
112.6880 113.0400 67
113.0720 113.3920 66
113.5520 113.5840 65
113.6160 113.6480 66
113.6800 113.7440 67
113.9040 114.0320 64
114.0640 115.9200 63
115.9520 115.9840 62
116.0160 116.3040 61
116.4640 116.6880 61
119.6960 119.7920 63
119.8240 120.0800 64
122.0000 122.0960 66
122.3200 122.4480 66
125.8080 125.8400 48
125.8720 125.9040 49
125.9360 126.0000 50
126.0320 126.0640 53
126.0960 126.3520 54
126.3840 126.9280 56
128.7840 128.8480 50
129.0080 129.1360 55
129.1680 129.1680 53
129.2000 129.2640 50
129.2960 129.3600 49
129.4880 129.5520 50
129.5840 129.6800 52
129.7120 130.0000 49
130.0320 130.2560 51
130.2880 130.6400 52
131.0880 131.5680 63
133.5200 133.6480 49
133.7760 134.4480 51
134.4800 134.5120 49
134.5440 134.6080 50
134.6400 134.9600 51
134.9920 134.9920 49
135.3120 135.5040 49
135.5360 135.6640 51
135.6960 135.7920 50
135.8240 135.9200 51
136.3040 136.3680 46
136.7840 136.9760 47
137.0080 137.2320 51
137.3600 137.3920 50
137.4240 137.4560 51
137.4880 137.7440 52
137.7760 137.8080 53
137.8400 138.0320 56
138.0640 138.1600 55
138.1920 138.3840 54
141.7760 141.8720 55
142.0320 142.0320 56
142.0640 142.0960 58
142.1280 142.2560 59
142.2880 142.4480 61
142.4800 142.5440 58
142.5760 143.2480 59
143.2800 143.3440 53
143.3760 143.5680 54
143.6000 144.0800 56
144.1120 144.3040 54
144.3360 144.4000 55
145.2640 145.3280 51
145.3600 145.7120 52
145.7440 146.0320 54
146.0640 146.0960 55
146.1280 146.2240 56
146.2560 146.6400 59
146.6720 147.0240 58
147.0560 147.2160 59
147.2480 147.6000 56
147.8240 147.9840 61
148.0160 148.1440 63
148.1760 148.2400 62
148.2720 148.7200 61
149.5200 149.9360 49
149.9680 149.9680 52
150.0000 150.1920 56
150.4160 150.4800 55
150.5120 150.6720 57
150.7040 150.8320 53
150.8640 150.9920 54
151.6320 152.0160 49
152.0480 152.0480 51
152.0800 152.1760 53
152.2080 152.4000 52
152.4320 152.7520 54
153.0720 153.1360 52
153.1680 153.4560 51
153.4880 153.5840 50
153.6160 153.7120 48
154.1280 154.1920 50
154.8000 154.8640 49
157.2960 157.4560 50
157.4880 157.4880 52
157.5200 157.7120 55
157.7440 157.9680 56
158.0000 158.0320 58
158.0640 158.3520 59
158.3840 158.8000 61
158.8320 158.8640 60
158.8960 159.0880 59
159.1200 159.9520 61
159.9840 160.0800 58
160.1120 160.2080 59
160.2400 160.3040 60
160.3360 160.4640 61
160.4960 160.6880 59
160.8480 160.8480 57
160.8800 161.0400 59
161.0720 161.5200 56
162.0640 162.4480 59
162.4800 162.5440 57
162.5760 163.3120 59
163.3440 163.7600 54
163.7920 164.1120 56
164.1440 164.2400 54
165.7120 165.9040 56
166.0320 166.0640 57
166.0960 166.3200 59
166.3520 167.4720 61
168.0160 168.0160 56
168.0480 169.2000 59
169.3920 169.6800 61
169.8400 169.8400 51
169.8720 170.0960 54
170.1280 170.5760 56
170.6080 170.7040 55
171.2160 171.3120 55
174.4800 174.5120 51
174.5440 174.6400 54
174.6720 175.6320 57
175.6640 176.2080 59
176.2400 176.3040 58
176.3360 176.6560 56
176.8160 177.0400 56
177.0720 177.4880 54
177.5200 177.5840 53
178.0320 178.0960 57
178.1280 178.1920 58
178.2240 178.3840 59
178.4160 178.5440 58
178.5760 179.3440 59
179.3760 179.7600 54
179.7920 180.1440 56
180.1760 180.2080 55
181.7440 181.7760 55
181.8080 181.8400 56
181.8720 182.0960 57
182.1280 182.7040 54
182.7360 182.8000 53
182.8320 182.8960 51
183.7600 183.8560 49
184.0160 184.2080 51
184.2400 184.3040 49
184.4960 185.1360 51
185.4240 185.5200 49
185.5520 185.6480 51
185.8400 186.3840 49
186.4160 186.4800 50
210.6400 210.7040 68
221.3280 221.3920 54
221.4240 221.6800 56
221.7120 221.7760 54
221.8080 222.0000 56
222.0320 222.3520 59
222.3840 222.4160 60
222.4480 222.8000 61
222.8320 222.9280 59
222.9600 223.0880 60
223.1200 223.9840 61
224.0160 224.2080 59
224.2400 224.3680 61
224.4000 224.4640 60
224.4960 224.6560 59
224.8480 224.8800 58
224.9120 225.0720 59
225.1040 225.5520 56
226.0320 226.4480 59
226.4800 226.5760 58
226.6080 227.3440 59
227.3760 227.7280 54
227.7600 227.8240 55
227.8560 228.1440 56
228.1760 228.2400 55
229.7120 229.7760 54
229.8080 229.9040 56
230.0320 230.0320 55
230.0640 230.4480 59
230.4800 231.5040 61
231.5360 231.5360 59
232.0160 232.2400 60
232.2720 233.1680 59
233.3280 233.3280 58
233.3600 233.6800 61
233.7120 233.7120 55
233.8080 234.0320 54
234.0640 234.9920 56
238.4800 238.5120 53
238.5440 238.6720 56
238.7040 239.7280 57
239.7600 240.2400 59
240.2720 240.3360 58
240.3680 240.6560 56
240.8160 240.8800 57
240.9120 240.9760 56
241.1360 241.5840 54
241.6160 241.6480 53
242.0320 242.3840 59
242.4160 242.5120 58
242.5440 243.3440 59
243.3760 243.7600 54
243.7920 244.1440 56
244.1760 244.3040 55
245.6800 245.6800 51
245.7120 245.7760 54
245.8080 246.0960 57
246.1280 246.8640 54
247.7920 247.8880 49
248.0480 248.2400 51
248.2720 248.3360 48
248.5280 249.2000 51
249.4560 249.7120 51
249.8720 250.8000 49
253.8080 253.8080 50
253.8400 253.8400 52
253.8720 254.0000 55
254.0320 254.3520 56
254.3840 254.9280 54
256.2720 256.4000 49
256.5280 256.6880 51
256.7200 256.7520 49
256.7840 256.8480 47
257.0080 257.7760 51
259.8560 260.0800 51
260.2720 261.0080 49
261.6160 262.2880 61
