4.1440 4.2080 71
8.8480 9.1360 70
9.8080 9.9040 71
53.5520 53.6160 57
53.6480 54.1920 60
54.2240 55.6320 63
55.6640 55.9520 65
56.6240 56.8480 65
56.8800 57.5840 63
57.6160 57.9680 61
58.0000 58.6080 60
59.4400 59.5360 58
59.5680 59.7280 60
59.7600 60.9760 63
61.1680 61.3600 58
61.4880 61.8400 58
61.8720 62.3520 61
62.3840 62.3840 59
62.9280 62.9600 57
62.9920 63.2160 60
63.2480 63.4080 58
63.6000 63.8560 60
64.6880 64.7520 58
64.7840 65.2320 60
65.3920 65.5840 63
65.7120 66.6400 63
66.7680 67.0560 65
67.4400 67.9520 65
68.1440 68.7200 63
68.8480 69.0400 61
69.2000 69.4880 60
70.2880 70.2880 54
70.3200 70.3520 58
70.3840 70.9280 60
70.9600 72.1440 63
72.3360 72.9760 58
73.0080 73.2640 61
73.2960 73.6160 60
74.0320 74.0640 57
74.0960 74.3520 58
74.8000 74.9920 56
75.8240 75.8880 57
75.9200 76.4640 60
76.4960 77.3920 63
77.5520 77.5840 62
77.6160 77.8080 63
77.9360 78.2560 65
78.6400 78.8000 65
78.9600 79.0560 63
79.0880 79.1840 64
79.3440 79.9520 63
79.9840 80.2720 61
80.3040 80.5920 60
81.4240 82.0640 60
82.0960 82.9280 63
82.9600 83.2800 62
83.5360 84.0800 58
84.1120 84.2080 56
84.2400 84.4000 58
84.4320 84.5600 57
84.5920 84.7520 61
84.8800 85.3920 60
85.4240 85.5840 58
85.6160 85.7760 55
85.9040 86.2240 60
86.9920 87.6320 60
87.6640 89.0720 63
89.1040 89.3280 65
89.7760 89.9680 65
90.0960 90.3200 65
90.4800 91.0880 63
91.1200 91.4080 61
91.4400 91.9840 60
92.5920 92.6560 58
92.6880 92.7840 60
92.9120 93.1360 60
93.2960 94.1280 63
94.3200 94.3520 62
94.3840 94.5440 63
94.5760 94.5760 61
94.6080 94.6080 59
94.6400 94.7040 55
94.7360 94.8960 58
95.0240 95.1840 55
95.2160 95.3120 56
95.3440 95.3440 58
95.3760 95.7920 61
95.8240 96.3040 60
96.4320 96.5920 58
96.6240 96.6880 56
96.7200 96.8160 57
96.8480 96.9440 58
97.1360 97.4880 56
100.9120 100.9120 62
100.9440 101.1680 65
101.2960 101.5840 65
101.6160 102.5120 68
102.5440 102.6400 67
102.6720 102.9600 68
102.9920 103.0240 69
103.0560 103.3760 70
103.7280 104.4000 70
104.4320 104.9760 68
105.1040 105.3600 66
105.3920 106.2240 65
106.4800 107.1840 65
107.2160 108.4000 68
108.4320 108.4320 65
108.4640 108.5280 62
108.5600 108.8480 63
108.9760 109.2640 63
109.2960 109.6160 66
109.6480 109.9680 65
110.0000 110.3200 66
110.3520 110.6720 65
110.7040 110.9920 63
111.0240 111.5040 65
111.5360 111.6000 62
112.0800 112.0800 62
112.1120 112.3360 65
112.4640 112.4960 63
112.5280 112.7520 65
112.7840 114.1920 68
114.2240 114.5120 70
114.8640 115.4720 70
115.5040 115.7920 68
115.9200 116.1760 68
116.2080 116.5600 66
116.5920 117.2960 65
117.6800 117.9040 65
118.0320 118.2560 65
118.3840 119.6000 68
119.6320 119.6640 65
119.7920 120.0160 63
120.0480 120.1760 62
120.2080 120.3680 64
120.4000 120.6880 66
120.8480 121.1360 65
121.1680 121.4880 66
121.5200 121.6800 65
121.7120 122.0640 63
122.0960 122.1920 64
122.2240 122.8320 65
123.2800 123.2800 62
123.3120 123.9200 65
123.9520 125.3280 68
125.3600 126.5440 70
126.5760 127.4080 68
127.4400 127.6640 66
127.7920 128.4000 65
128.8480 129.5200 65
129.5520 130.7680 68
130.9280 131.5680 63
131.6000 131.8560 66
131.9840 132.3040 65
132.3360 132.6880 66
132.7200 132.9760 65
133.0080 133.3280 63
133.3600 133.9040 65
133.9360 134.0000 62
134.4480 134.4480 59
134.4800 134.5760 63
134.6080 135.0880 65
135.1200 135.3440 68
135.4720 136.4960 68
136.5280 136.8480 70
136.8800 136.8800 68
137.2000 137.3280 70
137.5520 137.8720 70
137.9040 138.1280 68
138.2560 138.5120 68
138.5440 138.8640 66
138.9920 139.6000 65
139.6320 139.6640 63
139.9840 140.6880 65
140.7200 141.9680 68
142.0960 142.7360 63
142.7680 143.1520 66
143.1840 143.8560 65
143.8880 144.5280 63
144.5600 144.6880 62
144.7200 145.6480 61
155.2480 155.3120 66
155.6000 155.6640 65
156.2400 156.3040 65
160.9120 161.0080 65
165.2000 165.5840 63
165.8720 165.9680 61
166.2560 166.4800 65
167.9840 168.0480 63
168.0800 168.5600 65
168.5920 169.4880 68
169.5200 169.5200 64
169.6800 170.0000 68
170.0320 170.3200 70
170.7360 170.9280 70
171.0560 171.0880 67
171.1200 171.1520 69
171.1840 171.3120 70
171.3440 171.4080 65
171.4400 172.0480 68
172.0800 172.3680 66
172.4000 172.9440 65
172.9760 172.9760 62
173.4560 173.4880 61
173.5200 174.1280 65
174.1600 175.0240 68
175.1520 175.4080 68
175.6000 176.6240 63
176.6560 177.4880 65
177.5200 177.8720 63
178.0320 178.7040 65
179.0240 179.0880 60
179.1200 179.7280 65
179.7600 180.6880 68
180.7200 180.8160 64
180.8480 181.1360 68
181.1680 181.7760 70
181.8080 181.8720 66
181.9040 181.9040 68
181.9360 182.0960 70
182.2240 182.4480 70
182.5760 183.2480 68
183.2800 183.5680 66
183.6000 184.1440 65
184.6240 185.3280 65
185.3600 186.2240 68
186.4160 186.6080 68
186.6400 186.6400 66
186.6720 186.9600 63
187.1200 187.4080 63
187.4400 187.6640 66
187.6960 188.4320 65
188.4640 189.1040 63
189.2320 189.4880 61
190.2560 190.2560 62
190.2880 190.4800 65
190.6080 190.8640 65
190.8960 192.3040 68
192.3360 192.6560 70
192.6880 192.7520 67
192.8480 193.6800 70
193.7120 194.2880 68
194.3200 194.6720 66
194.7040 194.7680 63
194.8000 195.4400 65
195.7920 196.4640 65
196.4960 197.7440 68
197.7760 198.1280 63
198.3200 198.5760 63
198.6080 198.9600 66
198.9920 199.2800 65
199.3120 199.6320 66
199.6640 199.6960 63
199.7280 200.0160 65
200.0480 200.3040 63
200.3360 200.7520 65
200.7840 200.8480 64
200.8800 200.9440 62
201.4240 201.6480 65
201.7760 201.7760 62
201.8080 202.0960 65
202.1280 202.3200 68
202.4480 203.5040 68
203.5360 203.8560 70
204.1760 204.8160 70
204.8480 205.1040 68
205.2320 205.4880 68
205.5200 206.5120 65
206.5440 206.6720 64
206.9920 207.1520 65
207.3440 207.5360 65
207.6960 208.9120 68
209.1040 209.5520 63
209.5840 209.6800 64
209.7120 210.0000 66
210.1280 210.4160 65
210.4480 210.7040 66
210.7360 210.8320 64
210.8640 211.0880 65
211.1200 211.4400 63
211.4720 211.9200 65
211.9520 211.9840 63
212.6240 213.2320 65
213.2640 214.6400 68
214.6720 214.9920 70
215.3440 215.9520 70
215.9840 216.5920 68
216.7200 217.0080 66
217.1360 217.7120 65
217.7440 217.8080 62
218.1920 218.8640 65
218.8960 219.0880 68
219.2160 220.0800 68
220.2400 220.8800 63
220.9120 221.1680 66
221.2960 221.6160 65
221.6480 221.9360 66
221.9680 222.2560 65
222.2880 222.6400 63
222.6720 223.1200 65
223.1520 223.1520 62
223.7600 223.7600 61
223.7920 223.7920 63
223.8240 224.3680 65
224.4000 224.6240 68
224.7840 225.8080 68
225.8400 226.1600 70
226.1920 226.2560 68
226.2880 227.0880 70
227.1200 227.1520 69
227.1840 227.4080 68
227.6000 227.7920 68
227.8240 227.8880 67
227.9200 228.1440 66
228.1760 228.8800 65
228.9120 229.0400 63
229.2000 229.2960 64
229.3280 230.0000 65
230.0320 231.2480 68
231.4080 232.0480 63
232.0800 232.3360 66
232.3680 232.4640 63
232.4960 233.0080 65
233.1680 233.7760 63
233.8080 233.9040 62
233.9360 234.2880 61
234.3200 234.3200 59
234.9280 234.9600 64
234.9920 235.5680 65
235.6000 235.7920 68
235.9200 236.5920 68
236.6240 237.2960 70
237.3280 237.3280 67
237.3600 237.4880 63
237.7120 238.3200 70
238.3520 238.4480 68
238.7360 238.9280 68
238.9600 239.0560 67
239.0880 239.3120 66
239.3440 240.0480 65
240.0800 240.1440 63
240.3680 241.1680 65
241.2000 242.0000 68
242.2240 242.3840 68
242.4160 242.4480 66
242.4800 243.1840 63
243.2160 243.4720 66
243.6000 244.3040 65
244.3360 244.8160 63
244.8480 244.9760 65
245.0080 245.7440 61
