16.3360 17.2000 58
19.8880 19.9840 58
31.2160 31.6320 61
31.8560 31.8880 56
31.9200 32.1760 57
32.3360 32.5600 56
32.5920 33.0400 57
33.0720 33.4560 54
34.0320 34.1280 53
34.1600 34.7360 54
34.7680 34.8320 53
34.8640 34.9600 52
35.1520 35.4080 52
35.4400 35.6000 54
35.6320 35.6640 55
35.6960 35.8240 56
35.8560 36.3040 58
38.0000 38.1920 61
38.2560 38.5120 61
38.5440 38.9920 57
39.1840 40.0800 56
40.1120 40.3040 54
40.8160 40.9760 53
41.1360 41.3600 54
41.5520 42.0320 53
42.1600 42.3520 53
42.3840 43.2160 54
44.9440 45.3600 61
45.5520 45.8080 57
46.0320 46.6080 56
46.6400 46.7680 55
46.8000 47.1200 54
47.5680 47.7920 53
47.8240 48.4640 54
48.4960 48.5920 53
48.8480 49.1040 52
49.2320 49.2960 54
49.3280 49.3920 55
49.4240 49.5520 56
49.5840 49.9040 58
51.9520 52.2720 61
52.3040 52.4000 59
52.4320 52.5920 57
52.6240 52.7200 58
52.9440 53.4240 56
53.5200 53.6160 56
53.6480 53.7760 55
53.8080 53.9040 54
54.5760 55.3440 54
55.3760 55.4080 53
55.4400 55.5360 52
55.5680 55.7280 51
55.7600 55.9200 52
56.2720 56.7840 52
59.5360 60.0480 56
60.0800 60.2720 57
60.4000 60.6880 56
60.7200 60.7520 57
60.7840 60.9760 58
61.1040 61.2000 58
61.2320 61.4560 59
61.4880 63.6640 58
64.8800 65.1680 65
65.2000 65.5520 66
65.5840 65.6800 65
65.7120 65.8400 64
65.8720 65.9360 63
65.9680 66.0320 62
66.0640 66.1280 59
66.1600 66.4800 58
66.5120 66.5440 57
66.5760 67.0240 56
67.0560 67.1520 57
67.1840 67.1840 59
67.2480 67.2800 63
67.3120 68.1440 65
68.1760 68.4640 66
68.4960 68.5280 65
68.5600 71.0240 63
71.0560 71.1520 62
71.2800 71.7920 58
71.9520 72.0480 61
72.0800 72.1120 62
72.1440 74.0000 63
74.4800 74.5440 67
74.5760 74.7680 66
74.8000 74.8640 65
74.8960 75.0880 61
75.1200 75.1520 62
75.1840 75.3120 63
75.3440 75.3760 61
75.4080 77.8720 58
77.9040 77.9680 57
78.0000 78.2240 56
79.6320 80.1120 61
80.1440 80.2720 62
80.6880 80.8480 56
80.8800 80.9120 57
80.9440 81.0080 58
81.0400 81.1360 59
81.1680 81.7120 61
81.7440 81.8080 62
81.9680 82.0320 59
82.0640 85.4880 58
85.6160 85.6160 58
85.6480 85.7760 61
85.8080 87.6960 63
88.2400 88.4000 66
88.4320 88.5920 65
88.6240 88.8160 66
88.8480 88.9440 68
89.1360 89.2000 68
89.2320 89.8720 70
89.9040 90.2560 68
90.2880 90.5120 70
90.5440 91.4720 63
91.8240 92.2720 68
92.3040 92.4960 70
92.5280 92.6240 67
92.6560 92.9120 63
92.9440 92.9440 65
92.9760 93.0400 68
93.0720 93.1680 70
93.3280 93.6160 68
93.8080 93.8720 68
93.9040 94.0320 70
94.3520 94.5760 65
94.6080 94.8000 66
94.8320 95.1200 68
95.4720 95.9200 61
95.9520 99.0240 63
99.1520 99.2480 62
106.3200 106.6080 63
108.9440 109.0080 66
112.3680 113.2000 70
113.5200 113.7760 70
113.8080 113.9040 68
114.0320 114.2880 68
114.3200 114.4800 67
115.2480 115.5040 69
115.5360 115.6320 68
115.6640 115.9200 67
116.0160 116.3360 66
116.3680 116.6560 64
116.7840 118.3840 63
119.7600 120.0800 63
120.4960 120.5920 70
120.6240 120.6560 69
120.6880 120.9120 68
121.0400 121.1680 68
121.2000 121.2640 67
121.2960 121.3280 66
121.3600 121.4240 65
121.4560 121.7120 64
122.1920 122.3520 69
122.3840 122.8320 68
122.8640 122.9600 67
122.9920 123.0880 66
123.1200 123.1840 65
123.2160 123.2480 64
123.2800 125.2000 63
127.5040 127.6000 61
127.6320 127.6640 60
127.8880 128.2080 57
128.2400 129.0080 56
129.0400 129.2000 55
129.2320 129.3920 54
129.8720 129.9680 52
130.0000 130.1920 53
130.2240 130.8320 54
131.1200 131.1840 54
131.4720 131.6320 54
131.6640 131.7280 55
131.7600 131.8560 56
131.8880 132.0160 57
132.0480 132.3040 58
134.3840 134.4800 61
134.5120 134.5760 59
134.6080 134.6400 57
134.6720 134.8320 56
134.8640 135.0240 57
135.2160 135.7280 56
135.8560 135.9840 55
136.0160 136.2720 54
136.8800 137.0400 53
137.0720 137.6480 54
137.6800 137.7760 53
137.9040 138.2240 53
138.3520 138.5440 54
138.5760 139.1840 53
140.9440 141.0080 60
141.0400 141.0720 61
141.1360 141.2960 61
141.3280 141.3920 60
141.5840 141.8080 57
142.1280 142.3840 56
142.4160 142.6080 57
142.6400 142.7680 56
142.8000 143.0880 55
143.6000 143.6960 52
143.7280 143.8560 53
143.8880 144.3040 54
144.4320 144.4960 54
144.5280 144.5600 53
144.8160 145.1040 53
145.4560 145.5840 56
145.6160 145.6480 57
145.6800 145.8720 58
145.9040 145.9360 57
147.6320 147.6640 56
148.0160 148.2720 61
148.3040 148.3040 59
148.4640 148.5920 57
148.6240 148.7200 58
148.7520 148.7840 57
148.9120 149.3600 56
149.5200 149.6480 55
149.6800 149.9360 54
150.4800 150.6720 52
150.7040 150.7680 53
150.8000 151.2800 54
151.3120 151.3440 53
151.3760 151.5360 52
154.7680 155.1200 51
155.1520 155.2480 52
155.2800 155.3120 53
155.3440 155.4400 54
155.5680 156.0800 56
156.1120 156.3360 57
156.3680 156.7520 56
156.7840 156.8160 57
156.8480 156.9760 58
157.1360 157.2320 58
157.2640 157.4880 59
157.5200 159.6960 58
160.8480 160.8800 63
160.9120 161.2000 65
161.2320 161.5840 66
161.6160 161.7440 65
161.7760 162.0320 63
162.0640 162.0960 61
162.1280 162.5760 58
162.6080 162.7360 56
162.8640 163.0560 56
163.0880 163.2160 57
163.4400 164.2400 65
164.2720 164.4000 68
164.5280 164.6880 68
164.7200 165.5840 70
165.6160 165.6480 68
165.6800 167.0880 63
167.1200 167.1520 61
167.3120 167.8240 58
167.9840 168.1440 61
168.1760 170.0320 63
170.1600 170.2880 68
170.5120 170.5760 67
170.6080 170.7680 66
170.8000 170.8960 65
170.9280 171.1520 61
171.1840 171.2160 62
171.2480 171.3760 63
171.4720 173.8400 58
173.8720 173.9680 57
174.0000 174.1920 56
175.4080 175.5360 63
175.6960 176.1760 61
176.2080 176.2400 62
176.2720 176.3360 63
176.7200 176.9760 56
177.0080 177.1040 59
177.1360 177.7440 61
177.7760 177.9680 63
178.0000 178.0640 60
178.0960 180.7520 58
180.9440 181.6160 58
181.6480 181.8080 61
181.8400 183.7280 63
184.2080 184.8480 66
184.8800 185.2320 68
185.2640 185.9680 70
186.0000 186.2880 68
186.3200 186.5120 70
186.6720 187.5040 63
187.7600 187.8560 69
187.9840 188.0480 69
188.1760 188.3040 68
188.3360 188.5280 70
188.5600 188.6560 67
188.6880 188.7520 64
188.7840 188.9760 63
189.0080 189.0720 68
189.1040 189.2000 70
189.3920 189.6480 68
189.8400 189.9040 68
189.9360 190.0640 70
190.3840 190.6080 65
190.6400 190.8320 66
190.8640 191.1520 68
191.5040 191.8880 61
191.9200 191.9520 62
191.9840 194.8960 63
194.9280 195.0560 62
195.7920 195.8560 68
195.8880 196.0480 69
196.0800 196.5600 68
196.5920 196.6560 67
196.6880 196.7200 66
196.7520 196.8160 65
196.8480 197.0720 64
197.4560 197.7440 69
197.7760 198.0640 68
198.0960 198.4480 67
198.4800 198.5440 66
198.5760 198.6720 65
198.7040 199.0560 63
199.2480 199.4720 63
199.6640 199.9200 61
200.0480 200.3680 66
200.5280 200.6240 63
200.6560 201.0720 65
201.1040 201.4240 66
201.6160 201.7440 63
201.7760 202.0000 65
202.0320 202.0960 63
202.2880 204.6880 63
204.7200 204.7520 67
204.7840 205.1040 68
205.1360 205.2640 67
205.2960 205.3920 66
205.4240 205.6480 64
205.7440 205.9680 65
206.0000 206.0640 64
206.0960 206.1920 63
206.2240 206.6720 62
206.8640 207.1200 63
207.1520 207.2800 65
207.5360 207.6000 64
207.6320 208.0480 65
208.0800 208.1760 64
208.4000 208.9440 58
209.1040 209.2640 61
209.2960 211.1520 63
211.6320 211.9840 66
212.0160 212.3040 61
212.3360 212.4640 63
212.4960 212.4960 60
212.5920 213.9680 58
214.0320 214.8960 58
215.0560 215.7920 63
215.9200 215.9840 63
216.4640 216.5280 61
216.5600 216.6560 63
216.8800 217.3280 61
217.3600 217.4240 63
217.8400 218.0640 56
218.0960 218.1600 58
218.1920 218.3200 59
218.3520 218.8640 61
218.8960 219.0560 62
219.0880 219.1200 61
219.1520 219.1840 59
219.2160 222.6400 58
222.7360 222.7360 58
222.7680 222.9280 61
222.9600 224.8160 63
225.3920 225.5520 66
225.5840 225.7440 65
225.7760 225.9680 66
226.0000 226.3520 68
226.3840 227.0560 70
227.0880 227.3440 68
227.3760 227.6320 70
227.7920 228.5600 63
228.7520 228.9760 70
229.2320 229.2640 68
229.7120 229.8080 65
229.8400 230.0000 63
230.0320 230.0960 67
230.1280 230.3840 70
230.4160 230.5760 68
230.6400 230.9280 68
230.9600 230.9920 69
231.0240 231.1520 70
231.3440 231.4720 63
231.5040 231.7280 65
231.7600 231.8880 66
232.1120 232.2080 67
232.2400 232.4320 68
232.7200 233.1680 61
233.2000 236.3360 63
236.4640 237.9360 63
238.5120 238.9280 63
239.5680 239.7280 62
240.0160 240.5600 63
