1.1040 1.2640 64
1.2960 1.3280 65
1.3600 1.8720 66
1.9040 2.1280 65
2.1600 2.3200 66
2.4800 2.6080 64
2.6400 2.7360 63
2.9600 3.0560 63
3.0880 3.1520 62
3.1840 3.3760 61
3.4080 3.5680 60
3.6000 4.0480 61
4.3680 4.4320 60
4.4640 4.5600 59
4.8480 4.9760 59
5.0080 5.1360 58
5.2960 5.3600 59
5.3920 5.4560 60
5.4880 5.6160 61
5.7760 5.9040 59
6.2560 6.3840 57
8.6240 8.7200 64
8.8480 9.3600 66
9.3920 9.4560 65
9.4880 9.6160 64
9.6480 9.7440 66
9.9680 10.1280 64
10.1600 10.6080 62
10.6400 10.7040 61
10.9280 11.0560 60
11.0880 11.1840 61
11.3760 11.5360 61
11.8880 12.0480 59
12.3360 12.4640 59
12.7840 12.8800 59
12.9120 12.9760 60
13.0080 13.1360 61
13.2640 13.3920 59
13.7760 13.8400 57
16.8160 17.0080 57
17.0400 17.2000 59
17.2320 17.3280 58
17.4880 17.6480 59
17.6800 17.7760 57
17.9680 18.0960 59
18.1280 18.1600 58
18.1920 18.2560 57
18.4160 18.5440 59
18.5760 18.6400 60
18.6720 18.8320 61
18.8640 18.8960 60
19.3440 19.4720 59
19.5040 19.5360 58
19.5680 19.6640 57
19.8240 19.9840 59
20.0160 20.1440 58
20.3040 20.4320 60
20.4640 20.5920 61
21.2320 21.3600 59
21.3920 21.4240 58
21.4560 21.5840 57
21.6160 21.6480 58
21.6800 21.8720 59
21.9040 21.9360 58
21.9680 22.0960 57
22.1280 22.1600 58
22.1920 22.2240 59
22.2560 22.3200 60
22.3520 22.5760 61
22.6080 22.6720 58
22.7040 22.8320 55
23.0880 23.4720 57
24.3680 24.4960 57
24.5280 24.6560 59
24.6880 24.7200 58
24.7520 24.8480 57
24.9760 25.1680 59
25.2000 25.3920 58
25.4240 25.5840 59
25.6160 25.7440 58
25.9040 26.0320 59
26.0640 26.0960 60
26.1280 26.2880 61
26.8320 26.9920 59
27.0240 27.2800 58
27.3120 27.4720 59
27.5040 27.6000 58
27.7920 27.8880 59
27.9200 27.9520 60
27.9840 28.1760 61
28.7520 28.8800 59
29.2000 29.3280 59
29.3600 29.3920 58
29.4240 29.5520 57
29.6800 29.7440 59
29.7760 29.8080 60
29.8400 29.9680 61
30.0000 30.0960 60
30.1280 30.2880 59
30.3200 30.3520 58
30.3840 30.4800 57
30.5120 30.5440 56
30.5760 30.9920 55
31.8560 31.9520 60
31.9840 32.2080 61
32.2400 32.3360 62
32.3680 32.6560 61
32.6880 32.8800 62
32.9120 33.0400 61
33.1680 33.3920 62
33.4240 33.5200 60
33.5520 33.6160 61
33.6480 33.7120 62
33.8720 34.0000 62
34.0320 34.1280 64
34.1600 34.1920 63
34.3200 34.5120 61
34.5440 34.5760 60
34.6080 34.7680 59
34.8000 34.8320 60
34.8640 34.9920 62
35.3120 35.4720 60
35.6960 35.7600 58
35.7920 35.9200 61
35.9520 36.2080 62
36.2400 36.3040 61
36.4640 36.6560 62
36.6880 36.8800 61
36.9120 37.0400 62
37.2000 37.3600 61
37.6480 37.7440 62
37.7760 37.9040 64
37.9360 38.0000 63
38.0320 38.4800 60
38.6400 38.7040 62
38.7360 38.8000 63
39.1840 39.2480 61
39.5680 39.6320 61
39.7600 39.9200 62
39.9520 40.1760 61
40.2080 40.4320 62
40.4640 40.5920 61
40.6240 40.8800 62
40.9120 41.1040 61
41.1360 41.2000 62
41.3920 41.4560 62
41.4880 41.6800 64
41.8720 42.0320 61
42.0640 42.2880 59
42.3200 42.5440 62
42.5760 42.6400 61
43.2800 44.0480 57
44.2080 44.2400 57
44.2720 44.3040 58
44.3360 44.9440 59
45.1360 45.2000 60
45.2320 45.3600 59
45.3920 45.7120 57
46.0640 46.1280 63
46.1600 46.2880 64
46.3200 46.7360 66
46.7680 46.9600 67
46.9920 47.1840 65
47.2160 47.3440 66
47.3760 47.4400 65
47.4720 47.6000 64
47.6320 47.6640 63
47.6960 47.7280 62
47.9520 48.3680 61
48.4000 48.4320 60
48.4640 48.5600 59
48.5920 49.0720 61
49.3920 49.5200 59
49.5520 49.6160 58
49.8080 49.9680 59
50.0000 50.0320 58
50.0640 50.1600 57
50.2880 50.4160 59
50.4480 50.5120 60
50.5440 50.6080 61
50.7680 50.9280 59
51.2480 51.3440 57
51.4720 51.6640 55
51.6960 51.8240 57
51.9520 52.2720 54
52.6240 52.8800 55
52.9120 52.9760 56
53.6480 53.8080 65
53.8400 54.3520 66
54.3840 54.4800 67
54.5120 54.6720 65
54.7040 54.8640 66
54.8960 54.9280 65
54.9600 55.1200 64
55.2480 55.5360 62
55.5680 55.7920 61
55.9200 56.0480 60
56.0800 56.2080 61
56.4000 56.5600 61
56.8480 57.0400 59
57.3280 57.4560 59
57.4880 57.6480 58
57.7760 57.8400 59
57.8720 57.9360 60
57.9680 58.1280 61
58.2880 58.4160 59
58.7680 58.8320 57
59.2160 59.3440 57
59.3760 59.4400 56
59.4720 59.5040 55
61.0720 61.2320 64
61.2640 61.2960 65
61.3280 61.7440 66
61.7760 61.8400 67
62.0000 62.1600 64
62.1920 62.3200 66
62.4800 62.6080 64
62.6400 62.6720 63
62.7040 62.8960 62
62.9280 63.0240 63
63.0560 63.2800 61
63.4400 63.5360 60
63.5680 63.7280 61
63.8880 64.0480 61
64.3680 64.5280 59
64.8480 64.9760 59
65.0080 65.1360 58
65.2960 65.3920 59
65.4240 65.4880 60
65.5200 65.6160 61
65.7440 65.9040 59
66.2240 66.3520 57
66.3840 66.5120 56
66.7040 66.8320 57
66.8640 66.8960 56
66.9280 67.0560 55
67.1840 67.3440 54
67.6320 67.9840 55
68.6240 68.6560 63
68.6880 68.7520 64
68.7840 68.8160 65
69.0400 69.3600 66
69.5200 69.6800 64
69.7120 69.8720 66
69.9040 70.0000 65
70.0320 70.0640 64
70.0960 70.1280 63
70.1600 70.1920 62
70.2240 70.2560 61
70.4480 70.5440 62
70.5760 70.8000 61
70.9280 70.9920 60
71.0240 71.1520 61
71.4080 71.5680 61
71.8560 72.0160 59
72.0480 72.0800 58
72.3040 72.3680 60
72.4000 72.4640 59
72.4960 72.5600 58
72.7840 72.8160 59
72.8480 72.9440 60
72.9760 73.2000 61
73.2320 73.3920 59
73.7440 73.8720 57
73.9040 74.1600 55
74.1920 74.3200 57
74.3520 74.5120 55
74.6720 74.8960 53
75.0240 75.0880 54
75.1200 75.4080 55
75.9200 76.0480 55
76.0800 76.0800 57
76.1120 76.1760 60
76.2080 76.4000 61
76.5280 76.8160 60
76.8480 77.2640 59
77.2960 77.3280 58
77.7120 77.8720 54
77.9040 77.9680 57
78.0000 78.0640 59
78.0960 78.2240 61
78.4160 78.5440 60
78.6720 79.0880 59
79.1200 79.1520 58
79.6000 79.6960 54
79.8240 79.9200 59
79.9520 80.1760 61
80.3040 80.5280 60
80.5600 80.6240 59
80.7840 81.1040 59
81.1360 81.1680 58
81.2000 81.3600 57
81.3920 81.4560 56
81.4880 81.5200 55
81.7120 81.7760 60
81.8080 82.0320 61
82.1600 82.2240 60
82.2560 82.3520 61
82.3840 82.5120 59
82.6400 82.8320 59
82.8640 83.0240 57
83.0560 83.1520 58
83.1840 83.2160 57
83.2480 83.3120 56
83.3440 83.3760 55
83.5680 83.6640 59
83.6960 83.9840 61
84.0160 84.2720 60
84.5280 84.6880 59
84.7200 84.7520 58
85.2320 85.3920 55
85.4240 85.4880 59
85.5200 85.5840 60
85.6160 85.9680 61
86.1600 86.6080 59
87.0560 87.1520 54
87.1840 87.2800 55
87.3120 87.3440 58
87.3760 87.4720 59
87.5040 87.5360 60
87.5680 87.6640 61
87.7920 87.9520 60
87.9840 88.5920 59
88.8160 88.9120 57
89.2000 89.2320 59
89.2640 89.2960 60
89.3280 89.8400 61
89.8720 90.0000 59
90.1280 90.1920 60
90.2240 90.2880 59
90.3200 90.3520 58
90.3840 90.7360 57
91.1200 91.1520 63
91.1840 91.2480 64
91.2800 91.3120 65
91.3440 91.8560 66
92.0160 92.1760 65
92.2080 92.3680 66
92.4000 92.5280 65
92.5600 92.6560 64
92.6880 92.7200 62
92.7520 93.1040 61
93.1360 93.5520 62
93.5840 93.7120 64
93.7440 93.7760 63
93.9040 94.0320 61
94.0640 94.0960 60
94.1280 94.2880 59
94.8960 95.0240 57
95.0560 95.2160 59
95.2480 95.4720 57
95.5040 95.8880 59
95.9200 96.1440 61
96.2720 96.5280 55
96.6880 96.8800 57
96.9120 97.0400 59
97.2000 97.3600 60
97.3920 97.5520 61
97.5840 97.6800 60
97.7120 98.0320 55
98.6080 98.6720 62
98.7040 98.7360 64
98.7680 99.5360 66
99.5680 99.6960 65
99.7280 99.8880 66
99.9200 99.9840 65
100.0160 100.1440 64
100.1760 100.3360 61
100.5280 100.6560 61
100.6880 101.0080 62
101.0400 101.1680 64
101.2000 101.2320 63
101.2640 101.2960 62
101.3280 101.4880 61
101.5200 101.5520 60
101.5840 101.8720 59
102.3520 102.4800 58
102.5120 102.7040 59
102.7360 102.8640 57
102.8960 102.9280 58
102.9600 103.1200 59
103.2480 103.2800 59
103.3120 103.5040 61
103.8240 104.1440 54
104.1760 104.3360 57
104.3680 104.7520 59
104.7840 105.0080 61
105.1360 105.3920 59
105.4240 105.5840 57
105.6160 105.8400 55
105.8720 106.0640 57
106.2560 106.4800 55
106.6400 106.9280 66
106.9600 107.1200 64
107.1520 107.3760 66
107.4080 107.6640 64
107.6960 107.7280 62
107.9200 108.0160 63
108.0480 108.3360 61
108.3680 108.5280 60
108.5600 109.0400 61
109.3600 109.4880 59
109.5200 109.5840 58
109.8080 109.9680 59
110.0000 110.0320 58
110.0640 110.2560 57
110.2880 110.3840 59
110.4160 110.4480 60
110.4800 110.6080 61
110.7680 110.9280 59
111.2480 111.3760 57
111.5040 111.5680 56
111.6960 111.7920 57
111.8240 112.0160 55
112.0480 112.3680 54
112.4000 112.5920 55
112.6240 112.7520 56
112.8480 112.8800 58
112.9120 113.1040 59
113.1360 113.2960 60
113.8080 114.2880 54
114.3200 114.3520 55
114.4160 114.4480 58
114.4800 114.5760 64
114.6080 114.6400 65
114.6720 114.8320 66
114.8640 114.8960 65
114.9280 115.0880 64
115.2160 115.4080 61
115.4400 115.5040 63
115.5360 115.5680 62
115.6000 115.7920 61
115.9200 116.0160 60
116.0480 116.1440 61
116.4000 116.5280 61
116.8480 117.0400 59
117.3280 117.4560 59
117.4880 117.6480 58
117.8080 117.9040 59
117.9360 118.0000 60
118.0320 118.1280 61
118.2880 118.4160 59
118.7680 118.8320 61
118.9920 119.0560 61
119.2480 119.3760 61
119.4080 119.5360 62
119.6960 119.7600 62
119.7920 120.0160 63
120.1440 120.9440 59
120.9760 121.1360 60
121.1680 121.3280 64
121.3600 121.8400 66
122.0320 122.1280 64
122.1600 122.3200 66
122.4800 122.5760 64
122.6080 123.0560 62
123.0880 123.2800 61
123.4400 123.5040 59
123.5360 123.6320 60
123.8880 123.9840 60
124.0160 124.9440 59
124.9760 125.1360 58
125.1680 125.7760 60
125.8080 126.1280 59
126.2560 126.4160 57
126.4480 126.5120 55
126.7360 126.8000 57
126.8320 126.9600 55
126.9920 127.3120 53
127.6640 127.8880 54
127.9200 128.1120 55
128.6560 128.7840 64
128.8160 128.8800 66
129.0400 129.3600 66
129.5200 129.7440 64
129.7760 129.9040 66
129.9360 129.9680 65
130.0000 130.1280 64
130.1600 130.2240 62
130.2560 130.2880 61
130.4480 130.5440 62
130.5760 130.7680 61
130.8000 130.8320 60
130.8640 130.9920 59
131.0240 131.1840 60
131.2160 131.3120 64
131.3440 131.5040 61
131.6320 131.7280 56
131.9200 132.1120 58
132.3040 132.4960 59
132.5280 132.5600 57
132.7840 132.9440 59
132.9760 133.4240 60
133.4560 133.6480 64
133.8080 133.9040 57
133.9360 134.1600 55
134.1920 134.2560 57
134.2880 134.3840 56
134.4160 134.6720 54
135.2480 135.2480 55
136.0800 136.1120 63
136.1440 136.2720 65
136.3040 136.8160 66
136.8480 136.9760 67
137.0080 137.1040 64
137.1360 137.5200 65
137.5520 137.6160 64
137.6480 137.7120 63
137.9360 138.0320 62
138.0640 138.3200 61
138.3520 138.4160 60
138.4480 138.5440 59
138.5760 139.0560 61
139.4080 139.5040 59
139.5360 139.6000 58
139.8240 139.9520 59
139.9840 140.1440 57
140.3040 140.4960 59
140.5280 140.6240 61
140.7520 140.9120 59
141.2640 141.3600 57
141.4880 141.5840 55
141.7120 141.8400 57
141.8720 141.9360 55
141.9680 142.1280 54
142.1600 142.3200 53
142.7040 142.8000 54
142.8320 142.9600 55
143.6000 143.6000 61
143.6320 143.6960 64
143.7280 143.7920 65
143.8240 144.4960 66
144.5280 144.5920 64
144.6240 144.8160 66
144.9760 145.1040 64
145.2320 145.3920 61
145.4240 145.5200 63
145.5520 145.7760 61
145.9360 146.0320 59
146.0640 146.1280 61
146.3520 146.5760 61
146.8640 147.0880 59
147.3120 147.5040 59
147.5360 147.6000 57
147.7920 147.9200 59
147.9520 148.2080 60
148.2400 148.4000 59
148.7200 148.8160 57
149.8080 149.9360 54
150.1600 150.4480 55
151.1200 151.2800 64
151.3120 151.8240 66
152.0160 152.3360 65
152.4640 152.6560 64
152.6880 153.0720 62
153.1040 153.2640 61
153.4240 153.4560 59
153.4880 153.5520 60
153.5840 153.7120 61
153.9040 154.0640 61
154.3520 154.4800 59
154.5120 154.6080 58
154.8320 154.9600 59
154.9920 155.1200 57
155.2800 155.5360 59
155.5680 155.6320 61
155.7600 155.9200 59
156.2400 156.4000 57
156.4320 156.5280 55
156.7200 156.8160 57
156.8480 157.0720 55
157.2000 157.3600 54
157.6480 157.7760 54
157.8080 158.0000 55
158.6400 158.6400 62
158.6720 158.8000 64
158.8320 158.8960 66
159.0560 159.3760 66
159.5360 159.6960 64
159.7280 159.8880 66
159.9200 160.0800 64
160.1120 160.2720 62
160.4640 160.5600 62
160.5920 160.8160 61
160.9440 161.0080 59
161.0400 161.1360 60
161.3920 161.5520 61
161.8720 162.0000 59
162.0320 162.0960 58
162.3200 162.4160 59
162.4480 162.4800 58
162.5120 162.5760 57
162.8000 162.9600 59
162.9920 163.0560 60
163.0880 163.1840 61
163.2160 163.4080 59
163.7920 163.8240 57
163.8560 163.8880 56
163.9200 164.1760 55
164.2080 164.3360 57
164.3680 164.4000 55
164.4320 164.6240 54
164.6560 164.8800 53
164.9120 165.4880 54
