9.0400 9.1680 59
9.2000 9.2960 61
9.3280 9.5520 59
9.5840 10.0000 61
10.1280 10.2560 59
10.2880 10.5760 61
10.7040 10.7680 61
10.8000 10.8320 60
10.8640 11.0240 59
11.0560 11.2160 61
11.4400 11.5040 61
11.6320 11.7280 59
11.7600 11.9200 57
11.9520 12.0800 59
12.1120 12.3040 58
12.3360 12.4640 59
12.4960 12.8480 58
12.8800 13.0080 57
13.0400 13.0720 58
13.1040 13.3920 59
13.4240 13.6480 61
14.9920 15.0240 58
15.0560 15.1200 59
15.1520 15.2160 61
15.2480 15.4400 60
15.4720 15.8560 61
16.0480 16.1760 59
16.2080 16.5280 61
16.5600 16.6560 60
16.7840 16.8800 59
16.9120 16.9440 60
16.9760 17.2640 61
17.2960 17.4240 62
17.4560 17.8080 64
17.8400 17.8400 59
17.9680 17.9680 58
18.0320 18.1920 57
18.2240 18.2560 58
18.2880 18.3840 59
18.4160 18.4800 58
18.5120 18.5440 57
18.6720 18.7360 59
18.7680 18.8000 58
18.8320 18.9920 57
19.0240 19.1200 59
19.2160 19.3120 57
19.3440 19.4080 58
19.4400 19.6320 59
19.6640 19.7280 58
20.4960 20.6240 55
20.6560 21.1680 56
21.2000 21.7440 57
21.7760 21.8400 59
21.8720 21.9040 60
21.9360 22.0640 61
22.0960 22.1280 60
22.1600 22.2240 59
22.3840 22.8960 59
23.6000 23.7600 54
23.8880 24.2400 53
24.5920 24.6560 57
24.6880 24.7840 58
24.9440 25.2320 56
25.2640 25.7120 57
26.5120 26.5440 55
26.5760 26.7040 56
26.7360 26.8960 57
26.9280 27.1200 56
27.1520 27.6000 57
27.7280 27.8880 60
27.9200 28.0800 61
28.1120 28.1440 60
28.3040 28.4000 58
28.4320 28.5920 59
28.8160 28.9440 56
28.9760 29.1040 55
29.1360 29.2640 56
29.4880 29.6160 53
29.6480 30.0640 54
32.8800 32.8800 59
32.9120 33.0080 61
33.0400 33.2320 59
33.2640 33.8080 61
34.0320 34.5120 61
34.5440 34.7040 59
34.7360 35.0240 61
35.0560 35.0560 59
35.4400 35.6320 57
35.6640 35.7920 59
35.8240 35.8560 58
35.8880 36.0160 57
36.0480 36.1760 59
36.2080 36.2400 58
36.3360 36.3680 58
36.4000 36.5600 59
36.5920 36.7840 58
37.0080 37.1040 59
37.1360 37.1680 60
37.2000 37.4560 61
38.6720 38.7680 59
38.8000 38.9280 60
38.9600 39.1520 59
39.1840 39.6640 61
40.3040 40.3680 61
40.4000 40.4320 60
40.4640 40.6240 59
40.6560 40.8480 61
41.0720 41.4240 64
41.4560 41.5200 63
41.7120 41.9360 57
41.9680 42.0640 59
42.0960 42.1280 58
42.1600 42.1920 57
42.3200 42.4160 59
42.4480 42.4800 58
42.5120 42.6720 57
42.7040 42.7680 59
42.8000 42.8320 58
42.8640 42.9920 57
43.0240 43.0560 58
43.0880 43.2800 59
43.3120 43.3440 58
44.2400 44.3680 54
44.4000 44.8800 56
44.9120 45.4560 57
45.4880 45.5840 59
45.6160 45.8400 61
46.0640 46.0960 57
46.1280 46.1920 58
46.2240 46.6400 59
47.1200 47.3120 55
47.3440 47.4720 54
47.6000 47.8560 53
48.2720 48.2720 53
48.3040 48.3680 56
48.4000 48.4320 58
48.4640 48.7520 59
48.7840 48.9440 58
48.9760 49.3920 59
49.4240 49.6480 57
50.1600 50.2880 54
50.3200 50.4160 56
50.4480 51.0880 57
51.2480 51.3440 57
51.3760 51.5680 59
51.6000 51.7920 61
51.8240 52.4000 59
52.4320 52.8160 64
52.8480 53.3280 61
53.4880 53.6480 64
53.6800 54.9600 66
55.6640 55.9840 68
56.0160 56.1760 66
56.2080 56.3680 64
56.4000 56.4320 62
56.4960 57.2000 61
57.3280 57.3920 63
57.4240 57.6800 65
57.7120 57.8080 62
57.9680 58.6080 64
58.6400 58.7680 69
58.8000 59.1200 67
59.1520 59.2800 65
59.4720 59.7280 61
59.9520 60.0160 59
60.0480 60.4000 60
60.5280 61.0400 59
61.0720 61.5520 61
61.7120 62.0640 61
62.0960 62.4160 64
62.4480 63.0560 66
63.3120 63.4400 72
63.4720 63.6320 73
63.6640 64.0800 71
64.2080 64.3040 67
64.3360 64.7520 68
65.0080 65.2320 64
65.2640 65.4560 59
65.4880 66.7360 61
66.7680 66.8000 62
66.8320 66.9280 65
66.9600 67.3120 66
67.3440 67.3440 69
67.3760 67.4720 72
67.5040 67.6000 66
67.6320 67.7280 67
67.7600 68.0480 68
68.0800 69.6480 66
69.8080 70.5760 64
70.6080 70.8640 68
70.8960 70.9920 66
71.0240 71.0240 63
71.2800 71.4080 60
71.4400 71.5360 62
71.5680 71.7600 59
71.7920 72.0160 61
72.2080 72.9440 72
72.9760 73.3920 69
73.4240 73.6160 67
73.8080 73.9680 66
74.0000 74.1280 68
74.2240 74.7360 68
74.7680 75.0240 69
75.1520 75.2800 72
75.3120 75.5040 73
75.5360 75.9840 71
76.0160 76.1440 67
76.1760 76.3360 69
76.3680 76.4000 67
76.4320 76.5920 64
76.6240 76.9760 61
77.2000 77.3280 64
77.3600 77.3920 65
77.4240 78.7040 66
78.7360 78.9600 65
78.9920 79.3440 66
79.5040 79.8240 66
79.8560 79.9200 67
79.9520 80.2720 68
80.3040 80.7520 69
80.9120 80.9440 71
80.9760 81.0400 72
81.0720 81.3920 73
81.4240 82.1600 71
82.1920 82.2880 70
82.4160 82.4480 66
82.4800 82.5760 67
82.6080 82.8000 68
83.0560 83.1520 68
83.1840 84.5280 66
84.5600 85.0720 59
85.2000 85.2640 66
86.0320 86.1600 66
86.1920 86.5440 67
87.0560 87.2800 66
87.7920 87.8560 68
87.8880 87.9200 67
87.9520 88.0480 66
88.0800 88.1760 64
89.5840 89.6480 71
89.9360 90.0320 73
90.3200 90.3840 72
90.5120 90.5760 72
90.6080 91.0560 71
91.0880 91.1840 70
91.2160 91.3120 72
91.3440 91.4400 71
91.6000 91.6640 70
91.6960 91.8240 69
91.8560 91.8880 68
92.0160 92.0800 66
92.1120 92.4640 67
92.4960 92.6880 65
92.7200 92.9120 66
92.9760 93.1680 67
93.2000 93.2640 66
93.4560 93.9360 66
93.9680 94.0000 65
94.0320 94.3200 64
94.3520 94.4800 65
94.6080 94.7040 61
94.7360 94.8320 63
94.9600 95.2480 64
95.2800 95.3120 65
95.3440 95.8240 66
95.9520 96.0800 66
96.4320 96.4640 71
96.4960 96.9760 72
97.0080 97.4880 73
97.5200 97.5200 71
97.5520 97.5520 69
97.5840 97.8400 67
97.8720 97.9680 69
98.0000 100.0480 66
100.4640 100.5600 62
100.6880 100.7520 64
100.9120 101.2960 64
101.3280 101.3600 65
101.3920 101.7760 66
102.4160 102.4800 66
102.6720 102.7680 66
103.0240 103.0880 66
103.1200 103.1840 67
103.2160 103.2800 68
103.4720 103.6640 66
103.8560 104.0480 64
104.2400 104.7840 59
104.8160 104.9760 61
106.4160 106.6080 62
106.6400 106.7040 64
106.8640 107.3760 64
107.4080 108.4320 66
108.6240 108.6880 66
109.0080 109.1040 67
109.1360 109.2640 68
109.3920 109.4880 67
109.5200 109.5520 66
109.5840 109.6160 65
109.6480 110.5760 64
110.8320 111.2160 71
111.3440 111.4080 71
111.4400 111.5040 72
111.5360 111.9840 73
112.0160 112.0800 72
112.1120 112.1760 71
112.4640 112.7200 64
112.7520 112.8800 65
112.9120 114.3520 66
114.5440 114.6080 66
114.8960 114.9280 66
114.9600 115.1520 68
115.2800 115.4720 66
115.5040 115.9200 64
115.9520 115.9840 67
116.0160 116.1120 69
116.1440 116.4960 71
116.6240 116.7520 72
116.7840 116.9440 73
116.9760 117.3600 71
117.3920 118.0960 69
118.3200 118.4480 66
118.4800 118.7040 68
118.7360 119.5360 69
119.5680 120.0800 68
120.1120 120.4000 69
120.4320 120.5600 70
120.7520 120.8160 68
120.8480 120.9440 67
121.1360 121.4560 69
121.7120 122.8000 68
123.0240 123.0560 69
123.0880 123.2480 72
123.2800 123.5040 73
123.5360 123.5680 72
123.6000 123.6320 71
123.8240 123.9520 69
123.9840 124.1440 68
124.1760 124.3040 66
124.3360 124.3680 65
124.4000 124.5280 64
124.5600 124.8800 61
124.9120 125.0720 60
125.1040 125.4880 61
125.5200 125.8720 65
125.9040 125.9360 63
126.1280 126.7680 64
126.8000 126.9280 69
126.9600 127.2160 67
127.2480 127.4400 64
127.6640 127.8560 61
128.1440 128.5280 60
128.6880 129.2000 59
129.2320 129.7440 61
129.9040 130.2240 61
130.2560 130.3520 63
130.4800 130.5760 64
130.6080 131.2160 66
131.4720 131.5040 71
131.5360 131.7920 73
131.8240 132.2720 71
132.3040 132.4640 67
132.4960 132.9120 68
133.0720 133.1360 69
133.2640 133.3920 64
133.4240 133.6160 59
133.6480 134.9600 61
134.9920 135.0880 65
135.1200 135.4720 66
135.5040 135.5040 69
135.5360 135.6000 71
135.7280 135.7600 66
135.7920 135.8880 67
135.9200 136.2080 68
136.2400 137.8080 66
137.9680 138.5440 64
138.5760 138.6720 63
138.7040 139.0240 68
139.0560 139.1520 66
139.1840 139.1840 63
139.4080 139.5360 59
139.5680 139.6960 61
139.7280 139.9200 59
139.9520 140.1760 61
140.3680 140.8480 72
140.8800 140.9440 75
140.9760 141.0080 73
141.0400 141.1360 71
141.1680 141.5520 69
141.5840 141.7120 67
141.7440 141.7760 66
142.0000 142.0640 66
142.0960 142.1280 67
142.1600 142.2880 68
142.3840 142.8960 68
142.9280 143.1520 69
143.3440 143.4400 72
143.4720 143.6320 73
143.6640 144.1120 71
144.2400 144.4640 69
144.5920 144.7200 65
144.7520 144.7840 63
144.9120 145.1040 61
145.1360 145.2960 59
145.3280 145.3280 61
145.3600 145.5520 64
145.5840 146.9280 66
146.9600 147.1200 64
147.5360 147.8560 69
147.8880 148.0480 67
148.0800 148.1760 65
148.3360 149.1040 62
149.2000 149.2000 62
149.2320 149.3600 65
149.3920 149.5200 67
149.5520 149.5520 65
149.5840 149.7760 62
149.8080 150.4160 65
150.4480 150.4480 63
150.5440 150.6720 62
151.0240 151.1200 65
151.1520 151.4080 62
151.4400 151.5040 60
151.7280 151.7280 60
151.8240 152.0160 61
152.1440 152.3040 62
152.3360 152.6240 60
152.6560 152.8480 61
153.0400 153.9360 62
153.9680 154.2560 65
154.2880 154.5120 67
154.5440 154.5760 65
155.1520 155.2160 72
155.2480 155.4720 74
155.5040 155.9520 72
155.9840 155.9840 70
156.1120 156.1440 67
156.1760 156.5280 69
156.5600 156.7200 71
156.7520 156.9760 72
157.2000 157.2960 60
157.3280 158.6720 62
158.7040 158.7680 66
158.8000 159.1840 67
159.2160 159.2480 72
159.2800 159.3760 74
159.4080 159.5040 67
159.5360 159.5680 68
159.6000 159.9200 69
159.9520 161.5840 67
161.6160 162.2880 65
162.3200 162.3520 63
162.3840 162.4160 61
162.6720 162.8960 60
163.0880 163.2160 60
163.2480 163.4400 62
163.4720 163.6000 60
163.6320 163.8560 62
163.8880 163.9520 68
164.0800 164.1120 72
164.1440 164.3680 74
164.4000 164.4640 72
164.4960 164.6880 74
164.7200 164.8480 72
164.8800 165.2640 70
165.2960 165.3600 67
165.6800 165.8080 67
165.8400 165.9360 69
166.0960 166.4800 69
166.5120 166.8320 70
167.0240 167.0560 72
167.0880 167.3760 74
167.4080 167.7600 72
167.7920 167.8560 71
167.8880 168.0160 67
168.0480 168.1760 69
168.2080 168.3040 68
168.3360 168.3680 65
168.6240 168.8800 60
169.0720 169.2000 56
169.2640 169.2960 55
169.5200 170.5760 55
170.7680 171.6000 62
171.6320 171.7280 67
171.7600 172.1120 69
172.1440 172.6240 70
172.7840 172.8160 72
172.8480 173.2960 74
173.3280 174.0640 72
174.6400 174.7040 67
174.7360 174.8000 68
174.8320 175.0560 69
175.0880 175.3440 67
175.3760 175.4400 71
175.4720 175.4720 69
175.5040 178.3840 67
