18.4160 18.6400 57
18.6720 18.8000 59
18.8320 18.8640 58
18.9600 19.2480 59
19.2800 19.6960 60
19.7280 20.0800 57
20.1120 20.3680 59
20.4000 20.8160 60
20.8480 20.9120 57
21.1680 21.4240 57
21.4560 21.8720 59
22.0320 22.0960 57
22.2240 22.4800 59
22.5120 22.5760 55
22.8000 23.3440 55
23.3760 23.4080 56
23.4400 23.6000 57
24.7840 25.1360 57
25.2640 25.4560 57
25.7760 26.0640 57
26.0960 26.2880 59
27.1520 27.3120 57
27.3440 27.4080 56
27.4400 27.5360 59
27.5680 27.6960 58
27.7280 27.9520 59
27.9840 28.4320 60
28.4640 28.4960 58
28.5280 28.8160 57
28.8480 29.2000 59
29.3600 29.5520 60
29.5840 29.7120 57
29.8720 30.1280 57
30.1600 30.6080 59
30.6400 30.8000 57
30.9920 31.1200 59
31.5040 31.7280 55
31.7600 31.7600 57
31.7920 31.7920 59
31.8240 32.1440 62
32.1760 32.5600 64
33.4240 33.5840 64
33.7120 33.9040 64
33.9680 34.0640 62
34.0960 34.3200 65
34.5440 34.9280 64
35.6000 35.6960 57
35.8880 36.1120 60
36.1440 36.2720 62
36.4320 36.5920 65
36.6240 36.8480 67
37.0080 37.7760 62
37.8080 38.5440 60
38.5760 38.6400 58
38.6720 38.7680 60
38.8000 39.5680 62
39.6960 39.8880 62
39.9200 40.4320 60
40.4640 40.8160 57
40.8480 41.0080 59
41.0400 41.2000 60
42.4160 42.5760 55
42.7040 42.8320 55
42.9920 43.0560 60
43.0880 43.2800 62
43.3120 43.9200 60
44.0480 44.1760 62
44.2080 44.3680 64
44.4000 44.8480 60
45.1360 45.2640 65
45.2960 45.4880 67
45.5200 45.5200 64
45.6480 45.8080 62
45.8400 45.9360 64
45.9680 46.1280 62
46.2560 46.4480 62
46.4800 47.1520 60
47.3440 47.4080 60
47.4400 47.6640 62
47.8560 48.3680 62
48.4000 48.7840 60
48.9440 49.1680 60
49.2000 49.5200 57
49.5520 49.6480 59
49.6800 49.9360 60
50.8000 50.9280 55
51.1200 51.4720 55
51.6960 51.7920 60
51.8240 52.0480 62
52.2080 52.3680 62
52.4000 52.5280 64
52.8160 52.9760 60
53.0080 53.1360 62
53.3280 53.5200 64
53.5520 53.9040 62
53.9360 54.5120 64
54.9920 55.2160 60
55.2480 55.4720 62
55.5040 55.6960 63
55.8240 56.0160 62
56.0480 56.2720 64
56.3040 56.5920 62
57.0720 57.1040 57
57.1360 57.1360 59
57.1680 57.3600 64
57.3920 57.4880 62
57.6800 58.2560 60
58.2880 58.5760 62
58.8320 59.0880 59
59.1200 59.8560 62
59.8880 59.9840 64
60.2720 61.3280 60
61.4560 61.5200 69
61.5520 61.6800 64
61.8080 61.9040 62
62.0960 62.2240 60
62.3520 62.3520 57
62.3840 62.7040 60
62.8640 63.2800 59
63.3120 63.3760 57
63.4080 63.5680 59
63.6000 63.8240 60
63.9520 65.0720 60
65.3600 65.6160 59
65.6480 66.2880 60
66.4160 66.8320 59
66.8640 66.9920 60
67.0240 67.2480 62
67.2800 67.6000 59
67.6320 67.7280 57
67.7600 68.2400 59
68.2720 68.5280 57
68.5600 68.8480 59
68.8800 69.5200 57
69.6160 69.7760 56
69.9360 70.0640 59
70.2880 70.4800 57
70.5760 70.9280 59
70.9600 71.1840 60
88.2720 88.4640 57
88.4960 88.6880 59
88.7840 89.5520 60
89.5840 89.9040 57
89.9360 90.1920 59
90.2240 90.6080 60
90.6400 90.6720 59
90.9920 91.2480 57
91.2800 91.6960 59
91.8240 91.9200 57
92.0480 92.3040 59
92.3360 93.1680 55
93.2000 93.2320 56
93.2640 93.4240 57
94.6080 95.2800 57
95.6000 95.8880 57
95.9200 96.1120 59
96.9760 97.1360 57
97.1680 97.2320 56
97.2640 97.3920 59
97.5200 97.7760 59
97.8080 98.2240 60
98.2560 98.6400 57
98.6720 99.0560 59
99.2480 99.3760 60
99.4080 99.5360 57
99.7280 99.9520 57
99.9840 100.4320 59
100.4640 100.6240 57
100.8160 100.9440 59
101.3280 101.5840 55
101.6160 101.9680 62
102.0000 102.3840 64
103.2480 103.7280 64
103.7920 103.8560 62
103.8880 104.1440 65
104.3360 104.7200 64
105.4240 105.5200 58
105.6800 105.9360 60
105.9680 106.0960 62
106.2240 106.4160 65
106.4480 106.6720 67
106.8000 107.6000 62
107.6320 108.3360 60
108.3680 108.4640 57
108.4960 108.5920 60
108.6240 109.0720 62
109.1040 109.2000 64
109.2320 109.3920 62
109.5200 109.7120 62
109.7440 110.2560 60
110.2880 110.6080 57
110.6400 110.8320 59
110.8640 110.9600 60
111.9200 111.9840 55
112.2400 112.4000 55
112.5280 112.6560 55
112.7840 112.8800 60
112.9120 113.1040 62
113.1360 113.6480 60
113.8720 114.1920 63
114.2240 114.6400 60
114.9600 115.0880 65
115.1200 115.3120 67
115.3440 115.3440 63
115.4720 115.6320 62
115.6640 115.7600 64
115.7920 115.9520 62
116.0800 116.2720 62
116.3040 116.7840 60
117.1360 117.1680 60
117.2000 117.4560 62
117.6800 118.1920 62
118.2240 118.6080 60
118.7680 118.9920 60
119.0240 119.3120 57
119.3440 119.4720 59
119.5040 120.0160 60
120.6880 120.7520 55
120.9120 121.2960 55
121.5200 121.5520 60
121.5840 121.8720 62
122.0320 122.1600 62
122.1920 122.3840 64
122.6400 122.6400 58
122.6720 122.8320 60
122.8640 122.9280 62
122.9600 122.9600 60
123.1520 123.3440 64
123.3760 123.7920 62
123.8240 124.3680 64
124.7840 124.7840 56
124.8160 124.8800 58
124.9120 125.0400 60
125.0720 125.2960 62
125.3280 125.4880 64
125.5200 125.6160 63
125.6480 125.8080 62
125.8400 126.0960 64
126.1280 126.6080 62
126.8640 126.9600 57
126.9920 127.1840 64
127.2160 127.3120 62
127.5040 128.0800 60
128.1120 128.4000 62
128.6240 128.9120 60
128.9440 129.6480 62
129.6800 129.8080 64
129.8400 129.8400 62
130.0320 131.1520 60
131.2800 131.3440 59
131.3760 131.5040 64
131.5360 131.7280 62
131.8560 132.0160 60
132.0480 132.1760 57
132.2080 132.4960 60
132.6880 132.8480 60
132.8800 133.3920 59
133.4240 134.8960 60
135.1840 135.4080 59
135.4400 136.1120 60
136.2400 136.6560 59
136.6880 136.7520 60
136.7840 137.0720 62
137.1040 137.4240 59
137.4560 137.5520 57
137.5840 137.7440 59
137.7760 137.9680 60
138.0000 138.2880 57
138.3200 138.3520 58
138.3840 138.6400 59
138.6720 139.3440 57
139.4720 139.6000 60
139.7600 139.9200 59
140.0480 140.0800 58
140.1120 140.2720 60
140.3040 140.4000 62
140.5920 140.8160 63
140.8480 141.1680 62
141.2000 141.7760 64
142.2880 142.2880 57
142.3200 142.5120 60
142.5440 142.7680 62
142.8000 143.0240 64
143.0560 143.2800 62
143.3120 143.5680 64
143.6000 143.9520 62
144.3040 144.4000 58
144.4320 144.6560 64
144.6880 144.7520 62
144.9760 145.5520 60
145.5840 145.8400 62
146.0960 146.2240 60
146.2560 146.3520 59
146.3840 147.1200 62
147.1520 147.2480 64
147.2800 147.2800 62
147.4720 147.5360 61
147.5680 148.2720 60
148.7840 148.9440 64
148.9760 149.1680 62
149.2960 149.4880 60
149.6160 149.6480 58
149.6800 149.9680 60
150.1600 150.2880 60
150.3200 150.8320 59
150.8640 151.0880 60
151.2160 151.3760 59
151.4080 152.3680 60
152.6240 152.9120 59
152.9440 153.5520 60
153.6800 154.0640 59
154.0960 154.2880 60
154.3200 154.5440 62
154.5760 154.8640 59
154.8960 155.0240 58
155.0560 155.1840 59
155.2160 155.3760 60
155.4080 155.4720 59
155.5040 155.7920 57
155.8240 156.0480 59
156.0800 156.8160 57
156.9120 157.0720 56
157.2000 157.3600 59
157.5840 157.7120 57
157.7440 157.8720 62
157.9040 157.9040 60
158.0320 158.4480 60
171.4080 171.6640 67
