26.3200 26.4800 56
26.5120 26.9280 58
27.1200 27.3120 56
27.5360 27.8240 56
27.8560 28.3360 58
28.3680 28.6560 60
28.6880 28.9440 61
29.1360 29.3600 58
29.3920 29.8080 60
29.9680 30.1920 54
30.2240 30.6080 56
30.8000 31.5680 53
32.7840 32.9120 56
32.9440 33.5520 58
33.5840 33.6800 60
33.7120 33.9040 61
34.0320 34.1920 58
34.2240 34.5760 60
34.6080 35.1520 58
35.1840 35.4400 60
36.0480 36.3680 63
36.4000 37.6800 65
39.2800 39.4080 56
39.4400 39.9840 58
40.0160 40.1760 56
40.4960 40.6880 56
40.7200 41.1680 58
41.2960 41.3600 58
41.3920 41.6160 60
41.6480 41.9680 61
42.0000 42.0000 59
42.1280 42.3520 56
42.3840 42.7040 58
42.9280 43.1520 54
43.1840 43.6000 56
43.7600 44.3040 53
44.8480 44.9440 58
44.9760 45.2000 60
45.2320 45.4880 61
45.5200 46.2880 58
46.5440 46.6720 60
46.7040 46.9280 61
46.9600 47.1840 60
47.2160 47.2480 59
47.3440 47.4720 60
47.5040 47.7280 61
47.7600 48.0800 58
48.1120 48.7840 56
49.0400 49.3600 56
49.3920 50.3840 58
52.2080 52.3040 54
52.3360 52.4640 56
52.4960 53.2000 58
53.2320 53.3920 61
53.4240 53.6800 58
53.7120 54.3840 60
54.4160 54.6720 61
54.7040 54.9600 63
54.9920 55.0880 61
55.1200 55.2480 63
55.2800 56.2400 65
56.2720 56.5280 68
56.7200 57.0720 63
57.1040 57.7120 65
58.7360 58.8640 56
58.8960 59.4080 58
59.5360 59.5360 57
59.5680 59.6640 60
59.6960 59.8240 61
59.9840 60.1440 58
60.1760 60.4000 60
60.6880 60.7520 56
60.7840 60.8800 60
60.9120 61.1360 61
61.1680 61.4560 63
61.4880 61.5520 59
61.5840 61.7120 63
61.7440 62.7040 65
62.7360 62.9920 63
63.1840 63.3440 63
63.3760 63.7280 65
63.7600 63.8880 63
63.9840 64.1440 63
64.1760 64.4000 65
64.4320 64.6240 68
64.8160 64.9760 68
65.0080 65.4560 70
65.6480 65.8080 66
65.8400 66.0640 68
66.0960 66.2240 65
66.2560 66.7680 63
66.9600 67.0880 61
67.2160 67.5040 61
67.6640 68.2080 63
68.2400 68.5600 65
68.5920 69.3920 63
69.4240 69.5520 65
69.7760 69.8400 59
70.5120 70.5760 63
70.6080 70.8640 65
70.8960 71.4080 68
71.4400 71.6000 70
71.7280 71.9200 70
72.0800 72.2080 66
72.2400 72.4320 68
72.4640 72.6880 65
72.7200 72.8160 63
72.9440 73.3280 63
73.6800 73.8720 61
73.9040 74.1920 63
74.2240 74.3520 66
74.3840 74.6080 68
74.6400 74.8640 65
75.0240 75.2800 63
75.3120 76.2400 65
76.8800 76.8800 59
76.9120 77.1040 63
77.1360 77.3280 65
77.3600 77.9040 68
77.9360 78.4160 70
78.5760 78.7040 66
78.7360 78.8640 68
79.0240 79.1840 65
79.2160 79.7920 63
80.2080 80.4960 61
80.6240 80.8800 63
81.0400 81.1680 63
81.2000 81.6480 65
81.8720 82.0320 70
82.0640 82.2560 72
82.2880 82.5760 71
82.6080 82.8000 68
82.8320 83.3760 70
83.8880 84.0800 68
84.2720 84.5920 68
84.6240 85.4560 70
85.4880 85.6480 72
85.6800 85.9040 73
85.9360 86.1280 72
86.2880 86.6720 72
86.7040 86.9280 70
87.0560 87.1200 74
87.1520 87.7280 68
87.8560 88.0800 68
88.1120 88.3360 70
88.3680 88.5920 68
88.6240 89.3600 70
89.3920 89.4240 66
117.1360 117.2960 56
117.3280 117.7120 58
117.9360 118.1280 56
118.3200 118.6400 56
118.6720 119.1520 58
119.1840 119.4720 60
119.5040 119.7280 61
119.9520 120.1760 58
120.2080 120.5600 60
120.5920 120.6240 59
120.7840 121.0720 54
121.1040 121.4240 56
121.6160 122.3200 53
123.5680 123.7280 56
123.7600 124.3680 58
124.4000 124.7200 61
124.8480 125.0080 58
125.0400 125.3920 60
125.4240 125.9680 58
126.0000 126.2560 60
126.8320 127.1840 63
127.2160 128.6240 65
130.0960 130.1920 56
130.2240 130.8000 58
130.8320 130.9920 56
131.3120 131.5040 56
131.5360 132.1440 58
132.1760 132.4320 60
132.4640 132.7840 61
132.8160 132.8160 59
132.9440 133.1680 56
133.2000 133.5200 58
133.7440 134.0000 54
134.0320 134.4160 56
134.5760 135.0560 53
135.6640 135.7600 58
135.7920 136.0160 60
136.0480 136.2720 61
136.3040 137.0400 58
137.3600 137.4880 60
137.5200 137.7440 61
137.7760 138.0640 60
138.1600 138.5440 61
138.5760 138.8640 58
138.8960 139.6000 56
139.8560 140.1440 56
140.1760 141.2000 58
142.9920 143.1200 54
143.1520 143.2800 56
143.3120 144.0160 58
144.0480 144.2400 61
144.2720 144.4960 58
144.5280 145.2000 60
145.2320 145.4240 61
145.4560 145.7760 63
145.8080 145.8720 60
145.9040 146.0640 63
146.0960 147.0560 65
147.0880 147.3120 68
147.5360 147.8880 63
147.9200 148.5280 65
149.5520 149.6800 56
149.7120 150.2240 58
150.3840 150.6400 60
150.8000 150.9600 58
150.9920 151.2160 60
151.4720 151.5680 56
151.6000 151.6960 60
151.7280 151.9200 61
151.9520 152.0160 62
152.0480 152.2720 63
152.4000 152.5280 63
152.5600 153.4880 65
153.5200 154.1600 63
154.1920 154.5440 65
154.5760 154.6080 63
154.8320 154.9280 63
154.9600 155.1200 65
155.2480 155.4400 68
155.6320 155.7600 68
155.7920 156.2720 70
156.4640 156.5920 66
156.6240 156.8800 68
156.9120 157.0400 65
157.0720 157.6160 63
157.7120 157.9040 61
158.0640 158.3200 61
158.4480 159.0240 63
159.0560 159.3760 65
159.4080 160.2080 63
160.2400 160.3360 65
160.5280 160.8160 58
161.2960 161.3920 63
161.4240 161.6800 65
161.7120 162.2240 68
162.2560 162.4160 70
162.5440 162.7360 70
162.9280 163.0240 66
163.0560 163.2480 68
163.2800 163.5040 65
163.5360 163.6320 63
163.7600 164.1440 63
164.4960 164.6880 61
164.7200 165.0080 63
165.0400 165.1680 66
165.2000 165.4240 68
165.4560 165.6800 65
165.8400 166.0960 63
166.1280 167.1520 65
167.8240 167.9200 63
167.9520 168.1440 65
168.1760 168.4640 68
168.5920 168.7200 68
168.7520 169.2320 70
169.4240 169.5200 66
169.5520 169.6800 68
169.8400 170.0000 65
170.0320 170.6080 63
171.0240 171.3120 61
171.4400 171.6960 63
171.8560 171.9840 63
172.0160 172.4320 65
172.6880 172.8160 70
172.8480 173.0720 72
173.1040 173.4240 71
173.4560 173.6160 68
173.6480 174.1920 70
174.6720 174.8640 68
175.0560 175.3760 68
175.4080 176.2720 70
176.3040 176.9440 72
177.1040 177.4880 72
177.5200 177.8720 70
177.9040 178.8960 68
178.9280 179.1200 70
179.1520 179.4080 68
179.4400 180.2400 70
180.7840 180.8800 63
180.9120 181.0720 65
181.2000 181.3920 68
181.5840 181.7120 68
181.7440 182.1920 70
182.4160 182.5440 66
182.5760 182.8320 68
182.8640 182.9600 65
182.9920 183.5360 63
183.9520 183.9840 57
184.0160 184.2400 61
184.4320 184.9760 63
185.0080 185.3280 65
185.3600 185.8720 63
186.0000 186.0640 62
186.0960 186.2880 65
186.4480 186.8000 58
187.1840 187.2160 61
187.2480 187.6320 65
187.6640 188.1760 68
188.2080 188.3680 70
188.4960 188.6880 70
188.8480 188.9760 66
189.0080 189.1680 68
189.2000 189.2320 66
189.2640 189.4560 65
189.4880 190.1280 63
190.4160 190.6080 61
190.6400 190.9280 63
190.9600 191.1200 66
191.1520 191.3760 68
191.4080 191.6640 65
191.7920 192.0480 63
192.0800 192.9760 65
193.7760 193.8400 63
193.8720 194.0960 65
194.1280 194.4160 68
194.5440 194.6400 68
194.6720 195.1520 70
195.3760 195.4720 66
195.5040 195.6320 68
195.7920 195.9520 65
195.9840 196.5600 63
196.9760 197.2640 61
197.3920 197.6480 63
197.8080 197.9360 63
197.9680 198.3840 65
198.6400 198.7680 70
198.8000 199.0880 72
199.1200 199.3440 71
199.3760 199.5680 68
199.6000 200.1440 70
200.6240 200.8480 68
201.0080 201.3280 68
201.3600 202.2240 70
202.2560 202.8640 72
203.0560 203.4400 72
203.4720 203.7920 70
203.8240 204.4640 68
204.6880 204.8480 68
204.8800 205.0720 70
205.1040 205.2640 68
205.2960 206.7040 70
