0.9120 1.0080 63
1.2000 1.4560 63
2.0000 2.1280 63
2.2880 2.4160 63
2.5760 2.9280 63
3.4400 3.6000 65
15.1840 15.7920 72
31.2160 31.2800 57
31.3120 31.3760 61
31.4080 31.5360 63
31.6640 31.8880 63
32.0480 32.1440 64
32.1760 32.6880 63
32.8160 33.0080 62
33.0400 33.3280 63
33.3600 33.5200 61
33.6480 33.8720 60
33.9040 34.0320 61
34.0640 34.2880 59
34.3200 34.8000 58
34.8320 34.9600 57
35.9520 36.1440 55
36.1760 36.3360 56
36.3680 36.9120 58
36.9440 37.1040 59
37.1360 37.2000 60
37.2320 37.6800 61
37.7120 37.8400 60
37.8720 38.3520 63
38.3840 38.5120 62
38.5440 38.7680 63
38.8000 38.8960 62
38.9280 39.1840 63
39.2160 39.2480 62
39.2800 39.3440 59
39.3760 39.4080 61
39.4400 39.5040 62
39.5360 40.1760 63
40.2080 40.6560 65
40.6880 40.7520 66
40.7840 40.8480 67
40.8800 41.0400 68
41.0720 41.5520 67
44.1120 44.3040 63
44.3360 44.6880 65
44.7200 44.8160 66
44.9760 45.2960 65
45.3280 45.7440 66
45.7760 45.8720 67
45.9040 46.1600 65
46.1920 46.2240 64
46.2560 47.0240 63
47.0560 47.0880 65
47.1200 47.2160 66
47.2480 47.8880 67
49.0400 49.1680 63
49.2000 49.4560 65
49.4880 49.6800 63
49.8080 50.2880 63
51.0880 51.2800 60
51.4720 51.9840 60
52.0160 52.1120 61
52.1440 52.4640 59
52.4960 52.5600 61
52.5920 52.7200 60
52.7520 52.8800 61
53.0720 53.2320 61
53.2640 53.4240 64
53.4560 53.5200 63
53.5520 53.8080 60
53.8400 53.9360 57
53.9680 54.0320 59
54.0640 54.2240 60
54.2560 54.4160 61
57.0400 57.2640 62
57.2960 57.4560 63
57.4880 57.5520 60
57.5840 57.7440 63
57.7760 57.9040 64
57.9360 58.4480 63
58.4800 58.5760 64
58.6080 58.6720 63
58.7040 58.7680 59
58.8000 58.8960 62
58.9280 59.2480 63
59.2800 59.8240 61
59.8560 59.8880 60
59.9200 60.1760 59
60.4320 60.5600 59
60.5920 60.7200 58
61.8720 62.2240 56
62.2560 62.6400 58
62.6720 62.7680 56
62.8000 62.8320 58
62.8640 62.9920 59
63.0240 63.2160 60
63.2480 63.4080 61
63.4400 63.5360 58
63.5680 63.6000 60
63.6320 63.7280 61
63.7600 64.2400 63
64.4000 64.4640 62
64.4960 65.1360 63
65.1680 65.2320 61
65.2640 65.3600 62
65.3920 65.8080 63
66.0320 66.2880 65
66.3200 66.4480 66
66.4800 66.7680 65
66.8000 67.0240 66
70.1600 70.1600 59
70.1920 70.2560 62
70.2880 70.6400 65
70.6720 71.0880 66
71.1200 71.1200 64
71.1520 71.2160 60
71.2480 71.3760 66
71.4080 71.5360 65
71.5680 72.0480 66
72.0800 72.1120 64
72.1440 72.9120 63
72.9440 73.0400 66
73.0720 74.2560 67
74.5760 74.7040 71
74.7360 74.9280 67
74.9600 75.0560 66
75.0880 75.3120 67
75.3440 75.4080 66
75.4400 75.6320 65
75.6640 75.7280 63
75.7600 76.6240 65
76.6560 76.9120 67
76.9440 77.3920 68
77.4240 78.0320 67
78.0640 78.1600 65
78.1920 78.2240 66
78.2560 78.3200 67
78.3520 78.7680 68
78.8000 78.8320 67
79.0240 79.0560 68
79.0880 79.1520 70
79.4720 79.6320 71
79.6640 80.9120 72
83.0560 83.1200 70
83.1520 83.6320 72
83.7920 84.3040 72
84.3360 84.4320 73
84.4640 84.4640 70
84.4960 84.5920 66
84.6240 84.7520 68
84.7840 84.8160 70
84.8480 85.1040 71
85.1360 85.6160 68
85.6480 85.8720 67
85.9040 86.0960 66
86.1280 86.2240 61
86.2560 86.4160 64
86.4480 87.0240 65
87.0560 87.2800 66
87.3120 87.4080 64
87.4400 87.4720 66
87.5040 87.8560 67
87.8880 88.2720 66
88.3040 88.5280 65
88.5600 88.5920 66
88.6240 89.0080 67
89.4240 89.5520 69
89.5840 89.8720 70
89.9040 90.0960 71
90.2880 90.3200 70
90.3520 90.9600 71
90.9920 90.9920 69
91.0240 91.0880 67
91.1200 91.1520 69
91.1840 91.2480 70
91.2800 91.5040 71
91.5360 91.6320 70
91.6640 91.6960 69
91.7280 92.3040 68
92.3360 92.4640 67
92.4960 92.6240 66
92.6560 92.8160 63
92.8480 92.9120 64
92.9440 93.4240 65
93.4560 93.7440 66
93.9040 93.9680 66
94.0000 94.4480 68
94.4800 94.5760 66
94.6080 94.6720 65
94.7040 94.7680 64
94.8000 94.9280 63
95.0880 95.4080 63
95.4400 95.5680 62
95.8240 95.8560 62
96.1440 96.4320 59
96.4640 96.5280 61
96.5600 96.6240 60
96.6560 96.7840 59
96.8160 96.9440 61
96.9760 97.0080 60
97.0400 97.1360 58
97.1680 97.2000 60
97.2320 97.3920 61
97.5520 97.6800 60
97.7120 97.9360 61
97.9680 98.0640 60
98.0960 98.1920 61
98.3200 98.4480 63
98.4800 98.7360 64
98.7680 98.7680 61
99.2160 99.2800 64
99.3120 99.3440 65
99.3760 99.8560 66
99.8880 99.8880 63
100.0160 100.4640 65
100.4960 100.7200 66
100.7520 101.0720 65
101.1040 101.7440 66
101.7760 102.0640 67
102.0960 102.0960 63
102.8640 103.0240 61
103.0560 103.0880 59
103.2160 103.8880 60
104.0160 104.0800 57
104.1120 104.2400 59
104.2720 104.3680 61
104.4000 104.8480 60
104.8800 105.0080 61
105.0400 105.2640 63
105.2960 105.3280 62
105.3600 105.4560 61
105.7120 105.8720 59
105.9040 106.2240 61
108.9120 108.9440 70
108.9760 109.0080 71
109.0400 109.4880 72
109.6800 109.9360 72
110.0640 110.3200 72
110.3520 110.3520 69
110.3840 110.4800 65
110.5120 110.6080 68
110.6400 110.9600 71
110.9920 111.0240 69
111.0560 111.3440 68
111.3760 111.7280 67
111.7600 111.9840 66
112.0160 112.0800 60
112.1120 112.1440 63
112.1760 112.2720 64
112.3040 112.4960 65
112.5280 113.1680 66
113.2000 113.2640 63
113.2960 113.3280 66
113.3600 113.7760 67
113.8080 114.3520 66
114.5440 114.8960 67
115.2800 115.2800 62
115.3120 115.3760 68
115.4080 115.5680 70
115.7280 115.9200 71
115.9520 116.1440 70
116.1760 116.3360 71
116.5280 116.8160 71
116.8480 116.9760 67
117.0080 117.0720 69
117.1040 117.1680 70
117.2000 117.3920 71
117.4240 117.6160 68
117.7760 118.1280 68
118.1600 118.4480 66
118.4800 118.4800 64
118.5120 118.6080 61
118.6400 118.7680 64
118.8000 119.1200 65
119.1520 119.8240 66
119.8560 120.0480 67
120.0800 120.0800 65
120.2720 120.5600 66
120.5920 121.2000 64
121.2320 121.4240 63
122.2240 122.4480 61
122.4800 122.5440 58
122.5760 123.2480 61
123.2800 123.6000 59
123.6320 123.9840 61
124.0160 124.1760 60
124.2080 124.3360 62
124.3680 124.5280 63
124.5600 124.8800 64
125.0400 125.1360 63
125.1680 125.2960 65
125.4880 125.7120 65
125.7440 125.8080 62
125.8400 125.9360 64
125.9680 126.2240 65
126.2560 126.5120 66
126.5440 126.5760 65
126.6080 126.7680 64
126.8000 127.4400 65
127.4720 127.6000 66
127.6320 127.8880 67
128.3360 128.4000 68
128.4320 128.4960 70
128.5280 129.0400 71
129.0720 129.1680 69
129.2000 129.4880 70
129.5200 129.7760 71
129.8080 129.8720 70
129.9040 130.0320 69
130.0640 130.2880 71
130.3200 130.3520 70
130.3840 130.6400 68
130.6720 130.9920 67
131.1840 131.1840 69
131.2160 131.4080 71
131.4400 135.6960 72
142.7360 143.5360 67
143.5680 143.6960 68
143.7280 143.8560 69
143.8880 144.0160 67
153.0720 153.3280 67
153.4560 153.5520 68
153.5840 153.6800 67
156.0800 156.5600 66
157.2640 157.2640 67
157.2960 157.3280 69
157.3600 158.7680 71
163.5040 163.5360 72
163.5680 163.8560 75
164.5600 165.0720 72
165.3600 165.4560 72
166.4480 167.0560 61
167.0880 167.2480 62
167.2800 167.6320 63
167.6640 168.0160 64
168.0480 168.6240 63
168.6560 168.7200 61
168.7520 168.8480 62
168.8800 168.9440 63
168.9760 169.1360 64
169.1680 169.2640 63
169.2960 169.7760 61
169.8080 169.8400 60
169.8720 170.1600 59
170.3840 170.5120 59
170.5440 170.8320 58
171.8240 172.1120 56
172.1440 172.1760 57
172.2080 172.5600 58
172.7840 172.9120 58
172.9440 173.0080 59
173.0400 173.2640 60
173.2960 173.3600 61
173.3920 173.5200 58
173.5520 173.6160 61
173.6480 173.6800 62
173.7120 174.1920 63
174.4160 175.0880 63
175.1200 175.1840 61
175.2160 175.3120 62
175.3440 175.8560 63
176.0160 177.0080 65
177.0400 177.8720 67
180.0480 180.1120 58
180.1440 180.5280 65
180.5600 180.8800 66
180.9120 181.0720 65
181.1040 181.1680 64
181.2000 182.0000 66
182.0320 182.3200 64
182.3520 182.8640 63
182.8960 183.0240 66
183.0560 183.0880 67
183.1200 183.8560 68
183.8880 184.0480 67
184.0800 184.1440 68
184.1760 184.1760 66
184.7200 185.0400 67
185.0720 185.2320 68
185.2640 185.3280 67
185.3600 185.5520 66
185.5840 185.7760 65
185.8080 186.3520 66
186.3840 186.4800 64
186.5120 186.5440 66
186.5760 186.8000 67
186.8320 186.9280 68
186.9600 187.8560 67
187.8880 187.9840 68
188.0160 188.0480 67
188.0800 188.1760 66
188.2080 188.3360 67
188.3680 188.7840 68
188.9440 189.2320 71
189.2640 189.3600 67
189.3920 189.5840 71
189.6160 191.2480 72
192.9760 193.0400 71
193.0720 193.1680 72
193.2000 193.4240 73
193.4560 193.6160 72
193.8080 194.4800 73
194.5120 194.5120 70
194.5440 194.6720 68
194.7040 195.1200 71
195.1520 195.3120 68
195.3440 195.4720 67
195.5040 195.7920 68
195.8240 195.8560 67
195.8880 196.0800 66
196.1120 196.1760 64
196.2080 196.9440 65
196.9760 197.1680 66
197.2000 197.2320 65
197.2640 197.3600 64
197.3920 197.4560 66
197.4880 197.8720 67
197.9040 198.0000 65
198.0320 198.4160 66
198.6080 198.6400 67
198.6720 198.9600 68
198.9920 199.0240 67
199.0560 199.0560 64
199.3120 199.5360 68
199.5680 199.6960 71
199.7280 199.8560 70
199.8880 200.1120 71
200.2400 200.2720 70
200.3040 200.7840 71
200.8160 200.8480 72
200.8800 200.9120 73
200.9440 201.0080 70
201.0400 201.1680 69
201.2000 201.5200 70
201.5520 201.5840 69
201.6160 202.2240 68
202.2560 202.4160 67
202.4480 202.6080 66
202.6400 202.8000 63
202.8320 202.8640 64
202.8960 203.2160 65
203.2480 203.3760 66
203.4080 203.7280 65
203.8560 203.9520 66
203.9840 204.2080 67
204.2400 204.3360 68
204.3680 204.6560 65
204.6880 204.9120 63
205.1040 205.3920 63
205.4240 205.5840 62
206.0640 206.0960 58
206.1280 206.1600 59
206.1920 206.6080 60
206.6400 206.7040 59
206.7360 206.9920 61
207.0240 207.0880 58
207.1200 207.4080 60
207.5360 207.7600 60
207.7920 208.1440 61
208.3040 208.3040 59
208.3360 208.4320 61
208.4640 208.4960 62
208.5280 208.7520 63
208.7840 209.0080 61
209.1360 209.2000 63
209.2320 209.4560 65
209.4880 209.8080 66
209.8400 209.9360 63
209.9680 210.0000 65
210.0320 210.2240 66
210.2560 210.3200 64
210.3520 210.6720 65
210.7040 210.7680 63
210.8000 210.8640 64
210.8960 211.0880 65
211.1200 211.3760 66
211.4080 211.5360 65
211.5680 211.7280 66
211.7600 212.0160 67
212.0480 212.0480 65
212.2400 212.3680 58
212.4000 212.4960 56
212.5280 212.6240 59
212.8800 213.0720 61
213.1040 213.3280 59
213.3600 213.5200 61
213.5520 214.0000 60
214.0320 214.1600 59
214.1920 214.8320 61
214.8640 214.8960 62
214.9280 215.0880 63
215.3440 215.5040 64
215.5360 215.5680 63
215.6000 216.2080 60
216.2400 216.8160 61
217.1040 217.2320 60
218.8640 218.8640 63
218.8960 218.9920 70
219.0240 219.5040 72
219.6640 219.9200 72
219.9520 220.0160 70
220.0480 220.3360 72
220.3680 220.3680 68
220.4000 220.4640 66
220.4960 220.5920 69
220.6240 220.9440 71
220.9760 221.0720 68
221.1040 221.7120 67
221.7440 221.9680 66
222.0000 222.6080 65
222.6400 223.1200 66
223.2480 223.2480 63
223.2800 223.3760 67
223.4080 223.6640 68
223.6960 223.7280 67
223.7600 224.3040 66
224.3360 224.4000 65
224.4640 224.4960 66
224.5280 224.5600 67
224.5920 224.8480 68
224.8800 224.8800 65
225.3280 225.3920 68
225.4240 225.5840 70
225.7120 225.7440 70
225.7760 225.9360 71
225.9680 226.1280 70
226.1600 226.3520 71
226.5120 226.8320 71
226.8640 226.8960 70
226.9280 227.0880 69
227.1200 227.4080 71
227.4400 227.6000 68
227.6320 227.6320 66
227.7600 228.0480 68
228.0800 228.1440 67
228.1760 228.4320 66
228.4640 228.4960 65
228.5280 228.5920 62
228.6240 228.7520 64
228.7840 229.3280 65
229.3600 229.8080 66
229.8400 230.0320 67
230.1600 230.2240 67
230.2560 230.4800 66
230.5120 230.5440 65
230.5760 230.7680 63
230.8000 230.9600 64
230.9920 231.1840 63
231.2160 231.3440 62
231.3760 231.3760 60
231.7600 231.8240 55
231.8560 231.9840 60
232.2080 232.6240 60
232.6560 232.8160 61
232.8480 232.9440 60
232.9760 233.2000 61
233.2320 233.2960 60
233.3280 233.3920 58
233.4240 233.4880 59
233.5200 233.5840 60
233.6160 234.0960 61
234.1280 234.1920 58
234.2240 234.2880 62
234.3200 234.5120 63
234.5440 234.6720 64
235.0240 235.0880 63
235.1200 235.1520 64
235.1840 235.2800 65
235.4400 235.6640 66
235.6960 235.6960 63
235.7280 235.7920 61
235.8240 235.8880 63
235.9200 236.2080 65
236.2400 236.5280 66
236.5600 236.6880 63
236.7200 237.1680 65
237.2000 237.5200 66
237.5520 237.8720 67
237.9040 238.0320 71
238.2880 238.3520 69
238.3840 238.7040 70
238.7360 238.9920 71
239.0240 239.1520 69
239.1840 239.3120 71
239.3440 239.4400 70
239.4720 239.8560 71
239.8880 240.0160 69
240.0480 240.2720 71
240.3040 240.6560 68
240.6880 240.9440 67
241.1360 241.2320 71
241.2640 247.9200 72
266.7680 266.8320 72
266.9600 267.1520 73
267.1840 267.1840 72
268.4000 268.5600 73
