1.6480 1.7120 66
1.7440 3.0240 67
3.0560 3.3440 66
3.3760 4.0480 67
5.8720 6.2880 57
6.4160 7.3760 57
7.7600 8.0480 57
17.1680 17.3920 62
17.4240 17.4560 63
17.4880 18.0320 64
18.0640 18.1280 63
18.1600 18.3520 62
18.3840 18.5120 59
18.5440 18.6720 60
18.7040 18.8640 62
18.8960 18.9280 66
18.9600 19.0560 67
19.0880 19.0880 64
19.1200 19.4080 62
19.4400 19.4720 63
19.5040 19.9200 64
19.9520 19.9840 63
20.1120 20.2400 63
20.3040 20.3040 64
20.4320 20.6560 64
21.1360 21.3280 69
21.4560 21.8080 72
22.0960 22.3520 74
22.3840 22.4800 72
22.6080 22.8960 69
22.9280 23.0240 71
23.1520 23.1840 64
23.2160 23.3440 65
23.5680 23.6320 67
29.2960 32.3360 72
32.9440 33.2960 62
33.3280 33.3920 63
33.4240 33.6480 64
33.6800 34.7040 67
34.7360 34.8960 69
34.9280 35.4720 67
35.8560 36.1440 67
36.1760 36.3040 69
36.3360 36.3680 68
36.4000 37.1040 67
37.1360 37.3920 64
37.8400 38.1280 62
38.1600 38.2240 64
38.3840 39.3440 62
39.3760 39.4720 60
39.5040 39.8560 59
39.8880 40.1760 60
40.7840 41.1040 57
41.2320 41.3920 60
41.5200 41.6160 60
41.7760 42.2240 60
42.2560 42.5440 62
42.5760 43.0240 60
43.0560 43.3440 59
43.3760 43.6320 60
44.1120 44.4640 67
44.4960 44.5280 65
44.5600 44.6240 64
44.6560 44.7520 66
44.7840 44.8480 63
44.8800 45.6160 64
45.6480 46.1920 62
46.2240 46.3200 63
46.3520 46.4160 62
46.4480 46.5760 60
46.8000 48.0480 62
48.6240 48.6880 57
48.7200 48.7200 59
48.7520 49.0720 62
49.1040 49.1680 63
49.2000 49.8400 64
49.8720 49.9680 65
50.0000 50.0640 64
50.0960 50.3520 62
50.3840 50.4800 64
50.7040 52.1120 67
52.5920 52.9440 62
52.9760 53.5200 64
53.5520 54.2880 62
54.3200 54.4480 60
54.5760 55.0240 57
55.3440 55.7920 55
55.8240 55.8240 58
55.8560 55.8560 60
55.8880 55.8880 62
55.9200 55.9520 66
55.9840 56.4960 67
56.5280 56.5920 70
56.6240 56.6880 69
56.7200 56.8480 67
56.9760 57.0080 66
57.0400 57.7760 67
57.8080 57.8720 71
57.9040 57.9040 69
57.9360 58.0000 66
58.0320 58.0960 65
58.1280 58.2880 67
58.3200 58.4480 64
58.4800 58.6720 61
58.7040 58.8640 62
59.1840 59.4400 64
59.4720 59.8560 62
60.0480 60.1120 62
60.1440 60.1760 60
60.2080 60.2720 59
60.3040 60.4320 57
60.5600 61.0720 57
61.1040 61.1680 58
61.2000 62.9920 60
63.0240 63.0880 59
63.1200 63.2160 61
63.2480 63.5360 59
63.5680 64.0800 60
65.2000 65.7120 60
65.7440 66.3520 62
66.8320 66.9280 63
66.9600 67.0240 62
67.0560 67.6000 60
67.6320 67.8560 62
67.8880 68.2400 64
68.6240 69.4240 67
69.4560 69.4560 70
69.4880 69.5520 72
69.5840 69.7440 69
69.7760 69.9360 68
69.9680 70.0320 67
70.0640 70.2240 64
70.3520 70.7680 64
71.5040 71.6320 64
71.7920 72.2720 67
72.3040 72.5600 69
72.5920 72.7520 68
73.0080 73.2000 69
73.2320 73.7440 67
73.7760 74.1920 69
74.4800 74.4800 62
74.5120 74.5120 65
74.5440 74.9600 69
74.9920 75.1200 72
75.2800 75.7920 72
75.8240 76.2720 69
76.3040 76.4640 70
76.4960 76.5280 69
76.6880 76.7840 67
76.8160 77.2320 64
77.2640 77.2960 68
77.3280 77.4880 69
77.5200 77.6480 68
77.6800 78.6720 67
79.0240 79.0880 70
79.1200 79.3760 67
79.4080 79.6320 69
79.6640 79.7280 68
79.7600 79.8240 67
79.8560 80.5920 64
80.6240 80.6880 66
80.7200 81.4240 67
81.4880 81.8400 69
81.8720 81.9040 68
81.9360 82.1600 67
82.1920 82.1920 65
82.2240 82.8000 62
82.8320 83.1840 63
83.2160 83.5680 64
84.1440 84.2080 59
84.4000 84.7840 62
84.8160 84.9760 64
85.0080 85.1360 63
85.1680 85.3920 62
85.5520 85.9680 60
86.0000 86.0320 58
86.0640 86.1280 56
86.1600 86.2880 55
86.3200 86.3520 56
86.3840 86.5440 57
87.0560 87.2480 55
87.5040 87.7600 67
87.7920 87.9200 69
88.0480 88.1440 71
88.1760 88.6560 69
88.6880 89.2320 67
89.2640 89.3600 68
89.3920 89.6160 65
89.6480 89.7440 67
89.7760 89.8720 66
90.0640 90.3200 62
90.7040 90.9280 60
90.9600 91.2480 62
91.2800 91.3760 64
91.5040 92.2400 62
92.4320 92.4640 58
92.4960 92.9120 57
92.9440 93.0080 58
93.0400 94.6080 60
94.6400 94.7360 59
94.7680 95.3120 60
95.3440 95.4400 59
95.4720 95.5680 60
95.6000 95.6960 59
95.7280 96.3360 60
111.6000 111.8240 62
111.8560 111.8880 63
111.9200 112.0800 64
112.2400 112.4640 64
112.4960 112.5600 63
112.5920 112.8160 62
112.8480 112.9440 59
112.9760 113.1040 60
113.1360 113.2640 62
113.2960 113.3280 65
113.3600 113.5520 67
113.5840 113.5840 64
113.6160 113.8080 62
113.8400 113.8720 63
113.9040 114.0960 64
114.2240 114.4800 64
114.5120 114.6080 63
114.6400 114.6720 64
115.5680 115.8240 69
115.8560 116.2400 72
116.2720 116.4320 70
116.5600 116.7520 74
116.7840 116.9120 72
116.9440 117.2640 69
117.2960 117.3280 71
117.3600 117.4560 72
117.5840 117.7760 65
118.0320 118.1600 56
124.1760 126.7680 72
127.3760 127.6960 62
127.7280 127.8240 63
127.8560 128.0800 64
128.1120 129.1360 67
129.1680 129.3280 69
129.3600 129.8720 67
130.2880 130.5760 67
130.6080 130.7040 69
130.7360 130.8000 68
130.8320 131.5360 67
131.5680 131.8240 64
132.2720 132.5280 62
132.5600 132.6560 64
132.8160 133.7760 62
133.8080 133.9040 60
133.9360 134.4480 59
134.4800 134.6080 60
135.2480 135.6320 57
135.6640 135.8240 60
135.9520 136.0480 60
136.2080 136.6560 60
136.6880 136.9760 62
137.0080 137.4560 60
137.4880 137.7760 59
137.8080 138.0640 60
138.5440 138.8960 67
138.9280 139.0240 65
139.1520 140.0480 64
140.0800 140.8480 62
140.8800 141.0080 60
141.2320 142.4800 62
143.0560 143.1520 58
143.1840 143.4400 62
143.4720 143.6000 63
143.6320 144.4960 64
144.5280 144.7840 62
144.8160 144.9120 64
145.1040 146.5440 67
147.0240 147.3760 62
147.4080 147.9200 64
147.9520 148.7200 62
148.7520 148.9120 60
148.9440 149.4240 57
149.8080 150.2240 55
150.2560 150.2560 58
150.2880 150.2880 60
150.3200 150.3200 63
150.3520 150.9280 67
150.9600 151.0880 70
151.1200 151.2800 67
151.4080 151.4400 66
151.4720 152.2080 67
152.2400 152.3040 71
152.3360 152.3360 68
152.3680 152.4320 66
152.4640 152.5280 65
152.5600 152.7200 67
152.7520 152.8480 64
152.8800 153.2640 62
153.6160 153.8400 64
153.8720 154.2880 62
154.4800 154.5440 62
154.5760 154.6720 60
154.7040 154.8640 57
154.9920 155.5360 57
155.5680 158.5120 60
159.6320 160.1120 60
160.1440 160.6880 62
161.2640 161.4560 62
161.4880 162.0000 60
162.0320 162.2880 62
162.3200 162.6400 64
163.0240 163.8560 67
163.8880 163.9840 71
164.0160 164.1760 69
164.2080 164.4640 67
164.4960 165.1680 64
165.8720 166.0960 64
166.1920 166.6720 67
166.7040 166.9920 69
167.0240 167.1520 68
167.4400 167.6320 69
167.6640 168.1760 67
168.2080 168.5280 69
168.5600 168.5920 68
168.9120 168.9120 62
168.9440 168.9440 66
168.9760 169.3920 69
169.4240 169.5520 72
169.6800 169.7120 71
169.7440 170.2240 72
170.2560 170.7040 69
170.7360 170.9600 70
171.1200 171.1840 67
171.2160 171.2480 65
171.2800 171.4080 64
171.5040 171.6640 64
171.6960 171.9200 69
171.9520 172.0800 68
172.1120 172.3680 67
172.4000 172.4640 65
172.4960 172.7520 67
172.7840 172.9120 66
172.9440 173.1680 67
173.4240 173.4880 71
173.5200 173.5520 69
173.5840 173.8080 67
173.8400 174.0960 69
174.1280 174.2560 67
174.2880 175.0240 64
175.0560 175.1200 66
175.1520 175.8560 67
175.9200 176.2720 69
176.3040 176.3360 68
176.3680 176.5920 67
176.6240 176.6240 65
176.6560 177.2320 62
177.2640 178.0000 64
178.5120 178.5440 57
178.5760 178.6400 59
178.8320 179.2160 62
179.2480 179.4080 64
179.4400 179.5680 63
179.6000 179.8240 62
179.9840 180.4000 60
180.4320 180.4640 56
180.4960 180.7200 55
180.7520 180.7840 56
180.8160 180.9760 57
181.4240 181.5840 55
181.6160 181.6800 56
181.9360 182.1920 67
182.2240 182.3200 69
182.4480 182.5760 71
182.6080 183.0880 69
183.1200 183.6640 67
183.6960 183.7600 69
183.7920 184.0480 65
184.0800 184.3040 67
184.5280 184.7200 62
185.1360 185.2640 60
185.3920 185.6800 62
185.7120 185.8080 64
185.9360 186.6720 62
186.8320 186.9280 59
186.9600 187.3760 57
187.4080 190.7040 60
206.1280 206.3200 62
206.4480 207.4720 64
207.5040 207.7600 62
207.7920 207.8880 64
208.1440 208.4960 67
208.5280 208.6240 65
208.6560 209.1040 67
209.1360 209.3920 65
209.4240 209.5520 67
210.0320 210.2560 63
210.2880 210.3840 65
210.4160 210.5120 66
210.7680 210.8960 64
210.9280 211.2160 62
211.2480 211.3120 63
211.5040 211.5680 63
211.6000 211.7280 62
211.7600 211.8560 61
217.9040 218.0000 62
218.2240 218.5440 62
218.5760 218.8320 63
218.8640 219.0240 64
219.1520 220.4960 64
220.7520 220.7840 63
220.8480 221.0080 64
221.3920 221.8080 64
222.5440 222.6080 56
222.6400 223.0560 60
223.0880 223.6640 62
224.2080 224.3040 63
224.3360 224.4000 62
224.4320 224.5920 60
224.7840 224.8800 55
224.9120 224.9120 58
224.9440 224.9440 60
224.9760 225.2320 62
225.2640 225.6160 64
225.9680 226.8320 67
226.8640 226.9280 72
226.9600 227.1200 69
227.1520 227.2160 66
227.2480 227.3120 68
227.3440 227.4080 67
227.4400 227.5680 64
227.6000 227.6960 63
227.7280 228.1120 64
228.8160 228.8480 61
228.8800 229.0400 64
229.1360 229.6160 67
229.6480 230.1280 69
230.1920 230.1920 69
230.4160 230.6080 69
230.6400 230.9920 67
231.0560 231.0880 67
231.1200 231.5040 69
231.8240 231.8240 62
231.8560 231.8560 66
231.8880 232.3360 69
232.3680 232.4640 71
232.6240 233.1680 72
233.2000 233.9040 69
234.0640 234.1600 68
234.1920 234.3520 64
234.4800 234.4800 64
234.5760 234.6080 64
234.6400 235.0240 69
235.0560 235.7280 67
235.7600 235.9520 66
236.4000 236.4960 70
236.5280 236.7200 67
236.7520 237.0720 69
237.1040 237.2000 67
237.2320 237.9680 64
238.0000 238.7360 67
238.7680 238.8320 72
238.8640 239.5680 69
239.6000 239.9200 67
239.9520 239.9520 65
239.9840 240.5600 62
240.5920 240.9440 64
241.7760 242.1280 62
242.1600 242.3200 64
242.3520 242.5120 63
242.5440 242.7680 62
242.9280 243.3760 60
243.7280 243.8880 57
244.9120 245.1680 67
245.2000 245.2960 69
245.4240 245.5200 71
245.5520 246.0960 69
246.1280 246.6400 67
246.6720 246.8320 72
246.8640 246.9920 65
247.0240 247.1840 67
247.2160 247.2480 65
247.4400 247.6960 62
248.0800 248.3040 60
248.3360 248.7200 62
248.7520 248.9120 64
249.0720 249.7120 62
249.8720 249.9680 59
250.0000 250.3840 57
250.4160 253.2320 60
253.3600 253.4240 61
253.8400 255.1520 67
255.2160 255.3760 67
255.6000 255.7600 67
257.4240 259.1200 57
259.6960 259.8880 57
263.9520 264.0480 62
264.0800 264.1440 65
264.1760 264.8480 67
264.8800 265.3600 62
265.3920 265.7440 64
265.7760 266.3840 62
267.9200 269.5520 72
