30.9920 31.1520 60
31.1840 31.3120 61
31.3440 31.8560 62
31.8880 32.0160 65
32.0480 32.2080 66
32.2400 32.3040 63
32.3360 32.5280 62
32.5600 32.9760 60
33.0080 33.1040 59
33.1360 33.4240 58
33.4560 33.6160 57
33.8720 34.3200 57
34.7040 34.8000 56
36.5920 36.6560 59
36.6880 36.7840 60
36.8160 36.8480 61
36.8800 37.2320 62
37.2640 37.3920 63
37.4240 37.7760 62
37.8080 37.9040 63
37.9360 38.1600 62
38.1920 38.2880 63
38.3200 38.8960 62
38.9280 38.9600 61
38.9920 39.0560 60
39.0880 39.1520 59
39.1840 39.2160 58
39.2480 39.2800 57
39.3120 39.7920 56
39.8240 40.1440 57
40.1760 40.2400 59
40.2720 40.4640 58
40.4960 40.5920 59
40.6240 40.6560 62
40.6880 40.7520 63
40.7840 40.8160 64
40.8480 41.2000 65
41.2320 41.3600 64
41.5840 42.6400 62
43.5360 43.5680 65
43.6000 43.7280 66
43.7600 44.6560 67
44.6880 44.8800 70
44.9120 45.7760 69
45.9040 46.2560 65
46.2880 46.4160 67
46.4480 46.5760 65
46.6080 46.7680 67
46.8000 47.0240 65
47.0560 47.1840 67
47.2160 47.3440 65
47.3760 48.1760 62
48.6880 49.6480 62
49.6800 50.1280 63
50.1600 50.4800 62
50.5120 50.6080 63
50.6400 50.9920 62
51.0240 51.1520 60
51.1840 51.6000 58
51.6320 51.7600 60
51.7920 53.4240 62
54.5120 54.6400 65
54.6720 54.7360 66
54.7680 55.6640 67
55.6960 55.9520 70
55.9840 56.7520 69
56.7840 56.8160 68
56.8480 57.2000 65
57.2320 57.2320 68
57.2640 57.3600 70
57.3920 57.5840 69
57.6160 57.7440 70
57.7760 57.9680 69
58.0000 58.2880 70
58.3200 58.3840 72
58.4160 58.4800 70
58.5120 59.2800 69
59.6000 59.6960 66
59.7280 59.8560 65
60.0160 60.1760 67
60.2080 60.3040 66
60.3360 60.5280 65
60.5600 60.9440 67
60.9760 61.0400 68
61.0720 61.1040 69
61.1360 61.4560 70
61.4880 61.6480 69
61.6800 62.0000 67
62.0320 62.2880 65
62.3200 62.5440 67
62.8000 63.1840 69
63.2160 64.9440 67
65.4560 65.5200 64
65.5520 65.8080 67
65.8400 66.0320 69
66.1600 66.6080 69
66.7360 66.8640 68
66.8960 67.0880 67
67.1200 67.1200 65
67.2800 67.4080 69
67.7280 67.8240 70
68.2400 68.4000 67
68.4320 68.4640 66
68.5920 68.9760 72
69.0080 69.0400 70
69.0720 69.2320 69
69.2640 69.3600 70
69.4880 69.5200 66
69.5520 69.5520 68
69.5840 69.6160 66
69.6480 69.9680 67
70.0000 70.1600 72
70.3520 70.5120 69
70.6720 70.8000 69
70.8320 71.1200 67
71.1520 71.3440 68
71.3760 71.5680 69
71.6000 71.6320 68
71.6640 71.7920 67
71.8240 72.2400 69
72.2720 72.4960 70
72.5280 73.2320 72
73.2640 73.4880 70
73.5200 75.1840 69
75.2160 75.4400 70
75.4720 75.8880 69
76.3680 76.4000 70
76.4320 76.7200 67
76.8480 77.0400 70
77.1680 77.4240 70
77.4560 77.6160 69
77.7440 78.0640 68
78.2560 78.3520 69
78.5760 78.7040 74
78.8640 78.9280 70
79.2160 79.4400 67
79.4720 79.5040 68
79.5360 79.6960 72
79.7280 79.8240 71
79.8560 79.9200 73
79.9520 80.1120 70
80.2400 80.3360 70
80.3680 80.5600 68
80.5920 80.8160 67
80.8480 80.8480 65
80.8800 81.0400 61
81.0720 81.1040 60
81.4560 81.4560 66
81.4880 81.5520 69
81.6800 81.7760 69
81.8080 82.0960 67
82.1280 82.3200 68
82.3520 83.1840 69
83.2160 83.6000 70
83.6320 84.4000 72
84.4320 84.6240 69
84.6560 86.9280 67
87.5360 87.5680 69
87.6000 87.7920 70
87.8240 88.0160 69
88.0480 88.2080 67
88.2400 88.2720 69
88.3040 88.5280 70
88.5600 88.6560 69
88.6880 88.8800 68
88.9120 89.0080 70
89.0400 89.1680 72
89.2000 89.2320 71
89.2640 89.3280 70
89.3600 89.5200 69
89.5840 89.7120 71
89.7440 89.8720 72
89.9040 90.0320 70
90.0640 90.3520 69
90.3840 90.5120 70
90.5440 90.7040 69
90.7360 90.8320 67
90.8640 90.9600 65
90.9920 91.0240 69
91.0560 91.2160 70
91.2480 91.3440 72
91.3760 91.5680 70
91.6000 92.1760 69
92.2080 92.3360 72
92.3680 92.9120 74
92.9440 93.0400 72
93.0720 93.1360 73
93.1680 93.3280 74
93.3600 93.4880 72
93.5200 93.5840 70
93.6160 93.7120 68
93.7440 93.7440 70
93.7760 93.9680 72
94.0000 94.1280 74
94.1600 94.2560 72
94.2880 94.4160 73
94.4480 95.5360 74
95.5680 95.8880 73
95.9200 96.0800 74
96.1120 96.2400 72
96.2720 96.3040 70
96.3360 96.3680 69
96.4960 96.4960 67
96.5280 96.5280 69
96.5600 96.7520 72
96.7840 96.8800 74
96.9120 96.9120 72
96.9440 96.9760 69
97.0080 97.1040 68
97.1360 97.2640 65
97.2960 98.4160 67
98.6720 98.6720 69
98.8000 99.1840 67
99.2160 99.3760 69
99.4080 99.8240 70
99.8560 100.2080 72
100.6560 100.6560 65
100.6880 100.6880 67
100.7200 100.9120 69
100.9440 101.1680 72
101.2000 101.3280 71
101.3600 101.4240 68
101.4560 101.6160 72
101.6480 101.6800 70
101.7120 101.8080 69
102.1920 102.2240 71
102.2560 102.3200 70
102.3520 102.5440 67
102.7360 106.4480 67
130.1280 130.8640 62
130.8960 130.9280 65
130.9600 131.2160 66
131.2480 131.2800 64
131.3120 131.5040 62
131.5360 131.5680 61
131.6000 131.7600 60
131.7920 131.9840 61
132.0160 132.0480 60
132.0800 132.1440 59
132.1760 132.6240 58
132.8480 133.1680 58
133.2000 133.2320 57
133.4880 133.9040 56
134.0640 134.2240 56
135.6640 135.8560 61
135.8880 135.9840 62
136.1120 136.3360 62
136.3680 136.4640 63
136.4960 137.2640 62
137.2960 137.4880 63
137.5200 138.1600 62
138.1920 138.3200 59
138.3520 138.4160 58
138.4480 138.4800 57
138.5120 139.1200 56
139.1520 139.4400 57
139.4720 139.8240 58
139.8560 139.8880 61
139.9200 139.9520 62
139.9840 140.0480 63
140.0800 140.3360 65
140.3680 140.4960 64
140.5280 140.5920 66
140.7840 140.8480 63
140.8800 141.6160 62
142.5120 142.6720 65
142.7040 142.7680 66
142.8000 143.5680 67
143.6000 143.7280 68
143.7600 144.0480 70
144.0800 144.2400 69
144.2720 144.4000 70
144.4320 144.8480 69
144.8800 145.2640 65
145.2960 145.4240 66
145.4560 145.6160 65
145.6480 145.8080 67
145.8400 146.1280 65
146.1600 146.2880 67
146.3200 146.4160 65
146.5440 146.9920 62
147.7280 148.2080 62
148.2400 149.2000 63
149.2320 149.5520 62
149.5840 149.7440 63
149.7760 150.0640 62
150.0960 150.2240 60
150.2560 150.2880 59
150.3200 150.5120 58
150.5440 150.5760 59
150.6080 150.7360 60
150.7680 150.8000 61
150.8320 152.3680 62
153.5520 153.7760 66
153.8080 154.7040 67
154.7360 154.8320 70
154.8640 154.9920 69
155.0240 155.1520 70
155.1840 155.8560 69
155.8880 156.2400 65
156.2720 156.2720 67
156.3040 156.5920 69
156.6240 156.8480 70
156.8800 156.9760 69
157.0080 157.1680 70
157.2000 157.3280 69
157.3600 157.4880 71
157.5200 158.3520 69
158.6400 158.9280 65
159.0560 159.2480 67
159.2800 159.4720 66
159.6000 159.9840 67
160.0160 160.0480 68
160.0800 160.1440 69
160.1760 160.2720 70
160.4000 160.4640 70
160.4960 160.6560 69
160.6880 160.7520 68
160.7840 160.9760 67
161.0080 161.0720 66
161.2000 161.3600 65
161.3920 161.5200 67
161.5520 161.6800 69
161.7120 161.9680 68
162.0000 163.8560 67
164.4960 164.4960 64
164.5280 164.5920 66
164.6240 164.7200 67
164.8480 165.0720 70
165.2000 165.2960 69
165.3280 165.6160 70
165.6480 165.8080 68
165.8400 166.1280 67
166.6400 166.7680 70
167.3120 167.3760 66
167.4080 167.5360 67
167.5680 167.5680 69
167.6000 167.7600 72
167.7920 167.8560 71
167.8880 167.9520 70
167.9840 168.0480 68
168.0800 168.1760 69
168.2080 168.2720 68
168.3040 168.4000 70
168.4320 168.6240 69
168.6560 168.9120 67
169.3920 169.7760 69
169.8080 170.1600 67
170.1920 170.3840 68
170.4160 170.5760 69
170.6080 170.6400 68
170.6720 170.8640 67
170.8960 171.1840 69
171.2160 171.6000 70
171.6320 172.1440 72
172.1760 172.2400 71
172.2720 172.6560 70
172.6880 172.9760 69
173.0080 173.1360 71
173.1680 174.9280 69
174.9600 174.9920 68
175.5360 175.5680 65
175.6000 175.7600 67
175.8880 176.0800 69
176.2080 176.2400 68
176.2720 176.3040 69
176.3360 176.6240 70
176.6560 176.7200 69
176.7520 177.1360 68
177.1680 177.2320 67
177.9360 178.0640 70
178.2560 178.3200 70
178.3520 178.5760 67
178.6080 178.7040 72
178.7360 178.9600 71
178.9920 179.4080 70
179.5360 179.9200 67
180.5600 180.7840 70
180.8160 180.9440 67
181.0720 181.1680 67
181.2000 181.7120 69
181.7440 181.7760 68
181.8080 181.9040 67
181.9360 182.1920 69
182.2240 182.6720 70
182.7040 183.3760 72
183.4080 183.4400 71
183.4720 183.6320 70
183.6640 183.8560 69
183.8880 184.0160 67
184.0480 184.0800 68
184.1120 184.2080 69
184.2400 185.4560 67
185.4880 185.6800 68
185.7120 185.9040 67
185.9360 186.0640 68
186.0960 186.1280 67
186.5760 186.6720 69
186.7040 186.8000 70
186.8320 187.0560 69
187.0880 187.0880 67
187.2480 187.5680 70
187.6000 187.6960 69
187.7280 187.9200 68
187.9520 187.9840 70
188.0160 188.0800 71
188.1120 188.2080 72
188.2400 188.3360 71
188.3680 188.4960 70
188.6560 188.7520 71
188.7840 188.8800 72
188.9120 188.9760 71
189.0080 189.2000 70
189.2320 189.3280 68
189.3600 189.7760 70
189.8080 189.8720 67
190.0000 190.0000 66
190.0320 190.0640 69
190.0960 190.2880 70
190.3200 190.4160 72
190.4480 191.1840 69
191.2160 191.3440 72
191.3760 191.6960 74
191.8880 192.0480 74
192.0800 192.1760 73
192.2080 192.3680 74
192.4000 192.4960 72
192.5280 192.5600 71
192.5920 192.6240 70
192.7520 192.7520 69
192.7840 193.0400 72
193.0720 193.1680 74
193.2000 193.2320 73
193.2640 193.4880 72
193.5200 194.6080 74
194.6400 194.9280 73
194.9600 195.1520 74
195.1840 195.3440 72
195.3760 195.3760 70
195.5360 195.5360 68
195.5680 195.5680 70
195.6000 195.7920 72
195.8240 195.9520 74
196.0800 197.5520 67
197.6480 197.6480 69
197.9360 198.2880 67
198.3200 198.4480 69
198.4800 198.8000 70
198.8320 198.8640 71
198.8960 199.2480 72
199.5680 199.6000 62
199.6320 199.6640 63
199.6960 199.8880 69
200.0160 200.1440 72
200.2720 200.3680 71
200.4000 200.4000 68
200.7200 200.8800 69
201.3280 201.4240 69
201.4560 201.5840 67
201.7760 202.6080 67
202.6400 202.6720 66
202.8000 202.8320 66
202.8640 202.9600 67
202.9920 203.0240 66
203.0880 203.1520 67
204.4000 204.5280 69
204.5600 204.6560 70
204.6880 204.9440 69
204.9760 205.0080 67
205.1360 205.1680 69
205.2000 205.4240 70
205.4560 205.5520 69
205.5840 205.7760 68
205.8080 205.9360 71
205.9680 206.0960 72
206.1280 206.1920 71
206.2240 206.4160 70
206.4480 206.5760 71
206.6080 206.7360 72
206.7680 206.8960 71
206.9280 207.5040 70
207.5360 207.6000 69
207.6320 207.6640 68
207.9200 208.1120 70
208.1440 208.3040 72
208.3360 209.0400 69
209.0720 209.2640 72
209.2960 209.3280 74
209.3920 209.5200 73
209.9040 210.0640 73
210.0960 210.1920 74
210.2240 210.2560 73
210.2880 210.3840 72
210.4160 210.4800 71
210.6080 210.6400 69
210.6720 210.9280 72
210.9600 211.0880 74
211.1200 211.1520 73
211.1840 211.5360 72
211.5680 212.4000 74
212.4320 212.5280 72
212.5600 212.8160 73
212.8480 213.0080 74
213.0400 213.1680 73
213.2000 213.2320 74
213.2960 213.3280 74
213.3600 213.4560 70
213.4880 213.6800 72
213.7120 213.8720 74
214.1600 214.3840 66
214.5120 215.1520 67
215.2160 215.4400 67
215.4720 215.5040 69
215.7280 216.1440 67
216.1760 216.3040 69
216.3360 216.7520 70
216.7840 217.0720 72
217.6480 217.6480 67
217.6800 217.8400 69
217.8720 218.0320 72
218.2240 218.2240 71
218.4800 218.5120 68
218.5440 218.6720 69
218.9600 219.0560 72
219.0880 219.3120 71
219.3440 219.4080 70
219.4400 219.4720 69
219.5040 219.5360 68
219.5680 219.6320 67
219.8560 220.1120 67
220.1440 220.2080 65
220.2400 220.8160 67
220.8480 220.9120 65
220.9440 221.2960 67
221.3280 221.5200 66
222.3200 222.3840 69
222.4160 222.5440 70
222.5760 222.7680 69
222.9600 223.2480 70
223.2800 223.3760 69
223.4080 223.4400 67
223.6640 223.7600 71
223.7920 223.8880 72
223.9200 224.0800 71
224.1120 224.2080 70
224.3360 224.5920 71
224.6240 224.7520 70
224.7840 224.9760 69
225.0080 225.3600 70
225.3920 225.6160 69
225.6480 226.0320 70
226.0640 226.1920 72
226.2240 226.2560 70
226.2880 226.8640 69
226.8960 227.0880 72
227.1200 227.4080 74
227.7920 227.8240 72
227.8560 227.9200 73
227.9520 228.0800 74
228.1120 228.2400 72
228.2720 228.4000 70
228.4320 228.5600 69
228.5920 228.8160 72
228.8480 228.9760 74
229.0080 229.4560 72
229.4880 230.3520 74
230.3840 230.4800 73
230.5120 231.2800 74
231.3120 231.3760 71
231.4080 231.5360 72
231.5680 231.6960 74
232.0480 232.0800 66
232.1120 232.7200 67
232.7520 232.8480 66
232.8800 233.2640 67
233.3920 233.4560 69
233.6800 233.7120 65
233.7440 233.7760 66
233.8080 234.0320 67
234.0640 234.2240 69
234.2560 234.5760 70
234.6080 234.6400 71
234.6720 234.8000 72
234.8320 234.9600 71
235.3120 235.3760 63
235.5040 235.6320 68
235.6640 235.7280 69
235.7600 235.8880 72
235.9200 236.2080 71
236.4960 236.6240 70
237.5840 237.7440 67
237.8720 237.9680 69
238.0000 238.0000 67
238.0320 238.0640 65
238.0960 242.0320 67
242.0640 242.1280 68
242.1600 242.8640 67
243.3120 243.3440 69
243.4080 243.4080 70
243.6640 243.7920 70
244.0480 244.3360 63
244.6240 244.6560 66
244.6880 244.8800 65
245.0720 245.3600 65
245.4240 245.5520 64
246.9280 247.4720 67
247.7920 247.9520 67
248.5600 248.7520 62
249.1360 249.2320 62
249.3280 250.3520 62
250.7040 250.8000 62
251.0240 251.0880 62
