10.4800 10.5440 48
10.5760 10.6400 51
10.7680 10.9280 55
10.9600 11.0880 56
11.1200 11.9520 57
11.9840 12.0160 58
12.0480 12.4320 59
12.4640 12.7200 60
12.7520 12.9120 57
12.9440 12.9760 58
13.0080 13.6800 59
13.7120 13.7120 57
13.7440 14.2240 55
14.2560 14.2880 56
14.3200 14.5120 58
14.5440 15.5360 57
17.8080 17.9040 52
18.0640 18.0960 51
18.1280 18.2880 52
18.3200 18.5120 55
18.5440 18.7360 56
18.7680 19.2160 57
19.4080 19.5360 63
19.8880 20.1440 59
20.1760 20.3040 60
20.3360 20.5600 58
20.5920 21.4240 59
21.4560 21.4880 58
21.5200 22.0640 57
22.0960 22.2240 62
22.2560 23.2800 64
23.3120 23.4400 63
25.7120 25.8400 62
25.8720 26.1920 63
26.2240 27.6640 62
27.6960 28.1440 60
28.3040 28.9120 62
29.4880 29.6160 60
29.6480 29.6800 59
29.7120 29.7440 58
29.7760 29.9040 57
29.9360 30.0320 62
30.0640 30.1920 63
30.2240 31.6000 64
31.6320 31.9200 63
31.9520 32.7200 64
32.7520 32.7840 63
33.2320 33.3280 56
33.3600 33.4880 58
33.5200 33.6480 60
33.6800 33.7440 59
33.7760 33.9360 57
33.9680 34.0000 58
34.0320 35.3120 59
35.3440 35.4080 58
35.4400 35.7600 57
35.9520 36.4960 57
37.1040 37.1680 53
37.2000 37.2960 55
37.3280 37.5200 56
37.5520 38.4800 57
38.5120 38.5760 56
38.6080 38.7360 55
38.7680 38.8000 53
38.8320 39.2800 52
40.9120 40.9440 49
40.9760 41.0400 51
41.2320 41.5520 56
41.5840 41.7120 57
41.7440 41.7760 56
41.9360 42.5120 57
42.5440 42.5760 58
42.6080 42.8000 59
42.9280 43.1520 60
43.1840 43.2800 59
43.3120 43.3760 60
43.4080 44.1440 62
44.2400 44.4320 59
44.4640 44.7520 57
44.7840 44.9440 55
44.9760 46.0640 57
48.5600 48.6240 51
48.6560 48.7840 52
48.8160 48.9440 55
49.0720 49.1680 55
49.2000 49.7440 56
49.7760 49.8720 57
50.4480 50.6720 59
50.7040 50.8640 60
50.8960 51.1840 58
51.2160 51.9840 59
52.0160 52.4320 57
52.5600 52.7200 63
52.7520 54.8960 64
56.2080 56.2400 62
56.2720 56.4000 63
56.4320 56.5600 64
56.5920 58.0960 62
58.1280 58.6720 60
58.8000 59.4080 62
59.9520 60.1440 60
60.1760 60.4000 57
60.4320 60.5280 62
60.5600 60.6560 63
60.6880 63.2160 64
63.6320 63.7920 57
63.8240 63.8560 59
63.8880 64.1440 60
64.1760 64.3360 57
64.3680 64.4000 58
64.4320 65.7440 59
65.8720 66.2560 57
66.4480 66.8320 57
66.8640 67.0240 56
67.5680 67.5680 53
67.6000 67.8880 59
67.9200 69.2000 57
71.5360 71.6320 59
71.8880 71.9840 59
72.0160 72.5600 60
72.5920 72.6240 58
72.6560 73.2320 57
73.2640 73.2960 58
73.3280 73.5200 59
73.5520 73.8080 60
73.8400 74.7040 62
74.7360 75.0560 60
75.0880 75.1200 61
75.1520 75.5040 62
75.5360 77.8080 64
78.9600 79.1840 64
79.2160 79.3760 63
79.4080 80.1760 62
80.8160 81.2000 60
81.3920 81.4240 60
81.4560 81.4880 61
81.5200 82.4800 62
82.7680 82.8960 62
82.9280 83.1200 64
83.3120 83.4400 58
83.4720 85.4880 59
86.5440 86.7680 64
86.8000 86.8320 63
86.8640 86.9280 62
87.0560 87.2160 63
87.2480 87.9840 64
88.0160 88.1760 68
88.2080 90.3520 69
94.2240 94.5440 59
94.7040 94.8640 61
94.8960 95.3120 62
95.4720 96.0160 60
96.1760 96.6240 59
96.6560 97.0400 57
97.0720 97.1040 56
97.1360 97.4240 55
97.4560 97.7120 56
97.8720 98.0000 58
98.0320 98.3520 59
98.3840 98.4800 55
98.5120 98.5440 56
98.5760 100.2080 57
101.2640 101.3600 62
101.3920 101.5520 63
101.5840 101.7760 62
101.8080 102.1600 60
102.1920 102.5760 62
106.1280 106.1920 55
106.2240 106.2880 56
106.4480 106.5120 56
106.6720 106.8320 57
106.8640 106.9280 54
110.0960 110.1920 62
110.2880 110.3840 63
120.9760 121.0400 62
126.3520 128.0480 55
128.4640 128.4960 48
128.5280 128.5920 50
128.7840 128.8160 55
128.8480 129.3280 56
129.3600 130.1280 57
130.1600 130.5440 59
130.5760 130.8960 60
130.9280 131.6960 62
131.8880 132.3360 57
132.3680 132.4960 55
132.5280 133.6800 57
136.1120 136.3360 51
136.3680 136.4960 54
136.6240 136.7520 56
136.7840 137.0080 57
137.0400 137.2960 56
138.0000 138.4480 60
138.4800 138.6720 58
138.7040 139.3120 59
139.4400 139.6000 59
139.6320 139.6960 58
139.7280 140.1440 57
140.1760 140.2080 62
140.2400 140.4000 63
140.4320 142.6080 64
143.7920 143.8880 63
143.9200 144.1760 64
144.2080 145.7440 62
145.7760 146.2880 60
146.4480 147.0560 62
147.5680 147.7600 61
147.7920 147.9200 58
148.0480 150.0640 64
151.2480 151.3440 57
151.3760 151.4720 59
151.5040 151.7600 60
151.7920 151.8880 57
151.9200 151.9840 58
152.0160 152.7520 59
153.0080 153.3920 59
153.5520 153.8720 57
154.0640 154.6080 57
155.1840 155.1840 49
155.2160 155.2160 51
155.2480 155.3120 55
155.3440 155.6640 56
155.6960 156.5600 57
159.3440 159.4400 55
159.5680 160.0800 56
160.1120 160.5920 57
160.6240 160.8800 59
161.0080 161.3600 60
161.3920 161.7440 62
162.2560 162.3200 65
162.3520 162.9600 67
162.9920 163.8560 69
163.8880 164.6240 63
164.6560 164.7520 61
164.7840 165.1040 56
166.5760 166.8000 52
166.8320 166.9600 56
167.0880 167.2800 55
167.3120 167.9840 57
168.4960 169.8080 59
169.9680 170.0640 59
170.0960 170.6080 57
170.6400 170.7680 63
170.8000 172.4000 64
172.4320 172.4640 63
174.2240 174.3200 63
174.3520 174.6400 64
174.6720 176.2400 62
176.3680 176.7200 60
176.8800 177.4240 62
178.0320 178.2560 60
178.2880 178.4480 57
178.4800 178.6080 62
178.6400 178.7040 63
178.7360 179.0560 64
179.0880 179.3760 63
179.4080 181.1360 64
181.1680 181.2640 63
181.7440 181.7760 56
181.8080 181.8400 58
181.8720 183.2160 59
183.7280 183.8560 58
183.9840 184.3360 57
184.4960 184.8480 57
184.8800 185.0720 56
185.6800 185.9360 60
185.9680 187.3120 57
189.6160 189.6480 56
189.6800 189.7440 59
189.9680 190.6720 60
190.7040 191.1840 57
191.2160 191.4080 58
191.4400 191.6000 59
191.6320 191.9200 60
191.9520 192.7840 62
192.8160 193.2000 60
193.2320 193.5840 62
193.6160 195.9520 64
195.9840 196.1120 63
197.0720 198.8320 69
199.0240 199.1520 62
199.1840 199.3120 64
199.5040 199.9200 62
200.8800 201.0080 63
201.0400 201.2000 64
201.3920 201.6160 58
201.6480 203.4080 59
203.4400 203.6320 58
204.6240 204.7520 64
204.7840 205.0400 63
205.1680 205.2960 63
205.3280 205.9680 64
206.8000 207.0240 71
207.1520 207.5040 71
208.7520 209.0400 67
209.0720 209.6480 69
209.6800 210.8960 68
210.9280 211.2800 69
211.3120 211.3760 68
212.8160 212.8800 60
212.9120 213.3600 62
213.5840 214.0960 60
214.2240 214.7040 59
214.7360 215.1200 57
215.1520 215.1840 56
215.2160 215.7920 55
216.0480 216.1760 58
216.2080 216.5600 59
216.5920 216.7840 56
216.8160 217.5200 57
217.6480 217.7440 58
217.7760 218.0000 57
219.9520 219.9840 62
220.0160 220.3360 64
220.5280 220.5920 62
220.9120 221.1360 63
223.8240 223.9840 62
224.2400 224.5600 57
224.5920 224.6240 55
224.8160 225.4240 57
225.4560 226.0000 59
231.6960 232.7520 67
232.7840 232.8480 65
232.8800 234.5760 66
234.6080 234.8640 64
234.8960 235.4720 62
235.5040 235.6000 63
235.6320 237.6160 64
237.6480 237.9040 69
309.0080 309.0720 69
319.3760 319.4400 71
319.4720 320.0480 66
320.2720 320.3680 69
320.4000 320.6560 65
320.6880 320.7840 63
322.8000 322.8640 63
323.0240 323.1200 62
323.1520 323.3120 60
