12.0480 12.1440 56
12.5600 12.8800 56
23.8240 23.8560 57
23.8880 23.9520 58
23.9840 24.1440 59
24.2720 24.7520 61
24.7840 24.8800 62
24.9120 25.0720 61
25.1040 25.2960 60
25.7760 25.8720 59
25.9040 25.9680 58
26.0000 26.0960 57
26.1280 26.2880 58
26.3200 26.4160 57
26.4480 26.6080 56
26.6400 26.7680 55
26.8000 27.1200 56
29.4240 29.4560 55
29.4880 29.6480 56
29.7760 30.1280 59
30.1600 30.6080 61
30.6400 30.7360 62
30.7680 31.0560 60
31.0880 31.1840 61
31.6000 31.7280 57
31.7600 31.9520 59
31.9840 32.1760 61
32.2080 32.3360 60
32.3680 32.4320 61
32.4640 32.5280 62
32.5600 33.6480 63
33.6800 33.8080 62
33.8400 33.9040 63
35.2160 35.2480 54
35.2800 35.3120 55
35.3440 35.4720 56
35.5040 35.6000 57
35.6320 35.9520 59
35.9840 36.4000 61
36.4320 36.5920 62
36.7840 36.8160 60
36.8480 37.2960 61
37.4880 37.6800 59
37.7120 37.7760 57
37.8080 38.0320 58
38.0640 38.6400 56
38.9280 39.1520 62
39.1840 39.5040 63
39.5360 39.6000 61
39.7920 39.8240 63
39.9200 40.0160 63
40.5600 40.6880 62
40.7200 40.9120 63
40.9440 40.9760 62
41.1360 41.2000 61
41.8400 42.0640 61
42.0960 42.4160 59
42.6080 42.7680 59
42.8000 42.9920 60
43.0240 43.1200 61
43.2800 43.3760 59
43.4080 43.5680 57
43.6000 43.6640 58
43.6960 43.7920 59
43.8240 43.8560 58
44.0160 44.2720 56
44.3040 44.6560 55
44.6880 44.8160 54
46.9600 46.9920 58
47.0240 47.3760 59
47.4080 47.4400 60
47.4720 49.0400 61
49.1680 49.3600 59
49.3920 49.8080 58
49.8400 49.9680 57
50.0000 50.2880 58
50.3200 50.4800 59
50.6080 51.4720 61
51.5040 51.5360 62
51.5680 52.2400 63
52.2720 52.5920 62
53.1680 53.2000 66
53.2320 53.2640 67
53.2960 54.1600 68
54.1920 54.4160 66
54.4480 54.6720 68
54.7040 55.1520 66
55.3440 55.4720 66
55.5040 55.6000 67
55.6320 55.6640 65
55.6960 57.5200 63
58.9600 59.0240 56
59.0560 59.0880 59
59.1200 59.9520 61
59.9840 60.0800 59
60.1120 60.3360 61
60.3680 60.4640 59
60.4960 60.5600 61
60.5920 60.7200 62
60.7520 61.0400 59
61.0720 61.4240 58
61.4560 61.4560 56
61.5520 61.6160 56
61.6480 61.9360 58
61.9680 62.1600 59
62.1920 62.2240 60
62.2560 63.2160 61
63.3760 63.4400 59
63.4720 63.6960 58
63.8560 63.9520 56
63.9840 64.1120 57
64.1440 64.3360 63
64.5280 64.6240 61
64.6560 64.9440 62
64.9760 65.0400 60
65.2320 65.4560 61
65.5840 65.6160 58
65.6480 66.2560 59
66.2880 66.5120 60
66.5440 66.5760 58
66.6080 67.0240 56
67.0560 67.2800 58
67.3120 67.4720 56
67.5040 68.4320 55
70.3200 70.4160 66
70.4480 70.5440 68
70.5760 70.5760 66
70.7040 70.9280 66
70.9600 70.9920 67
71.0240 71.2800 68
71.3120 71.3760 66
71.4080 71.5040 68
71.5360 71.5680 70
71.6000 71.6960 71
71.7280 72.2720 70
72.3040 72.3040 68
72.4640 72.6880 68
72.8800 73.4880 66
73.5200 73.7440 68
73.7760 73.7760 66
73.9360 74.0000 67
74.0320 74.3840 66
74.4160 74.5120 65
74.5440 74.9920 63
75.0240 75.2800 62
76.1760 76.3040 61
76.3360 76.4000 62
76.5920 76.8800 61
77.0080 77.1680 63
77.2960 77.4560 66
77.4880 77.5840 68
77.6160 78.0320 66
78.3520 78.6400 63
78.6720 79.2800 61
79.3120 79.5040 60
79.5360 80.3040 63
80.3360 80.4000 65
80.4320 80.5600 63
80.5920 80.7520 64
80.7840 81.1040 63
81.9680 82.0960 66
82.1280 82.1600 67
82.1920 82.2880 68
82.3200 82.8640 66
82.8960 83.0560 68
83.0880 83.1520 72
83.1840 83.5040 71
83.5360 83.8560 70
84.2400 84.6880 71
84.7200 84.8160 73
84.8480 84.8800 72
84.9120 85.5840 71
85.6160 85.8080 68
85.8400 86.0640 70
86.0960 86.9280 68
86.9600 87.1200 67
87.8880 88.0480 58
88.0800 88.2400 59
88.2720 88.5280 61
88.6560 88.9440 63
88.9760 89.0400 67
89.0720 89.1040 70
89.1360 89.3280 71
89.3600 89.9040 70
89.9360 89.9680 69
90.0000 90.3840 68
90.4160 91.2480 66
91.2800 93.1040 68
105.4560 105.8720 56
106.0640 106.1920 59
106.2240 107.3760 61
107.4080 107.8560 59
108.0800 108.2400 58
108.4000 109.1680 56
109.2000 109.7440 55
111.4400 111.5040 55
111.5360 111.6960 56
111.7280 112.0160 59
112.0480 112.4960 61
112.5280 112.6560 62
112.8160 113.1360 61
113.1680 113.2320 60
113.4880 113.5520 56
113.5840 113.6800 58
113.7120 113.8720 59
113.9040 114.0960 61
114.1280 114.1600 60
114.2880 114.4160 61
114.4480 116.0800 63
117.2640 117.3920 55
117.5520 117.8720 59
117.9040 118.5440 61
118.6720 118.9600 61
119.3120 119.6000 59
119.6320 119.7600 57
119.7920 119.9520 58
119.9840 120.4320 56
120.8480 121.0720 61
121.1040 121.1360 62
121.1680 121.5520 63
121.6160 121.6480 63
121.6800 121.7760 64
121.8080 122.1280 63
122.6720 122.9280 63
123.0560 123.2160 61
123.2480 123.4400 62
123.4720 123.6320 63
123.6640 123.7280 62
123.7600 123.9840 61
124.0160 124.1120 58
124.1440 124.3040 59
124.3360 124.3680 57
124.5280 124.7520 59
124.7840 124.8800 60
124.9120 125.0080 61
125.0400 125.0720 60
125.1040 125.4560 57
125.4880 125.8080 58
125.8400 126.9280 56
126.9600 127.9200 55
128.9120 129.0080 58
129.0400 129.3280 59
129.3600 130.8000 61
130.8320 130.9280 62
130.9600 130.9920 59
131.1200 131.3120 59
131.3440 131.4080 57
131.4400 131.6960 58
131.7280 132.1120 57
132.1440 132.2400 58
132.2720 132.4640 59
132.4960 132.5280 60
132.5600 133.1680 61
133.2960 133.4560 61
133.4880 134.1600 63
134.1920 134.4160 62
134.4480 134.6720 63
135.0560 135.0880 66
135.1200 135.1840 67
135.2160 136.0800 68
136.1120 136.3680 66
136.4000 136.5920 68
136.6240 136.6560 67
136.6880 137.0720 66
137.2640 137.3920 66
137.4240 137.5200 67
137.5520 137.5840 65
137.6160 139.4720 63
140.8480 140.9760 57
141.0080 141.0400 60
141.0720 141.5200 61
141.6480 141.9040 61
142.0000 142.2560 61
142.2880 142.3840 59
142.4160 142.5120 61
142.5440 142.6400 62
142.6720 142.9920 59
143.0240 143.3440 58
143.3760 143.5360 57
143.5680 144.0480 58
144.0800 144.1440 59
144.1760 144.8480 61
144.8800 145.0080 60
145.0400 145.3920 61
145.4240 145.5520 60
145.5840 145.6480 59
145.9040 145.9680 60
146.0960 146.2560 63
146.4480 146.5760 61
146.6080 146.9280 62
147.1840 147.3760 61
147.5680 148.0160 59
148.0480 148.4320 60
148.4640 148.4960 58
148.5280 148.9440 56
148.9760 149.2000 58
149.2320 149.4880 56
149.5200 150.3840 55
152.2720 152.4000 66
152.4320 152.5280 68
152.5600 152.5600 66
152.6880 152.9760 66
153.0080 153.2320 68
153.2640 153.3280 64
153.3600 153.4880 68
153.5200 153.6800 71
153.7120 154.2560 70
154.2880 154.2880 68
154.4480 154.6400 68
154.8640 155.4720 66
155.5040 155.6960 68
155.7280 155.9520 67
155.9840 156.3680 66
156.4000 156.4320 65
156.4640 156.4960 64
156.5280 157.0080 63
157.0400 157.3920 62
157.8720 158.1280 55
158.1600 158.1600 57
158.1920 158.2240 61
158.2560 158.4160 62
158.5760 158.8000 61
158.9280 159.1520 63
159.2800 159.3760 66
159.4080 159.5360 67
159.5680 160.1120 66
160.3680 160.6240 63
160.6560 161.3280 61
161.3600 161.4560 60
161.4880 163.0560 63
163.9840 164.1120 66
164.1440 164.2720 68
164.3040 164.3680 67
164.4000 164.8480 66
164.8800 165.1040 68
165.1360 165.4880 71
165.5200 165.7120 70
165.7440 165.9360 71
166.2240 166.6400 71
166.6720 166.8000 73
166.8320 167.5680 71
167.6000 167.7600 68
167.7920 168.0480 70
168.0800 169.0400 68
169.0720 169.1360 67
169.8720 169.9680 58
170.0000 170.1920 59
170.2240 170.4800 61
170.6400 170.9280 63
170.9600 170.9920 68
171.0240 171.0880 69
171.1200 171.2480 71
171.3760 171.9200 70
171.9520 172.3040 68
172.3360 172.3680 67
172.4000 173.2640 66
173.2960 175.3440 68
175.5680 175.6320 68
182.8320 182.8960 68
189.5840 189.8400 68
190.2880 190.3520 68
199.1200 199.2480 66
199.2800 199.3760 68
199.4080 199.4080 65
199.5360 199.7600 66
199.7920 199.8240 67
199.8560 200.0800 68
200.1120 200.2080 64
200.2400 200.3360 68
200.3680 200.4960 71
200.5280 201.1040 70
201.1360 201.1360 68
201.2960 201.5200 68
201.7120 202.3200 66
202.3520 202.6400 68
202.7680 203.2800 66
203.3120 203.8880 63
203.9200 204.1760 62
204.9440 204.9760 57
205.0080 205.0720 61
205.1040 205.2320 62
205.3920 205.7120 61
205.7440 206.0000 63
206.1280 206.2560 66
206.2880 206.3840 68
206.4160 206.9280 66
207.2160 207.4400 63
207.4720 208.2080 61
208.2400 208.3360 59
208.3680 209.3280 63
209.3600 209.7440 65
209.7760 209.8080 63
209.8400 210.0000 59
210.7680 210.9600 66
210.9920 211.0880 68
211.1200 211.6000 66
211.6320 211.9200 68
211.9520 212.6560 71
213.0080 213.4240 71
213.4560 213.6160 73
213.7440 214.3200 71
214.4480 214.5440 68
214.5760 214.8000 70
214.8320 215.8560 68
216.6880 216.8160 58
216.8480 216.9760 59
217.0080 217.0400 60
217.0720 217.2960 61
217.4560 217.7440 63
217.7760 217.8080 68
217.8400 217.9040 69
217.9360 218.0640 71
218.2240 218.4160 58
218.4480 218.5760 59
218.7360 218.8320 67
218.8640 219.0240 68
219.0560 219.1520 67
219.1840 220.0800 66
220.1120 221.7440 68
222.5120 222.6400 66
222.6720 222.8000 68
222.9280 223.1520 66
223.1840 223.2160 67
223.2480 223.4720 68
223.5040 223.5680 64
223.6000 223.6000 66
223.6320 223.7280 68
223.7600 224.4960 70
224.5280 224.5280 68
224.6880 224.9120 68
225.1040 225.7120 66
225.7440 226.0320 68
226.1600 226.6080 66
226.6400 226.7040 65
226.7360 226.7680 64
226.8000 227.2800 63
227.3120 227.5360 62
228.3360 228.4320 61
228.4640 228.5920 62
228.7520 229.0080 61
229.1040 229.1360 62
229.1680 229.4240 63
229.4560 229.6160 66
229.6480 229.7440 68
229.7760 229.9040 66
229.9360 230.1600 67
230.5760 230.6400 62
230.6720 230.7680 63
230.8000 230.9280 60
230.9600 231.4720 61
231.5040 231.6320 60
231.6640 231.8560 63
231.8880 232.0160 65
232.0480 232.0800 64
232.1120 232.4640 63
232.4960 233.1040 65
233.1360 233.2320 66
234.1600 234.3520 67
234.3840 234.4800 68
234.5120 234.8320 66
234.8640 235.0560 67
235.0880 235.3120 68
235.3440 235.7600 71
235.7920 235.9200 70
235.9520 236.0480 71
236.4320 236.8800 71
236.9120 237.0080 73
237.0400 237.0720 72
237.1040 237.7760 71
237.8080 238.0000 68
238.0320 238.2560 70
238.2880 239.3120 68
239.4720 239.5360 67
240.0800 240.2080 58
240.2400 240.4320 59
240.4640 240.6880 61
240.8480 241.0720 63
241.1360 241.1680 63
241.2000 241.2640 69
241.2960 241.4560 71
241.6160 242.0960 70
242.1280 242.1600 68
242.1920 242.2560 67
242.2880 242.4160 68
242.4480 242.5760 67
242.6080 243.4720 66
243.5040 245.1680 68
245.9680 246.0960 58
246.1280 246.3200 59
246.3520 246.6080 61
246.7680 247.0560 63
247.0880 247.0880 66
247.1200 247.2160 69
247.2480 247.4080 71
247.5360 247.9520 70
249.6800 250.0960 68
250.1280 250.8960 66
250.9280 250.9600 67
250.9920 256.0160 68
256.1760 256.3680 68
