22.3200 22.3840 59
22.4160 22.5120 58
22.5440 22.8640 57
23.0240 23.0880 63
23.1200 23.6640 64
23.6960 23.8560 63
23.8880 23.9840 62
24.0160 25.4240 61
25.4560 25.8720 60
26.0320 26.1920 60
27.0240 27.5040 61
27.5360 27.6000 60
27.6320 27.9200 59
27.9520 28.1120 60
28.1440 28.3040 61
28.3360 28.4000 60
28.4320 28.4960 59
28.5280 28.5600 58
28.5920 30.0960 56
31.1200 31.3120 57
31.9200 32.0800 56
32.3040 32.3360 67
32.3680 33.1040 68
33.1360 35.2160 66
36.0480 36.1760 66
36.2080 36.4640 67
36.6240 36.7840 66
36.8160 36.8800 65
36.9120 37.1360 64
37.2640 37.5840 66
37.6160 37.6480 65
37.6800 37.7120 64
37.7440 37.8400 63
37.8720 37.9680 62
38.0000 40.0800 61
41.0400 41.4560 73
41.4880 41.5840 72
41.6160 42.2560 71
42.2880 42.5440 72
42.5760 42.6400 71
42.6720 44.9120 68
45.4880 45.7760 66
45.8080 45.8720 65
45.9040 46.0640 64
46.1920 46.7680 66
46.8000 47.0560 71
47.0880 47.1200 70
47.1520 47.1840 69
47.2160 49.3600 68
50.1600 50.4800 56
50.8320 51.6640 68
51.6960 51.9200 70
51.9520 54.0640 66
54.8320 55.3760 64
55.4080 56.1760 66
56.3040 56.4000 68
56.4320 56.5280 67
56.5600 58.6080 61
59.5040 60.0480 73
60.0800 60.3360 71
60.3680 60.8160 73
60.9760 61.0400 70
61.0720 61.5200 68
61.8400 61.9360 66
61.9680 62.2880 64
62.3200 62.6400 66
62.6720 62.8320 67
62.8640 63.0880 68
63.4080 63.4720 62
63.6000 63.8240 61
64.1440 64.3360 64
64.3680 64.4320 63
64.4640 64.6240 61
64.6560 64.7200 62
64.7520 64.8800 64
64.9120 65.2960 65
65.3280 65.4560 66
65.4880 65.5840 67
65.6160 65.6160 69
65.6480 65.8080 71
65.8400 66.1280 68
66.5120 66.7360 68
66.7680 66.9920 71
67.0240 67.0560 72
67.0880 67.2800 73
67.3120 67.4720 71
67.5040 67.8880 68
67.9200 68.1440 71
68.1760 68.2720 72
68.3040 68.8800 73
68.9120 69.1360 70
69.1680 69.2640 68
69.2960 69.5840 67
69.9040 70.1920 64
70.2240 70.4800 67
70.5120 72.5920 68
72.6240 72.6880 69
72.7200 72.8800 71
72.9120 72.9120 67
72.9440 72.9440 64
72.9760 74.5440 61
75.7920 77.1360 73
77.1680 78.2880 71
78.3200 78.3520 69
78.3840 78.4160 67
78.4480 79.6960 66
80.3680 80.4320 63
80.4640 80.5280 64
80.6560 80.8800 67
80.9120 81.0720 68
81.1040 81.2000 69
81.2320 81.5200 71
81.5520 81.7120 73
81.7440 81.9040 72
81.9360 82.0640 69
82.0960 84.1120 68
85.0080 85.2640 66
85.2960 85.4880 65
85.6160 85.7120 65
85.7440 86.5760 66
87.3440 87.5360 68
87.5680 87.7920 66
87.8240 87.8880 65
87.9200 88.4960 64
88.5280 89.0400 63
89.0720 89.1040 62
89.1360 91.8880 61
92.8800 93.0720 59
93.1040 93.1680 61
93.4560 93.7120 71
93.7440 95.5040 73
95.5360 95.8880 74
96.6240 96.9120 64
96.9440 97.0720 66
97.1040 97.2000 67
97.2320 97.3920 68
97.5200 97.9360 71
97.9680 98.1600 64
98.1920 99.3440 61
99.3760 99.5680 60
99.6000 102.5760 61
122.2880 122.4160 56
122.4480 122.5120 57
122.7040 123.4080 64
123.4400 123.6320 63
123.6640 123.7600 62
123.7920 125.0720 61
125.1040 125.5840 60
125.6160 126.5440 61
126.7680 127.2800 61
127.3120 127.3760 60
127.4080 127.6640 59
127.7920 128.1120 61
128.1440 128.2080 60
128.2400 128.3040 59
128.3360 128.3680 58
128.4000 128.4640 57
128.4960 130.1280 56
130.1600 130.2560 57
130.5440 131.0560 62
131.6640 131.8560 56
132.0800 132.9760 68
133.0080 135.2480 66
135.7920 136.2080 68
136.4000 136.6240 66
136.6560 136.9120 64
136.9440 137.4240 66
137.4560 137.5200 65
137.5520 137.6160 63
137.6480 139.6960 61
140.7520 141.1360 73
141.2960 142.0000 71
142.0320 142.3200 72
142.3520 142.4160 69
142.4480 144.1760 68
144.5600 144.6880 68
145.3600 145.5840 66
145.6160 145.8080 65
145.9680 146.0000 65
146.0320 146.1600 66
146.1920 146.4480 67
146.4800 146.8320 71
146.8640 149.1680 68
149.2000 149.2960 67
149.9040 150.3520 56
150.3840 150.4480 57
150.4800 150.5440 59
150.5760 150.5760 62
150.6080 150.7040 67
150.7360 151.3440 68
151.3760 151.5680 71
151.7600 153.5520 66
153.5840 153.8400 67
154.6400 155.0560 64
155.0880 156.0160 66
156.0480 156.1760 68
156.2080 156.2400 67
156.3680 157.2640 61
157.2960 157.5200 60
157.5520 158.3200 61
159.1520 159.7600 73
159.7920 160.2400 71
160.2720 160.7200 73
160.7520 160.8800 71
160.9120 161.2640 68
161.5520 161.6480 66
161.6800 161.7440 65
161.8720 162.0320 64
162.1600 162.2560 66
162.2880 162.5760 67
162.6080 162.9600 68
162.9920 163.0880 67
163.1200 163.2160 65
163.3440 163.5680 61
163.8880 164.0800 64
164.1120 164.4000 61
164.4320 164.5920 64
164.6240 164.9760 65
165.0080 165.1360 66
165.1680 165.2960 67
165.3280 165.5520 71
165.5840 166.4480 68
166.4800 166.7680 71
166.8000 166.9920 73
167.0240 167.1520 71
167.1840 167.2800 70
167.3120 167.6320 68
167.6640 167.8880 71
167.9200 168.0160 72
168.0480 168.1440 73
168.1760 168.4960 74
168.5280 168.7520 71
168.7840 169.0400 68
169.0720 169.1680 67
169.2000 169.3280 66
169.6480 169.8400 64
169.8720 170.0000 65
170.0320 170.3840 67
170.4160 172.3040 68
172.3360 172.4640 69
172.4960 172.6240 71
172.6560 172.6560 69
172.6880 174.7040 61
175.5040 176.7520 73
176.7840 178.2240 71
178.4160 179.4400 66
180.0480 180.1760 63
180.2080 180.4320 65
180.4640 180.8160 67
180.9440 181.2640 71
181.2960 181.4240 73
181.4560 181.5840 71
181.7120 184.0800 68
184.7840 185.0080 66
185.0400 185.2320 64
185.3600 186.2560 66
187.0880 187.3120 67
187.3440 187.5680 66
187.6000 187.6640 65
187.6960 188.1760 64
188.2080 188.4960 63
188.5280 191.6000 61
192.6240 192.8800 59
192.9120 193.0080 61
193.2000 193.3920 71
193.4240 193.4560 72
193.4880 194.8320 73
194.8640 195.3760 74
195.4080 195.7600 73
196.3680 196.6240 64
196.6560 196.9120 66
196.9440 197.1040 68
197.2320 197.7120 71
197.8400 197.9360 63
197.9680 200.1760 61
200.9760 202.2240 73
202.2560 202.5760 71
202.7360 203.6960 71
203.7280 203.7600 69
203.7920 204.4000 67
204.4320 204.9440 66
205.6800 205.8080 64
205.9360 206.1600 66
206.1920 206.4480 68
206.4800 206.7360 71
206.7680 206.8000 72
206.8320 206.9600 73
206.9920 207.0880 72
207.2800 209.6800 68
210.2560 210.4160 66
210.5760 210.7360 65
210.8960 211.6640 66
212.5920 212.8160 68
212.8480 213.0400 66
213.0720 213.1360 65
213.1680 213.5840 64
213.6160 213.9680 63
214.0000 214.0640 62
214.0960 216.4640 61
216.4960 216.9440 60
218.1280 218.2880 59
218.3200 218.5760 61
218.7040 218.9600 71
218.9920 221.2640 73
221.9040 222.1600 64
222.1920 222.4480 66
222.4800 222.6080 68
222.7360 223.2480 71
223.4080 226.5120 61
226.6400 226.7680 61
