41.4560 41.5520 54
41.9040 41.9680 60
42.0000 42.0640 61
42.0960 42.8960 62
42.9280 43.2160 61
43.3440 44.0160 59
44.0480 44.2080 58
44.3680 44.4640 57
44.6240 44.6560 57
45.0400 45.4560 57
48.0480 48.1120 53
48.1440 48.2720 54
48.4640 48.6240 57
48.6560 49.5520 59
49.8080 50.0000 57
50.0320 50.2240 56
50.2560 50.3520 55
50.5440 50.8000 55
51.1200 51.1840 57
51.4080 51.5680 57
51.8560 52.1440 57
55.3120 55.4400 61
55.4720 56.4640 62
56.4960 56.6560 61
56.7840 57.1360 59
58.0640 58.4160 59
58.4480 58.7680 62
58.8000 58.8640 63
58.8960 59.9520 64
60.0800 60.1760 64
60.2080 60.4640 65
60.4960 61.0080 64
61.6160 62.0000 59
62.0320 62.0960 61
62.2560 62.3840 61
62.4160 62.9280 62
63.0560 63.3120 62
63.4400 63.6960 62
63.9200 64.2400 61
64.2720 64.3040 60
64.3360 64.7520 59
64.9120 65.4240 57
65.4560 65.4880 58
65.5200 66.5440 59
68.8800 69.0080 60
69.0400 70.0320 62
70.0640 70.3200 61
70.3520 71.0880 59
71.4400 71.6960 59
72.0800 72.4640 57
75.1520 75.5680 54
75.6000 75.6640 56
75.6960 75.7920 57
75.8240 76.5920 59
76.8160 77.0720 57
77.2320 77.3600 55
77.7120 77.7760 55
78.0320 78.3840 55
78.4160 78.5760 56
78.8000 79.2480 57
79.6640 80.1440 54
81.9360 82.0000 54
82.3520 82.4480 60
82.4800 83.4080 62
83.6320 83.6960 61
83.8560 84.0480 59
84.2080 84.4960 59
85.2640 85.4560 59
85.4880 85.8720 62
85.9040 86.4160 64
86.5440 86.9920 64
87.0240 87.1520 66
87.1840 87.2160 63
87.2480 87.6000 64
87.6960 87.9520 64
88.6880 88.7520 59
88.9120 89.2320 61
89.2640 91.5360 62
91.6640 91.8880 59
91.9200 91.9520 60
91.9840 92.0160 61
92.0480 92.1440 62
92.2720 92.4000 62
92.4320 95.1520 64
95.1840 95.6000 63
95.8240 95.9200 68
95.9520 96.0480 69
96.0800 96.6240 68
96.7840 96.8800 65
96.9120 98.0320 66
98.0640 98.2240 67
98.2560 98.4800 68
98.5120 98.8000 67
98.8320 99.0560 69
99.1840 99.3120 69
99.3440 99.5040 70
99.6320 99.9520 69
100.1440 100.1760 66
100.2400 100.2720 66
100.4320 102.6080 69
102.9920 102.9920 61
103.1200 103.1200 59
103.4080 103.4080 59
103.4400 103.5360 63
103.6640 103.7280 66
104.0800 104.5600 66
105.1040 105.2320 62
105.2640 105.2960 63
105.3280 105.9040 66
105.9360 106.0000 69
106.0320 106.0640 70
106.0960 106.2560 71
106.3520 106.4800 69
106.7680 106.8960 69
106.9280 107.1520 71
107.1840 109.0400 69
110.0640 110.3200 62
110.4480 111.7600 62
111.7920 111.9200 60
111.9520 111.9840 59
112.0160 112.1120 58
112.1440 112.4640 59
112.4960 112.5920 62
112.6240 112.6560 61
112.7840 112.8480 64
112.8800 112.9120 65
112.9440 113.2320 66
113.3600 113.4240 66
113.5840 113.7440 64
113.7760 113.9360 63
113.9680 114.8640 62
114.9600 114.9600 62
115.0560 115.0880 62
115.5040 115.6000 58
115.6320 115.8560 59
115.8880 116.1440 62
116.1760 116.2720 66
116.3040 117.7440 64
117.9680 118.0320 62
118.2240 118.4160 62
118.4480 118.4480 64
118.5760 118.8000 64
118.9280 119.1840 62
119.3440 119.4720 62
119.5040 121.2000 64
121.2640 122.0320 64
122.2880 122.5760 64
122.8640 123.1520 68
123.3440 123.4720 69
123.8240 125.1360 66
125.1680 125.3280 67
125.3600 125.5520 68
125.5840 125.7440 66
125.7760 125.8080 68
125.8400 126.0640 69
126.2240 126.3520 69
126.3840 126.4800 70
126.6400 126.9280 69
126.9600 126.9920 68
127.0240 127.0880 67
127.4720 129.3600 57
129.6160 129.6800 69
129.8080 129.9040 72
130.2880 130.4800 71
130.6720 130.8640 65
130.8960 131.5360 66
131.5680 131.6000 65
132.3680 132.9440 66
132.9760 133.0720 69
133.1040 133.2640 71
133.2960 133.3280 70
133.3600 133.6800 69
133.8400 133.9680 69
134.0000 134.0960 71
134.2560 135.1200 69
135.1840 136.1760 69
136.6880 139.3440 62
139.5040 139.7600 62
139.7920 139.8240 63
139.8560 139.9200 64
139.9520 140.4000 66
140.4320 140.5280 64
140.7200 140.9760 64
141.0080 141.0720 63
141.1040 141.7760 62
141.8080 141.8720 61
142.5760 142.9280 59
142.9600 143.2160 62
143.2480 143.3440 65
143.3760 143.6320 64
143.7920 143.8880 64
144.0480 144.0800 63
144.1120 144.3040 64
144.3360 144.3680 63
144.4000 144.7520 62
144.7840 144.8800 63
144.9120 145.0080 64
145.1360 145.3600 64
145.5520 145.8400 64
145.8720 146.0640 62
146.3200 146.4480 62
146.4800 146.7680 64
146.8000 146.8320 63
146.9280 149.3600 62
149.3920 149.5200 63
149.5520 149.5840 62
149.9040 149.9040 58
150.1920 150.3200 60
150.3520 151.2160 61
151.2480 151.4080 62
151.4400 152.5280 61
153.1040 153.1680 63
154.9280 155.1840 69
155.6320 156.2400 69
156.3680 156.5600 69
156.8480 156.9120 67
157.0400 157.9680 66
158.3840 158.4160 67
158.9920 159.0880 66
165.5840 165.7120 67
165.7440 165.8400 70
166.3840 166.4480 69
166.4800 166.5120 67
168.4960 168.6240 64
168.6560 169.4880 63
169.9680 170.0640 63
170.0960 170.3520 65
173.7440 173.9040 69
174.0640 174.1280 65
174.3200 174.4800 62
174.5120 174.8320 65
175.0880 175.1520 68
183.3120 183.4080 54
183.5360 183.6000 54
183.6320 183.7280 56
183.7600 183.7920 60
183.8240 185.0720 62
185.1040 185.2640 61
185.2960 185.6480 59
185.8080 186.1920 57
186.2240 186.2560 58
186.2880 186.6720 59
187.0560 187.2800 57
190.2560 190.3520 55
190.4800 191.0240 59
191.2160 191.2800 59
191.6960 192.0480 57
193.1680 193.7440 57
193.7760 193.8720 58
193.9040 193.9680 59
196.6240 196.6880 54
196.8480 197.1360 54
197.1680 197.2000 57
197.2320 197.2640 60
197.2960 197.3600 61
197.3920 198.3840 62
198.5440 198.6720 61
198.8000 198.8960 59
199.1840 199.3440 60
199.9840 200.2400 59
200.4000 200.7200 62
200.7520 201.0400 63
201.0720 201.3600 64
201.3920 201.5520 63
201.9040 202.0320 66
202.1920 202.4800 64
202.5440 202.5440 63
202.6400 202.6720 62
203.3440 203.5680 57
203.6000 203.6320 58
203.6640 203.7600 59
203.7920 203.8880 61
204.0480 204.2400 62
204.4640 205.3280 62
205.4880 205.8080 62
206.0000 206.1920 62
206.3200 206.4160 62
206.5440 206.8000 59
206.9280 207.2160 62
207.3760 207.4080 62
207.4400 207.5040 63
207.5360 210.4160 64
210.4480 210.5440 63
210.5760 210.8000 64
210.8320 210.8960 67
210.9280 211.0560 68
211.0880 211.0880 66
211.1520 211.3440 67
211.3760 211.5680 68
211.6000 211.6640 65
211.6960 213.5840 66
213.6160 213.6800 67
213.7120 213.9040 69
214.0640 214.1920 69
214.2240 214.3840 70
214.4160 214.8640 69
214.8960 215.2160 66
215.3440 216.8160 69
217.0400 217.1360 69
217.9040 218.1600 59
218.2560 218.3200 59
218.3520 218.3520 62
218.3840 218.4480 64
218.4800 218.6400 66
218.7680 219.5680 66
220.0160 220.0800 65
220.2720 220.4000 65
220.4320 220.8160 66
220.8480 220.9760 69
221.0080 221.1360 71
221.1680 221.2640 70
221.2960 221.5520 69
221.6800 221.8400 69
221.8720 221.9040 63
221.9360 221.9680 59
222.0000 222.0640 58
222.0960 223.9840 57
224.1120 224.1760 60
224.3040 224.8480 62
224.9760 226.6080 62
226.7360 226.8000 61
227.0240 227.3440 59
227.3760 227.6000 61
227.6320 227.6960 64
227.7280 227.7600 65
227.7920 228.3040 66
228.4640 228.8160 64
228.8480 229.4880 62
229.8400 229.8720 60
229.9040 229.9680 59
230.3840 230.4480 58
230.4800 230.7680 59
230.8000 230.8960 62
230.9280 231.0240 61
231.0560 231.0560 63
231.0880 231.1840 65
231.2160 232.5600 64
232.5920 232.6240 63
233.2320 233.4880 62
233.5200 233.8400 63
233.8720 234.3520 62
234.3840 234.4160 63
234.4480 237.6480 64
238.0000 238.0640 67
238.0960 238.1280 65
238.1600 238.2240 64
238.3840 238.5760 68
238.7040 239.7920 66
239.8240 240.1440 67
240.1760 240.3360 68
240.4000 240.4000 67
240.4960 240.6880 66
240.7200 241.2320 69
241.2640 241.4240 70
241.4560 241.8720 69
241.9040 241.9040 67
242.0000 242.0000 66
242.0640 242.1280 66
242.4160 244.4640 57
244.5600 244.5920 58
244.9440 245.3280 59
245.4880 245.5840 65
245.6160 246.3520 66
246.9920 247.0240 63
247.0880 247.1200 63
247.1840 247.2160 63
247.2480 247.2800 64
247.3120 247.4720 65
247.5040 247.7280 66
247.7600 247.8240 65
247.8560 247.9200 69
247.9520 247.9840 70
248.0160 248.1440 71
248.1760 248.3360 70
248.3680 248.5600 69
248.7200 248.8160 69
248.8480 248.9760 71
249.1680 250.9600 57
251.3440 252.0800 62
252.1120 252.1760 60
252.2080 252.2720 61
252.3040 254.2880 62
254.4800 254.4800 60
254.5120 254.7360 62
254.7680 254.8640 65
254.8960 255.1520 66
255.1840 255.2800 65
255.3120 255.4400 64
255.5680 255.8560 64
255.8880 255.9520 63
255.9840 256.9120 62
257.4240 257.7760 59
257.8080 257.8400 61
257.8720 258.1280 62
258.2560 258.5760 64
258.7040 258.8000 64
258.9600 259.1520 64
259.3120 259.6640 62
259.6960 259.9200 63
260.0480 260.0800 63
260.1120 260.3680 64
260.6880 260.7200 64
260.8800 261.0400 62
261.2960 261.3600 62
261.3920 261.4240 63
261.4560 261.5840 64
261.6160 261.6800 63
261.8080 264.7200 62
264.9760 265.1040 68
265.2320 265.2640 66
265.2960 265.5840 67
265.7440 266.8320 66
266.8640 267.1840 67
267.2160 267.4720 68
267.5040 267.5680 66
267.6000 267.7280 67
267.7600 268.0160 69
268.1760 268.3040 69
268.3360 268.4000 71
268.4320 269.0080 69
269.0400 269.2640 66
269.4240 271.2160 69
271.4400 271.6000 70
271.6320 271.7600 72
272.2400 272.4320 59
272.4640 272.5280 63
272.6560 272.7520 66
273.0720 273.5200 66
274.3200 274.8960 66
274.9280 275.0560 69
275.0880 275.3440 71
275.3760 275.6320 69
275.7920 275.8880 69
275.9200 275.9520 63
275.9840 276.1120 59
276.1440 278.0320 57
278.4480 278.4480 62
279.0240 279.0240 59
279.0560 279.2800 62
279.4080 280.3680 62
280.4960 280.4960 62
280.7840 280.8480 62
281.0720 281.4880 59
281.5200 281.6160 62
281.7440 281.8720 64
281.9040 282.3840 66
282.5440 282.9280 64
282.9600 283.7280 62
284.4960 284.8800 59
284.9120 284.9760 62
285.0400 285.1040 62
285.1360 286.4160 64
286.7680 286.9280 69
287.1200 288.4320 62
288.4640 291.9520 64
292.2080 292.5280 66
292.7520 294.1920 66
294.2240 294.4800 67
294.5120 294.7040 66
294.7360 294.8000 67
294.8320 295.0880 69
295.1200 295.5040 70
295.6640 296.0160 69
296.0480 296.4000 66
296.4320 298.2560 69
298.3840 298.4480 69
298.5760 298.8640 72
298.9280 298.9600 71
299.0560 299.0560 71
299.1520 299.1520 71
299.3760 299.4720 71
299.5680 300.5920 66
300.6880 300.8480 71
301.1360 301.3280 71
301.3600 301.9360 66
301.9680 302.0960 69
302.1280 302.3200 71
302.3520 302.7040 69
302.8000 302.9280 69
302.9600 303.1200 71
303.2800 305.0720 69
305.4240 306.1600 62
306.1920 306.2560 60
306.2880 306.4160 61
306.4480 308.3680 62
308.4640 308.8800 62
308.9120 309.7440 66
309.7760 309.9360 64
309.9680 310.2880 63
310.3200 311.0560 62
311.3440 311.4080 61
311.4720 311.7920 59
311.9200 312.1760 62
312.2080 312.3040 66
312.3360 312.8480 64
312.9760 313.2640 64
313.2960 313.4240 62
313.5840 313.7120 62
313.7440 314.4480 64
314.5760 314.8000 64
314.8320 315.1200 62
315.3760 315.5040 62
315.5360 315.6640 64
315.6960 320.2720 62
321.0720 323.3440 71
328.9120 329.0720 53
329.1040 329.3280 54
329.3600 330.5120 55
341.7760 341.8400 62
345.3600 345.8720 62
