14.2880 15.0240 67
15.0560 15.0880 68
15.1200 15.2480 71
15.2800 15.4720 70
15.5040 15.5360 68
15.5680 15.7280 67
15.8880 16.2080 65
16.2400 16.2720 63
16.3040 16.4960 62
16.5280 16.7520 63
16.7840 16.9120 62
17.3600 17.7440 65
17.7760 17.8720 66
17.9040 18.3520 69
18.3840 20.9760 67
21.0080 21.2960 68
22.4480 22.8000 65
22.8320 23.1200 66
23.1520 23.2480 67
23.2800 23.5360 71
23.5680 23.9200 68
24.0800 24.4320 65
24.4640 25.0080 62
25.2000 25.4880 62
25.5200 25.8400 65
25.8720 25.8720 62
25.9040 26.7040 59
26.7360 27.3760 61
27.4080 28.2080 60
30.5760 31.3120 67
31.3440 32.0160 72
32.0480 32.4960 70
32.6240 32.6880 67
33.1360 33.4240 68
33.4560 33.5200 70
33.6800 33.7440 69
33.7760 33.9360 67
33.9680 34.2240 65
34.2560 34.3840 63
34.4160 34.5760 62
35.2160 35.6000 71
35.7600 35.9840 70
36.0160 36.1760 68
36.2080 36.2400 66
36.2720 36.4960 65
36.6880 36.9760 66
37.2640 37.3920 67
37.4240 37.4560 65
37.5840 37.7760 62
37.8080 38.1600 61
38.1920 38.2880 63
38.4480 38.5120 62
38.5440 38.6720 61
38.7040 38.8960 59
38.9280 39.1200 61
39.1520 39.2160 60
39.2480 39.5040 59
39.5360 39.9200 58
39.9520 40.0160 57
40.0480 41.3920 56
47.0560 47.7600 67
47.7920 47.9840 71
48.0160 48.0800 70
48.1120 48.2720 67
48.3040 48.3680 69
48.4000 48.4960 67
48.5280 48.5600 63
48.5920 48.8160 65
48.8480 48.9120 64
48.9440 48.9440 62
49.1680 49.9680 62
50.1600 50.6720 65
50.7040 50.7680 71
50.8000 50.9920 69
51.0240 54.1600 67
55.1520 55.6320 65
55.6640 55.8880 66
55.9200 56.0480 70
56.2080 56.5600 67
56.6880 57.1680 65
57.2000 58.0000 62
58.2560 58.4160 66
58.4480 58.5760 65
58.6080 58.6720 63
58.7040 58.7360 60
58.7680 59.1200 58
59.1520 59.3760 59
59.4080 59.6640 60
59.6960 59.8880 61
59.9200 61.2960 60
61.3280 61.5840 61
63.1840 63.3120 68
63.3440 63.9520 67
63.9840 64.1120 72
64.3040 64.4320 71
64.4640 64.7200 72
64.7520 65.2000 71
65.2320 65.6480 66
65.6800 65.9680 67
66.0000 66.1600 71
66.1920 66.4160 69
66.4480 66.6400 67
66.6720 66.8640 65
66.8960 67.0560 62
67.0880 67.1520 63
67.8880 68.1120 70
68.1440 68.4000 71
68.4320 68.4960 70
68.5280 68.5920 69
68.6240 68.7840 67
68.8160 68.8800 66
68.9120 69.2000 65
69.3600 69.6480 65
69.9040 70.0640 65
70.0960 70.2560 62
70.2880 70.6400 60
70.6720 70.8000 62
70.9280 71.6640 60
71.6960 71.7920 59
71.8240 72.3040 58
72.3360 72.3680 57
72.4000 72.5280 56
72.5600 72.8800 55
72.9120 73.8400 56
74.1600 74.1920 56
79.5360 79.9520 67
80.0800 80.4320 70
80.4640 80.4960 68
80.6240 80.8480 67
80.8800 81.1360 68
81.1680 81.2640 66
81.2960 81.3920 65
81.4240 81.6480 62
81.6800 82.0960 67
82.2560 82.3840 68
82.4160 82.5120 67
82.5440 82.6400 65
82.8320 83.2160 67
83.8240 84.2720 62
84.3040 84.3360 60
84.6560 84.8800 67
84.9120 85.2960 65
85.4560 85.5840 65
85.6160 85.7120 64
85.7440 85.8400 62
86.0000 86.1600 60
86.1920 86.2880 62
86.3200 86.3840 61
86.4160 86.9600 58
87.0880 87.3760 60
88.1760 88.1760 58
88.2080 89.1040 62
89.3280 89.7760 67
89.8080 90.3200 70
90.3520 90.9600 72
90.9920 91.2160 70
91.2480 91.5680 71
91.6000 91.7920 68
91.8240 92.1120 65
92.1440 92.4960 62
93.1680 93.6160 70
93.8080 94.0000 70
94.0320 94.1920 68
94.2240 94.9920 65
95.0240 95.0880 63
95.1200 95.3120 62
95.6640 95.7280 67
95.7600 95.7920 66
95.8240 95.9520 65
95.9840 96.5280 60
96.5600 96.9440 62
96.9760 97.0400 63
97.0720 97.5200 65
97.5520 97.8720 67
97.9040 100.1760 65
100.2080 100.2720 66
101.5520 102.3520 67
102.3840 102.5760 71
102.7040 102.7680 70
102.8000 102.8320 69
102.8640 103.0880 67
103.1200 103.5680 65
103.7600 104.4000 62
104.7200 105.2320 65
105.2640 105.2640 67
105.2960 105.7760 69
105.8080 106.0000 66
106.0320 108.9120 67
109.8400 110.4800 65
110.5760 110.8320 67
110.8640 110.9920 70
111.0240 111.1840 68
111.2160 111.3760 67
111.4080 111.8240 65
112.0800 112.7200 62
112.9120 113.2320 65
113.2640 113.3280 62
113.3600 113.8720 59
113.9040 114.2240 58
114.2560 114.4480 60
114.4800 114.7360 61
114.7680 114.8640 62
114.8960 115.8240 60
115.8560 115.8880 59
118.0000 118.7360 67
118.7680 119.5040 72
119.5360 119.6960 71
119.7280 119.9200 70
119.9520 119.9840 69
120.0160 120.7840 67
120.9120 120.9760 70
121.0080 121.1680 68
121.2000 121.3600 67
121.3920 121.6480 65
121.6800 122.0000 62
122.0320 122.0640 60
122.7360 122.8320 71
122.8640 122.9920 70
123.0240 123.2160 71
123.3760 123.4400 71
123.4720 123.5040 70
123.5360 123.5680 69
123.6000 123.7600 68
123.7920 123.8560 66
123.8880 124.4000 65
124.4320 124.4960 66
124.5280 124.7840 67
124.8160 125.0080 65
125.0400 125.2320 62
125.2640 125.5520 60
125.5840 125.7120 62
125.7440 125.9680 61
126.0000 126.0320 60
126.0640 126.2560 59
126.2880 126.6720 60
126.7040 127.2480 58
127.2800 127.3760 57
127.4080 128.7200 56
134.3840 134.7040 67
134.7360 134.9280 68
134.9600 135.2800 70
135.3120 135.3760 69
135.4080 135.6640 67
135.6960 135.9520 69
135.9840 136.1440 65
136.1760 136.2720 64
136.3040 136.4960 62
136.5280 136.9440 67
137.0720 137.2320 68
137.2640 137.3280 67
137.3600 137.4560 65
137.6800 138.0320 67
138.6720 139.3120 62
139.5040 139.7280 67
139.7600 140.4640 65
140.4960 140.5280 64
140.5600 140.5920 63
140.6240 140.7200 62
140.8800 141.2960 61
141.3280 141.9360 58
141.9680 142.1920 60
143.1520 143.9840 62
144.1440 144.6880 67
144.7200 144.7520 70
144.7840 145.4240 71
145.4560 145.7440 72
145.7760 146.3520 71
146.3840 146.4160 69
146.4480 146.6400 67
146.6720 146.7360 66
146.7680 146.9920 65
148.0160 148.4640 71
148.5920 148.8480 70
148.8800 149.1040 67
149.1360 149.8080 65
149.8400 150.0000 62
150.0320 150.1920 61
150.5440 150.6400 66
150.6720 150.8000 65
150.9600 151.3440 60
151.3760 151.8560 62
151.8880 152.4000 65
152.4320 152.7200 67
152.7520 155.5360 65
156.5280 157.2640 67
157.2960 157.4560 70
157.5840 157.6480 70
157.6800 157.9040 68
157.9360 158.1280 66
158.1600 158.4480 65
158.4800 158.4800 62
158.6720 159.4400 62
159.6960 160.1760 65
160.2080 160.5920 69
160.6880 164.0480 67
164.7840 165.1040 65
165.1360 165.3920 66
165.5520 165.7120 67
165.7440 165.9680 70
166.0000 166.2560 67
166.2880 166.6080 65
166.6400 166.7360 64
166.7680 166.8000 63
166.9600 167.6320 62
167.8560 168.1440 65
168.1760 168.2720 63
168.3040 168.3040 61
168.3360 168.3680 59
168.4000 168.8480 58
168.8800 169.2000 59
169.2320 169.8400 61
169.8720 170.9280 60
173.0080 173.0720 68
173.1040 173.7440 67
173.7760 174.5440 72
174.5760 174.7040 71
174.7360 174.9920 70
175.0240 175.4080 67
175.4400 175.7920 68
175.8240 175.9200 71
176.0480 176.1440 69
176.1760 176.3360 67
176.3680 176.6240 65
176.6560 176.9760 62
177.0080 177.1360 61
177.7120 178.1280 70
178.2880 178.4160 70
178.4480 178.6720 67
178.7040 179.4080 66
179.4400 179.7280 67
179.7600 179.8880 66
179.9200 179.9840 65
180.0160 180.1440 62
180.1760 180.4640 60
180.4960 180.8160 62
180.8480 180.9760 61
181.0080 181.2320 59
181.2640 181.5840 60
181.6160 182.3200 58
182.3520 183.1520 56
183.1840 183.6320 57
183.6640 183.7920 56
188.4320 188.5920 69
188.6240 189.2960 70
189.3280 189.6480 71
189.6800 189.7760 68
189.8080 190.0000 67
190.0320 190.2560 68
190.2880 190.4800 65
190.5120 190.6720 62
190.8000 191.0560 60
191.0880 192.3360 62
192.3680 193.2640 65
193.2960 194.3200 70
194.3520 195.0560 67
195.0880 195.1520 69
195.1840 199.9520 67
