0.9120 0.9760 66
1.0080 1.2000 65
1.2320 1.3280 66
1.3600 1.9040 67
1.9360 2.1920 66
2.2240 3.4720 67
3.7280 3.9520 67
3.9840 4.3040 66
4.3360 4.6560 67
4.9440 5.4560 66
5.4880 5.6800 67
5.7120 5.8080 66
6.1280 6.2560 61
6.9920 6.9920 65
7.0560 7.2800 65
7.6960 8.0480 65
8.3040 8.8160 65
8.9440 9.1040 65
9.3280 9.3920 65
9.8720 9.9360 66
10.2560 11.1200 67
11.1520 11.1520 65
16.8800 16.9760 61
19.5040 19.7600 53
20.2720 20.5920 52
20.6240 20.8800 55
20.9120 21.2640 53
21.2960 21.5840 51
21.6160 21.9360 53
21.9680 22.4160 51
22.7680 22.9920 51
23.0240 23.3120 53
23.4400 23.5360 56
23.7280 23.9840 52
24.0160 24.5600 50
24.8800 25.1360 46
25.1680 25.2960 47
25.3280 25.5520 48
25.5840 25.9680 47
26.0000 26.0960 48
26.1280 26.4480 47
26.4800 27.1840 48
28.0800 28.3360 50
28.3680 28.5600 52
28.5920 28.7200 53
28.7520 29.0400 60
29.0720 29.3600 58
29.4880 29.6480 56
29.7440 29.9040 56
30.1920 30.5760 51
30.6080 32.2080 53
32.2400 32.5600 52
33.4880 33.7440 53
33.7760 34.0640 56
34.0960 34.3520 57
34.3840 34.7040 56
34.7360 34.8960 55
34.9280 35.2160 53
35.2480 35.3440 56
35.3760 35.4720 55
35.5040 35.5680 53
35.6000 35.6320 52
35.7600 36.1760 50
36.2080 36.7840 51
36.8160 36.9440 50
37.8720 38.0960 46
38.2240 38.2240 44
38.4160 38.7040 45
39.2800 39.9520 46
40.5600 40.6560 46
40.9440 41.1040 46
41.1360 41.3280 45
41.3600 42.0640 44
43.9200 44.1760 59
44.3360 44.6880 59
45.1040 45.3920 60
45.4240 45.6480 62
45.6800 46.0320 60
46.0640 46.1600 58
46.3200 46.5440 55
46.6720 46.7360 58
46.7680 47.6640 60
47.6960 47.8240 59
48.0160 48.8800 58
49.3920 49.5840 58
49.8080 49.9040 57
50.0320 50.1920 58
50.2240 50.3520 56
50.3840 50.4480 55
50.4800 50.6400 53
50.7680 51.9840 58
52.0160 52.0800 57
52.3360 52.4000 57
52.4320 52.5600 58
52.5920 52.7200 59
52.8800 53.1360 57
53.1680 53.8080 56
53.8400 54.0320 55
54.1920 54.3840 52
54.5120 54.9600 50
54.9920 55.0240 49
55.3760 55.5040 46
55.5360 55.6640 47
55.6960 55.7600 48
55.9520 55.9520 54
55.9840 56.1760 56
56.2080 56.5280 53
56.9760 57.0720 48
57.2000 57.4880 51
57.6160 59.5680 56
59.8880 60.0800 52
60.1120 60.2720 56
60.4960 60.7520 60
60.9440 61.7120 60
62.0320 62.0640 60
62.5440 62.8960 58
63.0240 63.3120 56
63.3440 64.5920 58
64.6240 64.7200 57
64.9120 64.9760 57
65.1040 65.3600 58
65.3920 65.4560 60
65.4880 65.6160 62
65.7440 65.8080 58
65.8400 65.9680 59
66.0000 66.0320 58
66.0640 66.2240 57
66.2560 66.3840 58
66.4160 66.8000 56
66.8320 68.9760 55
77.2000 77.3280 55
77.3600 77.5200 54
77.7760 78.0000 52
78.0320 78.1600 53
78.1920 78.2240 54
78.2560 78.4160 55
78.4480 78.4800 54
78.5120 78.7360 53
78.7680 78.8960 52
78.9280 79.0880 51
79.1200 79.1840 52
79.2160 79.4400 53
79.4720 79.6000 52
79.6320 79.7280 51
80.3680 80.4960 50
80.6880 80.7520 53
80.7840 80.9120 52
81.0720 81.2000 55
81.3600 82.0960 51
82.1280 82.2880 50
82.7040 83.1200 47
83.1520 84.8800 48
85.8400 85.9680 50
86.0000 86.0320 51
86.0640 86.1600 52
86.1920 86.3520 53
86.3840 86.4160 54
86.4480 86.4800 57
86.5120 86.5440 58
86.5760 86.6720 59
86.7040 87.1200 58
87.2480 87.7280 55
88.0480 88.1760 50
88.2080 88.3680 51
88.4000 88.4960 52
88.5280 89.5520 53
89.5840 90.5440 52
91.4080 91.6320 53
91.7920 92.0480 56
92.0800 92.1120 57
92.1440 92.2720 58
92.3040 93.0400 56
93.3600 93.4880 56
93.6480 93.7120 53
93.7440 93.8080 52
93.8400 94.6080 51
94.7360 95.0240 50
95.7600 95.9200 46
95.9520 96.1440 45
96.1760 96.2080 44
96.3680 96.4000 45
96.4320 96.6560 46
96.6880 96.9440 45
97.4880 97.6160 46
97.8400 97.9360 47
98.1600 98.2240 48
98.5440 98.6720 46
98.9920 99.1520 45
99.1840 99.6320 44
99.9200 99.9840 44
101.8080 101.8080 57
101.8400 102.0000 59
102.0320 102.1920 60
102.2240 102.5760 59
102.9600 102.9920 61
103.0240 103.1840 60
103.2160 103.2480 59
103.3760 103.4720 62
103.6000 103.6640 60
103.6960 103.9200 59
103.9520 104.1120 58
104.2720 104.5920 56
104.6560 104.6880 58
104.7200 105.7440 60
105.7760 105.8720 59
106.0000 106.1280 57
106.1600 106.4480 58
106.4800 106.6080 57
106.6400 106.7680 58
107.3120 107.4720 57
107.5040 107.5360 58
107.6320 107.6640 58
107.6960 107.7920 57
107.9200 108.1120 58
108.1440 108.1760 56
108.2080 108.2400 55
108.6240 108.6560 57
108.6880 108.8160 58
108.8480 109.0720 57
109.1040 109.3600 58
109.3920 109.6160 57
109.6480 109.8720 58
109.9040 110.1600 59
110.1920 110.2240 57
110.3840 110.4480 57
110.4800 110.6720 59
110.7040 110.9920 57
111.0240 111.0880 56
111.1200 111.3440 55
111.3760 111.4720 56
111.5040 111.6960 57
111.7280 111.9200 56
111.9520 112.0800 53
112.1120 112.3360 52
112.3680 112.9440 50
113.5200 113.8720 48
113.9040 114.0960 54
114.1280 114.3840 52
114.8320 114.9920 48
115.0240 115.2160 50
115.2480 115.3120 52
115.4720 116.7200 56
116.8480 117.4560 56
117.8080 117.8720 53
118.0320 118.2240 56
118.2560 118.3520 60
118.7040 119.6000 60
120.3040 120.3680 58
120.4000 120.6560 57
120.7840 120.9440 56
121.0400 123.0240 58
123.1200 123.2160 61
123.2480 123.3760 63
123.4080 124.0480 58
124.0800 124.8480 56
124.9120 124.9120 55
125.0400 126.5440 56
126.8960 127.7600 66
128.4320 129.1680 67
129.2000 129.5520 65
129.5840 129.7760 63
129.8080 130.2240 66
130.7360 131.3120 66
131.9200 132.0480 60
132.7840 132.9120 61
133.0400 133.1360 61
133.3600 133.4880 58
134.0640 134.3200 58
134.5760 134.6720 58
134.7680 134.9280 58
135.1520 135.3120 66
136.1440 137.1360 67
146.4160 146.7360 53
146.7680 147.0240 56
147.0560 147.4400 53
147.4720 147.7280 51
147.7600 148.0160 53
148.0480 148.1760 52
148.2080 148.3360 51
148.9440 149.1040 50
149.1360 149.1680 51
149.2000 149.5840 53
149.6160 149.7440 56
149.9360 150.1920 53
150.2240 150.7680 50
151.1840 151.3440 46
151.3760 151.5680 47
151.6000 153.1680 48
153.3600 153.3600 48
154.3520 154.4480 50
154.4800 154.5440 51
154.7040 154.9600 53
155.0880 155.1200 58
155.1520 155.2480 60
155.2800 155.6320 58
155.6640 155.7280 57
155.8560 156.3360 56
156.6240 156.7520 50
156.7840 156.9120 51
156.9440 157.0400 52
157.0720 158.6080 53
158.6400 159.0560 52
160.1440 160.4000 53
160.4320 160.4640 54
160.4960 160.5600 56
160.5920 160.7520 57
160.7840 161.3280 56
161.3600 161.4560 55
161.4880 161.5840 52
161.6160 161.8080 53
161.8400 162.0640 56
162.0960 162.1600 55
162.1920 162.3200 53
162.3520 162.3840 52
162.4160 163.3440 51
163.3760 163.5680 50
164.3680 164.6880 46
164.7200 165.0400 45
165.0720 165.4240 46
165.4560 165.4880 45
165.7440 165.9360 46
166.1600 166.4480 45
166.4800 166.6080 46
166.8000 166.8960 47
167.5680 167.7600 45
167.7920 168.4000 44
170.5440 170.6720 58
170.7040 171.1520 60
171.1840 171.3120 59
171.8240 171.9840 60
172.1120 172.2720 62
172.3040 172.7200 60
172.7520 172.7840 59
172.8160 172.9120 58
173.0400 173.2320 56
173.4240 173.4240 58
173.4560 174.3200 60
174.3520 174.5760 59
174.9600 175.1520 57
175.1840 175.2800 58
175.4080 175.4720 57
175.5040 175.6640 58
175.7920 176.0480 58
176.1760 176.3360 58
176.5920 176.9760 58
177.0400 177.1680 55
177.2000 177.3920 53
177.5200 178.2560 58
178.3840 178.8000 58
179.1520 179.3440 56
179.3760 179.5040 59
179.6320 180.0160 57
180.0480 180.9120 56
181.0080 181.4240 52
181.4560 181.5520 50
181.5840 182.0320 48
182.4800 182.6720 48
182.8320 182.8320 53
182.8640 182.9600 56
183.0880 183.4400 52
183.8880 184.0480 48
184.0800 184.2720 51
184.3040 184.3680 53
184.4960 186.4800 56
186.8320 186.9280 53
187.0560 187.1840 56
187.2800 187.3120 59
187.3760 187.5360 59
187.6960 188.5600 60
189.3600 189.6480 58
189.8400 189.9680 56
190.0640 191.3120 58
191.6000 191.7280 61
191.9200 192.1120 58
192.2400 192.2720 60
192.3040 192.4320 63
192.4640 192.4640 61
192.4960 192.8800 58
192.9120 192.9760 57
193.0080 193.4240 56
193.4560 194.0000 55
194.0320 194.6080 56
194.6400 195.0240 55
195.0560 195.7920 56
195.8240 196.2400 55
196.2720 197.9680 56
198.8000 198.9920 57
199.3760 199.4400 54
204.7520 204.9120 51
204.9440 205.0720 52
205.1040 205.3920 53
205.4240 205.6800 55
205.7120 206.0640 53
206.0960 206.3840 52
206.4160 206.8000 53
206.8320 207.1840 51
207.5360 207.7280 51
207.7600 207.7920 52
207.8240 208.1760 53
208.2080 208.4320 56
208.4640 208.8480 53
208.8800 209.1360 52
209.1680 209.4560 53
209.4880 209.6160 52
209.6480 209.7440 51
210.2560 210.8000 52
211.1520 211.4080 53
