21.4880 21.5200 54
21.5520 21.5520 56
21.5840 22.2240 59
22.2560 22.4160 60
22.4480 22.4480 58
22.5760 22.7680 56
22.8000 23.2480 54
23.2800 23.3440 55
23.3760 23.9200 56
23.9520 23.9840 55
24.3680 24.7840 52
24.8160 24.8480 53
24.8800 24.9760 54
25.1680 25.3600 56
25.3920 25.3920 53
25.4240 25.4560 50
25.4880 26.2880 49
26.3200 26.9280 50
29.8080 30.0640 54
30.0960 30.3840 56
30.4160 30.4800 54
30.5120 30.8960 56
30.9280 31.4080 59
31.4400 31.5360 56
31.5680 32.3040 54
32.6560 33.2320 52
33.2640 33.3600 50
34.0000 34.2880 56
34.4800 34.6720 56
38.1920 38.2240 57
38.2560 39.2480 59
39.2800 39.4720 56
39.5040 39.5680 54
39.7600 40.7520 56
41.0720 41.5200 53
41.5520 41.7440 55
41.7760 42.0000 56
42.1280 42.1920 50
42.3200 42.4800 50
42.7040 42.9280 50
43.3120 43.5040 50
43.6960 43.9520 50
46.4800 46.7360 55
46.7680 46.8640 57
46.8960 47.2160 55
47.2480 47.4400 56
47.4720 47.6320 57
47.7600 47.8560 59
47.8880 47.9520 58
47.9840 48.0480 57
48.0800 48.1760 56
48.2080 48.3680 54
48.5600 48.8160 55
48.8480 48.9120 54
49.5840 49.7440 56
49.7760 50.0000 54
50.1280 50.3200 56
50.3520 50.4480 53
50.4800 50.9280 52
51.1840 51.3760 52
51.5680 51.7280 52
54.9280 55.7920 59
55.8240 55.9840 57
56.0160 56.0800 56
56.1120 56.1440 55
56.1760 56.4960 54
56.5280 57.2960 56
57.6480 57.8400 52
57.8720 58.0960 53
58.1280 58.3200 55
58.3520 58.8320 56
63.1200 63.2800 54
63.4080 63.6320 56
63.6640 63.8560 55
63.8880 64.0480 56
64.1760 64.2720 58
64.3040 64.5600 59
64.6880 64.8480 56
64.8800 65.0720 55
65.2640 65.6160 54
66.0320 66.2560 52
66.2880 66.2880 56
66.3200 66.4160 59
66.4480 66.4800 54
66.5440 66.5760 50
66.8000 66.8960 55
67.0880 67.1200 53
67.1840 67.5040 55
71.4400 71.4720 56
71.5040 72.4320 59
72.4640 72.7200 56
72.7520 72.8160 54
72.8480 73.4240 55
73.4560 74.0000 56
74.3840 74.5440 52
74.5760 74.7680 53
74.8000 75.0240 54
75.0560 75.2480 56
75.2800 75.2800 53
75.3120 75.3440 51
75.3760 77.0080 50
77.0400 77.3600 49
77.3920 77.5520 50
79.7600 79.9200 54
79.9520 79.9840 55
80.0160 80.2080 56
80.3360 80.4000 54
80.4320 80.5280 55
80.5600 80.6880 56
80.8160 80.9120 57
80.9440 81.2000 59
81.2320 81.2640 57
81.2960 81.4240 56
81.4560 81.4880 55
81.5200 82.1920 54
82.6720 82.8320 47
82.9280 82.9280 50
82.9600 83.0880 56
83.1200 83.3440 55
83.3760 83.6320 56
83.6640 83.6960 55
83.7280 83.7920 54
83.9840 84.6880 52
85.1040 85.6480 52
85.6800 86.0960 53
88.0160 88.0480 57
88.0800 88.1440 58
88.1760 88.8800 59
88.9120 89.1040 57
89.1360 89.5840 59
89.6160 90.0320 62
90.1920 90.9280 65
90.9600 91.0880 62
91.2160 91.3120 62
91.3440 91.5680 65
91.6960 91.8880 62
91.9200 92.6240 59
92.7520 92.9760 59
93.0080 93.3280 57
93.3600 93.6160 59
93.7760 93.9360 61
93.9680 94.1600 59
94.4160 94.6080 55
95.1840 95.5680 56
96.6240 97.5520 56
97.5840 97.8080 59
97.9360 98.0960 56
98.2560 99.0880 55
99.5360 99.8880 53
100.0160 100.4640 56
100.4960 101.2320 54
101.7440 101.8080 66
101.8400 103.1200 67
103.1520 103.4400 66
104.6240 104.6880 54
104.7200 105.4880 56
105.5200 105.7120 57
105.7440 105.8080 56
105.8400 106.0000 54
106.0320 106.2240 55
106.2560 106.7680 56
106.8000 107.5680 59
107.6000 107.7920 57
107.8240 108.2720 60
108.3040 108.4960 61
108.8480 108.8800 62
108.9120 108.9760 63
109.0080 109.3600 64
109.3920 109.5520 65
109.5840 109.6480 64
109.6800 109.8720 62
109.9040 110.3840 64
110.4160 110.5760 67
110.6080 110.9280 65
110.9600 110.9600 63
110.9920 111.1840 60
111.2160 112.4320 62
112.4640 112.5600 61
113.0400 114.0960 64
114.1280 114.4480 62
114.6080 114.8320 59
114.8640 115.0880 56
115.1200 116.0800 55
116.1120 116.3360 54
116.3680 116.5600 55
116.5920 117.3280 56
117.3600 119.4400 59
121.2320 122.3520 59
122.3840 122.5120 57
122.5440 122.7680 55
122.8000 123.2480 54
123.4080 124.0480 56
124.1760 124.4320 52
124.4640 124.6560 53
124.6880 124.7520 54
124.7840 124.8480 55
124.9760 125.0400 57
125.0720 125.2000 56
125.2320 125.2320 54
125.2640 125.4240 51
125.4560 126.4800 50
129.6480 130.3520 55
130.3840 130.6080 56
130.6400 130.7680 57
130.8000 131.0560 59
131.0880 131.1200 58
131.1520 131.2480 57
131.2800 131.3760 56
131.4080 132.3680 54
132.4000 132.6880 53
132.8480 132.8800 54
132.9120 133.0400 53
133.0720 133.1680 50
133.2000 133.2320 49
133.2640 133.3920 48
133.4880 133.5520 48
133.5840 133.6800 49
133.8080 133.9040 55
133.9360 135.9200 56
137.9680 138.0000 57
138.0320 138.0960 58
138.1280 138.8640 59
139.0560 139.2160 56
139.2480 139.7600 55
139.7920 140.5920 56
140.6240 140.6560 55
140.7840 141.2320 52
141.2640 141.2960 53
141.3280 141.4560 54
141.5840 141.7760 56
141.8080 141.8080 54
146.0960 146.3840 54
146.4160 146.4480 55
146.4800 146.7040 56
146.7360 146.9600 55
146.9920 147.2800 56
147.3120 147.3760 57
147.4080 147.8560 59
147.8880 148.9760 55
149.2000 149.2640 54
149.4240 149.4240 52
149.4560 149.6480 56
149.6800 149.7760 54
149.9360 150.1280 56
150.1600 150.4480 53
171.2800 171.2800 57
171.3120 172.1760 59
172.2080 172.4960 56
172.5280 173.0400 55
173.0720 173.7120 56
174.1280 174.4160 52
174.4480 174.5440 53
174.5760 174.6400 54
174.6720 174.7360 55
174.8640 175.0880 56
179.5680 179.7280 55
179.8560 179.9520 57
179.9840 180.0800 56
180.1120 180.2720 55
180.3040 180.4640 56
180.5920 180.7200 57
180.7520 180.9760 59
181.1040 181.1680 57
181.2000 181.2960 56
181.3280 181.5200 54
181.6480 181.9040 55
181.9360 182.0960 54
182.4480 182.9280 53
182.9600 183.0880 50
183.6320 183.7280 54
183.7600 183.8240 55
183.8560 184.5280 56
187.8240 187.9200 58
187.9520 188.0160 59
188.1440 188.3040 59
188.4320 188.8160 59
188.8480 188.8800 57
188.9120 189.0720 56
189.1040 189.5200 55
189.5520 189.6480 54
189.6800 189.8400 55
189.8720 190.5760 56
190.8000 191.1840 53
191.2160 191.3440 54
191.3760 191.4400 55
191.4720 191.6640 56
191.6960 191.6960 54
191.9520 192.0160 50
192.0480 193.6800 49
196.1760 196.3040 54
196.3360 196.3680 55
196.4000 196.5920 56
196.7200 196.9120 55
196.9440 197.0720 56
197.2320 197.2640 57
197.2960 197.3280 58
197.3600 197.5840 59
197.6160 197.6800 58
197.7120 197.8080 57
197.8400 197.9040 56
197.9360 198.0960 55
198.1920 198.2880 54
198.4800 198.5440 54
199.3120 199.3120 54
199.3440 199.4400 56
199.4720 199.6640 55
199.7920 199.8560 57
199.8880 200.1440 56
202.1600 202.5760 65
202.6080 202.6400 64
204.4640 204.5920 58
204.6240 205.8720 59
206.0000 206.5440 62
206.5760 206.7040 63
206.7360 207.3440 64
207.3760 207.4720 62
207.6320 207.7280 62
207.7600 208.0480 64
208.0800 208.1440 63
208.1760 208.2400 62
208.2720 208.3360 61
208.3680 209.3920 59
209.4240 209.6160 56
209.6480 210.1600 59
210.1920 210.4160 62
210.4480 210.4800 60
210.5120 210.6080 59
210.8000 210.8960 55
210.9280 212.2400 56
212.7840 212.8480 55
212.8800 213.0720 54
213.1040 213.8080 56
213.8400 213.9360 58
213.9680 214.1280 59
214.1600 214.2240 60
214.3840 214.5440 56
214.7040 214.8640 54
214.8960 215.5360 55
216.0800 216.2400 54
216.4640 216.7520 68
216.7840 216.9120 67
216.9440 217.0080 66
217.1680 217.3280 67
217.3600 217.5840 66
217.6160 219.2800 67
219.3120 219.5680 66
221.0400 221.1360 55
221.1680 221.4240 56
221.4560 221.5520 57
221.5840 221.8400 56
221.8720 222.0960 57
222.1280 222.1920 56
222.2240 222.6080 55
222.6400 223.1520 56
223.1840 223.3120 60
223.3440 223.8880 59
223.9200 224.1120 56
224.2720 224.6880 59
224.7200 224.9120 61
225.2960 225.7760 64
225.8080 226.0000 65
226.0320 226.0960 61
226.1280 226.2880 62
226.3200 226.7680 64
226.8000 226.8960 67
226.9280 227.0560 66
227.0880 227.2800 64
227.3120 227.4720 60
227.5040 229.0720 61
229.4240 229.4880 65
229.5200 230.4800 64
230.5120 230.8000 62
230.9600 231.2160 59
231.2480 231.4400 56
231.4720 231.9520 55
231.9840 232.9120 54
232.9440 233.0400 55
233.0720 233.6480 56
233.6800 233.7440 57
233.7760 236.3040 59
237.5840 237.6480 58
237.6800 238.7680 59
238.8000 239.0560 56
239.0880 239.2800 55
239.3120 239.6320 54
239.7920 240.0800 56
240.1120 240.3040 57
240.3360 240.4960 55
240.5280 241.0400 53
241.0720 241.2960 55
241.3280 241.6160 56
246.0640 246.2560 54
246.2880 246.5760 56
246.6080 246.7680 54
246.8000 247.1200 56
247.1520 247.4080 59
247.4400 247.5040 58
247.6320 247.6960 57
247.7280 247.8240 56
247.8560 248.3360 54
248.3680 248.5600 55
248.5920 248.7520 54
248.7840 249.0400 53
249.2000 249.3920 53
249.4240 249.5200 49
249.5840 249.6160 48
250.1280 250.2560 55
250.2880 251.1200 56
251.1520 251.5360 57
251.5680 252.0160 56
252.0480 252.2720 57
252.3040 253.1040 56
254.3200 254.3840 57
254.4160 254.7680 59
254.8000 254.9280 60
254.9600 255.2480 59
255.4080 255.5680 56
255.6000 256.3680 55
256.4000 256.4640 57
256.4960 257.0080 56
257.2320 257.6480 53
257.6800 257.8080 54
257.9680 258.1280 56
258.1600 258.1920 54
258.5120 258.7360 51
262.4800 262.8000 54
262.8320 262.8640 55
262.8960 263.0240 56
263.0560 263.3440 55
263.3760 263.6960 56
263.7280 264.1760 59
264.2080 264.3360 56
264.3680 264.4000 55
264.4320 265.2960 54
265.6800 265.7440 54
265.7760 265.8400 57
265.8720 265.9680 56
266.2560 266.2880 56
266.3200 266.4480 57
266.4800 266.5440 56
266.5760 266.8320 53
266.8640 267.0880 52
267.1200 267.1840 53
270.9280 271.1520 55
271.1840 271.4080 56
271.4400 271.7280 55
271.7600 271.9840 56
272.0160 272.0800 57
272.1120 272.5280 59
272.5600 272.6240 56
272.6560 272.7200 55
272.7520 272.9120 54
272.9440 273.1360 55
273.1680 273.5520 54
273.8080 274.3520 55
274.3840 274.4160 54
274.5440 274.7360 56
275.0240 275.5680 52
