6.5440 6.7040 53
6.7360 6.8000 52
7.2160 7.2800 55
7.5040 7.8560 55
7.8880 8.0160 58
8.0480 8.2400 57
8.4000 8.4640 55
9.2960 9.5520 53
10.1600 10.5440 55
10.5760 10.6400 56
10.6720 10.8640 57
12.1120 12.2400 53
12.2720 12.3680 52
12.4000 12.4640 53
12.7520 12.8800 55
13.0720 13.2320 55
13.6160 13.7440 57
13.9680 14.0320 54
14.0640 14.1280 53
14.8000 14.8320 53
14.8640 14.9280 51
15.0880 15.2480 52
15.4720 15.6320 55
15.6640 15.8240 53
16.0480 16.3680 53
16.4000 16.5280 56
18.1600 18.2880 58
18.3200 18.7680 60
18.8000 19.1200 63
19.1520 19.4720 62
19.5040 19.5360 60
19.5680 19.6640 58
19.6960 19.7600 57
20.3680 20.3680 55
20.4000 20.6880 58
20.9120 21.0400 59
21.2640 21.6800 60
21.7120 21.9680 62
22.0000 22.0320 60
23.0240 23.0560 56
23.4720 23.6320 58
23.8880 24.3680 60
24.4000 24.7200 63
24.7520 24.9760 62
25.0080 25.1360 60
25.1680 25.2000 58
25.9680 25.9680 53
26.0000 26.0640 57
26.0960 26.6080 58
26.6400 26.7360 60
26.7680 26.9280 57
27.1520 27.2800 58
27.9200 28.0480 51
28.0800 28.1760 53
28.2080 28.3680 54
28.4000 28.5280 56
28.5600 28.5920 55
28.7840 28.9120 57
29.3280 29.3920 56
29.4240 29.4880 57
29.5200 29.6480 58
29.6800 29.8720 57
30.4160 30.4800 53
30.8640 31.1200 57
31.3440 31.6320 57
32.0800 32.2080 56
32.2400 32.5600 58
32.5920 32.7200 57
33.8720 33.9360 52
34.1280 34.1920 52
34.3840 34.8960 55
35.2800 35.4720 55
35.6000 35.7280 55
36.4000 37.0400 58
37.2000 37.4240 57
37.7120 38.0960 57
38.4480 38.5760 54
39.3760 39.7920 57
40.0480 40.4320 60
40.5600 40.9120 62
40.9440 41.1680 60
41.4560 41.5200 60
42.0320 42.0640 59
42.0960 42.5120 62
42.5440 42.9600 60
42.9920 43.1520 57
43.3440 43.4400 60
43.4720 43.8240 62
43.8560 44.0160 60
44.2720 44.3680 58
45.1360 45.2640 54
45.3280 46.2560 58
46.5440 46.7040 57
46.7360 46.7680 54
46.8320 46.8640 55
46.8960 47.0560 58
47.2480 47.3120 58
47.7920 47.7920 57
47.8240 47.9840 60
48.1120 48.2720 62
48.3040 48.3680 60
48.4000 48.6560 59
48.9120 49.1040 57
49.1360 49.3600 58
49.5200 49.5840 55
49.6160 49.6480 54
52.5280 52.6880 52
52.7200 52.8480 53
53.1040 53.1040 54
53.3920 53.7120 55
53.9360 54.6400 57
54.8000 54.9920 54
55.3120 55.3760 52
55.5360 55.8240 53
56.0800 56.1120 55
56.3680 57.1040 56
57.1680 57.2000 56
57.9680 58.0000 49
58.3200 58.4160 53
58.9920 59.0560 55
59.3120 59.3760 55
59.5040 59.6640 58
59.8880 59.9520 57
60.1760 60.4000 54
61.1040 61.3280 53
61.4240 61.5840 53
61.8720 61.9040 54
61.9360 62.1280 55
62.5120 62.7040 53
62.9600 63.0560 53
63.8560 63.9200 50
64.0800 64.1760 57
64.4320 65.0720 60
65.1040 65.3280 63
65.3600 65.7440 62
65.7760 65.9360 59
65.9680 66.0320 57
66.1280 66.2560 56
66.6080 66.7360 53
66.7680 66.8960 58
67.0240 67.2480 57
67.3440 67.3440 57
67.3760 67.7280 60
67.9520 68.1760 65
68.2080 68.3040 59
68.3360 68.6880 62
69.6160 69.7440 57
70.0640 70.7040 60
70.7360 71.0560 63
71.0880 71.3760 62
71.4080 71.4400 60
71.4720 71.6000 58
71.7600 71.8240 57
72.3040 72.7840 58
72.8160 73.0400 60
73.0720 73.0720 57
73.2000 73.6480 57
74.2880 74.8000 53
74.8320 74.8960 55
74.9280 74.9920 56
75.1840 75.3440 57
75.6960 75.7920 56
75.8240 75.8880 57
75.9200 76.0800 58
76.1120 76.2720 57
77.6480 78.0640 57
78.4800 78.6080 56
78.6400 78.9600 58
78.9920 79.1200 57
79.3760 79.5680 55
80.2400 80.3360 51
80.5280 80.7200 53
80.7520 81.2640 55
81.6480 81.8400 55
82.0000 82.0960 55
82.8320 83.4080 57
83.6000 83.7280 57
84.0800 84.4640 57
84.8480 84.8800 53
85.0400 85.2000 54
85.7760 86.0960 57
86.3200 86.7680 59
86.9280 87.2800 62
87.3120 87.6000 60
87.8240 87.8880 60
88.4000 88.4320 59
88.4640 88.9120 62
88.9440 89.3920 60
89.4240 89.5840 57
89.7760 89.8080 60
89.8400 90.2560 62
90.2880 90.4160 60
90.7040 90.8000 58
91.5680 91.6960 55
91.7600 91.7920 56
91.8240 92.6880 58
92.9760 93.1680 58
93.2000 93.2960 54
93.3280 93.4880 58
94.1600 94.1600 57
94.1920 94.5440 60
94.5760 94.8000 62
94.8320 94.9280 60
94.9600 95.0880 59
95.1200 95.1200 56
95.4080 95.6000 57
95.6320 95.8240 58
95.9520 96.1440 55
96.1760 96.3360 53
97.5520 97.7760 65
97.8080 97.8720 63
98.2560 98.2880 63
98.3200 98.3840 64
98.4160 98.5440 65
98.5760 98.6400 62
98.8000 98.8640 56
99.0240 99.4080 53
99.8560 99.9520 55
100.3680 100.4960 55
100.5280 100.6560 58
100.6880 101.0400 57
101.0720 101.1040 55
102.3520 102.6400 53
102.6720 102.9600 55
103.2160 103.6960 57
104.6560 104.8160 52
104.8480 104.9760 53
105.0400 105.0720 53
105.3600 105.6160 55
105.6480 105.6800 54
105.9040 106.0320 55
106.0640 106.1280 57
106.4160 106.5440 57
106.7360 106.9280 54
107.4080 107.4400 50
108.0800 108.1440 52
108.3360 108.4000 56
108.4320 108.4320 54
108.4640 108.6240 52
108.8480 109.0400 53
110.8320 110.9600 58
111.1200 111.6000 60
111.6320 111.9520 63
111.9840 112.1760 62
112.2080 112.2720 60
113.0080 113.1360 65
113.1680 113.4240 62
113.4560 113.5520 65
113.7440 113.8400 60
113.8720 114.0960 62
114.1280 114.2880 66
114.4800 114.5760 60
114.6080 114.8000 62
114.8320 114.8640 60
116.1120 116.1440 57
116.1760 116.3040 58
116.5920 117.1040 60
117.1360 117.2640 61
117.2960 117.5840 63
117.6160 117.8080 62
117.9360 118.0320 60
118.0640 118.2240 58
118.8320 119.2800 58
119.5680 119.8560 60
119.8880 120.1440 57
120.3040 120.3040 56
120.3360 120.5280 58
120.8800 120.9440 52
120.9760 121.0400 53
121.0720 121.3280 54
121.3600 121.5520 55
121.7440 121.8400 57
122.2560 122.5120 56
122.5440 123.1520 57
123.7920 123.9520 56
123.9840 124.1120 58
124.1440 124.2400 57
124.3040 124.6880 57
125.0720 125.1040 56
125.1360 125.3600 57
125.3920 125.5200 58
125.5520 125.6800 57
125.9680 126.0640 55
126.8640 126.9280 51
127.1200 127.2480 53
127.4080 127.9840 55
128.2400 128.4640 55
128.6560 128.7520 55
129.4560 129.4880 56
129.5200 129.8400 57
129.8720 130.0640 58
130.2240 130.4160 57
130.5440 130.6080 57
130.7680 130.8320 58
130.9600 131.0880 57
131.2800 131.4080 55
131.5360 131.6320 53
132.4320 132.9120 57
133.0720 133.6160 60
133.6480 133.9680 62
134.0000 134.5120 60
135.0560 135.1200 59
135.1520 135.5040 62
135.5360 136.0800 60
136.1120 136.3040 57
136.4320 136.5600 60
136.5920 136.9440 62
136.9760 137.1040 60
137.3920 137.5200 57
138.2560 138.4480 56
138.4800 138.5440 57
138.5760 138.6080 58
138.7680 139.3760 58
139.6640 139.8240 58
139.9840 139.9840 55
140.0160 140.1760 58
140.7840 141.2320 60
141.2640 141.5200 62
141.5520 141.7120 60
141.7440 141.8080 59
141.8400 141.9040 56
141.9360 142.1600 57
142.1920 142.4800 58
142.7040 142.8000 55
142.8320 143.0560 53
143.7920 144.1120 57
144.4640 144.8160 60
145.0720 145.2640 65
145.2960 145.5520 61
145.7440 145.8400 61
146.4800 146.6720 65
146.7040 146.7360 63
146.7680 146.8000 61
146.8320 146.8960 60
147.0560 147.4080 60
147.5360 147.6640 57
147.8240 147.9200 59
147.9520 148.2720 62
148.3040 148.3360 61
148.3680 148.4960 60
148.7200 148.7840 58
149.6160 149.6800 55
149.8400 150.0640 57
150.0960 150.7680 58
151.0560 151.2160 58
151.2480 151.2800 55
151.3120 151.5040 58
152.1760 152.1760 57
152.2080 152.6240 60
152.6560 152.8480 62
152.8800 153.3600 60
153.3920 153.4880 58
154.0960 154.4800 58
154.5120 154.6080 56
155.4720 155.7280 64
155.7600 159.0240 65
159.0560 159.2160 66
159.2480 159.3760 65
