12.0160 12.0800 57
12.6880 13.1360 69
13.1680 13.2320 70
13.2640 14.3200 71
14.7360 14.8960 71
15.0240 15.4080 71
15.4400 17.7440 69
19.0880 19.4080 64
19.6000 19.9200 64
20.2400 20.3360 60
20.3680 20.5920 62
20.7200 21.0720 60
21.2000 21.3920 57
21.5200 21.7120 62
21.7440 21.8080 64
22.0000 22.1920 62
23.2480 23.4400 60
23.4720 23.5680 62
23.7920 24.0800 62
24.3040 24.5600 62
24.7840 25.0400 64
25.1680 25.5200 62
25.6480 25.8720 60
26.1920 26.3200 55
27.4400 27.4720 58
27.5040 27.7280 62
27.7600 27.9840 64
28.1760 28.7840 69
29.3280 29.6160 62
29.6480 29.9360 63
30.6400 30.8320 62
31.1520 31.4400 55
31.6000 31.7600 60
31.7920 32.1760 62
32.3040 33.1040 64
35.7600 35.8880 62
35.9200 36.1760 64
36.2080 36.3360 62
36.3680 36.5920 64
36.9760 37.0720 60
37.2320 37.6480 60
37.6800 38.0320 57
38.0640 38.2240 62
38.2560 38.3520 64
38.3840 38.6720 62
39.8240 39.9520 64
39.9840 40.6880 67
40.8160 41.5200 67
41.5520 41.7440 69
41.7760 41.9680 68
42.0000 42.0960 67
42.1280 42.1280 63
42.2560 42.5760 62
42.6080 42.7040 63
42.7360 43.0880 64
44.0160 44.2400 64
44.6880 45.0400 62
46.5440 46.5760 60
46.6080 47.7280 62
47.7600 47.9200 64
48.1120 48.2720 62
48.3040 48.5920 60
48.6240 49.2640 57
52.2720 53.0400 64
53.0720 53.4240 62
53.5520 53.8080 62
53.8400 54.2240 64
54.2560 55.3440 62
55.3760 55.8560 64
55.8880 56.0480 67
56.4320 56.5920 62
56.6240 57.4880 64
57.7120 58.4480 67
58.4800 58.6720 69
58.7040 59.4400 67
59.4720 60.2720 64
60.9120 61.2640 62
61.2960 61.3920 64
61.5520 61.8400 62
61.8720 62.5440 64
62.8000 63.2800 57
63.4400 63.7280 62
63.8560 64.0480 64
64.6560 64.8160 64
64.8480 65.6160 67
65.6480 65.7760 65
65.9680 66.1280 62
66.1600 66.6080 64
66.7360 66.9280 67
66.9600 67.2800 69
67.3120 67.4080 67
67.4400 67.8240 64
67.9520 68.3040 67
68.8480 68.8480 59
68.8800 69.0400 62
69.0720 69.2640 64
69.2960 69.3600 62
69.3920 69.5200 64
69.5520 70.0640 62
70.0960 70.8320 64
70.8640 71.8560 62
71.8880 72.1120 64
72.1440 72.4320 67
72.9120 73.0720 62
73.1040 74.0320 64
74.1920 74.9600 67
74.9920 75.2160 69
75.2480 75.9840 67
76.1440 76.7200 64
77.6800 77.7120 62
77.7440 77.9040 64
78.0960 78.3520 62
78.3840 79.0560 64
79.0880 80.4000 67
80.4320 80.7520 69
81.2000 81.2000 67
81.2320 81.3280 69
81.3600 81.5200 72
81.5520 81.8080 70
81.8400 82.3520 67
82.3840 82.4800 70
82.5120 83.8560 69
84.3680 84.5280 62
84.5600 84.8160 64
84.8480 85.3280 67
85.3600 86.3200 69
86.3520 88.7520 72
89.4560 89.6480 67
89.6800 90.1920 69
90.2240 91.4720 67
92.5920 92.9120 64
93.0400 93.6160 67
93.6480 94.5120 69
94.5440 95.9200 74
96.7520 97.3280 71
97.7760 99.1520 69
107.3120 107.5040 67
107.7920 107.9200 68
108.1120 108.2080 68
118.4480 118.4800 59
118.5120 118.7040 62
118.7360 119.3760 64
119.5040 119.7600 62
119.8880 120.4320 60
120.4640 120.6880 57
120.8480 121.0080 64
121.0400 121.2320 62
121.2640 121.4880 60
121.5200 121.7120 62
122.5760 122.9280 62
123.1200 123.4080 62
123.6320 124.1760 62
124.2080 124.6880 64
124.7200 124.9120 62
124.9440 125.1360 60
125.1680 125.7440 55
125.7760 125.9040 54
126.7360 126.7360 60
126.7680 126.9600 62
126.9920 127.4080 64
127.4400 127.6640 67
127.6960 128.0800 69
128.1120 128.2400 65
128.5920 129.0080 64
129.0400 129.1360 63
129.8400 130.0640 60
130.0960 130.2560 62
130.2880 130.2880 60
130.4480 130.7040 55
130.8640 131.3760 62
131.5360 132.3040 64
135.0560 135.1840 62
135.2160 135.3760 64
135.5360 135.7600 62
135.7920 136.1120 64
136.1440 136.2400 62
136.2720 136.8480 60
136.8800 137.2640 57
137.4560 137.5840 62
137.6160 137.7120 64
137.9040 138.0320 64
138.0640 138.2880 62
138.9920 139.3120 65
139.3440 140.8480 67
140.8800 141.2960 69
141.3280 141.3920 67
141.5840 141.7440 62
142.0000 142.3520 64
143.1840 143.4080 62
143.4400 143.5360 64
143.5680 143.7920 62
143.9520 144.0160 63
144.0480 144.3040 62
145.1680 145.5200 60
145.5520 145.7760 62
146.4160 146.7040 62
146.9280 147.1200 64
147.1520 147.7920 62
147.8240 147.9840 60
148.1760 148.9760 57
151.5360 152.3360 64
152.3680 152.7200 62
152.8800 153.2000 62
153.2320 153.5520 64
153.5840 154.6400 62
154.6720 155.1520 64
155.1840 155.3440 67
155.5680 155.6000 60
155.6640 155.6960 60
155.7280 155.8880 62
155.9200 156.8480 64
157.0080 157.7120 67
157.7440 157.9360 69
157.9680 158.7040 67
158.7360 159.5040 64
160.1760 160.5280 62
160.5600 160.6560 64
160.8480 161.1360 62
161.1680 161.8400 64
162.0000 162.6400 57
162.8000 162.8000 58
162.8320 163.0240 62
163.2160 163.4080 64
164.0160 164.1440 64
164.1760 164.3360 67
164.4640 165.0400 67
165.2960 165.4880 62
165.5200 165.9040 64
166.0640 166.2240 67
166.2560 166.4160 69
166.4480 166.5760 68
166.6080 166.7040 67
166.7360 167.1200 64
167.2800 167.6000 67
168.0480 168.1120 61
168.1440 168.3680 62
168.4000 168.7840 64
168.9120 169.2640 62
169.3920 170.0960 64
170.1280 170.9600 62
170.9920 171.2800 64
171.4720 171.6640 64
171.6960 171.8560 67
172.3040 172.4320 62
172.4640 173.3920 64
173.4240 174.3200 67
174.3520 174.5120 69
174.5440 174.6080 68
174.6400 175.2800 67
175.3120 175.3440 66
175.3760 175.9200 64
176.8800 177.0400 62
177.0720 177.2000 64
177.3920 177.6800 62
177.7120 178.4160 64
178.4480 180.0160 67
180.0480 180.1760 69
180.5280 180.5280 67
180.5600 180.6880 70
180.7200 180.9760 72
181.0080 181.1360 69
181.1680 181.6800 67
181.7120 183.2160 69
183.6960 183.8240 62
183.8560 184.1440 64
184.1760 184.5920 67
184.6240 185.6160 69
185.6480 187.7600 72
188.7520 188.9760 67
189.0080 189.4880 69
189.5200 190.9920 67
191.8880 192.2080 64
192.4320 192.9120 67
192.9440 193.7440 69
193.7760 195.3120 74
196.0800 196.4320 71
197.1360 197.3920 67
197.4240 199.1200 69
201.2000 201.9680 64
202.0000 202.3840 62
202.5440 202.7680 62
202.8000 203.2160 64
203.2480 204.2720 62
204.3040 204.7520 64
204.7840 204.9440 67
205.3600 205.5520 62
205.5840 206.4480 64
206.6720 207.3760 67
207.4080 207.6000 69
207.6320 208.0160 68
208.0480 208.4640 67
208.4960 208.8480 64
208.8800 209.0720 63
210.0320 210.1920 62
210.2240 210.3520 64
210.5440 210.8320 62
210.8640 211.5360 64
212.0800 212.1440 56
212.1760 212.2400 57
212.4000 212.5600 62
212.7520 213.0400 64
213.6480 213.8080 64
213.8400 214.0000 67
214.1280 214.7040 67
214.8960 215.0880 62
215.1200 215.5680 64
215.6960 215.8240 67
215.8560 216.2080 69
216.2400 216.3360 67
216.3680 216.8800 64
216.9760 217.2960 67
217.8080 217.9360 62
217.9680 218.4480 64
218.6080 218.9280 62
219.0560 219.7920 64
219.8240 220.7840 62
220.8160 221.0400 64
221.0720 221.4560 67
221.9040 222.1280 62
222.1600 223.1520 64
223.1840 223.5360 67
223.7280 223.9200 67
223.9520 224.2400 69
224.2720 225.2640 67
225.2960 225.5520 64
225.5840 225.6480 65
226.5760 226.7360 62
226.7680 226.8960 64
227.0880 227.3760 62
227.4080 228.0800 64
228.1120 228.1760 66
228.2080 229.6160 67
229.6480 229.8080 69
230.1920 230.3200 70
230.3520 230.4800 72
230.5120 230.6400 70
230.6720 230.7360 69
230.7680 230.8640 68
231.0240 231.3440 67
231.5360 232.6560 69
233.3280 233.7760 64
233.8080 234.2560 67
234.2880 234.8000 69
234.8320 234.8960 75
235.0560 235.2480 70
235.2800 237.4880 72
238.4800 238.6720 67
238.7040 239.2160 69
239.2480 240.9760 67
242.6080 242.8000 62
242.8320 243.2160 64
243.2480 243.3760 63
243.4080 244.3360 62
244.3680 244.8800 64
244.9120 246.1600 67
247.0240 247.0240 67
247.0560 247.2160 71
247.2480 247.4720 72
247.5040 247.6000 71
247.6320 250.1280 69
