10.8960 10.9920 55
11.2160 13.0400 53
13.9680 14.0960 56
14.1280 14.2240 57
14.2560 14.4480 59
14.5760 14.7360 61
14.7680 14.9920 62
15.1520 15.3760 64
15.5040 15.8880 65
15.9200 16.0160 63
16.0480 16.4960 64
16.5280 17.8720 62
18.8640 18.9280 59
18.9600 19.2160 62
19.2480 19.5680 60
19.7280 20.0160 57
20.0480 20.7200 55
20.7520 20.8160 57
20.8480 21.2000 58
21.2320 21.3920 57
21.6160 21.9680 57
22.0000 22.1280 56
22.8320 22.8640 54
22.8960 23.1520 55
23.1840 23.7600 53
23.7920 24.1120 56
24.1440 24.8480 55
25.1040 25.2320 55
25.2640 25.5200 49
25.5520 25.6160 51
25.6480 26.0320 53
26.2240 26.2880 56
26.3200 27.5040 57
28.0800 28.2080 55
28.2400 29.7440 53
31.1840 31.1840 54
31.2160 31.4080 57
31.4400 31.7600 59
31.7920 32.0480 61
32.0800 32.1120 62
32.1440 32.6240 64
32.6560 32.9440 65
32.9760 33.2640 64
33.3920 34.9280 62
34.9600 35.7920 57
35.8240 35.8880 59
36.0160 36.0480 58
36.0800 36.1120 61
36.1440 36.4000 62
36.5600 36.7200 60
36.7520 37.1680 58
37.2000 37.4880 57
37.5200 37.6800 55
37.7120 37.8720 56
37.9040 37.9360 57
37.9680 38.2560 58
38.2880 39.2480 57
39.2800 39.2800 55
40.0160 40.2720 55
40.3040 40.7840 53
40.9760 42.0640 55
42.8000 43.3760 53
43.4080 43.5040 56
43.5360 44.8800 57
44.9120 45.1040 54
45.1360 45.3920 56
45.4240 46.2880 57
46.4800 47.3120 57
47.5040 47.6960 60
47.7280 48.3040 62
48.3360 48.9120 64
48.9440 49.5200 65
49.5520 49.8080 64
49.8400 50.3840 62
50.4160 50.8960 64
50.9280 51.0560 63
51.0880 51.9520 60
51.9840 52.1760 62
52.3360 53.9040 57
55.0560 55.2160 55
55.2480 56.1120 57
56.2720 57.0400 57
57.1680 57.2640 55
57.4560 58.0640 62
58.0960 58.5440 64
58.5760 58.6400 63
58.6720 59.3120 65
59.3440 59.5360 64
59.5680 59.6000 63
59.6320 59.9840 62
60.0160 60.1120 63
60.1440 60.7520 64
60.9120 61.0080 62
61.0400 61.6480 60
61.8080 62.3840 64
62.4160 64.4320 65
64.7520 64.9440 55
65.1040 66.4160 53
66.7360 67.0880 53
67.8240 67.8240 50
67.8560 67.9200 56
67.9520 68.2400 57
68.2720 68.3680 59
68.5600 68.8800 62
68.9120 68.9440 63
68.9760 69.4560 64
69.4880 69.7440 65
69.7760 69.9360 63
69.9680 70.3200 64
70.3520 72.0160 62
72.5920 72.7840 57
72.8160 72.8160 59
72.8480 73.2320 62
73.2640 73.6480 60
73.6800 73.8400 58
73.8720 74.0000 57
74.0320 74.0960 54
74.1280 74.2560 55
74.3200 74.6400 55
74.6720 75.8880 57
75.9200 76.0480 56
76.7520 77.0400 55
77.0720 77.7120 53
77.7440 78.0640 56
78.0960 78.8000 55
79.2160 79.2480 48
79.2800 79.5040 50
79.5360 79.9840 53
80.1760 81.6800 57
82.0000 82.1920 55
82.2240 83.0560 57
83.2480 84.1440 57
84.4320 85.0720 62
85.1040 85.8080 64
85.8400 86.2880 65
86.3200 86.5760 64
86.6080 87.1200 62
87.1520 87.6320 64
87.8560 88.7200 60
88.7520 88.8160 62
88.8480 88.9120 61
89.0720 90.4800 57
91.7920 91.9520 55
91.9840 92.8800 57
93.0400 93.1680 56
93.2000 94.0000 57
94.2560 94.8320 62
94.8640 95.4080 64
95.4400 96.0800 65
96.1120 96.3680 64
96.4000 96.7840 62
96.8160 96.9120 63
96.9440 97.5520 64
97.5840 97.7440 62
97.7760 98.3840 60
98.5760 99.1520 64
99.1840 99.7920 65
99.8240 99.8240 63
99.8560 100.4000 60
100.4320 101.0080 58
101.0400 101.2960 57
101.3280 101.7440 55
101.9040 103.0880 53
104.5920 104.6240 50
104.6560 104.6560 54
104.6880 105.0400 57
105.0720 105.1680 59
105.3280 105.5200 61
105.6480 105.7440 63
105.7760 107.0880 64
107.1200 108.8160 62
109.6160 109.6800 60
109.7120 110.0000 62
110.0320 110.4480 60
110.4800 110.5120 59
110.5440 110.6400 58
110.6720 110.9600 55
111.0880 111.4080 55
111.4400 112.6880 57
112.7200 112.8800 55
113.5840 113.8400 55
113.8720 114.4800 53
114.5120 114.8000 57
114.8320 115.3440 55
115.6000 115.6960 52
116.0800 116.3040 50
116.3360 116.8160 53
117.0080 118.9920 57
119.2800 120.0480 53
120.0800 120.1440 55
120.1760 120.7840 57
120.8160 121.6480 55
121.6800 121.6800 53
122.4480 122.6400 50
122.6720 122.9600 53
123.3760 123.4720 52
123.5040 123.5360 55
123.5680 125.0720 57
125.1040 126.2880 58
126.3200 126.5760 59
126.6080 127.4080 58
