16.7840 16.8480 46
16.8800 16.9440 47
16.9760 17.2000 48
17.2320 17.2640 49
17.2960 17.5840 50
17.6160 17.6480 51
17.6800 17.8720 52
18.0640 18.6720 55
18.8000 19.1520 55
19.8240 19.9200 49
24.7840 24.8480 54
24.8800 24.9440 55
24.9760 25.4560 57
25.4880 25.5200 56
25.5520 26.1600 55
26.1920 26.5760 57
26.7680 26.8960 55
26.9280 26.9600 56
26.9920 27.1840 57
27.2160 27.5680 55
27.6000 27.6640 54
27.9840 28.0480 55
28.2080 28.9760 55
29.0080 29.1360 53
32.8160 32.8480 46
32.8800 33.0080 47
33.0400 33.1360 48
33.2960 33.6480 50
33.6800 33.7120 51
33.7440 33.9360 52
34.1600 34.3840 55
34.5440 34.6080 55
34.6400 34.9280 54
34.9600 35.2160 55
35.2480 35.4720 52
35.8240 35.9200 48
40.8480 40.9440 56
40.9760 41.4880 57
41.5200 41.5840 56
41.6160 41.9040 55
42.0960 42.5760 57
42.7680 42.8000 53
42.8320 42.9600 54
42.9920 43.1200 55
43.1520 43.1840 54
43.2160 43.5360 52
43.7600 43.9520 51
48.7520 48.8160 46
48.8480 48.9120 47
49.3280 49.6480 50
49.6800 49.7120 51
49.7440 49.9360 52
49.9680 50.0320 53
50.0640 50.2880 55
50.6720 50.8960 54
50.9280 51.0240 55
51.0560 51.1200 54
51.1520 51.4400 51
51.4720 51.5680 52
51.6000 51.6960 51
51.8560 51.9200 50
51.9520 52.0160 51
52.5280 52.6560 55
56.8160 56.8800 55
56.9120 56.9760 56
57.0080 57.4560 57
57.4880 57.5840 56
57.6160 58.1280 55
58.1600 58.2240 56
58.2560 58.4800 57
58.5120 58.9920 55
59.0240 59.0880 52
59.1200 59.5040 50
59.8240 59.8560 53
59.8880 59.9200 54
59.9520 60.2080 55
64.5600 64.7840 54
64.8160 64.9440 55
64.9760 65.0080 56
65.0400 65.2000 57
65.2320 65.2960 56
65.3280 65.4880 55
65.6160 65.9040 60
66.0640 66.4160 57
66.4480 66.6720 56
66.7040 66.8960 57
66.9280 66.9600 56
66.9920 68.0160 55
68.4960 68.6880 55
68.7200 68.8800 54
68.9120 69.2000 55
69.5840 69.6800 52
72.3040 72.4320 56
72.8480 72.9440 52
73.3280 73.4560 49
73.4880 74.0000 48
74.1280 74.2880 48
75.3440 75.4400 52
80.0160 80.0160 52
80.0480 80.0800 54
80.1120 80.2720 55
80.3040 80.4640 57
80.4960 80.6560 55
80.8160 80.9120 58
80.9440 81.1680 60
81.2000 81.4880 57
81.5840 81.7120 55
81.7440 81.9040 57
81.9360 81.9680 56
82.0000 82.3520 55
82.9920 83.1200 50
83.3120 83.4080 55
83.4400 83.6320 57
83.6640 83.7600 56
83.7920 84.0160 55
84.1120 84.2720 53
84.3040 85.3600 55
87.5360 87.6320 55
87.6640 87.8240 54
87.8560 87.8880 52
88.0800 88.3040 51
88.3360 88.4640 50
88.4960 88.5280 49
88.5600 88.9120 48
88.9440 89.1360 49
89.3600 89.4560 50
89.4880 89.7760 48
90.7040 90.8000 53
90.8320 90.8960 55
90.9280 91.1200 57
91.2800 91.5360 55
92.1120 93.0720 55
93.1040 93.3280 52
93.3600 93.7760 55
93.9040 93.9680 55
96.0480 96.3040 55
96.3360 96.4960 57
96.5280 97.2320 55
97.2640 97.4560 60
97.6160 97.9040 60
98.0320 98.4160 60
98.8000 99.0240 62
99.0560 99.5360 60
99.5680 100.3680 62
100.5600 100.6240 67
100.8160 101.1680 67
101.2000 101.2640 65
101.2960 101.6480 64
101.6800 102.0320 62
102.2560 102.5120 57
102.5440 102.5760 61
102.6080 102.9600 62
102.9920 103.6320 60
104.0160 104.4640 62
104.4960 104.6880 60
104.7200 105.2640 57
105.2960 105.9040 62
106.2560 106.4480 62
106.4800 106.7680 60
106.8000 106.9920 62
107.0240 107.3120 64
107.5040 108.1440 57
108.3040 109.0080 62
109.0400 110.0000 60
121.7760 122.7040 67
129.3280 129.6480 50
129.6800 130.0000 52
130.0320 131.0880 55
131.3760 131.6960 51
131.7280 131.9200 49
131.9520 132.1120 50
132.4320 132.5280 50
132.8800 133.4880 56
136.8160 136.8800 55
136.9120 136.9440 56
136.9760 137.4240 57
137.4560 137.5200 56
137.5520 138.1920 55
138.2240 138.4480 57
138.4800 138.9920 55
139.0240 139.0240 52
139.0560 139.6000 50
139.8240 141.0400 55
141.0720 141.6800 52
143.6640 143.7280 55
144.2080 144.5280 55
144.8160 145.8400 55
146.0320 146.5440 57
146.5760 146.6720 55
146.7040 146.9600 57
146.9920 147.7280 55
148.6560 148.8800 62
148.9760 149.1680 62
150.3840 150.4800 62
152.5600 152.6560 49
152.8160 152.9440 51
153.1040 153.1680 50
153.3280 153.4560 50
153.4880 153.9360 48
154.2880 154.5120 48
155.3120 155.8880 50
155.9200 156.0800 52
156.4960 156.6880 50
156.8800 157.2000 50
157.2320 157.7440 48
159.9840 160.1440 63
160.1760 160.4640 67
160.4960 160.5280 62
160.8160 160.8160 56
160.8480 161.2000 60
161.2320 161.4560 57
161.6160 161.6800 55
161.7120 161.9360 57
161.9680 162.3840 55
162.5120 162.7360 57
162.8640 163.0560 54
163.3440 163.3760 55
163.4080 163.6320 57
163.6640 163.7920 56
163.8240 163.9520 55
164.1120 164.2400 54
164.2720 164.5600 55
164.7200 165.2640 55
166.5760 166.6720 55
168.0160 168.0480 48
168.0800 168.2720 51
168.3040 168.4320 50
168.4640 168.5920 49
168.7840 168.9120 49
168.9440 169.0080 50
169.2640 169.4880 50
169.5200 169.7440 49
169.7760 169.9040 50
170.7680 170.9280 55
170.9600 171.1200 57
171.1520 171.1840 56
171.3120 171.4720 55
171.5040 171.5680 52
171.6000 171.9840 50
172.1120 173.3600 55
173.6800 173.7440 55
174.3520 174.4480 55
176.0480 176.1120 53
176.1440 176.2720 55
176.3040 176.4640 57
176.4960 177.2320 55
177.2640 177.4880 60
177.6480 177.7120 58
177.7440 177.9680 60
178.0960 178.2880 60
178.3200 178.4160 59
178.7680 179.2800 62
179.3120 179.3120 60
179.4400 180.3360 67
180.4960 180.5600 65
180.5920 180.7520 67
180.7840 180.8480 65
180.8800 181.0080 67
181.0400 181.7120 64
181.7440 182.4480 62
182.5760 183.0560 62
183.0880 183.7280 60
184.0160 184.0480 62
184.0800 184.2080 63
184.3360 184.4320 62
184.5600 184.7200 60
184.7520 185.2320 57
185.2640 185.3280 60
185.3600 185.4560 62
185.4880 185.5840 67
185.6160 185.8080 68
185.8400 186.2880 67
186.3200 186.4800 62
186.5120 186.7360 60
186.7680 186.8320 62
186.8640 186.9280 63
186.9600 187.4080 64
187.4400 187.4400 61
187.5680 188.0800 57
188.2720 189.0080 62
189.0400 190.1600 60
192.0480 192.0800 54
192.1120 192.2720 55
192.3040 192.4320 57
192.4640 192.4960 56
192.5280 192.6560 55
192.8160 192.9120 58
192.9440 193.1680 60
193.2960 193.4560 57
193.5840 193.6800 55
193.7120 193.7440 56
193.7760 193.9680 57
194.0000 194.0640 56
194.0960 194.5760 55
194.6080 194.7360 56
194.8960 194.9600 57
195.3120 195.6000 56
195.6320 196.4960 55
200.0480 200.1120 57
200.1440 200.2400 59
200.2720 200.4960 57
200.9120 201.1680 56
201.3600 201.5840 57
201.7440 201.8080 56
202.6400 202.7040 56
202.7360 202.8960 55
202.9280 203.1520 57
203.2800 203.4400 55
203.7600 203.9520 57
204.1120 205.0080 55
205.0400 205.2320 52
205.2640 205.7440 55
207.9520 209.2320 55
209.2640 209.4880 60
209.6160 209.6800 58
209.7120 210.5120 60
210.7680 210.9920 62
211.0240 211.5040 60
211.5360 212.3040 62
212.5920 212.6560 63
212.6880 212.7520 64
212.7840 212.8800 65
212.9120 213.2000 67
213.2320 213.6480 64
213.6800 213.7440 63
213.7760 214.0000 62
214.0320 214.1920 56
214.2240 214.2560 57
214.2880 215.0240 62
215.0560 215.7920 60
215.8240 215.9840 61
216.0160 216.0480 62
216.0800 216.2720 63
216.3040 216.4640 62
216.4960 216.7200 60
216.7520 217.2320 57
217.2640 217.3280 60
217.3600 217.9360 62
218.2240 218.4480 62
218.4800 218.7360 60
218.7680 218.9280 62
218.9600 219.4720 64
219.5040 219.7600 57
220.3040 221.0400 62
221.0720 222.3840 60
224.0160 224.4320 62
224.5600 224.7200 59
224.7520 225.1360 57
225.1680 225.4240 62
225.6160 225.9360 62
226.4800 226.6720 62
226.7040 227.0240 60
227.0560 227.1840 62
227.2160 227.5040 64
227.5360 227.6000 63
227.8240 228.4000 57
230.0960 230.6720 62
230.7040 231.2800 60
