0.1760 3.0240 65
33.1680 33.2000 58
33.2320 33.3920 59
33.4240 34.2240 60
34.4160 34.4160 60
34.4480 34.4480 62
34.4800 34.9920 65
35.0240 35.0880 62
35.1200 35.3760 63
35.4080 35.9840 65
36.0160 37.0720 67
37.6480 37.9360 67
38.0960 38.2560 71
38.2880 38.3520 70
38.4800 39.1200 63
39.1520 39.4080 62
39.4400 39.6320 60
39.7920 39.9520 58
39.9840 40.0480 59
40.0800 40.2400 61
40.5280 40.6240 55
40.6560 40.7520 56
40.7840 40.9760 59
41.1360 41.3280 58
41.3600 41.4240 59
41.4560 42.2560 60
46.2880 46.3840 60
46.5120 46.8320 61
46.8640 46.8640 63
46.8960 47.2160 66
47.2480 47.2800 65
47.3120 47.3760 63
47.4080 47.4720 61
47.5040 47.6320 60
47.9840 48.1760 63
48.9760 49.0080 57
49.0400 49.1360 58
49.1680 49.2320 59
49.2640 49.8720 60
49.9040 49.9360 62
49.9680 50.0640 63
50.2560 50.5440 60
50.5760 50.7040 61
50.8320 51.0560 68
51.0880 51.4080 70
51.4400 51.4720 69
51.5040 51.6000 68
51.6320 51.7920 67
52.1120 53.3280 65
54.2240 54.3520 66
54.3840 55.5360 67
55.5680 56.2080 70
56.2400 56.2720 69
56.3040 56.4000 68
56.4320 56.6560 67
56.8160 56.8800 69
56.9120 56.9760 71
57.0080 57.1040 70
57.1360 59.0880 72
59.1200 59.4080 71
59.5360 60.0480 67
60.4960 60.6560 68
60.6880 60.6880 64
60.7200 60.7840 62
60.8160 60.9120 65
60.9440 61.1040 66
61.1360 61.4560 67
61.4880 61.5200 65
61.5520 61.5840 62
61.6160 62.0000 60
62.1280 62.7360 63
64.0160 64.1120 57
64.1440 64.1760 59
64.2080 64.2400 60
64.2720 64.4320 61
64.4640 64.9120 63
64.9440 65.0080 64
65.0400 65.4240 65
66.6720 66.7040 65
66.7360 66.7680 66
66.8000 67.3440 67
67.3760 67.6000 71
67.6320 67.7280 70
67.7600 67.8240 67
68.0160 68.3680 64
68.4000 68.4320 63
69.2960 69.7440 62
69.7760 69.9360 61
69.9680 70.3520 59
71.1520 71.4080 60
71.4400 71.4720 59
71.5040 71.5680 58
71.6000 71.8560 56
72.2720 72.3680 58
72.4000 72.5280 59
72.5600 72.9120 58
72.9440 73.6800 60
73.7120 73.8400 61
73.8720 74.0000 60
74.0320 74.2880 61
74.3200 74.5760 60
75.2160 75.3760 69
75.4080 75.8880 71
75.9200 77.0080 70
77.0400 77.0720 67
77.2640 77.5840 67
77.6160 77.9040 70
77.9360 79.6320 72
79.6640 79.7280 71
79.7600 79.8240 69
79.8560 80.2400 70
80.2720 80.4000 72
80.5600 80.6880 73
80.7200 81.0080 74
81.1680 81.2000 72
81.2320 81.4880 74
81.5200 81.7440 72
81.9040 82.6400 70
82.6720 82.8000 71
82.8320 83.0880 72
83.1200 83.2160 71
83.2480 83.3440 70
83.3760 83.4400 69
83.7280 84.2720 67
85.2000 85.2640 66
85.2960 85.4240 65
85.4560 85.6800 64
85.8720 86.3200 66
87.7280 87.9520 65
87.9840 88.1120 66
88.1440 88.3680 67
88.4000 88.4640 66
88.6880 88.7840 62
88.8160 88.9440 60
90.3840 90.5120 59
90.5440 90.6080 60
90.6400 90.7360 61
90.7680 90.9280 64
91.0880 91.3760 63
91.4080 91.9200 65
91.9520 92.1760 61
92.4640 92.6880 64
92.7200 92.9440 63
93.0720 93.2320 69
93.2640 93.6160 70
93.6480 93.7440 69
93.9040 93.9680 67
94.0000 94.0640 68
94.3520 94.4800 66
94.5120 95.5360 65
96.2720 96.3360 67
96.3680 96.4320 66
96.4640 97.0720 70
97.1040 97.4880 71
97.6480 98.0320 70
98.0640 98.1280 69
98.3200 98.5440 67
98.5760 98.6400 68
98.6720 98.9600 70
98.9920 100.5920 72
100.6240 100.7520 71
100.7840 101.0400 70
101.0720 101.2320 71
101.2640 101.4560 72
101.6160 101.7120 73
101.7440 102.0960 74
102.1280 102.2240 75
102.2560 102.5440 74
102.5760 102.9600 72
102.9920 103.0560 73
103.2800 103.7600 70
103.9840 104.2080 72
104.2400 104.2720 71
104.3040 104.3360 70
104.7200 105.4240 67
106.1600 106.4800 60
106.5120 106.6720 63
106.9600 107.2160 63
107.2480 107.4080 65
108.6240 109.0400 67
109.2000 109.5520 67
109.5840 109.6800 69
109.7120 109.7120 65
109.7440 110.0960 63
110.1280 110.3840 64
111.5040 111.6320 63
111.6640 111.9200 62
111.9520 112.0800 61
112.1120 112.2400 59
114.3520 114.4160 59
117.4880 117.6480 59
117.6800 118.5440 60
118.6720 118.7040 61
118.7360 118.7360 63
118.7680 119.2480 65
119.3760 119.6320 63
119.6640 120.2400 65
120.2720 121.3280 67
121.9360 121.9680 66
122.0000 122.1920 67
122.3840 122.4480 70
122.4800 122.6080 71
122.7360 123.3760 63
123.4080 123.6640 62
123.6960 123.8880 60
124.0480 124.2080 58
124.2400 124.3040 59
124.3360 124.4640 61
124.4960 124.5280 60
124.7520 124.8800 55
124.9120 125.0080 56
125.0400 125.2320 59
125.3920 125.6800 58
125.7120 126.5760 60
130.8320 131.1200 61
131.1520 131.1840 65
131.2160 131.5360 66
131.5680 131.6000 64
131.6320 131.6640 62
131.6960 131.9200 61
132.2400 132.4320 63
133.2320 133.2640 57
133.2960 133.5200 58
133.5520 134.1280 60
134.1600 134.1920 62
134.2240 134.3520 63
134.5120 134.8000 60
134.8320 134.9920 61
135.1200 135.3440 68
135.3760 135.6640 70
135.6960 135.7280 69
135.7600 135.8560 68
135.8880 136.0480 67
136.3360 136.4960 66
136.5280 137.5520 65
138.4800 139.7920 67
139.8240 140.4640 70
140.4960 140.5280 69
140.5600 140.6880 68
140.7200 140.9440 67
141.0720 141.0720 67
141.1040 141.3600 70
141.3920 143.3440 72
143.3760 143.6320 71
143.7600 144.3040 67
144.6880 144.9120 68
144.9440 144.9440 65
144.9760 145.0400 62
145.0720 145.3920 65
145.4240 145.7120 67
145.7440 145.7760 65
145.8080 145.8400 62
145.8720 146.2560 60
146.3840 146.9920 63
148.3040 148.3680 57
148.4000 148.4320 59
148.4640 148.6560 60
148.6880 149.1680 63
149.2000 149.2640 64
149.2960 149.6800 65
150.9280 150.9600 65
150.9920 151.0560 66
151.0880 151.6000 67
151.6320 151.8240 71
151.8560 151.9840 70
152.0160 152.0800 67
152.2720 152.4320 65
152.4640 152.6240 64
152.6560 152.6880 63
153.5520 154.0000 62
154.0320 154.1920 61
154.2240 154.6080 59
155.3760 155.4080 59
155.4400 155.6960 60
156.0160 156.0800 57
156.5280 156.6240 58
156.6560 156.7840 59
156.8160 157.1680 58
157.2000 157.9360 60
157.9680 158.4160 61
158.4480 158.8000 60
158.8320 158.8640 59
159.4720 159.6320 70
159.6640 160.3680 71
160.4000 161.2320 70
161.2640 161.2960 67
161.5200 161.8400 67
161.8720 162.1600 70
162.1920 163.8880 72
163.9200 163.9840 71
164.0160 164.4640 70
164.4960 164.6560 72
164.8160 164.9440 73
164.9760 165.2960 74
165.4240 165.4560 72
165.4880 165.7440 74
165.7760 165.9680 72
166.1920 166.8960 70
166.9280 167.0560 71
167.0880 167.3440 72
167.3760 167.4720 71
167.5040 167.5680 70
167.6000 167.7280 69
167.9840 168.5920 67
169.4560 169.5200 66
169.5520 169.6800 65
169.7120 169.9360 64
170.0960 170.5760 66
172.0480 172.1760 65
172.2080 172.3680 66
172.4000 172.6240 67
172.6560 172.7200 66
172.9760 173.0400 61
173.0720 173.2000 60
174.6400 174.7680 59
174.8000 174.8640 60
174.8960 174.9920 61
175.0240 175.1840 64
175.3760 175.6320 63
175.6640 176.1440 65
176.1760 176.2400 62
176.2720 176.4320 61
176.7200 176.9440 64
176.9760 177.2000 63
177.3280 177.4560 69
177.4880 177.8400 70
177.8720 177.9360 69
177.9680 178.0640 68
178.0960 178.2240 67
178.2560 178.3200 68
178.6080 178.7360 66
178.7680 179.8240 65
180.5280 180.6560 67
180.6880 181.6160 70
181.6480 181.7120 71
181.8400 182.3200 70
182.3520 182.4160 67
182.5760 182.7680 67
182.8000 182.8960 68
182.9280 183.2160 70
183.2480 184.8480 72
184.8800 184.9760 71
185.0080 185.2960 70
185.3280 185.4880 71
185.5200 185.7120 72
185.8720 185.9680 73
186.0000 186.8000 74
186.8320 187.2160 72
187.2480 187.3120 73
187.5360 187.9840 70
188.2400 188.4640 72
188.4960 188.5280 71
188.5600 188.5920 70
188.9760 189.6480 67
190.3840 190.7360 60
190.7680 190.9280 63
191.1840 191.5040 63
191.5360 191.6320 65
192.8800 193.2960 67
193.4240 193.7440 67
193.7760 193.8080 68
193.8400 193.9360 69
193.9680 194.0000 66
194.0320 194.0640 64
194.0960 194.3520 63
194.3840 194.7040 64
195.7600 195.8880 63
195.9200 196.0800 62
196.1120 196.3360 61
196.3680 196.4960 59
199.7600 199.8240 61
201.6800 201.7440 57
201.7760 201.9040 58
202.0320 202.0640 59
202.0960 202.8320 60
202.8640 202.9600 59
202.9920 202.9920 61
203.0240 203.5360 65
203.5680 203.9200 63
203.9520 204.1440 65
204.3680 204.4960 65
204.5280 204.6560 66
204.6880 205.3280 67
206.1600 206.1920 65
206.2240 206.2880 66
206.3200 206.4160 67
206.5760 206.8000 71
206.9280 207.2480 63
207.2800 207.3760 64
207.5680 207.6960 63
207.7280 207.7920 62
207.8240 208.0480 61
208.2720 208.5600 59
208.5920 208.7200 61
209.7440 210.0320 59
210.0640 210.8000 60
212.5600 213.1040 55
213.1360 213.2000 56
213.5200 213.5520 58
213.5840 213.7120 59
213.7440 213.7760 58
214.8320 214.8960 59
214.9280 215.0240 58
215.0560 215.4080 60
215.4400 215.7920 65
215.8240 215.8880 62
215.9200 216.1120 60
216.3360 216.4960 63
216.5280 216.7520 64
217.5200 217.6800 59
217.7120 218.4160 60
218.4480 218.7040 63
218.7360 219.2160 60
219.2480 219.3120 61
219.4720 219.7600 67
219.7920 220.0480 70
220.0800 220.1120 69
220.1440 220.2400 68
220.2720 220.3040 67
220.7520 221.8400 65
222.7040 222.7680 66
222.8000 222.8640 65
222.8960 223.5040 67
223.6640 223.7280 68
223.7600 223.9520 67
223.9840 224.0160 70
224.0480 224.6240 71
224.6560 224.7200 70
224.7520 224.7840 69
224.8160 224.9440 68
224.9760 225.0400 69
225.0720 225.3280 71
225.3600 227.6640 72
227.6960 227.7600 71
227.7920 227.8880 70
228.1440 228.6560 67
228.9760 229.2640 67
229.2960 229.6160 66
229.6480 229.8400 67
230.1920 230.5120 60
230.5440 230.6080 61
232.6240 232.6880 58
232.7200 232.9120 60
232.9440 233.0400 63
233.0720 233.1360 64
233.4240 233.4560 63
233.4880 233.6800 64
233.7120 234.1280 66
235.1840 235.7920 67
235.8240 235.8240 69
235.8560 236.0160 71
236.0480 236.1760 70
236.2080 236.2080 68
236.2400 236.2400 66
236.2720 236.2720 64
236.3040 236.3680 62
236.4000 236.5920 63
236.6240 236.7520 64
237.8400 238.0960 62
238.1280 238.2560 61
238.2880 238.3840 60
238.4160 238.6400 59
243.1840 243.4720 60
243.5040 243.6320 63
243.9520 244.0160 63
244.0480 244.2080 64
244.2400 244.3040 65
244.5280 244.5920 65
245.6800 246.3200 67
246.3520 246.6400 70
246.6720 246.6720 68
246.7040 246.7040 66
246.7360 247.2160 63
248.4640 249.2320 61
249.2640 249.5200 59
250.6080 250.6720 55
250.7040 251.3120 60
251.3440 251.4080 58
251.4400 252.3040 56
252.4960 252.6240 58
252.6560 252.7200 59
252.9760 253.0400 59
266.6400 267.8560 65
