20.2400 20.5280 52
20.5600 20.6240 53
20.6560 20.7200 56
20.7520 20.7840 57
20.8160 20.9760 58
21.0080 21.0400 57
21.4560 21.4880 56
21.5200 21.6160 57
21.6480 21.8720 58
23.5040 23.6960 50
23.8560 24.1440 54
24.4960 24.6560 50
24.6880 24.7520 51
24.9120 24.9760 54
25.0080 25.3920 55
27.0560 27.1200 51
27.1520 27.2480 52
27.4720 27.5040 57
27.5360 27.5680 58
27.6000 27.7600 59
27.9200 28.0480 58
28.0800 28.3680 59
28.6880 28.9440 56
29.1040 29.2320 56
29.2640 29.2960 57
29.3280 30.9280 58
33.0400 33.1360 51
33.1680 33.2320 52
33.4880 33.7440 57
33.8720 33.9360 54
34.0640 34.1600 54
34.1920 34.2560 57
34.2880 34.3520 61
34.3840 34.4160 62
34.4480 35.1200 63
35.1520 35.3760 65
35.5680 35.7600 66
35.8880 35.9840 64
36.0160 36.1760 65
36.2080 36.2400 63
36.2720 36.5600 61
36.7200 37.0400 61
37.0720 37.1040 60
37.4240 37.7120 57
37.7440 37.9360 58
39.5040 39.6640 52
39.8240 39.9520 56
39.9840 40.1760 58
40.2080 40.4640 59
40.6240 40.7520 57
40.7840 40.9440 58
41.1360 41.2000 55
41.2320 41.4240 54
41.9680 42.4480 54
42.4800 42.5440 55
42.5760 43.7920 56
45.8080 46.0640 51
46.2560 46.3200 56
46.3520 46.3840 57
46.4160 46.6400 58
46.6720 46.7040 57
47.0240 47.2480 52
47.2800 47.3120 53
47.3440 47.4080 54
47.4400 47.4720 56
47.5040 47.5680 57
47.6000 48.0800 58
48.1120 48.1440 57
49.1360 49.4560 51
49.4880 49.6160 54
49.6480 49.8400 56
49.8720 49.9040 55
50.3200 50.6720 50
50.7040 50.7680 51
50.8000 50.8320 54
50.8640 50.8960 55
50.9280 51.2160 56
52.6880 52.8480 51
53.0720 53.1040 57
53.1360 53.1680 58
53.2000 54.0320 59
54.2880 54.3840 60
54.4160 54.6080 61
54.6400 54.7040 58
54.7360 54.8960 56
54.9280 56.4960 58
58.6400 58.8000 51
58.8320 58.8960 52
59.0240 59.1200 56
59.1520 59.4080 58
59.9200 60.0480 61
60.0800 60.4320 63
60.6240 60.7520 64
60.7840 61.0400 65
61.0720 61.3600 66
61.3920 61.4240 65
61.4560 61.5840 64
61.6160 61.8080 65
61.9680 62.1920 61
62.3200 62.7360 61
63.0240 63.1840 56
63.2160 63.4080 58
63.9520 64.2400 56
64.2720 64.5920 58
64.6240 64.7840 59
64.8160 65.0080 61
65.0400 65.7440 59
65.8720 65.9040 56
65.9360 66.0000 57
66.0320 66.1920 58
66.6400 66.8960 54
67.1200 67.2800 56
67.3120 67.6960 58
67.9200 68.1120 57
68.1440 69.4880 58
69.5200 69.5840 57
70.0640 70.1600 50
70.1920 70.2880 49
70.3200 70.3520 50
70.3840 70.5120 51
70.6400 70.8640 54
71.0560 71.1840 59
71.2160 71.3760 61
71.4080 71.5040 57
71.5360 71.6960 58
72.1760 72.4000 54
72.6240 72.7200 59
72.7520 72.9120 60
73.0400 73.1680 57
73.2000 73.2960 58
73.4880 73.7440 51
73.8720 74.1280 54
74.2560 74.3840 55
74.4160 74.8000 56
75.3760 75.5360 51
75.5680 75.6000 52
75.6320 75.7280 53
75.8880 76.1760 54
76.5280 76.5920 51
76.6240 76.7840 50
76.8160 76.9760 51
77.0080 77.1040 54
77.1360 77.2000 55
77.3920 77.4240 59
77.4560 77.5200 60
77.5520 77.7440 61
77.7760 78.0640 58
78.2560 78.5760 51
78.6080 78.9280 54
78.9600 78.9600 56
78.9920 79.1200 59
79.1520 79.4080 61
79.4400 79.6960 63
79.8880 80.2080 65
80.2400 80.3680 63
80.4000 81.1680 65
81.4240 81.5840 65
81.6160 82.1280 66
82.1600 82.3520 65
82.3840 82.6400 66
83.0880 83.1200 63
83.1520 83.4400 65
83.4720 83.6320 66
83.6640 84.1440 63
84.5600 84.7200 62
84.7520 85.0080 63
85.0400 85.2000 65
85.2320 85.2640 64
85.4240 86.0960 65
86.2240 86.4800 63
86.5120 86.6720 61
86.8320 87.1200 60
87.1520 87.5360 63
87.5680 88.1440 61
88.6560 88.8480 63
88.8800 89.1040 64
89.1360 89.3280 63
89.3600 89.3920 62
89.4240 89.7440 61
89.7760 90.1920 58
90.2240 90.3840 59
90.4160 90.6720 61
90.7040 90.7360 60
90.7680 91.4080 59
91.7600 91.8560 57
91.8880 92.1120 59
92.2720 92.4960 58
92.5280 92.5920 54
92.6240 92.8480 51
92.8800 93.0080 52
93.0400 93.2640 54
93.4560 93.5520 59
93.5840 93.7120 61
93.8720 94.1280 59
94.2560 94.4160 56
94.4480 94.9280 58
95.0880 95.1840 56
95.2160 95.7920 58
95.8240 95.9520 57
95.9840 96.2080 58
96.2400 96.4640 56
96.6240 96.9760 56
97.4240 97.4560 49
97.4880 97.5520 50
97.5840 97.6800 51
97.8080 98.0640 54
98.2240 98.3200 59
98.3520 98.5440 61
98.6720 98.9920 57
99.0240 99.4400 51
99.4720 99.7600 54
99.7920 99.7920 56
99.8240 99.9520 59
99.9840 100.1760 61
100.2080 100.3360 57
100.3680 100.5280 58
100.7200 100.9120 51
101.1040 101.3280 54
101.4880 101.6480 54
101.6800 101.9680 56
102.5440 102.7360 52
102.7680 102.8960 53
103.0560 103.3440 54
103.6640 103.7280 51
103.7600 104.1120 50
104.1440 104.1760 52
104.2080 104.4000 54
104.6240 104.7200 59
104.7520 104.9120 61
105.0400 105.1360 56
105.1680 105.3280 58
105.4560 105.7120 51
105.9040 106.0960 54
106.2240 106.3200 59
106.3520 106.5120 61
106.6400 107.0240 63
107.0560 107.3120 65
107.3440 107.5360 63
107.5680 108.2400 65
108.6560 108.7840 65
108.8160 108.9760 66
109.1360 109.2640 65
109.2960 109.7120 66
110.0960 110.3200 64
110.3520 110.5440 65
110.5760 110.7680 66
110.8000 111.3120 63
111.7600 111.8880 61
111.9200 112.1760 63
112.2080 112.4640 65
112.6240 112.6880 64
112.7200 112.7520 65
112.7840 112.9440 66
112.9760 113.3920 65
113.4240 113.6800 63
113.7120 113.8400 62
113.8720 113.9360 61
113.9680 114.2240 60
114.2560 114.3200 61
114.3520 114.3840 62
114.4160 114.6080 63
114.6400 114.8000 61
115.0240 115.3120 61
115.8240 115.9200 62
115.9520 116.4320 63
116.5920 116.7840 61
116.8160 117.2960 58
117.4240 117.6160 59
117.6480 117.9360 61
117.9680 118.5760 59
118.8320 119.1520 57
119.1840 119.3440 59
119.3760 119.6960 58
119.7280 119.7600 56
119.7920 119.8240 53
119.8560 120.1760 51
120.2080 120.3680 54
120.4000 120.4320 55
120.4640 120.5280 56
120.5600 120.7200 59
120.7520 120.9760 61
121.0080 121.2640 59
121.2960 121.5200 57
121.5520 121.7440 58
121.7760 122.0640 59
122.2240 122.3840 57
122.4160 122.8320 58
123.0240 123.0880 59
123.1200 123.2160 58
123.2480 123.3120 57
123.3440 124.0160 56
124.5920 124.9440 54
125.0720 125.2320 54
125.2640 125.2960 55
125.3280 125.6800 56
125.7120 127.1520 54
152.7520 154.4480 58
154.4800 154.6080 54
154.6400 154.7680 50
154.8000 154.9600 51
154.9920 155.0240 52
155.0560 155.2160 56
155.2480 155.4720 58
155.5040 155.5680 57
155.8240 156.1120 51
156.2720 156.3360 56
156.3680 156.4320 57
156.4640 157.0400 58
157.9040 158.1280 49
158.2560 158.3520 55
158.3840 158.5760 56
158.6080 158.6400 55
158.8960 159.0240 51
159.4080 159.4400 56
159.4720 159.7280 57
159.7600 159.8560 56
159.8880 160.2080 54
160.2400 160.5600 53
161.4880 161.6160 58
161.9040 161.9680 57
162.0000 162.6080 59
163.0240 163.0560 59
163.0880 163.1520 60
163.1840 163.3760 61
163.4080 163.4720 58
163.5040 163.6320 56
163.6640 165.3600 58
167.2480 167.3120 51
167.4400 167.6320 51
167.8240 167.9520 56
167.9840 168.0800 58
168.2720 168.3040 50
168.3360 168.4640 51
168.6240 168.7200 62
168.7520 169.0080 63
169.3280 169.4880 63
169.5200 169.7760 65
169.8080 170.0640 66
170.2560 170.3840 63
170.4160 170.5440 65
170.5760 170.6080 63
170.6400 170.8640 61
171.0560 171.3120 61
171.5360 171.6960 56
171.7280 171.9840 58
172.4000 172.4640 55
172.5920 172.7520 54
172.7840 172.8800 56
172.9120 172.9440 57
172.9760 173.2000 58
173.3600 173.4880 59
173.5200 173.7120 61
173.7440 174.3840 59
174.5760 174.6080 56
174.6400 174.7040 57
174.7360 174.8960 58
175.2480 175.6640 54
175.8240 175.9520 56
175.9840 176.1760 58
176.3040 176.4000 56
176.4320 176.4960 57
176.5280 177.8080 58
177.8400 178.2880 63
178.3200 178.3520 64
178.3840 179.3760 65
179.5040 179.7920 53
179.8240 180.2080 59
180.2400 180.3360 57
180.3680 180.4640 58
180.4960 180.4960 56
180.6880 180.9760 51
181.0080 181.2000 54
181.4240 181.6160 59
181.6480 181.7440 61
181.7760 181.9680 57
182.0000 182.1280 58
182.2560 182.3200 52
182.3520 182.5120 51
182.6720 182.8960 54
183.0880 183.1840 55
183.2160 183.6000 56
184.1120 184.3680 51
184.4000 184.5280 54
184.6880 184.7520 55
184.7840 185.0400 54
185.2640 185.5520 50
185.5840 185.7760 51
185.8080 186.0000 54
186.1920 186.3200 59
186.3520 186.5760 61
186.6080 186.7360 57
186.7680 186.8960 58
187.0560 187.3760 51
187.4080 187.7600 54
187.7920 187.7920 56
187.8240 187.9200 59
187.9520 188.2080 61
188.2400 188.5280 63
188.6560 188.9440 65
188.9760 189.1040 63
189.1360 189.1680 64
189.2000 189.9680 65
190.2240 190.3200 65
190.3520 190.9280 66
190.9600 191.0880 65
191.1200 191.3440 66
191.8560 191.9520 63
191.9840 192.2400 65
192.2720 192.4320 66
192.4640 192.9120 63
192.9440 193.0080 62
193.3600 193.5520 61
193.5840 193.7760 63
193.8080 193.9680 65
194.2240 194.2560 64
194.2880 194.3200 65
194.3520 194.6400 66
194.6720 194.9920 65
195.0240 195.2800 63
195.3120 195.3440 62
195.3760 195.4400 61
195.6640 195.8560 60
195.8880 195.9200 61
195.9520 196.0160 62
196.0480 196.3040 63
196.3360 196.4000 62
196.4320 197.0080 61
197.4880 197.6160 63
197.6480 197.8720 64
197.9040 198.1600 63
198.1920 198.2240 62
198.2560 198.5120 61
198.5440 199.0240 58
199.0560 199.1200 59
199.1520 199.1840 60
199.2160 199.5680 61
199.6000 200.1760 59
200.5280 200.6240 57
200.6560 200.7520 58
200.7840 200.9120 59
201.0720 201.2640 58
201.2960 201.3600 55
201.3920 201.7760 51
201.8080 201.8080 53
201.8400 202.0960 54
202.2880 202.8960 60
202.9280 203.0240 58
203.0560 203.1840 56
203.2160 203.5040 58
203.6320 203.7600 58
203.8880 203.9840 57
204.0160 205.1680 58
205.2000 205.3280 56
205.4560 205.8080 56
206.3520 206.4800 51
206.6400 206.8640 54
207.0240 207.0880 59
207.1200 207.3440 60
207.4720 207.5680 56
207.6000 207.7600 58
207.8880 208.1760 51
208.2080 208.5600 54
208.5920 208.9440 61
208.9760 208.9760 59
209.0080 209.2640 58
209.4560 209.7120 51
209.8720 210.0640 54
210.2240 210.3520 54
210.3840 210.6400 56
211.2480 211.4720 56
211.5040 211.6960 58
211.8560 212.1440 54
212.4320 212.9760 51
213.0080 213.2000 54
213.4240 213.4560 59
213.4880 213.7120 61
213.8400 213.8720 56
213.9040 213.9360 57
213.9680 214.0320 58
214.3200 214.4800 51
214.7040 214.8640 54
215.0240 215.1200 59
215.1520 215.4400 61
215.4720 215.7920 63
215.8240 216.2080 65
216.2400 216.3360 63
216.3680 216.7200 65
217.4240 217.5520 67
217.5840 217.8400 68
217.8720 217.9680 66
218.0960 218.8960 66
219.0240 219.1200 63
219.1520 219.3760 65
219.4080 219.6320 66
219.6640 220.1440 63
220.3680 220.4320 59
220.6560 220.6880 61
220.7200 220.7520 62
220.7840 220.9760 63
221.0080 221.2320 65
221.3920 221.4560 64
221.4880 221.7760 66
221.8080 222.0960 68
222.1280 222.5760 65
222.6080 222.9600 63
222.9920 223.1520 62
223.1840 223.4400 63
223.4720 223.6320 61
223.8240 224.1120 61
224.1440 224.1440 59
224.6240 224.7840 63
224.8160 225.0400 64
225.0720 225.3600 63
225.3920 225.4560 62
225.4880 225.5840 61
225.6160 226.0640 58
226.2240 226.3520 60
226.3840 226.7040 61
226.7360 227.3440 59
227.7600 227.9200 56
227.9520 228.4960 58
228.5280 228.5280 56
228.7200 229.0080 51
229.0400 229.3600 54
229.3920 229.5200 59
229.5520 229.7440 61
229.7760 229.8080 60
229.8400 230.1280 59
230.1600 230.5760 58
230.6080 230.8960 59
231.0240 231.1840 57
231.2160 231.6320 58
231.8240 231.8880 59
231.9200 232.0480 58
232.0800 232.1120 57
232.1440 232.7840 56
233.4560 233.7440 54
233.8720 234.0640 54
234.0960 234.7360 56
234.7680 235.3120 54
235.5360 235.6640 65
235.6960 237.8400 66
240.6880 240.7520 54
240.7840 240.8480 55
240.8800 240.9120 56
240.9440 240.9760 57
241.0080 241.1040 58
241.1360 241.3600 59
241.5520 241.8080 61
241.9360 242.0320 66
242.0640 242.0960 67
242.1280 242.2560 68
242.2880 242.3840 64
242.4160 242.5440 63
242.5760 242.8320 65
243.1840 243.5680 61
243.6000 243.6320 59
243.6640 243.6960 57
243.7280 243.8560 56
243.8880 243.9200 57
243.9520 244.1440 58
244.6560 244.7520 57
244.7840 244.9760 56
245.0080 245.0720 55
245.1040 245.3280 54
245.5520 246.0960 56
246.3520 246.4480 56
246.4800 246.7040 58
247.0560 247.2160 53
247.2480 247.4080 54
247.4400 247.5040 55
247.5360 247.7600 56
247.9200 248.2080 58
248.3360 248.5920 63
248.7520 248.8800 63
248.9120 249.3600 65
249.5200 249.6160 65
249.6480 249.9360 66
249.9680 250.1920 62
250.2240 250.7680 63
250.8000 251.4720 61
251.6320 251.6640 59
251.6960 251.7600 60
251.7920 252.8480 61
253.4880 253.6480 56
253.6800 253.8720 58
253.9040 254.1600 59
254.2880 254.6080 61
254.7360 254.8000 66
254.8320 255.0560 67
255.0880 255.1200 65
255.1520 255.2480 63
255.2800 255.5360 65
255.8880 256.1760 61
256.3680 256.5600 65
256.5920 256.8800 66
257.5200 257.6480 63
257.6800 257.9680 65
258.0000 258.2240 66
258.2560 258.5760 61
258.7040 259.1520 58
259.1840 259.2800 59
259.3120 259.8240 61
260.3680 260.4960 63
260.5280 260.7200 65
260.7520 261.0720 66
261.1040 261.1360 64
261.1680 261.4880 63
261.5200 261.7120 61
261.7440 261.8720 63
262.0000 262.7040 61
263.1840 263.2800 58
263.3120 263.4720 59
263.5040 263.8880 58
263.9200 264.1760 59
264.4000 264.6240 66
264.7840 264.9120 56
264.9440 264.9760 57
265.0080 265.2960 58
265.5840 266.1280 55
266.1600 267.7920 54
