23.8560 24.4960 61
25.1040 25.8720 61
26.0640 26.3520 61
26.6400 27.0560 54
27.7920 27.9840 56
28.1440 29.3600 56
30.8320 31.1520 64
31.1840 31.3120 61
31.3440 31.3440 59
31.3760 31.9840 54
32.4640 32.5920 49
33.1680 33.2000 48
33.2320 33.6480 49
33.7760 34.0640 47
34.0960 34.6400 49
34.6720 34.9280 47
35.0880 35.1520 46
35.1840 35.3120 48
35.3440 35.7280 47
38.2240 38.3200 48
38.3520 38.7040 49
38.8320 38.9920 49
39.1840 39.2480 50
39.2800 39.3760 52
39.4080 39.4720 50
39.5040 39.6640 51
39.6960 39.8880 49
40.0800 40.1760 47
40.2080 40.3040 46
40.5280 40.6240 43
40.9120 40.9760 44
43.1840 43.2480 50
43.2800 43.4080 53
43.5680 43.8240 54
43.8560 43.8560 52
43.8880 43.8880 50
44.1760 44.2400 53
44.2720 44.6880 54
44.7200 44.7200 52
44.7520 44.7840 49
44.8160 44.9760 47
45.1360 45.2640 48
45.4240 45.4560 51
45.4880 45.6160 52
45.7440 45.8080 47
45.8400 45.8720 48
45.9040 46.0000 49
48.2080 48.2720 48
48.3040 48.3680 51
48.4000 48.4640 53
48.6240 48.7200 54
48.7520 48.8160 53
48.8480 48.8800 51
49.2320 49.3920 47
49.8720 50.0000 47
50.1600 50.4480 49
50.6080 50.9920 49
53.3280 53.4560 48
53.4880 54.1280 49
54.3200 54.8320 49
54.8640 54.8960 48
54.9280 55.0560 47
55.2160 55.2800 47
55.3120 55.3440 48
55.3760 55.4720 49
55.5040 56.1120 47
58.3200 58.3840 47
58.4160 58.5120 48
58.5440 59.1520 49
59.3440 59.4400 50
59.4720 59.6000 52
59.6320 59.8880 51
59.9200 59.9520 50
59.9840 60.1440 49
60.2720 60.5280 47
61.0400 61.1360 47
61.9360 62.3200 47
63.4080 63.4400 52
63.4720 63.6000 53
63.7920 63.9200 53
63.9520 63.9840 51
64.0160 64.0480 50
64.0800 64.0800 48
64.3360 64.3680 49
64.4000 64.4640 52
64.4960 64.8160 54
64.8480 64.8800 52
64.9120 64.9120 49
65.0720 65.2960 47
65.3280 65.5200 49
65.5520 65.6480 50
65.6800 65.6800 54
65.7120 65.8080 56
65.9360 66.1920 52
66.2240 66.3840 49
66.6080 66.6720 49
66.7040 66.8320 51
66.8640 67.0240 48
67.0560 67.3760 49
68.4960 68.5600 50
68.5920 68.6240 53
68.6560 69.0400 54
69.8400 69.9360 61
70.0640 70.1280 57
70.3840 70.6080 49
70.6400 70.6720 48
73.5520 73.6800 63
73.7120 73.8720 64
73.9040 74.1920 66
74.2240 74.4480 64
74.4800 74.6400 63
74.6720 74.7680 64
74.8000 74.9280 63
74.9600 75.0560 61
75.0880 75.5040 59
75.5360 77.7440 61
78.5760 78.7040 63
78.7360 78.8640 64
78.8960 79.2160 66
79.2480 79.4400 64
79.4720 79.6320 63
79.6640 79.7600 64
79.7920 79.9200 63
79.9520 80.0800 61
80.1120 80.2720 59
80.3040 80.3680 58
80.4000 80.8160 56
80.8480 80.9440 59
83.6320 83.8880 57
83.9200 84.2400 59
84.2720 84.5280 61
84.5600 84.5920 62
84.6240 84.9440 63
84.9760 85.1360 61
85.1680 85.4240 59
85.4560 85.4880 58
85.5200 85.8400 57
85.8720 86.0320 59
86.0640 86.1600 58
86.1920 86.5760 57
87.6960 87.7920 58
87.8240 87.8560 60
87.8880 88.0160 61
88.0480 88.2720 64
88.3040 88.4320 61
88.4640 88.6240 63
88.6560 89.2960 59
89.4240 89.4560 55
89.4880 89.8080 57
89.9680 90.0320 55
90.0640 90.1920 57
90.2240 90.3200 56
90.3520 90.6080 54
90.6400 90.7680 56
90.8960 91.6960 56
93.7440 93.8400 63
93.8720 94.0000 64
94.0320 94.3200 66
94.3520 94.6080 64
94.6400 94.8000 63
94.8320 94.9280 64
94.9600 95.0560 63
95.0880 95.1200 62
95.1520 95.2480 61
95.2800 95.4720 59
95.5680 95.7280 59
95.7600 98.1280 61
98.7680 98.8960 63
98.9280 99.0880 64
99.1200 99.3760 66
99.4080 99.6640 64
99.6960 99.8560 63
99.8880 99.9840 64
100.0160 100.1120 63
100.1440 100.2720 61
100.3040 100.4640 59
100.4960 100.5280 58
100.5600 100.6240 57
100.6560 101.0400 56
101.1040 101.7760 56
103.8560 103.9520 56
103.9840 104.1440 57
104.1760 104.4640 59
104.4960 104.7840 61
104.8160 104.9120 63
104.9440 105.0400 64
105.0720 105.2000 63
105.2320 105.3600 61
105.3920 105.7120 59
105.7440 106.1280 57
106.1600 106.3200 59
106.3520 106.3840 58
106.5440 106.6400 57
107.6640 107.6640 53
107.6960 107.7600 56
107.7920 107.8560 58
107.9840 108.0480 60
108.0800 108.2080 61
108.2400 108.3680 59
108.4000 108.4320 58
108.4640 108.5280 57
108.5600 109.3600 56
109.3920 109.4240 57
109.4560 109.6160 58
110.7680 110.8960 55
110.9280 111.0240 56
111.0560 111.9840 54
117.0720 118.1920 59
134.1600 134.1920 50
134.2240 134.2560 51
134.2880 134.6400 52
134.8000 135.0240 52
135.0560 135.1840 51
135.2160 135.6320 52
135.6640 135.8240 51
136.0480 136.2400 49
136.2720 136.8480 47
139.2160 139.3120 50
139.3440 140.0160 52
140.1760 140.2400 51
140.2720 140.4960 54
140.5280 140.6880 52
140.8160 140.9120 49
140.9440 140.9760 48
141.0080 141.1040 47
141.1360 141.2000 46
141.9360 141.9360 46
144.2400 144.3360 51
144.3680 144.4320 53
144.5600 144.6560 52
144.6880 144.7520 53
145.2000 145.2640 51
145.2960 145.7440 54
145.8720 146.1280 47
146.1600 146.4480 49
146.4800 146.5120 50
146.5440 146.5440 53
146.5760 146.6400 55
146.8000 147.0240 52
147.0560 147.1200 51
147.1520 147.2480 49
147.4400 147.5040 50
147.5360 147.6640 52
147.6960 147.7280 50
147.7600 147.8560 48
147.8880 148.2400 49
149.2960 149.3600 50
149.3920 149.4240 53
149.4560 149.8400 54
149.9680 150.0960 47
150.3200 150.5440 47
151.2480 151.6000 49
154.3520 154.5440 63
154.5760 154.7040 64
154.7360 155.0240 66
155.0560 155.2480 64
155.2800 155.7600 63
155.7920 155.8880 61
155.9200 156.3360 59
156.3680 158.7360 61
159.4080 159.5360 63
159.5680 159.6960 64
159.7280 160.0160 66
160.0480 160.2400 64
160.2720 160.4640 63
160.4960 160.5920 64
160.6240 160.7200 63
160.7520 160.9120 61
160.9440 161.1680 59
161.2000 161.2640 57
161.2960 162.2240 56
162.6080 162.7040 59
162.9600 163.2160 61
163.2480 163.2800 59
164.0800 164.1440 56
164.6240 164.7200 57
164.8480 165.1040 59
165.1360 165.3600 61
165.3920 165.4240 62
165.4560 165.5520 63
165.5840 165.6800 64
165.7120 165.7760 63
165.8080 165.8400 62
165.8720 166.0000 61
166.0320 166.3200 59
166.3520 167.3440 57
168.5280 168.5600 59
168.5920 168.6240 60
168.6560 168.8480 61
168.8800 169.1040 64
169.1360 169.2640 62
169.2960 169.4240 63
169.5520 170.0320 59
170.1600 170.2560 56
170.2880 170.7040 57
170.7360 170.8320 56
170.8640 171.0240 57
171.0560 171.0880 56
171.1200 171.4080 54
171.4720 171.5040 55
171.5360 171.7600 57
171.7920 172.7840 56
174.5760 174.7360 63
174.7680 174.8640 64
174.8960 175.1520 66
175.1840 175.4720 64
175.5040 175.6640 63
175.6960 175.7920 64
175.8240 175.9200 63
175.9520 176.0160 61
176.0480 176.0800 60
176.1120 176.2720 59
176.4000 176.5600 59
176.5920 179.1200 61
179.1520 179.2160 62
179.6320 179.7280 63
179.7600 179.8880 64
179.9200 179.9520 65
179.9840 180.2080 66
180.2400 180.2720 65
180.3040 180.5280 64
180.5600 180.7200 63
180.7520 180.8480 64
180.8800 180.9760 63
181.0080 181.1360 61
181.1680 181.3280 59
181.3600 181.3920 58
181.4240 181.4560 57
181.4880 182.0320 56
182.0960 182.2240 56
182.9600 183.0240 58
184.6880 184.7840 56
184.8160 184.9760 57
185.0080 185.2960 59
185.3280 185.5520 61
185.5840 185.6160 62
185.6480 185.7760 63
185.8080 185.9040 64
185.9360 186.0320 63
186.0640 186.1600 61
186.1920 186.2240 60
186.2560 186.5440 59
186.5760 187.9200 57
188.7200 188.7520 56
188.7840 188.8160 59
188.8480 188.9120 60
188.9440 189.0400 61
189.0720 189.2000 59
189.2320 189.3920 57
189.4240 190.0000 56
191.7920 192.0160 52
192.0480 192.0800 53
192.1120 192.7200 54
194.8960 195.0560 51
195.0880 195.1520 52
195.1840 195.2800 53
195.4720 195.8880 52
195.9200 196.1440 54
196.1760 196.2080 53
196.2400 196.3040 52
196.3360 196.4960 51
196.7520 196.8800 50
196.9120 196.9440 49
197.1040 197.6160 47
199.8560 199.9520 50
199.9840 200.6240 52
200.6560 200.8160 51
200.8480 200.9120 52
200.9440 201.0720 54
201.1040 201.1360 53
201.1680 201.2960 52
201.4240 201.5200 50
201.5520 201.5840 48
201.6160 201.7760 47
201.8080 201.8400 46
204.9120 205.0400 52
205.2000 205.2960 52
205.3280 205.4240 53
205.8400 205.9040 51
205.9360 206.3520 54
206.5120 206.6400 47
206.7680 207.1200 49
207.1520 207.2160 51
207.4400 207.6640 52
207.6960 207.7280 51
207.7600 207.7920 50
207.8240 207.8560 49
208.0480 208.1120 49
208.1440 208.2720 52
208.3040 208.3360 50
208.3680 208.4960 48
208.5280 208.7200 49
209.9040 209.9680 50
210.0000 210.0320 53
210.0640 210.4160 54
210.6400 210.7360 52
210.9280 210.9280 52
210.9600 211.0240 54
211.7920 211.8880 47
211.9200 211.9520 48
211.9840 212.3360 49
214.9600 214.9920 49
215.0240 215.1200 50
215.1520 215.8240 52
215.9840 216.0480 51
216.0800 216.4960 52
216.5280 216.7840 51
216.8160 216.9120 50
216.9440 217.1040 49
217.2640 217.7760 47
220.0800 220.1440 49
220.1760 220.2400 51
220.2720 220.8160 52
221.0080 221.0720 52
221.1040 221.2000 54
221.2320 221.4240 52
221.6800 221.7440 61
225.1360 225.1680 52
225.2000 225.2320 53
225.2640 225.6800 54
225.7120 225.8080 53
225.8400 226.0960 52
226.1280 226.2240 53
226.3840 226.4480 54
226.4800 226.5760 53
226.6080 226.6080 51
226.9280 226.9600 48
226.9920 227.1520 49
227.3760 227.4080 53
227.4400 227.5040 54
227.6640 227.8560 52
227.8880 227.9520 51
228.0800 228.3360 49
228.3680 228.5280 51
228.5600 228.7200 48
228.9120 229.0400 49
230.1600 230.3200 54
230.4800 230.7040 54
230.7360 230.7680 51
230.8000 230.8320 48
231.1200 231.1200 46
231.7280 231.8880 48
232.0480 232.6240 49
235.1840 235.2160 49
235.2480 235.3760 51
235.4080 236.6880 52
236.7200 236.8800 51
237.1040 237.3280 49
237.3600 237.8400 47
240.2720 240.4320 51
240.5920 240.7840 52
240.9120 241.1040 52
241.2320 241.2960 51
241.3280 241.3600 53
241.3920 241.5200 54
241.5520 241.7120 53
241.8720 241.9680 50
242.0000 242.2880 47
245.2960 245.4880 52
245.6160 245.8720 54
246.2880 246.3520 52
246.3840 246.8640 54
247.2160 247.5040 49
247.5360 247.5680 52
247.6000 247.6960 56
247.8560 248.1440 52
248.1760 248.2400 49
248.4960 248.7520 51
248.7840 248.9120 48
248.9440 249.0400 49
249.1680 249.2320 49
250.3200 250.3840 50
250.4160 250.4800 53
250.5120 250.8640 54
251.0560 251.0560 51
251.3760 251.4720 48
251.9840 252.4000 47
252.7200 252.8480 49
255.4080 255.6000 50
255.6320 256.2720 52
256.7200 256.9120 52
256.9440 257.2640 51
257.3600 257.4560 49
257.7120 258.0320 59
258.5120 258.6400 59
260.4960 260.5280 50
260.5600 260.5920 51
260.6240 260.6880 52
260.8160 261.2320 52
261.4240 261.4880 51
261.5200 261.5840 53
261.7120 261.9360 52
262.0960 262.2880 49
262.5120 262.5440 47
265.5520 265.6160 51
265.6480 266.1920 54
266.2240 266.4800 52
266.5120 266.6720 54
266.8000 266.8960 54
267.1520 267.3760 47
267.4080 267.6000 49
267.7920 267.7920 52
267.8240 267.9520 56
268.0800 268.3360 52
268.3680 268.6880 49
268.7200 268.9760 50
269.0080 269.1040 48
269.1360 269.3280 49
270.5760 270.7360 54
270.8960 271.1520 54
271.1840 271.2160 50
271.4080 271.6000 47
272.4640 272.8800 49
