12.5920 12.6560 47
12.7840 12.9440 49
13.1360 13.7440 54
14.1280 14.3200 47
14.5440 15.2800 49
18.0960 18.1920 45
18.2240 18.2560 47
18.2880 18.4160 48
18.4480 18.6720 49
18.8320 19.6000 54
19.6320 19.6640 53
19.6960 20.4320 52
20.4640 20.5280 51
20.5600 20.8160 50
20.8480 21.7120 49
23.9200 24.0160 47
24.2400 24.4640 49
24.4960 24.5280 50
24.5600 24.5920 53
24.6240 24.8480 54
24.8800 24.9440 53
24.9760 25.0080 52
25.4880 25.5200 44
25.5520 25.6800 45
25.7120 25.7440 46
25.7760 25.9360 47
26.1280 26.7360 49
29.5200 29.6160 45
29.6480 29.7120 47
29.7440 29.7760 48
29.8080 30.0960 49
30.6720 30.7040 48
30.7360 31.0560 49
31.1840 31.5360 50
31.5680 31.8560 49
32.1120 32.5600 46
35.3120 35.3760 46
35.4080 35.5360 48
35.5680 35.7600 49
35.7920 35.8560 50
35.9840 36.6560 54
37.1040 37.1360 46
37.1680 37.3280 47
37.4880 38.1280 49
38.1600 38.3200 48
40.9440 40.9760 46
41.0080 41.0400 47
41.0720 41.1040 48
41.1360 41.4880 49
41.7440 42.4800 54
42.5120 43.2800 52
43.4400 43.6640 50
43.6960 44.4960 49
46.7040 46.7680 46
46.8000 46.8320 48
46.8640 47.3120 49
47.4400 47.7920 54
47.8240 47.8880 53
48.2720 48.4000 47
48.5600 48.6880 47
48.8480 49.1680 49
52.4320 52.4960 47
52.5280 52.5920 48
52.8160 52.9120 49
52.9440 53.0080 48
53.0400 53.0720 46
53.1040 53.2960 45
53.5200 53.5520 48
53.5840 53.8400 49
54.0640 54.2880 50
54.5120 54.7360 49
54.7680 54.8320 48
54.9600 55.2480 46
56.7200 56.7840 50
56.8160 56.9120 52
57.0400 57.3920 54
57.4240 57.6800 56
57.7120 57.8400 54
57.8720 57.9040 56
57.9360 58.0320 57
58.0640 58.1280 56
58.3200 58.6080 57
58.6400 58.6400 55
58.6720 58.7040 53
58.9280 59.6960 54
59.7280 59.7600 53
59.7920 59.8240 50
59.9200 60.0480 50
60.2720 60.4000 50
60.4320 61.1360 49
61.3280 61.6800 49
61.7120 61.7760 48
61.9680 62.0000 47
62.3840 62.4160 50
62.4480 62.4800 51
62.5120 62.6080 52
62.7360 63.0240 54
63.1520 63.3760 56
63.4080 63.5360 55
63.5680 63.7280 57
63.7600 64.0160 56
64.0480 64.3360 57
64.3680 64.5280 52
64.5600 64.5920 53
64.6240 64.7520 54
64.9120 65.2960 54
65.6160 65.6800 51
65.7120 65.9360 54
65.9680 66.9280 57
67.0560 67.5360 57
67.5680 67.6000 58
67.6320 68.0480 59
68.0800 68.0800 57
68.4640 68.4960 53
68.5280 68.8160 54
68.8480 69.0400 56
69.2000 69.2320 56
69.2640 69.4560 57
69.4880 69.6160 56
69.7760 70.0640 57
70.0960 70.4800 61
70.6400 70.7360 65
70.7680 71.0240 66
71.1520 71.5360 64
71.5680 71.6640 61
71.6960 71.9520 62
71.9840 72.5280 61
72.5600 72.5920 60
72.7520 72.7840 59
72.8160 72.8480 60
72.8800 72.9760 61
73.0080 73.0400 60
73.1680 73.5520 59
73.5840 73.6160 58
74.2240 74.2880 53
74.3200 74.5120 54
74.5440 74.7360 56
74.8960 74.9280 55
74.9600 75.0240 56
75.0560 75.5360 57
75.6640 75.8240 57
75.8560 76.1120 56
76.2720 76.7200 57
76.8480 76.9440 57
77.1040 77.2320 56
77.2640 77.6480 57
77.6800 77.7120 58
77.7440 78.3520 59
78.3840 78.6400 57
78.8000 79.0880 56
79.1200 79.6320 57
79.7600 79.8880 57
84.8800 85.1360 57
85.7120 86.3200 57
91.4720 92.0160 49
92.4960 92.5600 48
92.5920 92.9440 49
92.9760 93.0720 50
93.1040 93.1360 53
93.1680 93.7440 54
93.7760 93.8080 53
94.2560 94.3840 48
94.5440 94.6720 49
94.9280 95.1200 49
95.4720 95.5680 49
98.0960 98.1600 44
98.1920 98.2240 46
98.2560 98.2880 47
98.3200 98.4480 48
98.4800 98.6080 49
98.6400 98.7680 50
98.8000 98.8320 53
98.8640 98.9920 54
99.1520 99.6320 54
99.6640 99.6960 53
99.7280 100.3680 52
100.4000 100.4960 51
100.5280 100.8480 50
100.8800 101.6800 49
103.8560 103.9840 47
104.0160 104.1120 48
104.2720 104.3360 49
104.3680 104.5920 50
105.8400 105.8720 48
105.9040 106.4480 49
109.5520 109.6160 46
109.6480 109.6800 47
109.7120 109.7760 48
109.8080 110.1280 49
110.4160 110.4800 46
110.6400 110.6720 47
110.7040 110.8320 48
111.0240 111.2800 50
111.3120 111.8560 51
113.8400 113.9040 51
113.9360 114.0640 52
114.2240 114.5440 54
114.5760 114.8000 56
114.9600 115.2480 57
115.2800 115.4400 56
115.4720 115.8240 57
115.8560 115.8880 54
115.9200 116.0480 52
116.0800 116.1120 53
116.1440 116.2080 54
116.4000 116.7520 54
117.1360 117.2000 51
117.3920 117.5520 50
117.5840 118.9280 49
119.6640 119.7920 51
119.9520 120.2400 54
120.2720 120.6560 56
120.6880 120.9120 57
120.9440 121.1680 56
121.2000 121.3280 57
121.3600 121.4240 56
121.4560 121.4880 54
121.5200 121.6480 52
121.7760 121.8080 53
121.8400 122.4480 54
122.8640 123.0880 54
123.1200 123.2160 56
123.2480 124.0800 57
124.2080 124.4320 57
124.5600 124.6240 57
124.6560 124.6880 58
124.7200 125.1040 59
125.1360 125.1360 57
125.7120 125.9680 54
126.0000 126.0320 55
126.0640 126.1920 56
126.3520 126.6400 57
126.6720 126.7360 56
126.8640 127.1200 57
127.2480 127.6640 61
127.8240 128.2400 66
128.2720 128.6880 64
128.7200 129.0720 62
129.1040 129.7120 61
129.7440 129.8080 60
129.8400 129.9680 59
130.0000 130.1280 61
130.1600 130.7680 59
131.4400 131.6640 54
131.6960 132.1760 56
132.2080 133.1040 57
133.1360 133.2640 59
133.2960 134.1280 57
134.1600 134.4480 56
134.4800 134.5760 57
134.7680 134.8320 57
134.8640 134.8960 58
134.9280 135.5360 59
135.5680 135.8240 57
135.9840 136.2080 56
136.2400 136.6560 57
136.6880 136.9760 56
137.1360 137.1680 57
137.2000 137.2640 58
137.4240 137.4880 61
160.9440 160.9760 66
161.0080 161.7120 68
161.7440 161.8400 67
162.0320 162.0960 67
162.2560 162.4800 67
166.7680 167.0880 58
167.1200 167.3120 57
167.3440 167.4400 58
172.1760 172.4320 58
172.4640 172.9120 59
172.9440 173.2320 58
173.2640 173.3280 57
173.3600 173.5200 56
173.5520 173.6160 55
173.6480 173.7440 54
178.1280 178.2880 60
178.3200 178.3520 59
178.3840 178.4480 58
178.5760 179.1840 56
179.2160 179.2480 57
179.2800 179.4400 58
179.4720 179.5680 59
179.6000 179.7280 60
179.7600 180.0160 61
180.0480 180.4960 62
180.5280 181.0080 63
181.1360 181.2000 61
181.2320 181.3280 60
181.3600 181.3920 59
181.4240 181.4560 58
181.4880 181.5520 57
183.9200 183.9520 56
183.9840 184.0480 57
184.2400 184.6880 57
184.7200 184.7840 56
184.8160 184.9120 54
184.9440 185.0400 51
185.3280 185.4240 56
185.6480 185.8400 57
185.9680 186.1600 57
186.1920 186.2560 55
186.2880 186.3520 52
186.7680 186.8960 57
187.0240 187.3440 57
187.3760 187.4080 55
187.4720 187.4720 55
187.5040 187.7600 57
187.9200 188.3040 56
188.5280 189.1040 56
189.1360 189.1680 54
189.2000 189.2000 51
189.6160 189.7440 56
190.0640 190.1280 56
190.2560 190.5120 68
190.5440 190.6080 65
190.6400 190.6720 62
191.0240 191.0880 56
191.4400 191.5680 57
191.6960 191.9200 68
191.9520 191.9520 66
191.9840 192.0480 63
192.4320 192.6240 56
192.7840 193.4560 57
193.4880 194.0000 56
194.2880 194.5440 56
194.5760 194.6720 57
194.7040 194.8000 56
194.8320 194.8320 53
195.3120 195.4400 56
196.1120 196.1760 68
196.2080 196.2720 67
196.3040 196.4320 64
197.1680 197.2320 57
197.5840 197.6800 67
197.7120 197.7120 65
197.7440 197.7760 63
198.5760 198.8000 56
199.6000 199.6320 55
200.0800 200.1760 56
200.4960 200.4960 60
200.5280 200.5920 65
200.6240 200.6560 63
201.0400 201.1360 56
201.8080 201.9040 68
201.9360 201.9680 67
202.0000 202.0320 65
202.8640 203.0880 57
203.1840 203.2160 57
203.2480 203.3120 56
203.3440 203.3760 54
203.4080 203.4080 52
204.7200 204.9120 45
205.2960 205.3600 51
205.3920 205.4880 52
205.6160 205.9680 54
206.0000 206.2560 56
206.4480 206.6080 57
206.6400 206.7360 56
206.8640 207.1840 57
207.2160 207.2160 53
207.6000 207.6320 54
207.6960 208.3360 54
208.8480 208.9760 50
209.0080 209.7440 49
209.9360 210.3840 49
210.8640 210.8960 50
210.9280 211.0880 51
211.1200 211.1840 52
211.3760 211.6640 54
211.6960 211.9520 56
211.9840 212.1120 55
212.1440 212.3040 57
212.3360 212.5280 56
212.5600 212.8480 57
212.8800 212.9120 56
212.9440 213.1040 52
213.1360 213.1680 53
213.2000 213.2640 54
213.4880 214.0640 54
214.1920 214.2560 52
214.2880 214.5440 54
214.5760 214.7040 56
214.7360 215.0880 57
215.1200 215.2480 56
215.2800 215.5360 57
215.6640 216.1760 57
216.2080 216.6240 59
216.7840 216.9120 52
217.0720 217.3920 54
217.4240 217.6160 56
217.7760 217.8080 56
217.8400 218.0320 57
218.0640 218.1920 56
218.3520 218.5760 57
218.6080 218.6080 59
218.6400 219.0560 61
219.2160 219.2480 64
219.2800 219.3120 65
219.3440 219.6640 66
219.6960 220.0800 64
220.2080 220.5600 62
220.5920 221.2320 61
221.2640 221.3600 59
221.3920 221.5520 61
221.7120 222.2240 59
222.2560 222.2880 58
222.8000 222.8320 51
222.8640 222.8960 53
222.9280 222.9920 54
223.0240 223.0880 55
223.1200 223.6000 56
223.6320 224.5280 57
224.5600 224.7200 59
224.7520 225.4880 57
225.6800 225.7760 56
225.8080 226.1280 57
226.1600 226.1920 58
226.2240 226.9600 59
226.9920 227.2800 57
227.3440 227.6000 56
227.6320 228.0160 57
228.1760 228.3040 52
228.4640 228.4960 53
228.5280 228.7520 54
228.7840 228.8160 55
228.8480 229.0400 56
229.1680 229.2000 55
229.2320 229.7120 56
229.7440 230.0640 57
230.0960 230.2560 52
230.2880 230.4160 54
230.6400 231.2480 54
231.7280 231.8560 50
231.8880 233.2000 49
233.5840 233.6480 47
233.6800 233.8080 48
233.8400 233.9040 51
233.9360 234.0320 52
234.2240 234.5120 54
234.5440 234.9280 56
234.9600 235.2160 57
235.2480 235.4400 56
235.4720 235.6960 57
235.7280 235.7600 54
235.7920 235.9200 52
236.0480 236.0480 52
236.1120 236.7520 54
236.7840 236.9120 55
237.1040 237.3600 54
237.3920 237.6160 56
237.6480 238.3520 57
238.5120 238.7360 57
238.8640 238.9920 57
239.0240 239.4400 59
239.4720 239.4720 53
239.5680 239.7280 52
239.9840 240.2400 54
240.2720 240.4960 56
240.6560 240.8800 57
240.9120 241.0400 56
241.1680 241.4880 57
241.5200 241.9360 61
242.0640 242.1280 64
242.1600 242.1920 65
242.2240 242.4480 66
242.4800 243.0240 64
243.0560 243.3440 62
243.3760 244.4000 61
244.4320 244.4640 60
244.4960 245.1680 59
245.6800 245.7120 52
245.7440 245.7760 53
245.8080 245.9680 54
246.0000 246.4800 56
246.5120 247.3440 57
247.3760 247.5680 59
247.6000 248.4000 57
248.4320 248.6560 56
248.6880 248.8160 57
249.0080 249.1360 57
249.1680 249.7760 59
249.8080 250.1280 57
250.1600 250.4160 56
250.4480 250.8960 57
251.0560 251.1840 52
251.3440 251.6640 54
251.6960 252.1760 56
252.2080 252.3360 57
252.3680 252.4320 56
252.5920 252.9120 57
252.9440 252.9760 53
253.2960 253.3920 54
253.5200 253.8080 54
254.0320 254.1920 52
254.8320 255.4720 49
255.6960 256.0800 49
256.5920 256.6560 50
256.6880 256.7520 51
256.7840 256.9120 52
257.0720 257.3600 54
257.3920 257.8400 56
257.8720 258.0320 57
258.0640 258.2240 56
258.2560 258.5760 57
258.6080 258.6080 52
258.8960 258.9600 53
258.9920 259.0880 54
259.2160 259.5360 54
259.6960 259.7600 53
259.7920 260.0160 52
260.1440 260.2400 55
260.2720 260.4960 56
260.5280 261.9360 57
261.9680 262.3840 59
262.4160 262.4800 58
262.7680 263.0240 54
263.1520 263.2800 56
263.5040 263.8240 57
264.0160 264.3040 57
264.3360 264.7520 61
264.9440 264.9760 64
265.0080 265.0400 65
265.0720 265.3600 66
265.3920 265.8720 64
265.9040 266.1600 62
266.3200 267.2800 61
267.3120 267.3760 60
267.4080 267.8560 59
268.5600 268.6240 53
268.6560 268.8480 54
268.8800 268.9440 55
269.1360 269.1360 56
269.2320 269.5200 57
269.9680 270.0320 57
270.2880 270.3520 59
270.3840 270.4160 58
270.4480 271.0560 57
271.1840 271.3120 57
271.3440 271.5040 56
271.5360 271.9200 57
271.9520 271.9840 58
272.0160 272.7200 59
272.8800 272.9440 57
272.9760 273.0080 56
273.0720 273.3280 56
273.3600 274.1920 57
274.4160 274.4160 53
274.4800 274.5440 52
275.6640 275.7920 49
275.8240 275.9520 50
275.9840 276.7200 54
276.7520 276.7840 52
277.2640 277.3280 47
277.4880 277.6160 49
277.7440 278.1600 49
281.0400 281.1040 45
281.1360 281.2960 48
281.3920 281.6480 49
281.6800 281.7440 52
281.7760 281.8720 54
282.0000 282.5120 54
282.5440 283.2480 52
283.2800 283.6000 50
283.6320 284.5600 49
286.7360 286.8960 46
286.9280 286.9920 48
287.1200 287.3120 49
288.4000 288.4320 44
288.4640 288.5280 45
288.5600 288.5920 46
288.6240 288.7840 47
288.8160 288.8800 48
288.9120 289.1680 49
292.4320 292.4960 47
292.5280 292.6240 48
292.8480 292.9440 48
293.5520 293.6800 50
293.8720 293.9680 50
294.3520 294.9280 49
295.0880 295.3120 45
295.3760 295.4080 45
