4.9760 5.1680 59
5.2000 5.7760 61
5.8080 5.9040 59
6.0320 6.0960 60
6.1280 6.2880 59
6.8640 7.0240 59
7.0560 7.4720 61
7.5040 7.8880 59
8.1760 8.3680 59
8.4000 8.4320 61
8.4960 8.4960 58
8.7200 8.8480 61
8.8800 9.0080 59
9.3280 9.4240 56
9.5520 9.7760 59
9.8080 9.9040 61
10.0320 10.1280 61
10.1600 10.2560 58
10.2880 10.4480 61
10.4800 10.6720 59
11.4080 11.5360 59
11.5680 11.7600 61
11.7920 11.9200 59
11.9520 12.0160 61
12.0480 12.1760 59
12.4640 12.5600 64
12.5920 12.7520 63
13.1040 13.2640 59
13.5520 13.8400 56
16.2400 16.3680 59
16.4000 16.5600 61
16.7520 17.0400 63
17.3920 17.5200 60
17.5520 17.5840 57
17.8720 18.0960 56
18.5760 18.6080 54
18.6400 18.9600 58
18.9920 19.2800 56
20.7840 21.2640 59
21.2960 21.4560 61
21.5840 21.7440 63
21.7760 22.0320 61
22.0640 22.6400 63
22.6720 23.2480 61
23.9840 24.1120 63
24.1440 24.3040 64
24.5280 24.6880 61
24.7200 24.8480 63
25.6160 25.6800 58
25.7120 25.8400 59
25.8720 26.0000 61
26.1280 26.3200 61
26.3520 26.9280 63
26.9600 27.0880 61
27.2160 28.5600 61
29.2960 29.4880 66
29.6160 29.9360 63
30.1600 30.3840 60
30.7040 30.9600 56
33.3920 33.4560 58
33.4880 33.7760 61
33.9040 33.9680 63
34.0960 34.1600 63
34.4480 34.6400 61
34.6720 34.7040 59
35.0560 35.2160 56
36.5600 36.5600 56
36.5920 37.0400 59
37.0720 37.4240 61
37.4560 37.5520 59
37.6800 37.9040 66
37.9360 38.1600 64
38.5120 38.8000 54
38.9280 39.0880 64
39.1200 39.3120 66
39.5040 39.5360 59
39.5680 39.6960 61
39.7280 40.3360 63
40.5280 40.6560 63
40.6880 40.8160 61
40.8480 40.9440 59
41.1360 41.7760 61
41.8080 42.4480 63
42.9280 43.1200 54
43.2800 43.4400 64
43.4720 43.6640 66
43.8240 43.9840 61
44.0160 44.6240 63
44.8800 45.1040 61
45.1360 45.3920 59
45.4240 45.7440 61
45.9040 46.0640 61
46.0960 46.6720 63
46.9920 47.4720 63
47.6000 47.7280 68
47.7600 48.1760 70
48.2080 48.2080 68
48.3680 48.5280 66
48.6560 48.8480 66
48.8800 49.7120 63
51.2800 51.6960 63
51.8880 51.9840 68
52.0160 52.6240 70
52.6560 54.9600 71
55.6000 55.9200 54
56.1120 56.3040 64
56.3360 56.4640 66
56.6880 56.8480 61
56.8800 57.5840 63
57.7120 57.7760 62
57.8080 57.9360 61
57.9680 58.0640 59
58.2560 58.9280 61
58.9600 59.5360 63
59.8560 60.2400 54
60.4320 60.5600 64
60.5920 60.8160 66
60.9440 61.1040 61
61.1360 61.7120 63
62.0320 62.2560 61
62.2880 62.5120 59
62.5440 62.8960 61
63.0560 63.2160 61
63.2480 63.7920 63
63.8240 63.8560 61
64.1440 64.6240 63
64.7200 64.8800 68
64.9120 65.3920 70
65.4240 65.6480 66
65.7760 65.9680 66
66.0000 67.1200 63
68.4000 68.4640 61
68.4960 68.9760 63
69.0080 69.1040 68
69.1360 69.7440 70
69.7760 72.0800 71
72.1120 72.2400 67
72.2720 72.6240 71
72.6560 72.9760 66
74.0640 74.0640 55
74.0960 74.2240 59
74.2560 74.3840 61
74.5760 74.5760 58
74.6080 74.7360 61
74.7680 74.9280 59
75.6960 75.8240 59
75.9840 76.3040 61
76.3360 76.4960 59
76.6880 76.7520 57
76.7840 76.8800 59
76.9120 77.1040 61
77.1360 77.1680 59
77.2960 77.3600 61
77.3920 77.5520 59
78.1600 78.3520 59
78.3840 78.5120 61
78.8960 79.0240 61
79.0560 79.1520 59
79.9840 80.2080 61
80.3040 80.3360 59
80.4320 80.4640 59
80.4960 80.6240 61
80.6560 80.7520 59
81.0400 81.3920 63
81.5200 81.6800 61
81.7120 81.8400 59
82.1920 82.3200 56
84.8160 84.9120 59
84.9440 85.1360 61
85.3280 85.5840 63
85.9360 86.0640 60
86.0960 86.1280 58
86.4480 86.6080 56
87.1840 87.2160 54
87.2480 87.5360 58
87.5680 87.8240 56
89.3600 89.4240 57
89.4560 89.8400 59
89.8720 90.0000 61
90.2240 90.3520 62
90.3840 90.4800 59
90.5120 90.6400 61
90.6720 91.2160 63
91.2480 91.8240 61
92.4000 92.5280 54
92.5600 92.5600 60
92.5920 92.9440 64
93.1040 93.2640 61
93.2960 93.4560 63
94.1600 94.1600 55
94.1920 94.4480 59
94.4800 94.6080 61
94.6400 94.7040 58
94.7360 94.8960 61
94.9280 95.4720 63
95.5040 95.6320 61
95.7600 95.7920 59
95.8240 97.1360 61
97.7120 98.0640 66
98.1920 98.5760 63
98.6720 98.9280 61
99.3120 99.5680 56
101.9040 102.0640 59
102.0960 102.2880 61
102.3200 102.3840 62
102.4160 102.7680 63
103.0240 103.2160 61
103.5680 103.7920 56
105.0720 105.1360 56
105.1680 105.6160 59
105.6480 106.0640 61
106.0960 106.1920 58
106.3520 106.7360 65
107.0560 107.2800 66
107.5040 107.6960 64
107.7280 107.8880 66
108.1120 108.2720 61
108.3040 108.9760 63
109.1360 109.2000 62
109.2320 109.3920 61
109.4240 109.4880 59
109.6800 110.3840 61
110.4160 110.9600 63
111.5040 111.6960 54
111.8560 111.9520 63
111.9840 112.2400 66
112.3680 112.5280 61
112.5600 113.2000 63
113.4560 113.6800 61
113.7120 113.9680 59
114.0000 114.3200 61
114.4480 114.6400 61
114.6720 115.2480 63
115.5680 116.1440 63
116.1760 116.3040 68
116.3360 116.8480 70
116.8800 117.0400 66
117.2320 117.2960 67
117.3280 117.4240 66
117.4560 117.5200 64
117.5520 118.4800 63
119.8240 119.8560 61
119.8880 120.2400 63
120.4640 120.5600 68
120.5920 121.1680 70
121.2000 123.1840 71
123.2160 123.2800 68
123.3120 123.5040 71
124.1440 124.4960 54
124.7200 124.7520 64
124.7840 125.0400 66
125.2640 125.4240 61
125.4560 126.0000 63
126.2560 126.3840 63
126.4160 126.6080 61
126.8960 127.5040 61
127.5360 128.1120 63
128.4320 128.8160 54
129.0080 129.0400 64
129.0720 129.3920 66
129.5200 129.6800 61
129.7120 130.2560 63
130.5760 130.6080 63
130.6400 130.8000 61
130.8320 131.0880 59
131.1200 131.4400 61
131.6320 131.7920 61
131.8240 132.0800 63
132.1760 132.4640 63
132.7200 133.0720 63
133.1040 133.2640 66
133.2960 133.4560 69
133.4880 133.9680 70
134.0000 134.5440 66
134.5760 135.7920 63
136.2080 136.4320 66
137.0080 137.0400 62
137.0720 137.5840 63
137.6160 137.7440 68
137.7760 138.3200 70
138.3520 141.2000 71
141.3280 141.4240 66
141.8400 141.9680 59
142.0000 143.0560 61
143.4720 143.6000 59
143.7280 144.1440 61
144.1760 144.4000 63
144.4320 144.4960 59
144.5280 144.9120 61
144.9760 145.0400 58
145.0720 145.5200 59
145.6480 146.0320 58
146.1920 146.3200 59
146.3520 146.8960 56
146.9280 147.2160 54
147.2480 147.3120 53
147.3440 147.4400 52
147.7920 147.8880 54
148.0480 148.7520 54
149.1360 149.2320 54
149.8720 150.2560 54
150.4160 150.5120 59
150.5440 150.7040 61
150.9600 151.6640 61
151.9520 152.0160 57
152.0480 152.1120 59
152.3040 152.4320 59
152.4960 152.4960 58
152.5920 152.6880 61
152.7200 153.2000 63
153.2320 153.4560 61
153.4880 153.5840 54
153.6160 153.9360 58
154.0960 154.5440 58
154.7040 154.8320 61
154.8640 155.5360 56
155.5680 155.7600 55
156.2400 156.5600 54
156.5920 156.7200 59
156.8480 156.9760 59
157.0080 158.6080 61
158.6400 158.8000 63
158.9920 159.1200 60
159.1520 160.4320 61
160.7520 160.9440 54
161.1360 161.2960 64
161.3280 161.4560 66
161.6800 161.8400 61
161.8720 162.5440 63
162.7360 162.8320 63
162.8640 162.9600 61
162.9920 163.0880 59
163.3120 163.9520 61
163.9840 164.6880 63
165.1360 165.2640 54
165.4560 165.5840 64
165.6160 165.7120 66
165.9680 166.1280 61
166.1600 166.7040 63
167.0240 167.0880 62
167.1200 167.2480 61
167.2800 167.5040 59
167.5360 167.8560 61
168.0480 168.2080 61
168.2400 168.4960 63
168.6240 168.8800 63
169.1680 169.6480 63
169.7760 169.9360 68
169.9680 170.3200 70
170.5120 170.6080 66
170.8320 171.0240 66
171.0560 172.0160 63
173.4240 173.4560 62
173.4880 173.8400 63
174.0000 174.1280 68
174.1600 174.7360 70
174.7680 176.9760 71
177.0080 177.2000 69
177.2320 177.4560 71
177.8720 177.9360 54
178.2880 178.3840 64
178.4160 178.6080 66
178.8640 178.9920 61
179.0240 179.6640 63
179.8240 179.9840 63
180.0160 180.1120 61
180.1440 180.2080 59
180.4000 181.0720 61
181.1040 181.7120 63
182.0640 182.2880 54
182.5760 182.7360 64
182.7680 182.9600 66
183.0880 183.2480 61
183.2800 183.9200 63
184.1760 184.3680 61
184.4000 184.6560 59
184.6880 185.0080 61
185.2000 185.3600 61
185.3920 185.5840 63
185.6160 185.6800 66
185.7120 186.0000 63
186.2240 186.2880 61
186.3200 186.7360 63
186.7680 186.8000 66
186.8320 186.9600 68
186.9920 187.4720 70
187.6320 188.1120 66
188.1440 189.7760 63
190.5760 191.1200 63
191.1520 191.2800 68
191.3120 193.1360 71
193.1680 193.3920 73
193.4240 195.9520 71
