18.5120 18.6080 66
18.6400 19.0240 67
19.0560 19.1520 66
19.1840 19.3760 67
19.4080 19.5360 65
19.5680 20.0800 63
20.1120 20.1760 60
20.2080 20.2720 58
20.3040 20.3680 59
20.4000 20.6880 60
20.9440 21.2320 60
21.2640 21.3280 61
21.4880 21.6800 67
22.2560 22.4800 62
22.5120 22.5760 61
22.7680 22.8320 61
22.8640 22.9920 62
23.0240 23.1200 61
23.2480 23.3120 61
23.3440 23.5360 62
23.5680 23.7920 63
23.8240 23.8560 64
23.8880 24.0800 65
24.1120 24.2080 64
24.2400 24.3680 62
24.4000 24.4640 63
24.6240 24.8480 62
24.8800 24.9440 63
24.9760 25.1040 64
25.1360 25.7120 63
25.7440 25.7760 65
25.8080 25.8400 64
25.8720 26.1280 63
26.8640 26.8960 65
26.9280 27.0240 66
27.0560 27.7280 67
27.7600 27.9200 70
27.9520 27.9840 68
28.0160 28.0800 64
28.1120 28.8160 63
28.8480 29.1040 60
29.2640 29.7440 60
29.7760 29.8400 59
29.8720 30.0640 56
30.5440 30.7360 60
30.7680 30.8640 62
30.8960 30.9280 61
30.9600 30.9920 60
31.1840 31.4080 62
31.4400 31.6000 60
31.6320 31.6640 61
31.6960 32.0160 62
32.0480 32.2080 65
32.2400 32.3360 62
32.5280 32.6880 62
32.7200 34.0000 63
34.0320 34.0960 62
34.1280 34.5120 60
34.5440 34.6400 61
34.8640 34.9920 68
35.0240 35.6960 70
35.8560 35.9520 69
35.9840 36.2720 70
36.3040 36.4000 68
36.4320 37.0400 67
37.2320 37.2960 66
37.3280 37.5840 65
38.0320 38.0960 61
38.1280 38.3840 62
38.5760 38.6720 58
38.7040 38.7680 59
39.1200 39.2160 66
39.2480 39.4400 68
39.6000 39.7920 68
40.0800 40.1760 67
40.2080 40.4320 68
40.4640 40.6240 67
40.6560 41.1360 65
41.1680 41.6800 63
42.3520 42.4800 63
42.5120 42.6720 65
42.8000 43.0240 67
43.0560 43.1200 65
43.1520 43.3760 67
43.4080 43.8880 65
44.5920 44.8160 63
44.8480 44.9440 61
44.9760 45.0080 60
45.1360 45.2320 67
45.2640 45.9680 68
46.2240 46.3200 66
46.3520 46.6400 68
46.6720 46.9280 70
46.9600 47.0880 68
47.1200 47.3120 67
47.3440 47.5360 68
47.5680 49.2320 67
50.1280 50.7360 62
50.7680 51.1520 63
51.1840 51.4080 65
51.6640 51.6960 65
51.7280 51.7600 66
51.7920 51.9840 67
52.0160 52.0800 65
52.2080 52.4000 67
52.5280 52.6560 65
52.6880 52.9760 67
53.0080 53.0400 65
53.2960 53.3600 60
53.5200 53.5840 67
53.6160 53.9360 70
53.9680 54.0000 71
54.0320 54.1920 72
54.3200 54.5440 68
54.5760 54.9600 67
54.9920 55.2800 68
55.8880 55.9520 64
55.9840 56.1120 65
56.1440 56.3680 64
56.4000 56.6880 65
56.7200 56.9120 64
56.9440 57.1680 65
57.4560 57.6160 60
57.7760 57.8720 67
57.9040 58.2240 68
58.2560 58.4160 70
58.4480 58.5440 65
58.5760 58.6080 66
58.6400 58.8000 67
58.8320 59.1840 65
59.2160 59.5040 67
60.0480 60.1760 65
60.2080 60.4320 67
60.4640 60.5920 65
60.6240 60.8800 63
60.9120 61.0080 65
61.0400 61.2000 67
61.2320 61.7120 65
62.0000 62.1600 63
62.2880 62.4160 65
62.5440 62.6400 63
62.7680 62.9600 67
62.9920 62.9920 69
63.0240 63.5680 72
64.0480 64.1440 60
64.3680 64.4320 65
64.4640 64.5920 67
64.6240 64.6240 65
64.6560 65.1040 63
65.1360 65.2640 61
65.2960 65.4880 62
65.5200 65.6480 63
65.6800 65.8720 65
65.9040 66.1280 67
66.1600 66.2560 66
66.2880 66.5440 67
66.5760 66.9280 65
67.4720 67.5680 62
67.6960 67.9200 63
67.9520 68.2400 65
68.5600 68.8480 67
68.8800 69.0400 65
69.0720 69.2960 67
69.3280 69.3600 66
69.3920 69.7120 65
69.7440 69.9680 67
70.1600 70.2240 60
70.2560 70.3840 61
70.4160 70.5120 68
70.5440 70.8640 70
70.8960 71.1200 72
71.1520 71.3120 68
71.4400 71.8240 67
71.8560 72.1120 68
72.7520 73.0080 65
73.0400 73.2320 63
73.2640 73.5200 65
73.5520 73.7440 63
73.7760 74.0320 65
74.1600 74.2240 62
74.3520 74.3840 59
74.4160 74.5120 60
74.5440 74.5440 62
74.5760 74.7040 67
74.7360 75.0880 68
75.1200 75.3440 70
75.3760 75.6000 67
75.6320 75.8240 65
75.8560 76.0160 66
76.0480 76.3360 67
76.3680 76.4320 68
76.9440 77.0400 65
77.0720 77.1680 67
77.2000 77.2960 68
77.3280 77.4560 65
77.4880 77.5840 63
77.6160 77.7440 67
77.7760 77.9040 65
77.9360 78.3200 67
78.3520 78.5440 65
78.8640 79.0240 62
79.0560 79.3120 65
79.3440 79.5360 63
79.5680 79.5680 65
79.6000 79.8560 67
79.8880 79.9840 70
80.0160 80.0480 71
80.0800 80.4960 72
81.1680 81.2320 65
81.2640 81.4240 67
81.4560 81.5200 65
81.6160 81.6480 64
81.6800 81.9360 63
81.9680 82.0000 62
82.2560 82.2880 62
82.3200 82.4480 63
82.4800 82.6400 65
82.6720 82.7040 66
82.7360 83.0560 67
83.0880 83.3440 66
83.3760 83.6640 65
84.4000 84.6240 62
84.6560 84.8480 63
84.8800 85.1040 65
85.1360 85.2640 61
85.2960 85.7120 62
85.7440 86.7040 60
86.7360 86.8640 61
102.7680 102.8320 65
102.8640 102.8960 66
102.9280 103.1520 67
103.2800 103.3760 66
103.4080 103.6320 67
103.6640 103.7920 65
103.8240 104.2720 63
104.3040 104.3360 62
104.3680 104.4000 60
104.4320 104.5280 58
104.5600 104.5920 59
104.6240 105.6160 60
106.4800 106.7040 62
106.7360 106.8000 61
106.9920 107.0240 61
107.0560 107.2160 62
107.2480 107.3440 61
107.4720 107.5680 61
107.6000 107.7600 62
107.7920 107.9520 63
107.9840 108.1120 64
108.1440 108.3360 65
108.3680 108.6880 62
108.8480 109.1040 62
109.1360 110.1920 63
111.0880 111.1200 65
111.1520 111.3760 66
111.4080 111.8880 67
111.9200 111.9520 68
111.9840 112.1760 70
112.2080 112.2080 67
112.2400 112.2400 65
112.2720 112.3360 63
112.3680 112.4960 62
112.5280 113.0720 63
113.1040 113.2000 59
113.2320 114.0640 60
114.7680 114.9600 60
114.9920 115.1520 62
115.1840 115.2160 60
115.4080 115.6640 62
115.6960 115.8560 60
115.8880 115.9200 61
115.9520 116.2720 62
116.3040 116.4320 65
116.4640 116.5600 62
116.7840 116.9120 62
116.9440 118.1920 63
118.2240 118.2880 62
118.3200 118.7360 60
119.0560 119.1520 69
119.1840 119.8240 70
119.8560 120.1120 67
120.1440 120.2080 69
120.2400 120.4640 70
120.4960 120.6880 68
120.7200 121.2640 67
121.4560 121.5200 66
121.5520 121.8080 65
122.2560 122.3200 61
122.3520 122.6080 62
122.8000 122.9920 59
123.3440 123.4400 66
123.4720 123.6640 68
123.7920 123.8560 68
123.8880 123.9520 67
124.0800 124.1760 64
124.2080 124.2720 65
124.3040 124.4000 67
124.4320 124.6560 68
124.6880 124.8480 67
124.8800 125.3920 65
125.4240 125.9040 63
126.5760 126.7040 63
126.7360 126.8960 65
127.0240 127.2480 67
127.2800 127.3440 65
127.3760 127.5680 67
127.6000 127.6320 66
127.6640 128.1440 65
128.5280 128.7520 67
128.7840 129.0400 63
129.0720 129.2320 60
129.3600 129.4560 67
129.4880 130.1920 68
130.4480 130.5440 66
130.5760 130.8960 68
130.9280 131.1520 70
131.1840 131.7920 68
131.8240 133.4880 67
134.3520 134.9600 62
134.9920 135.3760 63
135.4080 135.7280 65
135.9200 135.9520 65
135.9840 136.0160 66
136.0480 136.2080 67
136.2400 136.4000 65
136.4320 136.6240 67
136.7520 136.9120 65
136.9440 137.2320 67
137.4880 137.5520 71
137.7760 137.8400 68
137.8720 138.2240 70
138.2560 138.4160 72
138.5440 138.7680 68
138.8000 139.2160 67
139.2480 139.5040 68
140.1440 140.1760 64
140.2080 140.3360 65
140.3680 140.5920 64
140.6240 140.8800 65
140.9120 141.1360 64
141.1680 141.4240 65
141.6800 141.8400 60
142.0000 142.0960 67
142.1280 142.4480 68
142.4800 142.6720 70
142.7040 142.7040 67
142.7360 142.8320 65
142.8640 143.0560 67
143.0880 143.4080 65
143.4400 143.8240 67
144.2720 144.4320 65
144.4640 144.6880 67
144.7200 144.8160 65
144.8480 145.1040 63
145.1360 145.2320 65
145.2640 145.4240 67
145.4560 145.9360 65
146.2240 146.4800 63
146.5120 146.6720 65
146.7040 146.8960 63
147.0240 147.1840 67
147.2160 147.2160 69
147.2480 147.7920 72
148.2720 148.4000 60
148.5920 148.6240 65
148.6560 148.8160 67
148.8480 148.8480 65
148.8800 149.2960 63
149.3280 149.3600 62
149.3920 149.4880 61
149.5200 149.5840 62
149.6480 149.7440 62
149.7760 149.8720 63
149.9040 150.1280 65
150.1600 150.3520 67
150.3840 150.7360 66
150.7680 151.1520 65
151.7600 151.8560 62
151.9840 152.2080 63
152.2400 152.5600 65
152.7840 153.0720 67
153.1040 153.2960 65
153.3280 153.4880 67
153.5200 153.5520 66
153.5840 153.9360 65
153.9680 154.1920 67
154.3840 154.5760 60
154.6080 154.6080 62
154.6400 154.6400 66
154.6720 154.7680 68
154.8000 155.0880 70
155.1200 155.3440 72
155.3760 155.3760 70
155.4080 155.5360 68
155.6640 156.0480 67
156.0800 156.3360 68
156.9760 157.2320 65
157.2640 157.3920 64
157.5200 157.7760 65
157.8080 157.9680 64
158.0000 158.2880 65
158.5760 158.7040 60
158.8320 159.3120 68
159.3440 159.5680 70
159.6000 159.8240 67
159.8560 160.0800 65
160.1120 160.2400 66
160.2720 160.6560 67
161.2000 161.2960 65
161.3280 161.5200 67
161.5520 161.7120 65
161.7440 161.8080 63
162.0000 162.0960 65
162.1280 162.5440 67
162.5760 162.7680 65
163.0880 163.2800 62
163.3120 163.5360 65
163.5680 163.7600 63
163.7920 164.0800 67
164.1120 164.2720 70
164.3040 164.7200 72
165.3920 165.4880 65
165.5200 165.6480 67
165.6800 165.7760 64
165.8720 166.2240 63
166.4800 166.6720 63
166.7040 166.9280 65
166.9600 167.2800 67
167.3120 167.6000 66
167.6320 167.8880 65
168.5920 168.8480 62
168.8800 169.0720 63
169.1040 169.3280 65
169.3600 169.5200 61
169.5520 169.9040 62
169.9360 169.9680 61
170.0000 170.9600 60
170.9920 171.0880 61
184.8800 185.4560 62
185.4880 185.6480 63
185.6800 185.8080 62
185.8400 185.8720 63
185.9040 186.1600 65
186.4160 186.4480 65
186.4800 186.5120 66
186.5440 186.7040 67
186.7360 186.8960 65
186.9280 187.1200 67
187.2480 187.4080 65
187.4400 187.7280 67
187.9840 188.1120 61
188.2720 188.3360 68
188.3680 188.7200 70
188.7520 188.9440 72
188.9760 189.2640 68
189.2960 189.7120 67
189.7440 190.0000 68
190.6400 190.6720 64
190.7040 190.8320 65
190.8640 191.0880 64
191.1200 191.3760 65
191.4080 191.6000 64
191.6320 191.8880 65
192.1760 192.3360 60
192.4960 192.5920 67
192.6240 192.9440 68
192.9760 193.2000 70
193.2320 193.3600 66
193.3920 193.5520 67
193.5840 193.9040 65
193.9360 194.3200 67
194.7680 194.9280 65
194.9600 195.1840 67
195.2160 195.3120 65
195.3440 195.6000 63
195.6320 195.7280 65
195.7600 195.9200 67
195.9520 196.4640 65
196.7200 196.8800 63
197.0080 197.1680 65
197.2000 197.3920 63
197.5200 197.7120 67
197.7440 197.7440 70
197.7760 198.3520 72
198.7680 198.8960 60
199.0880 199.1520 65
199.1840 199.3120 67
199.3440 199.3760 65
199.4080 199.8240 63
199.8560 200.2080 62
200.2400 200.3680 63
200.4000 200.6240 65
200.6560 200.8480 67
200.8800 201.2640 66
201.2960 201.6480 65
202.2560 202.4480 62
202.4800 202.7040 63
202.7360 203.0560 65
203.2800 203.5360 67
203.5680 203.6000 66
203.6320 203.7600 65
203.7920 204.0160 67
204.0480 204.0800 66
204.1120 204.4320 65
204.4640 204.6880 67
204.7200 204.7200 64
204.8800 205.1040 60
205.1360 205.1360 62
205.1680 205.2640 68
205.2960 205.5840 70
205.6160 205.8400 72
205.8720 205.9040 70
205.9360 206.0320 68
206.1600 206.5440 67
206.5760 206.8320 68
207.4720 208.2720 65
208.3040 208.4640 64
208.4960 208.8160 65
209.0400 209.2000 59
209.3280 209.4240 67
209.4560 209.8080 68
209.8400 210.0640 70
210.0960 210.3200 67
210.3520 210.5760 65
210.6080 210.7680 66
210.8000 211.1520 67
211.6640 211.7600 65
211.7920 212.0160 67
212.0480 212.2080 65
212.2400 212.3040 63
212.4960 212.6240 65
212.6560 213.0720 67
213.1040 213.2640 65
213.5840 213.7760 62
213.8080 214.0320 65
214.0640 214.2880 63
214.3200 214.5760 67
214.6080 214.7680 70
214.8000 215.2160 72
215.8880 215.9840 65
216.0160 216.1760 67
216.2080 216.7520 63
216.9760 217.1680 63
217.2000 217.4560 65
217.4880 217.8080 67
217.8400 218.0960 66
218.1280 218.3840 65
219.0880 219.3440 62
219.3760 219.5680 63
219.6000 219.8240 65
219.8560 220.0160 61
220.0480 220.4000 62
220.4320 221.5520 60
223.3440 223.4720 62
223.6000 223.8240 63
223.8560 224.0480 65
224.0800 224.2400 61
224.2720 224.6240 62
224.6560 225.7120 60
