16.8480 16.9440 50
17.8720 18.0000 50
27.6640 27.7280 52
27.7600 28.0800 53
28.1120 28.1440 51
28.1760 28.2400 50
28.2720 28.3680 49
28.5280 28.6240 49
28.6560 28.7200 50
28.7520 29.2320 51
29.7440 30.3840 47
30.4160 30.5760 46
30.6080 30.9280 45
33.6800 33.7760 48
33.8080 34.6080 49
34.8640 34.9280 48
34.9600 35.2160 47
35.2480 35.5040 49
35.5360 35.9840 48
36.0800 36.1120 46
36.1760 36.1760 46
36.2720 36.3040 46
36.3680 36.6880 45
40.6240 41.2640 53
41.2960 41.3280 51
41.3600 41.7120 49
41.9040 42.5440 51
42.7040 42.7680 50
42.8000 42.9600 49
42.9920 43.3760 48
43.5360 43.6640 48
43.6960 43.7600 47
43.8880 44.1760 46
46.5120 46.6400 44
46.6720 46.7360 45
46.8960 46.9280 47
46.9600 47.5680 48
48.5600 48.9760 46
49.1040 49.1360 47
49.1680 49.5520 48
49.7120 49.8720 48
49.9040 50.2560 47
54.0640 54.6080 53
54.7680 55.0560 53
55.1840 55.8560 51
56.0160 56.0800 48
56.1120 56.5280 51
56.6560 57.0080 51
57.2000 57.3280 50
57.3600 57.3920 48
57.4240 57.7440 46
60.3040 60.3360 47
60.3680 60.4960 48
60.5280 60.7200 49
60.8480 61.0720 49
61.1040 61.2000 48
61.4560 61.7440 46
61.7760 61.8080 47
61.8400 62.5440 48
63.1840 63.3440 44
67.3440 67.4080 53
67.5360 68.1760 53
68.3040 68.4000 50
68.5280 68.8160 51
68.9760 69.2640 51
69.2960 69.3600 50
69.8080 70.0320 48
70.1600 70.2560 49
70.2880 70.3200 48
70.5120 70.9600 46
71.2800 71.3760 46
73.9040 73.9680 48
74.0000 74.3520 49
74.9280 74.9920 47
75.1200 75.2480 47
75.2800 75.4080 48
75.5360 75.7920 47
75.8240 76.0480 48
76.2080 76.5280 48
76.5600 76.6240 47
76.6560 76.7520 46
76.7840 77.0720 47
91.6000 91.6960 53
107.3440 107.3440 63
107.3760 108.0160 65
108.0480 108.3680 61
108.4000 109.2320 63
109.2640 110.1280 60
110.1600 110.6080 58
114.0000 114.0320 60
114.0640 114.5760 61
114.6080 115.1840 58
115.2160 115.9200 60
115.9520 116.2400 58
116.3680 116.4320 57
116.4640 116.5920 55
116.6240 117.1040 53
120.5920 121.2640 65
121.3920 121.8080 61
121.8400 122.4800 63
122.5120 122.8000 61
122.8320 123.2480 60
123.2800 123.4080 61
123.4400 124.4960 58
126.8320 126.8960 54
126.9280 126.9280 58
126.9600 127.7920 61
128.0480 128.1760 61
128.2080 128.3360 58
128.4640 129.8720 60
130.0000 130.7680 58
134.0000 134.7680 65
134.8000 134.8320 63
134.8640 135.2160 61
135.2480 135.9200 63
135.9520 136.2080 60
136.8480 137.0720 61
137.1040 137.4240 58
140.6560 141.4560 61
141.4880 141.7120 58
141.7440 142.5120 60
142.5440 142.7680 58
142.9600 143.2160 56
143.2480 143.8240 53
147.3120 148.0800 65
148.1120 148.4640 61
148.4960 148.7520 63
148.8800 149.2320 63
149.2640 150.0320 60
150.1600 150.3200 60
150.3520 151.0240 58
153.5520 154.2880 61
154.7360 155.3120 58
155.3440 156.1440 60
156.1760 156.5600 61
156.5920 157.5200 58
160.5600 160.5600 62
160.5920 160.8480 65
161.0080 161.4240 65
161.4560 161.7760 61
161.8080 162.5440 63
162.7040 163.5040 61
163.5360 164.1760 58
166.3520 166.8320 56
166.8960 167.3760 61
167.4080 167.5360 59
167.5680 167.6320 61
167.9520 168.4640 56
168.4960 169.3280 60
169.7440 170.0640 56
170.0960 170.5760 53
173.8720 173.9360 62
173.9680 174.0320 65
174.1600 174.7680 65
174.9280 175.2800 61
175.3120 175.7920 63
175.8240 176.0160 61
176.0480 176.7200 60
176.7520 176.9120 61
176.9440 177.0400 59
177.0720 177.6480 58
180.0800 180.1760 57
180.2080 180.9440 61
180.9760 181.2320 58
181.4240 181.7120 58
181.8720 183.2480 60
183.2800 184.2400 58
187.4400 187.5680 46
187.6000 187.6640 49
187.6960 187.9520 52
187.9840 188.2720 49
188.4000 188.4320 49
188.4640 188.7520 51
188.7840 189.2320 50
189.7120 189.9040 48
189.9360 190.0960 47
190.1280 190.2240 48
190.2560 190.5120 47
190.6400 190.9280 47
193.5520 194.1280 49
194.1600 194.5120 48
194.8640 195.0240 47
195.0560 195.1200 46
195.2480 195.9200 48
195.9520 196.1760 45
196.2080 196.6880 44
196.8800 197.2000 44
200.5920 200.6240 50
200.6560 201.2640 53
201.2960 201.7440 49
201.7760 202.0960 51
202.2560 202.6080 51
202.6400 202.7360 50
203.0880 203.4080 48
203.5360 203.7280 48
203.7600 203.8560 47
203.8880 204.4000 46
206.5120 206.6400 44
206.8320 207.7920 48
209.0400 209.2320 45
209.2640 209.3920 48
209.5840 210.7040 48
211.7600 212.7200 46
