1.0720 1.2960 61
1.3280 1.8720 63
1.9040 1.9360 62
1.9680 2.1280 61
2.1600 2.2880 63
2.4480 2.6400 61
2.6720 2.7040 59
2.7360 2.7680 58
2.9600 3.0240 59
3.0560 3.3120 58
3.3440 3.5680 57
3.6000 4.1120 58
4.8480 4.9440 56
5.0720 5.1360 54
5.2960 5.3920 56
5.4240 5.5520 58
5.7760 6.0000 56
6.1920 6.3520 54
6.7680 6.8320 54
7.3760 7.4400 51
8.6240 8.7200 61
8.8480 9.3600 63
9.3920 9.4240 62
9.4560 9.6160 61
9.6480 9.7760 63
9.9680 10.0960 61
10.2240 10.3840 58
10.4160 10.5120 59
10.5440 10.7680 58
11.0240 11.0560 57
11.0880 11.2160 58
11.3760 11.6000 58
11.6320 11.6640 57
11.8560 11.9520 56
12.3680 12.4000 56
12.7840 12.9120 56
12.9440 13.1040 58
13.2640 13.4880 56
13.7440 13.8080 54
14.2880 14.3520 54
16.8160 16.9120 55
17.0400 17.1680 56
17.5200 17.6160 56
17.6480 17.7760 54
17.9680 18.1280 56
18.1600 18.2240 54
18.4160 18.5440 56
18.5760 18.8000 58
19.3440 19.5040 56
19.5360 19.6640 54
19.8880 20.0160 56
20.0480 20.0800 54
20.3040 20.4000 56
20.4320 20.5600 58
21.2640 21.4240 56
21.4560 21.6160 54
21.7760 21.8720 56
21.9040 21.9360 55
22.0000 22.0320 55
22.1280 22.2560 56
22.2880 22.4480 58
22.8000 22.8640 52
23.2160 23.3120 54
24.3040 24.4640 54
24.4960 24.6240 56
24.7520 24.8160 54
25.0400 25.1360 56
25.1680 25.2000 55
25.4560 25.5840 56
25.6160 25.6480 55
25.6800 25.7440 54
25.9680 26.0320 56
26.0640 26.1920 58
26.8320 26.9600 56
27.0880 27.1840 54
27.3760 27.5360 56
27.8560 27.8880 57
27.9200 28.0800 58
28.7840 28.8800 56
28.9120 28.9120 54
29.2320 29.3600 56
29.3920 29.4880 54
29.6480 29.7760 56
29.8080 29.9360 58
29.9680 30.0000 57
30.1920 30.2560 56
30.2880 30.4480 55
31.7920 31.8560 59
31.8880 32.1440 58
32.5280 32.6560 58
32.6880 32.8160 59
32.9440 33.1680 58
33.2000 33.3920 59
33.4240 33.6160 58
33.6480 33.7120 59
33.8720 33.9680 59
34.0000 34.1600 61
34.3200 34.7360 56
34.8960 35.0560 61
35.2800 35.4080 56
35.5360 36.9760 58
37.1680 37.4560 58
37.6480 37.7440 59
37.7760 37.9360 61
38.1600 38.1920 57
38.2240 38.2880 58
38.6080 38.6720 59
38.7040 38.8320 61
39.0240 39.0560 56
39.0880 39.2160 57
39.2480 39.4400 58
39.7600 39.8560 58
40.0160 41.1680 58
41.3920 41.4560 59
41.4880 41.6480 61
41.9040 42.2240 56
42.8000 42.9280 56
43.3120 44.0160 54
44.2080 44.3040 54
44.3360 44.9440 56
45.1680 45.2960 56
45.3280 45.7760 54
46.0960 46.2240 61
46.3520 46.8640 63
46.8960 47.1200 62
47.1520 47.3120 63
47.4720 47.6000 61
47.6320 47.7600 58
47.9840 48.3040 58
48.5920 49.1040 58
49.8720 49.9360 56
50.0640 50.1280 54
50.2880 50.4160 56
50.4480 50.5440 58
50.8320 50.9600 56
51.2800 51.3440 54
51.9520 52.0800 51
52.1120 52.2400 49
52.3680 52.4320 51
53.6160 53.7120 61
53.8400 54.3840 63
54.5120 54.5440 61
54.5760 54.7680 63
54.9920 55.0560 61
55.2160 55.3440 58
55.4720 55.7600 58
55.9520 56.0480 56
56.0800 56.2080 58
56.4000 56.5920 58
56.8800 57.0400 56
57.1040 57.1360 55
57.7760 57.9040 56
57.9360 58.0960 58
58.2560 58.5760 56
61.1040 61.2960 61
61.3280 61.8720 63
62.0320 62.1280 61
62.1600 62.2880 63
62.4800 62.6080 61
62.6400 63.2800 58
63.4400 63.5360 56
63.5680 63.7280 58
63.8880 64.1440 58
64.3680 64.5600 56
64.8800 65.1360 54
65.2960 65.3920 56
65.4240 65.5520 58
65.7760 66.0000 56
66.3200 66.3200 53
66.4480 66.4480 52
68.5920 68.7840 61
69.0080 69.3600 63
69.5200 69.8080 63
69.9680 70.1280 61
70.1600 70.2880 58
70.4480 70.5120 59
70.5440 70.8640 58
70.9600 71.1840 58
71.4080 71.6320 58
71.8240 72.0480 56
72.8160 72.9120 56
72.9440 73.0720 58
73.2640 73.5520 56
73.7440 73.8080 54
74.0000 74.0960 51
74.4480 74.5120 51
74.6720 74.8640 49
75.0560 75.2800 51
76.1120 76.2400 56
76.2720 76.3680 58
76.5280 76.7520 57
76.7840 76.8800 56
77.0080 77.2000 56
77.9680 78.0320 56
78.0640 78.1920 58
78.4160 78.5440 56
78.6720 79.0880 56
79.8880 80.1440 58
80.3040 80.5280 57
80.5600 80.5920 56
80.7840 80.9760 56
81.2960 81.4240 51
81.7440 82.0320 58
82.1600 82.2880 58
82.3840 82.5440 56
82.6720 82.8640 56
82.8960 83.2800 54
83.6640 84.0160 58
84.0480 84.1120 56
84.1440 84.2080 58
84.5280 84.6880 56
85.5520 85.5520 56
85.6160 85.9680 58
86.1600 86.5760 56
87.1520 87.2480 51
87.5680 87.6640 58
87.8240 87.8560 56
88.0160 88.4960 56
89.2320 89.2960 56
89.3280 89.7760 58
89.8080 90.2880 56
90.3200 90.7680 54
91.0880 91.1520 61
91.1840 91.2480 62
91.2800 91.8880 63
92.0160 92.0480 61
92.0800 92.3360 63
92.4960 92.6560 61
92.6880 92.8480 59
92.8800 93.1360 58
93.1680 93.5520 59
93.5840 93.7440 61
93.9040 94.3520 56
95.0560 95.1520 56
95.3440 95.5360 54
95.5680 95.8880 56
95.9200 96.0480 58
96.7520 96.8480 54
96.8800 97.0080 56
97.2000 97.2960 56
97.3280 97.6160 58
98.6400 98.7040 61
98.7360 99.7920 63
99.9840 100.0800 61
100.2400 100.3040 59
100.4320 101.0400 59
101.0720 101.2320 61
101.3920 101.8400 56
102.5440 102.7360 56
102.7680 102.9920 54
103.0240 103.0880 56
103.2800 103.3760 56
103.4080 103.5040 58
104.2400 104.4000 54
104.4320 104.8160 56
104.8480 104.9760 58
105.1360 105.4240 56
105.4560 105.5200 54
105.8400 105.9680 54
106.1280 106.2240 61
106.6080 106.8640 63
106.8960 107.1200 61
107.1520 107.3120 63
107.4720 107.6320 61
107.6640 107.7600 58
107.9520 108.3360 58
108.4960 109.1360 58
109.3600 109.4240 55
109.8720 109.9360 56
110.0640 110.1280 54
110.2880 110.4160 56
110.4480 110.5760 58
110.8640 110.9600 56
111.2800 111.3440 54
112.4000 112.4640 51
112.8800 113.3280 56
113.6160 113.6800 61
113.8400 114.4160 63
114.4480 114.6080 61
114.6400 114.7680 63
114.9920 115.0880 61
115.2480 115.3760 58
115.4720 115.7280 58
115.9520 116.0480 56
116.0800 116.2080 58
116.4000 116.6240 58
116.8800 117.0400 56
117.5520 117.6160 55
117.8080 117.9040 56
117.9360 118.0960 58
118.2560 118.5120 56
118.5440 118.6400 57
118.7680 118.8320 58
119.2160 119.3760 59
119.4080 119.5680 58
119.6960 119.7920 59
119.8240 119.9840 61
120.1760 120.3360 57
120.3680 120.6240 56
121.0400 121.0720 60
121.1040 121.2960 61
121.3280 121.8720 63
122.0320 122.0960 61
122.1280 122.2880 63
122.4800 122.6080 61
122.7360 123.2800 58
123.4400 123.5360 56
123.5680 123.6960 58
123.8880 123.9840 57
124.0800 124.2080 56
124.3680 124.4640 57
124.6240 124.6880 56
124.8800 124.8800 56
125.1360 125.3920 56
125.5200 125.6160 56
125.7440 126.2240 56
126.2560 126.4160 54
126.4480 126.4800 52
128.5920 128.7840 61
129.0720 129.3280 63
129.5200 129.8080 63
129.9680 130.1280 61
130.1600 130.2880 58
130.4480 130.7680 58
130.9920 131.0240 56
131.0560 131.1520 58
131.4400 131.5040 65
131.5680 131.7280 65
131.8880 132.0480 63
132.0800 132.1760 65
132.3360 132.6560 63
132.8800 133.0400 58
133.0720 133.6800 61
134.0000 134.0960 61
134.2240 134.3840 63
136.0800 136.3040 61
136.3360 136.4640 63
136.5920 136.9440 63
136.9760 137.1360 61
137.1680 137.2960 63
137.4560 137.6480 61
137.6800 137.7760 58
137.9680 138.2880 58
138.5760 139.1200 58
139.3760 139.4400 55
139.8240 139.9520 56
140.0800 140.1440 54
140.3360 140.4000 56
140.4320 140.5280 58
140.8480 140.9120 56
141.2000 141.3600 54
141.9680 142.0320 51
142.3840 142.4480 51
142.7040 142.8000 51
143.5360 143.5680 58
143.6000 143.6960 61
143.8560 144.4000 63
144.4320 144.5600 61
144.5920 144.7840 63
144.9760 145.0720 61
145.2320 145.2960 58
145.4880 145.7440 58
145.9680 146.0640 56
146.0960 146.1920 58
146.3840 146.6080 58
146.8640 146.9920 56
147.0240 147.1520 55
147.3760 147.4400 56
147.8240 147.8880 56
147.9200 148.0800 58
148.2400 148.3040 57
148.3360 148.5280 56
148.7520 148.8160 54
149.2640 149.3280 54
149.8080 149.9040 56
151.0560 151.2800 61
151.3120 151.8560 63
152.0480 152.1440 61
152.1760 152.3040 63
152.4640 152.6240 61
152.6560 152.8800 58
152.9120 153.0080 60
153.0400 153.2640 58
153.4560 153.5520 56
153.5840 153.6800 58
153.8720 154.1280 58
154.3520 154.4800 56
154.8320 154.9920 56
155.0240 155.1520 54
155.3120 155.4080 56
155.4400 155.5680 58
155.8240 155.9520 56
156.3040 156.3040 54
158.6080 158.7680 61
158.8000 158.8960 63
159.0560 159.3440 63
159.5040 159.8560 63
159.8880 160.1120 61
160.4640 160.7520 58
160.9440 161.0400 56
161.0720 161.1680 58
161.3600 161.6160 58
161.8720 162.0000 56
162.0320 162.0640 54
162.3520 162.6720 54
162.8000 163.0560 58
163.2800 163.5360 56
163.7280 163.8240 54
163.9840 164.0480 51
164.1760 164.2720 54
164.7200 164.8800 49
165.0080 165.2320 51
