34.5760 34.8000 64
34.8320 34.8640 65
34.8960 35.0880 66
35.1200 35.6960 64
35.8560 35.9840 64
36.0160 36.0480 63
36.0800 36.1760 62
36.2080 36.4960 61
36.5280 36.5600 62
36.5920 36.6560 63
36.6880 37.6160 64
37.6480 37.6800 63
38.1600 38.3520 59
38.3840 38.7040 61
38.7360 38.9280 63
39.0560 39.6960 59
39.9200 40.7200 57
41.5840 41.8720 59
41.9040 42.1280 61
42.1600 42.8640 64
42.8960 43.6000 61
43.6320 43.6960 62
43.7280 44.4320 64
44.9760 45.3280 59
45.3600 45.4560 61
45.4880 46.2240 59
46.3840 46.5440 57
46.6720 47.5680 59
48.3680 48.5600 64
48.5920 48.6560 65
48.6880 48.8160 66
48.9760 49.3920 64
49.5200 49.5840 64
49.6160 49.7120 63
49.7440 49.9040 61
50.0960 50.9920 64
51.7920 52.2400 61
52.2720 52.3680 63
52.4000 52.4320 67
52.4640 52.9760 69
53.0080 53.0400 67
53.0720 53.4880 64
53.5200 54.4800 66
55.3120 55.5040 66
55.5360 55.7600 69
55.7920 56.3680 66
56.4000 56.5600 69
56.7200 57.2640 66
57.2960 57.9360 69
58.3520 58.5760 64
58.7040 58.7680 71
58.8000 58.8320 72
58.8640 59.7920 73
59.8240 60.0160 76
60.0480 61.9680 73
62.1600 62.4480 73
62.4800 62.7680 71
62.8000 63.2800 73
63.3120 63.3120 70
63.3440 63.3440 67
63.3760 63.7920 64
63.8240 63.8560 67
63.8880 63.9520 70
63.9840 64.2400 73
64.2720 64.4640 71
64.4960 64.5920 73
64.7200 65.2000 73
65.5200 65.9680 71
66.0000 66.2880 73
66.4160 66.6080 73
66.6400 66.7360 75
66.7680 66.8960 74
66.9280 67.1200 73
67.1520 67.8880 71
67.9200 68.6240 69
69.0080 69.1680 71
69.2000 69.2960 72
69.3280 69.4240 70
69.4560 69.5840 71
69.6160 69.7120 72
69.9040 70.2880 64
70.7040 70.8640 71
70.8960 71.0240 73
71.0560 71.3120 71
71.3440 71.9200 73
72.1440 72.3360 67
72.3680 72.9120 71
72.9440 73.1360 73
73.2640 73.5520 72
73.5840 74.7040 69
74.7360 74.7680 67
74.8000 75.2800 64
75.8240 75.8240 67
75.8560 75.8880 70
75.9200 76.1440 73
76.1760 76.3040 70
76.3360 76.5920 72
76.6240 76.6560 70
76.7840 77.1360 64
77.4880 77.5520 65
77.5840 77.5840 69
77.6160 77.6800 72
77.7120 77.8720 73
77.9040 78.0000 70
78.0320 78.1600 71
78.1920 78.3520 72
78.3840 78.4480 70
78.4800 78.8640 73
79.2480 79.6320 71
79.6640 79.6960 72
79.7280 80.7520 73
80.7840 80.9440 72
80.9760 81.5200 71
81.5520 81.7440 69
81.8720 82.2880 69
82.6400 82.9920 73
83.1200 83.4400 71
83.4720 83.4720 69
83.5040 84.0160 64
84.3680 85.1680 64
85.2000 85.2000 66
85.2320 85.2320 70
85.2640 85.7760 73
86.0640 86.5440 71
86.5760 87.1200 73
87.1520 87.2480 72
87.2800 88.1120 69
88.1440 89.6800 71
90.8640 91.1200 64
93.6800 93.7440 64
94.0000 94.2880 64
94.4800 94.6080 67
94.6400 95.8240 66
97.2960 97.9680 64
103.2800 103.5040 64
103.5360 103.5680 65
103.6000 103.7280 66
103.8560 104.2720 64
104.4320 104.5600 64
104.5920 105.0720 61
105.1040 105.2000 63
105.2320 106.0000 64
106.6400 106.8320 59
106.8640 106.8960 60
106.9280 107.0240 61
107.0560 107.2160 62
107.2480 107.3440 64
107.3760 107.3760 62
107.5360 108.2400 59
108.2720 108.4000 58
108.4320 109.4880 57
110.1280 110.3520 59
110.3840 110.5760 61
110.6080 110.6400 62
110.6720 111.2480 64
111.2800 111.3440 63
111.3760 111.4080 62
111.4400 112.1120 61
112.1440 112.7840 64
112.8160 112.9440 63
113.3280 113.7440 59
113.7760 114.0000 61
114.0320 114.8000 59
114.9280 115.2480 57
115.2800 116.2720 59
116.9760 117.2320 64
117.2640 117.4560 66
117.4880 117.9360 64
118.0640 118.2560 64
118.2880 118.4800 61
118.6720 119.7920 64
120.1760 120.1760 61
120.4320 120.8480 61
120.8800 120.9760 62
121.0080 121.0400 66
121.0720 121.2000 67
121.2320 121.2640 68
121.2960 121.5840 69
121.6160 121.7120 66
121.8400 122.1280 64
122.1600 123.1520 66
123.8240 124.0160 66
124.0480 124.2080 69
124.2400 124.2720 68
124.3040 124.8160 66
124.8480 124.9120 67
124.9440 125.1040 69
125.2320 125.7440 66
125.7760 126.4800 69
126.8640 127.1200 64
127.2480 127.2800 71
127.3120 127.8880 73
127.9200 128.0800 72
128.1120 128.3040 73
128.3360 128.6240 76
128.6560 130.2240 73
130.6400 130.8960 73
130.9280 131.2800 71
131.3120 131.8560 72
131.8880 131.9200 68
131.9520 131.9840 65
132.0160 132.3680 64
132.4000 132.4320 67
132.4640 132.5280 70
132.5600 132.5920 72
132.6240 132.7520 73
132.7840 133.0400 71
133.0720 133.1680 72
133.2000 133.2640 70
133.2960 133.8080 73
134.0320 134.5440 71
134.5760 134.8640 73
134.8960 135.0240 72
135.0560 135.1840 73
135.2160 135.4080 75
135.4400 135.5680 74
135.6000 135.6960 73
135.7280 135.7600 72
135.7920 136.4320 71
136.4640 136.5280 70
136.5600 137.0080 69
137.5520 137.7120 71
137.7440 137.9040 72
137.9360 138.3200 71
138.4800 138.8000 64
139.2800 139.4720 71
139.5040 139.5680 73
139.6000 139.6320 72
139.6640 139.8880 71
139.9200 140.0800 72
140.1120 140.7200 73
140.9440 141.4560 71
141.4880 141.6800 73
141.7120 141.7440 72
141.7760 141.8720 71
141.9040 142.0000 73
142.0320 142.1600 71
142.1920 143.3120 69
143.3440 143.3760 67
143.4080 143.8240 64
144.3680 144.4320 67
144.4640 144.7200 72
144.7520 144.8480 70
144.8800 145.0080 71
145.0400 145.1360 72
145.1680 145.2320 69
145.2640 145.6160 64
146.0640 146.1280 66
146.1600 146.2240 70
146.2560 146.4480 72
146.4800 146.7680 71
146.8000 146.8960 73
146.9280 147.0240 71
147.0560 147.4400 73
147.7920 148.2080 71
148.2400 148.2720 72
148.3040 148.8800 73
148.9120 149.0400 75
149.0720 149.3280 73
149.3600 149.5200 72
149.5520 150.0640 71
150.0960 150.2880 69
150.4480 150.8320 69
151.2480 151.5680 73
151.6960 152.0480 71
152.0800 152.5280 64
152.9440 153.6800 64
153.8720 154.3520 73
154.6400 154.7040 69
154.7360 154.9920 71
155.1200 155.7600 73
155.7920 155.8240 71
155.8560 156.7200 69
156.7520 156.7840 70
156.8160 157.7440 71
158.1280 158.1600 71
158.1920 158.2560 72
158.2880 158.4160 73
158.5440 158.7680 71
158.8000 159.2800 73
159.3120 159.3120 69
159.3440 159.3440 67
159.3760 159.8240 64
159.8560 159.8560 67
159.8880 159.8880 69
159.9200 160.2400 72
160.2720 160.4640 71
160.4960 160.5600 72
160.7200 161.0080 73
161.5200 161.9360 71
161.9680 162.5760 73
162.6080 162.7040 75
162.7360 162.8640 74
162.8960 163.0560 73
163.0880 163.1200 72
163.1520 163.8240 71
163.8560 164.4320 69
164.9760 165.1680 71
165.2000 165.2960 72
165.3280 165.3920 70
165.4240 165.5840 71
165.6160 165.7120 72
165.8720 166.1600 64
166.6720 166.8960 71
166.9280 167.0560 73
167.0880 167.3120 71
167.3440 168.0160 73
168.3680 168.8800 71
168.9120 169.3600 73
169.3920 169.5200 72
169.5520 169.5520 70
169.7120 169.9680 68
170.0000 170.7360 69
170.7680 170.8320 66
170.8640 171.3120 64
171.7920 171.8560 68
171.8880 171.9520 72
171.9840 172.1120 73
172.1440 172.2080 72
172.2400 172.4320 71
172.4640 172.6240 72
172.6560 172.6560 70
172.7840 173.0400 64
173.5200 173.5840 67
173.6160 173.6480 71
173.6800 173.8720 73
173.9040 174.1920 71
174.2240 174.2880 73
174.3200 174.3520 72
174.3840 174.4800 71
174.5120 174.9600 73
175.2160 175.2480 69
175.2800 175.3120 70
175.3440 175.6000 71
175.6320 175.6960 68
175.7280 176.7520 73
176.7840 176.9440 72
176.9760 177.5520 71
177.5840 177.7120 69
177.8720 178.2560 69
178.6720 178.7360 72
178.7680 178.9280 73
178.9600 178.9920 72
179.0240 179.1200 70
179.1520 179.3120 71
179.3440 179.4080 72
179.4400 179.4400 70
179.4720 179.4720 68
179.5040 179.9520 64
179.9840 180.0160 63
180.3680 180.5280 63
180.5600 180.9760 64
181.0080 181.1360 63
181.2960 181.3600 72
181.3920 181.7120 73
182.0640 182.1280 69
182.1600 182.5760 71
182.6080 183.0560 73
183.0880 183.2160 72
183.2480 184.1120 69
184.1440 184.1760 70
184.2080 184.9760 71
185.1360 185.8080 59
205.3280 205.9040 71
205.9360 206.0000 70
206.0320 206.9280 69
206.9600 206.9920 70
207.0240 207.4720 71
207.6000 209.0080 71
209.4240 209.4880 71
212.4320 213.2640 69
213.2960 214.4480 71
214.4800 215.5680 68
215.6000 217.2640 69
