0.8480 0.8480 67
1.5200 2.1280 56
2.1600 4.0160 51
16.6880 16.7520 68
25.8400 26.8640 54
27.3120 27.8560 51
27.8880 28.1120 54
30.3520 30.5120 46
30.5440 30.7040 49
30.9280 31.0240 48
31.0560 31.1520 50
31.1840 31.3440 47
31.3760 31.6000 49
33.8720 33.9360 51
33.9680 34.4480 49
34.4800 34.6080 51
34.7360 34.9280 49
35.1520 35.4400 51
36.0480 36.1440 51
36.3040 36.5920 54
36.6240 36.9120 51
37.0400 37.3280 51
37.3600 37.3600 53
37.3920 37.9040 58
37.9360 38.5760 56
41.7760 41.9680 54
42.0000 42.0960 52
42.1280 42.7040 54
42.7360 42.9920 51
43.1200 43.5040 54
45.0720 45.1360 48
45.1680 45.3280 49
45.3600 45.6160 53
45.8080 46.0960 53
46.3200 46.6080 53
47.0560 47.2160 50
47.4400 47.6320 50
49.8400 50.7360 51
50.8960 51.3120 49
51.3440 51.5040 51
51.6640 52.0480 49
52.5280 52.6880 51
52.8160 53.0400 54
53.0720 53.6480 51
53.6800 53.6800 54
53.7120 53.8080 56
53.8400 54.0000 58
54.1280 55.0560 56
56.7840 56.8480 52
56.8800 57.2640 54
57.2960 57.2960 57
57.3280 57.3280 59
57.3600 57.5840 61
57.6160 57.7440 63
57.7760 58.0320 61
58.0640 58.2240 63
58.3520 58.6080 61
58.6400 58.8640 63
58.8960 58.9920 61
59.1200 59.3760 61
59.4080 60.1760 56
60.2080 60.2400 54
60.8480 61.0400 54
61.0720 61.1680 56
61.3280 61.3600 56
61.3920 61.5200 59
61.5520 61.9680 61
62.0960 62.2560 61
62.2880 62.4480 59
62.4800 62.6400 61
62.6720 62.9280 58
62.9600 63.4720 56
63.6320 63.7280 53
63.7600 64.0800 54
64.7840 65.0400 58
65.0720 65.4560 61
65.6800 65.9680 63
66.0000 66.0960 61
66.1280 66.7360 63
66.7680 66.9280 62
67.3120 67.5680 61
67.6000 67.7280 57
67.7920 68.2080 58
68.3680 68.5920 56
68.6240 68.7200 52
68.7520 68.9440 54
69.0720 69.5520 61
69.5840 69.9040 58
69.9360 70.0320 57
72.6560 73.0080 59
73.0400 73.5200 61
73.5520 74.1600 63
74.3520 74.4800 61
74.5120 74.7680 62
74.8000 74.9920 61
75.0240 75.3120 58
75.3440 75.5040 61
75.7280 75.8240 54
75.8560 75.8880 55
75.9200 76.2400 56
76.8480 77.0720 54
77.1040 77.2960 56
77.3280 77.5840 58
77.6160 78.1920 61
78.2240 78.2560 60
78.3840 78.5440 61
78.7360 79.0240 63
79.0560 79.1840 59
79.2160 79.2800 61
79.5360 79.6960 60
79.7280 80.1760 58
80.2080 80.3360 57
82.2880 83.2800 58
84.3360 84.5600 54
84.7200 85.3600 49
85.3920 86.5440 51
100.5920 100.7520 63
100.7840 100.9120 61
102.0960 102.2880 68
106.1920 106.2560 68
112.5600 112.7520 68
113.3920 114.5120 66
115.1520 115.2160 66
115.2480 115.9840 65
117.0720 117.1680 68
117.7440 117.8080 63
121.7760 122.8960 54
123.3440 123.9200 51
123.9520 124.2400 54
125.5200 125.7440 45
126.3520 126.5440 46
126.5760 126.7040 49
126.9280 127.0240 47
127.0560 127.1840 49
127.2160 127.3760 47
127.4080 127.6320 49
129.8400 130.0000 51
130.0320 130.1920 49
130.3200 130.3840 49
130.4160 130.5440 51
130.7040 130.8960 49
131.1200 131.2480 51
131.2800 131.3440 49
132.1120 132.1760 50
132.3040 132.6560 54
132.6880 132.9120 51
133.0400 133.2960 51
133.3280 133.4880 56
133.5200 133.8080 58
133.8400 134.2240 56
137.7760 137.9680 54
138.0960 138.7360 54
138.7680 139.0240 51
139.1520 139.5360 54
141.0720 141.3920 51
141.4240 141.6800 53
141.8400 142.1280 53
142.3520 142.6400 53
143.0880 143.2160 50
143.4720 143.7280 49
145.8400 145.8400 48
145.8720 146.6720 50
146.8000 147.2800 49
147.3120 147.4400 51
147.6320 147.7600 49
147.7920 148.0480 50
148.5600 148.7840 51
148.8160 149.0400 54
149.0720 149.5840 51
149.6160 149.6160 54
149.6480 149.7440 56
149.7760 149.9680 58
150.0960 150.5440 56
150.5760 150.6720 55
150.7040 150.7680 54
152.5920 152.6240 52
152.6560 152.8160 53
152.8480 153.2960 54
153.3280 153.6160 61
153.6480 153.7120 63
153.8720 154.0960 61
154.1280 154.2240 63
154.4160 154.6720 61
154.7040 154.8640 63
154.8960 154.9920 61
155.1840 155.4080 61
155.4400 155.5680 56
155.6960 156.2080 56
156.8480 156.9760 54
157.1040 157.2000 56
157.3280 157.3920 55
157.4240 157.5520 58
157.5840 157.9680 61
158.1280 158.3200 61
158.3520 158.5120 59
158.5440 158.6720 61
158.7040 158.9600 59
158.9920 159.5040 56
159.7600 160.2080 54
160.8160 161.0400 58
161.0720 161.5200 61
161.6800 162.7680 63
162.8000 162.8320 57
163.1520 163.5360 62
163.5680 164.1760 58
164.4000 164.6240 56
164.7520 164.9120 53
165.0720 165.5840 61
165.6160 166.0640 58
166.0960 166.1280 56
168.7840 168.9120 56
168.9440 169.0400 58
169.0720 169.5840 61
169.6160 170.1600 63
170.3520 170.5120 61
170.5440 170.7680 63
170.8000 170.9920 61
171.0240 171.3120 58
171.3440 171.4720 61
171.5040 171.5040 59
171.7600 171.8560 54
171.8880 172.2080 56
172.8480 173.0400 54
173.0720 173.2640 56
173.2960 173.4880 58
173.5200 174.5120 61
174.7360 174.9600 63
174.9920 175.1840 61
175.4080 175.5680 61
175.6000 175.7600 58
175.7920 175.8560 56
175.8880 176.1760 58
176.2080 176.3680 57
178.2880 178.8640 59
178.8960 179.2480 58
179.2800 179.4400 56
180.3040 180.5280 54
180.6880 181.2000 49
181.3600 182.0320 51
184.7520 184.8480 56
184.8800 185.0400 58
185.0720 185.6480 61
185.8400 185.9680 61
186.0000 186.1920 63
186.3840 186.5440 61
186.5760 186.6400 62
186.6720 186.8320 63
186.8640 186.9600 61
187.1520 187.3760 61
187.4080 187.5360 56
187.6640 188.2080 56
188.8160 189.0400 54
189.0720 189.1680 56
189.2960 189.3600 55
189.3920 189.5200 58
189.5520 189.9680 61
190.0960 190.2880 61
190.3200 190.4800 59
190.5120 190.6720 61
190.7040 190.9600 59
190.9920 191.4720 56
191.7920 192.1120 54
192.5280 192.5920 53
192.7840 192.7840 53
192.8160 192.8160 55
192.8480 193.0400 58
193.0720 193.4880 61
193.6800 194.0320 62
194.0640 194.7040 63
194.7360 194.8000 62
194.8320 194.8320 60
194.8640 194.8640 56
194.9600 195.2800 56
195.4080 195.5040 61
195.5360 195.5680 60
195.6000 195.6320 59
195.6640 196.1440 58
196.3680 196.5280 56
196.5600 196.5920 55
196.6240 196.6880 53
196.7200 196.9120 54
197.0720 197.5200 61
197.5520 198.0640 58
198.0960 198.0960 56
200.6560 200.6560 55
200.6880 200.7200 57
200.7520 201.0400 58
201.0720 201.5200 61
201.5520 201.7440 62
201.7760 202.1920 63
202.3200 202.5440 61
202.5760 202.7680 63
202.8000 202.8320 62
202.8640 202.9920 61
203.0240 203.0880 60
203.1200 203.2480 58
203.2800 203.3440 59
203.3760 203.4720 61
203.7280 203.8560 54
203.8880 204.3360 56
204.8160 204.9760 54
205.1040 205.2960 56
205.3280 205.5200 58
205.5520 205.5840 60
205.6160 206.5120 61
206.7040 206.9600 62
206.9920 207.0880 60
207.1200 207.1840 61
207.4400 207.5680 61
207.6000 208.1760 58
208.2080 208.3360 56
210.3200 210.3840 58
210.4160 210.8640 59
210.8960 211.2800 58
211.3120 211.3440 56
212.3040 212.5280 53
212.7200 212.7840 51
212.8160 213.1680 49
213.2000 213.2960 50
213.3280 214.1280 51
214.3200 214.3840 51
218.2560 218.3200 53
218.3520 219.5680 58
219.6000 219.6320 56
220.5280 220.7200 54
220.9440 221.0400 51
221.0720 221.4240 49
