6.7040 7.2160 57
7.2480 7.7280 60
7.8880 8.0800 60
8.1120 8.1760 61
8.4000 8.4640 62
8.6240 9.1040 62
9.1360 9.1680 61
9.2000 9.3600 60
9.5520 9.8400 60
9.8720 9.8720 58
9.9040 10.1600 56
10.1920 10.3200 57
10.3520 10.9280 56
10.9600 11.4080 60
11.4400 11.6960 59
11.7280 11.7600 60
11.7920 11.8880 61
12.0800 12.7200 62
12.7520 13.6160 60
13.6480 13.6800 57
13.7120 13.8400 56
13.8720 14.0320 57
14.3520 14.6400 57
14.6720 14.8320 58
14.8640 15.1520 60
15.3120 15.5360 58
15.7920 15.9520 58
16.2400 16.4000 57
16.7200 17.4560 57
17.4880 17.5840 55
17.9360 18.8320 54
18.8640 19.0560 55
19.0880 19.6640 57
19.6960 19.9520 56
19.9840 20.1120 57
21.2320 21.5840 56
21.6160 21.8720 57
21.9040 21.9680 56
22.0000 22.2880 55
22.3200 22.4480 54
23.5040 23.5680 54
23.6000 23.6960 56
23.7280 23.8880 57
23.9200 23.9840 58
24.0160 25.0400 62
25.0720 25.2000 61
25.2320 25.3600 64
25.5840 25.8080 65
25.8400 26.2560 62
26.5120 26.7040 59
26.7360 27.5360 62
29.3280 29.4240 61
29.6160 29.7440 65
30.2240 30.7360 59
30.7680 32.4960 57
36.5920 37.0720 57
37.1040 37.2960 59
37.3280 37.5200 60
37.5520 37.5840 59
37.7120 37.9040 60
37.9360 38.0320 61
38.2880 38.3520 62
38.5120 39.0560 62
39.2160 39.7920 60
39.8240 40.7520 57
40.7840 41.0080 59
41.0400 41.7440 60
41.8720 42.3840 62
42.4160 42.8640 60
43.1520 43.5040 60
43.5360 44.0800 57
44.6560 44.9120 58
44.9440 45.0720 60
45.1040 45.3920 59
45.5200 45.5840 58
45.7120 46.1920 57
46.2240 46.4480 58
46.4800 47.2480 57
47.2800 48.1440 55
48.7200 48.9120 55
48.9440 49.0400 56
49.0720 50.3840 57
51.2480 52.3040 57
52.9120 53.1040 56
53.4880 54.0000 57
54.0320 54.8000 62
55.0240 55.1840 63
55.2160 55.5360 65
55.5680 55.6000 62
55.6640 55.7280 62
55.9520 57.2320 62
57.4880 57.6800 62
58.5440 58.6720 66
58.7040 58.8640 65
58.9600 58.9600 64
59.0240 59.1200 63
59.1520 59.2800 64
59.3120 59.3760 63
59.4080 59.4720 62
59.6960 59.7600 60
59.7920 59.8240 59
59.8560 59.9520 58
59.9840 63.3440 60
67.1200 67.4080 55
67.4400 67.5360 56
67.5680 70.5760 57
71.0880 71.5040 55
71.6320 71.9520 54
72.4960 72.5600 54
72.7840 73.0080 54
73.0400 73.4240 55
73.4560 73.6480 54
74.6080 74.9280 57
75.0880 75.1200 57
75.1520 77.5200 58
78.3200 78.4480 58
78.4800 78.7680 57
78.8000 79.1520 58
79.1840 79.4720 57
79.5040 79.5360 56
79.5680 79.9520 55
79.9840 81.7120 58
82.0320 82.0320 63
82.0640 82.3200 67
82.3520 82.4160 68
82.4480 85.6800 69
86.0000 86.4480 67
86.4800 86.8640 65
86.8960 87.1520 62
87.1840 87.6960 65
87.7280 87.8560 66
87.8880 88.4000 67
88.4320 88.5600 65
88.5920 88.9440 62
89.4880 89.4880 66
89.5200 90.0000 69
90.0320 92.7200 70
93.0400 93.1040 69
93.2640 93.2640 67
93.2960 93.6800 69
93.7120 94.0960 70
94.1280 94.4480 69
94.4800 94.8640 67
94.8960 96.8160 70
96.8480 98.4160 69
98.4480 98.7680 70
98.8000 99.3440 69
99.4720 99.5360 69
105.6800 105.7440 58
105.7760 106.2240 57
106.2560 106.7040 60
106.8320 107.0560 60
107.0880 107.1200 62
107.1520 107.2160 63
107.6320 108.2400 62
108.2720 108.2720 60
108.5280 108.5920 60
108.6240 108.6880 62
108.7200 108.7840 61
108.8160 108.8800 60
108.9120 109.9680 57
110.0000 110.7680 60
110.8000 110.8960 62
111.0880 111.7600 62
111.7920 112.2080 60
112.2400 112.5280 62
112.5600 112.7840 60
112.8160 112.9760 59
113.3920 113.5200 64
113.5520 113.6480 61
113.6800 114.1600 60
114.1920 114.4160 58
114.4480 114.5120 59
114.7680 114.9600 58
115.2480 115.4080 58
115.7280 115.8880 59
115.9200 116.3040 58
116.3360 116.4960 57
116.5280 116.5920 58
116.9120 117.0720 55
117.1040 117.3280 54
117.6160 117.7440 54
117.9040 117.9360 57
117.9680 118.1280 58
118.1600 119.1200 60
120.4960 120.5920 58
120.6240 121.0080 57
121.2000 121.2640 58
121.2960 121.3280 57
122.5440 123.9200 62
124.0480 124.1120 62
124.1440 124.1760 63
124.2080 124.3360 64
124.5600 124.8160 65
124.8480 125.2640 62
125.5520 125.6800 60
125.7120 126.8320 62
128.1440 128.2080 59
128.2400 128.3040 60
128.3360 128.4000 61
128.5920 128.6880 66
128.8160 128.8800 66
129.2320 129.2960 59
129.3280 129.5200 60
129.5520 129.6480 62
129.6800 129.6800 60
129.7120 130.8960 57
130.9280 131.0240 56
131.1520 131.6960 56
135.9840 136.0480 72
136.2080 136.2080 68
136.2400 136.2400 70
136.2720 137.8400 72
137.8720 138.0960 69
138.1280 138.2880 70
138.3200 140.1120 69
140.2400 140.6240 67
140.6560 141.0080 65
141.1360 141.2320 62
141.3280 141.8720 65
141.9040 142.0000 66
142.0320 142.5760 67
142.6080 142.7360 65
142.7680 143.1840 62
143.6640 143.6640 65
143.6960 143.8880 70
143.9200 144.1440 69
144.1760 146.6080 70
147.1840 147.8560 69
147.8880 148.3040 70
148.3360 148.5600 69
148.5920 149.0080 67
149.0400 150.8960 70
151.1520 151.3120 67
151.3440 151.3760 68
151.4080 154.0000 69
154.0320 154.2240 68
154.2560 154.3200 66
154.3520 154.4160 64
155.0880 155.3120 68
155.3440 155.5360 67
155.5680 155.9200 65
155.9520 156.2080 62
156.2400 156.5920 65
156.7520 156.7840 65
156.8160 156.8800 66
156.9120 157.4880 67
157.5200 157.6480 65
157.6800 157.9040 62
157.9360 158.0640 61
158.6400 158.6720 68
158.7040 159.1200 69
159.1520 161.7120 70
162.1280 162.8320 69
162.8640 163.3760 70
163.4080 163.5680 69
163.6000 163.9520 67
163.9840 166.2560 70
166.2880 166.4160 68
166.4480 166.5440 70
166.5760 166.7040 68
166.7360 166.8320 69
166.8640 166.8960 68
166.9280 167.0880 66
167.2800 168.0800 65
168.2400 168.3360 67
168.5600 169.2000 68
169.2320 169.3600 70
169.9680 170.1920 64
170.4800 170.7040 63
191.9840 192.0480 71
196.0800 196.4320 71
199.4720 199.6320 71
199.6640 199.7600 68
199.7920 201.3600 71
201.3920 201.5840 68
201.6160 201.8080 69
201.8400 202.9920 68
203.0240 203.1520 67
203.1840 203.3120 68
203.4400 203.5360 67
203.6320 204.1120 66
204.1440 204.4960 64
204.6240 204.8160 61
204.8480 205.2000 64
205.3280 205.3600 64
205.3920 205.4880 65
205.5200 206.0320 66
206.0640 206.1280 64
206.1600 206.2240 63
206.2560 206.4800 61
206.5120 206.6080 60
207.1520 207.1520 66
207.1840 207.6320 68
207.6640 210.1920 69
210.6400 211.3120 68
211.3440 211.7920 69
211.8240 212.1120 68
212.1440 212.5280 66
212.5600 214.1600 69
214.1920 214.5120 71
214.6720 216.2400 71
216.2720 216.4960 68
216.5280 216.7200 69
216.7520 218.1280 68
218.5120 218.7360 65
218.7680 218.9920 66
219.0240 219.4080 64
219.4400 219.4720 62
219.5040 219.7280 61
219.7600 220.1120 64
220.3040 220.4000 64
220.4320 220.4640 65
220.4960 220.9440 66
220.9760 221.0400 63
221.0720 221.1360 64
221.1680 221.3600 61
221.3920 221.4880 60
221.9040 221.9360 54
222.1280 222.4480 68
222.5760 224.9440 69
225.5840 226.3200 68
226.3520 226.7680 69
226.8000 227.0240 68
227.0560 227.2160 67
227.2480 227.4720 66
227.5040 229.7120 69
229.7440 230.6080 68
230.7360 230.8640 68
230.9600 230.9600 68
231.0240 234.0000 68
234.0640 234.0640 68
234.1600 235.6320 71
236.0160 236.1440 70
236.1760 236.1760 72
236.2080 237.0720 75
237.1040 237.2320 78
237.2640 237.6800 75
237.7120 237.9040 69
238.9600 239.3440 76
244.2720 244.3360 72
244.4960 244.5600 70
244.5920 246.1920 71
246.2240 246.6080 69
246.6400 247.8880 68
247.9200 247.9520 67
248.4640 248.9440 66
248.9760 249.1360 64
249.2320 249.2320 64
249.5840 249.9040 64
250.1280 250.3200 64
250.3520 250.9280 66
251.0560 251.1200 66
251.9840 252.2400 68
252.4640 254.6080 69
255.7600 255.9520 68
256.6560 256.8160 68
257.3600 259.1840 69
259.2160 260.8160 68
261.5520 261.9360 68
262.0960 262.1280 68
262.2880 262.5440 69
262.5760 262.8320 68
263.0560 263.2160 71
263.3760 263.4720 71
