20.2720 20.3040 58
20.3360 20.5920 59
20.7840 21.1360 59
21.2960 21.4240 61
21.4560 21.5520 62
21.5840 22.2240 63
22.2560 22.3520 64
22.3840 22.4160 63
22.4480 22.4800 62
22.5120 24.1760 61
25.2640 25.3920 61
25.5520 26.2240 63
26.2560 26.2880 64
26.3200 26.4160 65
26.6080 27.6960 64
28.5600 28.6880 61
28.8160 28.8800 65
28.9120 29.1680 64
29.2000 29.2960 65
29.3280 30.0960 66
30.3520 30.5760 68
30.6080 30.8640 67
30.8960 31.0240 66
31.0560 31.1200 65
31.1520 31.3120 64
31.3440 32.2400 66
32.9120 33.0720 65
33.1040 33.2960 66
33.4560 34.2560 63
34.4480 34.5440 61
34.8000 35.1200 61
35.1520 35.9840 59
37.0080 37.3280 59
37.5200 37.7120 62
37.7440 38.3840 63
38.4160 38.6720 64
38.7040 38.8000 62
38.8320 40.3680 61
41.2960 41.3280 61
41.3600 41.5840 62
41.7440 42.5440 63
42.5760 44.4640 64
45.0720 45.1360 62
45.1680 45.5200 64
45.5520 45.6800 66
45.9360 46.4800 67
46.5120 47.0240 68
47.0560 47.1840 67
47.2160 47.7600 66
47.7920 48.3680 67
48.4000 48.6880 66
49.1360 49.1680 65
49.2000 49.2320 66
49.2640 49.4880 67
49.6480 50.5440 68
50.5760 52.3680 69
53.1680 53.3600 69
53.3920 53.7120 71
53.9680 54.0000 67
54.0320 54.3840 69
54.5120 54.7680 68
54.9600 55.4400 66
55.4720 56.2400 64
57.2640 57.3600 64
57.3920 57.6160 66
57.7760 58.5120 63
58.7360 58.8640 61
59.0880 59.3120 61
59.3440 60.4000 59
61.2640 61.5840 61
61.7760 61.9040 59
62.0320 62.6400 59
62.6720 62.8960 57
62.9280 63.6640 59
63.8240 65.2320 52
72.5280 72.6880 59
72.8160 72.9120 59
73.0400 73.3920 59
73.5840 74.8960 63
74.9280 74.9920 61
75.0240 75.4080 59
75.4400 76.2080 61
77.2320 77.6480 61
77.6800 78.3200 63
78.4480 80.4640 64
80.8800 81.2960 64
81.3280 81.4240 66
81.6160 82.0640 66
82.0960 82.2240 67
82.2560 83.2160 68
83.2480 84.2080 66
84.8160 84.9440 64
84.9760 85.2320 66
85.2640 85.4880 64
85.5200 86.0960 63
86.3200 86.7360 61
86.7680 88.2720 59
89.2000 89.6160 59
89.6480 89.7440 61
90.0000 90.3200 63
90.4800 90.7360 64
90.9920 91.9840 61
92.6880 92.9440 61
93.2000 93.9360 63
94.1600 95.7280 64
96.8800 97.0720 64
97.1040 97.2000 66
97.3600 97.6480 66
97.8400 98.0320 67
98.0640 98.2560 68
98.2880 98.4160 67
98.4480 98.5440 66
98.8000 99.7280 66
100.5280 100.8160 66
100.8480 101.1040 68
101.2960 101.7120 68
101.7440 102.0320 69
102.2240 102.3840 68
102.4160 103.6640 69
104.3680 104.4640 69
104.4960 104.6560 71
104.8480 105.0400 69
105.0720 105.6800 68
105.8400 106.0320 66
106.0640 106.2240 65
106.2560 106.4160 67
106.4480 107.3120 64
108.3040 108.4000 66
108.4320 108.5600 67
108.7200 108.7840 65
108.8160 108.9440 64
108.9760 109.3280 63
109.3600 109.5520 62
109.5840 110.3840 61
110.4160 110.5440 62
110.5760 110.6400 61
110.6720 111.3440 59
112.1760 112.3360 60
112.3680 112.5280 61
112.6880 113.5520 59
113.5840 113.8720 58
113.9040 114.3200 59
114.6080 114.6720 53
114.7040 115.5360 52
115.5680 115.7600 53
117.4560 117.5200 63
117.9680 118.1600 64
118.1920 118.4800 63
121.8080 122.2560 61
123.4080 123.4720 64
125.4880 125.6160 67
125.9360 126.3840 67
126.4160 126.6720 66
130.8640 130.9280 69
132.7200 133.2320 68
133.4240 134.0320 69
134.4160 134.7040 66
134.8320 134.8320 66
135.3120 135.3440 67
135.3760 135.6960 68
135.7280 136.8800 67
137.2960 137.3600 63
137.3920 139.7920 64
150.5760 150.7360 58
150.7680 150.8000 59
151.0880 151.3760 59
151.5680 151.6640 61
151.6960 151.7920 62
151.8240 152.3360 63
152.3680 152.6240 62
152.6560 153.0720 64
153.2320 153.4240 59
153.4560 154.2560 61
155.2480 155.5680 61
155.6960 156.2720 63
156.4640 158.2560 64
158.8640 159.2480 64
159.2800 159.4080 66
159.5680 160.1440 66
160.1760 161.9360 67
161.9680 162.0960 66
162.5120 162.5440 57
162.5760 162.6080 58
162.6400 162.8000 59
162.8320 162.8960 64
162.9280 163.1200 66
163.3120 163.9840 63
164.1760 164.3040 61
164.3360 165.7440 59
165.7760 165.9360 58
167.1200 167.3120 59
167.6960 168.4960 63
168.5280 168.6560 64
168.8480 169.0080 59
169.0400 169.6800 61
170.3200 170.3840 61
170.5440 170.8320 62
171.0560 171.7920 63
172.0480 173.6480 64
174.2240 174.2880 59
174.4480 174.7680 65
174.8000 175.0560 66
175.2160 175.5360 66
175.6640 176.1120 68
176.1440 176.4320 66
176.6560 177.7120 66
178.3840 178.6720 66
178.7040 178.9600 68
179.1520 179.5680 68
179.6000 179.8880 69
180.0800 180.2720 61
180.3040 181.4240 62
181.5520 181.7440 69
182.2240 182.3200 69
182.3520 182.5760 71
182.7360 183.6000 68
183.6320 183.7600 66
183.7920 185.6480 69
186.0960 186.5760 71
186.6080 186.8000 69
186.8320 187.2800 68
187.3120 187.6640 66
187.7920 188.0480 66
188.0800 188.9760 64
189.7440 189.8400 60
190.0320 190.2880 60
190.5440 191.4080 59
191.4400 191.4400 64
191.4720 191.5680 67
191.6000 192.2720 68
192.4000 203.8880 71
