19.6960 19.7920 54
19.8240 19.9200 57
20.0800 20.1440 57
20.3040 20.9440 57
21.1040 21.5520 57
21.5840 21.7440 56
21.7760 21.8400 58
22.0960 22.1280 57
22.1600 22.3200 58
22.3520 22.6400 57
22.9280 23.1200 55
23.1520 23.6000 57
23.7280 23.7920 57
23.8240 23.9200 56
23.9520 24.5600 57
24.7200 24.9440 57
24.9760 25.1040 58
25.2960 25.3600 57
25.4880 25.5520 58
25.5840 25.7760 57
26.3520 26.3520 56
26.3840 26.8000 58
26.9280 27.4080 58
27.6960 27.7920 61
27.8240 28.0160 62
28.0480 28.1120 60
28.1440 28.2080 61
28.2400 28.4960 62
28.6880 28.7840 62
28.8160 28.8800 61
28.9120 28.9760 60
29.0080 29.0400 59
29.0720 29.3280 58
29.3600 29.8080 57
29.8400 29.8720 56
31.1200 31.6640 58
31.6960 32.0480 57
32.5280 32.6240 55
32.6560 33.3280 57
33.3920 34.0320 57
34.2880 34.5120 57
34.5440 34.6400 58
34.8960 34.9920 58
35.1200 35.3440 56
35.7280 35.7920 55
35.8240 35.8560 56
35.8880 36.0160 57
36.2400 37.0720 57
37.4560 37.6160 57
37.6480 37.9360 58
37.9680 38.0640 59
38.0960 38.2880 58
38.3200 38.6080 57
39.0880 40.6240 58
40.6560 40.9440 57
41.0720 41.1360 56
41.1680 41.3600 57
41.5200 41.6160 57
41.6480 41.7120 56
41.7440 41.8400 54
41.8720 42.0000 53
42.0320 42.2240 52
42.3520 42.7360 50
44.3040 44.5600 62
44.7200 45.0720 62
45.1040 45.1680 60
45.2000 45.3920 62
45.5200 45.6800 62
45.7120 46.0320 60
46.0640 46.1920 58
46.2240 46.5440 59
46.5760 46.6400 61
46.6720 46.7040 62
46.8960 47.2480 62
47.2800 47.5040 61
47.5360 47.6000 62
47.6320 47.8560 60
47.8880 47.9840 59
48.0160 48.9120 58
48.9440 49.0720 57
49.1040 49.2000 58
49.2320 50.0000 57
51.9840 52.0480 56
52.0800 52.2080 58
52.2400 52.4960 57
52.5280 52.5920 56
52.6240 52.7520 58
52.8800 53.5840 58
53.6160 53.7120 60
53.8720 53.9360 60
53.9680 54.1600 59
54.1920 54.4480 60
54.6400 54.9600 60
55.0880 55.2160 60
55.2480 56.5600 61
57.0080 57.0720 63
57.1040 57.1680 64
57.2000 58.0640 65
58.0960 58.3200 64
58.3520 58.4480 62
58.7040 58.8320 62
58.8640 58.9600 63
58.9920 59.2160 65
59.2480 59.2800 62
59.4720 59.5680 65
59.7280 60.0800 63
60.1120 60.1440 62
60.3040 60.4000 62
60.4320 60.4960 63
60.5280 60.9440 65
61.5200 61.5840 64
61.6160 62.1280 65
62.3200 62.7040 65
62.7360 62.8640 64
63.0560 63.1200 65
63.3120 63.4080 64
63.6640 64.0480 58
64.7840 64.7840 57
64.8160 64.8800 59
64.9120 65.1680 60
65.3280 65.5200 60
65.5520 65.6800 59
65.7120 66.1920 60
66.3200 66.7360 64
66.7680 67.3440 65
67.3760 67.9840 64
68.0160 68.6560 65
68.9440 69.1360 63
69.1680 69.3280 65
69.4880 69.5840 65
69.6160 70.0640 64
70.0960 70.3200 65
70.3520 70.4480 64
70.6400 70.6720 63
70.7680 71.1840 64
71.3760 71.6000 63
71.6320 72.2080 65
72.2400 72.7200 64
72.8800 72.9440 62
73.2320 73.2640 62
73.2960 73.3600 63
73.3920 73.5200 65
73.5520 73.6800 62
73.8720 73.9680 64
74.0960 74.4800 63
74.7040 74.8640 62
74.8960 75.2480 65
75.2800 75.4080 62
75.9200 76.0160 63
76.0480 76.5920 65
76.7200 76.9120 64
76.9440 77.3600 65
77.4880 77.5520 65
77.7760 77.8400 64
78.0960 78.5120 58
79.1200 79.6640 64
79.6960 79.9840 63
80.5280 81.4240 65
82.2560 83.7920 67
83.8240 84.5920 64
84.6240 84.7520 65
84.7840 85.0400 64
85.0720 85.2960 69
85.5200 85.7760 64
85.9360 86.0320 64
86.0640 86.1600 65
86.3520 86.4800 65
86.5120 86.6400 64
86.7680 86.8960 64
86.9280 86.9600 62
87.1840 87.2800 65
87.3120 87.3760 64
87.5360 87.6000 64
87.6320 87.7600 65
87.9200 88.0160 65
88.0480 88.2720 62
88.3040 88.4640 61
88.5920 88.6560 61
88.6880 90.4480 62
110.8960 110.9280 53
110.9600 111.0240 54
111.0560 111.1200 56
111.2800 111.3440 57
111.4720 111.9200 57
112.3040 112.6240 57
112.8800 112.8800 55
112.9120 113.0080 58
113.2640 113.7760 57
114.0960 114.2560 55
114.5120 115.5680 57
115.8880 116.0160 57
116.0480 116.2080 58
116.4640 116.5280 57
116.6880 116.8800 57
116.9120 116.9760 56
117.3600 117.3920 55
117.4240 117.4560 56
117.4880 117.6160 57
117.6480 118.2240 58
118.2560 118.3520 57
118.3840 118.5440 58
118.8640 118.8960 60
118.9280 119.1520 62
119.1840 119.3120 60
119.3440 119.6640 62
119.8880 119.9840 62
120.0160 120.0800 61
120.1120 120.2080 59
120.2400 120.5280 58
120.5600 121.0400 57
122.3200 122.3840 57
122.4160 122.8320 58
122.8640 123.1200 57
123.1520 123.1840 56
123.6960 123.7600 54
123.7920 125.1360 57
125.6480 125.6800 57
125.7120 125.9360 59
126.0960 126.1920 58
126.2240 126.5760 57
126.8960 126.9280 55
126.9600 127.0560 56
127.4720 128.2080 57
128.6880 129.1360 58
129.1680 129.2640 59
129.2960 129.4560 58
129.4880 129.7120 57
129.7440 129.7760 56
130.3200 130.4480 57
130.4800 130.6400 56
130.6720 131.7920 58
131.8240 132.0800 57
132.1120 132.1440 56
132.2720 132.7840 57
133.0720 133.4560 53
133.5520 133.5520 55
133.7440 134.1280 67
135.4720 136.1760 62
136.3040 136.3680 60
136.4000 136.5600 62
136.7200 136.8480 62
136.8800 137.2320 60
137.2640 137.3920 58
137.4240 137.8400 60
137.8720 138.1920 62
138.3200 138.4800 62
138.5120 138.5760 61
138.6080 138.9920 60
139.0240 139.1520 59
139.2800 140.0800 58
140.1120 140.9760 57
143.1520 143.1840 56
143.2160 143.6640 58
143.6960 143.7920 56
143.8240 143.9520 58
144.0800 144.7840 58
144.8160 145.1680 60
145.2000 145.3280 59
145.3600 145.6800 60
145.9040 146.1600 60
146.2880 146.4160 60
146.4480 147.7280 61
148.2080 148.2720 62
148.3040 148.3360 63
148.3680 148.4000 64
148.4320 149.0400 65
149.0720 149.5520 64
149.5840 149.7120 62
149.9040 150.0000 62
150.0320 150.1600 63
150.1920 150.7680 65
150.8000 151.0560 64
151.0880 151.3760 63
151.4400 151.6640 62
151.6960 152.2080 65
152.6880 153.3920 65
153.4240 154.0960 64
154.2560 154.3520 65
154.5120 154.6080 64
154.8320 155.2160 58
155.7920 155.8560 56
155.8880 155.9520 58
155.9840 156.0480 60
156.2400 156.6560 60
156.6880 156.8480 59
156.8800 157.3600 60
157.3920 157.4240 61
157.4560 158.6400 64
158.6720 159.9200 65
159.9520 160.3360 60
160.3680 160.5920 63
160.6240 160.7200 65
160.7520 162.2240 64
162.2560 162.3200 65
162.6400 162.7680 64
162.8000 163.4720 65
163.5040 163.9520 64
164.2400 164.5280 62
164.5600 164.8160 65
164.8480 164.9120 64
165.0080 165.1680 65
165.2000 165.4240 64
165.4560 165.8080 63
165.8400 166.0640 62
166.0960 166.5120 65
166.5440 166.5760 64
167.1200 167.1840 63
167.2160 167.8560 65
167.8880 168.3360 64
168.3680 168.4960 65
168.6560 168.7520 65
168.9440 169.0400 64
169.2320 169.2640 57
169.2960 169.6800 58
170.2880 170.8320 64
170.8640 170.9600 63
170.9920 171.0560 62
171.7920 172.5600 65
172.5920 172.7520 63
173.4240 173.7120 67
173.7440 173.9040 69
173.9360 174.0640 67
174.2240 174.5440 67
174.6720 174.8640 67
175.0880 176.2400 64
176.4000 176.4640 63
176.7200 177.3280 64
177.5520 178.0000 64
178.0320 178.1280 65
178.3520 178.5760 64
178.7360 178.8320 64
178.8640 178.9280 65
179.0880 179.1520 65
179.1840 179.2480 64
179.2800 179.5040 62
179.5360 179.6000 61
179.7280 179.7600 61
179.7920 180.8160 62
181.8400 181.8720 63
181.9040 181.9680 64
182.0000 182.5440 65
182.6720 183.1200 65
183.1520 183.2160 64
183.5040 183.5360 62
183.7280 183.7600 64
183.7920 184.1120 65
184.2720 184.4320 65
184.4640 184.6240 64
184.6560 184.7520 63
184.7840 184.8480 64
184.8800 185.2640 62
185.2960 185.8080 65
186.3520 187.0560 65
187.0880 187.4400 64
187.4720 187.6640 65
187.8240 187.9520 65
188.1120 188.2080 64
188.4320 188.7840 58
188.8160 188.8480 57
189.4240 189.4880 57
189.5200 189.6160 58
189.6480 189.7120 60
189.8400 190.0320 60
190.0640 190.4480 59
190.4800 190.9600 60
191.0880 191.1200 63
191.1520 191.2800 64
191.3120 191.3440 63
191.4720 191.6000 64
191.6320 191.7280 65
191.7600 191.9840 64
192.0160 192.1760 65
192.2080 192.7520 64
192.7840 193.7120 65
193.7440 193.9040 61
193.9360 194.1600 62
194.1920 194.3840 65
194.4160 194.5120 63
194.5440 195.7920 64
196.3040 196.3680 64
196.4000 197.2960 65
197.3280 197.7440 64
197.7760 197.8080 62
198.0640 198.1280 63
198.1600 198.8000 65
198.8320 199.0240 64
199.0560 199.1520 63
199.1840 199.2800 64
199.4720 199.6960 62
199.7280 200.0800 65
200.6880 200.7840 63
200.8160 201.3920 65
201.4240 201.7760 64
202.2880 202.3520 65
202.5760 202.6720 65
202.8640 203.3440 57
203.8560 203.9200 65
203.9520 204.3680 64
204.4000 204.5280 63
204.5600 204.7200 62
205.2960 205.4240 64
205.4560 206.0640 65
206.0960 206.1600 64
206.1920 206.2240 63
206.2880 206.3200 62
207.0240 208.3680 67
208.4000 208.4320 65
208.6560 209.8080 64
210.2880 210.5120 63
210.7040 210.9280 64
211.1200 211.3440 64
211.4720 211.7280 64
211.8880 212.1760 64
212.3040 212.3680 67
212.4000 212.5600 64
212.6880 212.7520 65
212.7840 212.9120 63
212.9440 213.1040 62
213.1360 213.2000 61
213.3600 214.8000 62
216.6560 216.9440 64
217.1040 217.3280 64
217.4880 217.8080 64
217.9360 218.1280 64
218.3200 218.8640 64
219.0880 219.2160 65
219.2480 219.6320 62
219.7920 221.9360 62
222.0640 222.5760 62
