3.6640 3.7920 74
4.7840 4.8480 75
5.1680 5.4560 75
5.9040 5.9680 71
11.6320 11.7600 75
11.7920 11.9200 74
11.9520 12.0160 71
12.2080 12.2720 69
12.6880 12.7840 72
16.2080 16.9120 63
17.0400 17.6800 62
17.7120 17.8720 61
17.9040 18.0000 62
18.0320 18.7680 61
20.4640 20.5600 63
24.2400 24.5280 62
24.5600 24.7840 61
24.8160 25.1360 62
25.1680 25.2640 63
25.2960 25.3280 65
25.3600 25.5840 66
25.6160 25.7760 70
25.8080 26.0640 67
26.0960 26.3200 68
26.3520 26.6400 66
26.6720 27.0880 65
27.3440 27.6320 62
27.6640 28.2080 64
28.2400 29.0400 65
29.0720 29.3280 66
30.5760 30.9920 70
31.1520 31.4400 69
31.4720 31.5040 68
31.5360 31.5680 67
31.9520 32.0800 62
32.2080 32.2720 62
32.4640 32.5600 60
32.5920 32.8160 61
32.8480 33.0720 59
33.1040 33.1360 60
33.1680 33.2640 64
33.2960 33.3280 65
33.3600 33.4560 66
33.4880 33.5200 65
33.5520 33.8400 64
33.8720 34.5760 63
34.6080 35.0240 61
35.0560 35.1200 60
35.1520 35.3760 59
35.4080 36.2720 58
36.3040 36.4320 59
38.0640 38.2240 66
39.6960 39.7280 68
39.7600 39.7920 69
39.8240 39.8560 70
39.8880 40.4960 71
40.5280 40.7520 72
40.7840 40.9760 71
41.1040 41.4880 71
41.5200 41.5520 69
41.5840 41.8080 68
41.8400 41.9360 69
41.9680 42.0640 71
42.0960 42.0960 69
42.1280 42.1280 67
42.1600 42.3520 64
42.3840 43.5040 65
43.5360 43.7280 66
43.7600 43.9840 65
44.0160 44.0480 64
44.4960 44.5920 65
44.9440 45.1360 63
46.9600 47.0240 62
47.0560 47.1840 63
47.2160 47.3120 64
47.3440 47.5680 65
47.6000 47.6320 66
47.6640 47.7600 67
47.7920 47.9840 69
48.0160 48.2080 66
48.2400 48.2720 68
48.3040 48.5280 67
48.5600 48.8160 68
48.8480 48.8800 67
48.9120 49.1040 66
49.4560 49.5200 66
49.5520 49.6800 65
49.7120 49.9360 64
50.1600 50.3520 71
50.3840 50.4160 70
50.5760 50.7040 62
50.7360 50.8960 63
50.9280 50.9600 64
50.9920 51.0240 65
51.0560 51.3760 66
51.4080 51.6960 69
51.7280 51.8560 68
51.8880 51.9200 67
51.9520 52.0800 66
52.1120 52.2400 67
52.2720 52.6560 68
52.6880 52.7200 67
52.7520 53.0080 63
53.0400 53.1680 62
53.2000 53.2320 60
53.2640 53.5840 57
53.6160 54.2240 58
54.2560 54.3520 59
56.0160 56.3680 61
56.4000 56.7520 59
57.0720 57.3280 74
57.3600 57.4560 75
57.4880 57.6160 74
57.6480 57.9040 72
57.9360 58.1920 71
58.3520 58.8640 71
59.0560 59.2480 70
59.2800 59.2800 68
59.6000 59.7920 61
59.8240 59.9840 62
60.0160 60.0800 63
60.1120 60.2080 64
60.3360 60.6880 64
60.7200 61.0720 65
61.4880 61.7760 57
61.8720 61.9680 58
62.0000 62.1600 57
62.1920 62.3200 59
62.3520 62.5120 58
62.8000 62.8640 62
62.9920 63.0880 61
63.2480 63.2800 63
63.3120 63.3440 64
63.3760 63.4720 65
63.5040 63.6640 66
63.6960 63.8240 70
63.9520 64.0480 69
64.1760 64.2080 64
64.2400 64.3680 65
64.4000 64.4960 66
64.5280 64.6560 67
64.6880 65.3600 66
65.3920 65.4880 67
65.5200 65.7120 69
65.7440 65.8080 66
65.8400 66.0320 64
66.0640 66.1600 65
66.1920 66.2240 66
66.2560 66.2880 67
66.3200 66.6080 68
66.8960 66.9280 63
66.9600 67.0240 64
67.0560 67.1840 65
67.3440 67.4400 69
67.4720 67.5360 68
67.5680 67.5680 63
67.6320 67.7600 62
67.7920 68.2720 63
68.3040 68.4960 62
68.7520 69.0400 62
69.0720 69.1360 63
69.1680 69.4240 64
69.4560 69.5200 62
69.5520 69.6160 61
69.7440 69.9360 59
69.9680 70.0640 58
70.2880 70.3520 60
71.4400 71.5360 60
71.5680 71.8240 61
71.8560 72.7520 62
72.7840 73.2640 66
73.2960 73.3280 67
73.3600 73.3920 68
73.4240 73.5520 69
73.5840 74.0000 68
74.2560 74.5760 62
74.6080 75.3120 64
75.3440 75.6960 65
75.7280 75.7920 63
75.8240 75.8560 62
76.1440 76.1760 58
76.2080 76.4640 57
76.4960 76.6560 58
76.6880 76.7840 59
76.8160 76.8800 60
77.2960 77.4240 63
77.5520 77.5840 64
77.6160 77.9040 65
77.9360 78.0640 66
78.0960 78.1280 67
78.1600 78.3200 70
78.3520 78.5440 69
78.7680 79.4400 66
79.4720 79.6320 68
79.6640 79.7600 66
79.7920 79.8240 67
79.8560 79.9840 68
80.0160 80.2080 69
80.2400 80.2720 66
80.3040 80.5600 64
80.5920 80.6880 67
80.7200 80.9760 68
81.1680 81.3920 72
81.4240 81.4240 68
81.4560 81.7760 65
81.8080 81.9680 68
82.1600 82.5440 62
83.1840 83.6320 62
83.6640 83.9200 63
83.9520 84.0800 62
84.1120 84.1440 61
84.1760 84.8800 59
85.6160 85.7120 66
86.0000 86.3520 70
86.3840 86.9920 71
87.0240 87.0240 68
87.0560 87.1520 65
87.3120 87.6640 65
87.6960 87.8880 66
87.9200 88.1760 68
88.2080 88.4960 69
88.5280 88.5600 68
89.3280 89.6160 69
89.6480 89.8080 70
89.8400 90.0320 71
90.0640 90.6080 70
90.7680 90.8960 65
90.9280 91.1200 66
91.1520 91.2480 68
91.6000 91.8880 70
92.1120 92.1760 70
92.3680 92.3680 70
92.4640 92.4960 67
92.5280 92.6240 66
92.6560 92.8160 65
92.8480 93.1680 66
93.2000 93.4880 67
93.5200 93.5520 66
93.5840 94.6720 65
94.7040 94.8000 66
94.9600 94.9920 68
95.0240 95.0560 69
95.0880 95.1520 70
95.6640 95.7280 66
95.9200 96.2720 68
96.6240 96.7520 66
96.7840 96.8800 67
96.9120 96.9440 68
96.9760 97.3920 69
97.4240 97.4880 67
97.5200 97.8400 69
97.8720 97.9680 68
98.0000 98.0960 67
98.1280 98.2880 64
98.3200 98.4160 63
98.4480 98.5120 65
98.5440 98.6720 66
98.7040 98.7680 67
98.8000 99.2160 68
99.2480 99.6640 69
99.6960 99.6960 67
99.7280 100.4640 64
100.4960 100.6240 65
100.6560 100.6880 63
100.7200 100.9440 59
100.9760 101.2320 58
101.2640 101.3280 59
101.3600 101.6480 60
102.5760 102.8000 71
103.3440 103.4080 72
103.7280 103.7280 64
103.8560 103.8560 64
103.8880 104.0800 68
104.1120 104.2720 69
104.3040 104.4000 70
104.4320 104.8800 71
105.0080 105.1680 70
105.2960 105.3600 65
105.5520 105.5520 65
105.9360 105.9680 67
106.3200 106.3200 71
106.3520 106.4480 74
106.4800 106.5120 73
106.5440 106.6080 71
106.6400 106.8320 72
106.8640 106.8960 71
106.9280 107.1840 70
107.2160 107.3760 76
107.4080 107.6320 78
107.6640 107.9520 76
107.9840 108.4960 71
108.5280 108.5920 70
108.6240 109.4880 68
109.5200 109.5520 69
109.5840 109.7760 70
110.1920 110.3200 68
110.4160 110.4480 68
111.4080 111.5680 72
111.6000 112.1120 74
112.3040 112.4320 70
112.4640 112.8800 71
112.9120 112.9440 68
112.9760 113.1360 66
113.1680 113.8720 65
114.0960 114.1280 67
114.1600 114.1920 70
114.2240 114.6080 71
114.6400 114.7040 70
114.7360 115.1200 69
115.1520 115.4080 68
115.4400 115.8240 69
115.8560 116.8160 68
118.6400 118.7040 73
118.7360 119.5360 74
119.5680 119.7280 70
119.7600 120.1120 71
120.1440 120.4640 70
120.4960 120.5600 69
120.5920 120.9120 68
120.9440 121.2320 69
121.2640 121.3920 70
121.4240 121.5520 71
121.5840 121.6160 70
121.6480 122.1600 69
122.1920 124.6560 71
124.8480 124.9760 65
125.0080 125.1360 70
125.2640 125.4240 65
125.4560 125.5200 72
125.5520 125.6480 74
125.6800 125.8720 80
125.9040 126.0320 76
126.0640 126.2880 77
126.3200 128.0800 78
128.1120 128.3040 77
128.3360 128.4960 76
128.5280 128.5920 77
128.6240 129.2640 78
129.2960 129.3600 75
129.3920 129.5840 74
129.6160 129.7760 72
129.8080 130.0000 73
130.0320 130.1920 72
130.2240 130.4160 73
130.4480 130.8320 72
130.8640 131.5680 69
131.8880 132.5280 69
132.5600 132.5920 68
132.6240 132.6880 67
132.7200 132.7840 65
132.8160 132.8800 62
132.9120 132.9760 59
133.0080 133.0080 57
133.9040 134.0000 57
134.2240 134.4480 59
140.0480 140.1120 76
140.1440 140.2400 75
140.2720 140.4000 74
140.5280 140.5920 72
140.6240 140.8800 71
141.0080 141.1040 71
141.2320 141.2960 71
141.6160 141.6800 68
142.5120 142.8960 62
143.1200 143.1840 60
143.2160 143.2800 61
143.3120 143.5360 62
143.8240 143.8880 64
143.9200 144.8160 65
144.8480 144.9120 66
145.2960 145.3280 57
145.3600 145.4560 58
145.5840 145.6800 56
146.0960 146.1280 61
146.1600 146.2560 62
146.2880 146.3520 63
146.5120 146.5440 60
146.5760 146.6400 61
146.6720 146.7360 62
146.7680 146.8000 64
146.8320 146.9600 65
146.9920 147.1200 66
147.1520 147.1520 68
147.1840 147.3120 71
147.3440 147.5680 69
147.6960 147.8560 64
147.8880 148.4640 66
148.5920 148.8160 66
148.8480 149.0080 67
149.0400 149.2000 68
149.3600 149.4240 63
149.4560 149.5840 64
149.6160 149.9040 65
150.3840 150.4480 64
150.4800 150.6720 65
150.8320 150.9280 68
151.0880 151.3440 62
151.3760 151.8240 63
151.8880 152.0160 63
152.2400 152.5920 62
152.6240 152.9440 63
152.9760 153.1040 62
153.1360 153.1680 60
153.2000 153.3920 58
153.4240 153.5520 59
154.6080 154.7360 62
154.7680 154.8320 61
154.9600 155.0240 60
155.0560 155.2160 61
155.2480 155.3120 62
155.3760 155.6960 62
155.8240 156.0160 62
156.0480 156.1120 61
156.4000 156.7840 66
156.8160 156.8480 67
156.8800 156.9440 68
156.9760 157.1040 69
157.1360 157.2640 68
157.4240 157.4880 67
157.7120 157.8400 61
157.8720 158.0320 62
158.0640 158.1600 63
158.1920 158.8000 64
158.8320 159.1200 65
159.1520 159.1840 64
159.5040 159.5680 62
159.7280 159.8560 60
159.8880 160.6240 59
160.6560 160.7520 60
160.7840 160.8800 62
161.2320 161.2960 66
161.3280 161.4880 65
161.5200 161.6480 66
161.6800 161.8080 71
161.9360 162.0960 69
162.2880 162.5440 66
162.5760 162.6400 68
162.6720 163.1520 67
163.1840 163.2800 65
163.3120 163.4080 66
163.4400 163.5040 67
163.5360 163.6320 69
163.8560 164.0800 64
164.1120 164.1760 65
164.3680 164.6240 72
164.6560 164.6560 70
164.7840 164.7840 68
164.9760 165.0080 64
165.0400 165.2000 65
165.2320 165.4560 67
165.6480 166.5120 62
166.5440 166.6720 65
166.8000 167.1520 62
167.1840 167.3760 64
167.4080 167.6320 62
167.6640 167.7600 59
167.7920 167.9520 58
167.9840 168.2400 59
169.1040 169.2320 62
169.2640 169.3600 63
169.5840 169.6480 70
169.6800 170.5120 71
170.5440 170.5440 68
170.5760 170.6080 65
170.8000 171.1840 65
171.2160 171.4080 66
171.4400 171.6320 69
172.2080 172.4000 72
172.6240 172.6240 68
172.8480 173.1360 69
173.1680 173.3280 70
173.3600 173.5520 71
173.5840 174.1920 70
174.3840 174.6080 66
174.6400 174.7360 69
174.9600 174.9920 70
175.0240 175.4400 71
175.5680 175.9520 71
175.9840 176.0160 68
176.0480 176.0800 66
176.1120 176.3360 65
176.3680 176.7200 66
176.7520 176.9120 68
176.9440 177.0720 66
177.1040 177.8080 65
177.8400 178.0000 66
178.0320 178.0960 67
178.1280 178.2880 68
178.5120 178.5760 69
178.6080 178.7360 70
179.4080 179.5680 68
179.8880 179.9840 63
180.1440 180.3040 66
180.3360 180.3680 67
180.4000 180.4640 68
180.4960 181.3600 69
181.3920 181.5200 65
181.5520 181.8720 64
181.9040 182.0960 65
182.1280 182.1600 66
182.1920 182.2560 67
182.2880 182.8000 68
182.8320 183.1840 69
183.2160 183.2160 66
183.2480 183.6640 63
183.6960 183.9520 64
183.9840 184.1120 65
184.1440 184.2080 62
184.2400 184.9120 59
184.9440 185.0080 60
185.4240 185.4880 68
185.5200 185.5520 70
185.5840 185.8400 71
186.0320 186.4480 71
186.7040 186.8320 69
186.8640 186.8960 68
187.1520 187.1840 69
187.3760 187.4720 69
187.6000 187.6960 69
187.7920 188.0800 71
188.1120 188.1440 70
188.2720 188.4000 71
188.5280 188.6560 71
188.6880 188.8160 67
188.9120 189.1360 66
189.1680 189.2320 67
189.4240 189.5200 70
189.6480 189.7760 70
189.8080 189.9680 71
190.0960 190.1920 71
190.2240 190.3200 72
190.3520 190.7040 70
190.7360 190.8960 76
190.9280 191.1520 78
191.1840 191.4400 76
191.4720 191.4720 74
191.5040 191.5680 70
191.6000 192.0160 71
192.0480 192.0800 70
192.1120 192.1760 69
192.2080 192.6560 68
192.6880 193.0720 69
193.1040 193.2000 68
193.2320 193.3920 66
193.4240 193.5840 69
193.9040 194.1920 69
194.8640 194.8640 69
194.8960 195.0560 72
195.0880 195.6000 74
195.7920 195.9520 70
195.9840 196.4000 71
196.4320 196.4960 66
196.5280 197.2960 65
197.3280 197.4560 66
197.6480 197.6800 70
197.7120 198.0320 71
198.0640 198.2240 70
198.2560 198.3520 68
198.3840 198.6080 69
198.6400 198.9920 68
199.0240 199.1520 69
199.1840 200.3040 68
200.4320 200.5280 61
200.7840 201.1680 60
201.5840 201.7120 69
201.7440 201.7760 71
201.9680 202.1920 72
202.2240 202.9920 74
203.0240 203.2160 70
203.2480 203.6320 71
203.6640 203.9520 70
203.9840 204.0480 69
204.0800 204.2720 68
204.3040 204.7520 69
204.7840 205.0080 70
205.0400 205.1040 72
205.1360 205.7120 69
205.7440 205.8720 70
205.9040 207.5360 71
208.5280 208.6880 72
209.3600 209.6800 71
209.8720 210.0000 70
210.1280 210.2560 70
210.5120 210.5440 65
210.5760 210.9280 66
210.9600 211.0240 68
211.2800 211.3440 70
211.4080 211.4400 70
212.5600 212.7840 65
212.8160 213.0080 66
213.0400 213.1680 69
213.2000 213.2320 67
213.2640 213.3600 66
213.3920 214.0000 65
214.0320 214.1920 66
214.2240 214.3200 65
214.6400 214.8000 57
214.9600 215.0880 58
215.5040 216.2720 63
216.4320 216.4640 65
216.4960 216.6240 66
216.6560 216.6880 67
216.7200 216.7520 68
216.7840 217.6800 69
217.7120 217.8400 66
217.8720 217.9680 67
218.0000 218.0320 65
218.2560 218.3840 65
218.4160 218.4800 66
218.5120 218.5440 67
218.5760 218.9920 68
219.0880 219.4720 69
219.5040 219.5040 67
219.5360 219.6960 63
219.7280 219.8240 64
219.8560 220.0480 63
220.0800 220.2720 64
220.3040 220.4320 65
220.5920 220.9120 58
220.9440 221.0400 59
221.0720 221.1680 60
221.2000 221.4240 61
221.4560 221.5200 62
221.5520 222.2560 63
222.4800 222.9280 67
222.9600 223.0240 66
223.1840 223.2480 66
223.5040 223.6000 62
224.1440 224.2720 71
224.3040 224.4320 70
224.5600 224.8160 71
224.8480 224.8800 70
225.0720 225.2320 65
225.2640 225.4880 66
225.9360 226.2560 70
226.3840 226.4800 70
226.6400 226.6720 70
226.8320 226.9920 70
227.0240 227.1840 76
227.2160 227.4400 78
227.4720 227.7600 76
227.7920 227.9840 71
228.0160 228.0800 72
228.1120 228.2720 71
228.3040 228.4000 70
228.4320 229.0720 68
229.1040 229.1360 62
229.1680 229.2960 61
229.9040 229.9680 60
230.0000 230.0320 61
230.0960 230.5760 61
230.9600 230.9600 69
230.9920 231.1840 71
231.2160 231.3440 72
231.3760 231.4400 73
231.4720 231.6320 74
231.6640 231.6960 71
231.7280 231.9520 70
231.9840 232.1120 71
232.1440 232.2400 70
232.2720 232.6560 71
232.6880 232.7520 70
232.7840 233.0720 66
233.1040 233.2960 65
233.8400 233.9680 70
234.0000 234.4160 71
234.4480 234.5440 70
234.5760 234.6720 68
234.7040 234.9280 69
234.9600 235.3760 68
235.4080 235.6320 69
235.6640 236.5600 68
236.5920 236.7520 69
236.7840 236.9760 68
237.0080 237.1040 71
237.1360 237.2960 74
237.3280 237.4880 71
237.5200 237.5520 72
237.7440 237.7760 77
237.8080 237.8400 78
237.8720 238.0320 79
238.0640 238.1600 78
238.1920 238.2560 79
238.2880 238.3840 80
238.7040 239.2800 74
239.4720 239.5040 70
239.5360 239.9200 71
240.4320 240.4320 68
240.7840 241.0720 69
241.1040 241.2320 70
241.2640 241.2640 68
241.4560 241.5520 56
241.5840 241.7120 57
241.7440 241.7760 56
242.1600 242.6400 58
242.6720 242.9600 59
242.9920 243.0880 58
243.2800 243.7920 59
243.9520 244.4960 59
244.5280 244.5920 58
252.3040 252.4640 59
253.1360 253.3600 62
256.4640 256.5600 66
257.5520 257.8400 69
257.8720 258.0000 70
258.0320 258.5120 69
258.6720 258.8320 71
258.8640 259.0240 70
259.0560 259.2800 69
259.7600 260.3680 69
260.5280 260.5920 69
260.7200 261.6160 69
261.7440 261.7440 72
261.7760 262.1920 73
262.3200 262.4480 73
262.9280 263.1840 78
