12.4640 12.5280 58
23.3760 23.6000 58
23.6320 24.1440 59
24.1760 24.3680 60
24.4000 24.6240 61
24.6560 24.7840 62
24.9760 25.1680 58
25.3600 25.4880 64
25.5200 25.5840 65
25.6160 26.7360 66
29.2960 29.4240 63
29.4560 29.5200 64
29.7120 30.0320 63
30.0640 30.1600 64
30.1920 30.2560 65
30.2880 30.6720 66
30.7040 30.7680 65
30.8000 31.0880 63
31.1200 31.4720 62
31.5040 31.6000 59
31.6320 31.7600 58
32.0160 32.0480 58
32.0800 32.5280 59
35.3440 35.5360 57
35.6960 35.9200 57
36.0800 36.2720 59
36.4640 36.6880 59
36.8160 37.0720 57
37.2000 37.2960 60
37.3280 37.3600 61
37.3920 39.0880 62
39.3120 39.5360 62
39.8240 40.4000 62
40.5920 40.7840 64
40.8160 40.8480 63
41.2960 41.7440 62
41.7760 41.8080 63
41.8400 41.9360 64
41.9680 42.5120 62
42.5440 42.7680 63
42.8000 43.5040 62
43.6960 43.7600 58
43.7920 43.8560 57
43.9840 44.0480 57
44.0800 44.2080 58
44.2400 44.5280 59
44.6880 44.8160 59
47.3440 47.4720 58
47.5040 48.0160 59
48.0480 48.4000 61
48.4320 48.6560 62
48.8480 49.0720 59
49.2000 49.2320 63
49.2640 49.3280 64
49.3600 49.4240 65
49.4560 50.9280 66
50.9600 51.9200 69
53.3280 53.5200 64
53.5520 53.6480 63
53.6800 54.1600 64
54.1920 54.6720 65
54.8320 55.1520 63
55.1840 55.4400 62
55.4720 55.4720 60
55.6000 55.6960 56
55.7280 55.8560 57
56.1440 56.3360 58
59.5040 59.5680 56
59.7600 59.8560 55
59.8880 59.9840 56
60.1120 60.2720 59
60.4960 60.6240 59
60.6560 60.6880 58
60.8480 61.0080 57
61.2000 61.2320 59
61.2640 61.3600 60
61.3920 62.1920 62
62.3840 64.7520 62
64.7840 64.9120 64
64.9440 64.9760 63
65.2960 65.7120 62
65.7440 66.0320 63
66.0640 66.5440 62
66.5760 66.6400 64
66.6720 66.7680 63
66.8000 67.3440 62
67.3760 67.4080 61
67.4400 67.4720 60
67.6320 67.9840 58
68.0160 69.2960 59
71.6960 71.7920 59
71.8240 72.3680 62
72.4960 73.2320 64
73.2640 73.3280 65
73.3600 73.8080 66
73.8400 73.9360 65
73.9680 74.5120 66
74.6720 75.7600 66
75.7920 76.2720 69
76.3040 76.3360 70
76.3680 76.4640 71
76.5920 77.1680 69
77.2000 77.2640 68
77.2960 77.3280 65
77.3600 77.6160 64
78.0320 78.1920 63
78.2240 78.4160 64
78.4480 78.7680 66
78.8000 79.3120 69
79.3440 79.4400 71
79.4720 79.5680 70
79.6000 80.5600 71
80.6560 80.8160 70
80.8480 80.9440 71
81.0720 81.6800 69
81.8400 82.1280 64
82.2560 82.3520 64
82.3840 82.5120 65
82.5440 82.8000 66
83.3120 83.5360 66
83.5680 83.6640 65
83.6960 83.9840 64
84.0160 84.0480 65
84.0800 84.3360 66
84.3680 84.5280 67
84.5600 84.6880 69
84.7200 84.9120 67
84.9440 85.0720 66
85.2640 85.3600 58
85.3920 85.4240 57
85.6160 86.1600 55
86.3200 86.4160 58
86.7680 86.8640 58
86.8960 87.0240 59
87.0560 87.3120 62
87.4080 87.6000 64
87.6320 87.6960 62
87.7280 87.7280 59
87.9840 88.0160 57
88.2400 88.4320 57
88.4640 88.5280 58
88.5600 88.6880 59
88.7200 88.8160 60
89.2960 89.5200 56
89.7440 89.8400 57
89.8720 89.9040 56
90.0960 90.7040 54
90.7360 90.8000 55
90.8320 91.7920 57
91.8240 93.5840 59
95.6960 95.7280 58
95.7600 95.7920 61
95.8240 96.3680 62
96.4960 96.5280 63
96.5600 97.0720 64
97.2000 97.2320 64
97.2640 97.2960 65
97.3280 98.6400 66
98.6720 98.8000 65
98.8320 99.7600 66
99.7920 100.0160 69
100.1760 100.3040 70
100.3360 100.4640 71
100.6240 101.1680 69
101.2000 101.2000 67
101.2320 101.2960 65
101.3280 101.5520 64
102.0000 102.4160 64
102.4480 102.8000 66
102.8320 102.8640 68
102.8960 103.2480 69
103.2800 103.3120 70
103.3440 104.4960 71
104.6880 104.7200 69
104.7520 104.8160 70
104.8480 104.9440 71
105.0720 105.1040 68
105.1360 105.7120 69
105.8400 106.4160 64
106.4480 106.7360 65
107.0880 107.2480 64
107.2800 107.3760 65
107.4080 107.6000 66
107.6320 107.9840 64
108.0160 108.0800 65
108.1120 108.3680 66
108.4000 108.5600 67
108.5920 108.7200 69
108.7520 109.0400 66
109.0720 109.1040 65
109.2960 109.4240 59
109.4560 109.5200 58
109.5520 109.6800 57
109.9360 110.0960 55
110.1280 110.3520 58
110.3840 110.8960 59
111.0880 111.6640 62
111.8880 112.0800 59
112.1120 112.1440 57
112.1760 112.6240 56
113.3280 113.7120 57
113.7440 113.8400 56
113.8720 114.2880 54
114.5120 114.8960 54
115.2800 115.5040 60
115.5360 115.6640 62
115.6960 117.4240 59
117.4560 117.6160 60
117.6480 118.7040 59
129.5520 129.6800 61
129.7120 129.9680 62
140.4320 140.5280 56
140.5600 140.6240 58
140.6560 141.1040 59
141.1360 141.5520 61
141.5840 141.7440 62
141.9040 142.1280 59
142.2880 142.3520 63
142.3840 142.4800 65
142.5120 143.6000 66
146.3520 147.1520 64
147.1840 147.2800 65
147.4400 147.6640 66
147.8240 148.0160 64
148.0480 148.1760 63
148.2080 148.4320 62
148.4640 148.4640 60
148.4960 148.8160 57
149.0080 149.3920 59
149.4240 149.4880 58
149.5200 149.5840 57
152.3680 152.4640 55
152.4960 152.5920 56
152.7520 153.0080 57
153.0400 153.0720 58
153.1040 153.2640 59
153.4880 153.6800 59
153.8400 154.0000 57
154.1920 154.3520 60
154.3840 154.5760 61
154.6080 154.7680 62
154.9600 155.1840 62
155.6640 156.0160 62
156.2720 156.5600 62
156.7840 157.7120 62
157.7440 157.7760 63
157.8080 157.9680 64
158.3200 158.6400 62
158.6720 159.0880 63
159.1200 159.4720 62
159.5040 159.7600 63
159.7920 160.3680 62
160.4000 160.4320 60
160.6240 161.0080 57
161.0400 161.1680 58
161.2000 162.6400 59
164.7200 164.7840 60
164.8160 165.3600 62
165.4880 166.1920 64
166.2240 166.2880 65
166.3200 166.8000 66
166.9280 167.5360 66
167.6640 168.6880 66
168.8480 169.0720 69
169.2000 169.2640 69
169.2960 169.5520 70
169.5840 170.2560 69
170.4480 170.5440 63
170.5760 170.6720 65
171.0560 171.4080 64
171.4400 171.7600 66
171.7920 171.8560 68
171.8880 172.2400 69
172.2720 172.3040 70
172.3360 173.5840 71
173.6160 173.7760 70
173.8080 173.9360 71
174.0640 174.7040 69
174.8640 175.1200 64
175.2800 175.3760 64
175.4080 175.7600 66
176.3040 176.5920 66
176.6240 176.9760 64
177.0080 177.3600 66
177.3920 177.5200 67
177.5520 177.7120 69
177.7440 178.0320 66
178.2560 178.3520 59
179.1520 179.6000 59
179.7600 180.0480 58
180.0800 180.3040 62
180.4960 180.7200 62
180.7520 181.0720 59
181.2000 181.7760 57
182.2880 182.5120 57
182.7680 182.9280 57
183.1200 183.7600 54
183.7920 184.8160 57
184.8480 186.7680 59
188.7200 188.7520 60
188.7840 189.3600 62
189.4880 190.3200 64
190.3520 192.1120 66
192.2400 192.7520 66
192.7840 193.0400 69
193.2320 193.4560 70
193.6160 194.1280 69
194.3200 194.5120 63
195.0240 195.3760 64
195.4080 195.7920 66
195.8240 196.2720 69
196.3040 196.4320 71
196.5600 197.4880 59
197.7440 197.9360 70
198.0960 198.7360 69
198.9280 199.4720 64
199.6320 199.9200 65
200.3360 200.6880 66
200.7200 200.9760 64
201.0080 201.1040 65
201.1360 201.4240 66
201.4560 201.5520 67
201.5840 201.7120 69
201.7440 202.0640 66
202.2880 202.5440 57
202.5760 202.6720 55
202.7040 202.7680 54
203.3120 203.9200 59
204.0800 204.3360 62
204.3680 204.4640 65
204.4960 204.6560 62
204.9440 205.1040 59
205.2960 205.4560 57
206.3200 206.5440 57
206.6720 206.8960 56
206.9280 207.0560 53
207.0880 207.3120 54
207.4720 207.5680 54
207.6000 207.6960 55
207.8560 208.0160 60
208.0480 208.4960 62
208.5280 208.6560 61
208.8800 208.9120 58
208.9440 212.0800 59
212.3040 212.3680 57
213.2000 213.2640 64
214.0640 214.1280 64
230.8320 230.8960 63
233.7760 234.3520 62
234.4800 234.6080 62
234.6400 235.3120 64
235.3440 236.5600 66
236.6880 237.6800 66
237.8080 238.3200 69
238.3520 238.5120 71
238.5440 239.3440 69
240.0800 240.3680 64
240.4000 240.7840 66
240.8160 241.3280 69
241.3600 242.9280 71
243.0880 243.6320 69
243.8560 244.1440 64
244.2720 244.7840 65
245.2960 245.6800 66
245.7120 246.0000 64
246.0320 246.3520 66
246.3840 246.5440 67
246.5760 246.7680 69
246.8000 247.0560 66
247.2480 247.3760 59
247.4080 247.4400 57
247.4720 248.0160 55
248.3360 248.5280 59
248.7200 248.9760 59
249.0080 249.2960 62
249.4560 249.6800 62
249.7120 249.9360 58
249.9680 250.0640 59
250.1920 250.8000 56
251.2480 251.3440 56
251.3760 251.5040 57
251.7280 251.8880 57
252.1440 252.6240 54
252.6560 252.7200 55
252.7520 253.7440 57
253.7760 253.8080 58
253.8400 255.1200 59
255.1520 255.9200 58
256.0800 256.1440 58
256.3040 256.3360 63
256.3680 256.5280 64
256.5600 257.3920 62
257.6800 257.8080 60
257.8400 258.4480 62
258.4800 259.2480 64
259.2800 259.3760 65
259.4080 261.8080 66
261.8400 262.0320 69
262.2240 262.4800 70
262.6400 263.2160 69
263.5040 263.6320 63
264.0480 264.3680 64
264.4000 264.7840 66
264.8160 265.2640 69
265.2960 265.4560 71
265.5840 266.4800 59
266.6720 266.9280 70
267.0560 267.7920 69
267.8240 268.1440 64
268.2720 268.9120 64
269.0720 270.3840 65
270.4160 270.5120 67
270.5440 270.7040 69
270.7360 271.0560 66
271.3120 271.5040 59
271.6960 271.9200 66
271.9520 271.9520 62
272.2080 272.8800 59
273.0720 273.6480 62
273.9040 274.2560 59
274.2880 275.0880 56
275.3120 275.8560 56
275.8880 276.3040 55
276.8160 276.9440 60
276.9760 277.0080 61
277.0400 277.2640 62
277.2960 277.6480 59
277.6800 277.7760 58
277.8080 279.2800 59
279.4080 279.8240 66
279.8560 280.0160 65
281.6800 281.7440 59
281.7760 282.4160 62
282.4480 282.5440 63
282.5760 283.0560 64
283.0880 283.3440 65
283.3760 285.7120 66
285.8400 286.0320 69
286.1920 286.2240 69
286.2560 286.3200 70
286.3520 286.4480 71
286.6080 287.1520 69
287.1840 287.2800 67
287.3120 287.3440 65
287.3760 287.3760 63
287.4720 287.5040 63
288.0480 288.4320 64
288.4640 288.7200 66
288.8800 289.0720 57
289.1040 289.2000 56
289.2320 289.5520 58
289.5840 290.5120 59
290.7360 290.8000 70
290.8320 290.9280 71
291.0880 291.5360 69
291.5680 291.6640 68
291.8240 292.2080 64
292.2400 293.0720 66
293.1040 293.2000 65
293.2320 293.3280 67
293.3600 293.5200 66
293.5520 293.6480 65
293.6800 293.8400 64
293.8720 294.0000 65
294.0320 294.3200 66
294.3520 294.5120 67
294.5440 294.7360 69
294.7680 295.0240 66
295.2800 295.3440 60
295.3760 295.6320 59
295.9520 296.8800 59
297.0400 297.2640 62
297.4240 297.6480 62
297.8400 298.0960 59
298.2240 298.8640 57
299.3120 299.5040 56
299.6960 299.8880 56
299.9200 300.1760 55
300.6560 300.8480 61
300.8800 300.9760 60
301.0080 301.0720 61
301.1040 301.4560 62
301.4880 302.1920 59
302.2240 302.8000 60
302.8320 303.5360 59
303.6640 304.6560 59
318.8000 318.9920 71
