20.9440 21.0080 54
21.1360 21.2000 53
22.4480 22.5120 57
22.5440 22.8000 58
22.8320 23.1520 59
23.1840 23.5680 61
23.6960 23.8880 59
23.9200 23.9520 60
23.9840 24.1120 61
24.5600 24.6560 59
24.6880 24.9760 57
25.1040 25.2320 59
25.2640 25.3280 61
25.5200 25.7120 61
25.7440 25.9040 59
26.0320 26.0640 60
26.0960 26.2240 61
26.6080 26.6720 61
26.7040 26.7360 59
26.8960 27.1200 57
27.3440 27.7280 62
27.8560 27.9840 61
28.1440 28.3040 62
28.6560 28.8160 59
28.8480 29.0720 57
29.2640 29.3920 61
29.4240 29.6160 62
29.6480 29.7760 60
29.8080 29.8720 61
30.0000 30.1920 57
30.2240 30.4160 59
30.4480 30.4480 57
30.9920 31.4720 59
31.5040 31.6000 61
31.7920 31.9520 61
31.9840 32.0160 60
32.0480 32.2400 59
32.2720 32.4640 61
32.9120 33.0080 59
33.0400 33.1680 57
33.4560 33.5840 59
33.6160 34.0320 61
34.0640 34.3520 59
34.3840 34.5440 61
34.9280 35.0560 59
35.0880 35.3120 57
35.5040 35.5040 59
35.5360 35.6000 61
35.6320 36.0160 62
36.2080 36.4320 61
36.4640 36.6240 62
37.0400 37.1360 59
37.2960 37.3920 57
37.6160 37.7760 61
37.8080 37.9360 62
37.9680 38.1600 61
38.3840 38.4800 57
38.6080 39.0240 59
39.9200 40.0480 54
40.0800 40.2720 57
40.3040 40.4320 54
40.4640 40.6560 56
40.9440 41.0400 54
41.1680 41.2000 56
41.2320 41.3920 57
41.4240 41.4560 58
41.4880 41.6160 59
41.6480 41.8400 57
41.8720 42.0320 54
42.0640 42.0960 55
42.1280 42.1600 56
42.1920 42.3200 57
42.5440 42.6720 57
43.2800 43.3120 56
43.3440 43.5680 57
43.6000 43.6960 59
43.7280 43.9520 57
43.9840 44.0160 55
44.3040 44.4320 57
44.4640 44.5920 55
44.6240 44.7200 57
45.1360 45.2000 54
45.2320 45.3280 55
45.3600 45.5520 57
45.5840 45.8080 59
45.8400 45.9360 60
45.9680 46.1600 61
46.3520 46.4480 62
46.4800 46.8960 61
46.9280 46.9600 60
47.1200 47.2160 55
47.2480 47.5040 57
47.6960 47.7920 64
48.3680 48.4000 56
48.4320 48.6240 57
48.8160 48.8800 58
48.9120 49.0400 57
49.0720 49.1040 56
49.3280 49.3600 54
49.3920 49.4240 55
49.4560 49.6480 56
49.6800 49.7760 57
49.8080 49.9680 58
50.0000 50.2560 57
50.2880 50.3200 55
50.5440 50.7360 57
50.7680 50.8000 55
50.9600 51.0880 57
51.4080 51.5040 54
51.5360 51.8880 57
51.9200 52.0480 58
52.0800 52.3360 57
52.6880 52.8160 57
52.8480 52.9440 54
52.9760 53.1360 57
53.4240 53.5520 54
53.5840 53.6160 55
53.6480 53.8400 56
53.8720 53.9040 57
53.9360 54.2240 59
54.2560 54.3200 60
54.3520 54.6080 61
54.6400 54.8640 62
54.9920 55.0880 60
55.1200 55.2800 61
55.5040 55.6640 56
55.6960 55.8560 57
56.0160 56.1440 59
56.1760 56.4320 54
56.4640 56.8800 56
57.0720 57.2320 56
57.7120 57.9680 49
58.1280 58.2560 49
58.2880 58.3200 50
58.3520 58.4480 57
58.4800 58.6400 59
58.6720 58.7680 57
58.9280 59.0880 56
59.1200 59.4400 57
59.4720 59.6640 58
59.6960 59.8240 57
60.4000 60.4000 52
60.4320 60.5600 54
60.5920 61.3280 56
61.3600 61.3920 55
61.9040 62.0640 48
62.1600 62.1920 48
62.2240 62.2560 49
62.2880 62.3520 50
62.6080 62.6400 58
62.6720 62.7360 59
62.7680 62.9280 61
62.9600 62.9920 57
63.0560 63.1200 57
63.1520 63.2480 59
63.2800 63.3120 57
63.3440 63.4400 55
63.4720 63.5680 56
63.6000 63.7600 59
64.1760 64.2720 57
64.4000 64.7200 59
64.7520 64.8480 61
65.1680 65.5840 57
66.0000 66.0320 55
66.0640 66.2560 56
66.4480 66.6400 57
66.6720 66.6720 59
66.7040 66.8000 62
66.8320 66.9280 64
66.9600 66.9920 63
67.2160 67.6320 56
68.3040 68.4320 57
68.5600 68.6560 54
68.7840 68.8160 61
68.8480 69.0400 62
69.0720 69.2960 61
69.3280 69.4880 62
69.5200 69.7760 61
69.8080 70.0960 62
70.1280 70.2240 63
70.2560 71.2480 64
71.2800 71.3120 63
72.5600 72.7520 57
72.7840 73.2000 59
73.2320 73.2640 60
73.2960 73.6800 61
73.7120 74.0000 59
74.0320 74.2240 60
74.5120 74.5760 60
74.6080 74.7040 59
74.7360 75.1840 57
75.2160 75.3120 59
75.3440 75.4080 61
75.6320 75.7920 61
75.8240 75.9840 59
76.1440 76.3040 61
76.6880 76.8160 58
76.8480 77.1360 57
77.1680 77.2640 59
77.4240 77.8080 62
77.9360 78.0960 61
78.2240 78.3200 62
78.3520 78.3840 61
78.8000 78.8960 58
78.9280 79.3120 57
79.3440 79.3440 59
79.3760 79.5040 61
79.5360 79.6640 62
79.6960 79.7600 60
79.7920 79.9520 59
80.0800 80.2400 57
80.2720 80.4640 58
80.4960 80.4960 56
80.5280 80.5280 53
80.8800 81.0400 57
81.0720 81.6160 59
81.8720 82.0640 61
82.0960 82.3520 59
82.3840 82.5760 61
82.9280 83.0240 59
83.0560 83.0880 58
83.1200 83.2160 57
83.2480 83.2800 56
83.5040 83.5360 58
83.5680 83.6640 59
83.6960 84.1120 61
84.1440 84.4320 59
84.4640 84.6240 61
85.0080 85.1360 59
85.1680 85.3920 57
85.5840 85.7120 61
85.7440 86.1280 62
86.2880 86.5120 61
86.5440 86.7040 62
87.0880 87.2160 59
87.3760 87.5680 57
87.6640 87.6960 59
87.7280 87.8560 61
87.8880 88.0800 62
88.1120 88.2400 61
88.4640 88.6240 57
88.6560 88.9760 59
89.1680 89.3280 59
89.3600 89.5200 61
89.7120 89.7440 56
89.7760 90.1920 57
90.2240 90.4480 54
90.4800 90.7040 55
90.7360 90.9280 59
91.4400 91.6000 56
91.6320 91.6640 57
91.6960 91.7280 58
91.7600 91.7920 59
91.8240 91.8560 60
91.8880 91.9520 61
91.9840 92.0160 62
92.0480 92.0800 63
92.1120 92.5600 64
94.3840 94.5440 62
94.5760 94.6400 61
94.7680 94.8960 61
94.9280 94.9920 60
95.9520 96.0480 60
96.0800 96.3680 61
98.4480 98.6080 65
98.6400 98.6720 66
98.7040 98.7680 67
98.8000 98.8960 68
98.9280 99.2480 69
99.4720 99.5680 67
99.6000 100.6880 69
100.7200 101.1360 68
101.1680 101.4880 69
101.5200 101.9040 71
101.9360 102.1280 69
102.1600 102.1920 70
102.2240 102.4800 71
102.7680 102.9280 71
102.9600 103.0560 68
103.0880 103.1840 69
103.2160 103.2800 68
103.5040 103.6000 65
103.6320 103.7600 66
103.7920 104.1440 65
104.1760 104.6880 64
104.8480 104.9440 64
105.3280 105.5200 63
106.6720 106.7680 52
106.8000 106.8640 54
106.8960 107.0560 57
107.2480 107.3120 58
107.3440 107.3760 57
107.7280 107.9200 55
107.9520 108.2080 57
108.2400 108.4320 58
108.4640 108.6880 57
108.7200 108.9120 54
108.9440 109.1680 57
109.2000 109.2960 56
109.3280 109.4560 57
109.4880 109.5200 56
110.0640 110.1920 56
110.2240 110.3840 57
110.4160 110.5120 59
110.5440 110.7360 57
110.7680 110.9280 54
111.1200 111.2480 57
111.2800 111.3760 55
111.4080 111.4720 57
111.8880 112.0480 54
112.0800 112.1440 56
112.1760 112.3680 57
112.4000 112.6560 59
112.7840 112.9760 61
113.2000 113.3280 62
113.3600 113.4240 59
113.4560 113.5520 60
113.5840 113.7440 61
113.9680 114.0000 55
114.0320 114.1600 57
114.1920 114.3200 56
114.9920 115.0240 54
115.0560 115.1520 55
115.1840 115.4400 56
115.4720 115.5040 55
115.6640 115.8240 57
116.0800 116.2080 54
116.2400 116.3040 55
116.3360 116.4320 57
116.5920 116.6240 57
116.6560 116.7520 58
116.7840 117.0400 57
117.0720 117.1040 54
117.3600 117.3920 56
117.4240 117.5520 57
117.5840 117.6160 55
117.7440 117.8720 57
118.1600 118.3840 54
118.4160 118.5440 56
118.5760 119.1200 57
119.1520 119.2480 54
119.5360 119.6320 57
119.6640 119.7920 55
119.8240 119.9520 57
120.2080 120.4320 54
120.4640 120.6240 56
120.7520 121.0080 59
121.0400 121.1040 60
121.1360 121.4240 61
121.4560 121.6800 62
121.8080 121.9040 59
121.9360 122.0320 61
122.3200 122.3520 56
122.3840 122.6720 57
122.8320 122.9280 59
122.9600 122.9600 56
122.9920 123.2160 54
123.2480 123.6640 56
123.8560 123.9520 56
123.9840 124.0160 55
125.1360 125.1680 57
125.2000 125.2320 58
125.2640 125.3920 59
125.4240 125.4560 58
125.4880 126.2560 57
126.2880 126.4480 59
127.0240 127.1200 63
127.2480 127.3760 55
127.4080 128.1120 56
128.1440 128.1760 55
128.7200 129.1040 50
129.1360 129.1680 51
129.3920 129.4240 58
129.4560 129.5200 59
129.5520 129.7440 61
129.7760 129.9040 58
129.9360 130.0640 59
130.0960 130.1280 58
130.1600 130.2880 56
130.4160 130.5440 59
130.5760 130.6080 58
130.6400 131.0240 57
131.1840 131.3440 59
131.3760 131.5360 60
131.5680 131.6960 61
131.9520 132.3040 57
132.3360 132.4000 58
132.7200 132.9760 56
133.0080 133.0400 55
133.2640 133.4560 57
133.4880 133.6160 62
133.6480 133.8400 64
134.0000 134.4160 57
134.8640 134.8960 54
135.0880 135.1840 57
135.2160 135.2800 56
135.3120 135.4400 54
135.4720 135.5040 55
135.5360 135.6640 61
135.6960 135.8240 62
135.8560 136.0160 61
136.0480 136.2080 62
136.2400 136.5600 61
136.5920 136.8480 62
136.8800 137.0400 63
137.0720 137.2960 64
137.3280 137.4560 63
137.4880 138.1920 64
138.2240 138.3840 63
139.3760 139.5040 57
139.5360 140.0160 59
140.0480 140.4000 61
140.4320 140.4640 60
140.5920 140.7840 59
140.8160 141.0080 60
141.3280 141.4560 59
141.4880 141.5200 58
141.5520 141.9680 57
142.0000 142.0960 59
142.1280 142.1920 60
142.4160 142.5760 61
142.6080 142.8000 59
142.9280 143.0240 61
143.0560 143.0880 60
143.4720 143.6320 59
143.6640 143.9520 57
143.9840 144.0480 58
144.2400 144.6240 62
144.6560 144.8800 61
145.0080 145.1680 62
145.5200 145.6800 59
145.7120 145.8720 56
145.9040 145.9680 58
146.1280 146.2880 61
146.3200 146.4800 62
146.5120 146.6400 59
146.6720 146.7360 61
146.8640 147.0560 57
147.0880 147.2480 59
147.2800 147.2800 57
147.6640 147.8240 57
147.8560 148.4320 59
148.6560 148.8480 61
148.8800 149.1360 59
149.1680 149.3600 61
149.7120 149.8080 59
149.8400 149.9040 58
149.9360 150.0960 57
150.3200 150.4480 59
150.4800 150.8960 61
150.9280 151.2160 59
151.2480 151.4400 61
151.4720 151.4720 59
151.8240 151.9200 59
151.9520 152.3040 57
152.3360 152.4640 59
152.4960 152.5280 61
152.5600 152.9440 62
153.0720 153.2960 61
153.3280 153.5840 62
153.9040 154.0320 59
154.1600 154.2880 57
154.3200 154.3840 56
154.4160 154.5120 59
154.5440 154.6080 60
154.6400 154.6720 61
154.7040 154.8320 62
154.8640 155.0560 61
155.2160 155.4080 57
155.4400 155.6000 59
155.6320 155.6320 56
155.6640 155.7920 53
155.9840 156.2080 58
156.2400 156.7200 60
156.7520 157.2320 62
157.2640 157.4880 60
157.5200 157.7120 62
158.0320 158.2240 60
158.2560 158.2880 59
158.3200 158.6080 58
158.6400 158.6720 59
158.7040 158.8000 60
158.8320 158.8960 62
159.0880 159.2480 62
159.2800 159.5040 60
159.6320 159.7920 62
159.9200 160.0160 61
160.1760 160.3040 59
160.3360 160.6240 58
160.6560 160.7520 59
160.9440 161.3600 63
161.3920 161.5840 62
161.7120 161.9360 63
162.2240 162.3840 59
162.4160 162.4800 57
162.5120 162.7040 58
162.7360 162.8320 60
162.8640 163.1840 62
163.2160 163.4080 60
163.4400 163.5040 62
163.6320 163.7280 59
163.7600 163.9840 60
164.0160 164.1440 53
164.4000 164.5280 57
164.5600 165.0400 60
165.0720 165.1360 62
165.3600 165.5200 62
165.5520 165.8400 60
165.8720 166.0640 62
166.4800 166.7680 58
166.9920 167.0880 59
167.1200 167.1520 61
167.1840 167.6000 62
167.6320 167.9200 60
167.9520 168.1440 62
168.3360 168.4640 57
168.4960 168.6240 60
168.6560 168.9120 58
169.0720 169.1040 61
169.1360 169.7120 63
169.7440 170.0000 62
170.0320 170.2560 63
170.2880 170.4160 62
170.5760 170.7040 60
170.8640 170.9920 58
171.1200 171.1520 60
171.1840 171.2800 61
171.3120 171.3440 62
171.3760 171.5360 63
171.5680 171.7600 62
171.8880 171.9840 61
172.0160 172.1120 59
172.1440 172.4320 60
172.6560 172.7840 60
172.8160 173.0400 62
173.1680 173.7120 58
174.6720 175.1200 57
175.1520 175.1840 58
175.2160 175.5360 60
175.5680 175.6000 59
175.6320 175.8560 58
176.0800 176.5280 58
176.5600 176.5600 60
176.5920 176.7520 63
176.7840 178.7040 65
178.7360 179.1200 67
179.1520 179.6320 65
181.0720 181.2000 58
181.2320 181.7440 60
181.7760 182.1600 62
182.2880 182.4800 60
182.5120 182.7040 62
182.8320 183.0240 66
183.1520 183.3120 60
183.3440 183.6960 58
183.7280 183.8240 60
183.8560 183.9200 62
184.1120 184.3040 62
184.3360 184.5280 60
184.6560 184.8160 62
185.2640 185.6800 58
185.7120 185.7760 60
185.9360 186.3200 63
186.3520 186.5760 62
186.7360 186.9280 63
187.3440 187.4400 60
187.4720 187.6960 58
187.8560 187.9200 61
187.9520 187.9840 62
188.0160 188.1760 63
188.2080 188.3360 61
188.3680 188.4960 62
188.5280 188.7200 58
188.7520 188.7840 59
188.8160 188.9440 60
189.4240 189.5520 58
189.5840 190.0640 60
190.0960 190.1600 62
190.3840 190.5120 62
190.6400 190.8640 60
190.8960 191.0560 62
191.5360 191.8240 58
192.0480 192.0800 60
192.1120 192.1440 61
192.1760 192.6240 62
192.6560 192.9440 60
192.9760 193.2320 62
193.5520 193.5840 60
193.6160 193.6480 59
193.6800 193.9680 58
194.0640 194.0960 59
194.1280 194.2240 61
194.2560 194.7360 63
194.7680 195.0240 62
195.0560 195.2800 63
195.6000 195.6960 60
195.8560 196.0480 58
196.0800 196.1440 60
196.1760 196.2080 61
196.2400 196.3360 62
196.3680 196.5280 63
196.5600 196.7200 62
196.9440 197.1360 58
197.1680 197.5520 60
197.6800 197.7760 60
197.8080 197.8400 61
197.8720 198.0320 62
198.2240 199.9520 58
204.3680 204.5280 53
204.5600 204.6240 54
204.7520 204.7520 58
204.7840 204.8800 60
204.9120 205.3280 62
205.6160 205.7120 61
205.7440 205.8080 62
205.8400 205.9360 60
205.9680 206.4160 58
206.4480 206.5120 59
206.9920 207.2800 59
207.3120 207.7920 58
208.1440 210.1920 58
