18.1280 18.2240 57
18.2560 18.6720 58
18.8960 19.0240 58
19.0560 19.2480 59
19.2800 19.3120 58
19.3440 19.4400 57
19.4720 19.5680 58
19.9200 20.0160 55
20.0480 20.1120 54
20.2720 20.7200 54
21.2320 21.4560 52
21.4880 21.6480 53
21.6800 21.7760 54
22.0320 22.3200 56
22.3520 22.4480 55
22.4800 22.7680 56
26.0320 26.0960 57
26.1280 26.5760 58
26.8320 26.9600 58
26.9920 27.1200 59
27.3120 27.5680 57
27.8560 27.9200 55
27.9520 28.0480 54
28.3040 28.7840 54
29.1040 29.5200 52
29.5520 29.6480 53
29.6800 29.8400 54
30.0320 30.2880 56
30.3200 30.5120 55
30.5440 30.8640 56
33.1040 33.3600 56
33.5200 33.5840 59
33.6160 33.6800 61
33.7120 33.8080 62
33.8400 34.6400 63
35.0560 35.2480 61
35.2800 35.3120 60
35.5680 35.9200 56
36.8480 36.9120 55
37.0720 37.2640 59
37.2960 37.4560 61
37.4880 37.7440 60
37.7760 38.3520 61
39.0560 39.2800 59
41.2960 41.4240 62
41.5520 41.6160 61
41.6480 41.6800 62
41.7120 42.0000 63
42.0320 42.0640 62
42.0960 42.1920 61
42.2240 42.4160 60
42.4480 42.5760 61
42.7680 43.6320 59
43.6640 43.6960 58
43.8240 43.9200 57
44.3360 44.4000 56
44.5600 45.0400 59
45.0720 45.1040 60
45.1360 45.3600 61
45.5200 45.6480 59
46.2560 46.6400 59
46.9600 47.0880 58
50.0640 50.0960 57
50.1280 50.4800 58
50.8320 50.8960 58
50.9280 51.0240 59
51.0560 51.0880 58
51.2480 51.3440 57
51.3760 51.4720 58
51.8240 52.3680 54
52.5280 52.5600 53
52.5920 52.7520 54
53.0400 53.3280 51
53.5520 53.6480 53
53.6800 53.8720 54
54.0960 54.2240 56
54.2560 54.4800 55
54.5120 54.9600 56
58.1280 58.1600 56
58.1920 58.2240 57
58.2560 58.6400 58
58.8640 58.9280 57
58.9600 59.0240 58
59.0560 59.2160 59
59.2480 59.2800 58
59.3120 59.6000 57
59.8880 60.1760 54
60.3680 60.5920 54
60.6240 60.7200 53
60.7520 60.8160 54
61.1040 61.3920 52
61.5840 61.6480 53
61.6800 61.8400 54
62.0640 62.2880 56
62.3200 62.5120 55
62.5440 63.1840 56
65.0400 65.5520 56
65.5840 65.6480 60
65.6800 65.7440 62
65.7760 66.7360 63
66.9600 67.2160 61
67.2480 67.2800 60
67.5040 67.8880 56
69.0400 69.1040 59
69.1360 69.1680 60
69.2000 69.3920 61
69.5520 69.6160 59
69.6480 69.7120 60
69.7440 70.8320 61
71.0880 71.2480 59
71.2800 71.3760 58
71.6000 72.0480 54
73.2960 73.4240 62
73.5840 73.6480 61
73.6800 73.7120 62
73.7440 73.9040 63
74.0960 74.6720 61
74.7040 74.9920 59
75.5680 75.6960 58
75.7280 75.8880 59
76.0800 76.5920 56
76.6240 76.6880 58
76.7200 76.8480 59
77.0720 77.4240 61
77.5520 77.6160 59
77.6480 77.6800 60
77.7120 77.8720 61
78.2880 78.8960 59
78.9280 79.1840 58
79.2160 79.6320 59
80.8480 81.0400 59
81.0720 81.2640 61
81.2960 81.5200 59
81.5520 81.6160 62
81.6480 81.6800 65
81.7120 82.7360 66
82.7680 82.8960 65
82.9280 82.9600 64
82.9920 83.4400 63
83.4720 83.9840 61
84.0160 84.1760 63
84.2080 84.4320 61
84.8160 85.0400 59
85.0720 85.2640 61
85.2960 85.4880 59
85.5200 85.5840 62
85.6160 85.8720 66
86.0320 86.4160 66
86.5440 86.9280 66
87.0560 87.2160 63
87.5040 87.6960 61
87.8560 88.0160 61
88.0480 88.2080 63
88.2400 88.2400 59
88.2720 88.4000 55
88.8160 89.0400 59
89.0720 89.2000 61
89.2320 89.4240 59
89.5840 89.6800 64
89.7120 89.9040 66
89.9360 89.9680 63
90.0000 90.6400 59
90.8000 90.9600 59
91.3120 91.5040 59
91.5360 91.6000 62
91.6320 91.7280 65
92.0160 92.9120 59
93.2960 93.5840 59
93.6160 93.9040 61
93.9360 94.1600 59
94.2880 94.6400 61
94.6720 94.7680 62
94.8000 95.1520 63
95.3440 95.4720 64
95.5040 96.3040 66
96.8480 96.9760 59
97.0080 97.1680 61
97.2000 97.2320 60
97.2640 97.5200 59
97.5520 97.5520 61
97.5840 97.6160 64
97.6480 97.6800 65
97.7120 97.8720 66
98.0320 98.7040 66
98.7360 98.8320 65
98.8640 98.8960 64
98.9280 99.2480 63
99.2800 99.4080 62
99.4400 99.9840 61
100.0160 100.1440 63
100.3040 100.4320 61
100.8480 101.0400 59
101.0720 101.2000 61
101.3280 101.4560 59
101.4880 101.5520 62
101.5840 101.9360 70
101.9680 102.6080 66
102.8320 103.0880 63
103.5360 103.7280 66
103.8560 103.9840 61
104.0160 104.1760 63
104.3360 104.4320 59
104.8480 104.9440 59
105.1040 105.2640 61
105.2960 105.4240 59
105.5840 105.7120 63
105.7440 105.9360 64
105.9680 106.1920 62
106.2240 106.4160 63
106.6720 106.8640 56
108.3040 108.7520 59
108.7840 109.1040 61
109.5520 110.0000 59
110.0320 110.2240 58
110.2560 112.0160 59
130.0960 130.1920 56
130.2240 130.6080 58
130.8320 130.8960 58
130.9280 131.1200 59
131.3120 131.4080 57
131.4400 131.5680 58
131.8240 132.4320 54
132.5920 132.8160 53
133.0720 133.3280 52
133.5520 133.6480 53
133.6800 133.8400 54
134.0640 134.2240 56
134.2560 134.4800 55
134.5120 134.7360 56
138.0640 138.1280 56
138.1600 138.5760 58
138.8320 138.9600 58
138.9920 139.1840 59
139.2160 139.2480 58
139.2800 139.3760 57
139.4080 139.5040 58
140.3040 140.7200 54
141.0400 141.3600 52
141.5520 141.7440 54
141.7760 141.8400 55
142.0320 142.2560 56
142.2880 142.4480 55
142.4800 142.9600 56
145.0400 145.4880 56
145.6160 145.6800 61
145.7120 145.8080 62
145.8400 146.8000 63
147.0240 147.2800 61
147.3120 147.3440 60
147.5680 148.0480 56
149.0720 149.1360 59
149.1680 149.2000 60
149.2320 149.3920 61
149.5520 149.6800 60
149.7120 150.4160 61
151.0560 151.3760 59
153.3280 153.4240 63
153.6160 153.6480 61
153.6800 153.7440 62
153.7760 153.9360 63
154.0960 154.2880 61
154.3200 154.4160 60
154.4480 154.7040 61
154.7360 154.9920 59
155.5360 155.6640 58
155.6960 155.8560 59
156.0800 156.5280 56
156.5600 156.5920 57
156.6240 156.6560 58
156.6880 156.8480 59
157.0720 157.4240 61
157.5520 157.6480 59
157.6800 157.7120 60
157.7440 157.9680 61
158.3520 158.9280 59
158.9600 159.1520 58
159.1840 159.7280 59
160.7840 160.9440 59
161.0720 161.2320 61
161.2640 161.5200 59
161.5520 161.5840 63
161.6160 161.6480 65
161.6800 162.7680 66
162.8000 162.8640 65
162.8960 162.9280 64
162.9600 163.3120 63
163.3440 163.4080 62
163.4400 163.9840 61
164.0160 164.0480 62
164.0800 164.2080 63
164.2400 164.3360 62
164.3680 164.4640 61
164.8160 164.9760 59
165.0080 165.0400 60
165.0720 165.2320 61
165.2640 165.4880 59
165.5200 165.5840 63
165.6160 165.6480 65
165.6800 165.8720 66
166.0320 166.4160 66
166.5440 166.5760 64
166.6080 166.8960 66
166.9280 166.9600 64
166.9920 167.1520 63
167.5680 167.6960 61
167.8560 167.9840 62
168.0160 168.1440 63
168.1760 168.2080 62
168.8160 169.0080 59
169.0400 169.2000 61
169.2320 169.3280 60
169.5840 169.6160 64
169.6480 169.8720 66
169.9040 169.9040 64
169.9360 169.9360 62
169.9680 170.1920 59
170.3520 170.9920 59
171.3120 171.4720 59
171.5040 171.5680 62
171.6000 171.6640 65
171.6960 171.8240 66
172.0160 172.2400 59
172.3680 172.9120 59
173.2640 173.3920 59
173.5520 173.6800 59
173.7120 173.9040 61
173.9360 174.2560 59
174.2880 174.6080 61
174.6400 174.7360 62
174.7680 175.1200 63
175.3120 175.4720 52
175.5040 176.2720 54
176.8800 177.0080 59
177.0400 177.2320 61
177.2640 177.5520 59
177.5840 177.6160 63
177.6480 177.8720 66
178.0640 178.8640 66
178.8960 179.2160 63
179.2480 179.4720 62
179.5040 179.9200 61
179.9520 180.1120 63
180.3360 180.4640 61
180.8160 181.0400 59
181.0720 181.2000 61
181.3280 181.4880 59
181.5200 181.5200 62
181.5520 181.5520 64
181.5840 181.5840 66
181.6160 181.6800 68
181.7120 181.9040 70
182.0320 182.6080 66
182.8640 183.0560 63
183.5360 183.7280 66
183.8560 183.9840 61
184.0160 184.1760 63
184.3040 184.4320 59
184.8160 184.9120 59
185.1040 185.2320 61
185.2640 185.3920 60
185.5840 185.9680 64
186.0000 186.1600 62
186.1920 186.3520 63
186.3840 186.4480 59
186.4800 186.5120 57
186.5440 187.0240 56
187.7920 187.8880 56
187.9200 188.1440 55
188.3360 188.7520 59
188.7840 189.1040 61
189.5520 189.9040 59
189.9360 190.2240 58
190.2560 191.6320 59
192.8480 192.9440 59
193.0720 193.2320 61
193.2640 193.5200 59
193.5520 193.6480 64
193.6800 193.7120 65
193.7440 193.9360 66
194.0640 194.3840 66
194.5760 194.8000 66
194.8320 194.8640 65
195.0560 195.3120 63
195.5360 195.9520 61
195.9840 196.2720 62
196.3040 196.4000 61
196.8160 196.9120 59
196.9440 197.2000 61
197.3280 197.4880 60
197.5200 197.6480 64
197.6800 198.8000 66
199.0240 199.1520 63
199.5040 199.8560 61
199.8880 200.0800 63
200.8160 200.9120 59
201.0720 201.2000 61
201.2320 201.3920 59
201.5840 201.6160 64
201.6480 201.8720 66
201.9040 201.9040 64
201.9360 202.0000 61
202.0320 202.1600 59
202.3200 202.6400 59
202.8000 202.8960 59
203.3440 203.4720 59
203.5040 203.5680 62
203.6000 203.8240 66
204.0160 204.2080 59
204.3360 204.7840 59
204.8160 204.9760 61
205.3280 205.6160 59
205.6480 206.0640 61
206.0960 206.3520 59
206.3840 206.5760 61
206.8320 207.1520 63
207.3120 207.4080 64
207.4400 207.5040 65
207.5360 207.7280 66
207.7600 207.9520 69
207.9840 207.9840 67
208.0160 208.4320 62
208.7520 208.9760 58
209.0080 209.2320 61
209.2640 209.3600 59
209.5520 209.6480 64
209.6800 209.9040 66
210.0640 211.2160 66
211.2480 211.3760 68
211.4080 211.4080 66
211.5360 211.9840 61
212.0160 212.1760 63
212.3040 212.4960 61
212.8160 212.9760 59
213.0080 213.2320 61
213.2640 213.3600 59
213.5520 213.6800 68
213.7120 213.9040 70
214.0320 214.5440 66
214.7360 214.9920 63
215.5040 215.7280 66
215.8560 215.9840 61
216.0160 216.1440 63
216.3040 216.5920 59
216.8160 216.9440 59
217.0720 217.2000 61
217.3280 217.5520 61
217.5840 217.6800 63
217.7120 217.8400 64
218.0320 218.1280 62
218.1600 218.3520 63
218.5760 219.1520 56
220.0480 220.1440 54
220.3680 220.7840 59
220.8160 221.1360 61
221.5840 221.9040 59
222.0960 223.5360 59
