20.3680 20.4640 59
20.4960 20.9760 62
21.0080 21.2320 61
21.3600 21.8080 62
21.8400 22.4160 64
22.8000 22.8960 62
22.9280 23.2480 64
23.2800 23.3440 65
23.3760 23.5680 62
23.7280 23.9200 61
24.0480 24.2720 62
24.3040 24.7520 59
25.2000 25.2320 61
25.2640 25.3600 62
25.5200 25.7760 62
25.8080 26.0640 61
26.0960 26.2560 62
26.4480 26.5760 62
26.6080 26.9280 64
26.9600 27.6320 62
27.6640 27.7600 64
27.7920 28.0800 66
28.2720 28.4640 64
28.4960 28.5280 63
28.5600 29.2960 62
30.0640 30.5440 62
30.5760 30.7680 61
30.8960 31.3440 62
31.3760 31.9200 64
32.4000 32.4640 63
32.4960 32.9760 64
33.0080 33.2640 62
33.2960 33.5200 61
33.6480 33.8080 62
33.8400 34.1920 59
34.2240 34.2880 60
34.8640 34.9280 61
35.1520 35.3760 62
35.4080 35.6960 61
35.7280 36.1760 62
36.2080 36.4640 64
36.6560 37.1680 62
37.2000 37.3280 64
37.3600 37.6160 66
37.8080 37.8720 65
37.9040 38.0320 64
38.0640 38.9600 62
39.5360 39.7280 59
39.8560 39.9840 64
40.0160 40.2720 66
40.4640 40.5920 62
40.8160 40.9440 62
40.9760 41.5520 64
41.9680 42.1600 62
42.3520 42.3840 64
42.4160 42.4480 65
42.4800 42.7680 66
42.8000 42.8320 64
42.8640 42.9920 62
43.2160 43.4080 62
43.4400 43.9840 59
44.4320 44.6880 62
44.7200 44.8480 64
44.8800 45.1360 66
45.2640 45.4560 62
45.6800 46.8320 62
47.4080 47.9840 59
48.0160 48.4640 57
49.1360 49.2000 59
49.2320 49.7120 62
49.8400 49.9360 61
50.0960 50.5760 62
50.6080 51.1200 64
51.6320 51.6640 62
51.6960 52.1120 64
52.1440 52.3360 62
52.5280 52.7520 61
52.7840 53.0400 62
53.0720 53.6160 59
54.0000 54.0960 61
54.2880 54.6080 62
54.6400 54.8640 61
54.8960 55.3760 62
55.4080 55.7600 64
55.7920 56.2080 62
56.4320 56.5600 64
56.5920 56.8160 66
57.0080 57.2320 64
57.2640 58.1280 62
58.2560 58.4160 64
58.4480 58.5120 62
58.8000 59.2800 62
59.4080 59.6640 61
59.6960 60.1440 62
60.1760 60.4960 64
60.5280 60.6560 62
60.6880 60.7200 63
60.7520 61.0400 64
61.0720 61.3600 62
61.5200 61.5840 64
61.6160 61.7760 66
61.8080 61.9680 64
62.0960 62.2240 62
62.4160 62.5120 61
62.5440 62.8960 62
62.9280 63.0560 61
63.0880 63.2160 59
63.6320 63.7280 60
63.7600 64.0800 62
64.1120 64.6560 61
64.8160 64.9440 62
64.9760 65.1040 64
65.1360 65.9680 62
66.0000 66.1600 64
66.1920 66.4800 66
66.6080 66.8320 64
66.8640 66.9280 62
67.1520 67.4720 62
67.5040 67.5680 61
67.6000 67.6960 58
67.7280 67.7920 56
67.8240 67.8560 54
67.8880 67.9200 53
68.4000 68.6240 59
68.6560 68.6560 62
68.6880 68.8160 64
68.8480 69.0400 66
69.3280 69.3920 62
69.5840 69.7440 62
69.7760 70.1920 64
70.7680 71.0880 62
71.1200 71.2160 64
71.2480 71.4720 66
71.6960 72.2080 62
72.2400 72.5280 59
73.2320 73.4880 62
73.5200 73.6480 65
73.6800 73.9680 66
74.0000 74.2560 62
74.4160 75.8560 62
77.9680 78.0320 58
78.0640 78.5760 62
78.6080 78.8960 64
78.9280 79.1200 66
79.1520 80.0480 69
80.4000 80.4320 59
80.4640 80.5920 62
80.7520 80.9440 62
80.9760 81.1680 64
81.2960 81.4240 66
81.6160 81.8400 69
81.8720 82.5440 64
82.8000 82.8640 62
82.8960 82.9600 64
83.1200 83.2800 64
83.4080 83.6640 62
83.6960 83.8880 61
83.9200 84.2400 62
84.2720 85.1040 59
85.5520 85.7760 64
85.8080 86.0640 62
86.0960 86.3520 61
86.3840 86.6080 62
86.7360 86.8640 57
86.9920 87.4080 57
87.6000 87.6640 60
87.6960 87.9200 62
87.9840 88.0160 63
88.0480 88.1120 65
88.1440 88.3360 64
88.4640 88.6880 66
88.8160 89.6800 69
90.0000 90.1920 62
90.2240 90.2240 65
90.2560 90.2560 67
90.2880 90.8000 73
90.8320 90.9920 71
91.2160 91.3120 69
91.3440 91.7600 71
91.7920 92.1440 69
92.3680 92.9120 67
92.9440 93.2320 66
93.2640 93.6160 64
93.6480 93.7120 65
93.7440 94.0960 66
94.1280 94.2240 64
94.2560 94.5120 62
94.8000 94.9280 59
95.1520 95.2800 67
95.4400 95.6320 66
95.6640 95.8240 64
95.9840 96.0800 66
96.1120 96.3040 67
96.3360 96.3680 64
96.4000 97.6480 62
97.8400 97.8720 62
97.9040 98.1280 64
98.1600 100.4000 62
113.3920 113.4880 65
113.5200 113.9040 66
113.9360 114.2880 67
114.3200 114.6720 66
114.7040 114.7680 65
114.8000 115.1200 64
115.1520 115.2160 63
115.2480 116.2080 62
121.1360 121.2000 59
121.2320 121.6480 62
121.6800 121.9360 61
122.0960 122.5440 62
122.5760 123.1200 64
123.6000 123.6640 63
123.6960 124.1120 64
124.1440 124.3360 62
124.4960 124.7200 61
124.7520 125.0080 62
125.0400 125.4880 59
126.0320 126.1280 62
126.3200 126.6080 62
126.6400 126.8640 61
126.8960 127.3120 62
127.3440 127.5040 64
127.5360 127.5680 63
127.6000 128.2080 62
128.4320 128.5280 65
128.5600 128.8480 66
129.0080 129.0720 65
129.1040 129.2320 64
129.2640 130.2240 62
130.2560 130.3840 64
130.4160 130.4160 62
130.8320 131.2480 62
131.2800 131.6960 61
131.7280 132.1120 62
132.1440 132.4320 64
132.4640 132.6240 62
132.6560 133.0400 64
133.0720 133.1040 63
133.1360 133.3280 62
133.5520 133.5840 65
133.6160 133.8080 66
133.8400 134.0000 64
134.1280 134.2560 62
134.4160 134.4480 61
134.4800 134.8960 62
134.9280 135.0240 61
135.0560 135.3120 59
135.6320 135.6640 61
135.6960 136.0160 62
136.0480 136.4320 61
136.4640 136.6560 62
136.8160 136.9440 62
136.9760 137.1040 64
137.1360 137.9680 62
138.0000 138.1280 64
138.1600 138.2880 66
138.3200 138.3520 65
138.3840 138.8000 64
138.8320 138.8960 63
138.9280 139.2800 62
139.3120 139.4720 64
139.5040 139.5680 61
139.7280 139.8560 55
139.8880 139.9200 53
140.4320 140.6880 59
140.7200 140.8160 64
140.8480 140.9760 66
141.2000 141.3600 62
141.5840 141.7120 62
141.7440 142.0320 64
142.0640 142.2880 62
142.3200 142.5760 64
142.7680 143.0880 62
143.1200 143.1840 64
143.2160 143.3440 66
143.6000 144.2080 62
144.2400 144.5280 59
145.1360 145.4880 62
145.5200 145.6160 64
145.6480 145.7760 66
145.8080 146.2560 62
146.4160 148.0800 62
148.1120 148.2400 64
148.2720 148.6240 66
150.0000 150.0640 59
150.0960 150.5760 62
150.6080 150.8960 64
150.9280 151.1840 66
151.2160 152.3040 69
152.3360 152.3360 67
152.3680 152.5920 62
152.7200 153.0080 62
153.0400 153.2640 64
153.2960 153.4240 66
153.6160 153.8400 69
153.8720 153.8720 67
153.9040 154.5440 64
154.8000 154.9920 63
155.1520 155.3440 64
155.3760 156.2720 62
156.3040 157.1040 59
157.5520 157.6160 62
157.6480 157.7440 64
157.7760 158.0640 62
158.0960 158.3840 61
158.4160 158.6720 62
158.7040 158.8640 57
158.9920 159.4400 57
159.6320 159.6640 60
159.6960 160.2080 62
160.2400 160.4320 64
160.4640 160.7200 66
160.8480 161.7120 69
162.0000 162.1600 62
162.3200 162.3840 72
162.4160 162.8000 74
162.8320 163.0240 71
163.2480 163.2800 69
163.3120 163.8240 71
163.8560 164.1440 69
164.4000 164.9760 67
165.0080 165.2640 66
165.2960 165.4880 64
165.5200 165.7440 65
165.7760 166.1280 66
166.1600 166.2240 64
166.2560 166.5120 62
166.8320 166.9280 63
167.1200 167.1840 66
167.2160 167.2800 67
167.4400 167.6640 66
167.6960 167.8560 64
168.0160 168.1120 66
168.1440 168.3360 67
168.3680 169.1680 62
169.2000 169.2640 60
169.2960 169.8080 62
169.8400 170.1280 64
170.1600 170.4160 66
170.4480 171.5360 69
171.5680 171.7920 62
171.9520 172.2080 62
172.2400 172.3680 64
172.4960 172.6240 66
172.8160 173.0720 69
173.1040 173.1360 64
173.2000 173.4240 64
173.5520 173.7760 64
174.0320 174.1280 61
174.3200 174.5440 61
174.6400 175.3440 62
175.3760 175.4720 59
176.1760 176.2720 59
176.7200 176.7520 62
176.7840 177.0400 64
177.3920 177.5520 60
177.6160 177.6800 65
177.7120 177.7440 69
178.3520 178.4480 68
178.8320 179.0880 62
179.1200 179.6320 64
179.6640 179.9520 66
179.9840 180.6560 69
180.6880 180.8800 70
180.9120 181.1360 69
181.2640 181.3600 69
181.4880 181.5840 73
181.6160 181.8400 74
181.8720 181.9680 73
182.0960 182.2240 71
182.3840 182.5440 69
182.5760 182.7360 71
182.7680 182.7680 68
182.9280 183.3120 57
183.3440 183.4080 61
183.6320 183.6320 70
183.6640 183.7920 73
183.8240 183.8240 71
183.8560 184.1440 67
184.1760 184.3040 66
184.3680 184.4000 66
184.4640 184.5280 64
184.5920 184.5920 64
184.7200 184.8160 68
184.8480 184.9440 65
184.9760 185.2640 59
185.2960 185.3280 57
185.6160 185.8400 54
186.0320 186.1280 59
186.3520 186.4800 67
186.6400 186.8320 66
186.8640 187.0240 64
187.0560 187.0560 61
187.1840 187.5680 55
187.6000 187.7920 57
187.8240 188.2400 62
188.3680 188.6560 62
189.0400 189.3920 51
189.4240 192.0160 50
