19.2800 19.4400 51
19.4720 19.5360 52
19.5680 19.6320 53
19.8560 20.0800 53
20.3680 20.5280 53
20.7520 20.9440 51
21.2000 21.6800 53
21.7120 21.8720 54
22.0960 22.3520 53
23.2160 23.3120 52
23.5360 23.7280 53
23.9840 24.0800 53
24.1120 24.2080 52
24.2400 24.3360 51
24.6880 24.7840 51
24.8160 24.8800 52
24.9120 25.3600 53
25.3920 25.5520 54
25.5840 26.0640 53
26.7360 26.8000 51
26.8320 26.8960 52
26.9280 27.9200 53
27.9520 28.4640 52
28.4960 28.5920 51
28.8160 29.1360 50
29.4240 29.6480 49
30.4800 30.8640 49
31.1520 31.4400 49
31.6000 31.8560 49
32.5600 32.6240 49
32.6560 33.0400 50
33.0720 33.1040 49
33.3280 34.8000 49
41.2320 41.3920 52
41.4240 41.5200 53
41.6480 41.8720 53
42.1280 42.2560 53
42.2880 42.3520 52
42.3840 42.4800 51
42.8000 42.9280 51
42.9600 43.0240 52
43.0560 43.5360 53
43.5680 43.7600 54
43.7920 43.8560 53
44.0480 44.3040 53
45.0400 45.1360 53
45.3280 45.5200 53
45.7440 46.0000 53
46.3840 46.4800 51
46.6400 46.7040 53
46.9600 47.1200 53
47.1520 47.3440 54
47.3760 47.4720 53
47.6320 47.8560 53
48.5280 48.6560 51
48.6880 48.7520 52
48.7840 49.2000 53
49.3920 49.6160 53
49.8400 50.0000 52
50.0320 50.1280 53
50.1600 50.2240 52
50.2560 50.3200 51
50.5760 50.7360 50
50.7680 50.9600 51
50.9920 51.0240 50
51.1840 51.4400 49
52.3360 52.7840 49
53.0080 53.8080 49
54.6080 55.0560 50
55.0880 56.6560 49
62.1920 62.3200 58
62.3520 62.4160 60
62.6080 62.6720 60
62.7040 62.8320 61
63.0560 63.0560 59
63.2480 63.5360 60
63.5680 63.6960 61
63.7280 63.7920 59
63.8240 64.0480 58
64.0800 64.1760 59
64.3680 64.4000 60
64.4320 64.5280 61
64.7200 65.2960 61
65.3280 65.4240 63
65.4560 65.5520 62
65.7120 65.9360 61
65.9680 66.0000 60
66.0320 66.0640 59
66.2240 66.2560 58
66.2880 66.3200 59
66.3520 66.4480 60
66.8640 67.0240 58
67.1520 67.3120 59
67.6640 67.7280 57
67.7600 67.8560 58
68.0160 68.0800 58
68.1120 68.2080 59
68.4000 68.4960 60
68.6560 68.9120 60
68.9440 69.1360 61
69.1680 69.6160 60
70.3840 70.4800 56
70.5120 70.9600 58
71.1520 71.3440 58
71.3760 71.6640 57
71.6960 71.9200 58
72.0800 72.3360 56
72.3680 72.4000 55
73.0080 73.1360 49
73.4880 73.6160 52
73.6480 74.8000 53
76.8800 76.9760 60
77.1360 77.1680 60
77.2000 77.3280 61
77.3600 77.4240 60
77.8080 78.0320 60
78.0640 78.1920 61
78.2240 78.2880 60
78.5440 78.6720 58
78.7040 78.7680 60
78.9600 78.9920 60
79.0240 79.1200 61
79.2800 79.7600 61
79.7920 80.0480 62
80.0800 80.1440 61
80.3040 80.4960 61
80.7840 80.8800 58
80.9120 80.9440 59
80.9760 81.1040 60
81.3920 81.7120 58
81.7440 81.9360 59
82.1920 82.3200 57
82.3520 82.4160 58
82.5760 82.6720 59
82.7040 83.1200 60
83.2800 83.4400 60
83.4720 83.6640 61
83.6960 83.7600 60
83.9520 84.2400 60
84.9120 84.9760 57
85.0080 85.1040 58
85.2960 85.4560 58
85.7120 86.1920 60
86.2240 86.6720 61
86.7040 86.7360 62
86.7680 86.8640 63
87.0880 87.3440 61
87.5040 87.6640 61
87.6960 87.7280 62
87.7600 89.5200 63
89.5520 89.6480 62
90.3200 90.4480 64
90.4800 90.8000 65
90.8320 90.9280 63
90.9600 90.9920 62
91.0240 91.5680 61
91.6000 91.8240 60
91.8560 92.2720 61
92.3040 92.4320 58
92.5920 92.9440 58
93.4560 93.5200 59
93.5520 93.7440 61
93.9040 94.0320 62
94.0640 94.2240 63
94.3840 94.5440 63
94.5760 94.7040 62
94.8320 95.1520 61
95.1840 95.3760 67
95.4080 95.5040 68
95.7280 95.9520 68
95.9840 96.0480 66
96.0800 96.7840 65
96.8160 97.0080 68
97.4240 97.5200 62
97.5520 97.6480 63
97.6800 97.7760 65
98.0320 98.1600 63
98.1920 98.2880 62
98.4800 98.6720 61
98.7040 98.7040 63
98.7360 98.8320 65
98.8640 98.9920 62
99.0240 99.5360 61
99.5680 100.1440 58
100.7200 100.7520 60
100.7840 101.0080 61
101.2000 101.2960 62
101.3280 101.7760 63
101.8080 101.9360 62
102.1280 102.3840 61
102.5440 102.7680 64
102.8000 104.2080 65
104.2400 104.3040 62
104.7840 104.8800 63
104.9120 104.9440 64
104.9760 105.2000 65
105.2320 105.2960 64
105.3280 105.4880 63
105.5200 105.9360 61
106.2240 106.2880 60
106.3200 106.8640 61
106.8960 106.9600 59
106.9920 107.4080 58
107.8880 108.1120 59
108.1440 108.5280 61
108.5600 108.5920 62
108.6240 109.1040 63
109.1360 109.6480 61
109.6800 109.6800 63
109.7120 109.7760 70
109.8080 109.9680 71
110.0000 110.8000 72
110.9920 111.2480 65
111.4400 111.6320 65
111.6640 111.7280 67
111.7600 112.4320 68
112.9760 113.1040 64
113.1360 113.3280 65
113.4560 113.5840 63
113.6160 113.6800 62
113.7120 114.5440 61
114.5760 114.6080 59
114.6400 115.0560 58
115.2480 115.5040 61
115.7600 115.8880 61
115.9200 116.4640 63
116.4960 116.7200 61
116.8800 118.6720 61
121.8720 122.0640 61
130.8640 131.0240 63
131.6640 131.8560 61
132.7840 133.5200 61
138.5440 138.6080 59
138.9600 139.1840 61
139.6320 140.1440 60
140.1760 140.4960 58
140.7840 140.9120 61
141.0720 141.5520 61
141.5840 141.8720 63
142.0960 142.3200 61
142.5760 142.8320 59
143.2160 143.3760 58
143.5040 143.7280 59
143.9840 144.2400 57
144.3680 144.5600 59
144.7840 144.9120 60
145.0400 146.0640 60
146.6080 146.8320 56
146.8640 147.3440 58
147.5360 148.3040 58
148.3360 148.4000 57
148.4320 148.6880 56
149.4240 149.5520 51
149.5840 149.8080 52
149.8400 150.4160 53
150.5440 150.6400 54
150.9920 151.1200 56
151.1520 151.1840 57
151.2160 151.5360 58
151.5680 151.6000 57
151.6320 152.3360 56
152.3680 152.4000 55
152.4320 152.5280 54
152.9440 152.9760 56
153.0080 153.0720 57
153.2000 153.3280 60
153.4880 153.8080 60
154.1600 154.6400 60
154.8960 155.0240 58
155.0560 155.1200 60
155.3120 155.4720 61
155.6640 156.0480 61
156.0800 156.4320 63
156.6240 156.8480 61
157.0400 157.2640 58
157.2960 157.4560 60
157.7760 158.0640 58
158.0960 158.2880 59
158.5440 158.6400 56
158.6720 158.7680 57
158.9280 158.9920 58
159.0240 159.0560 59
159.0880 159.4720 60
159.6320 159.7920 60
159.8240 160.0480 61
160.0800 160.1440 60
160.3040 160.5920 60
161.1680 161.2960 55
161.3280 161.3600 57
161.3920 161.4560 58
161.6480 161.8400 58
162.0960 162.5760 60
162.6080 162.8320 61
162.9920 163.0560 62
163.0880 163.2160 63
163.4720 163.7600 61
163.9200 164.0160 61
164.0480 164.1440 62
164.1760 165.5840 63
165.6160 165.8080 64
165.8400 165.9360 65
165.9680 166.2880 63
166.6720 166.7040 63
166.7360 166.7680 64
166.8000 167.1520 65
167.1840 167.2800 63
167.3120 167.3760 62
167.4080 167.8240 61
167.8560 167.8880 60
168.0160 168.2080 60
168.2400 168.6880 61
168.7200 168.8160 58
168.9440 169.3920 58
169.8080 169.8400 59
169.8720 169.9040 60
169.9360 170.0960 61
170.2560 170.3840 62
170.4160 170.5760 63
170.7040 170.8960 63
170.9280 170.9600 62
170.9920 171.0560 61
171.1840 171.4720 61
171.5040 171.5680 64
171.6000 171.6640 67
171.6960 171.8560 68
172.0800 172.3040 68
172.3360 172.4000 65
172.5280 173.2000 65
173.2320 173.4560 68
173.4880 173.5200 67
173.9040 174.0000 63
174.0320 174.1280 65
174.3520 174.4160 64
174.4480 174.5440 63
174.5760 174.6720 62
174.8640 175.2800 61
175.3120 175.4720 60
175.5040 175.9520 61
175.9840 176.6240 58
177.0720 177.1680 59
177.2000 177.3600 61
177.5520 177.5840 61
177.6160 177.6800 62
177.7120 177.9360 63
178.0320 178.1280 63
178.1600 178.1920 62
178.2240 178.2880 61
178.4480 178.5760 61
178.7040 178.8320 63
178.8640 179.0560 65
179.0880 179.5040 63
179.5360 180.5280 65
180.5600 180.5920 63
181.1360 181.2960 63
181.3280 181.6800 65
181.7120 181.8080 63
181.8400 181.9040 62
182.1280 182.2880 61
182.5760 182.6720 60
182.7040 183.1840 61
183.2160 183.2480 60
183.2800 183.3440 59
183.3760 183.7920 58
184.2400 184.3040 62
184.3360 184.8480 61
184.8800 185.4880 63
185.5200 186.0640 61
186.0960 186.3840 70
186.4160 187.1520 72
187.3440 187.6000 65
187.7920 187.9840 69
188.0160 188.2400 71
188.2720 188.8480 68
189.3920 189.4880 63
189.5200 189.6480 65
189.8080 190.0960 63
190.1280 190.9600 61
190.9920 191.4400 58
191.6320 191.7280 60
191.7600 191.8560 61
192.0800 192.1120 61
192.1440 192.7840 63
192.8160 193.0400 61
193.2000 195.2160 61
195.2480 195.3760 60
198.6080 198.7040 66
215.9840 216.4000 65
216.4320 216.6240 64
216.6560 216.7840 63
216.8160 216.8800 62
216.9120 217.0080 61
217.0400 217.3280 60
217.3600 217.5520 61
218.2560 218.9280 65
218.9600 219.0240 64
219.2800 219.3440 63
224.8800 224.9760 63
225.0080 225.0400 64
225.0720 225.3280 65
225.3600 225.3920 64
225.4240 225.4880 63
225.5200 225.5840 62
225.6160 226.0000 61
226.2240 226.4160 60
226.4480 226.8000 61
226.8320 226.9280 59
227.1200 227.3760 58
228.1440 228.2400 61
228.4320 228.5920 62
228.6240 228.7200 63
228.9120 229.0720 63
229.1040 229.2320 62
229.3600 229.6160 61
229.8080 229.8400 66
229.8720 229.9680 67
230.0000 230.0960 68
230.3200 230.4800 68
230.5120 230.5760 67
230.6080 230.6720 65
230.8320 231.4400 65
231.4720 231.6320 68
232.0800 232.2080 63
232.2400 232.3680 65
232.5920 232.6560 64
232.6880 232.7520 63
232.7840 232.9120 62
233.1040 233.2960 61
233.4560 234.0960 61
234.1280 234.6080 58
235.4080 235.4080 58
235.4400 235.5680 61
235.7280 236.3680 63
236.4000 236.4640 61
236.6880 237.3280 61
237.5200 237.7440 64
237.7760 238.6080 65
239.2800 239.4720 63
239.5040 239.6640 65
239.8560 239.9200 64
239.9520 240.1120 63
240.1440 240.1760 61
240.3040 240.5280 61
241.0080 241.2640 61
241.2960 241.4240 59
241.4560 241.8080 58
242.7360 242.8000 60
242.8320 243.1200 61
243.1520 243.3760 63
243.5040 243.6640 63
243.6960 244.1760 61
244.4000 244.6560 70
244.6880 245.3280 72
245.5840 245.7440 65
245.9680 246.1920 65
246.2240 246.6080 68
247.5680 247.6320 63
247.6640 247.8560 65
248.0480 248.2080 63
248.2400 248.3040 62
248.3360 248.9760 61
249.0080 249.1040 59
249.1360 249.3920 58
250.0320 250.0640 60
250.0960 250.1920 61
250.5120 250.5760 61
250.6080 250.8320 63
251.1200 251.5360 62
251.5680 251.6960 61
251.8880 253.1360 61
255.6640 255.8560 52
255.8880 256.0160 53
256.3360 256.5280 53
256.8160 256.9440 53
257.2000 257.3920 51
257.6160 258.1280 53
258.1600 258.3200 54
258.5760 258.8000 53
259.4720 259.5680 52
259.6000 259.6640 53
259.9840 260.1120 53
260.3680 260.4960 53
260.5280 260.6560 52
260.6880 260.8800 51
261.0720 261.2320 52
261.2640 262.3840 53
263.3120 263.7920 53
264.0160 264.3040 53
264.3360 264.7520 52
264.8800 264.9760 51
265.2320 265.4880 50
265.7760 265.9680 49
266.8000 267.3760 49
267.6320 267.8880 49
268.0800 268.3040 49
268.9760 269.5840 50
270.8640 272.2720 49
272.4000 272.5920 49
