0.3040 0.3360 71
0.4000 0.4320 74
0.7520 0.8160 74
37.5520 37.5840 55
37.6160 37.6800 58
37.9040 38.2880 68
38.3200 38.4160 65
38.5440 38.5760 67
38.6080 38.8960 68
38.9280 39.1200 65
39.1520 39.1520 63
39.3440 40.0800 68
40.1120 40.3360 70
40.3680 40.4000 69
40.4320 40.6880 68
40.8480 40.9120 63
40.9440 41.4240 62
41.9360 41.9680 60
42.0000 42.1920 61
42.2240 42.3200 63
42.4800 42.6720 65
42.9280 43.0880 66
43.2160 43.4400 65
43.4720 44.0800 63
44.1120 44.1760 65
44.4000 44.5600 63
44.7520 45.0720 61
45.9040 45.9040 60
46.0000 46.0320 60
46.0640 46.4480 63
46.4800 46.6400 65
46.6720 46.9600 63
47.0880 47.2480 60
47.5040 47.6000 61
47.7600 47.8880 61
48.0160 48.4000 56
48.4320 48.6240 58
48.6560 49.7760 61
49.8080 49.8400 62
49.8720 50.0000 63
50.1600 50.4800 61
50.7040 50.8000 56
50.8320 51.1520 55
52.8480 52.9120 55
52.9440 53.1360 56
53.1680 53.1680 59
53.2000 53.2320 62
53.2640 53.3280 65
53.3600 53.7120 68
53.8720 54.0640 65
54.0960 54.3520 68
54.3840 54.4480 64
54.4800 54.8000 65
54.8320 55.5040 68
55.5360 55.6960 70
55.8560 56.1440 68
56.3360 56.4000 63
56.4320 56.8800 62
57.3920 57.4560 60
57.4880 57.7120 61
57.7440 57.9680 63
58.0000 58.1920 65
58.4160 58.6080 66
58.6400 58.9600 65
59.1840 59.6000 63
59.6320 59.7920 65
59.8240 59.8560 64
59.8880 60.0800 63
60.3680 60.6880 61
60.7200 60.7520 60
61.2640 61.4560 61
61.4880 61.6800 60
61.8400 61.9680 61
62.0000 62.0320 62
62.0640 62.1600 63
62.1920 62.2240 62
62.3520 62.6400 61
62.6720 62.7040 60
63.0240 63.3760 61
63.5040 63.6000 56
63.8880 63.9200 57
63.9520 64.0800 58
64.1120 65.0400 61
65.0720 65.2000 63
65.2320 65.2640 62
65.4880 65.6800 61
65.7120 65.7440 62
65.7760 65.8720 63
65.9040 66.0640 65
66.0960 66.3840 63
66.4160 66.4800 61
66.5120 66.5440 60
66.7680 66.9600 61
66.9920 67.1840 63
67.2160 67.7600 61
67.7920 68.0160 60
69.0080 69.0400 56
69.0720 69.1680 57
69.3920 69.8400 61
69.8720 70.0640 60
70.3200 70.5120 61
70.8320 71.2160 61
71.2480 71.3440 63
71.3760 71.4080 62
71.5360 71.6960 65
71.9520 72.1120 60
72.3360 72.5920 60
72.6240 72.7200 59
73.4560 74.6400 56
76.5920 76.6560 57
76.8160 76.9120 58
77.1040 77.5200 60
77.6800 78.0640 60
78.0960 78.2560 61
78.6080 78.6400 60
78.6720 78.9600 61
78.9920 79.0880 63
79.2800 79.4080 63
79.4400 79.5680 65
79.6000 79.6640 64
79.6960 79.8880 63
79.9200 80.3040 61
80.3360 80.3680 60
80.6880 80.9120 63
80.9440 81.2320 61
81.2640 84.3040 63
85.6480 85.6800 53
85.7120 85.7440 54
85.7760 85.8720 55
85.9040 85.9360 58
85.9680 85.9680 61
86.0000 86.0000 64
86.0320 86.1600 67
86.1920 86.3840 68
86.4160 86.5440 66
86.7680 86.9280 65
87.1200 87.3760 63
87.6320 88.5280 65
88.5600 88.5920 64
89.4240 89.4880 55
89.5200 89.6800 56
89.8720 90.0320 66
90.0640 90.1920 68
90.2240 90.2880 67
90.3200 90.4480 66
90.4800 90.6400 65
90.8320 91.4720 63
91.6320 91.8560 65
91.8880 91.9200 62
91.9520 92.1120 60
92.1440 92.5280 59
93.5200 93.6480 60
93.6800 93.7760 59
93.8080 93.9040 62
93.9360 94.1280 61
94.1600 94.4160 60
94.4480 94.6720 61
94.7040 94.8640 63
95.0880 95.1520 61
95.1840 95.3440 60
95.7920 95.8560 60
95.8880 96.0800 61
96.1120 96.3680 60
96.4000 96.4960 61
96.6880 96.8480 63
96.8800 96.9120 62
97.1040 97.2320 60
97.2640 97.3600 61
97.3920 97.4560 60
97.8400 98.0000 61
98.0320 98.1920 60
98.3200 98.4800 61
98.6400 98.8000 58
98.9600 99.1520 61
99.1840 99.2480 59
99.2800 99.8560 61
99.8880 99.9520 62
99.9840 100.2400 63
100.2720 100.3360 61
100.5280 100.6880 65
100.7200 101.0080 62
101.2320 101.3920 56
101.4240 101.4240 58
101.4560 101.4560 61
101.4880 101.4880 64
101.5200 101.5840 66
101.6160 101.6480 67
101.6800 101.9040 68
101.9360 102.0640 66
102.2880 102.4480 65
102.7360 102.9280 63
103.1520 104.5280 65
104.5600 104.5920 64
104.8800 105.0400 55
105.0720 105.1680 56
105.3600 105.5200 66
105.5520 105.7120 68
105.7440 105.9040 66
106.0640 106.1920 65
106.2240 106.3840 63
106.4160 106.4800 62
106.5120 106.9600 63
106.9920 107.0560 65
107.0880 107.2160 62
107.2480 107.3760 63
107.5360 108.2400 65
108.2720 108.4320 66
108.4640 108.7840 65
109.1680 109.2000 61
109.2320 109.2320 63
109.2640 109.2640 66
109.2960 109.3280 69
109.3600 109.5840 70
109.6160 110.1920 72
110.2240 111.1520 73
111.3440 111.3760 72
111.4080 111.4720 73
111.5040 111.8240 72
111.8560 111.9840 73
112.1760 112.4000 72
112.4320 112.6240 70
112.8160 113.0080 61
113.3280 113.4560 73
113.4880 114.0000 72
114.0320 114.2240 70
114.2560 114.3200 72
114.3520 114.4160 71
114.4480 114.6080 70
114.8960 114.9600 61
114.9920 115.1840 60
115.5360 115.6640 61
115.6960 115.7280 62
115.7600 115.8880 63
115.9200 116.0160 62
116.0480 116.1440 65
116.1760 116.3680 66
116.5280 116.6880 65
116.7200 116.7200 63
116.7520 117.0400 61
117.7120 117.9040 61
118.0320 118.1600 63
118.1920 118.2880 62
118.3200 118.6080 61
118.6400 118.7680 63
118.8000 118.8320 62
118.8640 120.8800 61
121.4880 121.5520 62
131.0240 131.0560 61
131.0880 131.1200 62
131.1520 131.2480 63
131.2800 131.3440 62
134.3520 134.3840 59
134.4160 134.4800 62
134.6400 135.0240 68
135.0560 135.1520 65
135.3440 135.6320 68
135.6640 135.6960 66
135.7280 135.9200 65
136.0800 136.8160 68
136.8480 137.0720 70
137.1040 137.1360 69
137.1680 137.3920 68
137.5520 137.9040 62
137.9360 138.0000 63
138.0320 138.1280 62
138.5440 138.5440 61
138.6720 138.7040 60
138.7360 138.9280 61
138.9600 139.0240 63
139.2480 139.4400 65
139.6960 139.8560 66
139.8880 140.2080 65
140.2400 140.8800 63
140.9120 141.0080 65
141.2000 141.4240 63
141.5520 141.6160 61
141.6480 141.7440 60
141.7760 141.8400 61
141.8720 141.9360 60
141.9680 142.0320 61
142.0640 142.1280 60
142.6400 142.6400 58
142.6720 142.7040 60
142.7360 142.8320 61
142.8640 143.2480 63
143.2800 143.4400 65
143.4720 143.5040 64
143.5360 143.7280 63
143.8560 143.8880 60
143.9200 144.0480 61
144.2720 144.4000 61
144.5280 144.6240 61
144.6560 144.7200 60
144.7520 145.1680 56
145.2000 145.3920 58
145.4240 146.4800 61
146.5120 146.5440 62
146.5760 146.7680 63
146.8960 146.9600 62
146.9920 147.1520 61
147.1840 147.1840 59
147.3760 147.4400 56
147.4720 147.6960 55
149.5840 149.6160 55
149.6480 149.8400 56
149.8720 149.8720 58
149.9040 149.9040 60
149.9360 149.9680 62
150.0000 150.0000 64
150.0320 150.0640 67
150.0960 150.4480 68
150.6080 150.7680 65
150.8000 151.0880 68
151.1200 151.5360 65
151.5680 151.6320 67
151.6640 152.3040 68
152.3360 152.4640 70
152.5920 152.8800 68
153.0400 153.1040 63
153.1360 153.2320 62
153.2640 153.4880 63
153.5200 153.6160 62
154.1280 154.2560 60
154.2880 154.4480 61
154.4800 154.7040 63
154.7360 154.8960 65
155.0880 155.2160 65
155.2480 155.3120 66
155.3440 155.7600 65
155.9520 156.3680 63
156.4000 156.5600 65
156.5920 156.8480 63
157.0400 157.1360 61
157.1680 157.2320 60
157.2640 157.4240 61
157.4560 157.4560 59
157.8400 158.2560 61
158.2880 158.4480 60
158.6400 158.8320 63
158.9920 159.0560 61
159.0880 159.1520 60
159.1840 159.2480 61
159.2800 159.4080 60
159.7920 160.1440 61
160.3040 160.4000 56
160.6880 160.8480 58
160.8800 161.8080 61
161.8400 162.0640 62
162.2240 162.4480 61
162.4800 162.6400 63
162.6720 162.7680 65
162.8000 163.0880 63
163.1200 163.2160 61
163.2480 163.2800 59
163.4400 163.6640 61
163.6960 163.8880 63
163.9200 164.6880 61
164.7200 164.8160 62
165.5840 165.9360 58
166.0960 166.3520 60
166.3840 166.5760 61
166.6080 166.7360 60
166.7680 166.8320 61
167.0560 167.2480 61
167.5680 167.9840 61
168.0160 168.1760 63
168.3040 168.4320 63
168.4640 168.5920 65
168.6240 168.6240 63
168.7840 168.8480 61
168.8800 169.0080 60
169.1680 169.2320 60
169.2640 169.3280 59
169.3600 169.6800 60
169.7120 169.7760 59
170.0320 170.1920 56
170.2240 170.2560 57
170.2880 170.4160 58
170.4480 170.6080 56
170.6400 170.7360 55
170.7680 171.3120 56
173.3920 173.4880 54
173.5200 173.5840 55
173.6160 173.6800 57
173.8400 174.0320 60
174.0640 174.2560 61
174.2880 174.6720 60
174.7040 174.7680 59
174.8000 174.9920 60
175.3120 175.3120 57
175.3440 175.3760 60
175.4080 175.6960 61
175.7280 175.8240 62
175.9840 176.1120 63
176.1440 176.3040 65
176.3360 176.5920 63
176.6240 176.6560 61
176.6880 177.3280 60
177.3600 177.3920 61
177.4240 177.6160 67
177.6480 177.6480 65
177.6800 177.9040 61
177.9360 177.9680 62
178.0000 178.1600 63
178.6080 178.6400 55
178.6720 178.8000 56
178.8320 178.8320 59
178.8640 178.8640 63
178.8960 178.9600 66
178.9920 179.0560 67
179.0880 179.2480 68
179.2800 179.4400 66
179.6000 179.7280 65
179.8880 180.1440 63
180.3360 180.9440 65
180.9760 181.0400 64
181.0720 181.8080 65
182.2880 182.6080 56
182.7680 182.8640 66
182.8960 182.9280 67
182.9600 183.1520 68
183.1840 183.3440 66
183.3760 183.5360 65
183.7280 183.7600 62
183.7920 184.1440 63
184.1760 184.2400 66
184.3680 184.6560 65
184.6880 184.7200 63
184.7520 185.4880 60
185.5200 185.6160 58
185.6480 185.9360 57
185.9680 186.1280 58
186.4160 186.5120 60
186.5440 186.6080 59
186.6400 186.7040 60
186.7360 186.8000 62
186.8320 187.0240 61
187.0560 187.3440 60
187.3760 187.8240 61
187.8560 188.0800 60
188.1120 188.2720 61
188.6880 188.7200 60
188.7520 188.9120 61
188.9440 189.2320 60
189.2640 189.4240 61
189.5520 189.8080 63
189.9680 190.0320 61
190.0640 190.1280 60
190.1600 190.3840 61
190.7680 190.8000 60
190.8320 190.9600 61
190.9920 191.0880 60
191.1200 191.1840 59
191.2160 191.4080 61
191.4400 191.5680 56
191.6000 191.8560 58
191.8880 192.1120 60
192.2400 192.6880 61
192.7200 192.7840 60
192.8160 192.8800 63
192.9120 193.1360 62
193.1680 193.2000 61
193.4240 193.5840 68
193.6160 193.6160 66
193.6480 193.7440 61
193.7760 193.9360 63
194.0960 194.2560 56
194.2880 194.2880 58
194.3200 194.3200 60
194.3520 194.3520 62
194.3840 194.4480 66
194.4800 194.5440 67
194.5760 194.7680 68
194.8000 194.9280 66
195.1200 195.3120 65
195.3440 195.6320 63
195.8240 196.4000 65
196.4320 196.4960 64
196.5280 196.5920 65
196.6240 196.6880 64
196.7200 196.7840 65
196.8160 196.9120 64
196.9440 197.0080 65
197.0400 197.2960 64
197.7760 197.9040 56
197.9360 198.0000 57
198.2240 198.2560 66
198.2880 198.3520 67
198.3840 198.6400 68
198.6720 198.8000 66
198.9600 199.1520 65
199.1840 199.3120 63
199.3440 199.4080 62
199.4400 199.7920 63
199.9840 200.1440 62
200.1760 200.3040 63
200.4640 201.1040 65
201.1360 201.3280 66
201.3600 201.6160 65
202.1280 202.1280 62
202.1600 202.1600 66
202.1920 202.1920 68
202.2240 202.4480 70
202.4800 203.1200 72
203.1520 203.7280 73
203.7600 203.8240 72
203.8560 203.9200 73
203.9520 204.2720 72
204.3040 204.4640 73
204.4960 204.7520 72
204.7840 204.9120 73
205.0720 205.2640 72
205.2960 205.5520 70
205.7440 205.8720 61
205.9040 205.9360 59
205.9680 205.9680 61
206.2240 206.3520 73
206.3840 206.6720 72
206.7040 206.8320 73
206.8640 207.1520 72
207.1840 207.2160 71
207.2480 207.4720 70
207.6640 207.7600 61
207.7920 207.8560 60
207.8880 207.9840 61
208.6880 208.7200 62
208.7520 208.8160 63
208.8480 208.8800 64
208.9120 209.0080 65
209.0400 209.2320 66
209.3280 209.5520 65
209.5840 209.5840 62
209.6160 209.8720 60
210.3200 210.6080 61
210.6400 210.8640 63
210.8960 211.0240 61
211.0560 211.1200 62
211.1520 211.2480 61
211.2800 211.4720 63
211.5040 212.6240 61
212.6560 212.7200 60
212.7520 212.8480 61
212.8800 212.9440 60
212.9760 213.0400 61
213.0720 213.1360 60
213.1680 213.4560 61
213.4880 213.5520 60
213.5840 213.8720 61
213.9040 213.9040 59
214.8640 214.9920 54
215.0240 215.0240 56
215.0560 215.1840 61
215.3760 215.6000 60
215.6320 215.8240 61
216.0160 216.0480 60
216.0800 216.2720 61
216.3040 216.4960 60
216.6240 216.8160 61
217.0080 217.2000 61
217.2320 217.4560 60
217.6160 217.9040 61
217.9360 218.0000 62
218.0320 218.1920 63
218.2240 218.3840 61
218.4160 218.4160 63
218.4480 218.5440 65
218.5760 218.7040 63
218.7360 218.9600 65
218.9920 219.0240 64
219.0560 219.1520 63
219.1840 219.6640 59
219.9520 220.0160 59
220.0480 220.1440 60
220.1760 220.4640 57
220.4960 220.6560 58
220.6880 220.7200 59
220.7520 220.8480 60
220.9760 221.1040 60
221.2320 221.4240 58
221.4560 221.6800 60
221.9360 222.1600 61
222.1920 222.3200 60
222.5120 222.5440 64
222.5760 222.7040 65
222.8640 223.0240 63
223.0560 223.0880 62
223.2480 223.5680 63
223.6960 223.8240 61
223.8560 223.8880 60
224.4000 224.4320 63
224.4640 224.5280 64
224.5600 224.7200 65
224.8800 225.5200 63
225.5520 225.8400 61
226.0640 226.4800 65
226.6720 226.9280 63
227.0560 227.4080 62
227.7920 227.8240 64
227.8560 228.0160 65
228.0480 228.1120 64
228.1440 228.2080 63
228.2400 228.4320 65
228.4640 229.1680 63
229.5520 229.5840 61
229.6160 229.7760 62
229.8080 229.8080 65
229.8400 230.0640 68
230.0960 230.2560 67
230.2880 230.4160 68
230.4480 230.4480 66
230.4800 230.7040 63
230.7360 230.8960 65
230.9280 231.6320 63
231.6640 231.7280 62
231.7600 231.8240 63
231.8560 232.0800 62
286.0640 286.1600 66
286.1920 286.2560 65
286.2880 286.4480 66
286.4800 286.6720 68
286.7040 286.8640 66
287.0240 287.1200 65
287.1520 287.1840 64
287.5040 287.6640 63
287.9200 289.2640 65
289.2960 289.3280 64
289.8720 290.1600 56
290.3520 290.3840 66
290.4160 290.5120 67
290.5440 290.7040 68
290.7360 290.7680 67
290.8000 290.9920 66
291.0240 291.1840 65
291.4080 291.6960 63
292.0480 292.2400 65
292.2720 292.3040 63
292.4640 292.5280 60
292.5600 292.7840 59
292.8160 292.9120 60
292.9440 293.0400 58
293.0720 293.2320 57
293.2640 293.5840 56
294.0000 294.1920 60
294.2240 294.2560 61
294.2880 294.3520 62
294.4800 294.5760 61
294.6080 294.8960 60
294.9280 295.1200 61
295.1520 295.2800 63
295.5040 295.6640 61
295.6960 295.7920 60
296.2400 296.5920 61
296.6240 296.8160 60
296.8480 296.9120 61
296.9440 297.0720 59
297.1040 297.1680 62
297.2000 297.3280 63
297.5200 297.5840 62
297.6160 298.0000 61
298.3200 298.4800 61
298.5120 298.6720 60
298.8000 298.9280 61
299.0880 299.3760 58
299.4080 299.4400 60
299.4720 299.6320 61
299.6640 299.7280 59
299.7600 300.2080 61
300.2400 300.3360 60
300.3680 300.6880 63
300.7200 300.8160 62
301.0080 301.1680 67
301.2000 301.3280 68
301.3600 301.4880 63
301.5200 301.6480 62
301.8720 301.9360 55
301.9680 302.0640 56
302.0960 302.0960 59
302.1280 302.1280 62
302.1600 302.2240 66
302.2560 302.3200 67
302.3520 302.5440 68
302.5760 302.6080 67
302.6400 302.7680 66
302.8000 302.8640 67
303.0880 303.2800 65
303.3120 303.4400 64
303.4720 303.5040 63
303.6320 303.6960 64
303.7280 303.9520 63
304.1440 304.7520 65
304.7840 304.8480 64
304.8800 305.5520 65
305.9360 306.1920 56
306.3840 306.5440 67
306.5760 306.7680 68
306.8000 306.9600 66
307.1520 307.3120 65
307.3440 307.4400 63
307.4720 307.7280 62
307.7600 307.9200 63
308.0480 308.1120 66
308.1440 308.4320 63
308.5920 309.2960 65
309.3280 309.4560 66
309.4880 309.8080 65
310.2240 310.2560 60
310.2880 310.2880 66
310.3200 310.4480 70
310.4800 310.6080 69
310.6400 311.2480 72
311.2800 312.4000 73
312.4320 312.5920 72
312.6240 312.6880 71
312.7200 312.9440 72
312.9760 313.0080 71
313.0400 313.3280 70
313.3600 313.3920 69
313.4240 313.4880 68
313.5200 314.2880 65
314.3200 314.3840 64
314.4160 314.4800 65
314.5120 314.5760 64
314.6080 314.6720 65
314.7040 314.7680 64
314.8000 314.8640 65
314.8960 314.9920 64
315.0240 316.0160 65
316.0480 316.0800 64
316.5280 316.6240 66
316.6560 316.6560 61
316.8160 316.8800 62
316.9120 317.1360 63
317.1680 317.2960 65
317.3280 317.3920 66
317.4240 317.4880 67
317.5200 317.8080 65
317.8400 317.8400 63
317.8720 318.0000 61
318.0320 318.7360 60
319.7600 319.7920 59
319.8240 319.8880 60
320.0160 320.1760 63
320.2080 320.5600 62
320.5920 320.6880 63
320.7200 320.7520 62
320.7840 323.6320 61
323.6640 323.7280 60
323.7600 325.2960 61
325.3280 325.3920 62
325.4240 326.0000 61
326.0320 326.1280 60
326.1600 326.3840 61
326.4160 326.4800 60
326.5120 326.8640 61
326.8960 326.9600 60
326.9920 327.0560 61
327.0880 327.1520 60
327.1840 327.2480 61
327.2800 328.1760 60
328.2080 328.2080 62
328.2400 328.5280 65
329.6160 329.6480 58
329.6800 329.7120 61
329.7440 329.8720 62
329.9040 330.8320 63
330.8640 331.0560 65
331.0880 331.2800 62
331.3120 331.5040 63
331.5360 331.6320 62
331.6640 331.8240 63
331.8560 331.9520 62
331.9840 332.4640 61
332.4960 332.5600 60
332.5920 333.0720 61
333.1040 333.1680 60
333.2000 333.4880 61
333.5200 333.5840 60
333.6160 333.6800 61
333.7120 333.7760 60
333.8080 335.1840 61
355.0880 355.1200 72
356.4960 356.6240 65
357.2320 357.6800 74
358.7360 359.1200 75
359.1520 359.2480 74
