17.1360 17.2320 59
17.3920 17.5840 61
17.6160 17.6480 62
17.6800 17.9360 63
18.0640 18.1920 62
18.2240 18.3520 61
18.4800 18.6080 62
18.6400 18.8000 61
18.9280 19.2160 63
19.4080 19.4720 63
19.5040 19.7920 62
20.3360 20.4320 62
20.4640 20.9440 61
20.9760 21.1040 62
21.2320 21.3280 61
21.3600 21.4240 60
21.4560 21.5520 58
21.5840 21.8720 57
21.9040 21.9680 58
23.1200 23.1520 58
23.1840 23.2480 59
23.2800 23.3760 60
23.5360 23.7920 61
23.9520 24.0480 61
24.0800 24.2400 59
24.6240 24.6880 61
24.8480 25.1680 63
25.5520 25.7120 61
25.7440 26.7680 62
26.8000 28.5600 64
29.7120 29.9040 65
29.9360 30.0320 67
30.2560 30.6080 68
30.6400 31.5040 70
31.5360 31.7280 68
31.7600 31.9200 69
31.9520 32.1120 68
32.1440 32.2720 67
32.3040 32.5600 66
32.5920 33.0400 65
33.3920 33.4560 62
33.4880 33.7120 61
33.7440 33.9360 62
33.9680 34.1600 63
34.2880 34.8000 63
34.8320 34.8640 62
34.8960 35.0560 61
35.2160 35.3760 62
35.4080 35.5680 61
35.6000 35.6320 62
35.6640 35.9520 63
35.9840 36.3040 64
36.3360 36.5600 65
37.2000 37.2640 58
37.4240 37.5200 58
37.5520 37.5840 59
37.6160 37.7440 60
37.8720 38.1600 61
38.3200 38.4160 61
38.4480 38.5120 60
38.5440 38.5760 59
38.6080 38.7360 58
38.9920 39.2160 61
39.2480 39.4080 64
39.5680 39.6960 63
39.9840 40.1440 62
40.1760 40.2720 63
40.3040 41.0720 61
41.1040 41.2000 60
41.2320 41.2960 58
41.3280 41.8720 57
41.9040 42.7040 58
42.8960 42.9600 58
44.6560 44.7520 68
44.7840 44.9440 69
45.1040 45.4240 68
45.4560 45.4560 65
45.4880 45.6160 62
45.6480 45.8400 64
46.0320 46.0960 62
46.1280 46.2880 61
46.4800 46.6400 62
46.6720 47.0880 61
47.1200 47.2480 63
47.2800 47.5360 65
47.7600 47.9200 57
47.9520 48.0480 61
48.2400 48.3680 61
48.4000 49.3920 62
49.6480 49.7120 63
49.7440 49.7760 62
49.8080 49.8720 61
50.0640 50.1600 63
50.1920 50.6080 65
50.6400 50.8320 63
50.8640 51.3760 65
51.8560 51.9200 67
51.9520 52.1120 69
52.2720 52.4960 68
52.5280 52.6240 67
52.6560 52.6880 63
52.7520 52.8480 63
52.8800 53.1360 65
53.1680 53.2960 63
53.3280 53.4880 61
53.6160 53.8080 63
53.8400 54.2560 60
54.2880 54.4160 62
54.4480 54.8000 64
54.9600 54.9600 62
54.9920 55.6960 65
55.7920 55.8240 66
55.8560 56.9760 68
57.0080 57.1360 65
57.1680 57.2320 64
57.2640 57.3280 70
57.3600 57.7440 71
57.7760 57.9680 70
58.0960 58.2880 68
58.3200 58.7040 69
59.0560 59.5040 68
59.5360 59.6000 69
59.6320 60.1760 70
60.3680 60.5280 68
60.5600 60.6240 69
60.9120 61.1360 67
61.1680 61.2640 66
61.6160 62.1920 65
62.8000 62.9920 62
63.0240 63.6000 63
63.6320 63.6640 62
63.7920 63.9520 61
63.9840 64.0480 64
64.0800 64.1440 63
64.1760 64.4000 62
64.4320 64.8480 63
64.8800 64.9760 64
65.0080 65.5840 65
65.6160 65.7120 64
66.2240 66.7040 68
66.7360 67.4400 70
67.4720 67.5040 69
67.5360 67.7600 68
67.7920 67.9520 70
68.1120 68.3040 68
68.3360 68.4320 67
68.4640 68.5920 66
68.6240 69.3280 65
69.5200 69.6480 65
69.8720 70.1600 70
70.1920 70.5760 72
70.6080 70.8320 70
70.8640 70.9280 71
71.1520 71.6000 70
71.6320 71.9840 68
72.1120 72.3360 68
72.3680 73.0720 69
73.1040 75.4080 70
105.4240 105.5200 59
105.6800 105.8400 61
105.8720 105.9680 62
106.0000 106.4800 63
106.5120 106.9280 62
106.9600 107.1200 61
107.1520 107.3760 62
107.4080 107.4720 63
107.6640 107.7280 63
107.7600 108.1120 62
108.5920 108.6880 62
108.7200 109.3280 61
109.4880 109.5520 61
109.5840 109.6480 60
109.6800 109.7120 59
109.7440 109.8080 58
109.8400 110.3840 57
111.2800 111.3440 58
111.3760 111.4400 59
111.4720 111.5360 60
111.5680 111.6320 61
111.7600 111.9840 61
112.1760 112.2720 61
112.3040 112.7200 58
113.0400 113.1360 62
113.1680 113.4240 63
113.8080 113.9360 60
113.9680 114.0640 63
114.0960 114.5760 62
114.6080 114.8000 61
114.8320 115.2160 62
115.2480 115.4080 63
115.4400 117.0400 64
117.2640 117.3280 64
118.0000 118.0640 63
118.0960 118.2560 65
118.2880 118.3520 67
118.5760 119.0560 68
119.0880 119.1520 69
119.1840 119.8240 70
119.8560 120.0480 68
120.0800 120.2080 69
120.2400 120.3680 68
120.4000 120.5280 67
120.5600 120.8160 66
120.8480 121.3600 65
121.6800 121.7760 63
121.8080 122.0640 61
122.0960 122.2880 62
122.3200 122.4480 63
122.5760 122.9280 63
122.9600 123.1520 62
123.1840 123.3440 61
123.5040 123.6320 62
123.6640 123.7920 61
123.8240 124.3680 63
124.4000 124.5600 64
124.5920 124.8160 65
124.8480 124.9120 64
125.7120 125.8400 58
125.8720 126.0000 60
126.1280 126.4160 61
126.5760 126.7360 60
126.7680 127.2160 58
127.2480 127.4720 61
127.5040 127.6000 63
127.7600 127.8880 63
128.2080 128.3040 61
128.4320 128.5600 62
128.5920 128.6880 61
128.8160 129.3600 61
129.3920 129.5200 58
129.5520 131.5680 57
131.6000 131.6960 58
132.8800 132.9760 68
133.0080 133.0720 69
133.1040 133.2000 70
133.3600 133.6800 68
133.7120 133.9040 63
133.9360 134.0960 64
134.3200 134.5760 61
134.7040 134.8640 63
134.8960 134.9280 62
134.9600 134.9920 61
135.0240 135.3760 60
135.4080 135.5360 63
135.5680 135.8240 65
136.0160 136.1760 58
136.2080 136.3360 61
136.4960 136.8160 61
136.9440 137.3920 62
137.9040 138.0640 63
138.0960 138.1280 61
138.3200 138.4160 63
138.4480 138.9280 65
138.9600 139.0560 63
139.0880 139.2160 64
139.2480 139.6000 65
140.0480 140.1120 68
140.1440 140.3360 70
140.5280 140.9120 68
140.9440 140.9440 63
141.0400 141.1040 63
141.1360 141.3920 65
141.4240 141.5520 63
141.5840 141.8720 61
141.9040 142.0000 63
142.0320 142.1280 62
142.1600 142.4480 61
142.5760 142.7040 63
142.7360 143.0880 65
143.2800 143.5360 65
143.6640 144.0800 65
144.1120 144.5600 68
144.6240 144.6240 67
144.8160 145.1680 67
145.2000 145.3600 65
145.4880 145.6160 70
145.6480 145.8720 72
145.9040 146.0640 70
146.2880 146.5440 68
146.5760 146.8000 70
146.8320 146.9600 69
147.3440 147.6960 56
147.8560 148.1120 57
148.1440 148.3680 58
148.4000 148.4320 57
148.6240 148.8160 68
148.8480 148.9120 70
149.1680 149.2960 68
149.3280 149.6160 67
149.8720 150.4160 65
151.0240 151.1840 62
151.2160 151.7280 63
151.7600 151.9520 62
152.0800 152.1760 61
152.2080 152.2400 62
152.2720 152.4640 63
152.4960 152.6880 61
152.7200 152.9440 62
152.9760 153.2960 63
153.3280 153.5840 64
153.7120 153.9360 64
153.9680 154.0320 65
154.5440 155.0880 68
155.1200 155.1840 69
155.2160 155.8560 70
155.8880 155.8880 68
155.9840 156.1760 69
156.3680 156.5600 68
156.5920 157.3920 65
157.8080 157.9360 65
158.1280 158.4160 70
158.4480 158.8640 72
158.8960 159.1200 70
159.1520 159.2160 71
159.4400 159.9200 70
159.9520 160.4000 67
160.4320 160.6240 68
160.6560 161.5200 69
161.5520 162.8320 70
163.4720 163.5360 69
163.5680 163.9200 68
163.9520 164.1120 69
164.1440 164.6560 70
164.6880 164.7520 68
164.8160 164.9760 68
165.0080 165.1040 70
165.3280 165.4560 68
165.4880 165.7440 67
166.0000 166.1280 65
166.1600 166.2560 64
166.2880 166.4800 65
166.8320 166.9280 61
167.1520 167.3120 61
167.3440 167.4720 62
167.5040 168.1760 63
168.3040 168.3680 61
168.4000 168.6240 63
168.6560 168.8160 61
168.9440 169.4880 63
169.5200 170.1280 64
170.1600 170.2560 65
170.7680 171.2480 68
171.2800 171.4400 69
171.4720 172.0160 70
172.0480 172.2720 68
172.3040 172.4640 70
172.6560 172.7200 68
172.7520 172.8800 67
172.9120 172.9440 66
172.9760 173.7760 65
174.0640 174.1600 64
174.3840 174.4160 69
174.4480 174.5440 70
174.7360 174.9280 72
174.9600 175.4720 71
175.6320 176.0480 70
176.1760 176.4000 68
176.6240 176.8480 56
176.8800 180.2080 57
180.3360 184.0160 57
190.3200 190.8000 70
193.7120 194.0320 70
194.2560 194.3200 70
