28.2080 28.2720 56
28.3040 28.3360 57
28.3680 28.4320 58
28.4640 28.7840 59
28.8160 29.4240 62
29.6480 30.5760 62
30.6080 30.6400 63
30.6720 30.8000 64
30.9600 31.4720 62
32.8480 33.0400 62
33.0720 33.1040 63
33.1360 33.2640 64
33.4560 33.8400 67
34.2880 34.5120 65
34.5440 35.0880 67
35.1200 35.3760 64
35.5680 36.0160 62
37.3920 37.4880 55
37.5200 37.5840 56
37.6160 37.6480 57
37.6800 37.7120 58
37.7440 37.9360 59
37.9680 38.4480 62
38.9280 39.5360 62
39.7280 39.8240 62
39.8560 39.8880 63
39.9200 39.9840 64
40.0160 40.0480 65
40.0800 40.1760 67
40.3040 40.4960 64
40.6560 40.7840 62
41.2000 41.3600 59
41.5200 41.6160 57
41.7440 41.9360 56
42.2240 42.2880 56
42.3200 42.3840 57
45.2320 45.4240 62
45.6160 45.7440 62
45.9040 46.1280 62
46.8640 47.6320 59
51.3120 51.5040 56
51.5360 51.7920 59
51.8240 52.3680 62
52.8160 52.9760 60
53.0080 53.7120 62
53.7440 53.9360 64
53.9680 54.6720 62
55.8880 56.0800 62
56.1120 56.4000 64
56.4320 57.0720 67
57.2960 58.1280 67
58.1600 59.1200 62
60.5280 60.7200 56
60.7520 60.9440 59
61.1040 61.4240 62
61.9360 62.6720 62
62.7040 62.8320 59
62.8640 62.9600 62
62.9920 63.1200 65
63.1520 63.3120 67
63.3440 63.5680 64
63.6000 63.8560 62
64.2400 64.4320 59
64.4640 64.6560 58
64.6880 64.7200 57
65.0080 65.2320 55
65.6480 65.7440 57
65.7760 66.0320 58
66.0640 66.4480 56
66.4800 66.5760 57
66.6080 66.8320 56
66.8640 67.0240 57
68.2080 68.4640 62
68.4960 68.7840 57
68.8160 69.1680 59
69.5840 69.8080 58
69.8400 70.0320 57
70.2880 71.2800 55
73.2320 73.5840 62
73.7120 74.0320 67
74.0640 74.1600 69
74.1920 74.3520 71
74.3840 75.0240 69
75.2160 75.4400 67
75.4720 75.6640 69
75.7920 75.8880 67
76.1120 76.3680 69
76.4000 76.5280 70
76.7200 77.3920 67
77.8080 78.0320 67
78.0640 78.2560 69
78.2880 78.5760 67
78.6080 78.8320 64
79.0240 79.4080 62
79.5680 79.8240 70
79.8560 81.3600 71
82.4160 82.5760 69
82.6080 82.6720 70
82.7040 82.8320 71
82.9920 83.1840 69
83.2160 83.3440 67
83.6000 83.7920 69
83.8240 84.1760 67
84.4000 84.5280 64
84.7520 84.8480 67
84.8800 85.0080 69
85.0400 85.2000 67
85.3920 85.7760 67
86.5120 86.9600 67
87.1200 87.7920 62
87.8240 88.0160 63
88.3040 88.4640 62
88.8160 89.0400 58
89.0720 90.1920 59
91.6960 91.7280 64
91.7600 91.9840 62
92.1440 92.3680 67
92.5280 92.6240 69
92.6560 92.7200 71
92.9120 93.5840 69
93.6160 93.7120 67
94.0000 94.6400 69
95.8240 95.8560 66
95.8880 96.1440 67
96.3040 96.6240 67
96.7520 97.0400 64
97.0720 97.3280 62
97.3600 97.3920 66
97.4240 97.5520 69
97.5840 97.6160 70
97.6480 98.6720 71
98.8000 98.8640 71
98.8960 99.0880 67
99.1200 99.4400 69
99.4720 100.4640 67
101.0400 101.0400 63
101.0720 101.7120 67
101.7440 101.8720 69
102.1600 102.3520 71
102.3840 104.2720 69
105.0400 105.2000 68
105.2320 105.3600 67
105.6480 105.8400 71
105.8720 106.2880 69
106.4800 106.5760 69
106.6080 108.9120 67
129.7760 129.8400 56
129.8720 129.9680 57
130.0000 130.1920 59
130.2240 130.2880 60
130.3200 130.8320 62
131.1840 131.3120 60
131.3440 131.3760 61
131.4080 132.2400 62
132.2720 132.3040 63
132.3360 132.4640 64
132.4960 132.5920 63
132.6240 133.1040 62
134.3520 134.5120 62
134.5440 134.5760 63
134.6080 134.8320 64
134.8640 135.5040 67
135.7920 135.9200 67
135.9520 136.0800 68
136.1120 136.5600 67
136.5920 136.5920 65
136.6240 136.7840 62
136.8160 136.9760 63
137.0080 137.7440 62
138.9280 139.0880 56
139.1200 139.1520 57
139.1840 139.2160 58
139.2480 139.4080 59
139.5360 139.9520 62
140.4960 141.1360 62
141.1680 141.2640 60
141.2960 141.3920 61
141.4240 141.5520 64
141.5840 141.7760 67
141.8080 142.0640 64
142.0960 142.3520 62
142.3840 142.4160 61
142.7680 142.9280 59
142.9600 143.1520 57
143.4400 143.6000 55
144.0160 144.1120 57
144.1440 144.1760 58
144.2080 144.3680 59
144.4000 144.4640 56
144.4960 144.6240 55
144.6560 144.6880 56
144.7200 145.0080 57
145.0400 145.3600 56
145.3920 145.7120 57
146.6720 146.8960 62
146.9280 146.9280 60
146.9600 147.2160 57
147.2480 147.4720 59
147.7920 147.8880 58
147.9200 148.0800 59
148.1120 148.4000 57
148.7520 150.0320 55
151.6640 151.9840 62
152.1120 152.4640 67
152.4960 152.6240 69
152.6560 152.7520 71
152.7840 153.4880 69
153.7120 153.9040 67
153.9360 154.0960 69
154.2240 154.3520 67
154.5440 154.8000 69
154.8320 154.9280 71
155.1200 155.6960 67
156.2400 156.4960 67
156.5280 156.6560 69
156.6880 157.0080 67
157.0400 157.2960 64
157.4240 157.8400 62
157.9680 160.0160 71
160.8800 161.2640 70
161.4880 161.6480 69
161.6800 161.8080 67
162.0320 162.2240 69
162.2560 162.6400 67
163.1840 163.3120 67
163.3440 163.4400 69
163.4720 163.6320 67
163.7600 164.4000 67
164.9760 165.3600 67
165.5200 166.2560 62
166.2880 166.4160 64
166.6720 166.8320 62
167.4080 168.5920 59
170.0960 170.3520 62
170.5760 170.8000 67
170.9920 171.1840 70
171.3760 172.0480 69
172.0800 172.2400 67
172.4960 173.2320 69
174.2560 174.3200 65
174.3520 174.5760 67
174.7040 174.9920 67
175.1520 175.4720 64
175.5040 175.7920 62
175.8240 175.9840 69
176.0160 177.3600 71
177.3920 177.5520 67
177.5840 177.9040 69
177.9360 178.8960 67
179.3760 179.3760 61
179.4080 179.5040 64
179.5360 180.1440 67
180.1760 180.3040 69
180.5280 180.7840 71
180.8160 182.5440 69
183.3760 183.6000 69
183.6320 183.7920 67
184.0480 184.3040 71
184.3360 184.7520 69
184.7840 187.2160 67
195.4400 195.8560 62
195.8880 196.2400 67
196.2720 196.6240 70
196.6560 197.3280 69
197.5840 197.7760 67
197.8080 197.9680 69
198.0960 198.2240 67
198.4480 198.7040 69
198.7360 198.8320 71
199.0240 199.6960 67
200.0800 200.2720 67
200.3040 200.4320 69
200.4640 200.8160 67
200.8480 201.1040 64
201.2640 201.6160 62
201.7760 202.0000 70
202.0320 203.8560 71
204.7520 204.7840 69
204.8160 204.9120 70
204.9440 205.0720 71
205.2320 205.4560 69
205.4880 205.6800 67
205.9040 206.0640 69
206.0960 206.5120 67
207.0240 207.4720 67
207.6320 208.1440 67
208.7840 209.2640 67
209.2960 210.0960 62
210.1280 210.2560 64
210.5120 210.7040 62
211.2800 212.6560 59
214.0000 214.2240 62
214.4160 214.6080 67
214.8000 214.8960 69
214.9280 214.9920 71
215.1520 215.8880 69
215.9200 216.0480 67
216.3040 217.2000 69
218.1280 218.8640 67
218.8960 219.2800 64
219.3120 219.6320 62
219.6640 219.6640 67
219.6960 221.1040 71
221.1360 221.3600 67
221.3920 221.7120 69
221.7440 222.5760 67
222.6400 222.6400 67
223.2160 223.2160 62
223.2480 223.9840 67
224.0160 224.1440 69
224.4000 224.5920 71
224.6240 226.3520 69
227.2480 227.2800 63
227.3120 227.5680 69
227.6000 227.7920 67
228.1120 228.3360 71
228.3680 228.7840 69
228.8160 231.6320 67
