24.5600 24.6240 61
30.6720 30.9600 59
30.9920 31.0880 60
31.3120 31.9520 62
33.3920 33.4880 62
33.5200 33.6160 63
33.6480 33.8720 64
33.9040 33.9680 65
34.0000 34.3520 66
34.3840 34.5440 64
34.5760 34.7360 65
34.7680 35.5360 66
35.5680 35.7280 67
35.7600 35.9520 66
35.9840 36.0160 65
36.0480 36.7520 64
36.7840 36.8160 63
37.6160 37.8080 59
37.8400 37.9360 60
37.9680 38.2240 59
38.2560 38.4480 60
38.4800 38.7040 61
38.7360 38.8000 62
39.6000 40.1120 61
40.1440 40.2080 62
40.3680 40.6560 60
40.6880 40.7520 58
40.7840 40.8800 57
40.9120 40.9440 56
40.9760 41.0720 55
41.1040 41.6800 54
43.4720 43.7280 59
43.7600 44.1760 61
44.2080 44.7520 62
46.4160 46.6720 64
46.7040 46.7360 65
46.7680 47.0240 66
47.1840 47.3120 65
47.3440 48.3680 66
48.4000 49.0080 67
49.0400 49.1040 66
49.1360 49.6480 64
50.3200 50.3520 58
50.3840 51.0560 59
51.0880 51.3760 60
51.4080 51.6000 61
52.7520 52.9120 61
52.9440 53.0720 62
53.1040 53.2000 61
53.2320 53.2640 59
53.2960 53.3600 60
53.3920 53.6480 61
53.6800 53.8400 59
54.0320 54.8000 59
54.8320 55.0560 58
55.0880 55.6320 59
57.2320 57.2320 55
57.2640 57.2960 57
57.3280 57.4880 58
57.5200 57.9040 59
57.9360 58.6080 61
58.7360 59.0240 61
59.0560 59.0880 60
59.1200 59.8880 59
59.9200 59.9200 62
59.9520 60.0480 64
60.0800 60.7840 66
60.8160 61.1040 67
61.1360 61.2640 66
61.2960 61.7120 67
61.7440 63.0560 65
63.5680 63.6000 64
63.6320 63.7280 69
63.8560 63.8880 68
63.9200 65.7760 69
65.8080 66.2880 71
66.3200 66.4800 67
66.5120 66.8320 64
66.8640 68.2720 66
69.3600 69.5200 69
69.5520 69.8400 70
69.8720 70.1600 69
70.2240 70.3200 64
70.3520 70.3840 65
70.4160 70.5440 66
70.5760 70.6400 65
70.6720 71.0560 64
71.0880 71.1520 65
71.1840 72.1120 66
72.6560 72.8480 67
72.8800 73.1360 68
73.1680 73.2000 67
73.2320 73.6160 66
73.7760 73.8400 65
73.8720 74.3200 64
74.3520 74.5440 65
74.5760 75.2480 66
76.0800 76.1440 63
76.1760 76.7520 64
76.7840 77.0080 63
77.0400 77.2000 64
78.0320 78.3520 64
78.3840 78.6400 66
78.6720 78.8000 65
78.8320 80.4320 62
80.4640 80.5600 61
80.5920 80.7520 62
81.2960 81.3280 62
81.3600 81.4560 63
81.4880 81.5520 64
81.5840 81.7440 65
81.7760 81.9360 66
81.9680 82.0320 68
82.0640 82.1280 67
82.1600 82.3200 64
82.3520 82.3840 65
82.4160 82.5760 66
82.6080 82.8960 65
82.9280 84.2720 62
84.5280 84.5280 68
84.5600 84.6560 71
84.7840 84.8480 62
84.8800 84.9120 63
84.9440 85.0400 64
85.0720 85.2320 65
85.2640 85.2640 62
85.2960 85.4880 59
85.5200 86.1280 61
86.1600 86.7680 59
86.8000 86.9280 58
86.9600 87.1520 59
87.7280 88.2080 59
88.4640 88.5600 59
88.5920 88.6560 58
88.6880 89.0400 57
89.0720 89.2000 58
89.2320 89.6800 59
89.7120 90.2560 58
90.7040 91.1200 59
91.1520 92.2400 62
92.2720 93.3920 64
93.5520 93.6480 59
93.6800 94.0000 57
94.1600 94.4480 69
94.5760 94.6720 64
94.7040 94.9600 66
94.9920 95.0560 63
95.0880 95.7600 64
95.7920 97.0720 62
97.2320 97.2960 58
97.3280 97.4560 59
97.4880 97.6480 62
97.6800 97.7760 64
97.8080 97.9680 65
98.0000 98.8640 61
98.8960 99.8880 59
100.7520 101.4240 62
101.4560 101.9680 63
102.0000 102.1280 64
102.3840 102.5440 64
102.5760 102.6720 65
102.8960 103.1520 69
103.1840 103.4080 70
103.4400 103.6640 69
103.6960 103.8880 65
103.9200 104.0480 66
104.0800 104.1440 65
104.1760 104.3040 64
104.3360 106.7680 62
106.9600 107.0560 59
135.7600 136.0160 59
136.0480 136.1440 60
136.3360 136.5600 61
136.5920 137.0720 62
138.1920 138.3520 69
138.4800 138.6080 62
138.6400 138.6720 63
138.7040 139.0240 64
139.0560 139.2480 67
139.2800 139.4080 66
139.4400 139.6640 65
139.6960 141.0720 66
141.1040 141.1680 65
141.2000 141.5840 64
142.6720 142.8640 59
142.8960 143.0240 60
143.0560 143.3760 59
143.4080 143.7280 60
143.7600 143.9520 61
144.6560 145.2640 61
145.4240 145.5200 61
145.5520 145.6800 59
145.8080 146.0000 57
146.0320 146.0640 55
146.0960 146.5440 54
148.4960 148.7520 59
148.7840 148.8800 62
148.9120 149.1040 61
149.1360 149.3920 62
149.4240 149.5840 61
151.4400 151.6640 64
151.6960 151.7600 65
151.7920 152.0480 66
152.2400 152.3360 65
152.3680 153.4560 66
153.4880 154.1600 67
154.1920 154.2240 65
154.2560 154.7040 64
155.4080 155.5040 59
155.5360 155.7920 60
155.8240 156.0160 59
156.0480 156.5280 60
157.8720 158.3200 61
158.3520 158.4800 60
158.5120 158.7360 61
158.7680 159.0240 59
159.1520 159.3440 58
159.3760 161.1040 59
162.1600 162.2880 58
162.3200 162.4160 59
162.5760 162.8640 59
162.8960 162.9280 60
162.9600 163.4720 61
163.5040 163.7920 62
163.8240 164.0480 61
164.1760 164.5280 59
164.5600 164.6880 60
164.7200 164.8800 59
164.9120 164.9120 61
164.9440 165.0400 64
165.0720 165.1040 65
165.1360 165.8720 66
165.9040 165.9680 67
166.1920 166.4160 66
166.4480 167.0880 67
167.1200 168.2720 64
168.5280 168.7520 67
168.7840 170.8000 69
170.8320 170.8640 70
170.8960 171.3120 71
171.3440 171.4720 67
171.5040 171.6000 65
171.6320 171.7920 64
171.8240 171.8880 65
171.9200 173.4560 66
173.4880 173.5840 67
174.4800 174.6400 70
174.6720 174.8320 71
174.8640 175.3120 69
175.3440 175.6640 66
175.6960 175.7600 65
175.7920 176.0160 64
176.1440 176.2400 65
176.2720 176.6240 66
176.6560 177.2000 67
177.6800 177.8400 67
177.8720 178.0960 68
178.2560 178.3520 67
178.3840 178.6400 66
178.8640 178.9280 67
178.9600 179.2160 66
179.2480 179.5360 64
179.6960 180.3680 66
180.9760 181.1360 62
181.1680 181.7440 64
182.8640 183.0880 64
183.1200 183.1840 65
183.2160 183.5680 66
183.6000 183.6320 67
183.6640 183.8560 69
183.8880 183.9520 68
183.9840 184.1760 65
184.2080 184.3680 66
184.4000 184.7200 65
184.7520 186.0960 62
186.3840 186.4800 63
186.5120 186.6080 64
186.6400 186.9600 66
186.9920 187.2160 67
187.2480 187.3760 64
187.4080 187.6000 66
187.6320 187.9200 65
187.9520 187.9840 63
188.0160 189.1360 62
189.5200 189.5200 57
189.5840 189.6160 58
189.6480 189.8400 59
189.8720 190.2880 64
190.3200 190.5760 59
190.6080 191.1840 61
191.2160 191.6960 59
191.7280 192.2400 58
192.6560 192.7840 57
192.8160 192.9440 58
192.9760 193.2960 59
193.4560 193.5200 59
193.5520 194.0000 57
194.0320 194.2240 58
194.2560 195.1840 59
195.7920 195.9200 58
195.9520 196.1760 59
196.2080 197.2640 62
197.2960 197.5200 64
197.5520 197.9680 63
198.0000 198.4480 64
198.7360 198.9920 57
199.1840 199.5040 69
199.5360 199.7280 64
199.7600 199.8880 66
200.0480 200.7200 64
200.9120 201.8720 62
202.1600 202.2560 61
202.2880 202.3840 60
202.4800 202.6720 62
202.7040 203.0240 64
203.0560 203.0560 61
203.0880 203.2800 59
203.3120 203.9200 61
203.9520 204.0800 59
204.1120 204.3360 58
204.3680 205.1040 59
205.7760 206.4480 62
206.4800 207.2800 64
207.4400 207.6320 64
207.6640 207.7600 66
207.9840 208.2400 69
208.2720 208.4960 70
208.5280 208.6560 69
208.6880 208.6880 67
208.7200 208.8480 65
208.8800 209.1360 66
209.1680 209.2640 64
209.2960 211.4720 62
211.7920 211.8560 61
212.0480 212.1440 66
212.2720 212.3680 66
212.4000 212.6240 68
212.6560 212.7840 64
212.8160 213.2000 66
213.2320 213.3600 65
213.3920 214.9600 62
214.9920 215.0240 60
215.0560 215.0560 55
215.2800 215.4400 62
215.4720 215.5680 64
215.6000 215.7600 65
215.7920 215.9840 59
216.0160 216.3680 61
216.4000 216.6240 62
216.6560 217.8080 59
218.1600 218.2560 56
218.4480 218.7040 58
218.9600 219.5360 57
219.5680 220.9120 59
221.2320 221.6160 59
221.6480 222.7360 62
222.7680 223.9520 64
224.1760 224.4960 57
224.6240 224.9440 69
225.0720 225.1360 64
225.1680 225.4240 66
225.4560 225.4880 62
225.5200 226.0320 64
226.0640 226.1280 66
226.1600 226.2880 64
226.3200 227.7600 62
227.7920 227.7920 58
228.0480 228.1760 62
228.2080 228.4960 64
228.5280 228.7520 59
228.7840 229.3920 61
229.4240 230.5440 59
231.0240 231.0880 59
231.2480 231.7600 62
231.7920 231.9520 63
231.9840 232.6880 64
232.9440 233.1360 64
233.1680 233.2320 66
233.5840 233.6800 69
233.7120 233.9360 70
233.9680 234.1280 69
234.2560 234.4480 66
234.5760 234.6400 65
234.6720 234.7040 64
234.7360 236.5920 62
236.7200 236.7840 62
237.8720 237.9680 68
238.2240 238.4480 66
