11.9520 12.7840 68
15.5360 15.7920 53
15.8240 16.1440 54
16.3680 16.6560 55
16.6880 16.9760 53
17.0080 17.2640 52
17.4880 17.6480 51
18.0640 18.1600 50
18.1920 18.3200 51
18.3520 18.3840 50
18.4160 18.6720 49
18.8320 19.0560 51
19.2480 19.5040 52
19.5360 20.0800 49
21.0080 21.3280 49
21.4880 21.5840 57
21.6160 21.7760 58
21.8080 21.9040 59
21.9360 21.9680 61
22.0000 22.0640 60
22.5760 22.5760 52
22.6080 22.6080 54
22.6400 22.6720 56
22.7040 22.8000 57
22.8320 22.9920 58
23.0240 23.4080 57
23.4400 23.6640 58
23.6960 23.7280 56
23.9520 24.0480 56
24.0800 24.1120 57
24.1440 24.3040 58
24.7520 24.9440 58
24.9760 25.2320 56
25.3920 25.5200 57
25.5520 25.6480 58
25.8400 25.9360 52
25.9680 26.0320 51
26.0640 26.3200 50
26.4480 26.5120 51
26.5440 26.7040 52
26.7360 26.8320 51
26.9920 27.6640 51
29.2000 29.4240 53
29.4560 29.8080 54
30.0640 30.1920 54
30.2240 30.2880 56
30.3200 30.3840 55
30.4160 30.6080 53
30.7360 30.7680 51
30.8000 30.8320 52
30.8640 30.9600 53
31.1840 31.3760 51
31.7920 31.8880 49
31.9200 32.0800 50
32.1120 32.3040 49
32.3360 32.4320 50
32.4640 32.6240 51
32.8800 32.9760 54
33.0080 33.0400 55
33.0720 33.2640 56
33.2960 33.2960 54
33.3280 33.3920 51
33.4240 33.4560 50
33.4880 33.8720 49
34.7360 34.9280 49
35.2160 35.2800 56
35.3120 35.3760 57
35.4080 35.5040 58
35.5360 35.5680 57
35.6000 35.6000 55
35.6320 35.6960 52
36.9120 36.9440 54
36.9760 37.0400 55
37.0720 37.2000 56
37.2320 37.2640 54
37.2960 37.4880 51
37.5200 37.7760 53
37.8080 38.0640 51
38.2560 38.3840 52
38.4160 38.6720 53
38.7040 38.8640 51
38.8960 38.9280 50
38.9600 39.1520 49
39.3120 40.4000 49
42.5440 42.7040 49
42.7360 42.8640 50
42.8960 42.8960 53
42.9280 42.9280 56
42.9600 43.0240 59
43.0560 43.0880 60
43.1200 43.2480 61
43.4080 43.7920 61
43.8240 43.8880 59
43.9200 43.9840 60
44.0160 44.2720 61
44.4960 44.8800 61
44.9120 44.9120 59
44.9440 45.0080 57
45.0400 45.0400 59
45.0720 45.4240 62
45.4560 45.5200 59
45.5520 45.6480 58
45.6800 45.7440 60
45.7760 45.7760 58
45.9680 46.6400 53
46.8320 46.8960 54
46.9280 46.9600 55
46.9920 47.2480 56
47.6640 47.6960 53
47.7280 47.7920 54
47.8240 48.3360 56
48.3680 48.4000 54
48.4320 48.6880 53
48.9120 48.9760 56
49.0080 49.0400 57
49.0720 49.2320 58
49.3600 49.4240 58
49.4560 49.7760 59
49.8080 50.1920 61
50.6080 50.6400 55
50.6720 50.9280 56
50.9600 51.0560 55
51.0880 51.3120 57
51.8880 52.0800 51
52.1120 52.2080 53
52.2400 52.2720 52
52.3040 52.5920 51
52.6240 52.9760 50
53.0080 53.5840 51
55.4720 55.6000 49
56.7520 56.9760 61
57.1040 57.5200 61
57.9040 58.1280 59
58.1600 58.6080 61
58.7680 58.8000 62
58.8320 58.9920 63
59.1840 59.1840 61
59.2160 59.2800 63
59.3120 59.4080 65
59.4400 59.4400 62
59.4720 59.7280 60
59.9200 60.0160 58
60.0480 60.0800 59
60.1120 60.2720 60
60.3040 60.3360 59
60.4640 60.6240 58
60.6560 60.7520 57
60.7840 60.9120 59
60.9440 61.0720 60
61.1040 61.1040 58
61.1360 61.6480 56
62.1600 62.2560 54
62.2880 62.4480 56
62.7680 63.0240 58
63.0560 63.2800 61
63.6640 63.7600 61
63.7920 63.8240 60
63.9840 64.4320 61
64.8160 64.8800 61
64.9120 64.9760 62
65.0080 65.1040 63
65.1360 65.2320 62
65.2640 65.4560 61
65.6480 65.7120 60
65.7440 65.9040 61
65.9360 66.0320 60
66.0640 66.4160 62
66.4480 69.3280 63
69.3600 69.5520 62
71.4720 71.6000 55
71.6320 71.6320 59
71.6640 71.6960 62
71.7280 71.7920 63
71.8240 71.9840 65
72.0160 72.1120 64
72.1440 72.1760 63
72.2080 72.2720 62
72.3040 72.7520 61
72.9440 73.1040 59
73.1360 73.2320 61
73.3920 73.4240 57
73.4560 73.7440 58
73.7760 73.9040 60
73.9360 74.0960 61
74.2560 74.7040 61
75.1200 75.1520 59
75.1840 75.4400 61
75.4720 75.6320 62
75.6640 76.1760 61
76.7200 76.7840 60
76.8160 76.9120 59
76.9440 77.2320 61
77.2640 77.4240 60
77.6160 78.0320 60
78.0640 78.6080 61
78.6400 78.7360 60
79.3440 79.3760 56
79.4080 79.4400 57
79.4720 79.7280 58
79.7600 79.7600 60
79.7920 80.1760 62
80.2080 80.5280 63
81.1360 81.4240 61
81.4560 81.7440 62
81.9040 82.0320 63
82.0640 82.1600 65
82.1920 82.2240 64
82.3520 82.5120 63
82.5440 82.9920 61
83.1840 83.2160 63
83.2480 83.2800 64
83.3120 83.7920 65
83.8240 83.9200 61
83.9520 83.9840 63
84.0160 84.0800 64
84.1120 84.2720 65
84.3040 84.3680 64
84.4000 84.4320 62
84.4640 85.1680 61
85.2000 85.4880 63
85.5200 85.5840 62
85.9040 85.9680 60
86.1600 86.2880 63
86.3200 86.3520 62
86.3840 86.7680 61
86.8000 87.2800 58
87.6000 87.6320 60
87.6640 87.7920 61
87.9200 87.9520 60
87.9840 88.3360 61
88.8160 88.9120 59
88.9440 89.1040 61
89.1360 89.1680 62
89.2000 89.3920 63
89.4240 89.5520 61
89.6800 89.9360 61
89.9680 90.4480 56
90.4800 90.5760 58
90.6080 91.0880 61
91.1200 91.1520 60
91.3440 91.4400 57
91.4720 91.6000 60
91.6320 91.7280 61
91.7600 92.0160 60
92.2080 92.4640 60
92.4960 92.6560 61
93.0080 93.0080 58
93.0400 93.0400 61
93.0720 93.2960 63
93.5200 93.6160 63
93.6480 93.7760 65
93.8080 93.8720 63
93.9040 93.9680 64
94.0000 94.2240 65
94.3520 94.5760 62
94.6080 95.1520 61
95.4720 95.7920 63
95.8240 95.9200 65
96.0480 96.1440 68
96.1760 96.2720 70
96.3040 96.3040 68
96.4960 96.8480 63
96.8800 97.1360 65
97.3280 97.5520 63
97.5840 98.0320 61
98.0640 98.0640 59
98.1920 98.2880 61
98.3200 98.4480 62
98.4800 98.5760 63
98.6080 98.6400 62
99.0880 99.0880 62
99.2160 99.2160 64
99.5040 99.6320 63
99.6640 99.7280 62
99.7600 100.1440 61
100.5280 100.6560 61
100.7840 101.2000 58
101.2320 101.5520 61
101.5840 101.7120 60
101.7440 102.2880 61
102.3200 102.5120 60
103.0880 103.1520 59
103.3120 103.5040 63
103.5360 103.6000 61
103.7600 103.8560 62
103.8880 104.0480 63
104.0800 104.2080 62
104.2400 104.3360 63
104.3680 104.5600 65
104.5920 104.5920 63
104.6240 104.6880 60
104.7200 104.9440 58
104.9760 105.1680 59
105.2000 105.7440 61
105.9680 106.1280 60
106.1600 106.3840 61
106.7040 106.8320 54
107.1840 107.2800 62
107.3120 107.4720 63
107.6000 107.6960 63
107.8880 108.0160 63
108.0480 108.1440 61
108.1760 108.2400 59
108.2720 108.4640 61
108.4960 108.5280 59
108.8800 109.1360 63
109.2960 109.3280 63
109.3600 109.3920 64
109.4240 109.4880 65
109.6480 109.8080 63
109.8400 109.9680 61
110.0960 110.4160 61
110.4480 110.5120 60
111.0880 111.1520 64
111.1840 111.3440 65
111.4400 111.6640 65
111.6960 111.8560 61
112.1120 112.1440 61
112.1760 112.2080 62
112.2400 112.4960 63
112.7200 112.7520 63
112.7840 112.8160 64
112.8480 112.9760 65
113.2000 113.2640 64
113.2960 113.3920 63
113.4240 113.8400 61
114.0640 114.1280 62
114.1600 114.2240 61
114.2560 114.2880 59
114.3200 114.7040 58
114.9600 115.0560 59
115.0880 115.7920 61
116.1760 116.2400 69
116.2720 116.2720 65
116.4640 116.5600 63
116.5920 117.2640 61
117.4880 117.5520 67
117.5840 117.7440 68
118.0640 118.5760 61
118.8000 118.9280 58
118.9600 119.4400 60
119.6000 119.6640 59
119.6960 120.0800 60
120.1120 120.8800 61
120.9120 121.0720 60
122.2560 122.3520 57
122.3840 122.4480 58
122.7040 123.0240 59
123.0560 123.3120 61
123.5040 123.6960 62
123.7280 124.3040 61
124.7200 125.1040 63
125.1360 125.4560 65
125.4880 125.5520 63
125.5840 125.8080 65
125.9680 126.0320 64
126.0640 126.1600 63
126.1920 126.3840 65
126.4160 126.6720 61
126.8640 127.0880 61
127.3440 127.7280 61
127.7600 127.7920 62
127.8240 128.8480 63
128.8800 129.0080 62
129.0400 129.0720 61
130.8000 131.0880 59
131.1200 131.1840 60
131.2160 136.7200 61
136.8800 136.9440 61
137.5520 137.8400 63
137.8720 137.9360 62
137.9680 141.5520 61
141.5840 141.9040 60
145.5520 145.9360 53
145.9680 146.2880 54
146.6080 146.8960 55
146.9280 147.0240 52
147.0560 147.2800 53
147.3120 147.4080 51
147.4400 147.5360 52
147.7600 147.9840 51
148.4320 148.6240 50
148.6560 148.8480 49
149.0080 149.2640 51
149.4240 149.5200 51
149.5520 149.7120 52
149.7440 150.4800 49
150.9600 151.0240 51
151.3440 151.6320 49
151.7600 151.8880 55
151.9200 152.0160 57
152.0480 152.0480 55
152.0800 152.0800 53
152.1120 152.1440 51
152.1760 152.6880 49
152.7200 152.7840 50
152.8160 152.8160 53
152.8480 152.9760 56
153.0080 153.0400 57
153.0720 153.2960 58
153.3280 153.6160 57
153.6480 153.8400 58
153.8720 153.9040 56
154.1280 154.3520 56
154.3840 154.6080 58
154.9280 155.1200 58
155.1520 155.3440 56
155.5040 155.6960 57
155.8880 156.0800 51
156.1120 156.1440 50
156.1760 156.4640 49
156.6880 156.7840 51
156.8160 156.9120 52
156.9440 157.0400 51
157.1680 158.0000 51
159.4720 159.6320 53
159.6640 160.0480 54
160.4320 160.6240 55
160.6560 160.8800 53
161.0080 161.1040 51
161.1360 161.1680 52
161.4560 161.6800 51
162.0320 162.4480 50
162.4800 162.6400 49
162.6720 162.8320 51
163.0880 163.2480 53
163.2800 163.4080 56
163.4400 163.5040 55
163.5360 163.6320 50
163.6640 164.3040 49
165.0080 165.2320 53
165.4880 165.6480 54
165.6800 165.7120 55
165.7440 165.9040 56
165.9360 165.9360 54
165.9680 165.9680 52
166.0000 166.5120 49
167.2480 167.3120 54
167.3440 167.4720 56
167.5040 167.5040 53
167.5360 167.7600 51
167.7920 167.8880 53
167.9200 168.0160 52
168.0480 168.3040 51
168.4640 168.5920 55
168.6240 168.7520 56
168.7840 168.7840 54
168.8160 168.8480 52
168.8800 169.2320 50
169.2640 169.4240 49
169.6160 169.8720 49
169.9040 170.0320 50
170.0640 170.9920 49
172.8160 173.0080 49
173.1680 173.1680 57
173.2000 173.2640 60
173.2960 173.4560 61
173.6480 173.9360 61
173.9680 174.0640 59
174.0960 174.1920 60
174.2240 174.4480 61
174.7040 174.9920 61
175.1200 175.1520 60
175.1840 175.3120 62
175.3440 175.5680 63
175.6000 175.6320 60
175.6960 175.7920 58
175.8240 175.8880 59
175.9200 175.9840 60
176.3680 176.9120 53
177.0720 177.2320 54
177.3600 177.4240 55
178.0000 178.6080 56
178.7360 178.9280 54
179.1840 179.4400 58
179.6000 179.9520 59
179.9840 180.3360 61
180.8800 181.3600 55
181.3920 181.4560 57
181.4880 181.4880 55
181.5200 181.7760 50
182.0000 182.1280 51
182.1600 182.3520 53
182.3840 182.4800 56
182.5120 182.5760 55
182.6080 182.9280 52
182.9600 183.7600 51
184.8480 184.8800 52
184.9120 185.0080 53
185.3280 185.4240 56
186.0320 186.1280 60
186.7040 186.8000 58
186.8320 186.9920 60
187.0240 187.2160 61
187.3440 187.6640 61
188.0160 188.0160 60
188.2400 188.3680 60
188.4000 188.4640 59
188.4960 188.8160 61
189.0080 189.2320 63
189.4880 189.5200 63
189.5520 189.6160 64
189.6480 189.8080 65
189.8400 189.9680 67
190.1600 190.3200 60
190.3520 190.4480 61
190.4800 190.6080 60
190.8000 190.9280 59
190.9600 191.4080 60
191.4400 191.4400 57
191.6000 191.8240 60
191.8560 192.0800 61
192.4320 192.5280 55
192.5600 192.6880 56
192.9440 193.0080 56
193.0400 193.1680 58
193.2000 193.2640 56
193.2960 193.2960 58
193.3280 193.5520 61
193.7760 193.8400 57
193.8720 193.9040 60
193.9360 194.0320 61
194.1920 194.5120 61
195.0880 195.2480 61
195.2800 195.4400 63
195.4720 195.5040 62
195.5360 195.7600 61
195.9200 195.9840 60
196.0160 196.3680 61
196.4000 196.7200 62
196.7520 197.4880 63
197.5200 197.5520 62
197.5840 197.6800 61
197.8720 197.9040 66
197.9360 198.3520 67
198.3840 198.7040 68
198.9280 199.0880 63
199.1200 199.1840 64
199.2160 199.3440 65
199.3760 199.4720 63
199.5040 199.5680 61
199.8560 200.0480 59
200.1760 200.4640 58
200.6240 200.6880 60
200.7200 200.9120 61
200.9440 200.9440 58
201.0400 201.3920 54
201.9680 201.9680 57
202.0000 202.0320 60
202.0640 202.2240 61
202.3840 202.4800 63
202.5120 202.9600 61
202.9920 202.9920 59
203.1840 203.4400 55
203.4720 203.5360 56
203.5680 203.9200 61
203.9520 204.0480 63
204.0800 204.3040 60
204.5920 204.8160 72
204.8480 205.4880 73
205.5200 205.6480 72
206.1920 206.2240 57
206.2560 206.5120 58
206.5440 206.6400 61
206.6720 206.9600 62
206.9920 207.3760 63
207.8880 207.9520 62
207.9840 208.1760 61
208.2080 208.2720 59
208.3040 208.3360 61
208.3680 208.5280 63
208.8160 209.0400 65
209.2000 209.3280 64
209.3600 209.3920 62
209.4240 209.4880 61
209.6480 209.7440 53
210.0960 210.0960 59
210.1280 210.3200 65
210.4480 210.9280 65
210.9920 211.1200 65
211.2800 211.6000 66
211.6320 212.0160 64
212.0480 212.5280 65
213.0400 213.2320 63
213.2640 213.6480 61
213.6800 213.7120 59
213.7440 214.0640 58
214.3840 214.4480 58
214.4800 214.6400 61
214.7680 215.1200 61
215.2800 215.3120 64
215.5360 215.7280 59
215.7600 215.8560 61
215.8880 216.0160 59
216.0480 216.3040 62
216.4640 216.7520 62
216.7840 216.7840 65
216.8160 217.3280 67
217.3600 217.3600 64
217.3920 217.7760 60
217.8080 217.9680 61
218.2240 218.3200 58
218.3520 218.8960 60
219.0560 219.4400 61
219.5680 219.6320 62
219.6640 219.8560 59
219.8880 220.0800 63
220.3680 220.4320 63
220.4640 220.5920 65
220.7200 221.0400 65
221.2000 221.3280 63
221.3600 221.9680 61
222.0960 222.5760 62
222.6080 222.8640 65
222.8960 223.1520 68
223.3440 223.9520 65
224.2080 224.3680 63
224.4000 225.0400 61
225.0720 225.2320 63
225.2640 225.4240 65
225.4560 225.9680 63
226.0000 226.2240 61
226.4160 226.5440 62
226.7680 226.8640 63
226.8960 227.0880 61
227.2160 227.5680 61
227.6000 227.6320 59
227.6640 228.0480 58
228.0800 228.3680 61
228.4000 228.6240 60
228.6560 229.2000 61
229.2320 229.3280 59
229.3600 229.4240 61
229.4560 229.5200 60
229.9040 229.9360 60
230.1600 230.3840 63
230.4160 230.4800 61
230.6400 230.6400 61
230.6720 230.8960 63
231.0560 231.0880 63
231.1200 231.4400 65
231.4720 231.5040 62
231.5360 231.5680 59
231.6000 231.7600 58
231.9520 232.0160 59
232.0480 232.5600 61
232.7840 232.9440 59
232.9760 233.2000 61
233.3280 233.4240 62
233.5840 233.6480 55
233.6800 233.7760 56
234.0000 234.1280 62
234.1600 234.2880 63
234.4480 234.5120 62
234.7040 234.8640 63
234.8960 234.9600 61
235.0880 235.3440 61
235.7280 235.8560 62
235.8880 235.9840 63
236.1440 236.2720 64
236.4320 236.5600 63
236.5920 236.6560 62
236.6880 236.7200 61
236.8480 236.9120 62
237.0400 237.2640 61
237.2960 237.2960 59
237.9040 238.0000 62
238.0320 238.4160 65
238.6080 238.7360 61
238.9600 239.1840 62
239.2160 239.3440 63
239.6000 239.6320 63
239.6640 239.7280 64
239.7600 239.8560 65
240.2720 240.4640 63
240.4960 240.7200 61
240.9440 241.1040 61
241.1360 241.5200 58
241.7440 241.8400 59
241.9360 242.0640 61
242.0960 242.1280 57
242.1600 242.4480 49
242.6720 242.6720 52
242.9280 242.9920 60
243.1200 243.4720 62
243.5040 244.0800 61
244.5280 244.5280 56
244.9440 244.9760 60
245.0080 245.1040 61
245.1360 245.2000 62
245.2320 245.4240 61
245.8080 246.3520 60
246.5120 246.5760 61
246.6080 246.8960 60
246.9280 248.1440 61
248.1760 248.4960 60
250.7360 250.9280 58
251.1840 251.4720 59
251.5040 251.7920 61
251.8240 251.8240 59
252.0160 252.2400 62
252.2720 252.7840 61
252.8160 252.8160 59
253.1360 253.2000 56
253.3280 253.6800 63
253.7120 254.0320 65
254.0640 254.0640 61
254.1920 254.4160 65
254.6080 254.7680 63
254.8000 254.9920 65
255.0240 255.0880 63
255.1200 255.2480 61
255.4720 255.6960 61
255.9200 256.3040 61
256.3360 256.3680 62
256.4000 257.3920 63
257.4240 257.5520 62
257.5840 257.6800 61
285.5840 285.7760 68
