12.5280 12.6240 62
12.6560 12.8160 63
12.9760 13.1040 63
13.1360 13.2960 62
13.3280 13.4560 64
13.4880 13.6160 62
13.6480 13.7760 64
13.8080 14.0640 62
14.2240 14.3200 62
14.3520 14.4480 63
14.5760 14.7680 62
15.0240 15.2160 62
15.2480 15.4720 60
15.5040 15.6320 61
15.6640 15.7600 60
15.7920 15.9520 62
15.9840 16.0480 60
16.1760 16.2400 62
16.2720 16.3040 61
16.3360 16.3680 60
16.4960 16.6560 62
16.6880 16.8480 60
16.8800 17.0720 62
17.1040 17.2320 61
17.2640 17.4560 62
17.4880 17.5840 60
17.8720 18.0640 60
18.0960 18.1600 62
18.2880 18.4800 63
18.5120 18.6400 62
18.6720 18.8000 64
18.8320 18.9600 62
18.9920 19.1520 64
19.1840 19.3440 62
19.3760 19.4720 64
19.5040 19.5360 63
19.5680 19.6960 62
19.7280 19.8880 64
19.9200 20.0480 62
20.0800 20.1760 63
20.3040 20.4960 62
20.7520 20.9440 62
20.9760 21.1040 60
21.1360 21.3280 62
21.3600 21.4560 60
21.4880 21.6160 62
21.6480 21.6800 61
21.7120 21.8400 60
21.8720 22.0320 62
22.0640 22.1600 60
22.1920 22.3200 62
22.3520 22.5440 60
22.5760 22.5760 63
22.6080 22.6400 66
22.6720 23.2480 67
23.2800 23.5680 64
23.9520 24.0480 62
24.0800 24.3680 63
24.4000 24.5600 64
24.5920 24.6880 61
24.7200 24.8160 64
24.8480 24.8800 63
24.9120 24.9440 62
25.0720 25.2320 64
25.2640 25.2960 63
25.3280 25.5200 62
25.5520 25.6800 64
25.7120 25.8400 62
25.8720 25.9680 63
26.0000 26.1600 62
26.5120 26.7040 62
26.7360 26.8320 61
26.8640 27.0240 62
27.0560 27.0880 61
27.1200 27.2160 60
27.2480 27.3760 62
27.4080 27.4720 60
27.6000 27.6960 62
27.7280 27.7600 61
27.7920 27.8880 60
27.9200 28.0480 62
28.0800 28.1120 61
28.1440 28.1760 60
28.3040 28.5280 62
28.5600 28.6560 60
28.6880 28.7840 62
28.9120 29.0080 60
29.3920 29.5840 60
29.6160 29.6800 62
29.7120 29.7760 63
29.9040 30.0640 62
30.0960 30.2240 64
30.2560 30.4160 62
30.4480 30.5440 64
30.5760 30.6400 63
30.7680 30.9280 64
30.9600 31.0880 62
31.1200 31.2160 64
31.3440 31.4720 62
31.5040 31.5360 63
31.5680 31.6640 64
31.6960 31.7280 63
31.7600 31.8880 62
32.2080 32.3360 62
32.3680 32.5920 60
32.6240 32.7200 62
32.7520 32.8160 61
32.9440 33.1040 62
33.1360 33.2640 60
33.2960 33.5520 62
33.5840 33.7120 61
33.7440 33.9040 62
33.9360 33.9680 61
34.0000 34.0960 60
34.3520 34.5120 62
34.5440 34.6720 64
34.7040 34.9280 62
35.1200 35.3440 60
35.3760 35.4080 59
35.4400 35.6000 56
35.6320 35.8560 57
35.8880 35.9200 56
35.9520 36.1120 55
36.1440 36.3040 56
36.4960 37.0080 60
37.0400 37.4880 62
37.8720 38.2560 60
38.2880 38.3840 62
38.4160 38.5760 64
38.6080 38.7360 62
38.7680 38.8000 63
38.8320 38.9280 64
38.9600 39.0240 63
39.0560 39.2160 62
39.3440 39.5040 60
39.7280 40.0160 60
40.0480 40.1760 62
40.2080 40.4320 64
40.4640 40.4960 63
40.5280 40.6880 62
40.7200 41.0080 60
41.0400 41.0720 59
41.1040 41.2960 56
41.3280 41.5840 57
41.6160 41.6800 55
41.9040 42.0640 57
42.1920 42.2240 59
42.2560 42.4480 60
42.5760 42.7040 60
42.7360 42.8960 62
42.9280 43.1520 60
43.3120 43.6320 67
43.6640 43.7280 64
43.7600 43.8560 62
43.8880 44.4000 64
45.7440 45.7760 61
45.8080 45.8720 62
45.9040 45.9360 63
45.9680 46.1280 64
46.1600 46.1920 63
46.2240 46.3520 62
46.5120 46.7360 60
46.8640 46.9920 56
47.0240 47.2480 57
47.2800 47.3120 56
47.3440 47.4720 55
47.5040 47.5360 56
47.5680 47.7600 57
47.9200 48.1760 60
48.3040 48.4320 60
48.4640 48.9440 62
49.3600 49.7120 60
49.7440 49.9360 62
49.9680 50.0000 61
50.0320 50.3200 60
50.4480 50.7360 67
50.7680 50.7680 65
50.8000 50.8960 63
50.9280 50.9920 64
51.1840 51.5040 62
51.5360 51.8560 60
52.2080 52.3680 62
52.4000 52.5920 64
52.6240 52.8160 62
52.8480 52.8800 61
52.9120 53.1360 60
53.2640 53.2640 65
53.2960 53.4560 67
53.6480 53.7760 62
53.8080 53.9680 64
54.0000 54.0320 63
54.0640 54.2240 62
54.3840 54.5760 60
54.7040 54.9600 57
55.4400 55.5680 59
55.6000 57.5200 60
81.1360 81.2320 62
81.2640 81.3920 63
81.5200 81.6160 64
81.6480 81.6800 63
81.7120 81.8080 62
81.8400 82.0000 64
82.0320 82.1920 62
82.2240 82.3200 64
82.3520 82.3840 63
82.4160 82.5120 62
82.5440 82.6400 63
82.8320 82.8960 62
82.9280 82.9920 63
83.1520 83.2800 62
83.5680 83.7920 62
83.8240 84.0160 60
84.0480 84.0800 61
84.1120 84.2080 62
84.2400 84.3040 60
84.3360 84.5280 62
84.5600 84.5920 60
84.7200 84.8160 62
84.8480 84.8800 61
84.9120 84.9440 60
85.0720 85.2640 62
85.2960 85.3920 59
85.4240 85.6480 62
85.6800 85.7760 61
85.8080 86.0640 62
86.0960 86.1920 60
86.4800 86.6400 60
86.6720 86.7360 61
86.8640 86.8960 62
86.9280 87.1200 63
87.2480 87.3760 64
87.4080 87.7600 63
87.7920 87.9200 62
87.9520 88.1120 64
88.1440 88.2720 62
88.3040 88.4640 64
88.4960 88.6880 62
88.8800 89.0720 62
89.3280 89.5200 62
89.5520 89.6800 60
89.7120 90.3200 62
90.4480 90.6080 62
90.6400 90.7360 60
90.7680 90.8960 62
90.9280 91.0880 60
91.1200 91.1200 62
91.1520 91.2160 65
91.2480 91.8240 67
91.8560 92.1440 64
92.5600 93.1680 63
93.2960 93.4240 64
93.4560 93.4880 62
93.6160 93.8400 64
93.8720 94.7360 62
95.0880 95.6640 62
95.6960 95.7600 60
95.7920 95.9520 62
95.9840 95.9840 60
96.1760 96.3360 62
96.3680 96.4640 60
96.4960 96.6880 62
96.7200 96.7840 60
96.8160 97.2960 62
97.4240 97.5520 60
97.9360 98.0960 60
98.1280 98.2240 62
98.2560 98.3520 64
98.4800 98.6080 62
98.6400 99.1520 64
99.1840 99.2160 62
99.3440 99.4400 64
99.4720 99.6640 62
99.6960 99.8240 63
99.9520 100.0800 62
100.1120 100.2400 64
100.2720 100.4640 62
100.7840 100.9120 62
100.9440 101.1360 60
101.1680 101.2960 62
101.3280 101.3920 61
101.5200 101.7120 62
101.7440 101.8400 60
101.8720 102.1600 62
102.1920 102.3200 60
102.3520 102.5120 62
102.5440 102.6720 60
102.9280 103.0880 62
103.1200 103.2480 64
103.2800 103.5040 62
103.6640 103.9520 60
103.9840 104.4320 57
104.4640 104.4960 56
104.5280 104.6880 55
104.7200 104.8160 56
104.8480 104.9120 57
105.0720 105.6160 60
105.6480 106.0960 62
106.4480 106.8320 60
106.8640 106.9600 62
106.9920 107.1840 64
107.2160 107.3760 62
107.4080 107.5040 64
107.5360 107.6320 63
107.6640 107.7920 62
107.9200 108.0800 60
108.2720 108.5600 60
108.5920 108.7520 62
108.7840 108.9760 64
109.0080 109.2960 62
109.3280 109.5840 60
109.6160 109.6160 58
109.7440 109.8720 55
109.9040 110.0960 57
110.1280 110.3520 55
110.5440 110.6080 57
110.7680 111.0240 60
111.1520 111.2800 60
111.3120 111.4720 62
111.5040 111.7280 60
111.8880 111.9520 60
112.2080 112.5920 64
112.6240 112.6880 62
112.7200 113.0720 64
114.3520 114.4480 62
114.4800 114.7680 64
114.8000 114.9280 62
115.0880 115.2800 60
115.4400 115.5360 56
115.5680 115.8240 57
115.8560 115.8880 56
115.9200 116.1120 55
116.1440 116.3360 57
116.4960 117.0080 60
117.0400 117.4880 62
117.9040 118.2880 60
118.3200 118.5440 62
118.5760 118.9600 60
118.9920 119.3120 67
119.3440 119.6000 64
119.7280 120.0800 62
120.1120 120.4000 60
120.7520 120.9120 62
120.9440 121.0720 64
121.1040 121.1680 63
121.2000 121.3600 62
121.5200 121.7120 60
121.8400 122.0320 67
122.2240 122.3520 62
122.3840 122.6080 64
122.6400 122.8000 62
122.9600 123.3120 59
123.3440 123.5360 57
124.0160 124.1440 59
124.1760 125.1040 60
125.1360 125.2320 61
125.7440 125.8720 62
125.9040 126.1280 63
126.1600 126.3200 62
126.5120 126.8000 60
126.8320 126.8960 63
126.9280 126.9600 64
126.9920 127.4400 65
127.4720 127.6960 62
127.7280 127.8240 64
127.9520 128.8480 62
129.2960 129.6800 60
129.7120 129.8400 62
129.8720 130.0000 64
130.0320 130.1600 62
130.1920 130.4480 63
130.4800 130.6400 62
130.6720 130.7040 61
130.7360 130.9600 60
131.0880 131.4720 60
131.5040 131.6640 62
131.6960 131.8880 64
131.9200 132.1120 62
132.1440 132.4960 60
132.6240 132.7520 55
132.7840 132.9760 57
133.0080 133.0400 56
133.0720 133.2640 55
133.2960 133.4560 57
133.6480 133.8720 60
134.0000 134.0960 60
134.1280 134.2880 62
134.3200 134.3520 61
134.3840 134.5760 60
134.7360 135.0560 67
135.0880 135.2480 63
135.2800 136.3360 64
136.7520 136.8160 63
137.1680 137.2960 62
137.3280 137.3600 63
137.3920 137.7760 64
137.9680 138.3840 64
138.4160 138.9600 65
138.9920 139.4080 63
139.4400 140.3360 62
140.7520 141.1360 60
141.1680 141.3600 62
141.3920 141.4240 61
141.4560 141.7120 60
141.8400 142.1600 67
142.1920 142.1920 65
142.2240 142.2880 63
142.3200 142.4160 64
142.5760 142.8960 62
142.9280 143.3120 60
143.6000 143.7600 62
143.7920 143.9520 64
143.9840 144.0160 63
144.0480 144.2080 62
144.3680 144.6560 60
144.6880 144.6880 65
144.7200 144.8800 67
145.0720 145.1680 63
145.2000 145.4560 64
145.4880 145.6160 62
145.8080 146.0000 60
146.1280 146.3840 57
146.4800 146.6080 56
146.8640 146.9920 59
147.0240 148.5280 60
149.3600 149.8400 64
149.8720 150.3520 65
150.4800 150.6080 62
150.6400 150.7360 64
150.7680 151.3440 62
151.5360 151.6320 60
151.6640 151.6960 59
151.7280 152.0480 57
152.2080 152.3360 55
152.5600 153.7440 60
