14.8640 15.0560 52
15.0880 15.2800 53
15.3120 15.7280 56
15.7600 16.1760 58
16.2080 16.3680 60
16.4960 16.6560 58
16.6880 17.2000 60
17.2320 17.6480 61
18.0640 18.2560 63
18.2880 18.4480 65
18.4800 18.8640 63
18.8960 18.8960 60
18.9280 19.0560 58
19.0880 19.1200 60
19.1520 19.3440 61
19.3760 19.6640 60
19.6960 20.0480 61
20.0800 20.3040 60
20.3360 21.3600 58
22.7040 22.8000 63
22.8320 22.9600 64
22.9920 23.1520 63
23.1840 23.7600 65
24.2720 24.9120 63
25.0720 25.4880 61
25.5200 25.5520 60
26.3520 26.4480 58
26.4800 26.5440 59
26.5760 26.6720 60
26.8640 27.0560 60
27.0880 27.4720 61
27.5040 27.5360 60
27.5680 27.6960 58
27.7280 28.3360 56
28.3680 29.0400 58
29.9680 30.4160 65
30.6080 30.7360 65
30.9280 31.0880 66
31.1200 31.1520 65
31.6320 31.8240 65
31.9840 32.4640 65
32.6560 32.8160 63
32.8480 32.8800 62
33.2640 33.4240 61
33.4560 33.6800 62
33.7120 33.8080 61
33.8400 33.9360 63
33.9680 34.0000 64
34.0320 34.4160 65
34.4480 35.0240 63
35.1520 35.2160 62
35.2480 35.3120 64
35.5040 36.5280 61
37.2960 37.9680 62
38.3520 38.6720 63
38.8640 39.0560 61
39.0880 39.2800 63
39.3120 39.4080 62
40.0160 40.2080 56
40.2400 40.2720 58
40.3040 40.4000 59
40.4320 40.7200 61
40.7520 41.1040 60
41.1360 41.2000 61
41.2320 41.2640 59
41.2960 41.3600 58
41.3920 41.4560 57
41.4880 41.8720 56
41.9040 43.4400 58
43.4720 43.6640 57
44.6560 44.7520 53
44.7840 44.8160 54
44.8480 44.9120 55
44.9440 45.0080 57
45.0400 45.2640 56
45.2960 45.7440 58
45.7760 45.9680 59
46.0000 46.1600 58
46.1920 46.7040 60
46.7360 47.1520 61
47.6000 47.8240 63
47.8560 47.9840 65
48.1120 48.3040 63
48.3360 48.3680 62
48.4000 48.7200 61
48.7520 48.9440 60
48.9760 49.6800 61
49.7120 49.8080 60
49.8400 50.3840 58
50.4160 50.5440 57
50.5760 50.7360 58
52.2400 52.4000 63
52.4320 52.5600 64
52.5920 52.6240 63
52.7520 53.3600 65
53.9040 54.0000 63
54.1280 54.2240 63
54.2560 54.3520 64
54.3840 54.4160 63
54.5760 55.0240 61
55.0560 55.3440 60
55.9200 56.1440 59
56.1760 56.4000 61
56.4320 56.5920 60
56.6240 56.7520 61
56.9120 57.1040 60
57.1360 57.2640 58
57.2960 57.8720 56
57.9040 58.8960 58
59.5680 59.9840 65
60.1120 60.3360 65
60.3680 60.4960 66
60.5280 60.6560 65
60.6880 60.7520 66
61.2320 62.0640 65
62.0960 62.1600 62
62.1920 62.4800 63
62.8320 62.9920 61
63.0240 63.0560 62
63.0880 63.1840 63
63.2160 63.3120 62
63.3440 63.5360 63
63.5680 63.6640 64
63.6960 63.7920 63
63.8240 63.9840 65
64.0160 64.7840 63
64.8160 64.9440 64
64.9760 65.0400 62
65.0720 66.2240 61
66.2560 66.3200 60
66.8640 66.8960 61
66.9280 67.4400 62
67.7920 68.1440 63
68.1760 68.2080 62
68.4000 68.5920 61
68.6240 68.9440 62
69.5200 69.7760 56
69.8080 69.9680 59
70.0000 70.5440 61
70.7040 70.7680 60
70.8000 70.9280 58
70.9600 71.4400 56
71.4720 72.5280 58
72.5600 72.7840 57
72.8160 72.9120 58
72.9440 73.1360 57
73.8400 74.0640 61
74.0960 74.2560 62
74.3840 74.6080 63
74.6400 75.1840 65
75.3120 75.4720 65
75.5040 76.4320 68
76.4640 76.4960 69
76.5280 76.8800 70
76.9120 76.9760 69
77.0080 77.1360 68
77.1680 77.2960 69
77.3280 77.3600 68
77.6160 77.8400 61
77.8720 77.9680 63
78.0000 78.1280 62
78.1600 78.3520 63
78.3840 78.7680 65
78.8000 78.8640 62
78.8960 79.7920 63
79.9840 80.1120 58
80.1440 80.4320 61
80.4640 80.5920 60
80.7200 80.8160 58
80.8480 81.5200 56
81.5520 81.5840 55
82.2560 82.4480 59
82.4800 82.6400 61
82.6720 83.0560 62
83.0880 83.1520 61
83.1840 83.2160 63
83.2480 83.9840 65
84.1120 84.2400 68
84.2720 84.3040 69
84.3360 85.0720 70
85.1040 85.2320 68
85.2640 86.2880 66
86.4160 86.5440 66
86.5760 86.6080 67
86.6400 86.7360 68
86.8640 86.9920 67
87.0240 87.0880 66
87.1200 87.1840 65
87.3120 87.6000 63
87.6320 88.0480 62
88.0800 88.2080 63
88.5920 88.6240 62
88.6560 88.8800 61
88.9120 89.0400 62
89.1680 89.2000 62
89.2320 89.3920 63
89.4240 89.9360 65
90.0960 90.1920 66
90.2240 90.2560 67
90.2880 91.1840 68
91.2160 91.3120 69
91.3440 91.6960 70
91.7280 92.1120 68
92.3680 92.6240 61
92.6560 93.0400 63
93.0720 93.1040 64
93.1360 93.5200 65
93.5520 93.6160 62
93.6480 94.5760 63
94.8000 94.8960 58
94.9280 95.2160 61
95.2480 95.3760 60
95.5040 95.5680 58
95.6000 95.6320 57
95.6640 95.8240 56
95.8560 96.0800 55
97.0080 97.1680 59
97.2000 97.4240 61
97.4560 97.7440 62
97.7760 97.9680 63
98.0000 98.0320 64
98.0640 98.3200 65
98.3520 98.4480 64
98.4800 98.8640 65
98.8960 99.0240 68
99.0560 99.0880 69
99.1200 99.8560 70
99.8880 99.9840 68
100.0160 100.1760 67
100.2080 101.0720 66
101.2000 101.2640 66
101.2960 101.3920 67
101.4240 101.5200 68
101.6480 101.8400 67
101.8720 101.9040 66
101.9360 102.0320 65
102.0640 102.1920 64
102.2240 102.5120 63
103.0880 103.2480 63
103.2800 103.3760 65
103.5040 103.6640 63
103.6960 103.8560 62
103.8880 103.8880 60
103.9200 104.0480 58
104.0800 104.1120 57
104.1440 104.7200 56
104.7520 105.0080 58
105.0400 106.3520 57
106.3840 106.7040 58
114.4160 114.4800 63
114.5120 114.6080 64
129.9040 129.9360 64
129.9680 130.2880 65
130.3200 130.8960 63
130.9280 130.9600 62
136.8800 137.1040 53
137.1360 137.2320 54
137.2640 137.2960 57
137.3280 137.3920 58
137.4240 137.6480 56
137.6800 138.1280 58
138.1600 138.2240 60
138.2560 138.3200 59
138.4480 138.6080 58
138.6400 139.4720 60
139.5040 139.5680 61
139.9840 140.2400 63
140.2720 140.3360 65
140.3680 140.4000 64
140.4320 140.7520 63
140.7840 140.8160 62
140.8480 140.9120 60
140.9440 141.0720 61
141.1040 141.5520 60
141.5840 141.9680 61
142.0960 142.1600 60
142.1920 142.2560 59
142.2880 142.8640 58
142.8960 142.9280 57
144.6240 144.7520 63
144.7840 144.9760 64
145.1040 145.7440 65
146.2240 146.3520 62
146.4800 146.6080 63
146.6400 146.8000 64
146.9920 147.1840 60
147.2160 147.6320 61
148.3360 148.5280 59
148.5600 148.6240 61
148.6560 149.0080 60
149.0400 149.1360 61
149.2960 149.4880 60
149.5200 149.6160 58
149.6480 149.6800 57
149.7120 149.8720 56
150.0000 150.3200 56
150.3520 150.9920 58
151.1200 151.1840 58
151.8880 152.3360 65
152.4640 152.6880 65
152.7200 153.0080 66
153.0400 153.0720 65
153.5840 154.4800 65
154.5120 154.5760 62
154.6080 154.7040 63
155.2160 155.3120 60
155.3440 155.4720 61
155.5040 155.5680 63
155.6000 155.7600 62
155.7920 155.9520 63
155.9840 156.0480 65
156.0800 156.1760 64
156.2080 156.3680 65
156.4000 156.7200 63
156.7520 156.8800 62
156.9120 157.2000 63
157.2320 157.2960 65
157.3280 157.3600 63
157.3920 158.0320 61
158.0640 158.1280 60
158.1600 158.3840 61
158.4160 158.4800 60
159.2160 159.6000 61
159.6320 159.8240 62
160.2080 160.6240 63
160.7840 161.0080 61
161.0400 161.4240 62
161.9040 162.0320 56
162.1920 162.3520 59
162.3840 162.6720 61
162.7040 162.9600 60
163.0880 163.1840 60
163.2160 163.3440 58
163.3760 163.7920 56
163.8240 163.8560 57
163.8880 164.8160 58
164.8480 164.9120 57
164.9440 165.7440 58
166.2560 166.5440 61
166.5760 166.6720 62
166.8000 166.9920 63
167.0240 167.5680 65
167.6960 167.8560 65
167.8880 168.8160 68
168.8480 168.8800 69
168.9120 169.2640 70
169.2960 169.7440 68
170.0000 170.0320 60
170.0640 170.2240 61
170.2560 170.3840 63
170.4160 170.4800 61
170.5120 170.7040 63
170.7360 171.1520 65
171.1840 172.1440 63
172.1760 172.1760 61
172.3360 172.4640 59
172.4960 172.7840 61
172.8160 172.9440 60
173.1040 173.2000 57
173.2320 173.6800 56
174.6080 174.6400 60
174.6720 174.8320 59
174.8640 175.0240 61
175.0560 175.5680 62
175.6000 175.9200 65
175.9520 176.0480 64
176.0800 176.4640 65
176.4960 176.5280 68
176.5600 176.6560 69
176.6880 177.4880 70
177.5200 177.6160 68
177.6480 177.7120 67
177.7440 178.1920 66
178.2240 178.4800 65
178.5120 178.6720 66
178.7040 178.7680 65
178.8000 178.9280 66
178.9600 178.9920 67
179.0240 179.1200 68
179.2480 179.4080 66
179.4400 179.5680 65
179.6960 179.8880 63
179.9200 180.4960 62
181.0400 181.0720 60
181.1040 181.2960 61
181.3280 181.3920 63
181.4240 181.5840 62
181.6160 181.7440 63
181.7760 181.8080 64
181.8400 182.4800 65
182.5120 182.6720 66
182.7040 183.5360 68
183.5680 183.6320 69
183.8560 184.0480 70
184.0800 184.4960 68
184.7520 185.0080 61
185.0400 185.4560 63
185.4880 185.9040 65
185.9360 186.2240 63
186.2560 186.3840 62
186.4160 186.9280 63
187.1200 187.2800 59
187.3120 187.6320 61
187.6640 187.7280 60
187.8560 187.9200 58
187.9520 187.9840 57
188.0160 188.4960 56
189.3600 189.5840 59
189.6160 189.8400 61
189.8720 190.1280 62
190.1600 190.3840 63
190.4160 190.7040 65
190.7360 190.8320 64
190.8640 191.2480 65
191.2800 191.4720 69
191.5040 192.2400 70
192.2720 192.3680 68
192.4000 192.4640 67
192.4960 193.4560 66
193.5840 193.7120 66
193.7440 193.7760 67
193.8080 193.9040 68
194.0320 194.0960 67
194.1280 194.2240 66
194.2560 194.3520 65
194.3840 194.4480 64
194.4800 194.8640 63
195.4400 195.6320 63
195.6640 195.9520 65
195.9840 196.0800 63
196.1120 196.2400 61
196.2720 196.3040 59
196.3360 196.5280 58
196.5600 197.1360 56
197.1680 197.3920 58
197.4240 197.4880 57
197.5200 197.5840 58
197.6160 197.6800 57
197.7120 197.7760 58
197.8080 197.8720 57
197.9040 197.9680 58
198.0000 198.0640 57
198.0960 198.5440 58
199.5040 199.5680 62
199.6000 199.7280 61
199.7600 199.9200 62
200.0480 200.0800 62
200.1120 200.2720 63
200.3040 200.8160 65
200.8480 200.8480 63
200.9760 201.1360 65
201.1680 201.2000 67
201.2320 201.8720 68
201.9040 202.1600 69
202.1920 202.5120 70
202.5440 202.9600 68
203.2480 203.4720 61
203.5040 203.5680 63
203.6000 203.8560 62
203.8880 203.9520 63
203.9840 204.4000 65
204.4320 204.6880 62
204.7200 204.9440 63
204.9760 205.1040 62
205.1360 205.3600 63
205.3920 205.4240 62
205.6160 205.7120 59
205.7440 206.0000 61
206.0320 206.1280 60
206.1600 206.1920 59
206.3520 206.4160 57
206.4480 206.8960 56
207.9200 208.0800 59
208.1120 208.2720 61
208.3040 208.5600 62
208.5920 208.8800 63
208.9120 209.7120 65
209.7440 209.9360 69
209.9680 210.7040 70
210.7360 210.8640 68
210.8960 211.9200 66
212.0800 212.2080 66
212.2400 212.2720 67
212.3040 212.3680 68
212.5280 212.6240 67
212.6560 212.6880 66
212.7200 212.8160 65
212.9760 213.5200 63
213.5520 213.8400 62
214.2880 214.5440 61
214.5760 214.6720 62
214.8000 214.9600 63
214.9920 215.0240 64
215.0560 215.6000 65
215.7280 215.8880 66
215.9200 216.8160 68
216.8480 216.8800 69
216.9120 217.2960 70
217.3280 217.5200 68
217.5520 217.6800 69
217.7120 217.7760 68
218.0000 218.0320 60
218.0640 218.2240 61
218.2560 218.5440 62
218.5760 218.7360 63
218.7680 219.1520 65
219.1840 219.4080 63
219.4400 219.5040 64
219.5360 219.8240 63
219.8560 219.9200 62
219.9520 220.2080 63
220.2400 220.2400 61
220.4320 220.4960 59
220.5280 220.7200 61
220.7520 220.8480 62
220.8800 220.9440 60
220.9760 221.0080 59
221.1360 221.2320 58
221.2640 221.7440 56
221.7760 221.9040 55
222.6400 222.8320 59
222.8640 223.0880 61
223.1200 223.6320 63
223.6640 223.9840 65
224.0160 224.0800 64
224.1120 224.4960 65
224.5280 224.7200 68
224.7520 225.4560 70
225.4880 225.6160 68
225.6480 226.1920 66
226.2240 226.4480 65
226.4800 226.7360 66
226.8640 227.0560 67
227.0880 227.1520 68
227.2800 227.3440 67
227.3760 227.4720 66
227.5040 227.6640 65
227.6960 227.7280 64
227.7600 227.9520 63
227.9840 228.0480 62
228.0800 228.2080 63
228.7200 228.9120 63
228.9440 229.0720 65
229.1040 229.2000 64
229.2320 229.2960 63
229.3280 229.4880 62
229.5200 229.6160 57
229.6480 229.7760 58
229.8080 230.3840 56
230.4160 230.4800 58
230.5120 230.7680 57
230.8000 231.0560 58
231.0880 231.1520 57
231.1840 231.2480 58
231.2800 231.3440 57
231.3760 231.4400 58
231.4720 231.5360 57
231.5680 231.6320 58
231.6640 231.7600 57
231.7920 231.8560 58
231.8880 231.9520 57
