24.9120 25.0080 65
25.0400 25.0720 66
25.1040 25.3280 67
25.3600 25.3920 68
25.4240 25.5520 69
25.8080 25.9680 64
26.1600 26.2880 65
26.5120 26.6080 65
26.6400 26.6720 66
26.7040 26.9280 67
27.0560 27.4080 65
27.7280 28.0800 63
28.3040 28.3680 63
28.4000 28.4320 64
28.4640 29.4880 65
30.6720 30.7040 65
30.7360 30.7680 66
30.8000 30.9280 67
31.0880 31.2800 70
31.4400 31.6960 63
31.7280 31.7600 64
31.7920 32.3040 65
32.7520 33.0400 65
33.2960 33.6800 63
33.7120 33.8080 62
34.0320 34.0960 59
34.1280 35.2160 58
36.3680 36.4640 65
36.4960 36.5600 67
36.7520 36.9120 70
37.0720 37.1360 64
37.1680 37.3280 63
37.3600 37.3920 64
37.4240 37.9360 65
37.9680 38.1920 67
38.4480 38.6720 65
39.0240 39.1840 62
39.2160 39.5040 63
39.5360 39.5680 64
39.6000 40.2720 65
42.0320 42.1600 65
42.1920 42.3200 67
42.4800 42.6720 70
42.8320 43.0240 63
43.2160 43.6000 65
43.6320 43.6640 66
43.6960 43.9200 67
44.1120 44.4640 65
45.2000 45.4240 63
45.6480 46.8640 63
47.7920 47.8880 65
47.9200 48.0160 67
48.1760 48.3680 70
48.6560 48.8480 63
48.8800 49.4240 65
49.4560 49.6160 67
49.7440 49.8080 66
49.8400 50.1280 65
50.2560 50.2880 62
50.3200 50.5120 63
50.6400 50.6720 65
50.7040 50.7360 66
50.7680 50.8640 67
51.0240 51.1840 70
51.2160 51.2480 69
51.4720 51.5680 63
51.7280 51.9200 65
52.0800 52.1760 65
52.2080 52.2400 66
52.2720 52.5920 67
52.6240 52.6560 66
52.6880 52.9440 65
53.1040 53.5840 63
54.1920 54.2880 65
54.3200 54.5120 67
54.5440 54.7360 70
54.7680 54.8000 68
54.8320 54.8320 65
54.8640 54.8960 63
54.9280 55.0240 61
55.0560 55.0880 62
55.1200 55.2480 63
55.2800 55.4720 65
55.6320 55.6640 65
55.6960 55.7280 66
55.7600 55.9520 67
56.1120 56.1760 66
56.2080 56.5280 65
56.7200 56.8800 65
56.9120 57.9360 67
59.1520 59.2800 65
59.3120 59.5040 67
59.5360 59.7920 70
60.0800 60.3360 63
60.3680 60.5280 65
60.7200 60.7840 65
60.8160 60.8480 66
60.8800 61.2640 67
61.2960 61.5520 65
61.7120 61.8080 63
61.8400 61.9360 64
62.0640 62.1280 67
62.1600 62.3520 70
62.3840 62.3840 68
62.4160 62.5120 65
62.5440 62.8640 67
62.8960 63.0560 65
63.0880 63.1200 64
63.1520 63.4080 63
63.5680 63.6320 63
63.6640 63.6960 64
63.7280 64.1120 65
64.1440 64.2080 66
64.2400 64.3680 67
64.4000 64.4640 64
64.4960 64.8800 63
64.9120 65.1040 62
65.6480 65.7120 63
65.7440 65.7760 66
65.8080 65.9360 67
66.0640 66.2240 70
66.2560 66.2880 65
66.3200 66.7040 63
66.7360 66.7680 64
66.8000 66.9600 65
67.1200 67.1840 65
67.2160 67.2480 66
67.2800 67.4720 67
67.6320 67.8560 65
67.8880 69.3920 63
70.6080 70.6720 61
70.7040 70.8960 62
70.9280 71.3120 58
71.3440 71.6000 60
71.7920 72.3040 63
72.3360 73.3920 65
73.4240 73.7760 67
73.9040 74.0960 66
74.1280 75.5680 67
76.0480 76.1440 68
76.1760 76.6240 70
76.6560 76.6560 67
76.6880 76.8160 65
76.8480 76.9440 67
77.0720 77.1360 66
77.1680 77.3280 65
77.3600 77.9360 63
77.9680 78.2240 65
78.3840 78.8000 67
78.8320 79.0240 65
79.0560 80.5920 67
81.6800 81.6800 64
81.7120 81.7120 67
81.7440 81.8080 71
81.8400 82.0320 72
82.0640 82.1600 71
82.1920 82.3520 72
82.3840 82.5440 66
82.5760 82.7680 67
82.8000 82.8320 66
82.8640 83.0880 65
83.1200 83.1520 66
83.1840 83.4400 67
83.5680 83.6960 68
83.7280 83.7600 69
83.7920 84.4640 70
84.8800 85.0080 68
85.0400 85.2000 70
85.3280 85.3600 65
85.3920 85.4240 66
85.4560 85.6160 67
85.6480 85.9040 65
85.9360 86.0000 68
86.0320 86.2240 70
86.2560 86.2560 67
86.2880 86.3200 65
86.3520 87.1520 63
87.7920 87.9200 70
87.9520 88.0800 72
88.1120 88.1440 69
88.1760 88.2400 66
88.2720 88.4640 67
88.4960 88.5600 66
88.5920 88.7840 65
88.8160 88.9760 63
89.1680 89.2320 70
89.2640 89.2960 71
89.3280 89.5520 72
89.6800 89.8080 65
89.8400 90.0960 67
90.1280 90.3520 65
90.6400 90.9280 63
91.1840 91.2800 62
91.3120 92.8800 63
102.0320 102.1280 64
102.1600 102.3200 67
102.4800 102.7040 70
103.0240 103.1840 63
103.2160 103.7600 65
103.7920 103.9520 67
104.1120 104.1760 66
104.2080 104.4640 65
104.7520 104.7840 62
104.8160 105.1680 63
105.2000 106.6400 65
107.7600 107.8240 65
107.8560 107.9840 67
108.1440 108.3360 70
108.3680 108.3680 68
108.5280 108.5920 62
108.6240 108.7200 63
108.8480 109.3280 65
109.3600 109.5520 67
109.7440 110.1280 70
110.2880 110.5440 65
110.7040 112.0160 63
113.5200 113.5520 66
113.5840 113.7440 67
113.8720 114.0640 70
114.3520 114.5120 63
114.5440 114.5760 64
114.6080 115.0560 65
115.0880 115.3120 67
115.4400 115.5360 67
115.5680 115.8240 65
115.9520 116.0480 62
116.0800 116.2720 63
116.3040 116.4320 65
116.4640 116.5920 67
116.7200 116.8800 70
116.9120 116.9120 68
117.0400 117.1360 62
117.1680 117.2640 63
117.4240 117.6160 65
117.8080 117.8720 66
118.0000 118.2880 67
118.3200 118.3520 66
118.3840 118.6720 65
118.8320 118.8640 62
118.8960 119.2160 63
119.9200 120.0160 66
120.0480 120.2400 67
120.2720 120.5600 70
120.5920 120.5920 67
120.6240 120.6240 65
120.6560 120.9440 63
120.9760 121.1680 65
121.3280 121.4240 66
121.4560 121.6160 67
121.7760 121.8400 67
121.8720 122.2240 65
122.4480 122.4800 65
122.5120 122.5760 66
122.6080 123.9200 67
124.8800 124.9760 65
125.0080 125.2320 67
125.2640 125.4880 70
125.5200 125.5520 69
125.8080 126.0320 63
126.0640 126.2240 65
126.4160 126.5120 65
126.5440 126.9280 67
126.9600 126.9920 66
127.0240 127.2800 65
127.4400 127.6320 63
127.7920 127.8880 68
127.9200 128.1120 70
128.1440 128.5600 67
128.5920 128.7520 65
128.7840 128.8160 64
128.8480 129.1040 63
129.2640 129.3920 63
129.4240 129.6160 65
129.7440 129.8720 65
129.9040 130.0640 67
130.0960 130.5120 63
130.5440 130.8320 62
131.3440 131.3760 65
131.4080 131.4400 66
131.4720 131.6640 67
131.6960 132.1440 70
132.1760 132.2080 71
132.2400 132.3680 72
132.4000 132.4000 70
132.4320 132.7200 67
132.7520 132.8160 66
132.8480 133.2640 65
133.2960 133.4560 67
133.4880 133.5200 65
133.5520 133.5840 64
133.6160 135.1840 63
136.3360 136.5920 62
136.6240 136.6880 59
136.7200 136.9760 58
137.0080 137.0400 59
137.0720 137.2640 60
137.4560 137.9680 63
138.0000 139.0240 65
139.0560 139.4400 67
139.6000 139.6960 66
139.7280 141.2960 67
141.7440 141.8400 68
141.8720 142.5120 70
142.5440 142.6720 72
142.7040 142.8960 66
142.9280 143.0240 67
143.0560 143.0880 66
143.1200 143.6000 65
143.6320 143.9200 67
144.0480 144.5280 70
144.5600 144.6880 66
144.7200 146.5760 67
147.3440 147.5040 70
147.5360 147.6960 72
147.7280 147.8560 71
147.8880 148.0480 72
148.0800 148.0800 70
148.1120 148.1440 68
148.1760 148.4320 67
148.4640 148.4960 71
148.5280 148.6560 72
148.6880 148.6880 69
148.7200 149.2000 67
149.2320 149.3920 68
149.4240 150.1920 70
150.5760 150.8640 70
150.9920 151.1840 72
151.2160 151.6320 67
151.6640 151.8880 70
151.9200 151.9200 67
151.9520 151.9520 65
151.9840 152.8800 63
153.4880 153.6160 70
153.6480 153.7440 72
153.7760 154.2560 67
154.2880 154.5120 65
154.5440 154.6400 63
154.8000 154.9600 70
154.9920 155.2160 72
155.2480 155.6960 67
155.7280 155.9840 65
156.0160 156.2080 67
156.4320 156.5600 68
156.5920 158.3840 70
159.1840 159.3120 61
159.3440 159.4400 63
159.4720 159.5360 60
159.5680 159.8880 58
159.9200 160.1440 60
160.3040 160.7840 63
160.8160 161.7120 65
161.7440 161.8720 69
161.9040 162.2560 70
162.4480 162.4800 65
162.5120 162.6080 66
162.6400 164.2080 67
164.5600 164.7200 67
164.7520 165.1680 70
165.2960 165.5200 72
165.6480 165.7440 66
165.7760 165.9040 67
166.0640 166.4800 65
166.5120 166.8320 67
166.8640 167.3120 70
167.3440 167.4400 68
167.4720 167.6320 66
167.6640 169.1360 67
170.6080 170.7680 70
170.8000 170.9280 72
170.9600 170.9600 69
170.9920 171.2800 67
171.3120 171.5040 72
171.6640 171.9840 74
172.0160 172.2400 72
172.2720 173.1040 74
173.4240 173.5840 68
173.6160 173.7760 70
173.8080 174.3200 67
174.4480 175.0880 74
175.1200 175.9200 75
176.3360 176.4000 70
176.4320 176.4640 71
176.4960 176.5920 72
176.7520 176.7840 66
176.8160 177.1360 67
177.1680 177.3600 65
177.3920 177.5520 63
177.5840 177.6160 67
177.6480 177.7760 70
177.8080 178.0320 72
178.0640 178.2560 66
178.2880 178.5120 67
178.5440 178.8320 65
178.8640 179.2800 67
179.3120 179.3760 68
179.4080 181.0720 70
181.2000 181.2640 70
182.0320 182.1280 61
182.1600 182.3840 62
182.4160 182.4800 59
182.5120 182.7040 58
182.7360 182.8000 59
182.8320 183.0560 60
183.2480 183.2800 62
183.3120 183.6640 63
183.6960 183.7280 64
183.7600 184.7200 65
184.7520 184.7840 66
184.8160 185.1360 67
185.3600 185.5200 66
185.7120 186.2880 67
187.4720 187.6000 68
187.6320 187.9840 70
188.0160 188.0480 69
188.0800 188.2400 66
188.2720 188.3680 67
188.4960 188.5600 66
188.5920 188.7200 65
188.8480 189.4240 63
189.4560 189.5200 65
189.7440 190.1920 67
190.2240 190.3840 65
190.4160 191.6960 67
193.1040 193.4240 72
193.4560 193.5840 70
193.6160 193.7440 72
193.7760 194.1600 67
194.1920 194.5440 65
194.5760 195.0880 67
195.1200 195.8240 70
196.3360 196.5920 70
196.7520 196.9440 67
196.9760 197.2960 65
197.3280 197.3920 67
197.4240 197.6160 70
197.6480 197.7120 66
197.7440 198.5120 63
199.2160 199.3120 70
199.3440 199.4720 72
199.5040 199.5040 70
199.5360 199.6640 66
199.6960 199.9520 67
199.9840 200.2080 65
200.2400 200.3680 63
200.5600 200.6240 70
200.6560 200.6880 71
200.7200 200.9120 72
200.9440 201.0080 71
201.0400 201.1680 66
201.2000 201.4560 67
201.4880 201.7440 65
201.7760 201.9680 67
202.1600 202.2880 68
202.3200 204.1760 70
205.0400 205.1040 63
205.1360 205.2000 62
205.2320 205.2640 60
205.2960 205.5200 58
205.5520 205.5840 59
205.6160 205.8080 60
206.0000 206.5120 63
206.5440 207.4080 65
207.4400 207.4720 68
207.5040 207.5680 69
207.6000 208.0160 70
208.1760 208.3040 65
208.3360 209.2960 67
209.3280 209.6160 65
209.6480 209.8400 63
210.2560 210.4160 67
210.4480 210.8640 70
210.9920 211.2160 72
211.2480 211.3120 71
211.3440 211.6000 67
211.7280 212.1760 65
212.2080 212.5280 67
212.5600 212.9760 70
213.0720 213.2640 65
213.2960 215.2160 67
216.3040 216.3040 68
216.3360 216.4320 70
216.4640 216.5920 72
216.6240 216.6240 70
216.6560 216.9760 67
217.0080 217.2000 72
217.3600 217.4560 74
217.4880 217.6800 75
217.7120 217.9040 72
217.9360 218.8320 74
219.1520 219.3120 68
219.3440 219.4720 70
219.6000 220.0160 67
220.1440 220.7520 74
220.7840 221.7120 75
222.0960 222.1920 70
222.2240 222.3520 71
222.4800 222.7040 67
222.8320 222.8960 66
222.9280 223.0880 65
223.1200 223.3120 63
223.3440 223.3760 69
223.4080 223.7600 72
223.7920 223.7920 70
223.8240 224.2720 67
224.3040 224.5600 65
224.5920 225.0400 67
225.0720 227.4080 70
