18.5760 18.8960 48
19.0880 19.3120 48
19.5360 19.8880 48
20.0480 20.1120 48
20.3360 20.6240 48
20.8160 20.8800 48
20.9120 20.9760 49
21.0080 21.3920 50
22.4480 22.6080 48
22.9280 23.1200 48
23.4720 23.6960 48
24.2400 24.4640 48
24.7200 24.8480 48
24.8800 24.9440 49
24.9760 25.3280 50
25.8400 25.9040 52
25.9360 26.1920 53
26.3520 26.6080 53
26.8320 26.9280 48
26.9600 26.9920 49
27.0240 27.2800 50
27.3120 27.3760 49
27.4080 27.5040 48
27.7920 28.2400 50
29.2320 29.3280 51
29.3600 29.3920 52
29.4240 29.5840 53
29.7120 30.4160 51
30.8000 30.8960 48
31.1520 31.1840 48
31.2160 31.2480 49
31.2800 32.0480 50
32.0800 32.2080 49
32.2400 32.7520 48
33.5840 33.7120 48
33.8400 33.9680 48
34.1280 34.4160 48
34.5440 34.7040 48
34.8320 35.0240 48
35.4400 35.9840 48
36.2720 36.3360 48
36.3680 36.4320 49
36.4640 36.8800 50
37.4560 37.7440 48
37.9680 38.2560 48
38.5120 38.9600 48
39.4080 39.5360 51
39.5680 39.7280 53
39.8880 40.1120 53
40.1440 40.2080 52
40.3680 40.4960 48
40.5280 40.7200 50
40.8160 40.9760 51
41.0080 41.2320 53
41.2640 41.2960 52
41.3280 41.5840 51
41.8080 41.9040 48
41.9360 42.0000 49
42.0320 42.3520 50
42.6080 42.7040 48
42.7360 42.8000 49
42.8320 43.0560 50
43.4720 43.6960 48
44.7520 44.9120 51
44.9440 45.3600 53
45.3920 45.9680 51
46.6720 46.8320 48
46.8640 47.3440 50
47.3760 47.5040 48
49.5520 49.6800 53
49.7120 50.3520 55
50.4800 50.8640 55
50.9920 51.8880 57
51.9200 51.9200 55
52.9440 53.1040 58
53.1360 53.2640 60
53.4560 53.5520 57
53.5840 53.7760 59
53.9360 54.5120 58
54.5440 54.8000 59
54.8640 54.8960 59
54.9280 55.4720 58
55.7920 55.8240 60
55.8560 55.9840 61
56.0160 56.1760 62
56.3360 57.0080 62
57.0400 57.3600 60
57.7760 57.9360 60
57.9680 58.5760 62
58.7360 58.8320 62
58.8640 58.9600 63
58.9920 59.2800 60
59.7600 60.2400 55
60.2720 60.3360 57
60.3680 60.6240 58
61.2000 61.3600 58
61.3920 61.7760 60
61.9680 62.1280 58
62.1600 63.7920 60
65.5520 65.7120 58
65.7440 65.8400 60
65.8720 65.9040 59
66.0960 66.1600 59
66.1920 66.3840 60
66.5440 66.8960 60
67.0240 67.1840 60
67.2160 67.3760 58
67.5680 67.8240 58
67.9520 68.0480 57
68.2400 69.2320 60
69.2640 69.3280 58
69.7440 70.0320 58
70.0640 70.2880 60
70.3200 70.6720 53
70.7040 71.0560 60
71.1200 71.2480 58
71.3760 71.6960 58
72.2720 72.4640 65
72.4960 72.7520 62
72.7840 73.2000 59
73.2320 73.5200 55
73.5520 74.0960 58
74.8320 74.9600 57
74.9920 75.8880 58
77.1360 77.5840 60
77.6160 79.0560 62
79.0880 80.4640 60
80.8160 80.9440 65
80.9760 81.3600 59
81.6160 81.6800 58
81.7120 82.2240 60
82.4800 82.5440 61
82.5760 82.6720 60
82.7040 82.9280 58
82.9920 83.3760 58
83.7280 84.6240 60
84.6560 85.1680 58
85.3600 85.6160 58
85.8720 86.7680 60
86.9920 87.1840 58
87.5680 87.7600 58
87.7920 87.9840 60
88.0160 88.2720 62
88.3040 88.4960 60
88.5280 88.6240 58
88.9120 88.9120 55
89.0080 89.0080 57
89.1360 89.2960 58
89.5200 89.6480 56
90.9280 90.9920 58
91.1840 91.6320 60
91.6640 91.9840 62
92.2080 92.2720 61
92.5920 92.6240 61
92.6560 92.9760 62
93.0080 93.9680 63
94.5440 94.6400 64
95.1840 95.2800 65
95.3120 95.4080 62
95.4400 95.5040 61
95.5360 95.7920 60
95.9840 96.1120 54
96.1440 96.3360 55
96.5280 96.5280 55
96.5600 96.7520 58
96.8160 96.8480 58
97.0400 97.4560 58
97.4880 97.6800 59
97.7120 98.1280 58
98.1600 98.1920 59
98.2240 98.5760 60
98.7360 98.8640 58
98.8960 99.1520 57
99.5040 99.7920 58
99.9520 100.0480 60
100.0800 100.1760 62
100.2080 100.2400 61
100.4000 100.5920 57
101.3280 101.5200 48
102.0000 102.4480 48
102.9600 103.1840 48
103.7920 103.8560 48
103.8880 103.9520 49
104.2720 104.4640 58
105.0400 105.4560 50
105.4880 105.6800 51
105.7120 105.8400 53
106.0000 106.2880 49
106.3200 106.3840 48
106.9920 107.0560 49
107.0880 107.3760 50
107.4080 107.6320 51
107.6640 107.7600 53
107.9520 108.0480 49
108.0800 108.1760 50
108.2080 108.3040 48
109.1360 109.2320 58
109.5520 109.7440 58
110.0320 110.1600 58
110.5120 110.6720 49
110.7040 110.8960 50
111.8240 112.0480 59
112.4640 112.5920 60
112.6240 114.5440 62
117.3600 117.5520 58
117.8400 117.9040 57
118.9600 119.0880 55
119.1200 119.1520 50
119.4080 119.7280 48
120.2080 120.4960 49
120.8800 121.0400 50
125.3280 125.5200 60
125.5520 125.8720 58
126.0320 126.1920 60
126.2240 126.3840 62
126.5120 126.6400 60
126.6720 126.8320 62
127.0240 127.1520 60
127.1840 127.3440 58
127.6960 129.1360 60
129.1680 129.2000 58
129.4240 129.8080 58
130.1600 130.3520 58
130.3840 130.8000 60
130.9920 130.9920 60
131.0560 131.2480 61
131.2800 131.6640 58
131.8240 132.9760 60
133.0080 133.6160 58
134.0000 134.4160 60
134.4480 134.6720 62
134.7040 134.8000 59
134.8320 135.1200 58
135.1520 135.2480 57
135.4400 135.9520 58
136.7840 136.8800 53
136.9120 137.1040 55
137.1360 138.0960 58
138.5760 138.8960 55
139.0560 139.4400 60
139.4720 140.9760 62
141.0080 142.4160 60
142.7040 142.7680 63
142.8960 143.1200 59
143.1520 143.2800 60
143.4400 143.5680 59
143.6000 144.1760 60
144.4000 144.6240 60
144.6560 144.8160 62
144.8480 145.2640 58
145.6480 145.6800 59
145.7120 146.5440 60
146.5760 147.0560 58
147.3120 147.4080 58
147.4400 147.4720 59
147.5040 147.6640 60
147.7920 148.4960 60
148.5280 149.1360 58
149.5200 149.6800 58
149.7120 149.9040 60
149.9360 150.1920 62
150.2240 150.3520 60
150.3840 150.4480 59
150.4800 150.6080 58
150.6400 150.9280 55
150.9600 151.4080 58
151.4400 151.6320 57
152.3360 152.5920 55
152.6240 152.9440 58
153.1040 153.5520 60
153.5840 153.8720 62
154.0960 154.4800 58
154.5120 154.5440 61
154.5760 154.9600 62
154.9920 156.0800 63
156.9440 157.0720 61
157.1040 157.3280 62
157.3600 157.7440 60
158.0320 158.2560 55
158.4160 159.8240 58
159.9520 160.4640 62
165.9680 166.0640 67
166.2560 166.3840 60
166.4160 166.5440 62
166.7040 166.8320 61
166.8640 167.0240 62
167.1840 167.8880 62
167.9200 168.0160 60
168.1440 168.5920 60
168.8800 168.9440 60
168.9760 169.8400 62
169.8720 170.4160 60
170.5440 170.6720 61
170.7040 171.7280 62
171.7600 172.3680 60
172.7200 173.1360 62
173.1680 173.4240 63
173.4560 173.6480 61
173.6800 173.8400 60
173.8720 174.1280 58
174.1600 174.8640 60
175.3760 175.5680 55
175.6000 175.8240 57
175.8560 177.0080 60
177.2320 177.5840 57
177.7440 178.2240 62
178.3520 179.6960 64
179.7280 181.3920 62
181.4240 181.6160 67
181.6480 181.7120 69
181.8720 182.0640 62
182.1920 182.2880 60
182.3200 182.9280 62
183.1520 183.3440 62
183.6320 184.1120 48
184.6240 185.3920 62
185.4240 185.5520 60
185.7760 185.8400 60
186.0000 186.2880 60
186.5120 187.3440 62
187.3760 187.5040 60
187.7280 187.7920 60
188.0480 188.1760 59
188.2080 188.3680 60
188.4000 188.5280 62
188.6560 188.8160 64
188.9440 189.1360 62
189.4240 189.5840 57
189.6160 189.7120 60
189.9040 190.1920 60
191.3120 191.5680 60
191.7280 191.7920 61
191.8240 192.2080 62
192.4000 192.5600 60
192.7840 192.7840 62
192.8160 192.9120 67
192.9440 192.9440 65
193.2320 193.2640 63
193.2960 193.6480 64
193.6800 194.8640 65
195.6960 195.7280 62
195.7600 195.9200 63
195.9520 196.1440 64
196.1760 196.2080 63
196.2400 196.5600 62
196.8800 197.0400 62
197.0720 197.1040 61
197.1360 197.3600 60
197.4880 197.5520 60
197.6800 197.8080 64
197.8400 198.2880 60
198.3200 199.7920 64
214.0640 215.8240 67
215.9520 216.2080 67
