27.7600 28.1440 62
28.6560 28.7840 56
28.8160 29.0400 57
29.8400 30.0000 60
30.1600 30.2560 57
30.5760 30.6720 57
30.9920 31.7600 59
31.7920 32.0160 62
32.1760 32.4000 62
32.5280 32.9120 57
33.3600 34.0640 57
34.2560 34.3200 70
34.3520 34.4800 69
34.5120 34.8320 66
34.8640 35.4720 62
35.5040 35.6000 64
35.7600 37.6480 66
38.0320 38.3520 62
38.3840 38.8960 64
38.9280 39.1840 66
39.2160 39.6960 69
39.8560 40.1760 69
40.2080 40.3040 67
40.4640 40.5920 67
40.6240 41.1680 66
41.2000 41.2960 65
41.3280 41.7760 62
41.8080 41.9680 60
42.0000 42.3520 59
43.0240 43.0880 55
43.2160 43.2800 57
43.6320 43.7280 58
43.7600 44.1120 59
44.1440 44.4320 62
44.5600 44.6560 59
44.6880 45.0720 58
45.2320 46.6400 57
46.6720 47.6320 56
47.8560 47.8880 57
47.9200 48.0160 58
48.1760 48.3040 59
48.4640 48.6240 59
48.7520 49.2000 62
49.3280 49.3920 59
49.4240 49.6160 57
50.2560 50.3840 58
50.5440 50.9920 57
51.1840 51.6640 57
52.3360 52.5600 57
52.5920 52.5920 62
52.6240 52.8160 65
52.9760 53.3920 66
53.5200 53.9680 69
54.0000 54.1600 67
54.1920 54.2560 64
54.2880 54.5120 62
54.7040 55.0560 62
55.0880 55.4080 64
55.4400 55.4720 62
55.5680 55.6000 61
55.6320 55.7600 63
55.7920 56.3040 64
57.4560 57.8400 66
57.8720 58.6400 69
58.8000 59.7920 69
59.9200 60.1440 66
60.1760 60.7840 65
60.8160 61.6480 66
62.0000 62.5440 65
62.6720 63.9520 62
64.0800 64.3040 66
64.4640 64.7840 66
64.8160 64.9120 68
64.9440 65.1360 65
65.3280 66.1280 64
66.8000 67.1520 65
67.1840 67.3120 62
67.3440 67.4400 59
67.4720 67.6000 57
67.7280 67.9520 57
67.9840 68.0800 56
68.3040 68.4320 57
68.4640 68.5920 58
68.6240 68.8160 59
68.9440 69.1360 63
69.1680 71.1840 62
74.4480 74.5760 72
74.7680 74.8640 72
74.8960 75.0880 73
75.3440 75.4080 72
81.4880 81.6160 69
82.9600 83.0240 56
90.5120 90.7680 57
91.0240 91.0880 57
91.2480 91.5040 59
91.8560 92.3040 55
92.4320 93.2320 59
93.2640 93.8080 62
94.0000 94.1600 58
95.7280 95.9840 69
96.0160 96.3040 66
96.3360 96.4000 64
96.4320 96.8480 62
96.8800 97.1360 64
97.2640 98.8320 67
98.8640 99.2480 66
99.6640 99.8560 62
99.8880 99.9520 63
99.9840 100.4960 64
100.5280 100.7520 66
100.8800 100.9440 71
100.9760 101.0080 70
101.0400 101.8400 69
101.8720 102.0960 67
102.1280 102.2560 66
102.4480 102.8960 66
102.9280 103.1840 62
103.2160 103.5680 59
103.6640 104.1440 59
104.4640 104.9120 57
105.2960 105.4880 58
105.5200 105.8080 60
105.8400 106.0960 62
106.1280 106.2880 59
106.4160 106.5120 61
106.5440 106.5760 59
106.6080 106.7040 58
106.8320 107.0560 58
107.2480 107.6960 57
107.8240 107.9200 57
108.0480 108.2400 57
108.4000 108.4640 56
108.6880 108.9760 56
109.4560 109.6480 58
109.8080 110.2880 59
110.3200 110.8960 62
110.9280 111.0240 60
111.0560 111.2160 57
111.5360 111.7280 55
111.7920 112.2720 57
112.4640 112.6240 57
114.0000 114.0960 57
114.2240 114.4160 65
114.5440 114.7040 66
114.8320 115.0880 67
115.1200 115.5680 70
115.6960 115.8240 66
115.8560 115.9840 63
116.0160 116.1440 62
116.3040 116.4320 63
116.4640 116.6240 62
116.6560 116.9760 65
117.0080 117.3600 64
117.5200 117.6160 65
117.6480 117.9680 64
118.4160 118.5440 64
119.1200 119.1840 66
119.2160 119.4720 67
119.5040 119.5680 68
119.6000 120.3360 69
120.4960 121.4560 69
121.6160 121.8080 66
121.8400 122.4480 65
122.4800 122.5440 67
122.5760 123.3760 66
123.6640 124.2080 64
124.2400 124.4960 62
124.6240 125.6160 62
125.8080 126.0640 67
126.0960 126.1920 70
126.2240 126.6400 67
126.6720 126.8960 64
126.9280 128.0800 65
128.4320 128.8160 65
128.8480 128.9440 62
128.9760 129.0400 59
129.0720 129.2000 57
129.3600 130.1600 57
130.2560 130.3200 57
130.3520 130.4160 59
130.5440 132.2400 62
157.6480 157.7760 69
159.6320 159.7600 62
162.4480 162.5760 59
163.6320 164.3680 59
164.4000 164.4640 62
164.4960 164.5920 63
164.7840 165.0080 62
165.0400 165.0400 59
165.2320 165.2320 60
165.9360 166.7360 57
166.8640 167.0880 69
167.1200 167.2160 67
167.2480 167.4400 66
167.4720 167.5040 65
167.5360 167.6320 62
167.7600 168.0160 62
168.0480 168.1760 64
168.2080 168.2720 65
168.4640 168.9440 67
168.9760 169.3280 66
169.3600 169.9360 67
169.9680 170.6080 66
170.7360 170.9600 62
170.9920 171.1200 63
171.1520 171.6320 64
171.7920 171.9200 66
171.9520 172.1760 67
172.2080 172.8800 69
172.9120 173.0080 67
173.1360 173.9040 67
173.9360 174.0320 64
174.0640 174.1920 62
174.4160 175.1840 59
175.2160 175.3120 62
175.5360 175.6320 58
175.6640 176.3040 57
176.4640 176.5920 59
176.7200 176.9120 59
176.9440 177.1360 62
177.2960 177.3600 59
177.5200 177.5840 59
177.7760 178.0000 58
178.0320 178.3200 57
178.5760 178.7040 57
178.7360 178.9920 58
179.0240 179.2800 57
179.3120 179.5680 56
179.6960 180.1440 57
180.4960 180.6240 57
180.9120 181.2960 59
181.4880 181.6480 62
181.6800 181.7440 64
181.7760 181.9040 62
182.3200 182.3840 64
183.0880 183.2800 58
183.3120 183.4400 57
183.6320 183.7280 57
183.9520 184.4640 57
184.4960 184.5920 58
185.3600 186.1600 67
186.2880 186.3520 72
186.3840 186.7360 70
186.8640 186.9920 66
187.0240 187.0880 64
187.1200 187.3440 62
187.5040 187.5680 62
187.7280 187.7600 62
187.7920 188.1440 64
188.1760 188.4320 65
188.4640 188.5280 64
188.6880 189.3920 64
190.2560 190.3200 64
190.3520 190.4160 66
190.4480 190.6400 67
190.6720 190.7360 68
190.7680 191.4720 69
191.6320 192.5280 69
192.5600 192.6560 67
192.8160 193.1040 66
193.1360 193.3920 64
193.4240 193.6800 65
193.7120 194.5120 66
194.8320 195.2480 64
195.2800 195.3440 65
195.3760 195.4720 63
195.5040 195.6640 62
195.7920 196.9120 62
196.9440 196.9760 65
197.0080 197.2960 67
197.3280 197.6800 66
197.7120 197.8400 68
197.8720 199.2800 65
199.6320 199.9840 65
200.0160 200.1440 62
200.1760 200.3680 58
200.5280 201.0400 57
201.3920 201.5840 60
201.7760 202.1600 62
208.4000 208.5920 59
209.0720 209.2960 62
209.3280 209.4560 64
209.4880 209.5520 65
211.0880 211.1840 69
211.5040 212.3040 69
212.8480 213.0080 67
