10.3840 10.6080 62
10.6400 11.5040 61
11.6960 12.5920 59
12.7200 13.0080 57
13.2640 13.4560 59
13.4880 13.5840 57
13.7760 14.6720 55
14.7040 15.7600 54
15.7920 16.6880 52
16.9120 17.4560 62
18.1920 18.2240 61
18.2560 18.9280 62
18.9600 19.3120 61
19.3440 19.4720 62
19.5040 19.8880 61
20.0160 20.9440 59
21.1040 21.2640 57
21.3920 21.5200 62
21.5520 21.8080 59
21.8400 21.9360 57
22.0960 22.1280 54
22.1600 23.0560 55
23.0880 23.9200 54
26.5120 26.6080 60
26.6400 27.4080 62
27.4400 28.5600 61
28.5920 28.7520 59
28.9120 29.0400 61
29.0720 29.2320 60
29.2640 29.3280 59
29.3600 29.3920 58
29.4240 29.8720 57
30.8000 31.3440 62
31.3760 32.6880 61
32.7200 33.0400 59
33.0720 33.2000 61
33.2320 33.3280 60
33.3600 33.5200 59
33.5520 33.7120 55
33.8400 34.1280 57
34.8960 35.0880 65
35.1200 35.5680 66
35.6000 36.1760 64
36.5280 36.6880 59
36.7200 37.0400 62
37.0720 37.6480 66
37.6800 38.3840 64
39.0880 39.0880 63
39.1200 39.1520 65
39.1840 39.2800 66
39.3120 39.5040 64
39.5360 39.5680 65
39.6000 39.7920 66
39.8240 40.0480 67
40.0800 40.1760 65
40.2080 40.4000 66
40.4320 40.8160 62
40.8480 40.8800 63
40.9120 41.2640 64
43.2480 43.2480 58
43.2800 43.3120 61
43.3440 43.9200 62
43.9520 44.5920 61
44.7840 45.1360 61
45.1680 45.2000 60
45.2320 45.5520 59
45.5840 45.6800 61
45.7120 45.9040 60
45.9360 46.0320 59
46.1600 46.2240 57
46.3520 46.4800 57
47.4080 47.4720 61
47.5040 48.0480 62
48.0800 49.3600 61
49.3920 49.4240 60
49.4560 49.7440 59
49.7760 49.9360 61
49.9680 50.0320 60
50.0640 50.1600 59
50.5440 50.8000 57
51.5680 51.6320 65
51.6640 52.3040 66
52.3360 52.4960 64
52.5280 52.6240 63
52.6560 52.9760 64
53.1360 53.3920 59
53.4240 53.7120 62
53.7440 53.9040 65
53.9360 54.3200 66
54.3520 54.4160 65
54.4480 55.0560 64
55.7280 55.7920 64
55.8240 55.9520 66
55.9840 56.2080 64
56.2400 56.4640 66
56.4960 56.8800 67
56.9120 57.1360 69
57.1680 57.4560 66
57.4880 57.6800 65
57.7120 57.8720 66
57.9040 58.1600 64
58.1920 58.2880 63
58.6400 58.8000 62
58.9600 58.9600 67
58.9920 59.5360 69
59.6640 59.8240 66
59.9840 60.4000 69
60.7200 60.9440 62
60.9760 61.0080 65
61.0400 61.0720 68
61.1040 61.6160 69
61.7760 61.9040 66
61.9360 61.9680 65
62.0000 62.3840 64
62.8000 62.9280 62
63.1200 63.1840 68
63.3120 63.7280 69
63.7600 63.9840 66
64.1120 64.1120 67
64.1440 64.3360 69
64.3680 64.9120 66
64.9440 65.6160 64
65.6480 65.7120 67
65.7440 66.0000 69
66.0320 66.3200 66
66.3520 66.4480 64
66.4800 66.6080 62
66.9920 67.0880 62
67.2160 67.3440 62
67.3760 67.4400 61
67.4720 67.5680 64
67.6000 67.6960 63
67.7280 67.9200 64
67.9520 68.2080 62
68.2400 68.2400 66
68.2720 68.4320 68
68.4640 68.8480 69
69.0720 69.2000 62
69.3600 69.5200 62
69.5520 69.6800 64
69.8080 70.0000 64
70.0320 70.3200 62
70.3520 70.6720 64
71.1840 71.2800 56
71.3120 71.6000 57
71.6320 71.6640 61
71.6960 71.8560 62
71.8880 72.0480 64
72.1760 72.4000 62
72.4320 72.4320 64
72.4640 72.7520 67
72.7840 72.8480 66
72.9760 73.2000 62
73.2320 73.5520 67
73.5840 73.6800 66
73.7120 74.0000 62
74.0320 74.0640 66
74.0960 74.3520 67
74.3840 74.8320 66
74.8640 74.8960 68
75.0880 75.3120 61
75.3440 75.4720 62
75.6320 75.6320 67
75.6640 76.2400 69
76.3680 76.5920 66
76.6240 76.9760 69
77.4240 77.5520 62
77.6800 77.7120 64
77.7440 77.7440 67
77.7760 78.3200 69
78.4480 78.6400 66
78.6720 79.1200 64
80.0160 80.4000 69
80.5280 80.6560 66
80.6880 80.7520 65
80.7840 80.8800 67
80.9120 81.2640 69
81.2960 81.7120 71
81.7440 82.1920 73
82.3200 82.5120 74
82.6400 82.8320 74
82.8640 82.8640 71
82.8960 83.6320 66
83.7600 84.1440 62
84.1760 84.5920 64
84.6240 84.6880 63
84.7200 84.9120 62
84.9440 84.9440 64
84.9760 85.1040 67
85.1360 85.4880 69
85.8400 86.2240 62
86.2560 86.7040 64
86.7360 87.0560 62
87.0880 87.3760 64
87.4080 87.4720 63
87.8560 88.1120 57
88.1440 88.1440 60
88.1760 88.2080 63
88.2400 88.2720 64
88.3040 88.3360 65
88.3680 88.6560 66
88.6880 88.7200 65
88.7520 88.7840 64
88.8160 90.0960 62
90.2240 90.5760 62
92.0160 92.4320 62
93.9680 94.3840 62
105.8400 105.9040 58
105.9360 106.5760 62
106.6080 107.2480 61
107.4080 107.8880 61
107.9200 108.1120 59
108.1440 108.5280 61
108.5600 108.6240 59
108.6560 109.0720 57
110.0640 110.0960 61
110.1280 110.7360 62
110.7680 111.9840 61
112.0160 112.0480 60
112.0800 112.3360 59
112.3680 112.6560 61
112.6880 112.8160 59
113.1680 113.3920 57
114.1920 114.2560 64
114.2880 114.8640 66
114.8960 115.6960 64
115.7280 115.7280 61
115.7600 115.9840 59
116.0160 116.2080 62
116.2400 116.3040 61
116.3360 116.9440 66
116.9760 117.0080 65
117.0400 117.6800 64
118.3200 118.5120 66
118.5440 118.8320 64
118.8640 119.0880 66
119.1200 119.4720 67
119.5040 119.6960 69
119.8240 120.0480 66
120.0800 120.3040 65
120.3360 120.4960 66
120.5280 120.7840 64
120.8160 120.9120 63
121.2000 121.3920 62
121.5840 121.9040 69
121.9360 122.0320 68
122.0640 122.0960 69
122.2560 122.5120 66
122.5440 122.9600 69
123.3120 123.5360 62
123.5680 123.6000 65
123.6320 123.6960 68
123.7280 124.2400 69
124.3680 124.4960 66
124.5280 124.5920 65
124.6240 125.0400 64
125.4240 125.5200 62
125.6480 125.6800 65
125.7120 125.7120 67
125.7440 125.8080 69
125.9360 126.3520 69
126.3840 126.5760 66
126.7040 126.7040 67
126.7360 126.8960 69
126.9280 126.9600 68
126.9920 127.4720 66
127.5040 128.2720 64
128.3040 128.3040 66
128.3360 128.6240 69
128.6560 128.9440 66
128.9760 129.0400 64
129.0720 129.2000 63
129.6160 129.7120 62
129.8400 130.0640 62
130.0960 130.2240 64
130.2560 130.3520 63
130.3840 130.5120 64
130.5440 130.5760 63
130.6080 130.8000 62
130.8320 130.8320 64
130.8640 130.8960 67
130.9280 130.9920 68
131.0240 131.4400 69
131.9520 132.1440 62
132.1760 132.3040 64
132.4640 132.5920 64
132.6240 132.9120 62
132.9440 133.2960 64
133.7760 134.1920 57
134.2240 134.2560 61
134.2880 134.4800 62
134.5120 134.6400 64
134.8000 135.0240 62
135.0560 135.0560 64
135.0880 135.3760 67
135.4080 135.4400 66
135.5680 135.7920 62
135.8240 135.8560 66
135.8880 136.1760 67
136.2080 136.2720 66
136.3040 136.3040 64
136.3360 136.5600 62
136.5920 136.6560 65
136.6880 137.0720 67
137.1040 137.4240 66
137.4560 137.5520 67
137.5840 137.6160 66
137.6800 137.7120 62
137.7760 137.9360 61
137.9680 138.0640 62
138.2240 138.2560 68
138.2880 138.8640 69
138.9920 139.2160 66
139.2480 139.6000 69
140.0160 140.1440 62
140.2720 140.2720 65
140.3040 140.3040 67
140.3360 140.9440 69
140.9760 141.2000 66
141.2320 141.2640 65
141.2960 141.6800 64
142.0960 142.1920 62
142.4160 142.4800 66
142.6400 143.0240 69
143.1520 143.3440 66
143.3760 143.5040 67
143.5360 143.8560 69
143.8880 144.1760 71
144.2080 144.3360 72
144.3680 144.8160 73
144.9440 145.4240 74
145.4560 145.4560 72
145.4880 145.4880 70
145.5200 146.2240 66
146.2560 146.7360 62
146.7680 147.2800 64
147.3120 147.5360 62
147.5680 147.5680 65
147.6000 147.7280 67
147.7600 148.0480 69
148.4320 148.8160 62
148.8480 149.0080 64
149.1360 149.3280 64
149.3600 149.6160 62
149.6480 150.0320 64
150.0640 150.1280 63
150.4480 150.7040 57
150.7360 150.7360 59
150.7680 150.8000 63
150.8320 150.9280 64
150.9600 151.2800 66
151.3120 151.4080 64
151.4400 152.4320 62
154.8640 155.1520 62
155.1840 155.3440 64
155.3760 155.6000 62
155.6320 155.6320 65
155.6640 155.6640 69
155.6960 155.8880 71
155.9200 155.9520 72
155.9840 156.6560 73
156.6880 156.7200 71
156.7520 157.4880 69
159.0240 159.0560 67
159.0880 159.1200 68
159.1520 159.3760 69
159.5680 159.8880 68
160.1120 160.8160 67
160.8480 161.5200 65
163.3120 163.5040 62
163.5360 163.6960 64
163.7280 164.0160 62
164.0480 164.2720 64
164.3040 164.7200 65
164.7520 165.1040 63
165.1360 165.9040 62
165.9360 166.0960 61
166.2880 166.4800 58
168.1120 168.1760 69
168.5600 168.6240 72
168.6560 168.6880 73
168.7200 168.8480 74
169.3280 169.3600 73
169.3920 169.4880 74
169.8080 169.9360 74
171.1520 171.3120 74
175.8240 176.2400 63
176.2720 176.3360 62
176.3680 176.4000 60
176.6880 176.7840 59
177.7760 177.8400 67
177.8720 177.9040 68
177.9360 178.0640 69
178.3520 178.3840 73
178.4160 178.5120 74
184.1440 184.1760 68
184.2080 184.6240 69
184.8800 185.1040 66
185.1360 185.5200 69
185.9360 186.1600 62
186.1920 186.1920 65
186.2240 186.2240 67
186.2560 186.8320 69
186.9920 187.1520 66
187.1840 187.6320 64
188.0160 188.2080 62
188.2400 188.2720 65
188.3040 188.3040 67
188.3360 188.4000 69
188.5280 188.9440 69
188.9760 189.1680 66
189.2960 189.5520 69
189.5840 189.6160 67
189.6480 190.0960 66
190.1280 190.8320 64
190.8640 190.9280 67
190.9600 191.2160 69
191.2480 191.2800 67
191.3120 191.5680 66
191.6000 191.6640 64
191.6960 191.8560 62
192.2400 192.3040 62
192.4640 192.6880 62
192.7200 192.7840 64
192.8160 192.9440 63
192.9760 193.1360 64
193.1680 193.4560 62
193.4880 193.4880 64
193.5200 193.6480 67
193.6800 194.0640 69
194.2880 194.3840 62
194.5440 194.7680 62
194.8000 194.9280 64
195.0560 195.2480 64
195.2800 195.5360 62
195.5680 195.9520 64
196.3680 196.4640 57
196.5920 196.8160 57
196.8480 196.8800 61
196.9120 197.1040 62
197.1360 197.2960 64
197.4240 197.6480 62
197.6800 197.6800 65
197.7120 197.9680 67
198.0000 198.0640 66
198.1920 198.4160 62
198.4480 198.4480 64
198.4800 198.8000 67
198.8320 198.9280 66
198.9600 199.2160 62
199.2480 199.2800 65
199.3120 199.6320 67
199.6640 199.9840 66
200.0160 200.1120 67
200.1440 200.2720 66
200.5280 200.7840 62
200.8160 200.8160 64
200.8480 200.8480 66
200.8800 201.4560 69
201.6160 201.7120 66
201.7440 201.8080 67
201.8400 202.2880 69
202.6080 202.7680 62
202.8960 202.8960 65
202.9280 202.9280 67
202.9600 203.5360 69
203.6640 203.7920 66
203.8240 203.9520 65
203.9840 204.2720 64
204.3040 204.3360 62
204.3680 204.4320 61
204.7200 204.8800 62
205.0080 205.0720 67
205.2320 205.6480 69
205.6800 205.9360 66
205.9680 206.1280 67
206.1600 206.4800 69
206.5120 206.8640 71
206.8960 206.9600 72
206.9920 207.3120 73
207.3440 207.4400 74
207.5680 207.6640 74
207.8240 208.0800 74
208.1120 208.1120 71
208.1440 208.8160 66
208.8480 208.9760 60
209.0080 209.3600 62
209.3920 209.8720 64
209.9040 210.1280 62
210.1600 210.1600 65
210.1920 210.3200 67
210.3520 210.8000 69
211.0240 211.4400 62
211.4720 211.9520 64
211.9840 212.2400 62
212.2720 212.6560 64
212.6880 212.7520 63
213.1360 213.2000 58
213.3280 213.3600 60
213.3920 213.4240 63
213.4560 213.5200 64
213.5520 213.9360 66
213.9680 214.0320 64
214.0640 215.1840 62
215.2160 216.0160 61
216.2080 217.1360 59
217.3920 217.5520 57
217.7760 217.9360 59
217.9680 218.0000 58
218.0320 218.1280 57
218.3200 219.2160 55
219.2480 220.2080 54
220.3360 221.1360 52
221.3920 221.6480 57
221.6800 221.6800 59
221.7120 221.7760 62
221.8080 221.8720 64
221.9040 222.2240 66
222.2560 222.2880 65
222.3200 222.3840 64
222.4160 222.4480 62
222.4800 222.5440 61
222.5760 222.6080 59
222.7360 222.7360 60
222.7680 223.5360 62
223.5680 224.3680 61
224.5600 225.3920 59
225.5840 225.6480 57
225.8720 226.0960 57
226.1280 226.2880 59
226.3200 226.4800 57
226.7680 227.1840 55
227.3120 227.5680 55
227.6960 228.5600 54
228.6880 229.4560 52
229.7440 229.9680 57
230.0000 230.0320 59
230.0640 230.1280 62
230.1600 230.2240 64
230.2560 230.6400 66
230.6720 231.5360 62
