19.7600 20.0480 52
20.0800 20.4000 53
20.5600 20.9760 53
21.1040 21.4240 53
21.4560 21.5520 52
21.8400 21.9680 51
22.0000 22.1280 52
22.1600 22.4480 53
22.4800 22.7360 55
22.7680 22.8000 56
22.8320 22.8640 57
22.8960 23.1840 58
23.2160 23.2480 56
23.2800 23.5680 55
23.6000 23.6320 56
23.6640 23.7280 57
23.7600 25.1040 58
26.9600 27.0240 58
27.1520 27.5040 60
27.5360 27.7920 61
27.8240 28.0160 62
28.0480 28.5920 63
28.6240 28.8480 65
29.0080 29.0720 63
29.1040 29.1680 62
29.6160 29.6480 57
29.6800 29.8720 58
29.9040 30.1280 59
30.1600 31.6320 58
34.2560 34.5120 56
34.6400 35.4080 58
35.4400 35.5680 59
35.6000 36.0160 58
36.6560 36.8160 55
36.8480 36.9760 54
37.0080 37.5520 53
37.5840 37.6160 54
37.6480 37.8080 55
37.9680 38.0960 58
38.1280 38.2240 57
38.2560 38.3840 56
38.4160 38.6720 55
38.8320 38.8960 55
38.9280 39.0560 54
39.0880 39.1520 53
39.3440 39.4080 52
39.4400 40.0160 51
41.3280 41.4560 52
41.4880 41.9040 53
41.9360 42.2560 54
42.2880 42.5120 55
42.5440 42.8640 56
43.0240 43.1840 55
43.2160 43.2480 53
43.2800 43.3440 52
43.3760 43.6960 51
43.7280 43.7920 52
43.8240 44.0480 53
44.0800 44.2400 54
44.2720 46.0960 53
49.1360 49.2960 51
49.3280 49.4560 52
49.4880 50.4480 53
50.4800 50.5760 52
50.7680 50.9600 50
50.9920 51.1840 51
51.3120 51.5360 53
51.6640 51.7280 57
52.1120 52.2720 58
52.3040 52.3680 57
52.4000 53.0400 55
53.0720 53.1040 56
53.1360 53.2320 57
53.2640 54.0320 58
55.6000 55.6960 59
55.7280 56.5280 60
56.9440 57.6480 63
57.6800 57.8400 65
57.8720 58.3200 63
58.3520 58.4160 62
58.4480 58.4800 60
58.5120 58.5440 57
58.5760 58.8640 55
58.8960 58.9920 56
59.0240 59.0560 57
59.0880 59.2800 58
59.3120 59.6000 59
59.6320 60.1760 58
60.3360 61.2000 58
61.2320 61.3600 57
63.2480 63.2480 56
63.4400 63.7920 56
63.8240 63.8560 57
63.8880 64.3040 58
64.5920 64.6560 60
64.6880 64.7520 59
64.7840 65.4240 58
65.7440 65.9040 55
66.1920 66.4800 57
67.0560 67.8240 58
68.0480 68.1760 54
68.2080 68.2400 53
68.7840 68.8480 51
68.9760 69.0400 51
70.5760 70.6720 53
70.8000 70.9280 53
71.1520 71.9520 55
72.0800 72.4320 55
72.4640 72.4960 54
72.7840 72.9120 53
72.9440 73.2640 54
73.6160 73.8720 51
74.0320 75.1520 51
77.2000 77.2960 62
77.3280 78.1920 63
78.2240 78.7360 62
78.7680 78.9280 63
79.1520 79.2160 63
79.2480 79.7280 62
79.7600 79.8560 60
80.2400 80.4320 58
80.8160 81.1360 59
81.1680 82.1280 58
82.1600 82.2560 57
82.4480 82.9920 53
84.0800 84.1760 54
84.2080 84.3680 55
84.4000 84.6560 54
84.8160 84.9760 56
85.3600 85.5200 56
85.7120 85.8400 58
86.0000 86.2240 58
86.2560 86.2880 59
86.3200 86.4160 60
86.4480 86.4800 59
86.5120 87.2800 58
87.3120 87.3440 57
87.3760 87.4080 56
87.4400 87.7280 55
87.8560 88.0800 58
88.1120 88.3040 60
88.3360 90.5440 58
92.1120 92.2720 62
92.3040 92.8160 63
92.8480 93.2320 62
93.2640 93.4880 63
93.5200 93.7120 65
93.7440 93.8720 63
93.9040 94.1600 62
94.1920 94.2880 61
94.3200 94.4160 60
94.4480 94.7040 58
94.7680 95.2160 58
95.2480 95.4080 59
95.5360 95.6960 65
95.7280 95.8880 67
96.0160 96.1760 67
96.2080 96.2400 66
96.2720 96.3680 65
96.4000 96.4000 62
96.4320 97.0720 58
97.1040 97.1360 59
97.1680 98.0960 60
98.4800 98.6400 60
98.6720 98.7680 59
98.8000 98.8320 58
98.8640 98.8960 57
98.9280 99.0880 56
99.1200 99.6000 55
99.6320 99.9840 56
100.1120 100.3040 61
100.3360 100.5600 63
100.7520 101.2000 62
101.2320 101.6800 63
101.7120 101.8720 65
101.9040 102.3840 63
102.4160 103.0240 62
103.0560 104.9120 63
120.3360 120.7520 54
120.9120 121.1680 54
121.2000 121.3280 53
121.3600 121.3920 52
121.5200 121.9360 51
121.9680 122.1600 52
122.1920 122.2880 53
122.5120 123.1520 55
123.1840 123.2480 56
123.2800 123.4720 57
123.5040 123.7280 55
123.9200 125.1040 58
126.6080 126.8000 58
126.8320 126.8640 59
126.8960 127.7920 60
127.8240 127.9840 62
128.1440 128.7520 63
128.7840 128.9440 65
128.9760 129.3920 63
129.4240 129.4880 62
129.5200 129.5520 61
129.8720 130.0960 56
130.2880 130.4800 58
130.5120 130.7680 59
130.8000 130.8640 58
130.9920 131.7920 58
134.1600 134.3840 56
134.7360 134.8000 57
134.8320 135.3440 58
135.5360 136.4320 58
136.6240 136.6880 56
136.7200 136.9120 55
137.5200 137.6160 53
138.0320 138.3520 58
138.4800 138.9920 55
139.0240 139.1840 54
139.4080 139.7280 52
139.8560 139.9200 52
141.3280 141.8400 53
141.8720 141.9360 54
141.9680 142.6720 55
142.7040 142.8960 56
143.1200 143.2480 55
143.2800 143.4400 54
143.5680 143.6320 53
143.8240 144.0160 53
144.0480 144.2400 54
144.2720 144.3040 53
144.5280 144.6240 51
144.7840 146.1600 51
148.1120 148.2080 62
148.2400 149.2000 63
149.2320 149.6480 62
149.6800 149.8720 63
149.9040 150.0960 65
150.1280 150.6400 62
150.6720 150.7680 60
150.8000 150.9600 58
151.1200 151.4400 58
151.6960 152.8480 58
152.8800 152.9440 57
152.9760 153.5840 53
153.6160 153.7440 54
153.7760 154.2880 55
154.9920 155.0880 54
155.1200 155.4720 55
155.5040 156.1120 56
156.2400 156.4000 56
156.5600 157.0720 58
157.1040 157.3600 60
157.3920 157.6160 58
157.7760 158.2240 58
158.2560 158.6080 55
158.7360 158.9600 58
158.9920 159.1200 60
159.1520 162.2880 58
162.9600 163.1200 61
163.1520 163.6640 63
163.6960 164.1120 62
164.1440 164.3360 63
164.3680 164.5280 65
164.5600 164.9760 62
165.0080 165.1680 61
165.2000 165.2960 60
165.3280 165.4880 58
165.6160 165.8400 58
165.8720 166.0640 57
166.0960 166.1280 58
166.1600 166.2240 59
166.4480 166.6400 65
166.6720 166.8000 67
166.9280 167.1200 67
167.1520 167.2160 66
167.2480 167.3120 65
167.3440 167.3440 62
167.3760 168.0160 58
168.0480 168.1120 59
168.1440 168.9120 60
169.3600 169.5520 60
169.5840 169.7760 58
169.8080 170.0320 56
170.0640 170.5120 55
170.5440 170.8320 56
171.0240 171.1840 62
171.2160 171.4080 63
171.5680 172.1120 62
172.1440 173.0080 63
173.0400 173.4880 62
173.5200 175.1200 63
177.5520 177.6800 60
177.8080 178.4480 63
178.4800 178.8000 60
178.9920 179.1200 63
179.1520 179.5680 65
179.6000 179.6320 64
179.6640 179.9840 63
180.0160 180.2720 62
180.3040 180.7840 63
180.8160 180.8800 62
180.9120 181.8720 58
181.9040 181.9360 56
181.9680 182.6400 55
182.6720 182.7360 57
182.7680 183.2800 58
183.3760 183.8240 58
184.8480 184.9760 56
185.0080 185.1040 59
185.1360 185.4560 60
185.4880 185.6480 58
185.8080 186.7680 58
186.9600 187.4400 63
188.0800 189.2320 58
189.3600 189.5840 58
189.6160 189.6800 56
189.8720 190.4480 53
190.4800 190.7040 54
191.4720 191.5360 54
191.7280 191.8880 54
191.9840 192.3360 58
193.1680 193.6160 58
194.0960 194.3520 53
195.0880 195.4400 53
195.4720 195.6000 55
195.6320 195.7600 57
195.7920 195.8560 62
196.4320 196.6240 58
196.9440 197.2000 58
197.2320 197.9680 60
198.0640 198.1600 60
198.3200 198.6400 60
198.6720 198.8000 62
198.9600 199.2160 62
199.3440 200.0480 63
200.1440 200.8800 60
200.9120 201.6480 63
201.6800 201.8400 61
201.8720 202.2240 63
202.2560 202.5760 60
202.8000 202.8960 66
202.9280 203.1520 67
203.1840 203.4080 65
203.4720 204.6240 65
205.3280 205.4560 58
205.4880 205.6160 60
205.8080 206.3840 62
206.4160 207.3440 63
207.3760 207.7600 62
207.7920 207.9840 63
208.0160 208.2080 65
208.2400 209.0080 62
209.2000 209.6160 58
209.7760 210.9600 58
210.9920 211.0560 57
211.0880 211.1200 55
211.1520 211.6960 53
211.7280 212.1440 54
213.1360 213.2640 54
213.2960 213.6800 55
213.7120 214.5760 56
214.7040 214.7360 57
214.7680 215.2480 58
215.2800 215.3440 59
215.3760 215.5040 60
215.5360 216.3040 58
216.3360 216.3680 57
216.4000 216.4320 56
216.4640 216.7520 55
216.9120 217.1360 58
217.1680 217.3600 60
217.3920 219.0560 58
221.1680 221.2640 61
221.2960 221.9040 63
221.9360 222.3200 62
222.3520 222.5440 63
222.5760 222.7680 65
222.8000 222.9920 64
223.0240 223.1840 62
223.2160 223.3120 61
223.3440 223.5040 60
223.5360 224.3040 58
224.3360 224.4000 59
224.6240 224.8160 65
224.8480 225.3280 67
225.3600 225.7440 65
225.7760 225.8080 64
225.9680 226.3520 58
226.3840 227.2160 60
227.5360 227.6960 60
227.7280 227.9520 58
227.9840 228.2720 56
228.3040 228.6880 55
228.7200 229.0720 56
229.2000 229.4240 62
229.4560 229.6800 63
229.7120 230.3200 62
230.3520 230.7680 63
230.8000 231.0240 65
231.0560 231.3120 63
231.3440 231.7920 62
231.8240 234.3520 63
234.4800 234.6720 63
235.3760 235.4400 62
235.4720 236.4000 63
236.4320 236.8800 62
236.9120 237.1360 63
237.1680 237.3600 65
237.3920 237.8720 62
237.9040 238.0000 60
238.0320 238.0960 59
238.1280 238.1920 58
238.3520 238.7040 58
238.9920 240.0160 58
240.0480 240.1760 57
240.3040 240.8160 53
240.9440 241.4880 54
242.2240 242.7360 55
242.8640 243.1200 56
243.2800 243.3440 56
243.5360 243.6320 56
243.8240 244.4000 58
244.4320 244.6560 60
244.6880 245.4560 58
245.4880 245.8080 55
245.9680 249.1680 58
250.2560 250.3520 61
250.3840 250.4160 62
250.4480 250.9600 63
250.9920 251.4400 62
251.4720 251.6640 63
251.6960 251.8560 65
251.8880 252.3040 62
252.3360 252.4640 61
252.4960 252.6240 60
252.6560 253.2320 58
253.2640 253.2960 57
253.7440 253.9040 66
253.9360 254.4160 67
254.4480 254.8000 65
254.8320 254.8320 61
254.8640 255.3440 58
255.3760 256.2080 60
256.5600 256.8480 60
256.8800 257.0080 58
257.2000 257.4560 56
257.6480 257.7440 55
257.9040 258.1600 56
258.3520 258.7360 63
258.8960 259.8240 62
259.8560 260.0480 65
260.0800 260.6560 63
260.6880 261.3600 62
261.3920 264.6560 63
