3.5680 3.7280 73
3.8880 4.1120 69
4.1440 4.2080 70
4.2400 4.2720 73
4.3040 5.2320 74
5.2640 6.2880 73
6.3200 6.3520 72
6.3840 7.0240 71
7.0560 7.0880 70
7.1200 7.1520 69
7.1840 7.2160 68
10.1280 10.5120 77
10.5440 11.0880 76
11.1200 11.3440 78
11.3760 11.6320 76
11.6640 11.8240 75
11.8560 12.2400 74
12.2720 12.5600 75
12.5920 12.7200 74
12.7520 12.9120 73
12.9440 13.0720 72
13.1040 14.5760 71
16.4000 16.4640 60
16.6560 16.7520 62
17.2320 17.8080 64
17.8400 17.9040 65
18.3520 18.5440 66
19.2800 19.3440 66
19.4720 19.6000 65
19.6320 20.0160 64
20.0480 20.4960 65
20.5280 20.7200 64
20.7520 20.8160 65
20.8480 21.1680 66
21.2000 21.3280 67
21.3600 21.7120 69
23.8240 23.8880 72
24.0800 24.5600 72
24.5920 25.0400 73
25.0720 25.1360 72
25.1680 25.3600 71
25.3920 25.5200 70
25.5520 26.2880 69
26.3200 26.4160 70
26.4480 27.2160 71
27.2480 27.3440 70
27.3760 28.5920 69
32.1440 32.6240 55
32.8160 32.8800 56
32.9120 34.0000 57
34.1280 34.4800 59
34.8000 35.8560 62
35.8880 36.3360 61
36.5600 36.7520 59
36.7840 36.9120 58
36.9440 37.2320 57
37.6800 38.1600 59
40.4960 40.7840 59
40.8160 41.2320 60
41.3600 41.3920 68
41.4240 41.4880 69
41.5200 41.6800 70
41.7120 41.9680 71
42.0000 42.5120 72
42.5440 42.6400 71
42.6720 42.7360 70
42.7680 43.0240 69
43.1520 43.6320 66
43.6640 43.8560 65
43.8880 44.0160 64
44.0480 44.0800 63
44.1120 44.5920 62
44.6240 45.0400 64
45.0720 46.2240 66
46.8640 47.2160 66
47.2480 47.5680 69
47.6000 48.1120 71
48.1440 48.9440 74
48.9760 49.4240 71
49.4560 50.4160 69
50.4480 50.7040 66
50.7360 51.1520 65
51.1840 51.3760 64
52.8160 52.8800 66
58.0320 58.1600 61
58.2880 59.5680 62
63.2480 63.6640 71
63.7920 63.9840 72
64.1440 64.3360 71
64.6240 65.1680 69
68.2080 68.4960 66
68.5280 69.0720 64
69.1040 69.4880 66
69.5200 70.6080 69
70.6400 70.7360 68
70.8960 70.9600 62
70.9920 71.2480 61
71.4400 71.6320 61
71.6640 71.7280 60
71.7600 72.0800 59
72.1120 72.4320 60
73.1680 73.4880 61
73.7760 74.0320 60
74.0640 74.1920 59
74.5760 74.9920 55
75.0240 75.1200 56
75.1520 76.4000 57
76.4320 76.5920 56
76.7520 77.1040 56
78.5120 78.7680 54
78.8000 79.1520 55
79.1840 79.3760 56
79.4080 80.1760 57
80.3680 80.6560 59
80.6880 80.8480 61
80.8800 82.0640 62
82.0960 82.3200 61
82.3520 82.3840 60
82.4160 82.6720 59
82.7040 83.4720 57
83.5040 83.7600 58
83.7920 84.5920 59
84.7200 84.9760 59
86.3200 86.5120 59
86.5440 86.6720 58
86.8640 86.9920 59
87.1200 87.1200 67
87.1520 87.4080 69
87.4400 87.6960 71
87.7280 88.3680 72
88.4000 88.4640 71
88.4960 88.5920 70
88.6240 88.7200 69
88.7520 88.9760 67
89.0080 89.2320 66
89.2640 89.5520 65
89.5840 89.6480 64
89.6800 89.7440 63
89.7760 90.0000 62
90.0320 90.3200 64
90.3520 91.7600 66
92.3680 92.7840 66
92.8160 93.2640 69
93.2960 93.6160 71
93.6480 94.5120 74
94.5440 94.9600 71
94.9920 95.9840 69
96.0160 96.1120 68
96.1440 96.2720 67
96.3040 96.3680 66
96.4000 96.5280 65
96.5600 97.0720 64
97.1040 97.2000 65
97.3280 97.8080 66
97.8400 97.9040 65
97.9360 98.3200 64
98.3520 98.6720 65
98.7040 99.0560 64
99.0880 99.1520 63
99.1840 99.2160 61
99.2480 99.7280 60
99.7600 100.0800 61
100.1120 100.1760 60
100.2080 100.6880 59
103.8240 104.9440 62
104.9760 105.1040 61
105.3600 105.4880 61
105.5200 105.5520 60
107.1840 107.4080 71
107.6960 108.1760 69
108.2080 108.4640 70
108.4960 108.9760 71
109.0080 109.7440 72
109.7760 110.0000 71
110.0320 110.4480 69
110.5760 110.8960 66
111.5680 112.1760 64
112.3040 112.3680 64
113.4560 113.8400 66
113.8720 114.2560 63
114.2880 114.7680 66
114.8000 115.9200 69
115.9520 116.0480 68
116.0800 116.1120 67
116.2720 116.3360 62
116.3680 116.9120 61
116.9440 117.0080 60
117.0400 117.2000 59
117.2320 117.5840 60
118.3840 118.7040 61
118.9600 119.5680 59
119.8560 120.1440 57
120.4640 120.5280 61
120.5600 121.5840 62
123.5040 123.6640 67
123.6960 123.8880 66
123.9200 124.2080 67
124.2400 124.3680 69
124.5920 124.5920 70
124.6240 125.2640 74
125.2960 125.8720 73
125.9040 126.3200 74
126.3520 126.4160 73
126.4480 126.4800 72
126.5120 126.7680 71
126.8000 126.8320 70
126.8640 127.2160 69
127.2480 127.6960 66
127.7280 128.2720 64
128.3040 129.0720 66
129.5200 130.0640 66
130.0960 130.3520 64
130.3840 130.8640 66
130.8960 131.4080 64
131.5360 131.9200 62
132.1440 132.3680 64
132.4000 132.4960 62
132.5280 132.6880 61
134.8000 135.0560 59
135.0880 135.3760 60
135.4080 135.7280 62
135.7600 136.3680 64
136.4000 136.5280 65
136.5600 137.2320 66
137.6480 138.0000 66
138.0320 138.1280 65
138.1600 138.3840 64
138.4160 138.4480 65
138.4800 138.8000 66
138.8320 138.9280 65
138.9600 139.3760 64
139.4080 139.7600 66
139.7920 140.5280 69
141.0400 141.3920 71
141.4240 141.4880 70
141.5200 141.7440 69
141.7760 141.8720 70
141.9040 142.1920 71
142.2240 142.2880 72
142.3200 142.8000 73
142.8320 143.0560 74
143.0880 143.3440 73
143.3760 143.4720 72
143.5040 143.8880 71
143.9200 144.0480 70
144.0800 145.0720 69
145.1040 145.2000 70
145.2320 145.4880 71
145.5200 145.5840 70
145.6160 146.7360 69
146.7680 146.8640 70
148.0480 148.4320 66
148.4640 148.6560 67
148.8800 149.0720 70
149.1040 150.1280 71
150.1600 150.1920 70
150.2240 150.7360 69
150.7680 151.4080 67
152.3040 152.6240 64
152.6560 153.0720 61
154.0960 154.2240 59
154.2560 154.2880 60
154.3200 154.4480 61
154.4800 154.8640 62
154.8960 155.2160 64
155.3440 155.8560 66
155.8880 155.9840 65
156.0160 156.0800 64
156.1120 156.2080 62
156.2400 156.5280 61
156.5600 156.8480 59
157.0720 157.2960 56
157.6480 157.7760 57
158.1920 158.4800 61
158.5120 158.5760 60
158.6080 158.8960 59
158.9280 159.0240 58
159.0560 159.4080 57
159.6640 159.7920 57
160.0160 160.1120 57
162.8960 163.4720 54
163.5040 163.5680 55
163.6000 164.0480 56
164.0800 164.3040 57
165.0080 165.4240 59
165.4560 165.5520 61
165.5840 166.7360 62
166.7680 167.4720 61
170.9280 171.6960 59
171.8240 171.8560 68
171.8880 172.0480 69
172.0800 172.1120 70
172.1440 173.0080 71
173.0400 173.2000 70
173.2320 173.4880 69
173.5200 173.5840 67
173.6160 173.9360 66
173.9680 174.3840 64
174.4160 174.4480 63
174.4800 174.9280 62
174.9600 175.3760 64
175.4080 176.4960 66
177.1040 177.4880 66
177.5200 177.9680 69
178.0000 178.3520 71
178.3840 178.4160 73
178.4480 179.3120 74
179.3440 179.6320 71
179.6640 180.7520 69
180.7840 180.9440 68
180.9760 181.0400 67
181.0720 181.2320 66
181.2640 181.7440 64
181.7760 181.8720 65
182.1920 182.3520 66
182.3840 182.6080 67
182.6400 183.0880 65
183.1200 183.3760 66
183.4080 183.5040 65
183.5360 183.8560 64
183.8880 183.9840 63
184.0160 184.0800 61
184.1120 184.1760 60
184.2080 184.5600 59
184.5920 184.6560 60
184.6880 184.9440 61
184.9760 185.0080 60
185.0400 185.4560 59
185.4880 185.5200 58
185.7760 185.8400 57
187.6640 187.7280 63
188.2720 188.4640 61
188.4960 190.0000 62
190.0320 190.3520 61
190.5760 190.6400 60
193.1360 193.4880 69
193.5200 193.6160 70
193.6480 193.8080 71
193.8400 193.9040 72
193.9360 194.1600 71
194.1920 194.7040 72
194.7360 194.9920 71
195.0240 195.0880 70
195.1200 195.3760 69
195.6320 195.7600 66
195.7920 195.8240 64
195.8560 195.8880 63
195.9200 196.1120 62
196.1440 196.2720 63
196.3040 197.3280 64
198.5440 198.6400 65
198.6720 198.9600 66
198.9920 199.3440 64
199.4080 199.4400 65
199.4720 199.7280 67
199.8560 199.9200 68
199.9520 200.7520 69
200.7840 200.9760 68
201.0080 201.0400 67
201.2000 202.1280 62
202.1600 202.2560 61
203.8560 204.2080 61
204.2400 204.3360 62
204.4960 204.5920 60
204.6240 205.3280 59
205.3600 205.4240 58
205.4560 205.8720 57
205.9040 205.9680 58
206.0000 206.7680 57
206.9280 207.2160 57
207.3760 207.4400 59
207.9520 210.3840 62
