16.4000 16.4320 67
16.4640 16.7520 68
16.9120 17.3920 68
17.4240 17.8720 69
17.9040 18.0960 65
18.1280 18.4800 66
18.5120 18.5120 64
18.5440 18.6720 61
18.7040 19.5680 62
20.3680 20.4640 60
20.4960 20.5280 61
20.5600 20.6240 62
20.7520 20.9120 62
20.9440 21.0400 64
21.3280 21.6480 59
21.6800 21.9360 58
21.9680 22.3840 59
22.4160 23.1520 57
23.1840 23.3760 56
24.1440 24.4640 57
24.6880 25.1040 62
25.1360 25.2000 63
25.2320 25.7760 64
25.8080 25.9680 65
26.1280 26.7680 69
26.8000 26.8320 68
26.8640 26.9600 67
26.9920 27.4400 66
27.5680 28.0160 63
28.0480 28.0800 64
28.1120 28.2080 65
28.2400 28.3680 64
28.4000 28.5280 67
28.5600 28.5920 66
28.6240 28.8480 65
28.8800 29.0400 64
29.0720 29.1040 62
29.1360 29.4560 59
29.4880 29.4880 61
29.5200 31.3120 64
31.3440 31.3760 63
31.9840 32.1760 68
32.2080 32.3360 69
32.4640 32.8800 68
32.9120 33.2000 69
33.2320 33.3920 68
33.4240 33.5840 65
33.6160 34.0640 66
34.0960 34.1280 64
34.1600 35.1840 62
35.8880 36.2720 62
36.3040 36.4640 63
36.4960 36.5920 64
36.7840 36.7840 61
36.8160 37.2320 59
37.2640 37.2960 58
37.3280 37.4880 57
37.5200 37.9040 59
37.9360 38.3200 58
38.3520 38.9280 57
39.6640 40.0160 57
40.2080 40.6240 62
40.6560 40.8160 63
40.8480 41.1360 64
41.1680 41.5520 65
41.7440 42.3520 69
42.3840 42.4160 68
42.4480 42.4800 67
42.5120 42.8640 66
43.0880 43.2800 63
43.3120 43.7920 64
43.8240 44.0800 66
44.1120 44.2080 64
44.2400 44.5280 62
44.5600 44.9120 59
44.9440 46.4160 62
47.3120 47.3760 67
47.4080 47.5360 69
47.5680 47.7280 70
47.9200 48.3360 71
48.3680 48.8160 69
48.8480 49.0720 71
49.1040 49.5840 69
49.6160 49.6480 68
49.6800 50.0000 67
50.0320 50.2560 66
50.2880 50.9600 67
51.1840 51.4080 67
51.4400 52.1440 69
52.1760 52.5920 67
52.6240 52.8160 69
52.8480 53.0720 68
53.1040 53.5200 67
53.5520 53.7440 66
53.7760 53.9360 65
53.9680 54.5760 66
54.9600 54.9920 61
55.0240 55.1840 62
55.2160 55.2480 63
55.2800 56.0160 64
56.0480 56.0800 65
56.1120 56.2080 66
56.2400 56.4960 65
56.5280 56.7840 64
56.8160 57.1680 63
57.2000 57.4560 64
57.9040 57.9680 62
58.0000 58.2880 59
58.4800 59.0880 63
59.3760 59.4400 63
59.4720 59.8880 65
59.9200 59.9520 67
59.9840 60.5600 68
60.5920 62.5120 69
62.7680 62.9600 68
62.9920 63.1840 69
63.2160 63.8880 68
63.9200 64.2400 69
64.2720 64.4640 65
64.4960 64.9120 66
64.9440 65.0080 63
65.0400 66.2240 62
66.7680 67.6960 62
67.7280 68.0800 59
68.1120 68.3360 58
68.3680 68.6560 59
68.6880 69.8720 57
70.5440 70.8960 57
71.0560 71.5040 62
71.5360 72.1440 64
72.1760 72.3680 65
72.5280 73.1680 69
73.2000 73.2640 68
73.2960 73.3600 67
73.3920 73.7120 66
73.7440 73.7760 67
73.9680 74.0960 63
74.1280 74.6400 64
74.6720 74.9600 65
74.9920 75.2480 64
75.4080 75.8560 59
75.8880 77.5200 62
92.6240 92.7840 76
93.7440 93.8400 70
94.2880 94.3520 70
94.6080 94.7680 69
95.1840 95.2800 71
95.3120 95.6000 69
95.7920 96.8160 67
97.3280 97.6160 67
97.6480 98.2560 69
98.2880 98.5760 67
98.7680 98.9920 69
99.0240 99.1840 68
99.5680 100.5920 66
101.0720 101.4240 62
101.4560 102.2240 64
102.2560 102.8320 65
102.8640 103.6000 64
104.0480 104.2080 62
104.2400 104.4320 59
104.6240 105.1680 64
105.4880 105.5840 63
105.6160 106.0320 65
106.0640 106.2240 67
106.2560 106.7040 68
106.7360 108.5920 69
108.9440 109.1360 68
109.1680 109.3280 69
109.4560 110.4160 68
110.4480 111.1200 66
111.1520 112.3680 62
112.9120 113.6480 62
113.6800 113.8080 61
113.8400 114.9280 59
115.0880 115.3120 58
115.3440 115.9840 57
116.6560 116.7520 58
116.7840 117.0400 57
117.1360 117.1360 58
117.1680 117.5840 62
117.6160 117.7760 63
117.8080 118.2560 64
118.2880 118.4480 65
118.5760 119.2800 69
119.3120 119.4080 68
119.4400 119.7280 66
120.0160 120.1440 62
120.1760 121.1680 64
121.2000 121.3280 63
121.5200 121.6480 61
121.6800 121.9040 59
121.9360 122.0960 60
122.1280 123.5040 62
124.4000 124.6880 69
124.8480 125.4560 69
125.4880 125.6800 71
125.7120 125.8720 70
125.9040 127.7280 69
128.2720 128.4320 65
128.4640 129.0400 66
129.0720 129.2320 65
129.2640 129.6480 62
129.6800 129.7760 64
129.8080 131.4720 65
132.0480 132.4640 57
132.5920 133.0400 62
133.0720 133.7120 64
133.7440 133.8400 65
134.0640 134.6720 69
134.7040 134.7360 68
134.7680 134.8320 67
134.8640 135.3760 66
135.4080 135.6640 62
135.6960 136.6880 64
136.7200 136.7520 62
136.9120 137.3280 59
137.3600 137.5200 61
137.5520 138.8320 62
139.6960 139.9840 57
140.1760 140.6560 62
140.6880 141.3280 64
141.3600 141.4880 65
141.6800 141.7440 70
141.7760 142.4160 69
142.4480 142.5120 67
142.5440 142.8320 66
143.0880 143.2480 62
143.2800 143.8240 64
143.8560 143.9840 66
144.0160 144.1120 65
144.1440 144.3040 64
144.3360 144.3680 62
144.5280 144.8480 59
144.9760 145.1040 61
145.2960 145.3920 62
