13.9360 14.1920 56
14.9920 15.1520 53
15.6960 16.0160 53
39.5680 39.7280 47
39.7600 39.9840 51
40.0160 40.0480 52
40.0800 40.2720 53
40.3040 40.3040 50
40.4000 40.4000 50
40.4320 40.8160 53
41.0400 41.1040 56
41.1360 41.9360 58
41.9680 42.3520 56
42.3840 42.8960 58
42.9280 44.5280 60
44.5600 44.6560 61
44.9440 45.0720 62
45.5520 45.7760 63
45.8080 46.1280 66
46.1600 46.2240 65
46.2560 46.4160 63
46.4480 46.6720 65
46.7040 46.8640 60
46.8960 46.9920 58
47.0240 47.3120 60
47.3440 47.3760 61
47.4080 47.5360 63
47.5680 47.6960 57
47.7280 47.7600 58
47.7920 47.8560 59
47.8880 47.9840 60
48.0160 48.0800 58
48.1120 48.2080 57
48.2400 48.3040 56
48.3360 48.4320 58
48.4640 48.5920 56
48.6240 48.8160 57
49.4560 49.5520 49
49.5840 49.8080 51
49.8400 50.0640 54
50.0960 50.1600 57
50.2880 50.4800 57
50.5120 51.1520 58
51.1840 51.4080 63
51.4400 51.4720 61
51.5040 51.6320 60
51.6640 51.7280 62
51.7600 51.8560 60
51.8880 51.9520 59
51.9840 52.1120 58
52.1440 52.2400 57
52.2720 52.3360 58
52.4960 52.5600 59
52.5920 52.7200 58
52.7520 54.8960 60
56.5280 56.6240 61
56.6560 57.0400 63
57.2320 57.3600 60
57.3920 57.5200 62
57.5520 57.6480 60
57.6800 57.7120 59
57.7440 58.0000 58
58.0320 58.0640 59
58.1600 58.3520 58
58.3840 59.0560 60
59.0880 59.2480 59
59.2800 59.5360 58
59.5680 59.9520 57
59.9840 60.0160 56
60.2080 60.2400 51
60.2720 60.4000 53
60.5600 60.9120 58
61.1040 61.2000 53
61.2320 61.3280 54
61.3600 61.4240 53
61.4560 61.5200 52
61.5520 61.8720 51
62.2560 62.6080 48
62.6400 62.7680 51
63.1200 63.1520 46
63.1840 63.2480 47
63.6960 63.7600 46
63.8880 64.3360 48
65.1040 65.2000 48
65.3280 65.4880 48
65.5200 65.6480 51
65.8400 65.9040 51
65.9360 66.0000 50
66.0320 66.2240 53
66.2560 66.3520 52
66.3840 66.5120 54
66.5440 66.5760 58
66.6080 66.7680 59
66.8000 66.9280 56
66.9600 67.0560 57
67.0880 67.1840 56
67.2160 67.3440 53
67.5040 67.5680 50
67.9840 68.0480 65
68.2400 68.5280 65
68.9120 69.0080 63
69.1360 69.2320 65
69.6480 70.0640 70
70.0960 70.0960 65
70.1280 70.2560 60
70.2880 70.5440 56
70.5760 71.3760 60
102.8320 102.8640 50
102.8960 102.9600 51
102.9920 103.1200 52
103.1520 103.9200 53
104.0800 104.1440 56
104.1760 104.6880 58
104.7200 104.7840 60
104.8160 104.9760 58
105.0080 105.4240 56
105.4560 105.8400 58
105.9680 107.5040 60
108.5600 108.6560 63
108.7840 108.9120 65
108.9440 109.0400 67
109.0720 109.2000 66
109.2320 109.4560 63
109.4880 109.5840 66
109.6160 109.6800 63
109.7120 109.8720 61
109.9360 110.3200 60
110.3520 110.5440 63
110.6720 110.8320 58
110.8640 110.9920 60
111.0240 111.5360 57
111.6640 111.8880 53
112.5600 112.7840 51
112.8160 113.0400 54
113.0720 113.2000 56
113.3280 113.5200 56
113.5520 114.1600 58
114.1920 114.1920 60
114.2240 114.3840 63
114.5120 114.9280 60
114.9600 115.2480 58
115.4720 118.2560 60
119.6000 120.1120 63
120.1440 120.3360 60
120.3680 120.5600 61
120.6880 120.8160 58
120.9120 121.3920 58
121.4240 122.0960 60
122.1280 122.4480 59
122.4800 122.5440 58
122.5760 122.9920 57
123.2160 123.2160 48
123.2480 123.3760 53
123.5680 123.9520 58
124.0800 124.2080 53
124.4960 124.9120 51
125.2640 125.6800 48
125.7120 126.0960 51
126.4800 126.9600 46
127.0240 127.3440 47
128.0800 128.4960 48
128.5280 128.6560 51
128.8160 128.9760 51
129.0080 129.1360 53
129.1680 129.2640 51
129.2960 129.4560 53
129.4880 129.7760 58
129.8080 129.9360 56
129.9680 130.0960 58
130.1280 130.1920 56
130.2240 130.3200 54
130.3520 130.3520 51
130.3840 130.5120 49
130.5440 130.8960 51
130.9280 132.3040 53
132.3360 132.4640 54
132.4960 132.6240 52
132.6880 133.1040 52
133.6160 133.7120 65
133.7440 133.7760 63
133.8080 134.2240 60
155.2800 155.3760 69
158.1280 158.1280 47
158.1600 158.2880 51
158.3200 158.4800 52
158.5120 159.3440 53
159.3760 159.5360 56
159.5680 160.3360 58
160.3680 160.7840 56
160.8160 161.5840 58
161.6160 163.2160 60
163.8880 164.1440 63
164.1760 164.3360 65
164.3680 164.4640 67
164.4960 164.6240 65
164.6560 164.8160 63
164.8480 165.0080 65
165.1360 165.3280 60
165.4880 165.7440 60
165.7760 165.9680 63
166.0000 166.1600 58
166.1920 166.3840 59
166.4160 166.4800 58
166.5120 166.8960 57
166.9280 167.1520 53
167.7280 167.7600 48
167.7920 167.9840 51
168.0160 168.1760 52
168.2080 168.3680 54
168.4000 168.5600 56
168.5920 168.7200 55
168.9120 169.0720 58
169.1040 169.1680 54
169.2000 169.5840 58
169.6160 169.6160 60
169.6480 169.7760 63
169.9040 170.0640 60
170.0960 170.1920 62
170.2240 170.3200 60
170.3520 170.4480 58
170.4800 170.5440 56
170.5760 170.6720 58
170.8320 172.7840 60
172.8160 173.2000 61
175.0560 175.5680 63
175.6000 175.7600 60
175.7920 175.8560 62
175.8880 176.0480 60
176.0800 176.1760 58
176.2080 176.2720 55
176.3040 176.4000 58
176.5920 176.6880 58
176.7200 177.4880 60
177.5200 177.9360 58
177.9680 178.3840 57
178.6400 178.8640 54
178.9920 179.3440 58
179.3760 179.8560 53
179.8880 180.3360 51
180.5280 180.7200 48
180.9120 181.0400 48
181.0720 181.2320 51
181.4240 181.6160 46
182.0000 182.5120 46
182.5440 182.7680 48
183.5040 183.6000 48
183.8240 183.9520 48
183.9840 184.1120 51
184.2400 184.4320 51
184.4640 184.5920 53
184.6240 184.6880 51
184.7200 184.8160 53
184.8480 184.9120 54
184.9440 185.0720 58
185.2640 185.3280 56
185.3600 185.4560 58
185.4880 185.6160 56
185.6480 185.6800 54
185.7120 185.7440 53
185.7760 185.9040 50
185.9360 186.0000 52
186.1600 186.3200 51
186.3520 188.2400 53
188.2720 188.6240 52
188.6560 188.8800 53
189.0080 189.1040 52
189.4560 189.4560 55
189.4880 189.6160 60
