23.8560 23.8880 61
23.9200 24.1760 62
24.2080 24.2720 61
24.3040 25.5840 60
25.6160 25.6800 61
25.7120 25.9040 62
25.9360 26.0000 63
26.0320 26.2880 64
26.3200 26.6720 65
26.7040 26.8320 64
27.0240 27.1200 64
28.3040 28.3360 62
28.3680 28.8480 64
28.8800 29.1360 62
29.3600 29.6800 60
32.3360 32.4320 60
33.0080 34.0000 60
34.0320 34.0960 58
34.1280 34.2560 57
34.2880 34.4800 59
34.5120 35.0560 60
36.0160 36.1120 55
36.3360 36.4320 59
36.4640 36.7840 60
36.8160 37.0720 62
37.2960 37.3920 64
37.4240 37.7760 65
37.8080 37.9680 64
38.1280 38.8000 64
40.0480 40.1760 55
40.3040 40.7520 60
40.7840 41.1680 62
41.2960 41.3920 63
41.4240 41.7120 65
41.7440 42.0320 64
42.1600 42.8320 60
44.0480 44.2720 55
44.3040 44.3360 57
44.3680 44.4640 58
44.4960 44.6560 60
44.8160 45.5520 60
45.7760 46.0000 56
46.1600 46.9920 55
48.7200 48.9120 67
50.3200 50.5120 59
50.5440 51.2160 60
52.0480 52.1440 56
52.3040 52.4320 58
52.4640 52.4960 59
52.5280 52.7520 60
52.7840 53.2320 62
53.2640 53.3920 64
53.4240 53.7440 65
53.7760 54.0320 64
54.0640 54.2880 62
54.3200 54.8960 64
56.0480 56.1440 55
56.3040 56.4320 58
56.4640 56.6240 60
56.7840 57.2960 62
57.3280 57.6800 65
57.7120 57.9680 64
58.0960 58.9280 60
60.0480 60.2080 55
60.2400 60.3040 56
60.3360 60.4640 58
60.4960 61.7440 60
61.7760 61.9040 62
62.0320 62.2560 60
62.2880 63.4720 62
65.8400 66.0000 61
66.0320 66.2560 60
66.2880 66.3840 59
66.5440 66.6400 65
66.6720 67.1520 67
67.2800 67.4720 67
67.5040 67.5040 65
67.5360 67.5680 62
67.6000 68.0160 59
68.0480 68.8160 60
69.8400 69.8720 59
69.9040 70.0000 61
70.0320 70.2240 60
70.2560 70.4160 59
70.5440 70.6080 65
70.6400 71.6000 67
71.7920 71.9840 69
72.0160 72.0160 66
72.0480 72.4960 62
72.5280 73.0720 60
74.0640 74.4160 64
74.4480 74.6080 65
74.6400 74.6720 63
74.7040 75.0240 57
75.0560 75.5040 60
76.0160 76.4000 64
76.4320 76.6560 65
76.7840 76.8480 64
77.1040 77.4240 57
77.5840 77.7120 67
77.7440 77.9680 69
78.0000 78.1280 67
78.2880 78.4160 65
78.4480 80.4640 67
80.8160 81.2640 60
81.2960 81.4240 62
81.4560 81.6800 64
81.7120 81.7760 65
81.8080 82.4160 67
82.4480 82.6080 69
82.6400 82.7040 66
82.7360 83.7920 60
83.8240 84.6240 62
85.2960 85.4240 62
85.4560 85.6160 64
85.7760 86.1280 65
86.2880 86.6400 67
86.6720 86.6720 64
86.8000 87.4400 59
87.5680 87.7600 62
87.7920 87.9200 60
88.0480 88.9120 60
89.5840 90.0320 62
90.0640 90.1600 64
90.3200 90.6400 65
90.8000 90.9280 57
91.0880 91.2800 57
91.3120 91.6960 59
91.7280 92.0480 60
92.0800 92.1760 62
92.2080 92.4640 64
92.4960 92.6560 62
92.7840 93.2640 62
93.2960 93.9040 60
94.3200 94.4800 64
94.5120 95.3120 65
95.3440 95.5040 64
95.5360 96.2080 62
96.2400 96.4000 64
96.7840 97.2320 60
97.2640 97.4240 62
97.4560 97.7120 64
97.7440 98.1600 67
98.2880 98.4160 67
98.4480 98.6400 69
98.8000 99.7600 60
99.7920 100.6880 62
101.2960 101.3920 62
101.4240 101.5520 64
101.7760 102.4160 65
102.4480 102.8640 67
103.2800 103.4080 69
103.4400 103.6640 71
103.6960 103.9520 67
103.9840 104.2080 71
104.3680 104.4960 71
104.5280 104.8160 72
104.8480 105.0720 71
105.1040 106.9920 69
107.8560 108.0480 62
108.0800 108.1760 64
108.3360 108.6240 65
108.7840 108.9760 57
109.1040 109.3280 59
109.5520 109.8400 60
109.9680 110.2560 60
110.2880 110.4160 62
110.4480 110.6720 64
110.7040 111.1840 62
111.2160 111.4400 60
111.4720 111.7280 62
111.7600 111.8880 60
112.0480 112.3360 59
112.3680 112.4640 60
112.4960 112.6240 62
112.6560 114.8320 60
118.0640 118.2560 65
125.3280 125.4240 63
125.9360 126.4160 62
126.5760 126.8320 62
128.2720 128.3040 58
128.3360 129.3920 60
130.0320 130.1280 55
130.2880 130.7680 60
130.8000 131.2800 62
131.3120 131.6640 65
131.7920 132.0160 64
132.0480 132.3040 62
132.3360 132.9440 64
134.0320 134.1280 55
134.2880 134.4800 58
134.5120 134.6400 60
134.7680 135.2480 62
135.2800 135.6640 65
135.6960 135.9520 63
136.1120 136.2720 60
136.3040 136.4960 62
136.5280 137.0400 60
138.0960 138.1920 55
138.2240 138.3200 57
138.3520 138.4800 58
138.5120 139.6960 60
139.7280 139.8560 62
139.9840 140.1760 60
140.2080 140.9120 62
141.5520 141.5520 60
141.5840 141.7120 63
141.7440 142.2240 64
142.2560 142.8960 62
143.8560 143.9520 61
143.9840 144.2400 60
144.2720 144.4000 59
144.5280 144.5920 65
144.6240 144.6880 66
144.7200 145.1360 67
145.2960 145.4560 67
145.4880 145.5200 64
145.5520 146.0320 59
146.0640 146.6080 60
146.6400 146.7360 59
146.8960 146.9280 59
147.0240 147.1520 60
147.4720 147.6000 60
147.8880 147.9520 62
147.9840 148.1760 60
148.2080 148.3680 59
148.5280 148.5920 65
148.6240 148.9120 67
149.0400 149.6160 67
149.7760 149.8400 70
149.8720 149.9680 69
150.0000 150.0000 66
150.0320 150.0960 63
150.1280 150.4480 62
150.4800 151.1840 60
151.7600 151.8560 69
152.0480 152.6240 64
152.6560 152.6560 62
152.6880 152.6880 59
152.7200 153.0400 57
153.0720 153.3600 59
153.8080 153.8720 61
154.0000 154.4160 64
154.4480 154.6080 65
154.8000 154.9280 57
155.1200 155.4080 57
155.5680 155.6320 67
155.6640 155.9840 69
156.0160 156.1440 67
156.2720 158.3520 67
158.8320 159.2800 60
159.3120 159.4400 62
159.4720 159.7600 64
159.7920 160.4000 67
160.4320 160.6240 69
160.6560 160.7200 64
160.7520 161.8080 60
161.8400 162.6720 62
163.2480 163.2800 58
163.3120 163.4400 62
163.4720 163.6320 64
163.7920 164.1440 65
164.2720 164.6560 67
164.7840 165.4240 59
165.5840 165.7440 62
165.7760 165.9360 60
166.0640 166.8320 60
167.5680 168.0160 62
168.0480 168.1440 64
168.3040 168.6560 65
168.8160 168.9440 57
169.0720 169.2640 57
169.2960 169.7120 59
169.7440 170.0640 60
170.0960 170.2240 62
170.2560 170.4800 64
170.5120 170.6400 62
170.8000 171.2480 62
171.2800 171.8880 60
172.3040 173.4880 65
173.5200 174.2240 62
174.2560 174.4480 64
174.8000 175.2480 60
175.2800 175.4400 62
175.4720 175.7600 64
175.7920 176.4320 67
176.4640 176.6560 69
176.7840 177.8720 60
177.9040 178.6400 62
179.3120 179.4080 62
179.4400 179.5680 64
179.7600 180.4320 65
180.4640 180.8160 67
181.0720 181.0720 61
181.2960 181.3920 69
181.4240 181.6160 71
181.6480 181.6480 69
181.6800 181.9360 67
181.9680 182.1600 71
182.3200 182.4480 71
182.4800 182.8000 72
182.8320 183.0240 71
183.0560 184.8160 69
185.8400 185.8400 60
185.8720 186.0000 62
186.0320 186.1600 64
186.3200 186.4160 64
186.4480 186.6080 65
186.8000 186.9600 57
187.0880 187.3120 59
187.5360 187.8560 60
187.9840 188.1120 60
188.1440 188.2720 59
188.3040 188.4320 62
188.4640 188.6880 64
188.7200 189.2320 62
189.2640 189.4560 60
189.4880 189.7440 62
189.7760 189.8720 60
190.0320 190.2880 59
190.3200 190.3840 60
190.4160 190.6400 62
190.6720 192.1120 60
192.8800 193.2640 60
193.2960 193.3920 62
193.4240 193.7440 64
193.7760 194.1600 67
194.2880 194.4160 68
194.4480 194.6400 69
194.6720 194.6720 67
194.7040 194.7040 65
194.7360 195.7920 60
195.8240 196.7200 62
197.2640 197.2640 66
197.3600 197.5840 64
197.7760 198.2240 65
198.2560 198.3840 66
198.4160 198.6400 67
198.7680 199.4720 59
199.6000 199.7600 62
199.7920 199.8880 60
200.0480 200.8160 60
201.1680 201.2320 60
201.5840 202.0000 62
202.0320 202.0960 64
202.1280 202.1280 62
202.3200 202.6400 65
202.8000 202.9600 57
203.1200 203.2800 57
203.3120 203.7600 59
203.7920 204.0800 60
204.1120 204.2720 63
204.3040 204.4640 64
204.4960 204.6560 62
204.8160 205.2640 62
205.2960 205.8720 60
206.3200 206.4800 64
206.5120 207.5040 65
207.5360 207.6320 66
207.6640 207.9200 67
207.9520 208.1760 62
208.2080 208.6240 64
209.0720 209.2640 60
209.2960 209.4560 62
209.4880 209.5200 64
209.5520 210.1600 67
210.2880 210.6720 69
210.8000 211.9200 60
211.9520 212.7200 62
213.2960 213.3920 62
213.4240 213.5520 64
213.7760 214.4160 65
214.4480 214.9600 67
215.2800 215.6640 71
215.6960 215.9520 67
215.9840 216.1760 71
216.3360 216.4960 71
216.5280 217.7440 72
217.7760 217.9680 74
218.0000 219.0240 72
219.8240 219.9200 62
220.0480 220.1760 64
220.3040 220.4320 64
220.4640 220.6240 65
220.7840 220.9760 57
221.1040 221.2960 59
221.5200 221.7760 60
221.9680 222.1600 60
222.1920 222.2560 58
222.2880 223.2160 62
223.2480 223.4720 60
223.5040 223.7280 62
223.7600 223.8880 60
224.0480 225.9680 60
237.8400 239.2480 74
239.3760 239.5680 74
