5.0400 5.2000 72
11.9520 12.2720 73
12.3040 13.2320 72
13.3600 13.4560 72
14.2880 14.3520 72
15.6000 16.3680 60
16.4960 16.7840 61
16.8160 16.8800 60
16.9120 19.3440 59
20.2400 20.4640 67
20.4960 20.9760 68
21.0080 21.4560 67
21.4880 21.6800 68
21.7120 21.7760 67
21.8080 25.6800 65
26.5760 26.8960 59
26.9280 27.0560 60
27.0880 27.3760 61
27.4080 27.7280 60
27.7600 27.8240 59
28.0160 28.1760 58
28.2080 28.3040 57
28.3360 28.5600 56
28.7520 29.0720 56
29.1040 29.3280 57
29.3600 30.2240 58
31.8560 32.1440 53
32.2720 33.0080 54
33.0400 33.7760 55
33.8080 34.1280 54
34.2880 34.5120 53
34.5440 34.7040 52
34.7360 34.7680 51
35.1520 35.1840 51
35.2480 35.2480 51
36.2400 36.2400 51
36.3040 36.3360 51
36.4320 36.4320 51
36.4960 36.5280 51
36.6880 36.7520 51
39.7600 40.3360 53
40.3680 40.4640 54
40.4960 40.5280 55
40.5600 40.6240 59
40.6560 40.9760 60
41.0080 41.4240 59
41.4560 41.6160 60
41.6480 41.8080 59
41.8400 42.0320 58
42.1920 42.7360 56
42.9600 43.1840 55
43.2160 43.4080 56
43.4400 43.6320 55
43.6640 43.7280 54
43.7600 43.9840 53
46.0640 46.7040 53
46.9280 47.0240 63
47.0560 47.7600 65
47.7920 47.8880 66
47.9200 48.0800 65
48.1120 48.1440 64
48.1760 48.3360 63
48.3680 48.4320 62
48.4640 48.5280 61
48.5600 48.9120 60
48.9440 49.0400 59
49.0720 49.1040 58
49.1360 49.2000 57
49.2320 49.6160 56
49.6480 49.7760 57
49.8080 49.9040 58
50.0640 50.3200 60
50.3520 50.6720 59
50.7040 51.5680 58
52.3360 52.6880 58
52.8160 53.0400 61
53.0720 53.7760 60
53.8080 54.1600 59
54.1920 54.2560 58
54.2880 54.2880 56
54.3200 54.5760 54
54.7040 55.2160 56
55.5040 55.8880 56
55.9200 55.9520 57
55.9840 56.0160 58
56.0480 56.2720 59
56.3040 56.7200 58
56.7520 56.7840 57
56.8160 56.8800 56
57.0080 57.0720 53
57.1040 57.2960 52
57.3920 57.7760 52
58.6400 58.8000 56
58.8320 59.1200 55
59.1520 59.5040 53
60.8160 61.0400 55
61.0720 61.6800 54
61.7440 61.7440 54
61.8400 61.8720 53
62.0640 62.1920 54
62.4160 62.4480 53
62.5120 62.5120 54
62.6080 62.8960 54
63.0880 63.4080 54
64.8480 64.8800 59
64.9120 65.0720 60
65.1040 65.2640 61
65.3600 65.6160 60
65.6480 65.6800 63
65.7120 65.7760 64
65.8080 67.8880 65
68.0160 68.1120 67
68.1440 68.4320 68
68.4640 68.7840 67
68.8160 68.9440 64
68.9760 69.4240 63
69.4560 70.8320 65
71.1520 71.2480 59
71.2800 71.4080 60
71.4400 71.5360 61
71.6960 71.9200 60
71.9520 72.1120 63
72.1440 74.1600 65
74.1920 74.2560 67
74.3840 74.4480 65
74.4800 74.5440 64
74.5760 74.6080 63
74.6400 74.7360 62
74.7680 74.9280 61
75.1840 75.3120 60
75.3440 75.7280 61
75.7600 75.9840 60
76.0160 76.0800 61
76.2080 76.3360 61
76.4000 76.5280 61
76.7520 76.8480 62
76.8800 76.9440 63
77.0720 77.2000 63
77.3280 77.4560 62
77.4880 77.6480 61
77.6800 78.3200 63
78.3520 78.5760 66
78.8000 79.1520 63
79.1840 79.3120 60
79.3440 79.4720 57
79.5040 80.2080 56
80.7200 80.8800 56
80.9120 80.9440 57
80.9760 81.1360 58
81.1680 81.2320 59
81.2640 81.5520 60
81.5840 81.7120 61
81.7440 81.9680 62
82.0000 82.1920 61
82.2240 82.2880 60
82.3200 82.4480 58
82.4800 82.6400 55
82.6720 82.8320 53
83.0240 83.4080 55
83.8560 84.0480 55
84.0800 84.2080 56
84.2400 84.2720 57
84.3040 84.5600 58
84.7840 84.9440 58
84.9760 85.0720 59
85.1040 85.3280 60
85.3600 85.4560 59
85.4880 85.6160 57
85.6480 86.3520 53
86.3840 86.4800 55
86.5120 86.6080 56
86.8320 87.1200 55
87.2480 87.6640 51
87.8240 88.3360 53
88.4640 88.5600 53
89.0400 89.1680 52
89.2320 89.5200 52
89.6160 89.7760 52
89.9680 90.0000 53
90.0640 90.0640 53
91.8560 92.5920 53
92.7200 92.8800 53
93.3280 93.8080 53
93.8400 93.9360 54
94.1280 94.1600 59
94.1920 95.2800 60
95.3120 95.4720 58
95.6640 96.2720 56
96.3040 96.6560 55
96.6880 96.8480 56
96.8800 97.1360 55
97.3280 97.5200 53
97.5520 97.7120 52
97.7440 97.8400 51
98.0000 98.1280 52
98.2240 98.2560 52
98.3200 98.3200 52
99.6320 99.8560 53
100.0480 100.1440 53
100.3360 100.3680 60
100.4000 100.6880 63
100.7200 101.5840 65
101.6160 101.7760 63
101.8080 102.4480 60
102.4800 102.5760 59
102.6080 102.9920 56
103.1840 103.6000 58
103.6320 103.8560 59
103.8880 104.9760 58
105.7440 106.0960 58
106.2880 106.5120 61
106.5440 107.6320 60
107.6640 107.6960 59
107.7280 107.7280 57
107.8560 107.9840 53
108.0160 108.1120 54
108.1440 108.2400 55
108.2720 108.4960 56
108.9440 109.2320 56
109.4880 109.6480 60
109.6800 109.7760 59
109.8080 110.3200 58
110.3520 110.3520 56
110.4800 110.7040 53
111.4400 111.4400 54
112.1120 112.7840 56
113.0400 113.1040 54
113.1360 113.6160 53
114.7040 115.9200 55
115.9520 116.3680 54
116.4000 116.4320 53
116.5920 116.8800 53
116.9760 117.0080 54
117.0720 117.0720 54
117.1680 117.3600 54
117.3920 117.4880 55
118.3520 118.5440 60
118.5760 118.7040 61
118.8640 118.9920 60
119.0240 119.1520 61
119.1840 119.2480 63
119.2800 121.4880 65
121.5200 122.0000 66
122.0320 122.2560 67
122.2880 122.3840 65
122.4160 122.4800 63
122.5120 122.5760 64
122.6080 122.7360 65
122.8320 124.3680 65
124.4000 124.4320 64
124.6560 124.8800 60
124.9120 125.0080 61
125.1360 125.3920 60
125.4240 125.5840 63
125.6160 127.8560 65
127.8880 127.9840 64
128.0160 128.0800 63
128.1120 128.3680 61
128.5600 128.8800 60
129.0080 129.1680 61
129.2960 129.4240 60
129.4880 129.5520 60
129.6160 129.7440 61
130.0320 130.5120 61
130.5440 130.8000 63
130.8320 130.9280 62
130.9600 131.2480 61
131.2800 131.7920 63
131.8240 132.2080 65
132.2400 132.6560 63
132.6880 132.7520 60
132.7840 132.9440 58
132.9760 133.4560 56
133.4880 133.6160 55
133.6480 133.7760 56
134.1280 134.3840 56
134.4160 134.5120 58
134.5440 135.0880 60
135.1200 135.8240 61
135.8560 135.8880 59
135.9200 135.9520 57
135.9840 136.0800 55
136.1120 136.3680 53
136.5600 136.8800 55
137.2320 137.4560 55
137.4880 137.6480 56
137.6800 137.7440 57
137.7760 138.1600 58
138.1920 138.3840 59
138.4160 138.9280 60
138.9600 139.0240 59
139.0560 139.0880 58
139.3120 139.5040 53
139.6960 139.7600 55
139.7920 140.2080 56
140.2400 140.5600 55
140.7840 141.0720 51
141.2320 141.4880 53
141.5200 141.5840 52
141.6480 141.6480 51
143.2480 143.5040 51
143.6640 143.6960 51
143.7600 143.8880 52
146.7040 147.4080 65
147.4400 147.5360 67
147.5680 148.7520 72
148.7840 148.8160 70
148.8480 148.9440 69
148.9760 149.8400 68
149.8720 150.0640 67
150.0960 150.2880 68
150.3200 150.5440 67
150.5760 150.7680 66
150.8000 152.4000 65
152.9440 153.7440 65
153.7760 153.9360 62
153.9680 154.0000 63
154.0320 154.1600 64
154.8960 155.2800 63
155.3120 156.0160 60
156.3040 156.5600 68
156.5920 156.8800 71
156.9120 157.0720 69
157.1040 158.5440 68
159.3440 159.5680 68
159.6000 159.6640 69
159.6960 161.1040 72
161.1360 161.1680 71
161.2000 161.2320 69
161.2640 161.2960 67
161.3280 161.5520 65
161.5840 161.7760 67
161.8080 162.1920 68
162.3840 162.7360 68
162.9280 163.0560 71
163.1520 163.3440 71
163.3760 163.4080 69
163.4720 163.6640 69
163.6960 163.8560 68
163.8880 163.9520 67
163.9840 165.0080 65
165.5200 165.9680 67
166.0000 166.2880 65
166.3200 166.5440 67
167.6320 167.9840 67
171.7280 171.8240 60
171.9840 172.0800 61
172.2400 172.4960 60
172.5280 172.6240 63
172.6560 174.9280 65
174.9600 175.0560 68
175.0880 175.2480 69
175.2800 175.3440 68
175.3760 175.6000 67
175.6320 175.7920 65
175.8240 175.9200 63
175.9520 176.0480 64
176.2080 176.4000 64
176.4320 177.7760 65
178.0640 178.2240 59
178.2560 178.3200 60
178.3520 178.4480 61
178.5760 178.7680 60
178.8000 178.8640 61
178.8960 179.0240 63
179.0560 181.3280 65
181.3600 181.5200 64
181.5520 181.5840 63
181.6160 181.8400 62
181.8720 181.9360 61
182.1280 182.3840 61
182.4160 182.5760 60
182.6080 182.7360 61
182.7680 182.9920 60
183.0240 183.1520 59
183.1840 183.5040 60
183.5680 183.6000 60
183.6320 184.0480 61
184.3040 184.6880 62
184.7200 184.9760 63
185.1040 185.2640 63
185.2960 185.5840 65
185.6160 186.0640 63
186.0960 186.1600 61
186.1920 186.2240 59
186.2560 186.3840 57
186.4160 187.2480 56
187.5680 187.8240 56
187.8560 187.9520 58
187.9840 188.0160 59
188.0480 188.5600 60
188.5920 189.0400 61
189.0720 189.2320 60
189.2640 189.2960 58
189.3280 189.3920 57
189.4240 189.4880 56
189.5200 189.8080 53
190.0000 190.2880 55
190.7040 191.0240 55
191.0560 191.1520 57
191.1840 191.6320 58
191.6640 191.8240 59
191.8560 192.4000 60
192.4320 192.4640 59
192.4960 192.5600 58
192.7840 192.9760 53
193.1680 193.6800 56
193.7120 194.0000 55
194.2240 194.5760 51
194.7360 194.8960 53
194.9280 195.0240 52
196.0480 196.1760 51
196.8480 197.2320 55
197.2640 197.5200 56
197.5520 197.5840 57
197.6160 197.7440 58
197.8720 198.2240 58
198.2560 198.3520 59
198.3840 198.7040 60
198.7360 199.5040 59
199.5360 200.1760 60
201.1680 201.7440 60
201.9360 201.9680 67
202.0000 202.7360 68
202.7680 203.2480 67
203.5040 205.3600 63
205.5520 205.7440 63
205.7760 212.4320 65
212.6240 212.6240 68
212.6880 212.7200 68
212.9440 214.0000 68
214.2560 214.6080 69
220.1440 220.2080 69
221.4560 221.6480 69
