1.3600 1.6160 82
1.8080 2.7040 83
3.0240 3.1520 82
3.5360 3.6640 83
5.4560 5.7760 59
6.9600 7.1840 59
7.4400 7.6640 59
7.6960 7.8560 60
7.9840 8.5600 62
9.1040 9.2960 59
10.9600 11.1520 59
11.4080 11.6960 59
11.7280 11.8880 60
12.0160 12.4960 62
14.8960 15.0880 59
15.4720 15.8560 59
16.2080 16.6880 60
18.4480 18.5440 60
20.4640 20.5920 60
21.4240 21.8080 59
22.9600 23.1200 59
23.4400 23.8560 59
24.1440 24.3680 62
26.9600 26.9920 60
27.6960 27.9200 62
28.2400 28.3680 65
28.7840 28.7840 65
28.8800 29.0080 66
29.4560 29.5200 64
30.4480 31.5040 62
31.9200 32.3040 59
32.4960 32.5600 59
32.5920 32.8800 60
33.2960 33.6800 62
35.1520 35.4080 62
35.4400 35.4400 65
35.4720 35.6640 67
35.6960 35.9200 69
35.9520 37.9040 71
37.9360 38.0640 74
38.4480 38.4800 68
38.5120 38.6080 69
38.6400 38.6720 70
38.7040 38.8000 71
38.9280 39.6640 71
39.6960 39.9200 72
39.9520 40.4640 74
40.7200 40.9440 70
40.9760 41.8400 69
42.4800 42.5120 68
42.5440 42.6720 69
42.7040 42.7680 70
42.9600 43.5680 71
43.7280 43.9200 72
43.9520 44.0480 74
44.0800 44.0800 72
44.2400 44.5920 67
44.6240 44.7200 66
45.2640 45.5840 67
46.2240 46.7040 67
47.1840 47.5040 64
47.7600 47.8560 66
47.9840 48.1120 67
48.6560 49.6800 72
50.0320 50.1920 72
50.4160 50.5760 71
50.6080 50.8960 72
50.9280 51.1840 71
51.2160 51.9200 72
51.9520 53.8400 71
54.0320 54.0320 70
54.4480 54.6720 69
54.9600 55.8880 71
55.9200 56.4960 74
56.6560 56.7200 79
56.8800 57.1360 81
57.1680 57.2960 80
57.3280 57.7440 81
57.7760 57.9040 75
58.1920 58.4480 75
58.7360 59.1840 71
59.3120 59.5040 71
59.6960 59.8880 72
59.9200 60.1440 74
60.1760 60.6560 67
60.8800 61.1040 67
61.2000 61.4880 67
61.7120 62.2240 64
62.2560 62.4800 67
62.6720 62.9600 67
63.7600 63.9520 66
64.1440 64.4000 64
64.6880 65.7120 72
66.4160 66.8960 72
67.1840 67.4720 72
67.7600 68.3040 83
68.4320 68.6880 83
68.8800 69.7760 83
69.8080 70.0640 81
71.7280 71.9200 82
71.9520 72.4960 81
76.2720 76.4320 81
78.7360 78.8000 75
79.4720 79.5360 71
79.7280 80.8480 69
82.0000 82.1280 67
84.4320 84.5600 63
84.6880 84.8160 62
86.9600 87.0880 62
87.9840 88.4960 62
91.6960 91.8560 62
92.7200 93.0080 65
93.2320 93.5200 64
94.4800 95.4720 67
95.6640 95.8240 67
95.8560 95.9840 69
96.2080 96.4000 69
96.4320 97.0400 67
97.1680 97.2640 70
97.2960 98.0320 71
99.4080 99.6960 67
99.7280 99.9520 69
99.9840 101.9040 71
102.4800 102.6080 69
102.6400 102.8000 71
103.0240 103.0880 71
103.2480 103.6640 71
103.6960 103.9200 72
103.9520 104.4320 74
104.7520 104.9120 71
104.9440 105.0080 70
105.0400 105.8720 69
106.2240 106.2880 69
106.4800 106.6720 69
106.9600 107.5360 71
107.7280 107.8880 72
107.9200 108.0800 74
108.2080 108.4960 67
108.6240 108.6880 67
108.8480 109.0720 67
109.2000 109.5200 67
109.5520 109.5840 66
109.9360 110.1280 67
110.2240 110.5120 67
110.5440 110.6720 66
111.1520 111.4400 64
111.7280 111.8240 66
111.9840 112.0800 67
112.2400 112.4000 71
112.6880 112.8800 71
112.9120 113.7120 72
113.7440 114.0000 71
114.4160 114.6080 71
114.6400 114.9600 72
114.9920 115.1520 71
115.1840 115.5680 72
115.6640 115.9200 72
115.9520 116.2720 71
116.4320 117.8720 71
117.9040 118.0000 70
118.0320 118.1600 69
118.4160 118.5760 69
118.6080 118.7360 70
118.9920 119.6640 71
119.6960 119.8880 72
119.9200 120.4640 74
120.6560 120.7200 79
120.8480 120.9120 82
120.9440 121.0080 81
121.0400 121.6160 80
121.6480 121.8080 81
122.0320 122.0320 79
122.2560 122.4480 76
122.4800 122.5440 80
122.9280 123.6960 71
123.7280 123.8880 72
123.9200 124.0800 74
124.3360 124.5280 72
124.9120 125.1040 67
125.2000 125.4880 67
126.2240 126.4800 67
126.7040 126.9600 67
127.1840 127.3120 67
127.4080 127.5680 66
127.7600 127.9520 66
128.2080 128.3040 64
128.6880 128.8800 71
128.9120 129.7120 72
129.7440 129.8400 71
130.5760 130.8960 72
130.9280 130.9920 71
131.1840 131.4400 72
131.9200 132.5920 83
132.7520 132.8800 83
133.1040 133.2320 83
133.2960 133.6160 83
134.4480 134.5760 69
134.6080 134.8640 71
134.8960 134.8960 69
135.1840 135.2800 71
135.7280 135.9520 71
135.9840 137.6160 69
138.4480 138.9920 72
139.2160 139.5680 72
139.7600 140.2080 71
140.4960 141.7120 79
141.9040 141.9040 76
141.9680 142.0000 76
142.4800 142.9920 72
143.3440 143.4080 79
143.7280 145.6160 81
145.6480 145.6480 79
146.0320 146.2560 69
146.7360 146.8960 67
147.1840 147.3760 67
147.5040 147.5680 68
147.6960 147.9200 69
147.9520 148.0800 71
148.2400 148.3040 67
148.6560 149.1360 67
149.3280 149.3280 66
149.3920 149.5200 66
149.5520 150.0000 67
150.1600 150.3200 67
150.7360 150.8960 67
151.1520 151.4080 64
151.9520 152.1120 66
152.1440 152.2720 67
152.8480 153.1680 67
153.2960 153.3920 64
153.7120 153.8080 67
153.9680 154.1920 67
154.6720 154.8000 67
154.9600 155.0240 67
155.1520 155.2480 65
155.2800 155.4720 64
155.6960 155.7920 64
155.9520 156.2400 66
156.9760 157.0720 67
157.6800 157.7760 67
158.2560 158.3520 67
159.8560 159.8880 70
159.9200 160.0480 71
160.1760 160.4320 71
160.4640 160.8800 72
160.9120 161.3920 71
161.4240 161.8080 72
162.4160 162.7040 71
163.1840 163.2800 73
163.3120 163.5040 72
163.6640 163.7600 74
163.7920 163.9840 72
164.3040 165.3920 71
173.5200 173.6160 70
174.2560 174.3200 70
178.6720 178.9600 72
179.1840 179.4080 72
179.7600 181.6480 71
182.0000 182.0640 72
182.5760 182.9600 71
183.2480 183.3760 71
183.7600 183.8560 70
183.9840 185.1040 69
185.2320 185.6800 69
186.4480 186.9920 72
187.1840 187.4400 72
187.7280 188.5280 83
188.5600 189.6800 79
190.4800 190.9280 72
191.6960 193.6800 81
194.4800 194.9600 72
195.1840 195.4720 72
195.8240 196.6560 83
196.7840 197.1040 83
197.2960 197.6160 83
197.7760 198.4480 74
199.2160 199.2800 75
199.4080 199.5040 75
199.7280 201.6480 81
201.6800 201.7120 75
201.7760 201.9040 74
202.8320 202.9920 72
203.1840 203.5040 72
203.5360 203.6320 75
203.9200 204.2080 83
204.4960 205.2000 79
205.2320 206.0000 80
206.0320 206.0640 79
206.0960 206.1600 78
206.8640 206.9600 76
207.6960 209.7440 82
210.6720 210.9280 72
211.1840 211.4400 72
211.8240 212.4000 83
212.5920 212.5920 83
212.9440 213.3600 83
213.4240 213.4880 83
213.7120 213.7440 83
213.8080 214.0960 83
