1.5840 1.7440 60
1.7760 1.8080 62
1.8400 2.2880 63
2.3200 2.3840 64
2.4160 2.6720 65
2.7040 2.8000 63
2.9920 3.2160 65
3.2480 3.6960 67
4.1120 4.3040 70
4.4960 4.6240 68
4.6560 4.9440 70
4.9760 4.9760 68
5.1680 5.5200 63
5.5520 5.7120 65
5.7440 6.0000 67
6.2560 6.3520 66
6.3840 6.8960 67
6.9280 7.5360 65
7.5680 7.6000 64
7.9200 8.1120 60
8.1440 8.3680 62
8.4000 8.6240 63
8.7520 8.9440 63
8.9760 9.2320 65
9.8720 9.9040 70
10.2240 10.3520 69
10.3840 10.7040 70
10.9280 11.0560 60
11.2480 11.4080 63
11.4400 12.1120 65
12.1440 12.5600 67
12.5920 12.5920 65
12.6240 13.0400 63
13.6800 13.7120 61
13.7440 14.2560 62
14.2880 15.7280 63
16.2400 16.3040 60
16.6240 16.7200 66
16.7520 17.0080 67
17.0400 17.2640 65
17.7120 17.7440 60
17.7760 17.8080 61
17.8400 17.9360 62
18.1600 18.2240 62
18.4160 18.5760 62
18.7680 18.9280 61
18.9600 19.1200 62
19.1520 19.2160 61
19.2480 19.4080 60
19.4400 19.4720 61
19.5040 19.6960 62
20.7200 22.2880 60
25.1360 25.3280 63
25.3600 25.5200 65
25.5520 25.8080 67
25.8400 26.0320 68
26.0640 26.1920 70
26.2240 26.2560 68
26.2880 26.8960 67
26.9280 27.0880 65
27.1200 27.2480 67
28.0160 28.1120 68
28.1440 28.2400 67
28.2720 28.3040 65
28.3360 28.5600 63
28.5920 29.3920 65
30.8640 31.0240 63
31.0560 31.2160 65
31.2480 31.6000 67
31.6320 31.8880 70
31.9200 32.1440 67
32.3680 32.5600 67
32.5920 32.8480 65
33.7440 33.9680 65
34.1280 34.2560 62
34.2880 35.1840 63
36.6240 36.7200 64
36.7520 36.9120 65
36.9440 37.1360 67
37.3280 37.5840 70
37.6160 37.9040 67
38.0640 38.5440 67
38.5760 38.6080 66
39.4080 39.6000 67
39.6320 39.6960 66
39.7920 40.0160 63
40.0480 41.0080 65
41.6480 41.9360 65
41.9680 42.2880 63
42.3200 42.5120 65
42.7040 42.8640 66
42.8960 43.6960 67
44.4640 44.8480 67
44.8800 45.5200 65
45.5520 45.7120 67
45.7440 46.1920 68
46.2240 47.6320 67
47.9840 48.1120 63
48.1440 48.2080 64
48.3360 48.5920 67
48.7520 48.8800 68
48.9120 49.0720 70
49.1040 49.7760 67
49.8080 49.9360 65
49.9680 50.2560 67
50.8640 51.1200 67
51.1520 51.2160 65
51.2480 51.4080 63
51.4400 52.2080 65
53.7440 53.8720 64
53.9040 54.0960 65
54.1280 54.3200 67
54.5120 54.6720 70
54.8640 55.4400 67
55.4720 55.4720 65
55.6000 55.7920 65
56.0160 56.2080 58
56.5600 57.0400 65
57.0720 57.1360 66
57.1680 57.9360 67
59.4400 59.5680 64
59.6000 59.7920 65
59.8240 59.9840 67
60.2080 60.4640 70
60.4960 60.7520 67
60.9760 61.1040 67
61.2640 61.4240 67
61.4560 61.4880 65
61.6800 62.0320 60
62.2880 62.3840 68
62.4160 62.5120 67
62.7360 62.8960 63
62.9280 63.6320 65
64.0800 64.2400 59
64.4640 64.5920 63
64.6240 64.6880 65
64.7200 64.7840 64
64.8160 65.1360 63
65.1680 65.3280 62
65.3600 65.7760 63
65.8080 65.9680 61
66.0000 66.1600 63
66.1920 66.6080 60
68.0800 68.1440 63
93.7120 93.8400 62
93.8720 94.0640 63
94.0960 94.1280 64
94.1600 94.6080 65
94.6400 94.6720 66
94.7040 95.1520 67
95.5360 95.9200 70
95.9520 96.0800 69
96.1120 96.4640 70
96.6240 96.9440 63
96.9760 97.1040 66
97.1360 97.8080 67
97.8400 98.0960 68
98.3840 98.9600 65
99.4720 99.5680 60
99.6000 99.6320 61
99.6640 99.8240 62
99.8560 100.3680 63
100.4000 100.8160 65
101.2640 101.5200 70
101.6480 101.8080 69
101.8400 102.1920 70
102.2240 102.2560 68
102.2880 102.3520 65
102.3840 102.4480 62
102.7360 102.8640 63
102.8960 103.2800 65
103.4080 103.5360 66
103.5680 103.9520 67
103.9840 104.0160 65
104.0480 104.4640 63
104.4960 104.5280 62
104.8800 105.0080 60
105.2000 105.6800 62
105.7120 105.9360 63
105.9680 106.0960 62
106.1280 107.0880 63
108.0480 108.2080 65
108.2400 108.4960 67
108.5280 108.8160 65
109.1360 109.1680 60
109.2000 109.2640 61
109.2960 109.6480 62
109.8400 110.0320 62
110.2560 110.2880 60
110.3200 110.3840 61
110.4160 110.5120 62
110.7680 110.8320 61
110.8640 110.8960 60
116.5600 116.5920 63
116.6240 116.7200 64
116.7520 116.9760 65
117.3600 117.4560 68
117.4880 117.6160 70
117.6480 118.3520 67
118.3840 118.5120 65
118.5440 118.6720 67
118.7040 118.7360 62
118.7680 118.9600 61
119.4400 119.5360 68
119.5680 119.6960 67
119.7280 119.9840 63
120.0160 120.8480 65
122.3200 122.4800 63
122.5120 122.6720 65
122.7040 123.0240 67
123.0560 123.3120 70
123.3440 123.4400 68
123.4720 123.5680 67
123.8240 123.9200 67
123.9520 124.3040 65
124.5280 124.8160 58
125.1360 125.3280 65
125.3600 125.4240 64
125.5520 125.7120 62
125.7440 126.5440 63
128.0800 128.1760 64
128.2080 128.4000 65
128.4320 128.5920 67
128.9440 129.0720 70
129.1040 129.3920 67
129.5200 129.7440 67
129.8720 129.9360 68
129.9680 130.0320 67
130.0640 130.0960 65
130.3840 130.5760 60
130.8640 131.1200 67
131.3120 131.4400 63
131.4720 132.1120 65
132.9760 133.2000 65
133.2320 133.6800 63
133.7120 133.9360 65
134.0960 134.2560 66
134.2880 135.0880 67
135.5680 135.6320 64
135.8880 136.3360 67
136.3680 136.9440 65
136.9760 137.1360 67
137.1680 137.6800 68
137.7120 139.0560 67
139.3760 139.4080 62
139.4400 139.5040 64
139.5360 139.7920 65
139.8240 140.0160 67
140.1760 140.3040 68
140.3360 140.4320 70
140.4640 141.1360 67
141.1680 141.3920 65
141.4240 141.5520 67
142.3200 142.5440 67
142.5760 142.5760 65
142.6080 142.8320 63
142.8640 143.6320 65
145.2320 145.3600 63
145.3920 145.5200 65
145.5520 145.7440 67
145.9360 146.1280 70
146.2880 146.8320 67
146.8640 146.9600 66
146.9920 147.2160 65
147.4400 147.5040 67
148.0480 148.2400 65
148.4000 148.5600 65
148.5920 149.4560 67
150.8960 150.9920 63
151.0240 151.2480 65
151.2800 151.4400 67
151.7600 151.8560 70
151.8880 151.9520 68
151.9840 152.2400 67
152.3680 152.8480 67
152.8800 152.9120 65
153.1040 153.3280 60
153.3600 153.5200 61
153.7120 153.7120 65
153.7440 153.9040 67
153.9360 154.0000 64
154.1280 154.2880 63
154.3200 154.9920 65
155.4400 155.4720 60
155.5040 155.5680 59
155.8560 156.0160 63
156.0480 156.1440 65
156.1760 156.4960 63
156.6240 156.7840 62
156.8160 157.1040 63
157.1360 157.1680 62
157.2000 157.2640 61
163.6640 163.7280 67
163.9200 163.9840 66
164.0160 164.3040 65
164.4960 165.4880 67
165.5200 165.7760 65
165.9040 166.1920 67
166.2240 166.2560 66
166.2880 166.5440 65
166.5760 166.8960 67
166.9280 167.1840 70
167.3440 167.8560 65
167.8880 167.9520 64
167.9840 168.0480 62
168.0800 168.3040 63
168.3360 168.6240 62
168.8160 169.0400 63
169.0720 169.4560 65
169.8400 170.3840 63
170.4160 171.0560 65
171.3440 171.5680 61
171.9520 172.7840 63
174.4800 174.6400 65
174.6720 175.4400 67
175.4720 175.7600 65
175.8880 176.7520 67
176.7840 177.2000 65
177.3280 177.6480 67
177.6800 177.9360 65
178.0960 178.3200 67
178.3520 178.5440 70
178.7680 179.0880 65
179.5040 180.3680 63
180.4000 180.8480 65
181.2320 181.4560 63
181.6480 181.8400 63
181.8720 182.1280 65
182.3840 182.4480 65
183.1200 183.3120 60
183.3440 183.3760 63
183.4080 183.5680 65
183.6000 184.6880 67
185.1360 185.2960 63
185.3280 185.5520 65
185.5840 185.7440 67
185.9360 186.0640 68
186.0960 186.1920 70
186.2240 186.8960 67
186.9280 187.0880 65
187.1200 187.2160 67
187.3760 187.6320 60
187.6640 188.3360 67
188.3680 188.8160 64
188.8480 189.0400 66
189.0720 189.4240 65
189.4560 189.7440 67
189.9040 189.9680 70
190.2880 190.3200 65
190.3520 190.4160 66
190.8960 191.0560 63
191.0880 191.2480 65
191.2800 191.5040 67
191.6960 191.9200 70
191.9520 191.9840 68
192.0160 192.1440 67
192.3680 192.5920 67
192.6240 192.8480 65
193.1360 193.5840 65
193.7120 194.0640 65
194.0960 194.4800 62
194.5120 194.8640 63
194.8960 195.0240 62
195.0560 195.6000 63
196.6240 196.6880 63
196.7200 196.7520 64
196.7840 196.9760 65
197.0080 197.1680 67
197.3600 197.3600 67
197.3920 197.5840 69
197.6160 197.6480 68
197.6800 198.2560 67
198.2880 198.5440 66
198.5760 198.6080 65
198.8960 199.6320 67
199.6640 199.7280 66
199.7600 199.8560 65
199.8880 200.0480 64
200.0800 200.8800 65
200.9120 200.9760 66
201.0080 201.1680 67
201.5520 201.9040 65
201.9360 202.2880 63
202.3200 202.5440 65
202.6720 202.8000 66
202.8320 203.6640 67
204.4640 204.8160 67
204.8480 205.4880 65
205.5200 205.6800 67
205.7120 206.2240 68
206.2560 207.6960 67
207.9520 207.9840 63
208.0160 208.3360 65
208.3680 208.5920 67
208.7200 208.7840 67
208.8160 208.8480 69
208.8800 209.0080 70
209.0400 209.6800 67
209.7120 209.9360 66
209.9680 210.1920 67
210.2560 210.4800 67
210.8640 211.0880 67
211.1200 211.1520 65
211.1840 211.3760 63
211.4080 212.3040 65
213.8400 213.8720 72
213.9040 213.9680 73
214.0960 214.2880 74
214.4800 214.5760 72
214.6080 214.8640 74
214.8960 215.0240 75
215.0560 215.1520 74
215.1840 215.2160 72
215.2480 215.3120 73
215.3440 215.6960 74
215.9200 216.0160 73
216.0480 216.3040 74
216.6560 216.7200 64
216.7520 216.7520 67
216.7840 216.8480 69
216.9760 217.1680 74
217.2960 217.6800 55
217.7120 218.9920 56
219.5040 219.5680 68
219.6000 219.7280 69
219.7600 220.0800 70
220.2080 220.3680 70
220.4000 220.5280 72
220.5600 220.8160 67
220.9760 221.7760 67
221.9360 222.2240 67
222.2560 222.2880 68
222.3200 222.5120 69
222.5440 222.5440 66
222.6400 223.6960 65
224.1440 224.3680 58
224.4000 224.4320 60
224.4640 224.5920 63
224.6240 224.7840 65
224.8160 225.1040 63
225.1360 225.3600 62
225.3920 225.7120 63
225.7440 225.8080 62
226.0000 228.0800 60
230.9280 231.0560 65
231.0880 231.2480 66
231.2800 231.4720 67
231.6960 231.9200 70
231.9520 231.9840 68
232.0160 232.2400 67
232.4000 232.8800 67
232.9120 232.9760 64
233.2000 233.5200 60
233.5520 233.6480 61
233.9040 234.1280 67
234.3520 234.5120 63
234.5440 235.1520 65
236.4640 236.7200 58
237.0400 237.1360 63
237.1680 237.3280 65
237.3600 237.7120 63
237.9360 238.3840 63
239.4080 240.0800 60
