18.5760 18.8640 57
18.8960 18.9920 58
19.0240 19.0560 60
19.0880 19.1520 61
19.2800 19.3760 64
19.4080 19.4720 63
19.6000 20.1120 61
20.1440 20.2400 62
20.2720 20.3360 61
20.3680 20.4320 60
20.7200 21.1040 57
21.1360 21.4240 58
22.0000 22.0640 56
24.3680 24.4000 56
24.4320 24.5280 57
24.5600 24.6560 58
24.6880 24.7200 61
24.7520 24.8480 62
24.9760 25.0720 64
25.1040 25.1680 63
25.2960 25.5200 61
25.6480 25.8400 61
26.4800 26.8000 57
26.8320 27.1200 58
30.3200 30.7680 62
30.8000 30.9280 64
30.9600 31.3120 61
31.7280 32.1760 62
32.2080 32.3360 64
32.4640 32.5280 62
32.5600 32.7840 61
33.2640 33.4240 59
33.4560 33.7120 57
33.8400 33.9360 57
33.9680 34.1920 58
35.1520 35.2480 56
35.3760 35.5360 57
35.7920 35.8880 57
35.9200 36.2720 58
37.5200 37.9360 57
37.9680 38.1920 58
38.4480 38.6080 55
39.0880 39.1520 55
41.6480 41.8080 57
41.8400 41.9360 58
41.9680 42.0000 61
42.0320 42.1600 62
42.2880 42.4480 64
42.4800 42.5120 63
42.7040 43.1840 61
43.2160 43.4080 62
43.4400 43.4720 61
43.8880 43.9520 57
44.1440 44.2720 57
44.3040 44.4000 58
44.4320 44.6240 59
47.3440 47.5040 57
47.5360 47.6640 58
47.6960 47.7600 60
47.7920 47.8560 61
47.9840 48.1760 64
48.3680 48.8480 61
48.8800 49.0080 62
49.4560 49.5840 64
49.8720 50.0640 61
50.1920 50.5760 61
50.6080 50.6080 59
52.9760 53.1360 59
53.3600 53.7440 64
53.7760 53.8400 65
53.8720 54.0320 66
54.4480 55.2480 64
55.2800 55.5360 65
56.0160 56.1120 59
56.2400 56.3360 63
56.3680 56.5920 64
56.6240 56.6880 65
56.7200 56.8800 66
57.3920 57.5200 62
57.5520 57.6800 64
57.7120 58.2240 62
58.7360 58.8640 57
59.1520 59.1840 57
59.2160 59.2800 58
59.3120 59.4080 59
59.4400 59.4720 60
59.5040 59.6000 61
59.6320 59.6640 60
59.6960 60.1120 59
60.4000 60.6560 66
61.3600 61.4880 63
62.0320 62.2560 64
66.3200 66.4480 67
66.4800 66.6720 69
66.7040 66.9280 66
66.9600 66.9920 67
67.0240 67.4720 69
67.5040 67.6320 71
67.7920 68.1120 66
68.8800 68.9760 62
69.0080 69.2000 64
69.4880 69.5840 64
69.6160 69.7760 65
69.8080 70.3840 64
70.4160 70.4480 65
70.4800 70.7360 66
71.6320 71.7600 62
71.9520 72.0480 67
72.0800 72.2080 69
72.3680 72.4960 64
72.5280 72.5920 65
72.6240 72.6880 68
72.7200 72.8800 69
73.0400 73.0720 71
73.1040 73.1360 72
73.1680 73.2640 73
73.4560 73.7120 66
74.4800 74.6720 64
75.1520 75.2160 64
75.2480 75.2800 65
75.3120 75.4400 66
75.4720 75.5040 65
75.5360 76.0160 64
76.0480 76.0800 65
76.1120 76.5920 66
77.2960 77.6160 62
77.6480 77.6480 65
77.6800 77.6800 67
77.7120 77.8080 69
77.8400 78.0000 71
78.0320 78.0640 70
78.0960 78.7040 69
79.1200 79.1520 64
79.1840 79.4400 65
79.4720 79.7920 64
79.8240 79.9840 66
80.2720 80.4000 67
80.4320 80.5920 69
80.6240 80.6560 67
80.6880 80.7840 66
80.9440 81.2000 66
81.6480 81.8400 62
81.9680 82.0960 62
82.1280 82.2560 64
82.2880 82.3200 63
82.3520 82.6720 62
82.7040 82.7360 63
82.7680 82.8960 64
83.0560 83.2480 71
83.2800 83.4400 73
83.7600 84.5920 69
84.6240 84.8160 71
85.2000 85.3600 69
85.5200 85.7120 69
85.8720 85.9040 69
85.9360 86.0000 70
86.0320 86.1920 71
86.7040 86.7680 62
86.8000 86.8640 63
87.0240 87.1840 67
87.2160 87.4080 69
87.6000 87.7600 67
87.7920 87.9200 69
87.9520 88.0160 66
88.0480 88.0800 65
88.1120 88.3680 64
88.7520 88.8800 68
88.9120 89.2960 69
89.3280 89.3600 67
89.3920 89.7760 66
89.8080 90.0320 69
90.1600 90.2880 69
90.3200 90.4480 71
90.6080 90.7360 67
90.7680 90.9920 66
91.7600 91.9200 62
91.9520 92.2080 64
92.2400 92.2720 65
92.3040 92.3680 67
92.4000 92.5920 68
92.6240 92.8480 64
93.1360 93.4240 66
94.3520 94.6720 66
94.8320 95.0240 69
95.0560 95.5040 66
95.5360 95.7600 69
95.9200 95.9520 73
95.9840 96.3680 74
96.4000 96.9440 73
97.3600 97.5200 68
97.5520 97.8720 69
98.0640 98.2560 66
98.4160 98.6720 69
98.8320 98.9920 69
99.0240 99.4720 71
100.1760 100.2720 70
100.3040 100.9120 71
100.9440 101.5520 69
101.9680 101.9680 65
102.0000 102.1280 67
102.1600 102.2560 69
102.3840 102.6400 67
102.6720 102.8320 62
103.1200 103.2800 67
103.3120 103.4400 69
103.4720 103.6000 67
103.8560 104.1120 67
104.4960 104.6560 64
104.6880 105.0080 66
105.1040 105.3600 69
105.5200 105.7120 71
105.8720 106.4160 73
106.4480 106.7040 74
106.9920 107.1200 65
107.1520 107.3440 66
107.3760 107.4720 64
107.5040 107.5680 63
108.0480 108.3040 62
108.4960 108.6240 62
108.6560 108.6880 63
108.7200 108.8160 64
108.8480 108.8800 63
108.9120 109.0080 62
109.0400 109.0720 60
109.1040 109.6480 59
111.4080 111.4720 65
111.5040 111.5360 66
111.5680 111.6640 67
111.7920 111.8880 64
111.9200 112.1440 65
112.1760 112.4320 62
113.2320 113.6160 59
113.6480 113.8080 62
113.8400 114.0640 64
114.0960 114.8320 62
119.7920 119.9520 62
119.9840 120.1440 63
120.1760 120.3680 62
120.4000 120.4960 63
120.5280 120.5600 64
120.5920 120.6240 65
120.6560 121.9680 66
122.0000 122.0640 67
122.0960 122.1280 69
122.1600 122.1920 70
122.2240 122.3520 71
122.3840 122.4160 70
122.4480 122.7360 69
122.7680 122.8000 67
122.8320 123.4400 66
123.4720 123.5680 65
123.6000 123.6960 64
123.7280 125.3280 62
130.2240 130.8960 69
130.9280 131.0240 72
131.0560 131.6000 74
131.6320 131.7280 72
131.7600 132.2080 73
132.2400 132.3360 71
132.3680 133.6800 69
133.7120 134.1600 65
134.1920 134.8960 62
134.9280 136.4960 64
140.2720 140.5280 57
140.5600 140.6880 59
140.7200 140.9440 62
140.9760 141.1360 64
141.2960 141.7440 61
141.7760 141.9680 62
142.4160 142.5120 57
142.7360 142.8640 57
142.8960 143.1200 58
143.1520 143.2480 57
143.4080 143.6320 55
145.9040 145.9680 56
146.0000 146.1600 57
146.1920 146.2560 58
146.2880 146.3200 60
146.3520 146.3840 61
146.4160 146.6080 62
146.6400 146.8000 64
146.9600 147.4720 61
147.5040 147.7600 62
148.0480 148.2080 62
148.2400 148.4000 64
148.5280 148.6560 61
148.8480 149.0080 61
149.0400 149.2320 62
149.2640 149.8080 59
151.5680 151.7920 59
151.9520 152.0800 62
152.1120 152.4320 64
152.4640 152.6240 66
153.1360 153.5840 64
153.6160 153.6480 63
153.7760 153.9040 64
153.9360 154.0960 66
154.1280 154.1280 64
154.8000 154.8640 64
154.8960 155.1520 63
155.1840 155.3120 64
155.3440 155.4720 66
155.5040 155.5360 62
155.8560 156.0160 62
156.0480 156.2080 64
156.3680 156.8800 62
157.3280 157.4240 58
157.6800 157.7760 58
157.8080 157.8720 59
158.0320 158.1600 62
158.1920 158.2240 60
158.4160 158.7040 59
158.7360 158.7360 61
158.7680 158.8960 64
158.9280 159.0560 66
159.4400 159.5360 67
159.5680 159.7280 69
159.7600 159.7600 67
159.7920 159.9840 64
160.0160 160.1440 66
160.1760 160.2400 65
160.2720 160.3040 64
160.3360 160.4000 63
160.5280 160.5920 63
160.6240 161.0720 64
161.9360 162.0640 67
162.0960 162.2240 69
162.2560 162.2880 67
162.3200 162.6400 66
162.6720 163.1200 69
163.1520 163.2800 71
163.4400 163.9840 66
164.0160 164.0800 65
164.4960 164.5600 62
164.5920 164.6560 63
164.6880 164.8160 64
165.1360 165.4240 65
165.4560 166.1280 64
166.1600 166.5440 66
167.2800 167.4720 62
167.6640 167.7600 67
167.7920 167.9200 69
168.0480 168.3040 64
168.3360 168.6880 69
168.7200 168.9760 72
169.1360 169.5840 66
170.2240 170.3520 62
170.3840 170.9920 64
171.0240 171.1840 66
171.2160 171.7920 64
171.8240 172.0160 66
172.0480 172.1760 65
172.2080 172.2720 64
172.3040 172.6240 62
172.9760 173.2640 62
173.3920 173.5200 69
173.5520 173.7120 71
173.7440 173.9360 69
173.9680 174.1280 68
174.1600 174.3840 69
174.8000 174.8640 64
174.8960 175.1200 65
175.1520 175.5040 64
175.5360 175.6640 66
175.9200 176.0800 67
176.1120 176.2720 69
176.3040 176.3360 67
176.3680 176.4320 66
176.6240 176.9120 66
177.2640 177.6800 62
177.7120 177.7760 63
177.8080 177.9360 64
177.9680 178.2560 62
178.3840 178.5760 64
178.7360 178.9280 71
178.9600 179.0880 73
179.4400 180.3040 69
180.3360 180.5920 71
180.8160 181.0400 69
181.2320 181.4240 69
181.4560 181.5840 68
181.6160 181.7760 69
181.8080 182.0320 71
182.0640 182.0640 69
182.2880 182.5120 62
182.6720 182.8000 67
182.8320 182.9920 69
183.2160 183.2800 67
183.3120 183.3440 68
183.3760 183.5040 69
183.5360 183.6000 67
183.6320 183.7280 66
183.7600 183.9840 64
184.4320 184.9760 69
185.0080 185.0400 67
185.0720 185.4880 66
185.5200 185.8720 69
185.9040 185.9680 70
186.0000 186.1600 71
186.2880 186.8000 66
186.9280 186.9920 65
187.4400 187.6000 62
187.6320 187.9520 64
187.9840 188.0160 68
188.0480 188.1760 69
188.2080 188.3680 65
188.4000 188.5920 64
188.7840 189.3600 66
189.3920 189.4560 64
189.9360 190.3520 66
190.4800 190.6400 69
190.6720 191.1840 66
191.2160 191.4400 69
191.6000 191.6320 73
191.6640 192.0480 74
192.0800 192.6880 73
193.0080 193.2000 67
193.2320 193.5520 69
193.8080 193.9360 66
194.1280 194.3200 69
194.4800 194.6720 70
194.7040 195.3760 71
195.8560 195.9520 70
195.9840 196.2080 71
196.2400 196.3360 70
196.3680 196.5600 71
196.5920 197.2640 69
197.6800 197.7440 67
197.7760 197.8080 68
197.8400 197.9360 69
198.0640 198.3200 67
198.3520 198.3520 65
198.3840 198.5440 62
198.7680 198.8320 67
198.8640 198.9280 68
198.9600 199.1200 69
199.1520 199.3120 67
199.5040 199.7920 67
200.1760 200.2080 63
200.2400 200.2720 64
200.3040 200.3680 65
200.4000 200.5920 66
200.6240 200.6880 67
200.9120 201.2000 69
201.2320 201.4240 71
201.6160 202.1280 73
202.1600 202.4800 74
202.5120 202.5120 72
202.7360 202.8960 65
202.9280 203.0240 66
203.0560 203.0880 65
203.1200 203.2480 64
203.2800 203.3440 63
203.7600 203.8560 61
203.8880 204.0160 62
204.1760 204.3360 62
204.3680 204.5280 64
204.5600 204.5920 62
204.6240 204.6880 61
204.7200 205.3280 59
206.9600 206.9920 65
207.0240 207.0560 66
207.0880 207.2480 67
207.2800 207.3760 64
207.4080 207.6640 65
207.6960 207.9200 62
207.9520 207.9840 60
208.2400 208.3680 60
208.4000 208.6880 59
208.8480 208.9440 62
208.9760 209.0720 64
209.1040 209.1360 63
209.1680 209.4560 62
210.1600 210.2880 59
210.5760 210.5760 65
210.6400 210.7040 67
211.0880 211.1520 64
211.1840 211.4080 63
211.6000 212.2080 64
212.4000 212.4960 64
212.5280 212.6560 66
213.0720 213.2320 57
213.2640 213.3280 58
213.3600 213.3600 62
213.3920 213.4560 65
213.4880 213.6160 66
213.7760 213.8720 65
214.0320 214.3840 62
214.4160 214.8960 65
214.9280 215.0240 66
215.1520 215.3440 72
215.3760 215.5360 73
215.9200 216.4640 73
216.6560 216.8160 66
216.9760 217.1360 64
217.6800 218.0000 62
218.0320 218.0960 66
218.7680 218.8960 60
218.9280 219.3760 62
219.4080 219.5040 63
219.5360 219.9200 64
219.9520 220.0800 66
220.2080 220.6560 62
220.8800 221.0720 67
221.1040 221.2640 69
221.6160 221.8080 69
221.9360 222.2240 69
222.3520 222.4480 70
222.4800 222.6400 71
222.6720 222.6720 68
222.7040 222.8960 66
223.0240 223.1840 67
223.2160 223.5680 69
223.6000 223.7280 71
223.7600 224.0480 69
224.4000 224.5600 60
224.5920 224.9760 62
225.1040 225.1360 63
225.1680 225.2000 64
225.2320 225.4880 65
225.5200 225.6800 66
225.7120 225.8400 67
225.8720 226.0000 69
226.0320 226.1600 71
226.5760 226.7680 69
226.9280 227.1200 69
227.3760 227.5040 73
227.5360 227.8560 74
228.1760 228.3040 66
228.4640 228.5920 65
228.7200 228.7840 65
228.8160 228.9120 64
228.9440 229.1360 66
229.1680 229.5200 64
229.5520 229.6800 65
230.0960 230.1600 71
230.1920 230.2560 68
230.2880 230.6720 69
230.7040 230.7360 67
230.7680 231.1840 66
231.2160 231.6640 69
231.6960 231.7280 70
231.7600 231.9520 71
231.9840 232.0160 68
232.0480 232.2080 66
232.3360 232.6880 66
233.0720 233.2000 62
233.2320 233.6480 64
233.6800 233.6800 67
233.7120 233.8400 69
233.8720 233.9680 65
234.0000 234.2560 64
234.4800 234.5440 67
234.5760 234.9920 66
235.0240 235.0560 64
235.0880 235.1200 63
235.8880 236.0480 65
236.2400 236.3680 69
236.4000 236.4320 67
236.4640 236.7840 66
236.8160 236.8800 67
236.9120 236.9440 68
236.9760 237.1680 69
237.2960 237.5520 74
237.7120 238.4160 74
238.7680 238.8960 71
238.9280 239.2160 73
239.2480 239.2480 71
239.4080 239.5360 71
239.5680 239.6960 74
239.8240 240.1120 73
240.2720 240.3680 73
240.4000 241.1040 74
241.3920 241.8080 69
241.9360 242.2880 74
242.3200 242.5120 70
242.6720 242.9600 69
243.3760 243.4720 65
243.5040 243.7280 67
243.7600 244.3040 69
244.4640 244.6560 71
244.6880 244.7840 69
244.8160 245.0080 71
245.0400 245.3600 73
245.9040 246.3840 66
246.5760 246.9600 69
246.9920 247.2480 71
247.5040 247.5360 72
247.5680 248.0800 73
248.1120 248.3360 74
248.3680 248.4000 75
248.4320 248.5600 76
248.5920 250.7360 74
252.7520 252.8800 67
252.9120 253.0720 69
253.1040 253.1040 67
253.2640 253.5520 65
253.7120 253.8400 65
253.8720 253.9040 63
253.9360 254.1600 62
254.3200 254.7040 62
256.1440 256.2080 58
256.4960 256.5280 65
256.5600 256.8800 67
257.0400 257.4560 65
257.4880 257.7760 62
259.6000 259.8560 59
259.9840 260.1440 62
260.1760 260.3680 64
260.4000 261.4880 62
261.5200 261.8080 63
261.8400 262.0960 62
264.8800 265.0400 60
265.0720 265.2960 61
266.3840 266.8000 61
266.8320 266.8960 60
266.9280 267.0240 59
267.1840 267.7920 57
267.8240 267.9520 56
267.9840 268.4320 55
