23.0880 23.3760 59
23.4080 23.4400 60
23.4720 23.5680 61
23.6000 23.6320 60
23.6640 24.1760 59
24.7840 24.9120 61
24.9440 26.2560 59
27.8880 28.1120 59
28.1440 28.1760 60
28.2080 28.3680 61
28.8160 29.0080 68
29.1360 29.4240 66
29.4560 29.6480 64
29.6800 29.7120 63
29.8720 30.3200 61
30.3520 30.5120 60
32.8160 33.0080 59
33.1680 33.4880 61
33.5200 33.6160 64
33.7760 33.9680 68
34.1280 34.1920 67
34.2240 34.2880 66
34.3200 34.3520 65
34.3840 35.1520 64
35.1840 35.2160 63
35.3440 35.5680 61
35.8560 36.0800 58
37.5520 37.7120 58
37.9040 38.0320 61
38.1920 38.3200 61
38.3520 38.4160 63
38.6400 38.8640 65
38.8960 38.9920 62
39.0240 39.5680 61
39.6000 39.7600 62
39.7920 40.4320 64
40.5600 40.6880 68
40.7200 40.7840 67
40.8160 42.1280 66
43.1520 43.3760 59
43.4080 43.4400 60
43.4720 43.6640 61
43.6960 44.1440 59
44.1760 44.2400 58
44.4000 44.4960 56
44.5280 44.6560 57
44.8160 44.9760 61
45.0080 45.7760 59
47.6320 47.6960 58
47.8560 48.0480 59
48.0800 48.1440 60
48.1760 48.3040 61
48.4640 48.4960 63
48.5280 48.5280 65
48.5600 48.6240 67
48.7520 48.9760 67
49.0080 49.2640 66
49.2960 49.3280 65
49.3600 49.6800 64
49.8720 50.1920 61
50.3200 50.8960 59
50.9280 51.1520 58
52.5280 52.6240 57
52.6560 52.7520 58
52.7840 53.0400 59
53.0720 53.1040 60
53.1360 53.5520 61
53.5840 53.5840 63
53.6160 53.6160 65
53.6480 53.6800 67
53.7120 54.0320 68
54.0640 54.1600 67
54.1920 54.3520 66
54.3840 54.4480 65
54.4800 54.8640 64
54.8960 54.9280 63
55.0880 55.2480 61
55.2800 55.3120 60
55.3440 55.5360 59
55.7280 56.4960 59
56.5280 56.5920 60
56.6240 56.7840 62
56.8160 56.8480 63
56.8800 57.2320 64
57.4880 57.7120 61
57.7440 57.8080 62
57.8400 58.0000 64
58.1920 58.5120 64
58.5440 58.6080 62
58.6400 58.9280 61
59.3120 59.4720 66
59.5040 59.5360 67
59.5680 59.7920 68
59.8240 60.1760 67
60.3680 60.7840 64
61.0720 64.0160 66
64.0480 64.1760 65
64.6560 65.0080 59
65.0400 65.2320 61
65.2640 65.3280 62
65.3600 65.6160 64
65.6480 65.6800 65
65.7120 65.8400 66
65.8720 65.9040 67
65.9360 67.2480 68
67.2800 67.3440 67
67.4720 67.5360 63
67.5680 68.2720 64
68.3040 68.4640 65
68.4960 69.3280 68
69.9680 70.1920 61
70.2240 70.2560 62
70.2880 70.4800 64
70.6080 70.8640 71
70.8960 71.1520 73
71.3120 71.7600 71
71.9200 72.0800 71
72.2400 72.8160 68
72.8480 72.9120 70
72.9440 74.1600 71
74.2560 74.2880 70
74.4800 74.5440 68
74.5760 74.7040 67
74.7360 74.8320 66
74.8640 75.7280 68
75.7600 75.7920 67
75.8240 76.8160 66
77.2000 77.2640 60
77.2960 77.2960 62
77.3280 77.4240 64
77.4560 77.4880 65
77.5200 77.7760 66
77.8080 78.3840 68
78.4160 78.6400 71
78.6720 78.7040 72
78.7360 78.8960 73
78.9280 78.9920 72
79.0240 79.0880 71
79.1200 79.2800 68
79.5040 79.7600 68
79.7920 80.0480 67
80.3360 80.5600 61
80.5920 80.5920 63
80.6240 80.8480 68
80.9760 81.1040 66
81.1360 81.3280 67
81.3600 81.4240 66
81.5840 81.9360 64
81.9680 82.1920 66
82.2240 82.3840 68
82.5120 82.7680 71
82.8000 82.8320 67
82.8640 83.0240 66
83.0560 83.0880 67
83.1200 83.2480 68
83.2800 83.7280 66
83.7600 83.8880 65
83.9200 84.3040 64
84.3360 84.6560 63
84.7840 84.9760 59
85.0080 85.0720 61
85.1040 85.2640 60
85.2960 85.6160 64
85.6480 85.6800 66
85.7120 85.8400 67
85.8720 86.7040 68
86.7360 86.8000 70
86.8320 87.2160 71
87.2480 87.3760 70
87.4080 87.4400 68
87.4720 88.3360 66
88.5280 88.5600 67
88.5920 88.7200 68
88.7520 89.2960 67
89.7120 89.8720 59
89.9040 89.9360 60
89.9680 90.2560 61
90.2880 90.5120 64
90.6080 90.6080 68
90.6400 90.8960 71
90.9280 90.9600 72
90.9920 91.1200 73
91.2800 91.6640 71
91.9200 92.1120 71
92.2400 92.3040 69
92.3360 92.8160 68
92.8480 92.8800 69
92.9120 93.5840 71
93.6160 94.1600 70
94.7040 94.8320 67
95.0240 95.2160 68
95.4080 95.6320 68
95.6640 95.6960 67
95.7280 95.8880 66
96.1440 96.2080 67
96.2400 96.6560 66
96.6880 96.7520 65
97.2000 97.2640 60
97.2960 97.3920 63
97.5520 97.8080 66
97.8400 97.8720 67
97.9040 98.4160 68
98.4480 98.6080 71
98.6400 98.9920 72
99.0240 99.1200 71
99.1520 99.9200 68
100.3360 100.4640 61
100.4960 100.6240 62
100.6560 100.6560 64
100.6880 100.8800 68
100.9120 100.9440 67
100.9760 101.4880 66
101.5200 101.5520 65
101.5840 101.7760 64
101.9360 102.0000 65
102.0320 102.1280 66
102.2560 102.4480 68
102.4800 102.5120 69
102.5440 102.7680 71
103.0560 103.1520 67
103.1840 103.5360 68
103.5680 103.6000 67
103.6320 106.2560 66
106.2880 107.0240 65
107.0560 107.2160 64
107.2480 107.3120 63
107.9520 108.5600 59
109.0720 109.2960 59
109.4560 109.5520 56
109.5840 109.6480 57
109.6800 109.7760 58
109.8080 109.8400 59
109.9040 109.9680 60
110.0000 111.1520 59
112.6240 112.7200 57
112.7520 112.7840 58
112.8160 113.1680 59
113.2000 113.3280 60
113.4560 113.5200 62
113.5520 113.6160 65
113.7760 113.9680 68
114.0960 114.2560 66
114.4480 114.8320 64
115.0560 115.5680 61
115.6000 115.6640 60
115.6960 115.7280 59
117.5840 117.6480 58
117.8400 117.8720 58
117.9040 118.0320 59
118.1600 118.4480 61
118.4800 118.5760 62
118.6080 118.6400 66
118.6720 118.7360 67
118.7680 119.0240 68
119.0560 119.3120 66
119.3440 119.4080 65
119.4400 119.9840 64
120.0160 120.0800 65
120.1120 120.2400 66
120.2720 120.3040 65
120.3360 120.5280 64
120.6560 120.7840 61
120.8160 121.5520 59
121.5840 121.8080 62
121.8400 121.8720 63
121.9040 122.3520 64
123.1520 123.3440 61
123.3760 123.7280 59
123.7600 124.0160 61
124.0480 124.2720 63
124.4960 124.6560 68
124.6880 125.2960 66
125.4560 128.8800 64
128.9120 129.4880 63
142.7680 142.9600 66
144.7520 144.8160 64
149.7120 149.9360 59
149.9680 150.0000 60
150.0320 150.2240 61
150.2560 150.3200 62
150.3520 150.5760 64
150.6080 150.6720 65
150.7040 150.7680 66
150.8000 150.8640 67
150.8960 152.3360 68
152.3680 152.3680 66
152.4000 152.4960 63
152.5280 153.3920 64
153.4240 153.4880 65
153.5200 153.7120 67
153.7440 154.1920 68
154.2240 154.3520 67
154.7360 154.8960 60
154.9280 155.1520 61
155.1840 155.2160 62
155.2480 155.2800 63
155.3120 155.5040 64
155.6320 155.8240 71
155.8560 155.8880 72
155.9200 156.1440 73
156.3040 156.7200 71
156.9440 157.0720 70
157.2320 157.2960 69
157.3280 157.8080 68
157.8400 158.1280 70
158.1600 159.2800 71
159.6640 159.7920 66
159.8240 159.8560 67
159.8880 160.3680 68
160.4000 160.4960 70
160.5280 160.8160 68
160.8480 161.8400 66
162.1600 162.2560 62
162.2880 162.3200 64
162.3520 162.4480 65
162.4800 162.7680 66
162.8000 163.2800 68
163.3440 163.4080 69
163.4400 163.6640 71
163.6960 163.9200 73
163.9520 164.0160 72
164.0480 164.0800 71
164.1120 164.3680 68
164.4000 164.4640 71
164.4960 164.5920 68
164.6240 165.0400 67
165.3280 165.4880 61
165.5200 165.5840 62
165.6160 165.6160 64
165.6480 165.8720 68
166.0000 166.1920 66
166.2240 166.3520 67
166.3840 166.4160 66
166.4480 166.4800 65
166.5120 166.8960 64
166.9280 166.9600 65
166.9920 167.1520 66
167.1840 167.2160 67
167.2480 167.4080 68
167.4400 167.5040 69
167.5360 167.7280 71
167.7600 167.7920 69
167.8240 168.0480 66
168.0800 168.2720 67
168.3040 168.4000 66
168.4320 169.1360 65
169.4560 169.5200 58
169.6480 169.9680 59
170.0000 170.2560 61
170.2880 170.5760 64
170.6080 170.7680 66
170.8000 171.7920 68
171.8240 172.2400 71
172.2720 172.3680 70
172.4000 172.4640 68
172.4960 172.5600 65
172.5920 173.4880 66
173.5200 174.3200 68
174.3520 174.4480 67
174.7360 174.9280 59
174.9600 175.1200 61
175.1520 175.2800 62
175.3120 175.5040 64
175.5360 175.5680 63
175.6960 175.8880 71
175.9200 176.1120 73
176.3360 176.3360 69
176.3680 176.7200 71
177.2640 177.9040 68
177.9360 179.0560 71
179.6640 179.8560 66
180.0160 180.2080 68
180.4000 180.6880 68
180.7200 181.8720 66
182.1600 182.2880 62
182.3200 182.3840 64
182.5440 182.7680 66
182.8000 183.4080 68
183.4400 183.6320 71
183.6640 183.9840 73
184.0160 184.0800 71
184.1120 184.4000 69
184.4640 185.1040 68
185.3920 185.6480 62
185.6800 185.9360 68
185.9680 186.5440 66
186.5760 186.7360 65
186.7680 186.8960 68
186.9280 187.0880 67
187.1200 187.1520 68
187.1840 187.5680 69
187.6000 187.7920 70
188.0160 188.2720 68
188.3040 188.6240 67
188.6560 189.7120 66
189.7440 189.8080 68
189.8400 190.0640 67
190.0960 190.2240 68
190.2560 190.2880 67
190.3200 191.1520 66
191.1840 192.1440 65
193.1040 193.4560 59
194.1280 194.3200 59
194.5440 194.7040 58
194.7360 194.7680 59
194.8000 194.8320 60
194.8640 194.9920 61
195.0240 195.0560 60
195.0880 195.9200 59
197.6800 197.8400 58
197.8720 198.1920 59
198.2240 198.4480 60
198.4800 198.6080 63
198.8000 198.9600 68
199.1200 199.2480 66
199.4080 199.7920 64
200.0800 200.6880 61
200.7200 201.6480 59
202.8320 203.1520 59
203.1840 203.5680 61
203.6000 203.6000 63
203.6320 204.3360 67
204.3680 205.1680 64
205.2000 205.3280 66
205.3600 205.7120 64
205.7440 205.8720 62
205.9040 206.6080 59
206.6400 206.8960 62
206.9280 207.6640 63
208.0160 208.4000 61
208.4320 208.7520 59
208.7840 209.0080 61
209.0400 209.1040 62
209.1360 209.3600 64
209.5200 209.7440 68
209.7760 210.2880 66
210.4480 210.9600 64
210.9920 211.9840 63
212.5280 212.8480 57
212.8800 213.1040 59
213.2320 213.2640 59
213.2960 213.4240 61
213.4560 213.5520 62
213.5840 213.6160 65
213.6480 213.6800 66
213.7120 213.7760 67
213.8080 214.0320 68
214.0640 214.3200 66
214.3520 214.4160 65
214.4480 214.9280 64
214.9600 215.0240 65
215.0560 215.2480 66
215.2800 215.3120 65
215.3440 215.6320 64
215.6640 215.8240 62
215.8560 215.9200 60
215.9520 216.4000 59
216.4320 216.4960 60
216.5280 216.5920 63
216.6240 216.6560 64
216.6880 216.9440 65
216.9760 217.0720 66
217.1040 217.1360 65
217.1680 217.6800 64
218.1280 218.2240 62
218.2560 218.3840 61
218.4160 218.7360 59
218.7680 219.0560 61
219.0880 219.3760 64
219.5360 219.7600 68
219.7920 220.0480 66
220.0800 220.2080 67
220.2400 220.3680 66
220.4000 220.4960 69
220.5280 221.2000 64
221.4880 224.9760 64
