34.6400 35.1520 60
35.3760 35.7920 60
35.9520 36.0800 59
36.1120 36.1760 58
36.2080 36.3360 56
36.4960 36.5920 57
38.5120 38.7680 60
39.1200 39.5360 60
39.5680 39.6000 59
39.6320 39.7280 58
39.7600 39.8240 57
39.8560 39.9840 56
40.1760 40.7840 63
41.8080 41.8720 60
42.0000 42.2880 63
42.3200 42.3200 65
42.3520 42.7360 68
42.7680 43.5040 69
43.5360 43.9840 68
44.0160 44.1120 67
44.1440 44.5280 66
44.5600 44.8480 65
45.3600 45.4880 65
45.6160 45.7440 63
45.7760 45.8080 64
45.8400 46.1600 65
46.1920 47.2480 67
49.8720 51.0560 60
51.0880 51.1520 59
51.1840 51.3440 58
51.3760 52.1440 56
54.2240 54.3200 61
54.4800 54.8640 60
54.8960 54.9280 59
54.9600 55.0880 58
55.1200 55.2160 57
55.2480 55.2800 56
55.4720 56.0160 63
57.1360 57.2960 61
57.3280 57.4880 63
57.5200 57.6160 64
57.6480 57.7440 68
57.8720 58.7360 68
58.7680 58.8640 69
58.8960 59.5680 68
59.6000 59.6960 67
59.7280 59.8240 66
59.9520 60.3040 65
61.1360 61.2320 65
61.2640 62.0640 63
62.0960 62.2880 65
62.3200 62.4800 66
62.8320 62.9920 59
63.3760 63.6960 60
65.2000 66.1280 60
66.1600 66.2880 61
66.4800 66.6720 58
66.7040 66.8320 56
69.0400 69.5200 60
69.7760 70.2240 60
70.2560 70.3840 58
70.4160 70.6080 57
70.7680 71.4080 63
72.3680 72.5280 61
72.5600 72.8160 63
72.8480 73.0400 68
73.2000 74.9920 68
75.0240 75.6000 65
75.9200 76.1760 65
76.2080 76.3680 64
76.4000 76.5600 65
76.6880 76.7840 66
76.8160 78.0000 67
78.3840 78.5120 67
78.6400 78.9600 67
79.0880 79.1520 68
79.1840 79.5040 67
79.5360 79.9840 68
80.0160 80.1120 67
80.1440 80.1760 66
80.2080 82.5760 65
84.0480 84.4320 72
84.4640 85.5200 73
85.5520 85.6800 74
85.7120 85.8400 72
85.8720 86.0640 71
86.0960 87.1840 70
87.4080 87.5360 63
87.6640 88.0160 63
88.0480 88.0800 64
88.1120 88.1120 66
88.1440 88.1440 68
88.1760 88.2080 71
88.2400 89.6160 72
89.6480 89.7760 71
89.8080 89.9040 68
90.0320 91.0880 68
91.9520 93.1680 70
93.2960 93.3600 69
93.3920 93.5840 70
93.6160 93.6480 69
93.6800 94.4480 68
94.4800 95.1520 67
95.5360 95.7600 67
95.7920 96.7200 68
96.7520 96.9760 69
97.0080 97.4880 70
97.5200 97.6480 71
97.6800 99.0240 72
99.2800 99.3760 69
99.4080 99.5360 70
99.5680 99.7600 73
99.7920 100.0800 74
100.1120 100.9120 73
100.9440 101.0400 72
101.0720 101.1360 71
101.1680 102.4480 70
102.9600 103.0880 70
103.1200 103.4080 71
103.4400 104.9440 72
104.9760 105.0720 70
105.1040 105.2000 68
105.3600 106.5120 68
107.0240 107.4080 69
107.4400 108.2080 70
108.2400 108.3040 72
108.3360 108.4000 69
108.4320 108.7840 70
108.8160 108.9120 69
108.9440 109.5520 68
109.5840 111.0240 67
111.5680 112.4000 67
112.4320 113.0080 68
113.0400 113.1360 66
113.1680 113.4560 67
113.4880 118.8000 65
153.3280 153.6160 60
153.9680 154.3520 60
154.6720 154.8320 58
154.8640 154.9920 56
155.1200 155.3440 56
155.5040 155.5680 56
157.0080 157.3600 60
157.4880 157.5520 60
157.7120 158.1920 60
158.2240 158.3200 58
158.3520 158.5440 56
158.7360 159.3120 63
160.4000 160.5280 60
160.5600 160.9120 63
161.0080 162.6720 68
162.7040 162.8960 65
162.9280 163.0880 67
163.1200 163.4400 65
163.9200 164.0800 65
164.1120 164.3680 63
164.4000 164.6880 65
164.7200 165.8720 67
166.3520 166.4800 59
166.5120 166.7680 60
168.5920 168.8800 60
169.2000 169.5200 60
169.8080 169.9680 58
170.0000 170.2240 56
170.3840 170.7680 56
173.0720 173.4560 60
173.4880 173.5200 59
173.5520 173.6800 58
173.7120 173.7440 57
173.7760 173.9680 56
174.2240 174.8640 63
174.9920 175.0560 63
175.6640 175.8240 61
175.8560 176.0480 63
176.0800 176.1440 64
176.1760 176.3040 68
176.4960 177.0080 68
177.1360 177.8080 69
177.8400 178.0960 68
178.1280 178.2560 67
178.2880 178.5760 65
178.6080 178.8000 66
178.8320 178.9920 65
179.1840 180.0160 65
180.0480 181.3280 67
181.6480 182.1920 67
182.4160 182.8960 67
182.9280 183.2800 68
183.3120 183.4080 67
183.4400 183.5040 66
183.5360 185.2960 65
187.3120 187.7280 72
187.7600 188.0160 73
188.0480 188.2720 74
188.3040 188.6880 73
188.8480 189.0400 72
189.0720 189.2000 70
189.3280 190.5120 70
190.7040 190.8320 63
190.9600 191.4400 63
191.4720 192.8800 72
192.9120 193.2000 70
193.3280 194.3840 68
195.2480 196.4000 70
196.5600 197.2320 69
197.2640 197.6800 68
197.7120 198.4480 67
198.8000 199.0560 67
199.0880 200.1760 68
200.2080 200.3040 69
200.3360 200.9440 71
200.9760 202.2560 72
202.2880 202.3840 73
202.6720 203.0240 71
203.0560 203.3440 73
203.3760 203.6000 74
203.6320 204.2080 73
204.2400 204.3680 72
204.4000 205.7120 70
205.7440 205.8080 71
206.2240 206.7040 70
206.7360 206.8640 71
206.8960 208.2400 72
208.2720 208.3360 71
208.3680 208.4000 70
208.4320 208.5600 68
208.6880 209.9680 68
210.1280 210.1920 68
210.3200 210.3200 67
210.3520 210.7040 69
210.7360 211.9840 70
212.0160 212.1760 69
212.2080 212.8480 68
213.1040 213.8720 67
214.8640 216.6240 67
216.6560 216.7520 66
216.7840 218.1920 65
218.2240 218.3520 66
218.3840 220.3040 67
220.3360 221.9680 68
222.0000 222.9600 67
223.9200 223.9840 62
224.0160 224.1120 64
224.1440 224.3040 65
224.6880 225.4240 65
225.6480 225.8080 63
225.8400 225.9360 66
225.9680 226.2560 67
226.2880 226.5120 68
226.5440 227.6000 67
227.6320 229.7120 68
229.7440 231.9520 67
