13.2640 13.2960 59
13.3280 13.3600 60
13.3920 13.9040 61
14.0320 14.0960 57
14.1280 14.1920 56
14.4160 14.7040 54
14.7360 14.7680 55
14.8000 14.8960 56
14.9280 15.0560 57
15.0880 15.1200 60
15.1520 15.2160 61
15.4080 15.4720 61
15.5040 15.5360 62
15.5680 15.8880 63
16.2080 16.8480 60
18.9920 19.0560 59
19.0880 19.1200 60
19.1520 19.5680 61
19.7280 19.8880 56
19.9200 19.9840 54
20.0160 20.3040 53
20.3360 20.4000 54
20.4320 20.4640 55
20.4960 20.7520 56
20.7840 20.8480 59
20.8800 20.9760 61
21.2000 21.5200 63
21.5520 21.9040 65
24.6240 24.6880 63
24.7200 24.7520 65
24.7840 25.2000 66
25.3600 25.5840 65
25.6160 25.8400 62
25.8720 25.9680 63
26.0000 26.0960 62
26.1280 26.2240 61
26.2560 26.6400 60
26.8320 26.9600 61
27.1840 27.2800 64
27.3120 27.5680 65
27.8560 27.9520 65
28.6560 29.0400 61
30.3520 30.4160 56
30.4480 30.4800 57
30.5120 30.5760 58
30.7040 30.8640 58
31.0560 31.2480 61
31.4400 31.5360 63
31.5680 31.7280 65
31.7600 31.8560 62
31.8880 32.4000 61
32.9760 33.2640 58
33.2960 33.3920 61
33.4240 33.6480 62
36.0480 36.1440 58
36.1760 36.2080 60
36.2400 36.3680 61
36.4000 36.5280 60
36.5600 36.7200 61
36.7520 36.7840 57
36.8160 37.0720 56
37.1040 37.3600 54
37.5840 37.7760 56
37.9360 37.9680 60
38.0000 38.0640 61
38.2240 38.3200 62
38.3520 38.6400 63
38.9920 39.3760 60
39.4080 39.5680 59
41.8400 41.9360 59
41.9680 42.0320 61
42.1600 42.2880 61
42.3200 42.3840 58
42.4160 42.7360 56
42.7680 42.8000 55
42.8320 43.0240 54
43.2480 43.4080 56
43.4400 43.5360 57
43.5680 43.8880 61
43.9200 44.1120 63
44.3040 44.7200 65
45.3920 45.4240 68
45.4560 45.4880 69
45.5200 45.6800 70
45.7120 45.7440 69
45.7760 45.9040 68
47.1520 47.3760 63
47.5040 47.5680 63
47.6000 47.6960 64
47.9200 48.1760 58
48.2080 48.2080 61
48.2400 48.3040 63
48.3360 48.5280 64
48.5600 48.8160 63
49.6160 50.0640 61
50.0960 50.1280 62
50.1600 50.3200 63
50.3520 50.6720 65
50.7040 50.8640 68
51.0880 51.2160 68
51.2480 51.6960 70
51.7280 51.9200 68
52.1440 52.2400 63
52.2720 52.3680 64
52.5600 53.1680 63
54.6720 54.9280 58
54.9600 54.9920 59
55.0240 55.3120 61
55.3440 55.3760 62
55.4080 55.5040 63
55.5360 55.7920 65
56.0800 56.3040 66
56.4320 56.5280 63
56.5600 56.7200 65
56.8800 57.1360 63
57.6160 57.6480 56
57.6800 57.8080 57
57.9360 58.0000 66
58.0320 58.0640 67
58.0960 58.2880 68
58.3200 58.7360 65
58.9600 59.2800 63
59.3120 59.4400 67
59.4720 59.6000 68
59.6320 59.6960 67
59.7280 60.0480 65
60.3680 60.4000 59
60.4320 60.4640 62
60.4960 60.7200 63
60.7520 60.7840 62
60.8160 60.9120 61
61.1360 61.6480 60
61.8400 62.0000 60
62.1600 62.4160 60
62.5440 62.6400 60
62.6720 62.7680 61
62.8960 63.1840 61
63.2160 63.4400 58
63.6000 63.6960 68
63.7280 63.9200 70
63.9520 63.9840 67
64.0160 64.3360 66
64.6560 64.8160 65
65.0080 65.1360 68
65.3600 65.4240 67
65.4560 65.9040 66
66.7680 66.8000 57
66.8320 66.9280 58
66.9600 67.0880 60
67.1200 67.6640 61
67.8560 68.2400 61
68.2720 68.3040 62
68.3360 68.4640 63
68.5920 68.8800 63
69.3280 69.4240 59
69.4560 69.5840 61
69.7120 69.8720 63
70.0320 70.1280 63
70.1600 71.0560 65
71.0880 71.1840 70
71.4720 71.9200 72
71.9520 72.0160 71
72.0480 72.5280 69
72.5600 72.5920 70
72.6240 72.6560 71
72.6880 73.0720 72
73.2320 73.8720 72
73.9040 74.1920 70
74.3200 74.9920 65
75.6640 75.7280 65
75.7600 75.7920 67
75.8240 75.9200 68
76.0480 76.2720 66
76.4640 76.7520 57
76.7840 76.8800 58
76.9120 77.0400 59
77.0720 77.1040 62
77.1360 77.2320 65
77.2640 77.4880 66
77.5200 77.7120 65
77.7440 77.7440 62
77.7760 77.8400 59
77.8720 78.1600 57
78.1920 78.4480 58
78.5760 78.6080 63
78.6400 78.7040 64
78.7360 79.5680 65
79.6000 80.0160 63
80.7520 80.8160 66
80.8480 80.8800 67
80.9120 81.0720 68
81.1040 81.1360 67
81.1680 81.5200 65
81.8400 81.9360 63
82.1920 82.5440 67
82.5760 82.8960 65
82.9280 83.0240 67
83.2160 83.4400 62
83.6000 83.8240 61
83.8560 84.1120 58
84.1440 84.8800 60
85.0080 85.1680 60
85.3600 85.4880 59
85.5200 86.0320 61
86.0640 86.3520 58
86.3840 86.3840 62
86.4160 86.4160 65
86.4480 86.5760 68
86.6080 86.7680 70
86.8960 87.2160 66
87.5360 87.8560 65
87.8880 87.9840 68
88.0160 88.1440 70
88.3040 88.7840 66
89.6480 89.7760 58
89.8080 89.9680 60
90.0000 90.3200 61
90.3520 90.5440 63
90.7360 90.8000 63
90.8320 91.0240 65
91.0560 91.4720 63
92.1440 92.2720 68
92.3040 92.5920 70
92.6240 92.7200 68
92.8480 93.4880 68
93.6800 94.2880 68
94.3200 94.6080 69
94.6400 95.0240 70
95.0560 95.2160 72
95.4080 95.5360 71
95.5680 96.3680 72
96.4000 96.5280 70
96.5600 96.8160 72
96.8480 96.8800 71
96.9120 97.0720 70
97.2640 97.8400 73
98.7040 98.7360 66
98.7680 98.8000 67
98.8320 98.8960 68
99.0880 99.3120 66
99.3440 99.3440 63
99.5040 99.6640 58
99.7920 99.9520 61
100.1440 100.2720 63
100.3040 100.5280 65
101.5520 101.7120 61
101.7440 101.8400 63
102.0640 102.5760 61
107.5040 107.6320 59
107.6640 108.1440 61
108.1760 108.1760 59
108.2080 108.5280 56
108.5600 108.7840 54
109.0080 109.1680 56
109.2960 109.4560 61
109.6480 109.7440 62
109.7760 110.1600 63
110.4160 111.4720 60
113.2000 113.3600 61
113.5520 113.6800 59
113.7120 113.8080 61
113.8400 113.9040 58
113.9360 114.0320 56
114.0640 114.3840 53
114.6400 114.9920 56
115.0240 115.3440 61
115.3760 115.5680 63
115.6000 115.6640 61
115.6960 115.8560 63
115.8880 116.2720 65
116.7520 116.8480 69
116.8800 117.1040 70
117.1360 117.7440 68
118.5440 118.5760 61
118.6080 118.8000 63
118.9280 119.1200 64
119.3120 119.6000 58
119.6320 119.7280 63
119.7600 119.9840 65
120.0160 120.6880 63
121.0720 121.2640 61
121.4240 121.5200 61
121.5520 121.7440 63
121.7760 122.0960 65
122.1280 122.2880 68
122.5120 122.6400 68
122.6720 123.0880 70
123.2800 123.3760 68
123.6000 123.6960 63
123.7280 123.8560 65
123.8880 125.5520 63
126.0640 126.3840 58
126.4160 126.8960 61
126.9280 127.0880 63
127.1200 127.3120 65
127.5040 127.6960 66
127.8240 127.9200 63
127.9520 128.2080 65
128.3680 128.6560 63
128.9760 129.1680 57
129.2960 129.6160 68
129.6480 130.1600 65
130.3840 130.6400 63
130.6720 130.7360 66
130.7680 130.9920 68
131.0240 131.4080 65
131.7600 131.8240 60
131.8560 132.1440 63
132.1760 132.3040 61
132.4960 132.6240 59
132.6560 133.0400 60
133.2320 133.4240 60
133.5520 133.7760 60
133.9680 134.1600 61
134.2880 134.6080 61
134.6400 134.8320 58
134.9920 135.0880 69
135.1200 135.3120 70
135.3440 135.3760 68
135.4080 135.7280 66
136.0480 136.2400 65
136.4320 136.5280 68
136.5600 136.6240 70
136.7840 137.3600 66
137.3920 137.5520 65
137.5840 137.6160 63
137.6480 137.8080 62
138.1600 138.2560 58
138.2880 138.3520 59
138.3840 138.5120 60
138.5440 139.0880 61
139.2480 139.6320 61
139.6640 139.7280 62
139.7600 140.3040 63
140.7200 140.7840 59
140.8160 141.0720 61
141.1040 141.2320 63
141.3920 141.5200 63
141.5520 142.3520 65
142.4800 142.4800 68
142.5120 142.6400 70
142.8000 143.5040 72
143.9200 143.9520 70
143.9840 144.0160 71
144.0480 144.4960 72
144.6560 145.2960 72
145.3280 145.3600 71
145.3920 145.5840 70
145.7120 146.5120 65
147.1200 147.2160 67
147.2480 147.4080 68
147.5040 147.7280 66
147.7600 147.7600 64
147.9200 148.3680 58
148.4000 148.5600 59
148.5920 148.6880 65
148.7200 148.9120 66
148.9440 149.1360 65
149.1680 149.2000 63
149.2320 149.2320 60
149.2640 149.6160 57
149.6480 149.9680 58
150.0000 150.1280 63
150.1600 150.9600 65
150.9920 151.4400 63
152.1440 152.2400 67
152.2720 152.4640 68
152.4960 152.9760 65
153.2320 153.3280 63
153.5520 153.6480 67
153.6800 153.8720 68
153.9040 154.3520 65
154.6400 154.7040 60
154.7360 154.8640 63
154.9920 155.0560 62
155.0880 155.2480 61
155.2800 155.3760 58
155.4080 155.4720 59
155.5040 156.5920 60
156.7520 156.8800 60
156.9120 157.4240 61
157.4560 157.7120 58
157.7440 157.7440 61
157.7760 157.7760 63
157.8080 157.8080 65
157.8400 157.9360 68
157.9680 158.1280 70
158.2560 158.3200 67
158.3520 158.6400 66
158.9280 159.2480 65
159.2800 159.3760 68
159.4080 159.5360 70
159.7280 159.8880 66
159.9200 160.1440 67
160.1760 160.4000 66
160.4320 160.4960 65
161.0720 161.1360 58
161.1680 161.2000 59
161.2320 161.3600 60
161.3920 161.6800 61
161.7120 161.7440 62
161.7760 161.9680 63
162.1280 162.2240 63
162.2560 162.4480 65
162.4800 162.8960 63
163.2160 163.3120 56
163.5680 163.6960 68
163.7280 163.9840 70
164.0160 164.0480 69
164.0800 164.1440 68
164.2720 165.3280 68
165.7440 165.7760 68
165.8080 166.0640 69
166.0960 166.3520 70
166.3840 166.4160 71
166.4480 166.6400 72
166.8320 166.9600 71
166.9920 168.2400 72
168.2720 168.4320 70
168.4640 168.5600 71
168.5920 169.4240 73
170.0000 170.0960 67
170.1280 170.2240 68
170.4160 170.6080 66
170.6400 170.6720 62
170.7040 170.9920 57
171.1200 171.2800 58
171.4080 171.5360 63
171.5680 171.7920 65
172.1440 172.2400 61
172.2720 172.5280 63
172.5600 172.6880 62
172.8800 173.0080 59
173.0400 174.2560 61
175.7280 176.0160 61
176.0480 176.3360 63
176.3680 176.4320 64
176.4640 176.7840 65
176.8160 176.8480 64
177.0080 177.0400 60
177.0720 177.3280 61
177.5200 177.8720 63
177.9040 178.1600 65
178.6080 178.6400 60
178.6720 178.8960 61
178.9280 179.3760 63
179.4080 179.6640 65
179.6960 180.3040 66
180.3360 181.0080 65
181.3600 181.4240 61
181.4560 181.7440 64
181.7760 181.9680 66
182.0000 182.5760 67
182.6080 182.7040 65
182.7680 182.9600 63
182.9920 183.1840 64
183.2160 183.3760 66
183.5680 183.6640 67
183.6960 183.8880 68
183.9200 184.5920 69
184.6240 188.5600 68
188.7520 189.4880 56
190.5760 190.6720 61
192.6560 192.7200 66
192.8480 193.2000 66
193.5840 193.8720 69
193.9040 194.1280 67
197.6480 197.7760 59
197.9040 198.0000 67
198.0320 198.1920 69
198.2240 198.8960 66
198.9280 199.2480 64
199.2800 199.4080 67
199.4400 199.5680 69
199.6000 200.8160 66
200.9760 201.0720 59
201.1040 201.2640 63
201.2960 201.2960 61
201.4240 201.5520 59
201.5840 202.3200 61
202.4800 202.6080 61
202.6400 202.7040 62
202.8320 203.1520 62
203.1840 203.3760 59
203.5360 203.8560 71
203.8880 204.4320 67
204.6240 204.7840 66
204.9760 205.1040 69
205.1360 205.2000 71
205.3280 206.2560 67
206.7360 206.8960 59
206.9280 207.0880 61
207.1200 207.6320 62
207.8240 208.1440 62
208.1760 208.2080 64
208.2400 208.4320 66
208.5600 209.0080 64
209.2960 209.3600 59
209.3920 209.6480 62
209.6800 209.8080 64
210.0320 210.0960 65
210.1280 211.0240 66
211.0560 211.1840 71
211.2160 212.1120 73
212.4960 212.5920 72
212.6240 213.0400 73
213.2000 213.9040 73
213.9360 214.1600 71
214.1920 215.1200 66
215.6640 215.7600 67
215.7920 215.9200 69
215.9520 216.2400 67
216.2720 216.2720 65
216.4640 216.7520 58
216.7840 217.0400 59
217.0720 217.0720 62
217.1040 217.1360 65
217.1680 217.2000 66
217.2320 217.4880 67
217.5200 217.6800 66
217.7120 217.7120 61
217.7440 218.1600 58
218.1920 218.4160 59
218.5760 218.6720 65
218.7040 219.3120 66
219.3440 219.4080 65
219.4400 220.0160 64
220.4000 220.5600 57
220.7200 220.8160 67
220.8480 221.0080 69
221.0400 221.5520 66
221.7440 221.8720 64
222.0960 222.1920 68
222.2240 222.4160 69
222.4480 223.5680 66
223.9200 223.9840 63
224.1120 224.1760 62
224.2080 224.4000 59
224.4320 225.1360 61
225.3280 225.4240 61
225.4560 226.0000 62
226.0320 226.3200 59
226.3520 226.3520 61
226.3840 226.3840 64
226.4160 226.4160 67
226.4480 226.5120 69
226.5440 226.7680 71
226.8000 226.8320 69
226.8640 227.4400 67
227.4720 227.6640 66
227.6960 227.8240 67
227.8560 227.9200 69
227.9520 228.0800 71
228.2080 229.2000 67
229.6160 229.6480 58
229.6800 229.7760 59
229.8080 229.9360 61
229.9680 230.3520 62
230.3840 230.5440 64
230.7040 230.8000 65
230.8320 231.0240 66
231.0560 231.0880 65
231.1200 231.5360 64
231.7600 231.8880 56
232.1120 232.2080 69
232.2400 232.9440 71
232.9760 233.0080 69
233.2000 234.0000 69
234.3200 234.4160 69
234.4480 234.6080 70
234.6400 234.9920 71
235.0240 235.2160 73
235.4080 235.4080 70
235.4400 235.5680 72
235.6000 236.8160 73
236.8480 237.2320 71
237.2640 238.8000 74
241.4560 241.5520 67
241.5840 241.7120 69
241.8720 242.1600 67
242.3200 242.5120 59
242.6720 242.9920 62
243.0240 243.5360 66
243.7600 243.9200 62
243.9520 244.2080 64
244.4640 245.5520 62
248.5600 248.6880 67
248.7200 248.8800 69
249.0400 249.2960 67
249.3280 249.3600 65
249.3920 249.4560 61
249.4880 249.9040 59
249.9360 249.9680 61
250.0000 250.1280 62
250.4480 250.5760 64
250.6080 251.0560 66
252.9120 253.0720 63
253.5200 254.0960 62
