6.7360 6.8000 72
6.8320 6.8640 71
7.0560 7.3760 71
7.8880 7.8880 71
7.9200 8.0800 74
8.1120 8.1760 73
9.6800 9.7120 71
9.7440 9.8720 72
9.9040 9.9360 71
23.9840 24.0800 68
24.3040 24.5280 68
31.1840 31.3760 68
38.0640 38.1600 53
38.1920 38.3520 55
38.3840 38.7040 56
38.7360 38.7360 59
38.7680 38.9600 61
39.1520 39.3760 61
39.5040 39.6320 62
39.6640 40.3040 63
40.3360 40.4640 65
40.4960 41.0720 63
41.1040 41.1360 62
41.7120 41.8080 61
41.9680 42.2880 56
42.3200 42.3520 59
42.3840 43.1520 60
43.1840 43.2800 63
43.4720 43.5360 62
43.5680 43.7280 61
43.7600 43.9520 62
44.9120 45.1360 53
45.1680 45.1680 55
45.2000 45.4560 58
45.5840 45.8080 60
45.9680 46.1920 61
46.2240 46.2560 60
46.2880 46.4480 59
46.4800 46.8000 60
46.8320 46.8960 59
47.3760 47.5680 60
47.7600 47.9840 65
48.0160 48.1760 60
48.4000 48.6880 58
48.7200 49.0080 56
49.1680 49.2000 57
49.2320 49.5200 58
49.7440 50.0960 66
50.1280 50.1280 64
50.1600 50.1600 61
50.1920 50.4800 58
50.7360 51.0560 57
51.0880 51.0880 60
51.1200 51.1200 63
51.1520 51.2480 65
51.2800 51.5040 66
51.8560 52.2720 63
52.3040 52.3360 66
52.3680 52.4320 67
52.4640 52.6880 68
52.7200 53.2000 65
53.3280 53.4240 62
53.4560 54.3200 61
55.0240 55.0560 54
55.0880 55.0880 56
55.1200 55.1200 59
55.1520 55.2160 62
55.2480 55.2800 64
55.3120 55.3760 65
55.4080 55.4720 66
55.7920 56.4000 65
56.5600 57.4560 61
57.4880 57.5200 59
57.5520 57.8080 56
57.8400 58.0960 57
58.1280 58.1600 56
58.2880 58.6080 55
58.6400 59.3760 56
59.4080 59.6960 55
59.7280 60.0480 56
60.0800 60.1120 55
64.0800 64.1440 54
64.1760 64.2720 55
64.3040 64.5600 56
64.7520 64.8800 61
64.9120 65.0080 60
65.0400 65.3600 61
65.3920 65.7760 62
65.8080 66.2240 63
66.2560 66.3520 65
66.3840 66.8960 63
66.9280 67.0560 62
67.8560 68.2720 53
68.3040 68.4000 56
68.4320 68.5280 57
68.6880 68.8480 59
68.8800 69.1040 60
69.1360 69.2320 62
69.2640 69.8720 61
69.9040 69.9040 59
70.4480 70.6400 53
70.7680 71.1200 53
71.1520 71.1840 57
71.2160 71.2800 58
71.5360 71.8240 59
71.8560 72.1120 61
72.2400 72.4000 63
72.4320 72.5920 65
72.6240 72.6880 62
72.7200 73.4560 60
73.4880 73.5520 59
73.5840 73.6480 58
73.6800 73.8400 57
73.8720 74.0320 56
74.1920 74.4160 56
74.4480 74.5440 55
75.1200 75.1840 58
75.2160 75.3120 57
75.3440 75.4720 58
75.5040 75.6640 57
75.6960 75.6960 59
75.7280 75.7280 64
75.7600 75.9520 66
75.9840 76.0160 65
76.0480 76.0480 63
76.0800 76.0800 60
76.1120 76.3680 58
76.4000 76.8160 57
77.0080 77.2640 66
77.2960 77.3280 65
77.7440 77.9040 62
77.9360 78.0640 63
78.0960 78.2240 65
78.2560 78.4480 68
78.6400 78.9600 65
79.1200 79.2160 62
79.2480 80.2720 61
80.8480 81.2000 65
81.2320 81.3280 66
81.3600 81.4880 67
81.5200 81.8400 66
81.8720 81.9040 67
81.9360 82.2240 68
82.2560 82.3200 67
82.4480 82.6080 63
82.6400 82.7680 65
82.8000 83.1200 63
83.1520 83.5360 61
83.6960 83.7280 60
83.7600 85.8720 61
87.3120 87.5680 65
87.6000 87.6640 64
87.6960 87.7600 62
87.7920 87.8880 63
87.9200 87.9520 62
87.9840 88.2720 61
88.3040 88.3680 60
88.4000 88.5280 59
88.5600 88.7520 60
88.7840 89.0400 61
89.0720 89.1680 62
89.2000 89.4560 63
89.4880 89.6800 65
89.7120 90.0320 61
90.0640 90.8320 63
90.8640 91.0240 61
91.0560 91.4400 58
91.4720 92.2720 61
92.3040 92.3680 60
93.0080 93.2320 70
93.2640 93.6160 68
93.6480 94.0320 65
94.0640 94.4480 68
94.4800 94.6720 70
94.8000 95.0880 65
95.1200 95.3760 63
95.5360 96.0160 63
96.0480 97.5520 65
97.5840 97.8080 64
97.8400 98.0960 65
98.7040 98.9600 66
98.9920 99.3120 65
99.3440 99.5040 62
99.5360 99.8560 63
99.8880 100.0480 66
100.0800 100.3360 65
100.3680 100.4320 64
100.4640 100.7840 62
100.8160 101.1040 59
101.1360 101.3280 60
101.3600 101.5200 62
101.5520 101.9360 61
101.9680 102.1600 62
102.2880 102.4160 67
102.4480 102.5440 68
102.5760 103.3760 70
103.6960 103.8240 70
103.8560 104.2400 72
104.2720 104.3680 73
104.4000 105.0400 70
105.2000 105.4240 68
105.4560 105.5840 70
105.6160 105.7120 68
105.7440 105.9360 70
105.9680 106.2240 68
106.2560 106.8000 65
106.8320 106.9920 66
107.0240 107.0880 67
107.1200 111.3440 68
119.0560 119.2800 68
119.4080 119.5040 68
119.5360 119.5680 64
120.7520 120.7840 62
121.1040 121.3280 63
121.6800 121.7440 65
124.6240 124.7200 53
124.7520 124.7840 54
124.8160 125.1040 55
125.2960 125.4560 61
125.5840 125.9040 61
125.9360 125.9680 62
126.0000 126.1600 63
126.1920 126.3200 62
126.3520 126.7360 63
126.7680 126.8000 64
126.8320 126.9280 65
126.9600 127.3440 63
127.3760 127.6960 62
128.3680 128.8160 53
128.8480 129.0720 57
129.2320 129.4880 59
129.5200 129.6480 60
129.6800 129.8400 62
129.9680 130.0960 60
130.1280 130.3840 61
130.4160 130.5120 60
130.6400 130.7040 55
131.0240 131.6640 53
131.6960 131.7280 56
131.7600 131.8880 57
132.1120 132.4000 60
132.4320 132.6560 61
132.7840 132.9760 63
133.0080 133.1360 65
133.1680 133.1680 63
133.2000 134.0640 60
134.0960 134.1280 59
134.1600 134.3840 58
134.4160 134.9600 56
134.9920 135.0240 55
135.6640 135.8240 57
135.8560 136.0480 58
136.0800 136.1760 57
136.2080 136.2400 60
136.2720 136.2720 63
136.3040 136.3360 65
136.3680 136.5920 66
136.6240 136.6240 63
136.6560 136.6560 59
136.6880 137.4240 57
137.6160 137.9680 66
138.2560 138.3840 62
138.4160 138.5760 63
138.6080 138.6400 66
138.6720 138.7360 67
138.7680 138.9600 68
139.1520 139.5040 65
139.6640 139.7280 62
139.7600 139.8880 61
140.0480 140.7200 61
141.2320 141.2960 66
141.3280 141.4560 65
141.4880 142.3200 66
142.3520 142.7360 68
142.7680 142.9600 63
142.9920 143.0240 64
143.0560 143.1520 65
143.1840 143.4720 62
143.5040 143.5680 59
143.6000 146.4160 61
147.6320 147.8560 65
147.8880 148.2080 63
148.2400 148.5600 61
148.5920 148.6560 59
148.6880 148.9440 60
148.9760 149.3280 61
149.3600 149.6160 63
149.7440 149.9360 65
149.9680 150.0960 61
150.1280 150.2240 62
150.2560 151.0560 63
151.0880 151.1520 62
151.1840 151.2800 61
151.3120 151.6960 58
151.7280 152.4000 61
153.2640 153.5520 70
153.5840 153.9360 68
153.9680 154.3520 65
154.3840 154.7040 68
154.7360 154.9600 70
154.9920 155.3440 65
155.3760 155.6640 63
155.7920 156.2080 63
156.3360 158.4160 65
158.5760 158.6400 65
159.0880 159.3760 66
159.4080 159.6640 65
159.8240 160.1760 63
160.2080 160.2720 65
160.3040 160.4000 66
160.4320 160.7520 65
160.7840 161.0080 63
161.0400 161.1040 62
161.2320 161.5200 60
161.5520 161.7120 61
161.7440 161.9360 63
161.9680 162.1920 61
162.3200 162.5120 61
162.6400 162.8320 69
162.8640 163.6320 70
164.1440 164.2400 70
164.2720 164.3040 71
164.3360 164.6880 72
164.7200 164.8160 73
164.8480 164.8800 72
164.9120 164.9440 71
164.9760 165.5200 70
165.7120 165.9040 68
165.9360 165.9680 69
166.0000 166.0320 70
166.0640 166.2560 68
166.2880 166.4480 70
166.4800 166.6400 68
166.6720 166.7040 67
166.8640 167.3120 65
167.3440 167.4720 66
167.5040 167.5360 67
167.5680 170.2240 68
170.2560 170.2880 67
170.3200 170.7680 65
170.8000 171.2160 66
171.4400 171.9520 68
171.9840 172.0160 67
172.4960 172.7200 73
172.7520 172.8160 68
172.8480 172.8480 70
172.8800 173.4880 72
173.5200 173.7440 67
173.7760 173.8720 68
173.9040 174.1920 65
174.3520 174.7680 68
175.0880 175.3440 68
175.4720 175.6960 70
175.7280 175.7600 69
175.7920 176.0160 65
176.1760 176.2720 62
176.4320 176.5920 61
176.6240 176.7520 60
176.7840 176.8480 61
177.2960 177.3600 61
177.3920 177.4240 64
177.4560 177.9040 65
178.0640 178.3200 66
178.3520 178.3840 67
178.4160 178.6720 68
178.8000 178.8320 67
178.8640 178.9280 68
178.9600 179.0880 69
179.1200 179.4080 68
179.5360 179.7920 68
179.9200 180.0480 62
180.0800 180.1760 63
180.2080 180.4000 62
180.4320 180.5280 65
180.5600 180.9120 63
181.0720 181.4240 65
181.4560 181.7440 66
181.7760 181.8400 67
181.8720 182.7680 68
182.9280 183.0560 63
183.0880 183.1520 66
183.1840 183.2160 68
183.2480 184.3360 70
184.3680 184.6560 72
184.6880 184.7200 73
184.7520 184.7840 74
184.8160 184.9120 75
185.0720 185.3280 73
185.3600 185.7120 72
185.7440 186.0640 70
186.0960 186.1600 67
186.1920 186.6080 68
186.9600 187.2800 68
187.3120 187.6960 70
187.7280 187.8240 71
187.8560 188.0480 73
188.0800 188.4320 71
188.4640 188.7520 70
188.7840 188.9440 68
189.1680 189.7440 66
189.9040 190.2560 66
190.2880 190.6080 68
190.6400 190.9280 70
190.9600 191.2160 68
191.2480 191.7280 70
191.7600 192.3040 72
192.3360 193.2000 73
193.6160 194.2880 72
194.3200 197.6480 73
197.6800 197.9680 74
198.0000 198.2560 73
198.2880 198.9280 74
198.9600 198.9920 73
202.0000 202.0320 62
202.0640 202.2240 63
204.2080 204.4320 58
204.4640 204.5280 59
205.1040 205.1040 63
205.1360 205.7120 65
205.8400 205.9360 67
205.9680 206.4480 66
206.6400 206.7040 67
206.7360 207.2480 68
207.2800 207.3440 67
207.6960 207.9200 73
208.0480 208.4960 72
208.5280 208.6240 73
208.6560 208.7200 72
208.7520 209.0400 68
209.2000 209.4240 65
209.5840 209.9040 68
209.9360 209.9680 67
210.2880 210.3200 67
210.3520 210.5440 68
210.6720 210.7360 69
210.7680 210.9280 70
211.0880 211.1840 65
211.3440 211.4400 62
211.6000 211.9840 60
212.4000 212.6240 61
212.6560 212.6560 63
212.6880 213.0400 65
213.2000 213.5840 66
213.6160 213.6800 67
213.7120 214.2240 68
214.2560 214.3200 70
214.3520 214.3840 69
214.4160 214.9920 68
215.1520 215.6000 63
215.6320 215.7600 64
215.7920 216.2080 63
216.2400 216.6240 65
216.6560 217.0080 66
217.0400 217.7120 68
217.7440 217.9040 67
218.4800 219.5360 70
219.5680 219.9520 72
219.9840 220.0160 74
220.0480 220.1760 75
220.3360 220.6560 73
220.6880 221.0080 72
221.0400 221.3920 70
221.4240 222.0960 68
222.2240 222.5120 68
222.5440 223.0560 70
223.0880 223.2480 73
223.2800 223.6960 71
223.7280 223.9840 70
224.0160 224.2080 68
224.4320 224.8480 66
225.0400 225.4560 66
225.4880 225.8720 68
225.9040 226.1920 70
226.2240 226.5440 68
226.6720 226.9280 70
226.9600 227.6320 72
227.6640 228.3360 73
228.3680 228.5280 74
228.5600 228.6560 73
229.0080 229.2960 74
229.3280 229.8080 75
229.8400 230.2880 74
230.4800 232.9440 73
232.9760 233.7120 74
233.7440 234.5120 73
238.2560 238.4480 53
238.4800 238.8640 56
238.8960 239.6320 61
239.6640 240.2400 63
240.4640 240.6560 65
240.7840 241.1040 63
241.1360 241.2960 62
242.2240 242.5440 53
242.7040 242.7360 56
242.7680 242.8960 57
243.0560 243.4080 60
243.4400 243.5040 61
243.5360 243.6000 62
243.8560 243.9840 61
244.0160 244.0800 60
245.0080 245.1360 53
245.3920 245.5200 53
245.7760 245.9680 58
246.0960 246.3840 60
246.5120 246.8320 61
246.8640 247.0880 63
247.1200 247.1840 65
247.2160 247.3120 64
247.5360 248.4000 60
248.4320 248.4640 59
248.4960 248.7200 58
248.7520 248.9440 56
248.9760 249.4240 55
249.4560 249.4880 54
249.9040 250.0640 57
250.0960 250.4800 58
250.5120 250.5440 61
250.5760 250.5760 63
250.6080 250.7040 65
250.7360 250.8320 66
250.8640 250.8960 65
251.0240 251.1840 57
251.2160 251.3120 58
251.3440 251.7600 57
251.9200 252.0480 65
252.0800 252.2080 66
252.5280 252.6880 63
252.7200 252.8800 62
252.9120 252.9440 64
252.9760 253.0400 65
253.0720 253.4880 68
253.5200 253.5200 66
253.5520 253.7760 63
253.8080 253.9040 65
253.9360 253.9360 63
254.0640 254.1600 62
254.1920 255.2160 61
255.9200 255.9520 65
255.9840 256.4640 66
256.6240 256.6560 65
256.6880 256.8160 66
256.8480 256.9120 67
256.9440 257.1680 68
257.3920 257.5840 63
257.6160 257.7760 65
257.8080 257.9040 62
257.9360 258.0320 63
258.0640 258.0960 62
258.1280 260.7840 61
261.8400 262.0640 58
262.2880 262.5440 66
262.5760 262.6400 65
262.8640 263.1520 58
263.1840 263.2160 57
263.2480 263.4080 56
263.4400 263.6320 57
263.8880 264.1120 66
264.1440 264.1760 65
264.2080 264.2400 62
264.5280 264.7520 62
264.7840 264.9440 63
264.9760 265.0400 64
265.0720 265.1040 65
265.1360 265.1680 67
265.2000 265.6480 68
265.8400 265.9040 67
265.9360 266.2560 68
266.4160 266.6080 70
266.6400 266.6400 67
266.6720 266.6720 65
266.7040 267.0880 64
267.1200 268.8480 61
270.9600 271.7600 66
271.8880 271.9200 66
271.9520 272.1760 67
272.2080 272.5600 68
272.8800 273.0720 63
273.1040 273.2960 65
273.3280 273.9680 63
274.5440 275.3120 61
275.3440 275.4080 69
275.4400 275.4720 71
275.5040 275.6000 72
275.6320 279.7280 73
279.7600 282.1600 74
282.1920 283.7600 73
283.9520 284.2080 73
285.5840 285.9680 68
294.8000 294.8960 58
294.9280 295.1200 54
295.4400 295.5040 54
295.6320 295.7920 54
295.9200 296.3360 58
298.2560 298.3840 56
300.1760 300.2400 56
