20.0480 20.1440 67
20.1760 20.5280 68
20.5600 21.4240 69
21.4560 21.6160 72
21.6480 21.7120 71
21.7440 22.4800 69
22.7360 22.9600 67
22.9920 23.0880 69
23.1200 23.1520 68
23.1840 23.3440 67
23.5040 23.5680 65
23.6000 24.0800 67
24.1120 24.3040 68
24.4320 25.2640 69
25.2960 25.3600 70
25.3920 25.5200 72
25.5520 25.7440 70
25.7760 26.3520 69
26.6400 26.8320 68
26.8640 27.0560 69
27.0880 27.2160 68
27.2480 27.6320 67
27.6640 27.7280 66
27.7600 27.9200 65
27.9520 30.1600 62
30.7360 31.1520 62
31.1840 31.5040 65
31.5360 31.6960 63
31.7280 31.8240 62
32.0480 32.2080 66
32.2400 34.0000 67
35.5360 35.7600 67
35.7920 35.9200 68
35.9520 36.9440 69
36.9760 37.0720 72
37.1040 37.2320 70
37.2640 38.0960 69
38.2560 38.8320 67
38.9600 39.1520 65
39.1840 39.5680 67
39.6000 40.4960 69
40.6560 40.7840 69
40.8160 41.0400 71
41.0720 41.8400 69
42.1280 42.3200 68
42.3520 42.6720 69
42.7040 42.8640 67
42.9920 43.0880 67
43.1200 43.6000 65
43.8560 44.0480 65
44.0800 45.7120 67
46.2240 46.3520 73
46.3840 46.7040 74
46.7360 46.7680 73
46.8000 47.0240 72
47.0560 47.0560 70
47.0880 47.5680 68
47.6320 47.8240 69
47.8560 48.3360 67
48.3680 48.7520 68
48.7840 49.2000 67
49.2320 49.4240 68
49.4560 49.5520 67
49.8720 50.3840 67
51.0560 51.2480 66
51.2800 51.4080 67
51.5680 52.4320 68
52.4640 52.6880 69
52.7200 52.8480 68
52.9760 53.0400 68
53.0720 53.2320 67
53.2640 53.4240 68
53.4560 53.8080 67
54.0000 54.1600 66
54.4160 54.6720 67
54.7040 54.7680 69
54.8000 54.8320 68
55.2480 55.3760 68
55.5040 55.9840 70
56.0160 56.3040 69
56.3360 57.3280 70
57.3600 57.4240 69
57.4560 57.4880 68
58.8320 58.9920 66
59.0240 59.2160 67
59.3440 59.9520 67
59.9840 60.2080 68
60.2400 60.8160 69
60.8480 61.7120 67
61.7440 61.8080 66
61.8400 61.9680 65
62.0000 62.3520 67
62.5440 62.7360 58
62.7680 63.2160 60
63.5360 65.7120 57
66.0640 67.4400 69
67.4720 67.9200 70
67.9520 68.1760 72
68.2080 68.2720 73
68.3040 68.4320 70
68.4640 68.7520 69
68.7840 69.2640 70
69.4240 69.5840 68
69.6160 69.9360 69
69.9680 70.0960 68
70.1280 70.4160 69
70.4480 70.5760 67
70.6080 70.6720 68
70.7040 70.7680 70
70.8000 71.9840 67
72.0160 73.0400 68
74.2880 74.4800 68
74.5120 74.7360 69
74.7680 74.8960 70
74.9280 75.2800 71
75.3120 75.6640 70
75.6960 75.8880 72
76.0160 76.0800 71
76.1120 76.2720 70
76.3040 76.4640 69
76.4960 76.5600 70
76.6880 76.9120 70
77.1040 77.2000 71
77.2320 77.3920 70
77.4240 78.1600 72
78.1920 80.0160 74
80.1120 80.7200 72
81.0400 81.4560 72
81.4880 81.7440 69
81.7760 82.2560 67
82.4480 84.1760 67
85.0080 85.2000 62
85.3600 85.9040 65
85.9360 86.6080 69
86.6400 89.5200 67
102.5120 102.7680 73
103.1520 103.2160 72
103.3760 105.0400 72
105.2640 105.4240 68
105.4560 106.5760 69
106.6080 106.9600 71
106.9920 107.4720 69
107.5360 107.6640 70
107.9840 108.5600 68
108.7200 109.3280 67
109.6800 110.0000 69
110.1600 110.5760 69
110.6080 110.8320 72
110.8640 111.1840 70
111.2160 111.5360 69
111.8560 112.0800 67
112.1120 112.3040 69
112.4320 112.8160 68
112.8480 113.0080 66
113.0400 113.1040 64
113.2640 114.4160 62
114.5440 114.8640 62
116.0160 116.4000 62
116.4320 116.6240 65
116.7840 117.0400 62
117.2640 121.0400 67
121.1680 122.1600 69
122.1920 122.2880 72
122.3200 122.4800 70
122.5120 123.1200 69
123.5680 123.6640 67
123.8880 124.1120 67
124.2400 124.4000 66
124.4320 124.8480 67
124.8800 124.9760 69
125.1680 125.7760 69
125.9360 125.9680 69
126.0000 126.1600 70
126.1920 126.2880 72
126.3200 126.4160 71
126.5440 127.0240 69
127.4080 127.5680 68
127.6000 127.9200 69
127.9520 128.0800 67
128.2720 128.3360 66
128.3680 128.7200 65
128.9760 129.1040 65
129.1360 129.1680 66
129.2000 131.0240 67
131.4720 131.5040 72
131.5360 131.6000 73
131.6320 131.8560 74
131.8880 132.0160 73
132.0480 132.2080 72
132.2400 132.2400 70
132.2720 132.4640 67
132.4960 132.5280 68
132.5600 132.6880 69
132.7200 132.7840 68
132.9120 133.0080 69
133.0400 134.7680 67
136.3040 136.3360 65
136.3680 136.6240 67
136.8160 137.0400 67
137.0720 137.2640 68
137.2960 137.3600 67
137.4880 137.7120 68
137.7440 138.0000 69
138.0320 138.7040 68
138.7360 138.8640 67
139.2160 139.4400 66
139.6000 140.0800 67
140.1760 140.2720 65
140.4320 140.6560 68
140.6880 140.9120 70
140.9440 141.4560 69
141.4880 142.2880 70
142.3200 142.4800 71
142.5120 142.5440 70
142.6720 142.7680 71
144.0800 144.1440 65
144.1760 144.2400 66
144.2720 145.4560 67
145.4880 146.0320 69
146.0640 146.7040 67
146.9600 147.2480 65
147.2800 147.6000 67
147.7920 147.8880 70
147.9200 148.5920 72
148.6880 148.7200 71
148.7520 150.6720 70
150.7040 150.9600 69
151.7600 151.9200 68
151.9520 152.9760 69
153.0080 153.2000 70
153.2320 153.5520 72
153.5840 154.3200 70
154.3520 154.5120 69
154.6720 154.8320 68
154.8640 156.0480 69
156.0800 157.5840 67
157.7120 157.7760 68
157.8080 158.4800 67
159.5360 159.9200 68
159.9520 160.3680 70
160.4000 160.9120 69
160.9440 161.1040 72
161.2320 161.2960 71
161.3280 162.1280 70
162.3840 162.6400 70
162.6720 163.3760 72
163.4080 165.6160 74
165.6480 165.7120 73
165.7440 166.0320 72
166.2560 166.6400 72
166.6720 167.0560 69
167.0880 167.4720 67
167.6960 169.3920 67
170.2560 170.4160 62
170.5760 171.1200 65
171.1520 171.8240 69
171.8560 174.3840 67
187.2160 189.9360 65
190.0640 191.8560 65
