5.6160 7.9840 62
8.2400 8.3680 61
8.4000 8.4320 60
8.9440 9.2320 62
9.2640 9.3920 61
9.7120 10.0000 62
10.0320 10.0960 61
10.1280 10.1600 60
10.5440 10.6400 60
12.1120 12.3680 59
12.4000 12.5920 60
12.9760 13.3600 60
14.5760 14.6400 47
14.6720 14.8000 49
14.9600 15.4080 52
15.4400 15.5040 53
15.5360 16.3040 54
16.9760 16.9760 53
17.0080 17.0720 56
17.1040 17.3280 57
17.3600 17.4240 59
17.4560 17.4880 58
17.5200 17.7440 57
17.7760 18.0000 58
18.2240 18.3200 52
18.3520 18.3840 53
18.4160 19.5360 54
21.0400 21.1040 47
21.1360 21.1680 49
21.2000 21.2960 50
21.4240 21.4880 51
21.5200 21.9360 52
21.9680 22.0000 53
22.0320 22.2880 54
22.3200 22.7040 53
23.5360 23.7280 50
23.8880 23.9520 58
23.9840 24.2400 57
24.2720 24.4640 59
24.6560 26.1600 59
27.5040 27.5040 56
27.5360 27.5680 58
27.6000 27.8240 59
27.8560 28.0160 62
28.0480 28.0480 60
28.0800 28.0800 57
28.1120 28.4640 55
28.4960 28.5280 56
28.5600 28.6880 57
28.7200 29.2000 55
29.4880 29.7120 55
29.7440 29.8080 57
29.8400 30.5120 56
31.6000 31.6000 55
31.6320 31.6960 58
31.7280 31.9200 59
31.9520 32.3360 62
32.3680 32.4640 61
32.4960 32.5600 59
32.5920 32.6240 57
32.7840 33.8080 55
33.8400 33.9680 54
35.1520 35.8240 57
35.9840 36.3360 59
36.3680 36.6560 57
36.6880 36.7520 58
36.7840 37.1360 59
37.1680 39.2800 57
39.3120 39.4400 56
40.5280 40.7840 50
40.8160 40.8480 51
40.8800 41.3920 52
41.4240 41.4560 53
41.4880 42.3840 54
42.8960 42.9600 59
43.2800 43.5040 57
43.5360 43.6960 58
43.7280 43.9200 59
43.9520 43.9520 57
44.1120 44.1440 52
44.1760 44.3040 53
44.3360 45.6160 54
45.6480 45.9040 55
46.0960 46.1600 54
46.9920 47.0240 49
47.0560 47.1840 50
47.3120 47.6000 52
47.7600 47.8560 52
47.8880 47.9200 53
47.9520 48.8480 54
49.4240 49.4880 49
49.5200 50.4480 50
50.5760 50.5760 56
50.6080 50.7360 58
50.7680 52.1120 59
52.1440 52.4320 58
52.4640 52.8160 59
53.4240 53.7120 59
53.7440 53.8080 60
53.8400 53.8720 62
54.0320 54.3840 55
54.4160 54.4480 56
54.4800 54.6080 57
54.6400 54.8960 55
55.0240 55.6320 55
55.6640 56.5920 57
57.5200 57.5840 54
57.6160 57.7440 55
57.8720 58.1600 57
58.2880 58.4160 61
58.4480 58.4800 59
58.5120 58.5440 56
58.7040 59.8880 54
61.1360 61.2640 51
61.2960 61.4880 55
61.5200 61.5520 52
61.5840 61.7440 51
61.7760 61.8400 52
61.9680 62.0640 52
62.0960 62.1600 53
62.3520 62.4160 58
62.4480 62.6080 57
62.7680 63.1200 59
63.1520 63.4400 57
63.6000 63.6640 52
63.6960 63.7600 53
63.7920 65.1040 55
65.1360 66.0640 54
66.0960 66.3840 55
69.6800 69.8080 58
69.8400 70.0000 59
70.0320 70.4480 62
70.4800 70.7040 64
70.8320 70.8640 58
70.8960 71.6000 59
71.6320 72.3040 62
72.3360 72.4000 60
72.4320 72.5600 62
72.9440 73.2000 59
73.2320 73.2640 60
73.2960 73.5520 62
73.5840 73.5840 60
73.7120 73.7440 54
73.7760 74.3520 55
74.5120 74.6080 61
74.6400 74.7680 59
74.8960 75.5680 59
75.6000 75.6640 61
76.9440 77.0720 64
77.2960 77.3600 63
77.3920 77.9680 62
78.1280 79.3120 64
79.3440 79.3760 63
79.8240 80.1760 55
80.2080 80.2400 59
80.2720 80.3360 60
80.3680 81.2640 62
81.2960 81.4560 59
81.4880 81.6480 56
81.6800 82.4480 57
82.4800 82.6080 56
83.5040 83.5040 54
83.5360 83.7280 57
83.8560 84.0800 59
84.1120 84.3040 57
84.3360 84.3680 56
84.4000 84.5600 55
84.5920 84.7200 52
84.7520 84.9760 51
85.0080 85.1040 52
85.1360 85.4240 51
85.9040 85.9360 49
85.9680 86.1600 50
86.1920 86.2560 51
86.2880 86.4800 52
86.6720 86.7040 60
86.7360 86.7680 61
86.8000 86.9920 62
87.0240 87.0240 59
87.0560 87.4400 55
87.4720 87.7600 57
87.8880 88.0800 57
88.1120 89.0400 55
89.7120 89.7760 56
89.9360 90.2560 55
90.2880 90.5760 59
90.7040 90.7360 56
90.7680 90.9600 57
91.1200 91.5680 59
91.6000 91.7920 57
91.9520 92.0160 54
92.0480 92.6880 55
92.7200 92.8800 57
92.9120 93.0720 55
93.1040 93.1360 56
93.1680 94.7040 57
94.7360 94.7680 56
95.7600 95.9520 59
95.9840 96.3040 55
96.3360 96.4000 53
96.4320 98.3520 55
98.3840 98.8640 54
98.8960 99.1840 55
99.2160 100.0480 54
102.3840 102.6720 55
103.6640 103.7280 57
121.6480 121.6800 49
121.7120 121.8720 50
122.0000 122.5440 52
122.5760 123.0560 54
123.0880 123.1840 53
123.9840 124.1440 59
124.4000 124.5600 57
124.5920 124.7840 58
124.8160 125.0080 59
125.0400 125.0400 57
125.2000 125.2640 51
125.2960 125.4240 53
125.4560 125.7120 55
125.7440 126.2240 54
126.2560 126.3520 55
126.5760 126.8640 54
126.9920 127.0880 53
128.0800 128.1440 48
128.1760 128.3040 50
128.4320 128.7200 52
128.8480 129.0080 53
129.0400 129.4880 55
129.5200 129.8400 54
130.5120 130.5760 49
130.6080 131.1520 50
131.2800 131.5360 50
131.6640 131.6640 55
131.6960 131.7600 57
131.7920 131.8240 58
131.8560 133.2640 59
133.2960 133.3920 58
133.4240 133.4880 59
134.5440 134.8640 59
134.8960 134.9920 62
135.0240 135.0240 60
135.0560 135.0880 58
135.1200 135.1520 56
135.1840 135.5360 55
135.5680 135.7280 57
135.7600 135.9840 55
136.1120 136.6880 55
136.7200 137.4560 56
137.4880 137.6160 55
138.6080 138.7040 54
138.7360 138.8320 55
138.9600 139.2480 57
139.3760 139.4720 61
139.5040 139.5680 59
139.6000 139.6640 56
139.7920 139.8560 54
139.8880 140.2080 55
140.2400 140.5280 54
140.5600 140.7840 55
140.8160 140.9440 54
141.8400 141.8400 52
142.2240 142.3520 53
142.3840 142.5440 55
142.5760 143.2480 52
143.4400 143.6960 57
143.8240 144.2080 59
144.2400 144.5280 57
144.6560 144.8160 53
144.8480 145.7120 55
145.7440 146.4480 54
146.4800 146.6080 55
150.7680 150.8320 61
150.8640 151.0240 59
151.0560 151.1200 60
151.1520 151.4400 62
151.5680 151.7920 64
151.9520 152.2400 59
152.4000 152.7200 59
152.7520 153.4560 62
153.5840 153.6480 60
153.9680 153.9680 55
154.0000 154.0000 57
154.0320 154.2880 59
154.3200 154.6080 62
154.6400 154.6400 57
154.6720 155.4080 55
155.5680 155.6320 62
155.6640 155.8560 59
155.9840 156.7200 59
158.0320 158.1280 64
158.3840 158.4800 64
158.5120 159.0880 62
159.2160 160.3360 64
160.3680 160.4000 62
160.8800 160.8800 52
160.9120 161.1680 55
161.3280 161.4240 60
161.4560 162.3200 62
162.3520 162.5760 59
162.7360 163.6960 56
164.5920 164.8800 57
164.9120 165.2000 59
165.2960 165.4880 56
165.5200 165.6480 55
165.6800 165.7120 53
165.7440 165.7760 52
165.8080 166.2880 51
166.3200 166.5120 52
167.0240 167.3440 50
167.3760 167.6000 52
167.6640 167.7280 54
167.7600 167.8560 59
167.8880 168.0480 62
168.0800 168.1120 59
168.1440 168.4960 55
168.5280 168.8160 57
168.9760 169.1360 57
169.1680 170.1920 55
171.0560 171.2800 55
171.3120 171.3440 56
171.3760 171.6640 59
171.8240 172.0480 57
172.2080 172.4640 59
172.4960 172.6560 58
172.6880 172.7840 57
172.8160 172.8800 56
173.0080 173.2640 55
173.2960 173.5200 54
173.5520 173.7760 55
173.8080 173.9680 57
174.0000 174.2240 56
174.2560 175.1200 57
175.1520 175.6640 56
176.7520 177.0080 59
177.0400 177.0720 60
177.1040 177.3920 62
177.5200 177.5520 62
177.5840 177.6160 63
177.6480 177.8080 64
177.8400 178.1600 59
178.2880 178.5760 59
178.7040 179.3120 62
179.9520 179.9520 56
179.9840 180.2080 59
180.3360 180.5920 62
180.6240 180.6240 60
180.6560 180.6560 58
180.6880 181.3600 55
181.5200 181.6160 61
181.6480 181.8080 59
181.9360 182.6080 59
183.9520 184.0480 64
184.3360 184.4000 63
184.4320 184.9760 62
185.1360 186.3840 64
186.4160 186.4160 62
186.8640 186.8640 52
186.8960 186.9600 54
186.9920 187.2160 55
187.2480 187.3440 59
187.3760 187.4080 61
187.4400 188.2080 62
188.2400 188.4320 59
188.5600 188.5920 56
188.6240 189.5840 57
189.6160 189.7440 56
190.5120 190.5760 56
190.6080 190.8000 57
190.8320 191.0880 59
191.2160 191.3440 57
191.3760 191.4080 56
191.4400 191.5360 55
191.5680 191.6000 54
191.6320 191.9840 51
192.0160 192.1120 52
192.2400 192.3040 52
192.3360 192.3680 51
192.9440 193.0400 49
193.0720 193.1680 50
193.2960 193.4560 52
193.6800 193.6800 55
193.7120 193.7760 59
193.8080 194.0000 61
194.0320 194.0640 57
194.0960 194.4480 55
194.4800 194.7360 57
194.8960 195.0880 57
195.1200 195.6960 55
195.7280 195.7920 53
195.8240 196.0800 55
197.0080 197.2640 55
197.2960 197.2960 57
197.3280 197.5840 59
197.7760 198.0320 57
198.1600 198.6400 59
198.6720 198.8640 57
198.9920 199.7280 55
199.7600 199.9520 57
199.9840 200.1120 61
200.1440 201.9680 62
202.7040 202.8000 61
202.8320 203.0560 62
203.0880 208.3040 59
