4.5280 4.6880 65
23.8560 23.9200 70
25.5520 26.4160 58
26.6080 26.7680 56
26.9280 27.0880 53
27.3120 27.4720 51
27.5040 27.7920 49
27.9520 28.1760 51
28.4320 28.5920 51
28.6240 28.8480 52
28.8800 29.1680 53
31.0880 31.0880 52
31.1200 31.2160 56
31.2480 31.3440 57
31.5360 31.7920 58
31.8240 31.9200 59
31.9520 32.2720 61
32.3040 32.4320 60
32.4640 32.4640 58
32.4960 32.7840 56
32.9120 33.2000 56
33.2320 33.3920 58
33.6800 33.8080 54
33.8400 33.8720 55
33.9040 34.3200 56
34.3520 34.7360 53
36.7840 36.7840 54
36.8160 36.9120 56
36.9440 37.0080 57
37.1680 37.3600 58
37.4880 37.6480 58
37.8400 38.0960 56
38.1280 38.4160 53
38.4480 38.5120 52
38.5440 38.7040 51
38.7360 38.7680 50
38.8000 39.0560 49
39.5680 39.7600 51
39.7920 39.9520 54
39.9840 40.1760 56
40.4000 40.5600 54
40.5920 40.7840 55
40.8160 41.0720 56
41.1040 41.3600 55
42.4480 42.5760 56
42.6080 42.9600 58
42.9920 43.1200 57
43.1520 43.2160 59
43.2480 43.4720 61
43.5040 43.6960 60
43.7280 43.7280 58
43.7600 44.0480 56
44.1760 44.6880 56
44.9440 45.0080 54
45.0400 45.2640 53
45.4560 47.1520 58
50.5120 50.5440 59
50.5760 50.6400 60
50.6720 51.4080 61
51.6000 51.6320 60
51.6640 51.8560 61
52.1120 52.2400 61
52.2720 52.7520 60
52.7840 52.8160 59
53.3920 53.5520 56
53.7440 54.0320 58
54.0640 54.3200 60
54.4800 54.7040 61
54.8640 54.8960 57
54.9280 55.6000 58
56.1760 56.2080 59
56.2400 56.4640 60
56.5920 56.7520 61
56.7840 56.9120 59
56.9440 57.5200 61
57.5520 57.6800 59
57.7120 57.8080 60
57.8400 57.8720 59
58.0000 58.5440 56
58.5760 58.7680 58
59.0560 59.1200 50
59.1520 59.5040 51
59.5360 59.6000 53
59.6320 59.9520 52
59.9840 60.0480 54
60.2080 60.2720 53
61.4240 61.4240 55
61.4560 61.6160 58
61.6480 62.1920 60
62.2240 62.7680 61
62.8000 62.9920 60
63.0240 63.1840 61
63.2160 64.1760 60
64.6560 65.1360 63
65.1680 65.2960 65
65.3280 65.6480 63
65.6800 66.5120 60
66.5440 66.7680 61
67.1200 67.2480 58
67.5040 67.6000 63
67.6320 67.8560 65
67.8880 68.0800 63
68.1120 68.1120 61
68.1440 68.4000 58
68.5280 68.5920 59
68.6240 68.7200 60
68.7520 69.1680 61
69.2960 69.4880 58
69.5200 69.5840 56
69.6160 69.6480 59
69.6800 69.7440 60
69.7760 70.2560 61
70.2880 71.5680 60
72.0800 72.1760 59
72.2080 72.3680 60
72.4000 72.7520 61
72.7840 73.0080 63
73.0400 73.0400 61
73.1680 73.2000 63
73.2320 73.2960 64
73.3280 77.2640 65
77.9040 78.2880 58
78.4160 78.5760 60
78.6080 78.9280 59
78.9600 79.4720 61
79.5040 79.6640 63
79.6960 80.1120 65
80.1440 81.4880 60
81.6160 82.7040 58
82.7360 82.8320 56
83.0560 83.0880 57
83.1200 83.2800 58
83.6320 83.6640 57
83.6960 84.0480 58
84.0800 84.2400 60
84.4000 84.4960 60
84.5280 84.6560 61
84.6880 85.0720 60
85.1040 85.2960 61
85.3280 85.4240 60
85.4560 85.7120 63
85.7440 86.0320 58
86.0640 86.2560 60
86.2880 86.2880 58
86.3200 86.4480 56
86.6080 87.1200 56
87.2800 87.3440 63
87.3760 87.4080 64
87.4400 88.9120 65
89.3600 89.6800 58
89.7120 90.2240 60
90.2560 90.5760 61
90.7680 90.8320 63
90.8640 90.8960 64
90.9280 91.3120 65
91.5040 91.5360 59
91.5680 91.9200 60
92.2080 92.3040 60
92.3360 92.5600 61
92.5920 92.7840 60
92.8160 93.4560 58
93.4880 93.5840 57
93.6160 93.9360 58
93.9680 94.1280 60
94.1600 94.2560 59
94.2880 94.6400 58
94.9600 95.0240 56
95.0560 95.3440 58
95.3760 95.6320 60
95.6640 95.9840 61
96.0160 96.3360 60
96.3680 97.0400 61
97.2000 97.3600 58
97.3920 97.5840 60
97.6160 97.6800 59
97.9360 98.8960 56
98.9280 101.0400 58
113.0080 113.1040 56
113.1360 113.5840 58
113.7120 113.8720 58
113.9040 113.9360 57
114.0960 114.2240 56
114.2560 114.2880 55
114.4160 114.6080 53
114.8000 114.9920 51
115.0240 115.3120 49
115.4720 115.6640 51
115.8240 116.4000 52
116.4320 116.7200 53
118.5120 118.7360 56
118.7680 118.8640 57
119.0240 119.3440 58
119.3760 119.4720 59
119.5040 119.8240 61
119.8560 119.9840 60
120.0160 120.1120 55
120.1440 120.7520 56
120.7840 121.0720 58
121.1040 121.2640 59
121.6800 121.8400 54
121.8720 122.2240 56
122.2560 122.4160 53
122.4480 122.9600 52
124.2720 124.2720 51
124.3040 124.4320 56
124.4640 124.5280 57
124.6880 125.1680 58
125.3600 125.5840 56
125.6160 125.9680 53
126.0000 126.2880 51
126.3200 126.3520 50
126.3840 126.6080 49
126.7680 126.8000 50
126.8320 127.2800 51
127.3120 127.4720 54
127.5040 127.6640 56
127.6960 127.7280 55
127.8240 127.9200 54
127.9520 128.0800 55
128.1120 128.3680 56
128.4000 128.6240 55
128.6560 129.1360 56
129.9360 130.0320 56
130.0640 130.4800 58
130.5120 130.6080 57
130.6400 130.7040 59
130.7360 130.7680 60
130.8000 130.8960 61
130.9280 131.0560 59
131.0880 131.2160 60
131.2480 131.3440 59
131.3760 131.5040 61
131.5360 131.6000 63
131.6320 131.6640 62
131.7920 131.8240 62
131.8560 132.3360 63
132.3680 132.4000 62
132.4320 132.5600 64
132.5920 132.5920 62
132.6240 132.7520 60
132.7840 132.9120 58
133.0720 134.4800 58
135.2160 135.3440 59
135.3760 136.1120 61
136.3040 136.3360 60
136.3680 136.6560 61
136.7200 136.9440 61
136.9760 137.6160 60
138.0960 138.2560 56
138.4480 138.7680 58
138.8000 138.9920 60
139.1840 139.3120 61
139.3440 139.4080 60
139.4400 139.6000 59
139.6320 139.7600 58
139.7920 139.9520 59
139.9840 140.0480 57
140.0800 140.2720 58
140.7200 140.8160 56
140.8480 140.8800 59
140.9120 140.9760 60
141.0080 141.1040 61
141.1360 141.1360 59
141.2640 141.4560 61
141.5840 142.1600 61
142.2880 142.3840 59
142.4160 142.6080 60
142.7360 143.2480 56
143.2800 143.8240 58
144.2720 144.3040 50
144.3360 144.4320 51
144.6240 144.8800 53
144.9120 145.0400 52
145.2320 145.2320 51
145.2640 145.3280 53
145.3600 145.3920 52
146.0960 146.1280 56
146.1600 146.3200 58
146.3520 146.6720 60
146.7040 146.7680 61
146.8000 146.8000 59
146.9280 147.4400 61
147.6000 147.6960 60
147.7280 147.9200 61
147.9520 148.1760 60
148.3040 148.3360 59
148.3680 148.8480 60
149.3600 149.4560 62
149.4880 149.8080 63
149.8400 149.9360 65
150.0960 150.3200 62
150.3520 150.4800 59
150.5120 150.9280 60
150.9600 151.5040 61
151.7920 151.9200 58
152.1760 152.2720 64
152.3040 152.5600 65
152.5920 152.7520 63
152.7840 152.8160 62
152.8480 153.0720 58
153.2320 153.4240 59
153.4560 153.7760 61
153.8080 153.8400 60
153.8720 154.1600 58
154.1920 154.2240 57
154.2560 154.3200 59
154.3520 154.4160 60
154.4480 154.9280 61
154.9600 156.3680 60
156.7520 156.7840 59
156.8160 157.0720 60
157.1040 157.4240 61
157.4560 157.5200 62
157.5520 157.6800 63
157.7120 157.7760 61
157.8080 157.9680 66
158.0000 162.0320 65
162.6080 162.9920 58
163.1200 163.4400 60
163.4720 163.6320 59
163.6640 164.1760 61
164.2080 164.3360 64
164.3680 164.8160 65
164.8480 165.4560 60
165.4880 165.6160 59
165.6480 165.7120 60
165.7440 166.0000 61
166.0320 166.1920 60
166.2240 166.9280 58
166.9600 167.1200 57
167.1520 167.3440 58
167.3760 167.4720 56
167.7600 168.0480 58
168.4000 168.7200 58
168.7520 168.9440 60
169.1040 169.7120 60
169.8400 170.1600 61
170.1920 170.3840 63
170.4160 170.4160 61
170.4480 170.6720 58
170.7040 170.9600 60
170.9920 171.7920 56
171.9520 171.9840 63
172.0160 173.6160 65
173.6480 173.6480 63
173.9360 174.0320 57
174.0640 174.3520 58
174.3840 174.6720 60
174.7040 174.8960 59
174.9280 174.9920 60
175.0240 175.3120 61
175.4720 175.5040 63
175.5360 175.6000 64
175.6320 176.0160 65
176.2080 176.6240 60
176.8800 176.9120 59
176.9440 177.0080 60
177.0400 177.2640 61
177.2960 177.4240 60
177.4560 177.5200 59
177.5520 177.5840 58
177.6160 177.9040 57
177.9360 178.6080 58
178.6400 178.8640 60
178.9920 179.3440 58
179.6320 179.6640 57
179.6960 180.0480 58
180.0800 180.2720 60
180.3040 180.3680 59
180.4000 180.6240 61
180.6560 181.0400 60
181.0720 181.5840 61
181.6160 181.7440 62
181.7760 181.9680 59
182.0000 182.2880 60
182.3200 182.3840 59
182.5760 183.4080 56
183.4400 183.5680 58
183.6000 183.7280 57
183.7600 184.5920 58
184.6240 184.7840 57
185.1680 185.5840 58
185.6160 185.6800 57
185.7120 185.9680 60
186.0000 186.1920 59
186.2240 186.6400 61
186.7680 186.7680 59
186.8000 186.8640 63
186.8960 186.9600 64
186.9920 187.4400 65
187.4720 187.8880 60
188.1440 188.1440 56
188.1760 188.2080 59
188.2400 188.3040 60
188.3360 188.4640 61
188.4960 188.5600 62
188.5920 188.7520 60
188.9120 188.9440 57
188.9760 189.6800 58
189.7120 189.7440 57
189.9360 190.1920 56
190.2240 190.2880 55
190.3200 190.6400 58
190.9600 191.3440 58
191.3760 191.4080 59
191.4400 191.6640 60
191.6960 191.9520 61
191.9840 192.3040 60
192.4320 192.6240 61
192.6560 192.7200 60
192.7520 193.0080 62
193.0720 193.2320 61
193.2640 193.6800 63
193.8080 194.0000 65
194.0320 194.7040 66
194.7360 196.1760 65
196.2080 196.2720 64
196.6240 196.9440 57
196.9760 197.9040 60
198.0640 198.6080 65
198.6400 198.7040 63
198.7360 199.1520 60
199.5040 199.6000 61
199.6320 199.6320 59
199.8240 200.0800 60
200.1120 201.2000 58
201.2320 201.4880 60
201.6160 201.7760 56
201.8080 201.9680 58
202.2560 202.6080 58
202.6400 202.8960 60
203.0240 203.2480 61
203.2800 203.6960 60
203.7280 203.9520 61
204.0800 204.3360 63
204.3680 204.4640 61
204.4960 204.9440 60
204.9760 205.0720 59
205.2000 205.6160 56
205.8400 205.9040 59
205.9360 207.2160 58
207.8880 208.2720 58
208.3040 208.5920 60
208.6240 208.9120 61
208.9440 209.2960 60
209.3280 209.5520 61
209.5840 209.6160 60
209.7440 209.9360 63
209.9680 210.1280 61
210.1600 210.5760 60
210.6080 211.2800 56
211.5360 211.7920 58
211.8240 212.0160 57
212.0480 214.2240 58
