15.3440 15.5360 61
15.5680 15.6320 64
15.6640 15.7280 66
15.8880 15.9520 68
16.1760 16.2720 68
16.3040 16.4640 69
16.4960 16.6560 68
16.6880 16.7520 67
16.7840 17.0080 66
17.3600 17.5200 62
17.5520 17.8400 64
17.8720 17.9040 63
17.9360 18.0640 62
18.5440 18.6720 61
18.7040 19.5040 62
19.7600 20.4640 62
20.9120 21.2320 61
21.4560 21.8720 61
22.0960 22.6400 59
25.0080 25.1040 64
25.1360 25.2960 66
25.3280 25.7440 68
25.7760 25.9360 69
25.9680 26.0640 68
26.1920 26.3840 66
26.4160 26.6400 62
26.8000 27.0240 62
27.0560 27.3120 64
27.3440 27.3760 63
27.4080 27.5040 62
27.7600 27.9520 58
27.9840 28.0160 59
28.0480 28.9760 62
29.0080 29.2000 64
29.2320 29.7120 62
29.7440 29.9040 61
30.2880 30.3200 60
30.3520 30.4800 61
30.6400 30.8320 64
30.8640 30.9280 63
30.9600 31.2480 61
31.5360 31.9840 59
32.7200 32.9120 61
32.9440 33.1680 62
33.2000 34.2880 61
34.3200 34.3520 60
34.3840 34.4480 59
37.1360 37.2000 69
37.3920 37.4240 72
37.4560 37.5840 73
37.6160 38.0000 74
38.0320 38.8640 73
38.8960 39.0240 71
40.3360 40.4320 69
40.4640 40.5920 71
40.6240 41.3280 68
41.3600 41.3600 66
42.0640 42.5440 74
42.5760 42.6080 68
42.6720 42.7040 69
42.7360 42.8960 73
42.9280 42.9920 79
43.0240 43.4400 73
43.4720 43.5360 71
43.8240 44.1440 72
44.1760 44.6240 69
44.7520 44.8480 62
44.8800 45.2960 61
45.5520 45.7120 62
45.9040 46.0640 62
46.3200 46.5120 62
47.0560 47.4400 66
47.4720 47.6000 65
47.6320 47.8880 64
47.9200 47.9200 62
48.2720 48.3680 59
48.4000 48.7520 61
49.1680 49.3600 59
49.3920 49.8720 61
49.9040 50.0320 62
50.0640 50.8320 64
51.2160 51.3440 64
51.5040 51.6640 74
51.6960 51.9200 76
52.1120 52.5280 68
52.5600 53.1040 66
53.5520 53.7760 69
54.0000 54.2560 69
54.6720 54.9600 68
55.3120 55.5360 66
55.6640 56.1440 66
56.3360 56.8160 74
56.8480 57.2960 73
57.3280 57.3920 72
57.4240 57.6160 69
57.7440 57.9040 69
58.2560 58.3840 69
58.6080 59.1840 69
59.2160 59.3440 71
59.3760 59.6320 70
59.8240 59.9840 69
60.0160 60.0480 68
60.1440 60.2720 68
60.4320 60.7840 68
60.9440 61.1040 73
61.1360 61.4240 74
61.5520 61.8080 74
61.8400 62.0000 73
62.1280 62.3840 73
62.9280 63.1840 69
63.4080 63.6320 69
64.7520 64.8800 68
65.6480 65.8080 73
65.8400 66.1920 74
66.2240 66.7040 73
66.7360 66.7680 72
66.8000 66.8960 68
66.9280 67.3440 69
67.9520 68.6240 69
68.6560 69.1360 71
69.1680 69.3600 69
69.3920 70.1280 68
70.1600 70.2880 69
70.3200 70.4800 74
70.5120 70.6720 76
70.7040 70.7040 74
70.9280 71.2800 68
71.4720 71.9200 66
74.4160 74.5440 64
74.5760 74.7040 66
74.7360 74.7680 67
74.8000 74.8640 68
74.9920 75.1200 68
75.1520 75.3440 69
75.3760 75.6000 68
75.6320 75.7600 66
75.9200 76.1120 61
76.1440 76.4000 62
76.4320 76.7200 64
76.7520 76.8160 63
76.8480 77.0400 62
77.3920 77.5520 61
77.5840 77.7760 62
77.9040 78.3840 62
78.4160 78.5120 64
78.5440 79.0240 62
79.1520 79.4400 61
79.7600 80.0480 61
80.0800 80.2720 64
80.3040 80.4000 62
80.5920 80.8480 63
80.8800 81.4240 59
81.5840 81.6480 59
83.8560 83.9200 63
83.9520 84.1440 66
84.1760 84.2720 68
84.4320 84.8800 69
85.0080 85.5840 66
85.6800 86.1920 64
86.2240 86.5120 62
86.7680 86.9600 67
86.9920 87.7920 69
87.8240 88.4320 71
88.5280 90.1600 69
90.1920 90.9600 71
91.2480 91.3120 70
91.5040 93.0400 73
93.0720 93.1680 71
96.2080 97.7440 73
97.7760 97.9040 71
98.8640 98.9280 69
99.1520 99.2480 69
99.2800 99.4080 71
99.4400 100.1440 68
100.1760 100.2080 66
100.8800 101.4240 74
101.4880 102.2560 73
102.2880 102.3520 71
102.6400 102.9280 72
102.9600 103.2800 69
103.4080 103.4720 69
103.6000 104.1440 61
104.3360 104.9440 62
105.0720 105.0720 62
105.1360 105.3280 62
105.8080 106.4160 66
106.4480 106.5440 64
106.5760 106.8000 61
106.8640 106.8640 60
106.9280 107.1840 59
107.2160 107.5360 61
107.9520 108.1760 59
108.2080 108.4960 61
108.7520 108.8800 62
108.9120 109.6800 64
110.0000 110.1600 64
110.3200 110.3200 71
110.3520 110.4800 74
110.5120 110.7680 76
110.9600 111.9840 67
112.1120 112.6560 69
112.8480 113.1680 69
113.5200 113.7760 68
114.1280 114.3520 66
114.5440 114.9280 66
115.0880 116.1120 74
116.1440 116.2080 72
116.2400 116.7200 69
117.0720 117.9360 69
118.0640 118.1920 69
118.2560 118.2560 71
118.6080 118.8960 68
120.1440 120.2720 65
120.4320 120.8480 64
121.1040 121.3280 66
121.7760 121.8400 69
122.2880 122.4160 69
122.5440 122.6080 69
124.4640 125.5840 73
125.6160 126.1920 69
126.3200 126.3200 69
126.7680 127.4400 69
127.4720 127.9520 71
127.9840 129.1040 68
129.1360 129.3280 74
129.3600 129.4560 76
129.7120 130.0960 68
130.1280 130.7360 66
130.8640 131.0240 69
131.4400 131.4400 72
131.9840 132.0160 72
132.0800 132.1440 69
134.3200 134.3200 61
134.8320 135.2160 62
135.2480 135.6320 64
135.6640 135.8240 62
135.8560 136.2400 61
136.2720 136.4320 62
136.4640 136.7840 68
136.8160 137.0400 66
137.0720 137.3600 64
137.3920 137.5840 66
137.6160 137.9040 68
139.6960 139.9840 66
140.1440 140.4960 64
140.5280 140.8800 66
141.2000 141.3600 66
141.4560 141.8400 66
141.8720 142.2560 64
142.2880 142.4480 66
143.2480 143.5680 66
143.6000 144.2400 68
144.4000 144.9760 64
145.2960 145.5840 61
145.8720 146.1600 68
146.1920 146.4160 66
146.4480 146.8000 64
146.8320 146.9920 66
147.0240 147.3440 68
147.7280 147.7600 64
147.9840 147.9840 71
148.0160 148.4000 75
148.6240 149.1360 68
149.1680 149.3920 66
149.4240 149.6480 68
149.7760 149.8720 66
149.9040 150.1280 68
150.1600 150.7360 69
151.1200 151.2480 68
151.3760 151.4720 68
152.4320 152.5920 77
152.7200 153.3600 74
153.3920 153.8080 73
153.8400 154.3840 69
154.6400 155.6960 69
155.7280 155.8560 71
155.8880 156.1760 70
156.2080 156.7520 68
156.9440 157.3280 68
157.5520 157.9360 64
158.0640 158.5120 64
158.7040 158.7680 61
158.8000 158.9280 59
159.1520 159.4400 61
159.7600 159.8240 59
159.8560 159.9520 58
160.1440 160.6560 61
160.8480 161.0720 62
161.2320 161.4240 62
161.4880 161.5520 62
161.8720 162.0320 66
162.4160 162.8960 66
162.9280 163.0240 64
163.0560 163.2160 61
163.4080 163.4720 60
163.5040 163.6640 59
163.6960 164.0160 61
164.4640 164.5920 59
164.6240 164.9440 61
165.2000 165.8400 64
166.0960 166.1920 67
166.4160 166.6080 68
166.6400 166.6400 65
166.8320 166.9920 62
167.0240 167.2480 64
167.4720 167.5360 66
167.5680 167.7280 63
167.7600 168.4000 66
