2.8000 3.0880 63
11.9520 12.0800 55
12.7200 12.9440 53
12.9760 13.4240 54
13.6160 13.9360 55
14.3200 14.4160 57
14.4480 15.0560 58
15.2160 15.3120 59
15.3440 15.5360 58
15.8880 16.0160 58
16.0480 16.2080 59
16.4320 16.6560 59
16.8160 17.0720 59
17.1040 17.2000 58
17.4560 17.5520 58
17.5840 17.7760 59
18.0320 18.0960 61
19.5680 19.8880 54
19.9200 20.0480 55
20.0800 20.2080 54
20.2400 20.2720 52
20.3040 20.6240 51
20.8480 21.0080 54
21.2000 21.3920 54
21.5840 21.8080 54
21.8400 21.9680 56
22.0000 22.0320 54
22.2240 22.4480 50
22.4800 23.1200 51
25.5200 25.6800 53
25.7120 26.1920 54
26.3200 26.6080 55
26.9920 27.0240 56
27.0560 27.1200 57
27.1520 27.7920 58
27.9520 28.2400 58
28.6240 28.7520 58
28.7840 28.9760 59
29.1040 29.6160 59
29.7440 29.9040 62
30.1280 30.2560 62
30.2880 30.4160 63
30.4480 30.5120 62
30.7360 30.8000 62
30.8320 30.8640 61
30.8960 31.0880 60
31.1200 31.2160 59
31.2480 31.3120 56
31.3440 31.4720 54
31.5040 31.5680 53
31.9520 32.0160 53
32.0480 32.1760 54
32.3360 32.5280 54
32.7200 32.8480 54
32.8800 32.9120 53
32.9440 33.0080 52
33.0400 33.2640 51
33.2960 33.5200 52
33.5520 33.6480 53
33.9040 34.4160 54
34.5760 34.7360 59
34.9600 35.0880 58
35.1200 35.9200 59
35.9520 36.1440 58
36.6880 36.7840 63
36.8160 37.0400 64
37.0720 37.3600 63
37.3920 37.4880 61
37.6480 38.0960 59
38.1280 38.2240 58
38.6400 38.6720 60
38.7040 38.9600 62
38.9920 39.2480 61
39.4720 39.5360 61
39.5680 39.6960 63
39.7280 39.7920 62
39.8240 40.2080 61
40.2400 40.4960 63
40.6240 40.7200 62
40.7520 40.9760 63
41.0080 41.0400 62
41.0720 41.3600 61
41.9040 41.9680 60
42.0960 42.2560 59
42.6720 42.8640 61
42.8960 42.9920 63
43.0240 43.1520 66
43.1840 43.2160 65
43.2480 43.3120 62
43.4400 43.5360 62
43.5680 43.8880 63
43.9200 43.9520 61
43.9840 44.0160 60
44.0480 44.1120 59
44.2400 44.4960 59
45.0400 45.1360 62
45.2640 45.4880 62
45.8400 45.9040 64
46.0960 46.1920 64
46.2240 46.4480 63
46.6400 46.7680 61
46.8000 47.1520 59
47.4080 47.4720 62
47.5040 48.0160 64
48.1440 48.2720 62
48.3040 49.3920 63
49.4240 49.6160 68
49.8080 49.9040 66
50.1600 50.1920 61
50.2240 50.3200 62
50.5760 50.7040 60
50.7360 50.8640 59
51.3440 51.3760 62
51.4080 51.4720 63
51.6000 51.8240 61
52.1440 52.2720 62
52.4000 52.4640 62
52.4960 52.6880 61
52.9440 53.1040 63
53.1360 53.2000 64
53.3280 53.4240 62
53.4560 53.6800 63
53.7120 53.7440 62
53.7760 54.0320 61
54.8000 54.9600 59
55.1840 55.2800 57
55.3120 55.3440 58
55.3760 55.5360 61
55.5680 55.6640 63
55.6960 55.8560 66
55.8880 55.9520 65
55.9840 56.2400 62
56.2720 56.5600 63
56.5920 56.6560 61
56.6880 56.7840 59
56.9440 57.2320 59
57.7440 57.7760 61
57.8080 58.0000 62
58.0320 58.2880 61
58.5760 58.7680 66
58.8000 58.8640 65
58.8960 59.1200 63
59.3440 59.5040 61
59.5360 59.7600 59
60.1120 60.2400 62
60.2720 60.3680 63
60.4000 60.4640 62
60.4960 60.5600 60
60.5920 60.7200 61
60.8480 61.0080 57
61.0400 62.0960 59
62.1280 62.2240 58
62.2560 62.4160 57
63.6960 63.7280 69
63.7600 63.9200 70
64.0800 64.3360 73
64.4640 64.8160 71
64.8480 65.0400 73
65.0720 65.2640 72
65.2960 65.3280 71
65.6480 65.7760 68
65.9040 66.2880 71
66.3200 66.5120 73
67.2480 67.5360 73
67.5680 67.8880 72
68.0160 68.2400 73
68.2720 68.4000 72
68.4320 68.4640 71
68.4960 68.5280 70
68.8160 68.9760 69
69.1040 69.2640 72
69.5200 69.6480 73
70.4160 70.6400 73
70.8320 71.1200 71
71.2480 71.4400 73
71.4720 71.6320 71
72.0160 72.1120 68
72.2720 72.5600 71
72.5920 72.7200 69
72.7520 72.8160 68
73.6160 73.8720 68
74.0320 74.2240 66
74.2560 74.2880 65
74.3200 74.4800 64
76.4000 76.5920 53
76.6240 77.0080 54
77.2000 77.3280 55
77.3600 77.4560 54
77.9040 78.0320 57
78.0640 78.6400 58
78.8000 79.0880 58
79.4400 79.5680 57
79.6000 79.7920 59
80.0160 80.2400 59
80.4000 80.7840 59
81.0400 81.2960 59
81.8400 81.9360 53
82.8000 82.8960 51
83.2160 83.3120 53
83.5680 83.6640 54
83.6960 83.7280 53
83.7600 83.7920 52
83.9520 84.1760 51
84.2400 84.2400 51
84.7200 84.8800 55
84.9120 85.1040 54
85.1360 85.2000 55
85.3920 85.5840 56
86.0000 86.9600 51
89.2640 89.7760 54
89.9680 90.1920 55
90.5760 90.7040 56
90.7360 90.7680 57
90.8000 91.3120 58
91.5040 91.7920 58
92.2080 92.3040 58
92.3360 92.5280 59
92.7200 93.1680 59
93.3600 93.5200 61
93.7440 94.0640 63
94.0960 94.2880 62
94.3200 94.4800 61
94.5120 94.7040 59
94.7360 94.7680 58
94.9920 95.0240 54
95.5680 95.7280 54
95.8880 96.0800 54
96.2080 96.3040 55
96.3360 96.4320 54
96.4640 96.5600 53
96.6880 97.0400 51
97.0720 97.1680 52
97.2000 97.3280 54
97.5200 97.7120 55
97.7440 97.8720 54
98.0960 98.3840 59
98.6080 98.6720 59
98.7040 98.8640 61
98.8960 99.7600 59
100.3680 100.5600 64
100.5920 100.8800 63
100.9120 100.9760 62
101.0080 101.0080 60
101.2320 101.6480 59
102.1920 102.1920 60
102.2240 102.2560 62
102.2880 102.4160 63
102.4480 102.5440 62
102.5760 102.8320 61
103.0560 103.2480 63
103.2800 103.3120 62
103.3440 103.6960 61
103.8560 104.1440 63
104.1760 104.3040 62
104.3360 104.5920 63
104.6240 104.9120 61
105.4560 105.5200 60
105.7120 105.8400 59
106.2240 106.2560 60
106.2880 106.4160 61
106.4480 106.5760 64
106.6080 106.7040 66
106.7360 106.7680 65
106.8000 107.1200 62
107.1520 107.3760 63
107.4080 107.4720 62
107.5040 107.5680 61
107.6000 107.6640 59
107.7920 108.0480 59
108.4960 108.4960 57
108.9120 109.0720 62
109.3600 109.4560 64
109.6480 109.7120 64
109.7440 109.9040 63
109.9360 109.9680 62
110.1280 110.1920 60
110.2240 110.3520 61
110.4800 110.6080 59
110.9600 111.0240 63
111.0560 111.2480 64
111.2800 111.4400 63
111.4720 111.5680 64
111.7600 111.8560 61
111.8880 112.9120 63
112.9440 112.9760 66
113.0080 113.0720 67
113.3920 113.5200 66
113.7760 113.9040 62
114.1280 114.4480 59
114.9920 115.0560 62
115.2160 115.4400 61
115.7920 115.8560 62
116.0160 116.2400 61
116.5280 116.8160 63
116.8480 117.0080 62
117.0400 117.2640 63
117.2960 117.5520 61
118.3520 118.4480 59
118.9280 118.9600 59
118.9920 119.0560 61
119.2160 119.2480 63
119.2800 119.4720 66
119.5040 119.5680 63
119.6960 119.7920 61
119.8240 119.8560 62
119.8880 120.1440 63
120.1760 120.2400 62
120.2720 120.4320 59
120.4640 120.5600 60
120.5920 120.8480 59
121.3600 121.5840 62
121.6160 121.8400 61
122.1600 122.4160 66
122.4480 122.7360 63
122.9600 123.0880 61
123.1200 123.3120 59
123.6960 123.7920 62
123.8240 123.9520 63
123.9840 124.0160 62
124.1440 124.2720 61
124.4320 124.5600 58
124.5920 125.8080 59
125.8400 125.9360 58
125.9680 126.0640 57
126.8320 127.0880 56
127.1200 127.2160 58
127.3440 127.4080 58
127.4400 127.9520 59
127.9840 128.3040 58
128.3360 128.7520 59
128.9120 129.0400 63
129.0720 129.1680 65
129.2000 129.4560 63
129.6800 129.8080 63
129.8400 129.9360 62
129.9680 130.1280 59
130.1600 130.1920 58
130.4800 130.5120 57
130.5440 130.5760 58
130.6080 131.0880 59
131.1200 131.5040 58
131.5360 131.7600 59
131.7920 131.8880 58
132.0800 132.2720 63
132.4960 132.4960 63
132.5920 132.6240 63
132.8480 132.9760 63
133.0080 133.0080 61
133.2000 133.2960 59
133.6800 133.8400 61
134.0640 134.1280 62
134.2560 134.3840 63
134.5440 134.7360 63
135.2800 135.4400 61
135.8880 136.0160 63
136.1120 136.1440 61
136.4960 136.5920 56
136.8160 137.8080 54
138.6080 138.7360 55
138.7680 138.8960 53
138.9280 139.0560 54
139.0880 139.2160 53
139.2480 139.2800 54
139.3120 139.5040 56
139.5360 139.9200 59
139.9520 140.1120 57
140.3680 140.5920 58
140.8160 140.9760 58
141.2320 141.2960 52
141.3280 141.6160 50
141.6480 142.3520 51
142.4160 142.6400 52
143.0880 143.1840 58
143.2160 143.7920 59
144.0160 144.2720 59
145.0080 145.2000 61
145.4240 145.4880 61
145.9040 145.9360 60
145.9680 146.3200 61
146.7680 147.7600 59
147.7920 147.9200 58
147.9520 148.0480 57
148.0800 148.2080 56
149.1040 149.1680 59
149.2000 149.2320 60
149.2640 149.3280 61
149.5200 149.5840 60
149.6160 151.2480 59
151.2800 151.4080 58
151.4400 151.4720 57
151.5040 151.5680 56
152.1120 152.1760 58
152.2080 152.5920 59
152.6240 152.7840 60
152.8160 153.3280 61
153.3600 153.4880 62
153.5200 153.5840 61
153.6160 154.2560 63
154.6080 155.0560 64
155.0880 155.1840 65
155.2160 155.2800 66
155.4720 155.5040 67
155.5360 156.4640 66
156.4960 156.9440 67
156.9760 157.1040 68
157.1360 157.2000 69
157.2320 157.3600 70
157.3920 157.4560 71
157.4880 157.7760 72
157.8080 157.8720 67
157.9040 157.9680 65
158.0000 158.0320 63
158.0640 158.3200 61
161.3280 161.4880 72
161.5520 161.7440 73
161.7760 161.9040 70
162.0320 162.3840 71
162.4160 162.8640 68
162.8960 162.9600 65
162.9920 163.0560 63
165.1680 165.3280 63
165.6160 166.4160 64
167.9520 168.4640 66
169.0080 169.4880 62
169.7760 170.3200 62
170.5760 171.3760 63
171.4080 171.6320 61
172.1440 172.2400 59
172.4000 172.5600 59
172.9440 173.1360 61
173.1680 173.2640 63
173.2960 173.4880 66
173.5200 173.5840 63
173.6160 174.2560 62
174.2880 174.3840 60
174.5440 174.8960 59
175.3120 175.7600 61
176.1120 176.2080 64
176.3680 176.4320 64
176.4640 176.6560 63
176.8160 176.9760 59
177.0080 177.1040 61
177.1360 177.4240 59
177.7120 177.8080 63
177.8400 178.0640 64
178.0960 178.1920 63
178.2240 178.3200 64
178.4480 178.6080 62
178.6400 179.6000 63
179.6320 179.6320 65
179.6640 179.7280 67
179.7600 179.8560 68
180.1120 180.3040 66
180.4960 180.6560 62
180.9120 181.2640 59
181.7120 181.8080 63
181.9040 182.1280 62
182.1600 182.2560 61
182.4800 182.5440 60
182.7360 182.9920 61
183.2800 183.4720 63
183.5040 183.5680 64
183.6960 183.7920 62
183.8240 184.0480 63
184.0800 184.3680 61
184.7200 184.8480 54
184.9120 184.9760 56
185.1360 185.2640 59
185.6800 185.8720 61
185.9040 186.0320 63
186.0640 186.2880 66
186.4800 186.7040 66
186.8320 187.1200 67
187.2800 187.4400 66
187.4720 187.5360 67
188.1120 188.6240 62
188.9120 189.1360 66
189.1680 189.4880 63
189.7120 189.8400 61
189.8720 190.0640 59
190.4480 190.8000 62
190.8320 191.0560 61
191.2160 192.2080 59
192.2400 192.2400 66
192.2720 193.4880 71
193.5200 193.6160 69
