6.6720 6.9600 63
7.1840 7.2800 62
7.4720 7.5680 65
7.6000 7.8240 64
8.1120 8.2080 64
8.6560 8.8160 65
8.8480 9.0080 64
9.4240 9.7760 64
10.7360 10.8640 63
10.8960 11.0880 62
11.3120 11.3760 62
11.4080 11.7600 64
11.9520 12.0160 64
13.4880 13.5200 59
13.5520 13.6160 61
13.7440 13.8400 69
13.9680 14.0640 67
14.0960 14.3200 66
14.3520 14.3840 65
14.4160 14.6080 62
14.6400 14.8640 64
15.0240 15.2160 64
15.2480 15.3120 63
15.3440 15.4080 62
15.5360 15.6640 62
15.6960 15.7600 63
15.7920 15.9840 64
16.4640 16.6560 67
16.9440 17.1040 67
17.1360 17.3600 66
17.3920 17.4880 62
17.5200 17.5840 63
17.7120 17.7760 62
18.1920 18.2560 56
18.2880 18.4800 57
18.5120 19.0240 59
19.0560 19.0880 58
19.2480 19.3760 57
19.4080 19.4400 58
19.4720 19.8880 59
20.4320 20.5280 66
20.9760 21.0080 64
21.1680 21.2000 62
21.2320 21.2960 63
21.4240 21.5200 59
21.6800 21.7760 56
21.9360 22.0640 55
22.0960 22.2240 53
22.4480 22.4800 54
22.5120 22.6080 55
22.7040 23.0880 56
23.1200 23.3120 55
23.4400 23.6000 55
23.6320 23.7920 56
23.8240 24.0480 57
24.1760 24.5280 55
24.8800 24.9440 55
25.1680 25.2320 52
25.4240 25.5200 56
25.5520 25.5840 57
25.6160 25.7440 59
25.9040 26.0320 57
26.0640 26.1920 55
26.3840 26.4800 55
26.8640 26.8960 62
27.0880 27.1520 62
27.1840 27.2160 63
27.2480 27.8240 64
28.2400 28.3040 61
28.3360 28.4000 62
28.4320 28.5920 64
28.7200 28.8160 62
29.0400 29.1360 63
29.1680 29.2960 62
29.4880 29.5840 58
29.7120 29.8400 67
29.9680 30.1600 66
30.1920 30.3200 64
30.6720 30.8000 64
30.9280 31.0240 62
31.1520 31.4400 64
31.5680 31.6000 63
31.6320 31.7920 64
31.8880 32.0160 62
32.1760 32.5920 64
32.6240 32.6880 65
32.8480 32.9440 64
32.9760 33.0400 66
33.0720 33.1360 63
33.1680 33.2000 62
33.4880 33.7760 59
33.8080 33.9680 58
34.0000 34.1280 57
34.1600 34.7040 59
34.7360 35.0880 57
35.1200 35.5680 59
35.9520 35.9520 67
35.9840 36.0160 71
36.6240 36.7200 64
36.8480 36.9120 64
36.9440 36.9760 62
37.0080 37.2000 59
37.3280 37.4560 58
37.4880 37.7440 55
38.0000 38.2240 55
38.2560 38.4480 57
38.7360 38.9280 55
39.0880 39.4400 55
39.7920 39.8240 55
40.0480 40.2080 55
40.7840 40.9120 52
41.0720 41.1360 55
41.2000 41.4240 58
41.5520 41.6480 57
41.6800 41.8400 55
42.0000 42.4160 51
43.1200 43.2480 55
43.9520 44.1760 63
44.6240 44.8800 67
46.0320 46.2880 64
46.3200 46.8960 62
46.9280 47.1200 64
47.2800 47.5040 59
47.5360 47.6640 62
47.7920 47.8560 62
48.0160 48.4640 64
48.4960 48.8800 62
48.9120 49.2000 64
49.2320 49.6160 62
49.7440 49.8400 62
49.9680 50.1600 64
50.1920 50.8000 62
50.8320 51.3120 64
51.4400 51.7600 62
51.9520 52.4320 64
52.5920 52.8160 62
52.8480 53.0720 64
53.1040 53.6800 62
53.8720 53.9360 64
54.1280 54.7040 62
54.7360 54.9920 64
55.0240 55.3760 62
55.5360 55.8560 64
56.0160 56.6560 62
56.6880 56.9440 64
56.9760 57.2000 62
57.7440 58.0960 62
58.1920 58.3840 63
58.4160 58.5440 59
58.9920 59.1200 63
59.1520 59.1520 61
59.1840 59.4400 58
59.4720 59.8560 63
59.9520 59.9520 64
60.0160 60.0480 63
60.2080 60.3040 62
60.4640 60.5920 62
60.6240 60.9120 64
60.9440 61.1040 62
61.4240 62.0320 63
62.1600 62.2880 61
62.4480 62.5760 59
62.6720 62.6720 60
62.7360 62.8000 61
62.9600 63.0560 63
63.0880 63.2800 61
63.4080 63.7600 63
63.8880 64.7520 62
64.7840 64.9760 59
65.0080 65.0720 60
65.1040 65.2320 62
65.3600 65.5200 62
65.5520 66.9920 64
67.4080 67.5360 55
67.7920 68.1440 55
68.3360 68.4000 58
68.4320 68.5600 62
68.5920 68.5920 67
68.6240 68.7200 70
68.7520 68.9440 67
68.9760 69.2000 66
69.3280 69.4240 62
69.4560 69.9680 64
70.0000 70.1280 63
70.1600 70.5440 62
70.5760 70.7360 63
71.2800 71.3440 67
71.7920 71.8560 66
72.0160 72.1440 66
72.1760 72.2720 65
72.3040 72.3360 64
72.4960 72.6560 62
72.6880 72.7200 60
72.7520 72.9120 58
73.0720 73.2320 58
73.2640 73.8080 59
73.8400 73.9040 58
73.9360 74.2240 57
74.2560 74.8960 59
75.2480 75.3120 66
75.7280 75.8240 62
75.9520 76.1120 63
76.1440 76.3040 59
76.3360 76.3680 57
76.9440 77.0720 52
77.2000 77.4240 55
77.9360 78.4800 55
78.8960 78.9920 57
79.2800 79.3120 55
79.7280 79.8240 55
79.8560 80.1760 52
80.2080 80.2720 55
80.3040 80.4320 59
80.6880 80.8160 57
80.8480 81.0080 55
81.1680 81.5520 52
83.9520 84.1120 63
84.2400 84.4640 67
84.8160 84.9440 66
84.9760 85.2640 64
85.2960 85.7760 67
87.2160 87.3440 67
87.5360 87.6320 66
88.5280 88.8160 67
88.9440 89.1360 66
89.4880 89.7440 71
90.4160 90.4800 68
93.2320 93.3280 72
93.6480 93.7120 72
97.0080 97.1680 64
97.2960 97.4240 64
97.5840 98.6400 64
98.6720 98.8960 65
98.9280 98.9600 64
98.9920 99.0560 63
99.0880 99.5360 62
99.5680 99.6000 63
99.6320 99.7280 64
100.6240 100.6880 62
100.8160 100.9760 63
101.1040 101.6800 62
101.7120 101.9040 64
102.0960 102.1920 58
102.3840 102.5760 60
103.0240 103.1200 60
103.1520 103.5680 61
103.6000 103.6960 62
103.7280 103.9520 64
103.9840 104.3680 62
104.6880 104.7520 62
104.7840 104.9440 64
104.9760 105.6160 62
105.6480 105.8720 64
106.0000 106.5120 62
106.5440 106.6080 63
106.7360 106.8000 62
106.8320 106.8320 60
106.9280 107.0240 59
107.2480 107.3440 64
107.5040 107.6320 62
107.6640 107.8880 64
107.9200 108.3040 62
108.5920 108.6560 63
108.6880 108.8160 64
108.8480 109.5200 62
109.5520 110.0640 64
110.0960 110.3520 62
110.6400 110.7680 64
110.8320 111.0880 64
111.4080 111.8240 64
111.8560 112.1440 62
112.1760 112.2080 63
112.3680 112.4320 64
112.5920 113.2000 63
113.2320 113.4560 59
113.8400 113.8400 60
113.8720 114.0000 62
114.0320 114.3200 59
114.3520 115.0560 63
115.0880 115.4400 62
115.4720 115.7600 64
115.7920 116.1120 62
116.3360 116.4640 64
116.6560 116.9120 62
117.0400 117.0720 62
117.1040 117.2000 63
117.5840 117.6480 64
117.8080 117.9360 63
117.9680 118.0000 62
118.0320 118.1920 61
118.2880 118.6720 64
118.7040 118.9600 62
119.0240 119.0560 62
119.0880 119.1840 63
119.3120 119.6960 62
119.7280 119.8240 59
119.8560 120.0160 60
120.3040 120.3680 62
120.4000 120.4320 63
120.4640 122.0000 64
122.0320 122.1600 70
122.3200 123.0560 67
123.2480 123.3440 58
123.3760 123.4400 61
123.4720 123.7280 59
123.7600 123.7600 64
123.7920 123.9520 67
123.9840 124.1440 66
124.1760 124.2080 65
124.2400 124.4000 62
124.4320 124.9440 64
124.9760 125.1680 62
125.2960 125.5840 62
125.6160 125.7440 64
126.2560 126.3520 67
126.7360 127.1840 66
127.2160 127.3120 64
127.4400 127.5680 62
127.6000 127.8240 58
127.9840 128.0160 57
128.0480 128.1760 58
128.2080 128.5280 59
128.5600 128.6560 58
128.6880 128.7840 59
128.8160 128.8480 58
128.8800 129.1680 57
129.2000 129.3280 58
129.3600 129.7440 59
130.6720 130.6720 60
130.7040 130.8000 63
130.8320 131.0240 62
131.1520 131.2160 59
131.2480 131.2800 58
131.4720 131.5360 56
131.8560 131.9840 52
132.1120 132.2720 55
132.3040 132.4000 56
132.6240 132.7840 56
132.8160 133.2960 55
133.3280 133.4880 56
133.8080 133.9360 56
134.1280 134.2560 55
134.6720 134.7680 54
134.8000 134.8640 51
134.8960 135.0240 52
135.0560 135.1200 53
135.1520 135.2160 56
135.2480 135.3440 59
135.5360 135.6000 55
135.6320 135.7280 57
135.7600 135.9200 55
136.0480 136.4640 52
136.4960 136.5920 51
136.7840 137.3600 52
138.6720 138.7680 63
138.8000 139.0880 64
140.1120 140.1440 64
140.2080 140.2080 62
140.3040 140.4320 62
140.5600 141.3280 64
