16.2720 16.4000 45
16.4320 16.4320 47
16.4640 16.5920 49
16.6240 16.6560 50
16.6880 16.7840 51
17.0400 17.1680 51
17.3920 17.4880 51
17.5200 17.6480 52
17.9680 18.0320 52
18.0640 18.2240 51
18.2560 18.3520 52
18.5760 18.7360 49
18.7680 18.8960 50
19.0240 19.1520 51
19.1840 19.2480 52
19.2800 19.3760 55
19.7920 19.9840 46
20.0160 20.2400 47
20.2720 20.7840 48
20.8160 21.0080 47
21.1360 21.2000 47
24.0800 24.2720 55
24.3040 24.6240 57
24.8160 24.9120 55
24.9440 25.2320 57
25.2640 25.4240 56
25.8400 26.2560 57
26.3840 26.6720 55
26.7040 26.7680 56
26.8000 27.1840 57
27.2160 27.4720 60
27.6640 27.7920 62
27.9520 28.2080 55
28.2400 28.3680 56
28.4000 29.9040 57
29.9360 29.9680 56
30.0000 30.5760 55
31.4080 31.4080 51
31.4400 31.4400 53
31.4720 31.5360 57
31.5680 31.6000 58
31.6320 31.6960 59
31.8240 31.9840 57
32.1760 33.0080 55
33.0400 33.1040 54
33.1360 33.2320 53
33.4240 33.5840 52
33.7440 33.8400 50
33.9680 34.1920 47
35.5360 35.5680 45
35.6000 35.6640 47
35.6960 35.7280 50
35.7600 35.7920 51
35.8240 35.9840 52
36.0160 36.1760 53
36.3040 36.4960 52
36.5280 37.3280 53
37.7120 37.8720 50
37.9040 38.1280 52
38.1600 38.3200 53
38.4800 38.7360 50
39.3760 39.5360 57
39.5680 39.6960 58
39.9200 40.0480 53
40.0800 40.1120 54
40.1440 40.7840 55
41.2960 41.4560 50
41.4880 41.5200 51
41.5520 41.6800 52
41.8400 42.0960 47
43.2480 43.2800 45
43.3120 43.3760 46
43.4080 43.4400 49
43.4720 43.6000 52
43.7600 43.9520 52
43.9840 44.0800 53
44.1120 44.1760 54
44.2080 44.6240 55
44.6560 44.9440 57
44.9760 45.5200 60
45.6480 46.0640 59
46.0960 46.3520 57
46.9920 47.0880 54
47.1200 47.2480 53
47.3760 47.4400 52
47.6000 50.0960 55
50.1280 50.2240 56
51.4720 51.6320 57
51.6640 51.7280 55
51.7600 51.7600 53
51.7920 51.7920 51
51.9200 51.9520 50
51.9840 52.0480 53
52.2720 52.8480 55
52.9440 53.0080 51
53.0400 53.1360 52
53.4240 53.5200 57
53.5520 53.6160 56
53.6480 53.7120 52
53.7440 53.7440 50
53.7760 53.8400 47
53.8720 53.8720 49
53.9040 54.0320 54
54.0640 54.1600 53
54.1920 54.4160 55
54.4480 54.4800 54
54.8640 54.8960 49
54.9280 54.9920 52
55.0240 55.0560 55
55.1200 55.1520 56
55.4080 55.4400 51
55.4720 55.5360 49
55.5680 55.9520 48
56.0800 56.3040 48
56.3360 56.4000 45
56.4320 56.6880 44
56.8160 56.8480 44
56.8800 57.2320 45
57.2640 57.2960 46
57.3280 57.5520 47
57.5840 57.7440 48
57.7760 57.9040 47
57.9360 58.0320 48
59.1840 59.3760 60
59.4080 59.5360 61
59.7600 60.1120 57
60.1440 60.1760 60
60.2080 60.3040 61
60.3360 60.4640 63
60.4960 60.5600 62
60.5920 61.0080 60
61.0400 61.1040 59
61.2320 61.3600 62
61.6480 62.0320 57
62.0640 62.2560 55
62.2880 62.3840 56
62.4160 62.5760 55
62.6080 62.8000 57
62.8320 62.8640 56
62.8960 62.8960 54
62.9280 63.8240 52
63.8560 66.0000 55
66.0320 66.0960 60
66.9600 67.0880 57
67.1200 67.1840 55
67.2160 67.2480 53
67.2800 67.2800 51
67.3120 67.4080 46
67.4400 67.4400 49
67.4720 67.4720 52
67.5040 67.6320 55
67.6640 67.8560 52
67.8880 67.9520 55
67.9840 68.0160 53
68.0480 68.6240 52
68.6560 68.8160 55
68.8480 69.0400 57
69.0720 69.2640 53
69.2960 69.5840 55
69.6160 69.7440 53
69.7760 69.9040 55
70.2880 70.3520 55
70.3840 70.5440 56
70.5760 70.7360 57
70.8960 70.9920 61
71.0240 71.2160 62
71.2480 71.8240 60
71.8560 71.9200 59
71.9520 72.6560 57
72.6880 73.2960 60
73.3280 73.4240 59
74.0640 74.3520 57
74.3840 74.4480 59
74.4800 74.6720 61
74.7040 74.8000 64
74.8320 75.0240 65
75.2160 75.3760 62
75.4080 75.8240 60
75.8560 76.3040 57
76.3360 76.4960 58
76.6560 77.4560 65
77.9040 77.9680 59
78.0000 78.4480 60
78.4800 78.7040 62
78.7360 78.9920 60
79.0240 79.0880 59
79.1200 79.1840 58
79.2160 79.2800 57
79.3120 82.3520 60
85.2960 85.4240 63
85.4560 85.5840 64
86.0640 86.1600 64
86.1920 86.2240 60
88.5280 88.5920 56
89.4560 89.5840 56
89.6160 89.9360 57
89.9680 90.6720 60
90.7040 90.8640 57
90.8960 91.0240 62
91.0560 91.1520 63
91.1840 91.3440 64
91.3760 91.5040 63
93.2960 93.3600 66
93.3920 93.5200 67
94.1280 94.2560 64
95.1840 95.2480 62
95.2800 95.6640 64
95.6960 95.7600 61
95.7920 96.2400 62
96.2720 96.4960 59
96.5920 96.7200 61
96.7520 96.7520 56
96.9440 97.3280 55
97.9040 98.0640 56
98.0960 98.1920 57
98.2240 98.6400 60
98.6720 98.7360 57
98.8640 99.1200 63
101.2960 101.5520 57
101.5840 101.7440 55
101.7760 101.9360 56
101.9680 102.0320 57
102.0640 102.5120 60
102.5440 102.7360 57
102.7680 102.8960 56
102.9280 103.1200 57
103.4080 103.6320 67
103.8240 103.9520 67
107.5680 107.6640 63
107.6960 108.0480 64
109.0400 109.1680 61
109.2000 109.3600 62
109.8080 110.0320 62
111.8880 111.9840 65
112.0160 112.2400 67
113.0720 113.1040 45
113.1360 113.2000 46
113.2320 113.2960 49
113.3280 113.3600 50
113.3920 113.5520 51
113.8400 114.0320 51
114.1920 114.4160 50
114.4480 114.5120 52
114.5440 114.6080 50
114.6400 114.7680 51
114.8960 115.2480 52
115.2800 115.4080 48
115.4400 115.7280 49
115.7600 116.0160 51
116.0480 116.1440 52
116.1760 116.2400 53
116.2720 116.3040 54
116.3360 116.4320 55
116.4640 116.6240 54
116.6560 116.6560 52
116.8160 116.8480 45
116.8800 117.0080 46
117.0400 117.5840 47
117.6160 118.0320 46
118.1280 118.1600 46
118.4480 118.6400 47
118.8000 118.8960 50
120.7200 120.9120 51
120.9440 121.0080 53
121.1360 121.2960 57
121.5520 121.9680 57
122.0000 122.1920 56
122.5120 122.9600 57
123.0880 123.1520 56
123.1840 123.5040 55
123.5360 123.6000 58
123.6320 123.9520 57
123.9840 124.4640 60
124.4960 124.5920 61
124.7200 124.9440 56
124.9760 126.3520 57
126.3840 126.4480 55
126.4800 126.5120 56
126.5440 126.7360 57
126.7680 126.8000 56
126.8320 127.3760 55
128.1120 128.1440 56
128.1760 128.3360 57
128.3680 128.4320 58
128.5600 128.7200 56
128.8800 129.3920 55
129.4240 129.4880 54
129.5200 129.5840 56
129.6160 129.6800 54
129.7120 129.8080 55
129.8400 129.8720 54
129.9040 129.9680 53
130.0000 130.0000 51
130.1280 130.2560 52
130.2880 130.5120 50
130.5440 130.6400 49
130.9600 131.0240 45
131.0560 131.3760 47
131.4080 131.5040 48
132.2720 132.3040 46
132.3360 132.4000 47
132.5280 132.6560 52
132.6880 132.7200 51
132.7520 132.9120 50
132.9440 133.2960 52
133.4560 133.6160 51
133.6480 133.8720 53
134.0000 134.0640 56
134.0960 134.2880 55
134.4800 134.6720 50
134.7040 134.9280 52
134.9600 135.1200 50
135.1520 135.3760 47
135.4080 135.4720 49
136.1120 136.3360 57
136.3680 136.4960 59
136.6560 137.2960 55
137.3280 137.3920 54
137.4240 137.4880 56
137.5200 137.7120 55
137.7440 137.9040 54
137.9360 137.9360 51
137.9680 138.0640 48
138.0960 138.1600 49
138.1920 138.2880 50
138.3200 138.4160 52
138.6400 139.2480 47
140.0480 140.1120 47
140.1440 140.1760 48
140.2080 140.2400 49
140.2720 140.4000 51
140.4320 140.6880 52
140.7200 140.9760 53
141.0080 141.3600 55
141.4880 141.7440 57
141.7760 142.0640 60
142.0960 142.2240 61
142.2560 142.2880 60
142.4480 142.7680 60
142.8960 143.0560 55
143.0880 143.2160 57
143.2480 143.2800 56
143.6960 143.7600 55
143.7920 143.8240 53
143.8560 144.0160 52
144.0480 144.1760 53
144.2080 144.3680 54
144.4000 144.4640 56
144.4960 145.7760 55
145.8080 146.0320 56
146.0640 146.8000 55
146.8320 147.0880 56
148.2080 148.2720 58
148.3040 148.3360 57
148.3680 148.4320 56
148.4640 148.4960 54
148.5280 148.5280 51
148.5600 148.5600 49
148.5920 148.6880 47
148.7200 148.7200 50
148.7520 148.8160 54
149.0400 149.6800 55
149.7120 149.8080 51
149.8400 150.0320 52
150.1920 150.3840 57
150.4160 150.4160 55
150.4480 150.4480 53
150.4800 150.6080 49
150.6400 150.6400 51
150.6720 150.8000 55
150.9280 151.2160 55
151.6320 151.6640 51
151.6960 151.7600 54
151.7920 151.8240 56
151.8560 151.9200 57
152.1440 152.2720 52
152.3040 152.3360 50
152.3680 152.7840 48
152.8800 153.0080 48
153.0400 153.1040 47
153.1360 153.4880 45
153.6160 154.0960 45
154.1280 154.4800 48
154.5120 154.6080 47
154.7680 154.8320 47
155.9840 156.3360 60
156.5280 156.9120 57
156.9440 157.0080 60
157.0400 157.0720 61
157.1040 157.3280 62
157.3600 157.4240 61
157.4560 157.9360 60
158.0640 158.0960 62
158.1280 158.1920 63
158.3840 158.8000 57
158.8320 158.8640 56
158.8960 159.3120 55
159.3440 159.3760 56
159.4080 159.5360 57
159.5680 159.6640 56
159.6960 159.6960 54
159.7280 160.6880 52
160.7200 160.8160 55
160.8480 161.0720 54
161.1040 162.9280 55
163.7600 163.8880 57
163.9200 164.0160 54
164.0480 164.0800 52
164.1120 164.1760 49
164.2080 164.2400 52
164.2720 164.4000 55
164.4320 164.5920 52
164.6240 164.7200 54
164.7520 164.9120 51
164.9440 165.2960 52
165.4560 165.5840 55
165.6160 165.8400 57
165.8720 165.8720 55
165.9040 166.0960 53
166.1280 166.3840 55
166.4160 166.5120 53
166.5440 166.7040 55
167.0880 167.1840 55
167.2160 167.2800 56
167.3120 167.5040 57
167.6320 167.7280 60
167.7600 167.9520 62
167.9840 168.5600 60
168.5920 168.6880 59
168.7200 169.4240 57
169.4560 169.9040 60
169.9360 170.2240 59
170.2560 170.3520 60
170.3840 170.4160 59
170.8640 171.1200 57
171.1520 171.1840 58
171.2160 171.4080 60
171.4400 171.7600 65
171.9520 172.0800 62
172.1120 172.1440 61
172.1760 172.6240 60
172.6560 173.1360 57
173.1680 173.2960 59
173.4240 174.1280 65
174.1600 174.1920 63
174.5440 174.9920 60
175.0240 175.2480 62
175.2800 175.6320 60
175.7600 175.7920 57
175.8240 175.8880 58
175.9200 178.1280 60
178.1600 178.3200 59
179.1840 179.2480 58
179.2800 179.3440 57
179.3760 179.3760 55
179.4080 179.5040 52
179.5360 179.6640 51
179.6960 179.7600 54
179.9840 180.5600 55
180.6560 180.8160 52
181.1360 181.2320 57
181.2640 181.3280 56
181.3600 181.4240 53
181.4560 181.5840 50
181.6160 181.6160 53
181.6480 182.1280 55
182.5760 182.6080 52
182.6400 182.6400 54
182.6720 182.8000 56
183.0880 183.1840 52
183.2160 183.2160 50
183.2480 183.4080 48
183.4400 183.7280 47
183.8560 184.0480 48
184.0800 184.1120 46
184.1440 184.4640 45
184.4960 184.6560 44
184.6880 184.9760 45
185.0080 185.0400 46
185.0720 185.2960 47
185.3280 185.8080 48
186.9280 187.2800 60
187.4400 187.7280 57
187.8880 187.9520 60
187.9840 188.0160 61
188.0480 188.3360 62
188.3680 188.4640 61
188.4960 188.7520 60
189.3920 189.7440 57
189.7760 189.8720 56
189.9040 190.2240 55
190.2560 190.2880 56
190.3200 190.5440 57
190.5760 190.5760 55
190.6080 191.3760 52
191.4080 193.5200 55
193.5520 193.6160 56
194.7040 194.9280 56
194.9600 195.0240 51
195.0560 195.1520 49
195.1840 195.1840 51
195.2160 195.2160 53
195.2480 195.3760 55
195.4080 195.5680 52
195.6000 195.7280 55
195.7600 196.2400 52
196.4000 196.5280 55
196.5600 196.8160 57
196.8480 196.8480 55
196.8800 197.0400 53
197.0720 197.3280 55
197.3600 197.4560 53
197.4880 197.6480 56
198.0320 198.2240 55
198.2560 198.5120 57
198.5440 198.6720 61
198.7040 198.8960 62
198.9280 199.5360 60
199.5680 200.4000 57
200.4320 200.4640 59
200.4960 201.0080 60
201.1360 201.2640 61
201.2960 201.4240 58
201.9040 202.0960 57
202.1280 202.2240 60
202.2560 202.3840 61
202.4160 202.7680 65
202.9280 203.1200 62
203.1520 203.5040 60
203.6320 204.1760 57
204.3680 204.5920 65
204.7520 204.8160 65
204.8480 205.0400 64
205.0720 205.1360 63
205.1680 205.1680 61
205.3280 205.4240 65
205.5840 206.0000 60
206.0320 206.1920 62
206.2240 206.6400 60
206.6720 206.8640 58
206.8960 209.1680 60
209.6480 209.8400 57
209.8720 210.0320 60
210.0640 210.1280 59
210.1600 210.3200 64
210.3520 210.5120 65
210.6720 210.8640 62
210.8960 211.2480 60
211.2800 211.2800 58
211.4080 211.7280 57
211.7600 211.9520 58
212.1120 212.4000 65
212.5600 212.8800 64
212.9120 212.9440 63
213.8080 214.2880 60
214.3200 214.5440 62
214.5760 214.8320 60
214.8640 214.8960 59
215.0560 215.0880 57
215.1200 215.2160 58
215.2480 216.3040 60
216.3360 216.4320 61
216.4640 216.5600 62
216.5920 216.6880 61
216.7200 218.5760 60
219.5040 219.6320 60
224.0800 224.2400 62
224.2720 224.3680 63
224.4000 224.5280 64
227.5040 227.7280 66
231.8240 231.9520 62
234.8640 235.1520 60
235.3760 235.5360 60
237.1680 237.2640 56
237.2960 237.4240 57
237.4560 237.7760 60
237.8080 237.8400 61
237.8720 238.4800 62
238.5120 238.6080 63
238.6400 239.4400 64
241.2960 241.7440 67
242.2560 242.3840 65
