27.3760 27.4720 45
27.9840 28.3360 45
28.7200 28.9440 53
28.9760 29.0080 51
29.0400 29.2640 50
30.4160 30.4480 49
30.4800 30.5760 50
31.1520 31.3120 50
31.4400 31.8560 48
31.8880 32.0480 49
33.2000 33.2960 45
33.4240 33.4880 45
33.5200 33.6160 46
33.6480 33.8080 47
33.9680 34.1280 47
34.1600 34.2240 48
34.4480 34.4800 55
34.5120 34.5760 57
34.8320 35.0880 57
35.2480 35.6960 55
36.4640 36.5600 52
36.5920 36.6240 53
36.6560 36.8480 54
37.1040 37.4560 51
37.4880 37.5200 50
37.5520 37.5840 48
37.6160 37.7440 47
37.7760 37.8720 46
38.4480 38.5440 45
39.8240 39.8560 51
39.8880 39.9200 52
39.9520 40.0160 53
40.3040 40.8160 54
41.0400 41.0720 53
41.1040 41.7120 54
42.5120 42.7040 57
42.7360 42.8640 59
42.8960 42.9920 58
43.0240 43.4400 57
43.6000 43.7600 57
43.7920 44.0800 59
44.1120 44.1440 58
44.1760 44.3040 57
44.3360 44.4000 56
44.4320 44.4960 55
45.2640 45.2960 52
45.3280 45.6480 53
45.6800 45.7440 56
45.7760 45.8720 57
45.9040 46.0320 59
46.2560 46.6720 57
47.0240 47.2160 52
47.2480 47.2800 53
47.3120 47.3760 54
47.5360 47.6000 58
47.8240 48.0800 57
48.7200 49.2640 55
49.2960 49.3280 56
49.3600 50.1280 57
53.7440 53.8400 50
54.0960 54.1600 60
54.1920 54.2240 61
54.2560 54.5440 62
54.5760 54.7360 59
54.8640 54.8960 56
54.9280 55.0560 57
55.3120 55.9200 55
55.9520 55.9840 56
56.0160 56.1440 57
56.1760 56.3680 59
57.1360 57.1360 60
57.1680 57.3920 62
57.4240 57.4880 61
57.5840 57.8400 59
57.8720 57.9040 58
57.9360 58.1600 57
58.3520 58.4480 54
58.4800 58.8960 55
59.1520 59.2480 57
59.2800 59.5680 59
59.6000 59.6960 62
59.8560 59.9840 67
60.2400 60.2720 65
60.3040 60.3360 66
60.3680 60.7200 67
60.7520 61.2320 66
61.2640 61.2640 64
61.3920 61.5840 64
61.6160 61.7120 62
61.7440 62.0000 64
62.0320 62.1280 63
62.1600 62.8320 62
62.9600 63.1200 62
63.1520 63.5680 64
63.6960 63.8560 57
63.8880 63.9520 59
63.9840 64.0800 58
64.1120 64.7840 59
66.2560 66.3520 57
66.3840 66.8640 59
66.8960 67.0240 62
67.0560 67.0560 60
67.1840 67.4080 59
67.4400 67.6960 57
67.7280 68.4000 55
68.4320 68.5280 57
68.7200 68.9120 55
69.5200 69.5840 58
69.6160 70.0000 59
70.0320 70.1600 62
70.1920 70.2240 60
70.2560 70.2880 58
70.3200 70.5760 57
70.7360 70.8320 56
70.8640 70.9280 54
70.9600 71.4720 55
71.5040 71.5680 57
71.6000 71.6320 56
71.7920 72.0800 55
72.4320 72.6240 50
72.6560 72.7200 51
72.9120 73.0400 55
73.0720 73.1040 54
73.2640 73.4240 58
73.4560 73.7760 59
73.9680 74.0640 57
74.0960 74.2240 56
74.2560 74.3840 55
74.5120 74.6080 54
74.8320 75.1840 63
75.2160 75.4400 57
75.4720 75.6000 60
75.6320 75.7920 59
75.8240 76.1760 57
76.2080 76.5920 55
76.6240 77.4880 57
78.2880 78.3520 60
78.4800 78.5440 60
78.6720 78.8320 59
78.8640 78.9920 62
79.0240 79.1840 61
79.2160 79.3760 59
79.4080 79.7600 57
79.7920 80.4960 55
80.5280 80.6240 56
80.6560 80.7520 57
80.7840 81.1360 59
81.3280 81.6800 59
81.7120 81.8080 60
81.8400 81.9360 61
82.1280 82.3520 59
82.3840 82.4160 58
82.4480 82.7360 57
82.8640 83.4080 55
83.6640 83.7920 57
83.8240 84.0160 59
84.4640 84.5920 55
84.8800 84.9760 65
85.0080 85.3280 67
85.3600 85.8400 66
85.8720 85.9040 65
85.9360 86.6400 64
86.6720 86.7040 63
86.7360 86.9600 62
87.1200 87.7280 62
87.7600 88.0160 64
88.0480 88.1120 63
88.2720 88.4320 57
88.4640 89.2000 59
89.2320 89.3920 58
90.9600 91.3440 59
91.3760 91.4720 60
91.5040 91.6000 62
91.6320 91.7280 61
91.7600 91.8560 59
91.8880 91.9520 58
91.9840 92.1120 57
92.3360 92.4000 56
92.4320 92.9760 55
93.0080 93.2000 56
93.2320 93.5520 55
94.1600 94.5760 59
94.6080 94.6720 61
94.8960 94.9600 60
94.9920 95.0560 58
95.0880 95.1520 57
95.1840 95.2160 56
95.2480 96.0800 55
96.1120 96.1440 56
96.1760 96.3360 57
96.3680 96.6880 55
97.2000 97.2640 50
97.2960 97.3920 53
97.5840 97.7440 55
97.9680 98.0000 58
98.0320 98.4480 59
98.5760 98.8320 57
98.8640 99.3120 55
99.3440 99.3440 57
99.3760 99.3760 59
99.4080 99.5360 63
99.5680 99.7600 64
100.0160 100.1440 57
100.1760 100.3040 59
100.5920 100.7520 57
100.7840 100.9120 54
100.9440 101.3920 55
101.4240 101.4880 56
101.5200 102.2240 57
102.2560 102.2880 56
103.3120 103.4400 57
103.4720 103.5360 58
103.5680 104.2080 59
104.4000 104.6240 57
104.7840 105.4240 55
106.0000 106.1280 55
106.3840 106.5120 55
106.5440 106.5760 56
106.6080 106.8640 57
106.8960 106.9280 56
106.9600 107.1520 55
107.1840 107.3440 54
107.3760 108.4640 55
108.6240 109.0400 55
109.1040 109.2320 55
109.6800 109.8400 57
114.0640 114.0960 63
114.1280 114.3840 64
115.0240 115.1840 57
115.4080 115.6000 57
115.6320 115.6640 56
115.6960 115.7920 55
116.2080 116.4000 57
116.4320 116.5280 58
116.5600 116.6240 59
117.7760 117.8720 55
119.5360 119.6000 53
119.6320 119.6640 54
119.6960 120.0480 55
120.2400 120.3360 55
120.3680 120.4640 54
120.4960 120.7200 55
120.7520 120.8480 54
120.8800 120.9760 53
121.0080 121.1680 54
121.2000 121.2320 53
121.3920 121.6480 50
122.6080 122.7040 49
122.7360 122.7680 50
122.8000 122.8320 51
122.8640 123.0880 52
123.3440 123.6000 50
123.6320 123.7280 49
123.7600 124.1120 48
124.1440 124.3360 49
125.4560 125.5840 46
125.8720 125.9680 46
126.0000 126.0960 47
126.2240 126.6720 47
127.1200 127.1200 53
127.1520 127.3440 57
127.3760 127.4080 56
127.5680 127.6320 55
127.6640 128.0800 54
128.6880 128.8800 52
129.2640 129.4240 50
129.4560 129.5200 51
129.5520 129.6480 52
130.0000 130.1920 47
131.7600 132.0480 53
132.0800 132.3040 54
132.5600 133.9040 54
133.9360 134.2240 55
134.7680 134.8640 59
134.8960 134.9920 58
135.0240 135.2480 59
135.2800 135.3120 58
135.3440 135.7600 57
135.8880 135.9200 57
135.9520 136.0480 58
136.0800 136.3360 59
136.3680 136.7200 57
136.7520 137.0080 55
137.5200 137.6480 51
137.6800 137.8400 52
137.8720 137.8720 54
138.0960 138.2240 59
138.3520 138.9280 57
139.1520 139.3120 63
139.3440 139.4400 65
139.6000 139.8240 60
139.8560 139.8560 58
139.9520 140.0480 58
140.0800 140.2400 57
140.2720 140.3360 56
140.5920 140.7200 56
140.7520 141.1680 55
141.2000 142.3840 57
143.3120 143.6960 62
143.7280 143.7920 61
143.8240 143.9200 59
143.9520 144.0480 58
144.0800 144.2720 57
144.5600 145.0720 55
145.1040 145.2320 56
145.2960 145.3600 57
145.3920 145.6480 59
146.0640 146.1280 61
146.3840 146.4800 61
146.5120 146.6720 62
146.8320 146.9280 60
146.9600 147.0880 59
147.1200 147.4720 57
147.6640 148.0160 55
148.3360 148.4640 57
148.4960 148.6240 59
148.6560 148.7520 62
148.9760 149.0400 62
149.4560 149.5200 65
149.5520 150.1600 67
150.1920 150.4480 66
150.6080 150.8640 64
151.0240 151.0880 65
151.1200 151.2160 64
151.2480 151.3440 63
151.3760 151.5680 62
151.7920 152.0160 62
152.2400 152.3360 62
152.3680 152.7520 64
152.7840 152.8160 63
152.9440 153.1040 56
153.1360 153.7760 59
153.8080 153.9680 58
155.4400 155.5040 56
155.5360 156.0480 59
156.0800 156.2080 62
156.3680 156.6240 59
156.6560 156.7520 57
156.7840 156.8160 56
156.8480 157.6480 55
157.6800 157.7440 57
157.9680 158.2240 55
158.7680 158.8000 58
158.8320 159.2480 59
159.2800 159.4080 62
159.4400 159.4720 60
159.5040 159.5360 58
159.5680 159.7920 57
159.9840 160.0480 56
160.0800 160.6880 55
160.7200 160.8480 56
161.0400 161.3280 55
161.7120 161.9680 52
162.1600 162.2880 55
162.3200 162.3520 54
162.5440 162.7680 58
162.8000 163.0240 59
163.2160 163.3120 57
163.3440 163.4080 56
163.4400 163.6320 55
163.7600 163.8560 55
164.1120 164.2400 63
164.2720 164.4320 64
164.4640 164.6880 57
164.7200 165.0400 59
165.1680 165.4240 57
165.4560 165.9360 55
165.9680 166.7040 57
167.6320 167.8880 62
168.1440 168.3680 62
168.4000 168.5280 59
168.6880 168.9760 57
169.0080 169.0400 55
169.2000 169.5200 55
169.5520 169.6800 56
169.8720 170.0000 57
170.0320 170.5120 59
170.7680 170.9920 59
171.0240 171.1520 62
171.4080 171.7600 59
171.7920 172.0160 57
172.2720 172.4960 55
172.5280 172.5920 54
173.1360 173.1680 59
173.2000 173.2640 60
173.2960 173.6800 62
173.7120 173.7760 60
174.0640 174.1600 66
174.1920 174.5120 67
174.5760 175.1520 66
175.2480 175.4720 64
175.6320 175.9200 64
175.9520 176.1760 62
176.3680 176.9120 62
176.9440 177.3600 64
177.5200 177.7120 57
177.7440 179.0560 59
180.2720 180.3680 60
180.4000 180.7200 59
180.7520 180.9440 62
180.9760 181.0080 60
181.0400 181.1680 59
181.2000 181.3280 58
181.5840 181.9360 55
181.9680 182.1280 54
182.1600 182.1920 55
182.2240 182.4160 56
182.4480 182.8960 55
183.3760 183.6640 59
183.6960 183.8240 60
183.8560 183.9520 62
184.1760 184.2720 59
184.3040 184.5600 57
184.6880 184.9440 55
184.9760 185.2000 54
185.2320 185.3600 55
185.3920 185.5520 57
185.5840 185.8720 55
186.5120 186.6400 52
186.8320 186.9600 54
187.1840 187.2800 58
187.3120 187.6640 59
187.7920 188.0480 57
188.0800 188.5600 55
188.5920 188.5920 57
188.6240 188.6240 62
188.6560 188.9120 64
188.9440 188.9760 63
189.2000 189.3920 57
189.4240 189.6160 59
189.6480 189.7440 58
189.8080 189.8720 56
189.9040 190.0320 57
190.0640 190.8320 55
190.8640 191.6640 57
192.5600 192.7840 57
192.8160 193.4880 59
193.6800 193.9040 57
194.0960 194.3520 55
194.3840 194.4160 54
195.2800 195.4400 55
195.6320 195.7920 55
195.8240 196.0800 57
196.1120 196.3360 55
196.3680 196.5600 54
196.5920 197.4880 55
197.9040 198.0320 53
198.0640 198.3520 54
198.4480 198.7360 55
198.9600 199.0880 58
199.1200 199.1840 60
199.2160 199.4400 59
199.4720 199.4720 57
199.5040 199.5040 54
199.5360 199.7280 52
199.7600 199.8240 51
199.8560 200.0800 50
200.1120 201.5200 52
201.5520 201.5840 53
201.6800 201.6800 53
202.2240 202.7360 54
202.7680 203.5040 55
203.6320 203.7280 58
203.7600 203.9200 59
203.9520 204.0480 58
204.0800 204.4000 57
204.4320 204.5280 55
204.8480 205.0720 59
205.1040 205.2960 62
205.4240 205.5840 64
205.7120 205.8080 63
205.8400 206.9280 64
206.9600 207.0560 63
207.0880 207.1520 57
207.2160 207.3440 57
207.9200 208.5280 60
208.7520 208.9120 57
209.1360 209.7440 55
209.7760 209.8400 57
209.9680 210.2240 60
210.6400 210.7040 63
210.9920 211.0240 59
211.0560 211.2800 62
211.4400 211.7280 59
211.7600 212.0160 57
212.2400 212.7200 55
213.0080 213.1360 57
213.1680 213.3280 59
213.7120 213.8080 68
214.0960 214.1920 66
214.2240 214.4800 67
214.5120 215.1200 66
215.1520 215.2480 63
215.2800 215.5040 64
215.6320 215.8560 64
215.8880 216.9760 62
217.0080 217.4240 64
217.4560 217.7120 57
217.7440 218.4160 59
218.5760 218.6400 59
220.0800 220.2080 57
220.2400 220.6880 59
220.7200 220.8480 62
221.0400 221.2960 59
221.4240 221.7120 57
221.7440 222.2560 55
222.2880 222.3520 57
222.5760 222.8000 54
223.3440 223.6000 59
223.7280 223.8240 60
223.8560 223.9840 62
224.0160 224.1440 59
224.1760 224.4320 57
224.5600 225.1360 55
225.2000 225.3280 55
225.3600 225.4240 57
225.6160 225.9360 55
226.2560 226.5760 51
226.8320 226.9920 55
227.1840 227.6960 59
227.8880 228.1120 57
228.3680 228.4960 66
228.7200 228.9760 64
229.1040 229.2960 57
229.3280 229.6800 59
229.7120 229.7760 58
229.8080 230.0320 57
230.0640 230.4480 55
230.4800 230.5760 56
230.6080 231.5040 57
231.5360 231.6960 56
232.3040 232.4960 62
232.5280 232.5600 59
232.6240 232.6240 59
232.7200 232.7200 60
232.7520 233.0080 62
233.0400 233.1680 59
233.3280 233.5840 57
233.6160 233.6480 56
233.6800 234.3840 55
234.5440 234.9600 59
234.9920 235.0560 60
235.4080 235.5360 59
235.5680 235.6640 60
235.6960 235.8240 62
236.0480 236.3040 59
236.3360 236.3680 58
236.4000 236.6560 57
236.6880 236.8160 56
236.8480 237.2640 55
237.5200 237.6480 57
237.6800 237.8400 59
237.8720 237.9360 60
238.3200 238.4480 66
238.7040 238.8000 66
238.8320 239.1200 67
239.1520 239.8240 66
239.8560 240.0800 64
240.2400 240.4960 64
240.5280 241.5840 62
241.6160 242.0320 64
242.0640 242.3200 57
242.3520 243.2480 59
244.5280 244.6560 55
244.8160 245.3280 59
245.3600 245.5520 63
245.5840 245.8720 57
246.1280 246.8640 55
246.8960 247.0560 57
247.0880 247.5040 55
247.9520 248.4000 59
248.4320 248.4960 61
248.7200 249.0080 57
249.0400 249.0400 55
249.1680 249.6800 55
249.8080 249.9680 55
250.0000 250.1600 57
250.1920 250.5440 55
250.9920 251.1200 51
251.1520 251.2480 53
251.4400 251.6320 55
251.7920 252.3040 59
252.4640 252.6880 57
252.8800 253.2000 55
253.2320 253.2320 60
253.2640 253.3920 62
253.4240 253.5840 64
253.8080 253.8400 57
253.8720 254.3200 59
254.3520 254.4480 60
254.4800 254.5760 57
254.6080 254.6720 56
254.7040 255.3760 55
255.4080 255.4400 56
255.4720 255.8240 57
255.8560 256.1440 56
256.1760 256.3360 57
257.5200 257.6160 57
257.6480 257.6800 58
257.7120 258.0640 59
258.0960 258.1280 58
258.1600 258.3840 57
258.5440 258.9280 55
259.8240 260.0160 55
260.2720 260.4000 54
260.4320 260.6880 57
260.7200 260.9760 55
261.0080 261.2000 54
261.2320 262.8960 55
265.2000 265.3600 52
265.3920 265.4560 53
265.5840 265.7440 59
265.9360 266.1600 57
266.3840 266.4800 55
266.5120 266.5440 56
266.5760 267.3760 57
270.0320 270.2240 52
270.4480 270.7040 59
270.7360 270.7360 57
270.7680 270.9920 55
271.0240 271.0560 56
271.0880 271.4720 57
274.4480 274.6720 55
274.8640 274.8960 55
274.9280 275.0560 56
275.0880 275.3120 57
275.5040 275.6320 56
275.6640 277.0080 57
281.5840 281.6800 54
281.7120 281.7760 55
281.9040 282.0320 55
282.0640 282.1280 56
282.1600 282.3520 57
282.3840 282.5760 55
282.7680 282.9280 54
282.9600 283.6640 55
