32.5600 32.6880 50
32.7200 32.8480 52
32.8800 33.1040 53
33.1360 33.1680 54
33.2000 33.5520 55
34.8320 34.8960 50
34.9280 35.1200 53
35.3440 35.4080 54
35.4400 36.0480 55
36.2720 36.3360 54
36.3680 36.4960 55
36.5280 36.6560 56
36.6880 36.8480 59
37.0080 37.4240 57
40.0480 40.1120 50
40.1440 40.2400 52
40.2720 40.5280 53
40.5600 40.7520 55
40.7840 40.9440 57
41.0720 41.2000 57
41.2320 41.5520 55
42.2240 42.5440 54
42.5760 42.8320 50
43.1200 43.6000 52
47.4400 47.5040 63
47.5360 48.5280 65
48.5600 49.0080 62
49.7760 49.9680 62
50.0000 50.2560 60
50.2880 50.3840 62
50.4160 50.7040 64
51.1840 51.3120 62
51.3440 51.5680 64
51.6000 52.0800 62
52.1120 52.4640 60
54.5120 54.5120 58
54.5440 55.2800 62
55.4080 55.9200 60
55.9520 56.2720 62
56.3040 56.7200 60
56.7520 56.7840 57
57.0720 57.1680 63
57.2000 57.2960 65
57.3280 57.5840 64
57.6160 58.9920 62
59.6320 59.7280 59
59.7600 60.6560 60
60.6880 61.1040 62
61.6480 61.7120 62
61.7440 61.8400 64
62.0960 62.0960 60
62.3520 62.4160 64
62.4480 62.5120 62
62.5440 62.6400 60
62.6720 62.7680 65
62.8000 63.0880 67
63.2800 63.7600 60
64.7840 64.9440 56
64.9760 65.1360 59
65.4240 65.4240 57
65.6160 66.0960 58
66.1280 66.2880 59
66.4480 66.5760 62
66.6080 66.8640 64
66.8960 66.8960 60
66.9280 67.3120 57
67.3760 67.6000 57
68.7200 69.0080 55
69.2000 69.5840 57
69.8080 70.0000 57
70.5120 70.5120 57
71.9520 72.1440 57
73.1040 74.0320 59
74.6400 74.7680 67
74.8000 75.2800 69
75.3120 76.2400 67
76.2720 76.3040 65
76.5920 76.7520 59
77.0080 77.0080 60
77.0400 77.1360 64
77.1680 77.1680 61
77.2640 77.2640 61
77.2960 77.5200 64
77.6800 77.7760 65
78.0320 78.0960 67
78.2240 78.9600 60
80.2720 80.3040 54
80.3360 80.5280 59
80.9120 81.0080 59
81.4880 81.6800 64
81.8720 82.1600 57
82.3200 82.4800 57
84.0800 84.3040 57
84.6880 84.7840 54
84.8160 84.8800 56
85.0400 85.1040 55
85.3280 85.5200 57
85.8720 86.0000 53
87.1520 87.3440 59
87.3760 87.3760 57
87.9520 89.6800 59
92.4320 92.5600 49
92.5920 92.7200 51
92.8480 93.0720 53
93.1040 93.8080 55
94.8320 95.3120 53
95.3440 95.9520 55
96.1440 96.4640 55
96.5920 96.6240 57
96.6560 96.9440 59
96.9760 97.2640 57
97.4240 97.9680 57
99.8880 99.8880 50
99.9200 100.4000 53
100.5280 100.5920 55
100.6240 101.0400 57
101.0720 101.8080 55
102.0640 102.1280 56
102.3200 102.4160 56
102.4480 102.5440 55
102.5760 102.5760 52
102.6080 102.9920 50
103.0240 103.8560 52
106.9600 107.3760 65
107.4080 107.5360 66
107.5680 107.7600 65
107.7920 107.8240 64
108.0480 108.2400 65
108.2720 108.8800 62
108.9120 108.9760 61
109.9360 110.0000 60
110.0320 110.1600 61
110.1920 110.2560 62
110.2880 110.9920 64
111.0240 111.1840 63
111.2160 111.4720 64
111.5040 111.6960 62
111.7280 111.8240 63
111.8560 111.9520 62
111.9840 112.1440 60
112.3040 112.6560 60
114.4480 114.7360 61
114.8960 114.9600 60
114.9920 115.3120 62
115.3440 115.7280 60
115.7600 115.9520 62
115.9840 116.9760 60
117.0080 117.3920 57
117.4240 117.5200 62
117.5520 117.6800 65
117.7120 117.9360 64
118.1280 119.0240 62
119.5680 119.6960 58
119.7280 120.3040 60
120.5600 120.6240 60
120.6560 121.5200 62
121.5520 121.7440 64
121.7760 121.8080 62
122.0000 122.0640 61
122.2880 122.3840 64
122.4160 122.4800 62
122.5120 122.6400 66
122.6720 122.9600 67
123.1520 123.1840 59
123.3440 123.6320 60
123.6640 123.7600 59
124.7200 124.7520 57
124.7840 124.8480 58
124.8800 125.1040 59
125.2000 125.2000 59
125.4240 125.7760 60
125.8080 125.8720 57
125.9680 126.0960 61
126.3200 126.4160 62
126.4480 126.5120 65
126.5440 126.7360 64
126.7680 126.9920 56
127.0240 127.4720 57
128.4320 128.5600 56
128.5920 128.8800 55
129.2640 129.7120 57
130.1920 130.3840 60
131.7280 131.7280 54
131.7600 132.0480 57
132.0800 132.1760 59
132.8160 133.8720 59
134.4800 134.5120 67
134.5440 134.6080 68
134.6400 135.1840 69
135.2160 135.4400 68
135.4720 136.1120 67
136.1440 136.2080 66
136.2400 136.3040 62
136.3360 136.3680 58
136.4960 136.6560 59
136.6880 136.7520 58
136.7840 137.0080 52
137.2640 137.4240 64
137.5520 137.7120 63
137.9040 137.9360 67
138.1280 138.2240 59
138.3200 138.5120 59
138.5440 138.7360 61
140.1440 140.1760 55
140.2080 140.3680 60
140.5920 140.6880 58
140.7840 140.7840 57
140.8160 140.9440 60
141.3280 141.6160 64
141.7120 142.3200 57
143.9520 144.0480 56
144.0800 144.1120 54
144.3680 144.4000 55
144.4640 144.4960 54
144.5600 144.6240 54
144.9440 145.0080 54
145.8080 145.9680 53
146.7360 146.7360 55
146.8000 146.8320 56
147.0560 147.1840 59
147.7920 147.7920 57
147.8240 149.8400 59
156.3040 156.4640 69
166.6080 166.6720 65
182.2560 182.5760 50
182.7040 182.8960 53
182.9280 183.2800 55
184.5600 184.7200 52
184.7520 184.8160 54
185.0720 185.6800 55
185.9040 186.2240 55
186.3840 186.6720 59
186.7040 186.9600 57
187.1840 187.5360 57
189.6800 189.7440 51
189.7760 190.1920 53
190.2240 190.2560 54
190.2880 190.3200 55
190.3520 190.5440 57
190.6720 190.8320 57
190.8640 191.2160 55
191.8240 191.8880 56
192.1120 192.1760 56
192.2080 192.3040 55
192.3360 192.3680 53
192.4000 192.7200 50
192.7520 192.8480 51
192.8800 193.2320 52
196.7200 196.7520 63
196.7840 197.5840 65
197.8400 198.0320 64
198.0640 198.8000 62
199.7280 199.9200 60
199.9520 200.0480 62
200.0800 200.5600 64
200.5920 200.7840 65
200.8160 201.0400 63
201.0720 201.2320 65
201.2640 201.9040 62
201.9360 202.0320 60
202.2240 202.6400 60
204.2080 204.3680 62
204.4000 204.5280 60
204.6560 204.6880 60
204.7200 205.0400 62
205.0720 205.4560 61
205.4880 205.7440 62
205.7760 206.6400 60
206.6720 206.7680 59
206.8000 206.8640 58
206.8960 207.0240 57
207.0560 207.0560 59
207.0880 207.1200 62
207.1520 207.2160 63
207.2480 207.7920 64
207.8240 209.0080 62
209.3920 209.4240 58
209.4560 210.1920 60
210.3200 210.3520 60
210.3840 210.8000 62
211.2480 211.3120 64
211.3440 211.4400 62
211.4720 211.6000 64
211.9520 212.1760 64
212.3360 212.4320 66
212.4640 212.7840 67
212.8160 212.8160 64
213.2000 213.6160 60
214.5120 214.5760 57
214.6080 214.8640 59
215.2160 215.3760 60
215.4080 215.5360 58
215.6640 215.7600 60
215.7920 215.8880 61
216.1120 216.2080 62
216.2400 216.4960 64
216.6560 217.2640 57
218.3200 218.6400 55
218.8320 218.8960 57
219.2800 219.4080 57
219.4720 219.6640 57
220.6880 220.8160 53
221.5840 221.6160 56
221.6480 221.8720 57
221.9680 221.9680 59
222.0640 222.2240 59
222.4800 222.5440 60
222.7040 223.8240 59
224.2720 224.3040 57
224.3360 224.4000 58
224.4320 225.2640 60
225.2960 225.3280 61
225.3600 225.9360 62
226.3200 226.4480 62
226.4800 226.5440 64
226.5760 226.6080 61
226.7040 226.7040 61
226.7360 226.8320 64
226.8640 226.8640 61
226.9600 226.9600 61
226.9920 227.2160 64
227.4080 227.4400 62
227.5040 227.5040 62
227.6000 227.7280 67
227.8880 227.9840 59
228.0160 228.1440 60
228.1760 228.4000 59
228.4320 228.8800 60
229.8720 230.0000 56
230.0320 230.1600 60
230.1920 230.1920 58
230.3840 230.4480 58
230.5760 230.7040 59
231.1200 231.1200 58
231.1520 231.1840 63
231.2160 231.3760 64
231.5360 231.8560 56
231.8880 232.2400 57
233.7440 233.7440 54
233.7760 233.8080 56
233.8400 234.0000 57
234.1600 234.2560 56
234.5120 234.6400 55
235.1520 235.1520 56
235.2800 235.5040 53
235.6000 235.7280 53
236.4320 236.4640 54
236.4960 236.5280 55
236.5600 236.8480 57
236.8800 237.0080 59
237.3280 237.3280 58
237.3600 237.5200 60
237.5520 238.7680 59
239.2480 239.3760 67
239.4080 239.9200 69
239.9520 240.0480 68
240.0800 240.8800 67
240.9120 240.9760 66
241.1040 241.2320 59
241.2640 241.3600 63
241.3920 241.4240 61
241.4560 241.5840 59
241.7440 241.8400 59
241.8720 242.3840 64
242.4160 242.7040 67
242.9920 243.7920 60
245.1680 245.2320 56
245.2640 245.3280 58
245.3600 245.4880 60
245.5200 245.5200 57
245.5840 245.6160 57
245.6800 245.7440 60
246.0320 246.1280 63
246.1600 246.3520 65
246.6720 246.8960 57
246.9280 246.9920 56
247.1200 247.1520 56
247.1840 247.3760 57
249.2960 249.2960 57
249.3920 249.5520 57
249.9680 250.0320 57
251.5680 251.7600 57
252.0480 252.1120 59
252.7520 253.6480 59
254.2240 254.3520 67
254.3840 254.8960 69
254.9280 255.8560 67
255.8880 255.9200 66
256.2080 256.2400 61
256.4960 256.5280 61
256.6880 256.8800 61
256.9120 257.1360 64
257.8720 257.9040 61
257.9680 257.9680 59
258.0640 258.3200 59
258.3520 258.7360 60
259.8880 259.9200 55
259.9520 260.1760 59
260.3360 260.4000 60
260.4320 260.7200 58
261.2000 261.3600 65
261.6800 261.7120 57
263.6960 263.9520 57
264.3360 264.4640 54
266.4800 266.5120 55
266.8320 266.9280 59
267.2800 267.3760 59
