4.8800 5.0080 60
14.5440 14.7040 60
14.9280 14.9280 60
17.9360 18.0320 55
18.2880 18.3520 55
20.9120 20.9760 56
26.9920 27.0560 56
28.3680 28.4960 59
29.9680 30.0320 57
30.0640 30.0960 58
30.1280 30.6720 59
30.8640 30.9600 58
30.9920 31.1840 59
31.3120 31.8560 57
31.8880 32.2080 56
32.2400 32.3040 57
32.3360 32.3680 59
32.4000 33.2320 60
34.2880 34.3520 57
34.3840 34.4160 58
34.4480 34.6080 59
34.7360 34.8320 59
34.8640 35.1840 60
35.2160 35.8560 59
36.9120 37.0400 58
37.0720 37.2000 59
37.3600 37.4560 59
37.4880 37.5200 58
37.5520 38.3840 57
40.4640 40.5600 58
40.5920 41.2320 59
41.2640 41.3920 58
41.4240 41.5200 59
41.5520 41.6160 58
41.6480 42.2240 57
42.2560 42.3520 58
42.3840 42.6720 59
42.7040 43.5360 60
44.5280 44.6240 60
44.6560 44.6880 61
44.7200 44.7840 62
44.8160 44.9120 64
44.9440 44.9760 63
45.0080 45.3920 62
45.4240 45.4560 61
45.6160 46.1600 59
47.2800 47.3760 62
47.4080 47.5040 64
47.5360 47.5680 63
47.6000 47.9840 62
48.0160 48.0480 61
48.2400 48.3680 56
48.4000 49.2000 57
49.2320 49.3920 58
51.2480 51.4080 59
51.4400 51.8240 60
51.9840 52.1760 62
52.2080 53.1040 60
53.7760 53.9360 58
53.9680 54.5760 59
54.6080 54.7680 60
54.8000 55.9200 59
56.3680 56.4000 54
56.4320 56.4960 55
56.5280 57.0720 57
57.2000 57.3600 59
57.3920 58.2240 57
58.2560 58.5120 58
59.1520 59.4400 55
59.4720 59.6320 54
59.6640 59.7600 55
59.7920 59.9200 56
60.0800 60.1760 57
60.2080 61.1360 59
61.7440 61.7760 59
61.8080 61.9040 60
62.0320 62.1600 60
62.1920 62.2880 59
62.4480 62.5440 62
62.5760 62.6080 63
62.7040 62.8000 63
62.8320 63.6320 64
63.6640 63.8240 65
63.8560 64.0160 66
64.3040 65.0080 59
65.0400 65.3600 62
65.3920 66.1600 64
66.8960 67.0880 59
67.1200 67.6640 60
67.6960 67.8880 62
68.1120 68.1440 64
68.3360 69.0720 64
69.4240 69.5520 62
69.5840 69.8080 63
69.9680 70.2560 63
70.2880 70.5760 64
70.6080 73.8720 66
75.3120 75.8880 59
76.9120 77.0720 59
77.2640 77.3280 65
77.3600 78.0960 67
78.1280 78.3840 66
78.4160 79.2800 64
79.3120 79.3760 62
79.4080 80.7200 60
81.2000 81.2320 61
81.2640 81.4560 64
81.4880 81.6160 66
81.7440 81.8080 66
81.8400 81.9360 67
81.9680 82.0000 62
82.1920 82.6080 62
82.6400 82.8960 59
83.0560 83.1520 57
83.1840 83.4400 59
83.4720 83.7280 62
83.7600 83.7920 65
83.8240 84.0480 66
84.0800 84.3040 67
84.3360 85.5520 66
85.6480 85.6480 63
85.9040 86.3200 66
86.4480 86.8320 66
87.3760 87.5360 59
87.6960 87.9840 64
88.0160 88.6560 67
88.6880 88.7840 66
88.8160 89.4240 64
89.5200 89.5520 63
89.5840 89.7760 64
89.9360 90.9600 60
91.6960 91.6960 61
91.7280 91.8880 64
91.9200 92.0160 66
92.1440 92.2400 66
92.2720 92.3680 67
92.4000 92.4320 64
92.4640 93.0400 62
93.0720 93.3280 59
93.5840 93.5840 57
93.6160 93.9040 59
93.9360 94.1600 62
94.1920 94.2240 65
94.2560 94.5120 66
94.5440 94.8320 67
94.8640 95.0880 69
95.5360 96.4640 69
96.4960 96.6560 68
96.6880 96.6880 65
96.8800 97.0400 64
97.0720 97.3280 63
97.3600 97.8720 64
98.0960 98.2240 62
98.2560 98.4480 64
98.5440 98.5760 64
98.6720 98.8320 65
98.8640 99.1200 64
99.1840 99.2160 64
99.4400 99.6320 64
99.7600 99.8560 62
99.8880 100.0800 64
100.1120 100.3040 65
100.4320 100.4960 64
100.7200 100.8160 62
100.8480 101.2320 64
101.2640 101.5200 65
102.0000 102.0960 63
102.1280 102.3520 64
102.5440 102.8960 64
103.2160 103.4080 62
103.4400 103.6320 64
103.8240 103.8240 63
103.8880 104.3040 64
104.6240 104.7840 62
104.8160 104.9440 64
104.9760 106.7040 66
106.9280 107.0880 59
107.2480 108.1440 66
108.1760 108.2400 64
108.2720 108.3680 62
108.4000 110.6080 64
110.8320 110.8960 64
112.4960 112.5600 66
112.5920 113.2320 67
113.2640 113.2960 66
113.5200 114.7680 62
115.0880 115.2480 57
115.2800 115.4400 59
115.4720 116.3360 57
117.3920 117.6480 59
117.6800 117.7120 62
117.7440 117.8080 65
117.8400 118.0320 67
118.0640 118.3520 66
118.3840 118.6080 64
118.6400 118.7360 62
118.7680 118.8000 63
118.8320 119.9520 64
119.9840 120.0160 63
120.0480 120.2080 62
120.4320 120.7200 64
122.5760 122.7040 67
122.9280 123.0240 65
123.0560 123.2160 67
123.2480 123.6320 66
123.6640 125.4560 62
125.6800 125.8080 59
125.8400 127.3760 57
127.4080 127.5360 56
127.7920 128.1760 55
128.3360 128.4640 56
128.6560 128.8800 56
129.1360 129.2000 58
129.2320 129.7120 59
129.7440 129.8400 58
129.8720 130.0320 57
130.0640 130.1920 59
130.2240 130.3840 58
130.5440 130.6400 59
130.6720 130.8640 57
130.8960 131.2480 56
131.2800 131.3440 57
131.3760 132.2080 60
132.2720 132.2720 60
132.3680 132.6560 60
133.3600 133.4560 58
133.4880 133.6800 60
133.8400 133.9680 60
134.0000 134.1280 59
134.3200 134.4160 58
134.4480 135.1200 59
135.1520 135.2160 58
135.9840 136.1120 58
136.1440 136.3360 59
136.4640 136.9760 59
137.0080 138.1920 57
138.2240 138.5440 56
138.5760 138.6720 57
138.7040 138.8000 59
138.8320 138.8640 57
138.8960 139.0240 56
139.4720 139.5040 56
139.5360 139.5680 57
139.6000 140.2720 59
140.3040 140.4000 57
140.4320 140.5920 59
140.6240 141.5200 57
141.7120 142.7360 60
143.4720 143.5360 62
143.8240 144.1760 63
144.3040 144.6880 62
144.7200 145.6160 59
146.4160 146.4800 62
146.5120 146.6400 64
146.6720 146.7680 62
146.8960 147.2160 62
147.4080 147.5040 56
147.5360 148.5600 57
148.5920 148.7200 56
148.7520 149.0400 55
149.0720 149.2000 56
149.2640 149.3920 57
150.3840 150.4160 58
150.4480 150.4800 59
150.5120 150.9920 60
151.1520 151.3760 62
151.4080 152.1440 60
152.1760 152.3680 61
152.9760 153.0080 58
153.0400 153.2000 59
153.2320 153.4560 60
153.7440 153.8080 60
154.0000 154.7040 59
154.7360 154.9920 60
155.6000 156.2080 57
156.3680 156.4320 59
156.4640 156.5280 58
156.6560 157.3920 57
158.1920 158.2560 52
158.2880 158.8960 55
158.9280 159.0560 56
159.0880 159.1840 60
159.4400 160.4960 59
160.7520 161.4240 59
161.6160 161.9040 62
161.9360 163.1200 64
163.1520 163.1520 62
163.4400 164.1440 59
164.1760 164.4320 62
164.4640 164.5280 63
164.5600 165.5840 64
166.0000 166.7360 60
166.7680 167.1200 63
167.1520 167.7280 64
167.7600 167.7920 63
167.8240 167.8880 62
168.2720 168.3040 62
168.3680 168.4000 62
168.4640 168.9120 63
169.0720 169.7120 63
169.8720 170.3840 63
170.5120 170.6080 64
170.6400 173.0720 66
173.4560 173.5520 71
173.7760 173.8400 65
173.8720 174.8960 67
174.9280 175.8880 64
175.9200 175.9520 62
175.9840 177.2640 60
177.7120 177.7760 62
177.8080 178.0000 64
178.0320 178.1280 66
178.2240 178.4480 67
178.4800 178.5760 62
178.7040 179.0560 62
179.0880 179.4080 59
179.5680 179.6960 57
179.7280 179.9200 59
180.0480 180.0480 62
180.1440 180.1440 62
180.2720 180.2720 64
180.3040 181.1040 66
181.4560 181.5520 66
181.7440 183.2800 66
183.6960 183.7920 62
183.8240 183.9840 58
184.2400 184.2720 64
184.3040 185.3280 67
185.3600 185.7440 64
185.7760 185.9040 62
186.0640 186.1920 62
186.2240 186.4480 64
186.4800 186.6080 66
186.6400 187.4400 60
187.6320 187.7600 60
187.8880 188.1440 60
188.1760 188.1760 62
188.2080 188.4000 64
188.4320 188.5600 67
188.6880 188.9440 67
188.9760 189.5840 62
190.0000 190.0960 57
190.1280 190.3200 59
190.5440 190.7360 63
190.7680 191.3760 67
191.4080 193.1360 69
193.1680 193.2640 68
193.4560 193.4880 64
193.5200 193.7120 66
193.8400 194.1280 64
194.2240 195.2480 64
195.3120 195.4400 65
195.4720 195.9200 67
196.2080 196.6240 64
196.9120 197.3600 62
197.4560 197.7120 62
197.7440 198.2240 64
198.2560 198.3520 69
198.3840 198.4800 68
198.5120 198.5120 64
198.6080 198.6080 63
198.8000 198.9280 67
199.0880 200.3360 64
200.4000 200.7520 64
201.0400 201.1040 68
201.1360 201.3920 64
201.4240 202.8320 66
203.5040 203.6640 59
203.8240 204.7840 66
204.8160 205.0080 63
205.0400 207.2480 64
209.0080 209.1040 65
209.1360 209.5520 67
209.5840 209.7120 66
209.7440 209.7440 63
210.0000 211.5040 62
211.6320 213.0720 57
213.9040 214.0320 66
214.1920 214.2880 65
214.3200 214.6720 67
214.7040 214.8000 65
214.8320 215.2800 66
215.3120 217.1360 64
217.1680 217.4240 63
219.4400 220.1760 67
220.2080 220.2720 65
220.4960 221.9040 62
222.0640 222.2240 57
222.2560 222.3840 59
222.4160 224.3680 57
224.4000 224.4320 55
