21.2000 21.2640 57
21.3920 21.4560 57
21.6480 21.7440 56
21.7760 22.0320 57
22.0640 22.2240 56
22.2560 22.4160 55
23.3440 23.4400 57
23.5680 23.6640 55
23.6960 23.7280 54
23.7600 23.8560 53
24.1760 24.4320 53
25.4560 25.5840 56
25.6160 25.6480 55
27.6000 27.6960 52
27.7920 27.8240 54
27.9840 28.2720 57
28.4000 28.4640 56
28.4960 28.5920 57
28.8160 29.2640 55
30.0960 30.1920 56
30.3200 30.4800 55
30.5120 30.6720 53
31.1520 31.2800 53
31.5360 31.5680 53
31.7280 31.7920 57
31.9200 31.9520 56
31.9840 32.2080 57
32.2400 32.3360 56
32.3680 32.6240 55
34.4800 34.4800 54
34.5120 35.0240 57
35.1840 35.4400 57
35.5680 35.6960 57
35.7280 36.0480 58
36.2400 36.3680 55
36.4000 36.5920 57
36.8480 37.1680 53
37.9040 37.9360 56
37.9680 38.1600 57
38.3200 38.4800 57
38.5120 38.6400 58
38.6720 38.8320 60
38.9600 39.3760 58
39.5040 39.6960 56
39.7280 39.9200 57
39.9520 40.1120 55
40.3040 40.3680 54
41.2640 41.2960 54
41.3280 42.2560 55
42.3840 42.4800 57
42.5120 42.7040 58
42.9600 43.2480 57
43.2800 43.3120 56
43.3440 43.4720 55
43.6320 43.6960 53
43.7280 43.7600 54
43.7920 43.9840 55
44.0160 44.4320 53
51.3440 51.4080 51
51.4400 51.5040 55
51.5360 51.9520 57
51.9840 52.0480 55
52.0800 52.1440 56
52.1760 52.3040 57
52.4960 52.6240 55
52.6560 52.8160 56
53.7440 53.8400 56
53.9680 54.0320 56
54.0640 54.1280 55
54.1600 54.2560 54
54.5760 54.8960 53
55.4080 55.5040 57
55.6640 55.8240 57
55.8560 55.9520 56
55.9840 56.1760 55
58.1600 58.2240 54
58.5760 58.6400 57
58.8000 58.8960 56
58.9280 59.0240 57
59.2480 59.7280 55
60.4960 60.5280 56
60.5600 60.6240 57
60.7520 60.8160 54
61.5520 61.6160 53
61.9680 62.0320 56
62.0640 62.2880 57
62.3200 62.4800 56
62.6720 62.9920 55
64.9440 65.0080 56
65.0400 65.1680 57
65.3280 65.7440 57
65.9680 66.0960 57
66.1280 66.4160 58
66.6080 66.7360 55
66.7680 66.9280 57
67.0560 67.1520 55
67.3120 67.4400 54
67.5040 67.6320 54
68.2080 68.2400 55
68.2720 68.3680 56
68.4960 68.8800 57
68.9120 68.9760 59
69.0080 69.2320 60
69.3600 69.7120 58
69.9040 70.0320 55
70.0640 70.0960 56
70.1280 70.2880 57
70.4480 70.5120 55
70.7360 70.7680 54
71.5360 71.7600 54
71.7920 71.9840 55
72.1120 72.2080 55
72.3360 72.5920 55
72.7840 72.9120 57
72.9440 73.2000 58
73.2320 73.2640 57
73.2960 73.3280 55
73.3920 73.4560 55
73.4880 73.6480 57
74.0320 74.1280 54
74.1600 74.5120 55
74.5440 75.1200 53
77.4880 77.6160 54
77.6480 77.6800 55
77.9040 78.1600 53
80.8480 81.1040 60
81.1360 81.1360 58
81.1680 81.1680 56
81.2000 81.2000 54
81.2320 81.3920 52
81.4240 82.0960 53
82.4800 82.5760 61
82.6080 82.9280 62
82.9600 83.5040 60
83.9520 83.9840 56
84.0160 84.2080 57
84.3680 84.5600 60
84.5920 84.7520 64
84.7840 85.6160 65
85.8720 85.9680 61
86.0000 86.3200 62
86.3520 86.8640 60
87.3760 87.4400 55
87.4720 87.5040 56
87.5360 87.7600 57
87.8240 87.8560 55
87.8880 88.0160 54
88.0800 88.1440 53
88.4000 88.5600 53
89.0400 89.0720 63
89.1040 89.1360 64
89.1680 89.3280 65
89.4560 89.7120 65
89.7440 89.8080 63
89.8400 90.0960 64
90.1280 90.2240 62
90.2560 90.6400 60
90.6720 90.7040 57
90.9920 91.4080 60
91.4400 91.5360 61
91.5680 91.8880 62
92.0160 92.2400 65
92.6560 92.6880 55
92.7200 92.7840 56
92.8160 93.0400 57
93.0720 93.1040 56
93.1360 93.6480 55
94.3520 94.3840 59
94.4160 94.5440 60
94.5760 94.7040 59
94.7360 94.7360 61
94.7680 94.8640 64
94.8960 95.6640 65
95.6960 95.6960 63
95.7280 95.7280 61
95.7600 95.7920 59
96.0480 96.1760 60
96.2080 96.4960 62
96.5280 96.8160 60
96.8480 96.9760 59
97.0080 97.0720 60
97.5200 97.5520 56
97.5840 97.7440 57
97.9680 98.0320 59
98.0640 98.0960 60
98.1280 98.2560 64
98.2880 99.0240 65
99.0560 99.0560 62
99.1840 99.2800 58
99.4400 99.5360 61
99.5680 99.6960 62
99.7280 99.8240 61
99.8560 100.4320 60
100.8800 100.9760 57
101.0080 101.0720 59
101.1040 101.4240 57
102.5440 102.6400 64
102.6720 103.1840 65
103.2160 103.3440 63
103.3760 103.6320 64
103.6640 103.7600 62
103.7920 103.8240 61
103.8560 103.9840 60
104.0160 104.0480 59
104.0800 104.4320 57
104.4640 104.7520 60
104.7840 104.7840 58
104.9120 105.0080 61
105.0400 105.2640 62
105.7440 105.9360 53
106.1600 106.2880 55
106.6400 106.9280 55
106.9600 107.0240 54
107.0560 107.2160 58
107.2480 107.4080 55
107.9200 108.0480 53
108.1120 108.2720 53
108.4960 109.2000 57
109.7440 109.8400 58
109.8720 110.0320 55
110.0640 110.5120 57
110.6400 110.7040 56
111.3120 111.4080 54
111.4400 111.5360 57
111.5680 111.7280 58
111.7600 111.9520 56
111.9840 112.0480 57
112.2720 112.3680 56
112.4000 112.5600 57
112.6880 112.7840 55
112.8160 112.9760 57
113.0080 113.0720 55
113.2960 114.2880 53
114.4160 114.5440 53
116.4640 116.7520 53
117.0080 117.0400 55
117.0720 117.1680 57
117.3280 117.5840 57
117.7440 118.1280 56
118.1600 118.6720 53
131.9200 131.9840 55
132.3040 132.4960 55
132.5920 132.5920 54
132.6240 133.0400 57
133.2320 133.4240 57
134.8640 134.9600 56
135.1200 135.3440 55
135.6320 135.9840 53
136.5600 136.6240 57
136.7840 136.9440 57
137.1680 137.1680 55
139.7280 139.7920 57
139.9200 140.2080 60
140.4000 140.6560 56
140.8480 140.8800 55
141.6480 141.7120 56
142.4480 142.5120 53
143.0880 143.6960 56
143.7920 143.9520 55
146.0320 146.0320 53
146.0640 146.2880 57
146.4480 146.5440 57
146.6720 146.8640 57
147.0880 147.2160 57
147.2480 147.5360 58
147.7600 147.8560 55
147.8880 148.0160 57
148.1760 148.2720 55
149.3280 149.3600 55
149.3920 149.4880 56
149.6160 150.0000 57
150.0320 150.1600 58
150.1920 150.3520 60
150.5120 150.8320 58
151.1200 151.2160 55
151.2480 151.3760 57
152.8160 152.8800 54
152.9120 153.1040 55
153.2640 153.3280 55
153.4560 153.6480 55
154.0640 154.4160 58
154.4480 154.5440 56
154.5760 154.7360 57
155.1200 155.2800 53
155.3120 155.6000 55
155.6320 156.2400 53
158.6080 158.6720 54
159.0240 159.2480 53
161.7120 161.7760 57
161.9360 162.1920 60
162.3200 162.3200 62
162.3520 162.4480 64
162.4800 163.1520 65
163.5680 163.6960 61
163.7280 164.0160 62
164.0480 164.4960 60
164.7200 164.8160 60
165.0080 165.0400 55
165.0720 165.1360 56
165.1680 165.3600 57
165.3920 165.4560 58
165.4880 165.6800 60
165.7120 165.7440 64
165.7760 166.6400 65
166.9920 167.0880 61
167.1200 167.4080 62
167.4400 167.9200 60
167.9520 167.9840 59
168.4640 168.5920 56
168.6240 168.8160 57
168.9760 169.0720 55
169.1040 169.2320 52
169.3280 169.4240 53
170.0320 170.4160 65
170.5440 170.8000 65
170.8320 170.8960 63
170.9280 171.1840 64
171.2160 171.3440 62
171.3760 171.6640 60
172.0160 172.5600 60
172.5920 172.9760 62
173.1040 173.3920 53
173.5840 173.6480 55
173.8080 173.9040 56
173.9360 174.0640 57
174.0960 174.7040 55
175.1200 175.1840 58
175.4720 175.7920 60
175.8240 175.8240 62
175.8560 175.9520 64
175.9840 176.7840 65
176.8160 176.8160 63
176.8480 176.8480 61
176.8800 176.9120 58
177.1680 177.5840 62
177.6160 178.0320 60
178.0640 178.0960 59
178.6080 178.6400 56
178.6720 178.8320 57
179.0560 179.1840 61
179.2160 179.3440 64
179.3760 180.1440 65
180.1760 180.1760 63
180.3360 180.4000 57
180.5600 180.5920 61
180.6240 180.8480 62
180.8800 181.4560 60
181.5520 181.6480 59
181.7760 181.8400 57
182.0320 182.5120 57
183.6320 183.7280 64
183.7600 184.2720 65
184.3040 184.4320 62
184.4640 184.7200 64
184.7520 184.8480 62
184.8800 185.0720 60
185.1040 185.5200 57
185.5520 186.1280 60
186.1600 186.3840 62
186.7680 186.9600 53
187.1520 187.2800 53
187.3120 187.4720 57
187.7280 188.1440 55
188.3040 188.4320 55
189.6160 190.1280 57
190.6080 191.6320 57
191.6640 191.6640 64
191.6960 191.7600 68
192.2080 192.2400 63
192.3040 192.7840 57
192.9120 193.2000 57
193.3920 193.6480 57
193.7760 194.0960 57
194.1280 194.2240 55
194.3200 194.4160 54
194.4480 194.6400 55
194.6720 195.1520 53
195.1840 195.2160 52
195.5680 195.6320 53
195.6640 195.7600 54
196.1760 196.3040 53
197.5840 197.6480 53
197.8080 197.8720 53
198.1600 198.2560 57
198.8960 198.9600 55
198.9920 199.1200 57
199.1520 199.2800 55
199.3120 199.3440 54
199.3760 199.9520 53
202.1920 202.2240 55
202.2560 202.6720 56
202.8000 202.9280 60
202.9600 203.0880 64
205.6160 205.7760 56
205.8080 205.9360 57
205.9680 206.1280 56
206.3840 206.3840 53
208.3040 208.3040 57
209.0720 209.0720 58
209.2640 209.3920 56
211.2800 211.5680 59
212.4640 212.5280 56
212.5920 212.6240 56
212.6560 212.8800 60
212.9120 213.0080 61
213.0400 213.2000 64
213.2320 213.8720 65
214.3200 214.7040 62
214.7360 215.5360 60
215.7920 215.9520 56
216.0480 216.0800 57
216.1440 216.2080 58
216.2400 216.4000 60
216.4320 216.5600 64
216.5920 217.3920 65
217.4240 217.5520 58
217.7120 217.8080 61
217.8400 218.1600 62
218.1920 218.5760 60
218.6080 218.7040 65
218.8640 218.9280 60
219.2160 219.3120 56
219.3440 219.5360 57
219.9200 219.9200 60
220.1760 220.3680 65
220.8160 220.9440 64
220.9760 221.1680 65
221.2960 221.5520 65
221.5840 221.6480 63
221.6800 221.9360 64
221.9680 222.0640 62
222.0960 222.2560 60
222.2880 222.3840 59
222.7680 223.3120 60
223.3440 223.7920 62
223.8240 223.9200 64
223.9520 224.1440 65
224.2720 224.3680 65
224.4000 224.4000 63
224.5280 224.5280 64
224.5600 224.6240 66
224.6560 224.8800 67
224.9120 224.9440 62
224.9760 225.1040 61
225.1360 225.2640 62
225.2960 225.3280 61
225.3600 225.5200 60
225.8400 225.9040 58
226.1600 226.5120 60
226.5440 226.6720 64
226.7040 227.5040 65
227.5360 227.5360 61
227.5680 227.6000 59
227.8240 228.2720 62
228.3040 228.8160 60
228.9760 229.0080 59
229.0720 229.2320 60
229.2640 229.5840 57
229.7440 229.9680 60
230.0000 231.1200 65
231.3120 231.5680 67
231.6960 231.9840 62
232.0160 232.2720 60
232.3360 232.3360 58
232.6560 232.7840 55
232.8160 233.2320 57
234.3520 234.9920 65
235.0240 235.1520 63
235.1840 235.4400 64
235.4720 235.5360 62
235.5680 235.6000 61
235.6320 235.7920 60
235.8240 236.1760 57
236.2080 236.4320 60
236.6240 236.8160 60
236.8480 237.0080 62
237.0400 237.0720 61
237.6480 237.6480 57
237.9680 238.0640 55
238.0960 238.2240 57
238.4480 238.6400 55
238.6720 238.8320 54
238.8640 238.9920 56
239.1200 239.3120 55
239.7920 239.9200 53
240.2720 240.3680 56
240.4000 240.7520 57
241.0400 241.1040 63
241.3280 241.4560 57
241.5840 241.7440 58
241.7760 242.4160 57
242.6400 242.7360 63
242.7680 242.9600 65
242.9920 243.0880 62
243.1200 243.1520 61
243.1840 243.2160 59
243.3760 243.5360 58
243.6320 243.6640 64
243.6960 243.8560 69
243.8880 243.8880 65
244.1120 244.2400 56
244.2720 244.4320 59
244.4640 244.7200 58
244.7520 245.1680 62
245.2000 249.9680 65
250.0000 250.2560 62
250.2880 256.5600 65
256.6560 257.1360 65
