24.0480 24.1760 66
24.2080 24.2720 67
24.3040 24.4000 69
24.4320 24.4960 68
24.5280 24.6240 67
24.8480 24.8800 66
24.9120 25.4240 67
25.4560 25.4880 70
25.5200 25.5840 71
25.6160 26.1920 69
26.2240 26.8640 67
26.8960 26.9280 69
26.9600 27.0560 70
27.0880 27.4720 71
27.6320 28.3040 69
28.3360 28.4000 70
28.4320 28.7840 71
28.8160 28.9440 72
28.9760 29.0400 71
29.0720 29.6800 69
29.7120 29.8720 65
29.9040 30.0640 67
30.1920 30.4160 67
30.4480 30.5120 69
30.6720 31.2800 67
31.3120 31.8560 69
31.8880 32.5280 67
32.5600 32.7200 69
32.7520 33.2960 71
33.3280 34.1280 69
34.1600 34.2240 70
34.2560 34.7040 71
34.7360 35.2480 69
35.3760 35.4400 68
35.4720 35.5360 69
35.5680 35.6000 70
35.6320 36.1120 71
36.1440 36.2080 69
36.2400 36.8160 71
36.8480 36.9120 69
36.9440 37.0080 70
37.0400 37.1680 67
37.2000 37.2640 69
37.2960 37.3920 66
37.4240 37.4880 69
37.5200 37.7760 66
37.8080 37.9040 69
37.9360 37.9680 70
38.0000 38.2240 71
38.2560 38.5440 69
38.6720 38.8000 69
38.8320 40.3040 67
40.7840 41.1680 67
41.2000 41.3280 69
41.4880 41.6800 68
41.7120 41.9040 67
41.9360 43.1200 69
43.1520 43.2800 68
43.3120 43.4080 69
43.5680 43.6640 67
43.6960 43.7280 68
43.8880 43.9520 68
43.9840 44.2080 67
44.2400 44.4640 66
44.4960 46.1280 67
46.1600 46.2240 70
46.2560 46.6720 67
46.7040 46.8000 68
46.8320 47.1840 67
47.2160 47.5680 69
47.6000 47.8560 70
47.8880 48.0160 71
48.0480 48.2080 70
48.2400 48.3360 69
48.4960 48.8800 69
49.5520 49.6800 66
49.7120 49.8080 67
50.0320 50.1600 67
50.1920 50.2560 65
50.2880 50.3840 66
50.4160 50.5440 67
50.7040 51.3440 67
51.6320 51.8240 59
51.8560 51.9840 62
52.1120 52.2080 67
52.3680 52.4320 64
52.4640 52.4960 65
52.5280 52.5920 66
52.7840 53.2640 66
53.2960 53.3920 65
53.4880 54.6080 66
54.9600 55.0560 62
55.2480 55.3440 62
55.3760 56.0480 63
56.0800 56.1760 64
56.3680 56.4640 62
56.6240 56.7840 58
56.8160 57.3280 59
57.8080 57.9680 59
58.0960 58.2240 57
58.2560 58.4160 56
58.4480 58.5760 57
58.8320 58.8960 62
58.9280 59.0880 63
59.2480 60.0160 62
60.0480 60.3360 61
60.9120 60.9440 65
60.9760 61.0080 66
61.0400 61.5520 67
61.5840 61.7120 66
61.7440 62.1600 67
62.3520 62.4480 65
62.4800 62.7360 67
63.0240 63.2160 59
63.2480 63.4400 61
63.4720 63.6320 66
63.6640 63.9840 65
64.1440 64.3040 65
64.3360 64.5280 66
64.6560 64.7200 64
64.7520 64.9120 65
64.9440 65.1360 66
65.1680 65.4560 65
65.4880 65.9040 66
66.2560 66.6400 62
66.6720 66.7040 63
66.7360 66.8960 64
66.9280 67.2480 63
67.6960 67.9200 63
67.9520 68.0160 64
68.0480 68.3040 65
68.3360 68.4320 66
68.4640 68.7200 65
68.7520 68.8480 63
68.8800 69.0400 64
69.0720 69.2000 62
69.3920 69.4240 65
69.4560 69.4880 66
69.5200 71.0560 67
71.5040 71.5680 65
71.6000 71.8560 67
71.8880 72.0800 66
72.1120 72.1760 65
72.2080 72.2400 64
72.2720 72.5920 63
72.6240 72.6880 64
72.9760 72.9760 60
73.0080 73.1680 63
73.2000 73.3280 67
73.3600 73.3600 65
73.3920 73.5200 63
73.7120 73.8720 65
73.9040 74.3200 66
74.3520 74.3840 65
75.0240 75.0880 60
75.1200 75.1840 62
75.2160 75.6320 63
76.1760 76.2080 58
76.2400 76.2400 60
76.2720 77.1040 62
77.4240 77.5200 57
77.5520 77.8080 58
77.8400 79.9200 57
80.2080 80.3360 57
80.3680 80.4000 56
80.4320 80.5600 55
80.7200 81.1040 58
81.1360 81.2640 60
81.2960 82.9920 62
83.4400 83.4720 59
83.5040 83.5680 60
83.6000 84.0160 63
84.2720 84.4640 63
84.6240 84.7520 63
84.9760 85.0080 62
85.0400 85.1680 63
85.3600 85.7120 65
85.7440 85.8400 66
85.8720 85.9040 63
86.0640 86.1280 63
86.1600 86.2880 64
86.3200 86.4160 67
86.4480 87.4400 68
87.4720 87.6000 69
87.7280 87.7280 68
87.7600 87.8240 70
87.8560 88.0160 71
88.0480 88.1440 70
88.1760 88.4320 71
88.4640 88.5920 69
88.6240 88.6560 71
88.6880 88.7200 70
88.9120 89.1360 69
89.1680 89.2320 65
89.2640 89.4560 67
89.5840 89.7120 67
89.9040 89.9680 65
90.0000 90.6720 67
90.7040 90.7360 69
90.7680 90.8640 68
90.8960 91.3120 69
91.3440 92.0480 67
92.0800 92.1440 69
92.1760 92.5920 71
92.7520 93.5200 69
93.5520 94.1600 71
94.1920 94.7680 69
94.9280 94.9280 65
94.9600 95.5360 67
95.6960 95.8560 67
96.0160 96.4000 67
96.4320 96.4640 68
96.4960 97.0080 69
97.0400 97.6800 67
97.7120 97.8720 69
97.9040 98.4160 71
98.4480 99.2480 69
99.2800 99.3120 70
99.3440 99.8240 71
99.8560 100.6880 69
100.7200 101.2000 71
101.2320 101.3600 70
101.3920 101.8720 71
101.9040 102.0320 69
102.0640 102.1600 70
102.1920 102.8960 66
102.9280 103.0240 69
103.0560 103.3120 71
103.3440 103.6320 69
103.7920 103.9200 69
103.9520 105.4880 67
105.9360 106.2880 67
106.3200 106.4800 68
106.6400 106.8320 69
106.8640 107.0560 67
107.0880 107.1520 68
107.1840 108.2720 69
108.3040 108.4320 68
108.4640 108.5920 69
108.7200 108.9120 67
109.0400 109.1680 66
109.2000 109.3280 69
109.3600 109.5200 67
109.5520 109.6160 66
109.7760 109.8720 67
109.9680 111.0880 67
111.2800 111.4080 67
120.3360 120.5920 74
120.6240 120.7520 72
120.7840 120.9120 73
120.9440 121.4240 71
121.4560 121.5840 72
121.7760 121.8400 74
134.9600 135.0560 59
135.0880 138.4800 60
138.5120 138.6720 59
138.7040 140.1440 60
140.1760 140.2400 66
140.2720 140.4320 67
140.6240 140.7200 67
140.7520 141.0400 66
141.0720 141.1680 67
141.3280 142.0000 67
142.2560 142.3840 58
142.4160 142.4800 59
142.5120 142.5760 61
142.7040 142.8000 66
142.9920 143.0880 64
143.1200 143.2160 66
143.4080 143.4400 65
143.4720 143.8240 66
143.8560 144.1440 65
144.1760 145.2000 66
145.5840 145.6480 62
145.8400 145.9680 62
146.0000 146.4480 63
146.4800 146.8000 64
146.9600 147.0880 62
147.2160 147.3760 58
147.4080 147.7920 59
147.8240 147.9200 60
148.3680 148.5600 59
148.5920 149.2000 57
149.4240 149.4880 62
149.5200 149.6800 63
149.8080 150.7360 62
151.4720 151.5360 65
151.5680 152.1440 67
152.1760 152.2720 66
152.3040 152.7520 67
152.9120 153.0080 65
153.0400 153.2960 67
153.6800 153.8080 59
153.8400 154.0320 62
154.0640 154.2880 66
154.3200 154.3840 64
154.4160 154.4480 65
154.4800 154.5760 66
154.7360 155.0880 66
155.1200 155.1840 65
155.2160 155.3120 64
155.3440 155.3760 65
155.4080 156.5280 66
156.8800 156.9440 61
156.9760 157.2640 62
157.2960 157.6800 63
157.7120 158.0640 64
158.2880 158.6080 64
158.6400 158.6720 65
158.7040 159.2480 66
159.2800 159.6000 64
159.6320 159.7600 62
159.9520 160.0480 65
160.0800 161.6480 67
162.0960 162.1600 65
162.1920 162.2880 66
162.3200 162.4160 67
162.4480 162.6080 66
162.6400 162.7360 65
162.7680 162.8640 64
162.8960 163.2480 63
163.5360 163.5360 58
163.5680 163.7600 63
163.7920 163.8880 67
163.9200 163.9520 65
163.9840 164.0800 63
164.2720 164.6880 65
164.7200 165.1360 66
165.6800 165.7760 62
165.8080 166.2560 63
166.4160 166.6080 67
166.7360 166.7680 59
166.8000 167.7280 62
168.0160 168.1440 57
168.1760 168.3680 59
168.4000 170.5440 57
170.7680 170.9280 57
170.9600 171.1520 55
171.3120 171.6640 58
171.6960 171.8560 60
171.8880 173.5200 62
174.0320 174.0960 59
174.1280 174.1600 61
174.1920 174.4160 64
174.4480 174.6080 63
174.8320 174.8320 62
174.8640 175.0880 64
175.2480 175.3440 63
175.5680 175.6000 63
175.6320 175.7600 64
175.9520 176.0800 66
176.1120 176.5920 65
176.6240 176.9120 64
176.9440 177.0720 67
177.1040 177.3600 69
177.3920 177.5840 68
177.6160 178.2560 69
178.2880 178.3520 68
178.3840 178.4480 70
178.4800 178.9920 71
179.0240 179.1840 69
179.2160 179.3120 71
179.5040 179.7600 69
179.7920 180.0160 67
180.0480 180.1440 70
180.1760 180.3040 67
180.4960 180.5600 66
180.5920 181.1680 67
181.2000 181.9040 69
181.9360 182.6400 67
182.6720 182.7680 69
182.8000 183.1520 71
183.3440 183.4080 70
183.4400 184.1760 69
184.2080 184.7840 71
184.8160 185.3920 69
185.6800 186.0640 67
186.0960 186.1600 66
186.2880 186.9920 67
187.0240 187.0880 68
187.1200 187.5680 69
187.6000 188.2400 67
188.2720 188.3680 68
188.4000 189.0080 71
189.0400 189.8400 69
189.8720 190.4160 71
190.4480 190.9600 69
191.0560 191.2800 69
191.3120 192.4640 71
192.4960 192.7200 69
192.7520 193.5200 66
193.5520 193.6480 69
193.6800 193.9360 71
193.9680 194.5120 69
194.5440 196.0800 67
196.4960 196.9120 67
196.9440 197.0720 69
197.2320 197.4240 69
197.4560 197.7120 67
197.7440 199.1520 69
199.3440 199.4720 67
199.6000 199.9840 69
200.0160 200.1120 71
200.1440 200.1440 68
200.2720 200.3680 55
200.4640 200.4960 55
200.5600 200.5920 55
200.6560 200.9440 55
201.0720 202.0640 55
202.4160 202.6080 66
202.6400 202.7680 69
202.8000 202.9920 67
203.2480 203.5040 67
203.6320 203.8880 67
203.9200 203.9840 68
204.0160 204.5920 69
204.6240 205.2640 67
205.2960 205.3600 69
205.3920 205.8400 71
206.0000 206.0640 70
206.0960 206.7680 69
206.8000 207.4080 71
207.4400 208.1120 69
208.1440 208.2080 65
208.2400 208.4000 67
208.5280 208.7200 67
209.0080 209.6160 67
209.6480 210.1920 69
210.2240 210.8000 67
210.8960 211.0880 69
211.1200 211.6640 71
211.6960 212.5600 69
212.5920 213.0720 71
213.1040 213.9040 69
213.9360 215.1520 71
215.1840 215.4080 69
215.4400 216.1760 66
216.2080 216.3040 69
216.3360 216.5920 71
216.6240 216.9440 69
217.0720 217.1680 69
217.2000 218.7680 67
219.1520 219.5360 67
219.5680 219.7280 69
219.8560 220.0160 69
220.0480 220.2720 67
220.3040 221.2320 69
221.2640 221.5200 70
221.5520 221.6160 67
221.6480 221.8080 69
221.9680 222.1280 67
222.2880 222.5440 66
222.5760 222.6720 69
222.7040 224.6880 67
225.2640 225.5200 71
225.5520 227.2800 72
227.5040 227.6960 73
229.7440 230.1280 72
231.0240 231.2480 71
