16.5280 16.8800 67
16.9120 17.0400 69
17.0720 17.7760 68
17.8080 18.1920 70
18.2240 18.2880 72
18.3200 18.4160 71
18.6080 18.7360 69
18.7680 18.9280 70
20.4000 20.4640 68
20.4960 20.5920 67
23.3440 23.5680 56
23.6000 23.6640 57
23.6960 23.7920 58
23.9200 24.3360 58
24.4640 24.5600 59
24.5920 24.9760 58
25.1040 25.6800 61
25.7120 25.7440 62
25.7760 26.6720 63
26.7040 26.8000 64
27.6320 27.9840 64
28.0160 28.3040 66
28.3360 28.5600 65
28.7520 28.8480 68
28.8800 28.9760 67
29.0080 29.1680 65
29.2000 29.3600 64
29.3920 29.5520 63
29.5840 29.6800 61
29.7120 30.9600 58
32.2400 32.4960 56
32.5280 32.5600 57
32.5920 32.9440 58
32.9760 33.1680 59
33.2000 33.8720 58
33.9040 33.9360 59
33.9680 34.2240 61
34.2560 34.2880 65
34.3200 34.4800 66
34.5120 35.9200 67
36.6560 36.8480 71
36.8800 37.5840 72
37.6160 37.8080 71
37.8400 38.1280 67
38.1600 38.1920 66
38.2240 38.4160 65
38.4480 38.8960 64
38.9280 39.1840 63
39.2160 40.4640 65
40.9760 41.3280 64
41.3600 41.5520 65
41.5840 41.7440 66
41.9680 42.0640 68
42.0960 42.1280 67
42.1600 42.3840 66
42.4160 42.5760 64
42.6080 42.6400 63
42.8000 42.9920 64
43.0240 43.2160 61
43.3760 44.2080 60
44.2400 44.3040 61
44.8480 45.1040 61
45.1360 45.2320 62
45.3600 45.4560 60
45.6800 45.7760 59
45.8080 46.0960 58
46.1280 46.2240 57
46.2560 46.5760 56
46.7040 46.8960 58
46.9280 46.9600 59
46.9920 47.2160 60
47.2480 47.2800 61
47.3120 47.3440 62
47.3760 47.6000 63
47.6320 47.7280 62
47.8560 48.2080 61
48.2400 48.8160 60
50.0320 50.0960 57
50.1280 50.2240 56
50.2560 50.2880 57
50.3200 50.7680 58
50.8000 50.8960 59
51.1200 51.1520 68
51.1840 51.4080 69
51.4400 51.6320 70
51.6640 51.7920 68
51.8240 51.9200 67
51.9520 52.2080 66
52.2400 52.5280 65
52.5600 52.5920 64
52.6240 52.6560 63
52.6880 52.7200 62
52.7520 52.9120 61
52.9440 53.2640 60
53.6800 54.0640 63
54.0960 54.4160 65
54.4480 54.5440 64
54.5760 54.7680 63
54.9600 57.1040 63
57.7120 58.3200 58
58.3520 58.7040 61
58.8640 58.9600 65
58.9920 59.0560 67
59.2480 59.6000 68
59.6320 60.2080 67
60.2400 60.9120 66
60.9440 61.0400 65
61.1680 61.3920 66
61.4240 62.7680 67
63.2480 63.3120 62
63.3440 63.4080 65
63.4400 63.5680 67
63.6000 63.7280 68
63.7600 64.3360 67
64.4640 64.5920 66
64.6240 64.8480 63
65.0400 65.6800 64
65.7120 66.1920 65
66.7040 67.1520 58
67.1840 67.2160 60
67.2480 67.5680 61
67.7280 67.9200 66
67.9520 68.3040 68
68.3360 68.8160 67
68.8480 69.0720 68
69.1040 69.2320 66
69.4240 69.5840 65
69.6160 70.1280 66
70.1600 70.2240 67
70.2560 70.3520 68
70.3840 71.4080 67
71.4400 71.5040 69
71.5360 71.6000 67
72.1120 72.1440 65
72.1760 72.2080 66
72.2400 72.4640 67
72.4960 72.5280 68
72.5600 72.6560 70
72.6880 72.7200 69
72.7520 73.2000 68
73.2320 73.3600 67
73.3920 73.4240 66
73.4560 73.4880 65
73.5200 73.6480 64
73.8400 74.5440 64
74.5760 76.0800 66
76.5280 76.6880 68
76.7200 76.8480 69
76.8800 78.0000 70
78.0320 78.5120 68
78.5440 78.8960 71
78.9280 80.0480 72
80.3360 80.5600 70
80.5920 80.6560 69
80.6880 80.8480 68
80.8800 80.9440 67
80.9760 81.2320 66
81.2640 81.6800 65
81.7120 81.7760 66
81.8080 82.0640 67
82.0960 82.5120 66
82.5440 82.6080 65
82.7680 82.8320 64
82.8640 82.9920 63
83.0240 83.1200 62
83.1520 83.2160 61
83.2480 84.6560 60
85.3280 85.5200 57
85.6800 85.7120 57
85.7440 86.3200 58
86.3520 86.4160 59
86.4480 86.4480 62
86.4800 86.4800 64
86.5120 86.5120 67
86.5440 86.7680 69
86.8000 87.0240 70
87.0560 87.0880 68
87.1840 87.3440 68
87.3760 87.4400 67
87.4720 87.8560 66
87.8880 88.0160 65
88.0480 88.0800 64
88.1120 88.1440 63
88.1760 88.2400 62
88.2720 88.6880 61
88.8800 89.0400 64
89.2320 89.4560 64
89.4880 89.8720 65
89.9040 90.3520 63
90.3840 90.7040 64
90.7360 92.9760 63
94.2560 94.5120 56
94.5440 94.6080 57
94.6400 95.3120 58
95.4400 95.9520 58
96.0800 96.2080 60
96.2400 96.4640 61
96.4960 96.6560 62
96.6880 97.6160 63
98.5440 98.7040 63
98.7360 98.8960 64
98.9280 99.0880 65
99.1840 99.5040 65
99.6640 99.9520 67
99.9840 100.0160 66
100.0480 100.1440 65
100.1760 100.5280 63
100.5600 100.6560 61
100.6880 102.0320 58
103.1520 103.2160 56
103.2480 103.4400 57
103.4720 104.7520 58
104.7840 104.8800 59
104.9120 104.9440 60
104.9760 105.1680 61
105.2000 105.2320 64
105.2640 105.3600 65
105.3920 105.5520 66
105.5840 107.0560 67
107.6320 107.8240 71
107.8560 108.4960 72
108.5920 108.7840 70
108.8160 109.0720 67
109.1040 109.3600 66
109.3920 109.8720 64
109.9040 110.1280 63
110.1600 111.4400 65
111.9840 112.1440 63
112.1760 112.3040 64
112.3360 112.7520 65
112.9760 113.1360 67
113.1680 113.2320 66
113.2640 113.4240 65
113.4560 113.6160 63
113.7760 113.9360 63
113.9680 114.0320 62
114.0640 114.1600 60
114.3200 114.5760 60
114.6080 114.6720 59
114.7040 115.1520 60
115.1840 115.2480 59
115.7920 116.0800 60
116.1120 116.1760 62
116.3360 116.4960 60
116.6240 116.7520 58
116.7840 116.9760 57
117.0080 117.5520 56
117.6800 117.9360 58
117.9680 118.1600 60
118.1920 118.3200 61
118.3520 118.3840 62
118.4160 118.5760 63
118.6080 118.8000 62
118.8320 118.9600 61
118.9920 119.2800 60
119.3120 119.3760 61
119.4080 119.4720 60
119.5040 119.5680 61
119.6000 119.6960 60
119.7280 119.7920 61
119.8240 119.8880 60
119.9200 119.9840 61
120.0160 120.2080 60
121.1360 121.2000 56
121.2320 121.3600 58
121.3920 121.5840 59
121.6160 121.6800 58
121.7120 121.7760 59
121.8080 121.9040 58
122.0960 122.3520 69
122.3840 122.5440 70
122.5760 122.6720 69
122.7040 122.8320 68
122.8640 122.8960 67
122.9280 123.0560 66
123.0880 123.2480 67
123.2800 123.6000 65
123.6320 123.6640 63
123.6960 123.7280 62
123.7600 124.2080 61
124.2400 124.2720 60
124.6880 124.9760 63
125.0080 125.0720 64
125.1040 125.2640 65
125.2960 125.4240 66
125.4560 125.4880 64
125.5200 125.8400 63
126.0320 128.8800 63
139.7920 139.8880 63
139.9200 140.0480 65
142.3200 142.3840 67
144.3360 144.4000 67
144.5600 144.6240 68
144.7840 144.8800 68
144.9120 144.9440 69
145.1680 145.2640 68
145.3920 145.9680 68
146.0000 146.1280 70
146.5120 146.6720 68
146.7040 146.9600 69
147.0240 147.1520 67
148.2080 148.3680 67
148.4000 148.4640 68
148.4960 148.7840 71
152.0800 152.2720 56
152.3040 152.3680 57
152.4000 153.6160 58
153.7440 153.8400 60
153.8720 153.9360 61
153.9680 154.0320 60
154.0640 154.2880 61
154.3200 154.3840 62
154.4160 155.2480 63
156.2400 156.4320 63
156.4640 156.5600 64
156.5920 156.6240 65
156.6560 157.0080 66
157.0400 157.1680 65
157.3600 157.4560 67
157.4880 157.5520 68
157.5840 157.6160 67
157.6480 157.7440 66
157.7760 157.8400 65
157.8720 158.0960 63
158.1280 158.1600 62
158.1920 158.2240 61
158.2560 158.3520 60
158.3840 159.8240 58
160.8480 161.1040 56
161.1360 161.1680 57
161.2000 162.4800 58
162.6080 162.8320 60
162.8640 162.8640 62
162.8960 162.9280 65
162.9600 163.1840 66
163.2160 164.6560 67
165.2960 165.4880 71
165.5200 166.1600 72
166.2560 166.4800 70
166.5120 166.7680 67
166.8000 166.8640 66
166.8960 167.0560 65
167.0880 167.1840 64
167.2160 167.7920 63
167.8240 167.8560 64
167.8880 169.0400 65
169.6480 169.8080 63
169.8400 169.9680 64
170.0000 170.3840 65
170.6400 170.8000 67
170.8320 170.9600 66
170.9920 171.0560 65
171.0880 171.6320 64
171.6640 171.8560 61
172.0160 172.0800 61
172.1120 172.8800 60
173.5200 173.7760 61
173.8080 173.8720 62
174.0320 174.0960 61
174.1280 174.1600 60
174.2880 174.4160 59
174.4480 174.6720 58
174.7040 174.8000 57
174.8320 175.2160 56
175.3440 175.6000 58
175.6320 175.8560 60
175.8880 175.9520 61
175.9840 176.0160 62
176.0480 176.2400 63
176.2720 176.3680 62
176.5280 176.9760 60
177.0080 177.2640 61
177.2960 177.7440 60
178.7360 178.8000 56
178.8320 178.8640 57
178.8960 179.0880 58
179.1200 179.2480 59
179.2800 179.4080 58
179.4400 179.5360 59
179.7600 179.9840 69
180.0160 180.2080 70
180.2400 180.3040 69
180.3360 180.4000 68
180.4320 180.5600 67
180.5920 180.7520 66
180.7840 181.2320 65
181.2640 181.2960 64
181.3280 181.3600 63
181.3920 181.4240 62
181.4560 181.5520 61
181.5840 181.9360 60
182.3840 182.5760 64
182.6080 182.7680 63
182.8000 183.1200 65
183.1520 183.1840 64
183.2160 183.4080 63
183.6320 185.8720 63
186.4480 187.0560 58
187.0880 187.4080 61
187.5680 187.6960 66
187.7280 187.7920 67
187.9520 188.2400 68
188.2720 188.8800 67
188.9120 189.5520 66
189.5840 189.6480 65
189.7440 190.0000 66
190.0320 191.4080 67
191.9200 191.9520 63
191.9840 192.0480 65
192.0800 192.2400 67
192.2720 192.4000 68
192.4320 192.9760 67
193.0080 193.2640 66
193.2960 193.5200 63
193.7120 193.7760 64
193.8080 194.1600 63
194.1920 194.3520 64
194.3840 194.9280 65
195.2800 195.7920 58
195.8240 196.1760 60
196.3680 196.5280 66
196.5600 196.5920 67
196.6240 197.0720 68
197.2320 197.3920 67
197.4240 197.6480 68
197.6800 197.7120 67
197.7440 197.9040 66
198.0960 198.1280 65
198.1600 198.3520 66
198.3840 198.4480 65
198.4800 198.8000 66
198.8320 200.2720 67
200.8160 200.9440 66
200.9760 201.0400 67
201.0720 201.1040 68
201.1360 201.2320 69
201.2640 201.9680 67
202.0000 202.1280 66
202.1600 202.3520 64
202.4800 202.7360 64
202.7680 202.8640 63
202.8960 203.2160 64
203.2480 203.3120 65
203.3440 203.4720 66
203.5040 203.5680 65
203.6000 203.6640 66
203.6960 203.7600 65
203.7920 203.8560 66
203.8880 203.9520 65
203.9840 204.0480 66
204.0800 204.1440 65
204.1760 204.2400 66
204.2720 204.3360 65
204.3680 204.4320 66
204.4640 204.7520 65
204.7840 205.1040 66
205.1360 205.1680 67
205.2000 205.4880 69
205.5200 206.6400 70
206.6720 207.1840 67
207.2160 207.2480 68
207.2800 207.6960 70
207.7280 208.7520 72
209.0400 209.2320 70
209.2640 209.3280 69
209.3600 209.4560 68
209.4880 209.6800 67
209.7120 209.8720 66
209.9040 210.4160 65
210.4480 210.4800 66
210.5120 210.7360 67
210.7680 210.8960 66
210.9280 211.3120 65
211.4400 211.6320 63
211.6640 211.7280 62
211.7600 211.7920 61
211.8240 213.1040 60
213.1360 213.2000 59
214.0000 214.3840 57
214.4160 214.8640 58
214.8960 215.0880 59
215.1200 215.1200 62
215.1520 215.4400 68
215.4720 215.6640 70
215.6960 215.8880 69
215.9200 216.1440 67
216.1760 216.3680 65
216.4000 216.4640 66
216.4960 216.6880 65
216.7200 216.7520 64
216.7840 216.8160 63
216.8480 216.9120 62
216.9440 217.3920 61
217.5200 217.7120 63
217.9040 218.0960 63
218.1280 218.4800 65
218.5120 218.5760 64
218.6080 221.1040 63
222.9920 223.2160 56
223.2480 223.2800 57
223.3120 224.5280 58
224.7200 225.1360 61
225.1680 225.3920 62
225.4240 225.7120 63
225.7440 225.8080 64
225.8400 225.9040 63
225.9360 226.0000 64
226.0320 226.0960 63
226.1280 226.1920 64
226.2240 226.6080 63
227.3120 227.4720 63
227.5040 227.6320 64
227.6640 228.2400 65
228.4000 228.6560 67
228.6880 228.7520 66
228.7840 228.8800 65
228.9120 229.1360 63
229.1680 229.2320 62
229.2640 229.3280 60
229.3600 229.3920 59
229.4240 230.4480 58
230.4800 230.6400 57
230.6720 230.9600 58
230.9920 231.0560 59
231.8240 232.0800 56
232.1120 232.1440 57
232.1760 233.4560 58
233.5840 233.7440 60
233.7760 233.8400 61
233.8720 233.9040 65
233.9360 234.1920 66
234.2240 235.5040 67
236.3040 236.4960 71
236.5280 237.2640 72
237.2960 237.4560 70
237.5840 237.7760 67
237.8080 237.8720 66
237.9040 238.0640 65
238.0960 238.4480 64
238.4800 238.4800 61
238.6080 238.8320 52
238.8640 239.1840 53
239.2160 239.3120 54
239.3440 239.5680 52
239.6000 239.8560 54
239.8880 240.1760 53
240.5280 240.5920 65
240.6240 240.7520 64
240.7840 240.9440 63
240.9760 241.3600 65
241.5840 241.7760 67
241.8080 241.9360 66
241.9680 242.0640 65
242.0960 242.1920 64
242.2240 242.3520 63
242.3840 242.4800 64
242.5120 242.6720 63
242.7040 242.8320 61
242.9600 244.0480 60
244.4960 244.7200 61
244.7520 244.8160 62
244.9760 245.1040 60
245.2640 245.6800 58
245.7120 245.8400 57
245.8720 246.2880 56
246.3200 246.5440 58
246.5760 246.6080 59
246.6400 246.9920 60
247.0240 247.2480 63
247.2800 247.3760 62
247.4080 247.6320 61
247.6640 248.6240 60
248.9120 248.9120 62
248.9440 249.0080 67
249.0400 249.1040 68
249.1360 249.2640 71
249.2960 249.3920 72
249.4240 249.4240 70
249.6800 249.7440 57
249.7760 249.8720 56
249.9040 250.2560 58
250.2880 250.5760 59
250.7680 250.8000 68
250.8320 250.9920 69
251.0240 251.2480 70
251.2800 251.3440 69
251.3760 251.5360 67
251.5680 251.7600 66
251.7920 251.8880 67
251.9200 252.2080 65
252.2400 252.2720 64
252.3040 252.3360 63
252.3680 252.4000 62
252.4320 252.8800 61
252.9120 252.9440 60
253.3920 253.7760 63
253.8080 254.0960 66
254.1280 254.1600 65
254.1920 254.2560 64
254.2880 254.4480 63
254.6400 257.2960 63
258.7040 258.7360 56
258.7680 258.8000 57
258.8320 260.1120 58
260.3040 260.5920 60
260.6240 260.8480 61
260.8800 260.9440 62
260.9760 261.2960 63
261.3280 261.3920 64
261.4240 261.4880 63
261.5200 262.1280 64
262.7680 262.9280 63
262.9600 263.0880 64
263.1200 263.7280 65
263.8560 264.1760 67
264.2080 264.3680 65
264.4000 264.5920 63
264.6240 264.6560 62
264.6880 264.7520 61
264.7840 264.8160 60
264.8480 264.8800 59
264.9120 265.8400 58
267.3440 267.6320 57
267.6640 268.3680 58
268.4960 268.8800 58
269.0720 269.2640 60
269.2960 269.3600 61
269.3920 269.4560 65
269.4880 269.7120 66
269.7440 271.0240 67
271.7920 271.8880 70
271.9200 272.0160 71
272.0480 272.2080 72
272.4000 272.6560 72
272.7840 272.9120 71
273.0720 273.2640 67
273.2960 273.3600 66
273.3920 273.4560 65
273.5840 273.7440 63
273.7760 274.0000 64
274.1920 274.3200 64
274.4480 274.5440 65
274.8000 274.8320 66
274.8640 274.8960 68
274.9280 274.9920 67
276.0480 276.4320 64
276.4640 276.6880 65
276.7200 276.8800 66
277.1040 277.2960 67
277.3280 277.3600 66
277.3920 277.5520 65
277.5840 277.7760 64
277.9680 278.1280 63
278.1600 278.1920 62
278.2240 278.2560 61
280.0160 280.1440 61
