15.3440 15.3760 58
15.4080 15.7280 59
15.9200 16.7200 59
16.7520 16.7840 58
16.8160 17.1360 57
17.1680 17.3920 56
17.4240 18.0960 59
18.6400 18.7040 58
18.8960 19.6320 59
19.9200 20.1760 59
20.3360 20.7520 63
21.0080 21.4880 61
21.5200 21.6160 59
21.6480 22.5120 56
22.6720 23.1840 56
23.3120 23.3760 58
23.4080 23.6000 56
23.6320 23.8880 54
23.9200 24.1120 56
24.1440 24.7520 57
25.6160 25.8080 52
26.0320 26.2880 54
26.3200 26.6080 57
26.6400 26.7360 58
26.7680 26.8640 57
26.8960 27.4080 56
27.4400 27.5680 53
27.6000 27.9840 52
28.8480 29.2320 59
29.4560 30.2240 59
30.2560 30.6400 57
30.6720 30.8960 56
30.9280 31.6640 59
32.1440 32.2080 59
32.2400 32.3680 58
32.4000 33.8400 59
33.8720 33.9040 62
33.9360 34.2560 63
34.2880 34.3520 65
34.4800 34.5760 63
34.6080 34.8640 61
34.8960 34.9600 60
34.9920 35.1200 59
35.1520 35.6640 56
35.8560 36.9440 56
36.9760 37.2960 54
37.4560 37.6480 56
37.6800 38.1920 57
38.2240 38.2560 56
38.9280 38.9920 52
39.1840 39.7920 52
39.8240 39.9200 54
39.9520 40.0160 56
40.2080 40.4000 56
40.6240 40.8480 54
41.0720 42.6080 57
43.9840 44.2400 59
44.2720 44.4320 61
44.4640 45.0400 59
45.0720 45.1680 57
45.2000 45.2640 56
45.2960 45.5200 54
45.5520 45.6800 56
46.6720 47.3760 52
47.4080 47.5360 54
47.7920 47.9520 54
47.9840 48.6880 56
48.7200 48.8160 57
48.8480 49.2320 59
49.9360 50.4800 54
50.5120 51.0560 56
51.0880 51.3120 55
51.3440 51.4720 54
51.5040 51.5680 53
51.6000 52.3680 52
53.8720 54.0640 54
54.0960 54.3200 56
54.5760 55.2480 57
55.2800 55.4400 59
55.4720 56.6560 57
57.4560 57.8080 59
57.8400 58.3200 61
58.3520 58.5760 63
58.6080 58.7040 62
58.7360 58.8000 61
58.8320 59.5040 59
60.0800 60.1760 63
60.2080 60.3680 64
60.4960 60.9440 64
60.9760 61.4560 66
61.4880 61.9680 68
62.0000 62.0000 66
62.0320 62.8640 64
62.8960 62.9600 66
63.3760 63.6320 64
63.8240 64.0480 64
64.0800 64.5280 66
64.6880 65.0720 66
65.1040 67.6000 64
69.3280 69.4880 63
69.5200 70.2240 64
70.2560 70.3200 67
70.3520 70.5760 68
70.6080 71.0240 64
71.0560 71.1200 69
71.1520 71.8880 71
71.9200 72.3040 70
72.7200 72.8160 61
72.8480 72.8800 62
72.9120 73.5840 63
73.6160 73.9040 66
73.9360 74.1920 63
74.4480 74.5440 69
74.5760 75.2480 71
76.1760 76.3040 59
76.3360 76.7520 61
77.0080 77.1040 63
77.1360 77.8080 64
77.8400 78.3520 66
78.4800 78.5760 68
79.0880 79.7920 57
79.9200 80.1440 57
80.3360 80.4320 61
80.4640 81.0720 64
81.2000 81.6800 66
81.7120 82.3200 64
82.8000 82.9280 63
82.9600 83.6960 64
83.7280 84.0800 68
84.1120 84.4960 64
84.5280 85.7120 71
86.2240 86.3840 61
86.4160 87.1840 63
87.2160 87.4400 66
87.4720 87.7920 63
87.9520 88.0480 69
88.0800 88.7520 71
88.7840 88.8480 67
88.8800 89.1680 61
89.6480 89.7760 59
89.8080 90.3520 61
90.5120 90.6080 63
90.6400 91.2160 64
91.3760 91.7600 66
91.7920 91.8560 67
91.8880 92.1120 68
92.6560 92.7520 57
93.0080 93.6800 57
93.8720 94.0000 63
94.0320 94.7680 64
94.8000 95.1840 66
95.2160 97.0720 64
97.6480 98.0640 59
98.0960 98.1280 62
98.1600 98.1920 63
98.2240 98.4480 64
98.4800 98.7040 66
98.7360 98.8000 64
98.8320 99.0880 63
99.1200 99.2480 62
99.2800 99.3760 61
99.4080 100.0800 59
100.5600 100.6880 63
100.7200 101.4240 64
101.4560 101.6800 66
101.8720 102.2560 64
102.2880 103.1200 61
103.1520 104.1440 59
104.8480 104.9760 57
105.0080 105.1680 59
105.2000 105.3600 58
105.3920 105.6160 59
105.6480 106.7360 57
106.8640 106.9920 57
109.9040 110.3520 59
110.6080 111.4400 59
111.4720 111.7600 57
111.7920 112.0160 56
112.0480 112.1440 59
112.3040 112.7520 59
113.3280 113.3920 58
113.4560 113.8080 59
113.9680 114.9600 59
114.9920 115.0240 62
115.0560 115.5040 63
115.7280 116.0160 61
116.0480 116.1760 60
116.2080 116.2720 59
116.3040 117.2000 56
117.3280 117.3600 55
117.3920 118.1600 56
118.1920 118.4160 54
118.5760 118.7680 56
118.8000 119.3120 57
119.3440 119.3760 56
120.3040 120.8800 52
120.9120 121.0400 54
121.0720 121.1680 56
121.3600 121.5200 56
121.7440 121.9680 54
122.2240 123.5360 57
125.2000 125.3280 59
125.3600 125.5520 61
125.5840 125.7440 59
125.7760 125.9360 58
126.1920 126.2240 57
126.2560 126.4160 56
126.5440 126.7680 53
127.6960 128.4000 52
128.5280 128.7200 54
128.9120 129.1680 54
129.2000 129.7760 56
129.8080 129.9360 57
129.9680 130.4480 59
131.0240 131.6000 54
131.6320 131.6640 55
131.6960 132.4000 56
132.4320 132.4640 55
132.4960 132.6240 54
132.6560 133.5520 52
134.9600 135.0560 54
135.0880 135.2480 55
135.2800 135.4400 56
135.6960 136.4000 57
136.4320 136.5920 59
136.6240 137.9040 57
138.6400 138.8320 59
138.8640 139.4400 61
139.4720 139.7280 63
139.7600 139.8560 62
139.8880 139.9840 61
140.0160 140.6240 59
141.1680 141.2640 63
141.2960 141.4560 64
141.5840 142.0320 64
142.0640 142.6080 66
142.6400 143.0560 68
143.0880 144.3360 64
144.4960 144.7840 64
145.0080 145.2000 64
145.2320 145.6800 66
145.8400 145.9360 68
145.9680 146.1920 66
146.2240 148.9120 64
150.4480 151.3440 64
151.3760 151.6960 68
151.7280 152.1440 64
152.1760 152.2400 69
152.2720 152.4960 71
152.6240 152.9760 71
153.0080 153.4560 63
153.8400 154.0000 61
154.0320 154.6400 63
154.6720 154.7360 64
154.7680 155.0240 66
155.1520 155.4080 63
155.5680 155.6640 69
155.6960 156.4000 71
157.3280 157.4240 59
157.4560 157.8720 61
158.1280 158.2240 63
158.2560 158.9280 64
158.9600 159.5360 66
159.5680 159.6960 69
160.2080 160.9120 57
161.0400 161.2960 57
161.4880 161.5520 61
161.5840 162.2880 64
162.3200 162.6080 66
162.6400 162.8640 65
162.8960 163.4400 64
163.9520 164.0480 63
164.0800 164.8160 64
164.8480 165.2000 68
165.2320 165.2640 65
165.2960 165.5520 64
165.6800 166.4800 71
166.5120 166.8320 70
167.3440 167.5040 61
167.5360 168.2080 63
168.2400 168.3360 64
168.3680 168.5600 66
168.5920 168.9120 63
169.0400 169.1680 69
169.2000 169.8720 71
169.9040 169.9040 68
170.0000 170.2880 61
170.8000 170.9280 59
170.9600 171.5040 61
171.6320 172.3360 64
172.4960 172.9760 66
173.0080 173.2320 68
173.7760 173.9040 57
174.1600 174.8000 57
174.9920 175.1200 63
175.1520 175.9520 64
176.2080 176.3040 65
176.3360 178.1600 64
178.2880 178.4160 64
178.4480 178.7040 68
178.7360 179.1200 64
179.2480 179.3120 62
179.3440 179.5040 64
180.0480 180.4000 63
180.5280 180.8480 68
181.1040 181.1040 66
181.1680 181.2000 65
181.4880 181.6800 66
181.7120 182.4160 64
182.6080 182.6720 68
182.7040 183.3760 71
183.4080 183.4080 64
183.5360 183.6640 61
183.7920 183.9200 60
183.9520 184.2080 61
184.2400 184.4640 59
184.4960 184.5600 60
184.8800 186.0000 64
186.0320 186.3840 66
186.6400 187.2160 66
187.5360 187.9520 64
188.2720 188.4000 64
188.5600 188.6240 62
188.6560 189.1040 64
189.4240 189.8080 54
189.8400 190.0320 52
190.1600 191.7600 52
192.1120 192.6560 52
192.8800 193.1040 52
193.6800 193.7440 58
194.4800 194.4800 60
194.5440 194.5760 62
194.6080 194.7680 63
195.1520 195.3440 63
195.3760 195.8880 64
195.9200 195.9840 63
196.3360 196.4000 59
196.6240 196.8800 59
197.2000 198.6400 61
198.9920 199.1200 64
199.3440 199.4720 68
199.5040 199.9200 66
200.1120 200.2720 64
200.6880 200.7520 64
200.8800 200.9440 64
203.0880 203.2160 66
203.4400 203.5040 64
