21.1360 21.1680 64
21.2000 21.2640 65
21.2960 21.5520 66
21.6800 21.7440 66
22.0320 22.0640 66
22.0960 22.2560 65
22.4160 22.8640 65
22.8960 23.0240 66
23.0560 23.3440 67
23.4080 24.1440 67
24.2400 24.4960 67
24.6240 24.6560 66
24.6880 25.2960 67
25.9040 27.3120 75
27.3440 27.3760 74
28.0160 28.1760 63
28.2080 28.4960 65
28.6240 29.2640 65
29.2960 29.3280 64
29.7440 29.9040 66
30.1600 30.4480 68
30.4800 30.5760 67
30.6080 30.9920 68
31.0240 31.3760 67
31.4400 31.7920 67
31.8240 32.7520 68
32.7840 33.3600 70
33.3920 33.4880 72
33.5200 33.5200 67
33.5520 33.5520 63
33.5840 34.4160 60
34.6080 34.8960 63
35.0240 35.6000 65
35.6960 35.6960 65
36.3360 36.5280 65
36.5600 36.6240 66
36.6560 36.7840 67
36.9120 37.1040 69
37.8720 38.3200 67
38.4480 38.9600 67
39.1520 39.2160 68
39.6640 39.7600 67
40.1120 41.1680 63
41.7120 41.8400 64
41.9680 42.0320 65
42.1600 42.6080 65
42.8000 42.9920 65
43.1520 43.2800 65
43.4400 43.5680 67
43.7920 44.2720 69
44.3040 44.6240 68
44.6560 45.0080 67
45.2640 45.3920 58
45.4240 45.4560 59
45.4880 48.9120 60
49.0080 49.1040 60
51.6000 51.7280 54
51.7600 51.7920 55
51.8240 51.8880 56
51.9200 52.0160 57
52.0480 52.2080 58
52.2400 52.5920 57
52.6240 52.7520 56
52.7840 52.8800 57
52.9120 53.0080 58
53.2320 53.6160 59
53.6480 53.7440 58
53.7760 53.8720 57
53.9040 53.9360 56
54.9280 55.0880 53
55.5680 55.6640 54
55.8560 56.8160 56
56.8480 56.8800 57
56.9120 57.6480 58
58.1600 58.2880 56
58.4160 58.4480 56
58.4800 58.5760 57
58.6080 58.7040 58
58.8320 58.9280 59
58.9600 59.0880 60
59.2480 59.3120 62
59.3440 59.6960 63
59.7280 60.0160 62
60.0480 60.6240 63
60.6560 60.7840 65
60.8160 60.8160 63
61.0400 61.5200 60
62.2880 62.7360 60
62.7680 62.8960 59
62.9280 63.0880 58
63.1200 63.2800 59
63.3120 63.4720 60
63.5040 63.5360 59
63.5680 63.6320 58
63.9840 64.1440 56
64.1760 64.2080 57
64.2400 64.8160 58
65.2320 65.2960 55
65.3280 65.5520 56
65.7440 65.8720 63
65.9040 65.9680 65
66.0960 66.7040 68
66.7360 66.7680 66
66.8320 66.9600 63
66.9920 67.1520 65
67.4400 67.6320 65
67.8560 67.9520 63
67.9840 68.1440 65
68.1760 68.4640 63
68.4960 68.7200 62
69.1360 69.2960 61
69.3280 69.3600 62
69.3920 69.4880 63
69.5200 69.8720 65
70.0000 70.2880 63
70.3200 70.4800 60
70.7360 70.9920 58
71.1840 71.7600 56
72.5600 73.3920 58
73.8400 73.9360 56
74.2880 74.3520 63
74.3840 74.5120 65
74.6720 75.2160 63
75.2480 75.4400 65
75.4720 75.6640 63
75.9520 76.2080 60
76.3680 77.3280 58
78.9600 79.1520 54
79.1840 79.3440 56
79.3760 79.5360 58
79.5680 79.6960 57
79.8240 80.0480 58
80.2400 80.3680 58
80.5280 81.2000 59
81.2320 81.5200 56
81.5520 81.6800 55
82.1920 82.3200 52
82.6080 82.7680 51
82.8000 82.8640 52
82.8960 83.1200 53
83.2480 83.3760 54
83.4080 83.8880 55
83.9200 84.1760 54
84.2080 84.3040 55
84.3360 84.8800 57
85.6480 85.7760 55
85.8080 85.9360 56
86.0640 86.1280 58
86.2880 86.3840 59
86.4160 86.5760 60
86.6080 86.8320 62
86.8640 88.1120 63
88.1440 88.2720 65
88.3040 88.3040 63
88.3360 88.3680 60
88.4000 88.5600 58
88.5920 88.7520 59
88.7840 89.1360 60
89.7120 89.8400 59
89.8720 90.0000 58
90.1280 90.2240 60
90.2560 90.3200 59
90.3520 90.4160 58
90.5440 90.6080 58
90.6400 90.6720 59
90.7040 90.9280 60
90.9600 91.1520 58
91.1840 91.4080 56
91.6000 91.6960 58
91.7280 91.8880 60
91.9200 92.2720 58
92.6880 92.7840 56
93.1680 93.2320 63
93.2640 93.4880 65
93.5200 93.7120 68
93.7440 93.9040 67
93.9360 94.2880 68
94.3200 94.4800 65
94.5120 94.5760 63
94.8640 94.9920 65
95.1840 95.2800 64
95.3120 95.4720 65
95.5040 95.8560 63
95.8880 95.9520 62
96.5280 96.8160 61
96.8480 96.9440 63
96.9760 97.1360 65
97.1680 97.2960 64
97.4240 97.6800 62
97.7120 97.9360 60
98.0960 98.2560 58
98.2880 98.4160 57
98.5440 99.2160 56
99.5360 99.6320 57
99.9840 100.3360 59
100.3680 100.8480 58
101.2640 101.4240 56
101.7440 101.8720 63
101.9040 102.0320 65
102.1600 102.6720 63
102.7040 102.8640 65
102.8960 103.0240 63
103.0560 103.1200 62
103.1520 103.3440 60
103.3760 103.4080 59
103.4400 103.6960 58
103.8560 104.1120 58
104.1440 105.8720 56
106.1920 106.2560 56
106.3840 106.5440 56
106.5760 106.8640 58
106.8960 106.9600 59
106.9920 107.1200 62
107.2480 107.7920 63
107.9200 108.0480 61
108.0800 108.3680 63
108.5280 108.8480 63
108.8800 109.0720 58
109.2320 109.4240 57
109.4880 109.6800 57
110.2240 110.3840 65
110.4160 111.4720 67
111.5040 111.6960 68
111.7280 111.8880 67
111.9200 111.9520 65
111.9840 112.1120 63
112.1440 112.2720 62
112.4000 112.7200 60
112.7520 112.8160 62
112.8480 113.3600 63
113.6800 113.8400 65
113.8720 114.0960 67
114.1280 114.6400 68
114.7680 114.8640 63
114.8960 115.0560 65
115.1840 115.2480 62
115.3760 115.6640 63
115.7920 115.9520 63
115.9840 116.3680 60
116.4000 116.4320 58
116.4640 116.6880 56
117.0720 117.2000 57
117.2320 117.2960 59
117.3280 117.9360 58
117.9680 118.0320 57
118.3200 118.5120 52
118.5440 118.6720 55
119.1200 119.1840 56
119.2160 119.3760 59
119.5040 119.8240 58
119.9520 120.3040 56
120.3360 120.4000 58
120.4320 120.5280 59
120.5600 120.6880 60
120.7200 120.7520 62
120.7840 122.0960 63
122.2560 122.5760 63
122.9600 123.4720 58
123.9520 123.9840 64
124.0160 124.1440 65
124.1760 124.4320 68
124.4640 125.0080 67
125.0400 125.1680 69
125.2000 125.3600 70
125.3920 125.6480 68
125.6800 125.8080 65
126.0960 126.3200 60
126.3520 126.3840 61
126.4160 126.4480 62
126.4800 126.9280 63
127.3760 127.5680 65
127.6000 127.6320 67
127.6640 128.3680 68
128.5280 128.5920 63
128.6240 128.8480 65
129.1360 129.4880 63
129.6160 129.7760 62
129.8080 129.9040 60
129.9360 130.0640 58
130.0960 130.4160 56
130.8320 131.2480 58
131.2800 131.4720 59
131.5040 131.6000 58
131.9840 132.2080 53
132.2400 132.2720 54
132.3040 132.3360 55
132.3680 132.4320 56
132.5600 132.6880 59
132.7200 132.8480 60
132.9760 133.0080 61
133.0400 133.2000 62
133.2320 133.4880 63
133.7760 133.9360 58
133.9680 134.0000 57
134.0320 134.1920 56
134.2240 134.2560 57
134.2880 134.4160 58
134.4480 136.5600 56
137.6800 137.7440 64
137.7760 137.9360 65
138.0640 138.1920 65
138.2560 138.5760 65
138.6080 138.8320 66
138.8640 139.4080 65
139.4400 139.5680 66
139.6000 141.0080 67
141.0400 141.2320 66
141.2640 141.7760 67
141.8400 141.8720 67
142.1600 142.2880 65
142.3200 142.3840 64
142.8320 143.1520 62
143.1840 143.6640 63
144.5280 144.7520 63
144.7840 145.8720 65
146.2560 146.4800 66
146.6080 146.8320 68
146.8640 147.8240 67
148.0160 148.2720 67
148.3040 149.2960 68
149.3280 149.8400 70
149.8720 149.9040 71
149.9360 150.2240 72
150.4160 150.4160 60
150.4800 150.7360 60
150.7680 150.9280 56
150.9600 151.1520 55
151.1840 151.2160 54
151.3120 151.3120 54
151.6960 152.3680 53
153.0080 153.0720 65
153.1040 153.2000 66
153.2320 153.5840 67
153.6160 153.7120 68
153.9680 154.2560 67
154.3840 155.2160 67
155.9840 156.5280 55
156.7520 156.8160 56
156.8800 157.6480 56
158.2560 158.4160 64
158.4480 159.6640 65
159.6960 159.8240 64
160.2080 161.5840 51
162.0000 165.8720 60
168.1440 168.3360 55
168.3680 168.5280 56
168.5600 168.7200 57
168.7520 168.8800 56
169.0080 169.1040 58
169.1360 169.3920 57
169.4240 169.5520 58
169.7440 169.8400 59
169.8720 170.0640 60
170.0960 170.1600 59
170.2560 170.4480 57
170.4800 170.5760 56
170.6400 170.6400 56
170.7680 170.9280 56
171.5360 171.8880 53
172.0800 172.1120 53
172.1440 172.2400 54
172.4000 172.8800 56
172.9120 173.0400 55
173.0720 173.1040 54
173.2320 173.3920 54
173.4240 173.4560 55
173.4880 173.6480 56
173.6800 173.7120 57
173.7440 174.2240 58
174.9280 175.1520 57
175.1840 175.2800 58
175.4080 175.5360 59
175.5680 175.6960 60
175.8240 176.0160 62
176.0480 177.2000 63
177.2320 177.2640 64
177.2960 177.4240 65
177.4560 177.4560 63
177.5840 177.7120 58
177.7440 177.8080 59
177.8400 178.3200 60
179.3440 179.4720 60
179.5040 179.5680 59
179.7280 180.0480 60
180.1760 180.2720 58
180.3680 180.4960 56
180.7200 180.8160 58
181.3600 181.3600 60
182.3840 182.3840 63
182.4160 182.6400 65
182.6720 182.8000 68
182.8320 182.9920 67
183.0240 183.1520 68
183.4400 183.6000 65
183.6320 183.6960 63
183.8560 183.9200 64
183.9520 184.1120 65
184.3040 184.3680 64
184.4000 184.5600 65
184.5920 185.4880 63
185.6800 185.8400 61
185.8720 185.9040 62
185.9360 186.0320 63
186.0640 186.4800 65
186.6080 186.8640 63
186.8960 187.1200 61
187.2800 187.4720 58
187.6640 188.1120 56
189.1360 189.2640 59
189.2960 189.3920 60
189.4240 189.5200 59
189.5520 189.8080 58
190.8640 190.9280 63
190.9600 191.1200 65
191.2800 191.5360 63
191.6640 191.8240 63
191.8560 192.0480 65
192.0800 192.3040 63
192.3360 192.3680 61
192.4000 192.5280 60
192.7200 192.9440 58
193.0720 193.2960 58
193.3280 193.3600 57
193.3920 193.9680 56
195.5040 195.7280 56
195.7600 195.8560 58
195.9840 196.0800 59
196.1120 196.1760 62
196.2080 196.2720 63
196.4000 196.7200 63
196.7520 197.1680 62
197.2000 197.3920 63
197.6480 197.7440 63
197.8720 197.9680 62
198.3200 198.4480 58
198.4800 198.7360 57
198.7680 198.8320 58
199.3760 199.4080 63
199.4400 199.4720 64
199.5040 199.5360 65
199.5680 199.8560 67
200.0480 200.3040 67
200.4640 200.5280 67
200.5600 200.6560 68
200.6880 200.7200 67
200.8800 201.0080 68
201.0400 201.0400 66
201.0720 201.2000 64
201.4240 201.5200 60
201.5520 201.5840 59
201.7440 201.9040 60
201.9360 201.9680 62
202.0000 202.4480 63
202.8320 202.9920 65
203.0240 203.1840 67
203.2160 203.3440 68
203.4720 203.5360 67
203.5680 203.7600 68
203.7920 203.8240 65
203.8560 204.0160 62
204.0480 204.2720 65
204.4640 204.4960 64
204.5280 205.0080 63
205.1680 205.2960 58
205.3280 205.4880 59
205.5200 205.5520 58
205.5840 205.7440 57
206.2560 206.3840 59
206.4160 206.6720 58
206.7040 206.8960 59
206.9280 207.1840 58
207.7280 207.7920 57
207.9840 208.0480 59
208.1760 208.2720 62
208.3680 208.4960 59
208.5280 208.8160 58
208.9120 209.0080 57
209.1360 209.3600 56
209.3920 209.4240 57
209.4560 209.6800 58
209.7120 209.8720 60
209.9040 210.5760 63
210.6080 210.7680 62
210.8000 211.2160 63
211.4080 211.7280 63
211.8880 211.9520 59
212.0800 212.1440 58
212.1760 212.4960 57
212.5280 212.5920 58
213.1040 213.2640 65
213.2960 213.3920 68
213.4240 213.6480 64
213.6800 214.0320 68
214.1600 214.4480 70
214.6080 214.7680 68
214.8000 214.8320 65
215.0880 215.5360 60
215.5680 216.0480 63
216.7520 216.8160 68
216.8800 216.8800 68
216.9760 217.3920 68
217.4240 217.4560 67
217.4880 217.4880 65
217.6160 218.1280 65
218.2560 218.5440 63
218.8640 219.0240 60
219.0560 219.1200 58
219.1520 219.1840 57
219.2160 219.5680 56
219.9840 220.4000 58
220.4320 220.6240 59
221.1680 221.4240 53
221.4560 221.5200 55
221.7120 221.7760 59
221.8080 221.9680 60
222.1280 222.2560 62
222.2880 222.6720 63
222.7040 222.7680 60
222.8000 223.0880 58
223.1200 223.3760 57
223.4080 223.7920 58
223.8240 224.7200 56
224.9120 224.9440 63
224.9760 225.0080 65
225.0400 225.0720 66
225.1040 225.2320 67
225.2640 226.0320 68
226.3840 226.4800 56
226.5120 226.5760 57
226.6080 226.8000 58
226.8320 226.8960 60
226.9280 226.9920 61
227.0240 227.8240 63
227.9520 227.9840 63
228.0160 228.2720 65
228.3040 228.3680 63
228.5280 228.8480 63
229.2320 229.4240 58
229.8400 230.1600 61
230.3200 230.3200 64
230.3520 230.6400 67
230.7040 230.7360 68
230.9280 231.1520 67
231.3440 231.6000 67
231.6960 231.8240 68
231.8560 232.1440 65
232.3680 232.4640 60
232.5600 232.6880 60
232.7200 232.7840 62
232.8160 233.0080 63
233.1040 233.7440 63
233.7760 233.9040 65
234.0320 234.1920 67
234.2240 234.3200 65
234.3520 234.6080 67
234.7360 234.8960 63
234.9280 235.1200 65
235.3440 235.7920 63
235.9840 236.0480 61
236.0800 236.1760 59
236.2080 236.4000 60
236.4320 236.4960 58
236.5280 236.7840 56
237.1040 237.2640 59
237.2960 237.8720 58
237.9040 237.9680 57
238.2560 238.3200 52
238.3520 238.5440 53
238.5760 238.7040 56
239.4720 239.4720 59
239.5360 239.6960 57
239.7280 239.8560 58
240.1120 240.2400 56
240.2720 240.3040 57
240.3360 240.4640 58
240.4960 240.6880 60
240.7200 242.1280 63
242.2560 242.6080 63
242.7360 242.8000 58
242.9920 243.3120 58
243.3440 243.5680 57
244.0160 244.1120 65
244.6240 244.8480 67
245.3920 245.4240 70
245.4560 245.6800 68
246.1280 246.2880 60
246.3840 246.4480 63
246.4800 246.5760 65
246.6080 246.8640 63
246.9920 247.0560 63
247.0880 248.0800 65
248.3360 248.6240 63
248.6560 248.7520 65
248.7840 248.8480 64
248.8800 249.0080 63
249.1360 249.7440 63
249.7760 249.9040 60
249.9360 250.0000 58
250.0320 250.2560 56
250.2880 250.4480 55
250.8320 250.9280 57
250.9600 251.1840 58
251.2160 251.5040 59
251.5360 251.6320 58
252.0800 252.2080 53
252.5600 252.8160 60
252.9760 253.0080 61
253.0400 253.1040 62
253.1360 253.5200 63
253.5520 253.6160 62
254.0640 254.0960 56
254.1280 254.1920 57
254.2240 254.7040 58
254.7360 257.4560 56
257.7120 257.8400 64
257.8720 258.6400 65
258.6720 258.8000 66
258.8320 258.9280 65
259.0560 259.4080 65
259.4400 259.6000 66
259.6320 260.6880 67
260.8160 261.8720 67
262.2560 262.4160 65
262.6720 263.6960 75
264.4320 264.4960 74
264.6240 264.8160 75
265.2960 265.5520 67
265.8080 265.9040 64
265.9360 266.2880 63
266.3200 266.5120 66
266.9920 267.0880 67
267.1200 267.5680 68
267.6000 267.6960 67
267.7280 267.7600 66
267.7920 267.9520 65
268.0480 268.1120 66
268.1440 268.4000 67
268.4320 269.3280 68
269.3600 269.8400 70
269.8720 269.9360 71
269.9680 270.1920 72
270.5440 271.0240 60
271.4720 271.6000 63
271.6320 272.4000 65
272.4640 272.6880 65
273.0080 273.2320 66
273.2640 273.3600 67
273.5840 273.9040 67
274.0640 274.1280 68
274.8000 274.8640 67
275.1200 275.2160 67
275.2480 275.5360 68
275.8240 275.9520 65
276.0800 276.5280 63
276.5600 276.6560 62
276.8480 276.9440 63
277.0720 277.1680 62
278.3200 278.4800 64
278.5120 279.5680 65
279.6000 279.7280 64
279.7600 280.0800 65
280.1120 280.2080 67
280.8800 280.9120 68
281.1680 281.2640 67
281.8080 281.9680 58
282.0000 286.6080 60
