15.9200 16.0160 57
16.0480 16.1120 58
16.1440 16.2080 60
16.3360 17.0080 62
19.3120 19.3760 60
19.5040 19.8560 60
19.8880 20.0800 58
20.2080 20.4000 60
20.4320 20.6240 58
20.6560 20.6560 60
20.6880 21.3280 62
21.3600 21.3920 61
23.1520 23.2160 59
23.2480 23.4400 60
23.4720 23.6000 61
23.6320 23.6640 60
23.6960 23.7280 59
23.8560 23.9200 57
23.9520 24.0160 58
24.0480 24.1440 60
24.1760 24.2400 59
24.2720 24.2720 57
24.4000 24.4320 57
24.4640 25.1680 58
25.2000 25.2960 57
27.7600 27.8240 57
27.8560 27.9520 58
27.9840 28.4960 63
28.5280 29.1040 62
29.2320 29.3280 58
29.3600 29.3920 59
29.4240 29.5520 60
29.6800 29.8080 58
29.9360 30.0320 62
30.2240 30.2880 60
30.3200 30.4160 61
30.4480 30.9600 60
30.9920 31.0560 59
33.2320 33.4240 58
33.4560 33.4880 59
33.5200 33.7440 60
33.7760 33.9360 61
33.9680 34.8000 62
34.8320 34.8960 61
34.9280 35.0240 60
36.7840 36.8480 61
36.8800 37.2640 60
37.2960 37.3280 59
37.3600 38.0640 58
38.0960 38.2560 61
38.2880 38.9280 62
38.9600 39.0240 61
40.3680 40.4320 64
40.5600 40.8800 60
40.9120 41.0720 62
41.1040 41.1360 60
41.3280 41.4880 58
41.5200 41.6160 60
41.6480 41.7120 57
41.7440 41.8720 55
42.0000 42.7040 58
42.7360 42.8320 57
45.1360 45.1360 56
45.1680 45.2640 58
45.4240 45.7760 63
45.8080 46.4800 62
46.6080 46.7040 62
46.7360 46.7680 61
46.8000 47.0240 60
47.0560 47.2160 58
47.4400 47.5360 61
47.5680 48.6560 60
48.6880 48.8480 59
51.0560 51.1520 63
51.1840 51.6640 62
51.6960 52.4320 63
52.4640 53.0400 62
53.0720 53.3600 60
53.3920 53.5200 62
53.6480 53.9360 60
53.9680 54.0320 59
54.5760 54.6080 58
54.6400 54.7360 59
54.7680 54.9600 60
54.9920 55.1840 61
55.2160 55.4400 62
55.5680 55.6960 63
55.8240 55.9200 64
55.9520 56.2400 62
56.4000 56.4640 61
56.4960 56.6880 60
56.7200 56.7520 61
56.7840 56.8800 62
57.0720 57.8080 58
58.3840 58.8000 62
58.9600 59.2480 63
59.4400 60.0480 65
60.2080 60.9120 63
60.9440 61.0400 62
61.0720 61.1680 59
61.2000 61.2960 60
61.4560 61.7440 60
61.7760 61.8720 59
61.9040 61.9360 58
62.4480 62.5440 58
62.5760 62.6720 59
62.8320 64.0480 62
64.2720 64.3680 61
64.4000 64.5920 62
64.7520 64.8480 63
64.9760 65.9680 62
66.0000 66.0640 61
66.4480 66.4800 57
66.5120 66.5760 58
66.7360 66.9280 65
66.9600 67.0560 63
67.0880 68.1120 65
68.1440 68.2400 67
68.4320 68.4960 68
68.5280 69.1040 65
69.1360 69.1680 63
69.7120 70.0640 58
70.0960 70.4160 60
70.5760 70.7040 65
70.7360 71.3760 62
71.5680 71.6320 65
71.6640 71.8880 62
72.1120 72.1760 59
72.2080 72.9120 58
73.3920 73.4560 57
73.4880 73.7760 58
74.0000 74.2240 65
74.4160 74.6080 65
74.6400 74.7360 62
74.9280 75.6960 62
75.8560 75.9840 60
76.1120 76.7200 58
76.7520 76.7520 56
77.1360 77.3280 58
77.3600 77.7760 60
77.8080 78.1920 62
78.3840 78.3840 63
78.4800 79.1200 63
79.2480 79.3120 65
79.3440 79.4400 63
79.4720 79.6640 62
79.7600 79.8880 62
80.0160 80.0800 64
80.1120 80.5600 63
80.5920 80.6560 62
80.9760 81.0720 58
81.1040 81.2640 59
81.2960 81.3920 58
81.4240 81.5840 60
81.7120 82.0960 62
82.1920 82.3520 62
82.3840 82.4800 59
82.5120 82.9920 60
83.1200 83.4080 62
83.6000 83.6640 62
83.6960 83.7280 60
83.8880 84.4960 60
84.5280 84.6240 59
84.8480 84.9120 59
84.9440 84.9760 58
85.0080 85.2000 57
85.2320 85.4560 58
85.6160 85.6800 63
85.7120 86.1920 65
86.2240 86.8320 62
87.1200 87.3440 62
87.4720 87.5360 61
87.5680 87.6640 60
87.6960 88.3040 58
88.3360 88.4320 57
88.7840 88.9440 57
88.9760 89.3280 58
89.4560 89.5520 63
89.5840 90.0960 65
90.1280 91.1520 62
91.3440 91.4720 60
91.6000 92.2400 58
92.6560 92.7840 58
92.8160 93.2640 60
93.2960 93.6480 62
93.8400 93.8720 63
93.9680 94.0320 62
94.0640 94.9600 63
94.9920 95.4720 62
95.5360 96.0480 63
96.0800 96.1440 62
96.5280 96.8480 58
96.8800 97.0080 60
97.1680 97.4880 62
97.6480 97.9680 62
98.1280 98.4800 60
98.5120 98.8320 59
98.8640 99.1840 58
99.4080 99.5360 55
99.5680 99.8560 53
99.8880 100.0480 52
100.0800 100.7520 53
101.2960 101.4560 62
101.4880 101.5520 64
101.5840 102.0320 63
102.0640 102.3840 62
102.4160 102.4800 61
102.5120 102.7680 59
102.8000 103.0880 58
103.1200 103.1520 59
103.1840 103.5360 62
103.7280 104.4320 60
105.0080 105.0400 58
105.0720 105.1680 62
105.2000 105.3280 60
105.4560 107.0560 58
107.1840 107.4400 58
107.5040 107.7600 58
107.9200 108.0800 58
112.5600 112.7200 56
112.7520 112.9120 58
112.9440 113.0080 59
113.1360 114.3200 62
114.3520 114.4160 61
116.0480 116.0800 60
116.2720 116.6240 60
116.6560 116.9760 58
117.0080 117.1680 60
117.2000 117.3920 58
117.4240 117.4240 60
117.4560 117.5200 63
117.5520 118.6400 62
119.7280 119.7920 53
119.8240 119.8880 56
119.9200 119.9520 59
119.9840 120.4960 60
120.5280 120.6560 57
120.6880 121.0080 59
121.0400 121.1360 56
121.1680 122.2240 58
124.4640 124.4960 59
124.5280 124.7200 58
124.7520 125.1040 63
125.1360 125.8400 62
126.0000 126.1280 58
126.1600 126.3520 60
126.3840 126.6080 58
126.7360 126.8000 61
126.8320 126.8320 59
126.8640 126.9280 57
126.9600 127.0240 58
127.0560 128.0160 60
128.0480 128.1120 59
130.0640 130.2560 59
130.2880 130.7040 60
130.7360 131.6640 62
131.6960 131.6960 59
131.8880 131.9520 59
131.9840 132.5920 58
132.8160 132.8800 63
132.9120 133.0400 62
133.0720 133.1360 61
133.1680 133.2320 59
133.4560 133.6160 61
133.6480 134.0640 60
134.1920 134.4160 58
134.5760 134.7040 58
134.7360 134.7680 57
134.9280 135.0880 61
135.1200 135.9840 62
136.0160 136.3040 61
136.3360 136.4000 62
136.4640 136.4640 62
137.1360 137.2000 64
137.3280 137.5840 60
137.6160 137.8080 61
137.8400 137.9040 60
138.0640 138.1600 58
138.2880 138.3520 60
138.3840 138.4160 59
138.4480 138.4800 57
138.5120 138.5120 54
138.6080 138.6400 54
138.6720 138.7040 57
138.7360 139.6000 58
139.8560 139.9520 60
140.2720 140.5600 58
140.7840 141.1680 62
141.5200 141.5840 60
141.9040 141.9360 58
141.9680 142.0320 59
142.1920 142.5760 63
142.6080 142.8320 62
142.8640 142.9600 63
142.9920 143.2800 62
143.3120 143.5040 61
143.5360 143.7600 60
143.7920 143.8240 59
143.8560 144.0160 58
144.1440 145.9680 60
146.0000 146.1280 58
147.8560 147.9520 63
147.9840 148.2400 62
148.2720 148.3360 63
148.4640 148.7200 63
148.7520 148.8480 62
148.8800 149.2320 63
149.2640 149.8400 62
149.8720 150.0640 60
150.0960 150.1280 61
150.1600 150.2880 62
150.4160 150.7680 60
151.3440 151.4400 58
151.4720 151.5040 59
151.5360 151.7600 60
151.7920 151.9520 61
151.9840 152.2080 62
152.3360 152.4640 63
152.5920 152.6560 65
152.6880 153.0080 62
153.1680 153.5200 60
153.5520 153.6800 62
153.8400 154.4160 58
154.4480 154.5760 57
155.1520 155.4400 63
155.4720 155.5680 62
155.7280 156.0800 63
156.2080 157.0400 65
157.0720 157.3920 63
157.4240 157.5200 62
157.5520 157.7120 63
157.7440 157.8400 62
157.8720 158.6400 60
158.6720 158.8000 59
159.1840 159.3120 58
159.3440 159.4080 60
159.6000 160.8160 62
161.1040 161.1680 60
161.2000 162.1280 62
162.1600 162.2560 63
162.2880 162.7040 62
162.7360 162.7680 61
162.8000 162.8640 60
163.2160 163.3440 57
163.4720 163.4720 62
163.5040 164.4640 65
164.4960 164.5920 63
164.6240 164.8480 65
164.8800 165.0080 67
165.1680 165.2320 68
165.2640 165.9360 65
165.9680 165.9680 62
166.1600 166.2240 62
166.5120 166.6080 58
166.6400 166.8320 59
166.8640 167.1840 60
167.3440 167.5040 65
167.5360 168.1120 62
168.3680 168.3680 58
168.4000 168.6240 62
168.7520 168.9120 60
168.9440 169.4560 58
169.4880 169.5840 57
169.9360 169.9360 59
170.0000 170.0960 58
170.1280 170.2240 59
170.2560 170.5440 58
170.7040 170.9600 65
171.1840 171.2480 67
171.2800 171.3440 65
171.3760 171.5040 62
171.6640 171.7920 62
171.9200 172.4640 62
172.6240 172.6560 62
172.6880 172.7520 61
172.7840 173.4560 58
173.4880 173.5520 57
173.9360 173.9680 57
174.0000 174.0640 58
174.0960 174.5120 60
174.5440 174.9280 62
175.2480 175.4720 63
175.5040 175.6320 62
175.6640 176.3360 63
176.3680 176.7200 62
176.7520 177.2640 63
177.2960 177.5520 62
177.7440 177.9040 57
177.9360 178.1600 59
178.1920 178.3200 60
178.4800 178.8640 62
178.9600 179.0880 62
179.1200 179.3120 59
179.3440 179.8240 60
179.8560 180.2080 62
180.3680 180.4640 59
180.5920 181.2000 60
181.2320 181.2640 59
181.2960 181.3600 58
181.5840 181.8080 58
181.8400 181.9360 60
181.9680 182.0640 57
182.0960 182.1920 58
182.3520 182.3840 63
182.4160 182.4480 64
182.4800 182.8000 65
182.8320 182.9600 66
182.9920 183.6320 62
183.8560 184.1440 62
184.2720 184.4320 60
184.4640 185.0400 58
185.0720 185.1360 57
185.3280 185.3600 60
185.4560 185.6480 58
185.6800 185.7440 61
185.7760 186.0640 58
186.2240 186.2880 63
186.3200 186.6400 65
186.7680 186.8320 65
186.8640 187.5360 62
187.6640 187.9520 62
188.1120 188.2720 60
188.4000 188.9120 58
188.9440 188.9760 57
189.4560 189.5200 59
189.5520 189.9680 60
190.0000 190.0960 63
190.1280 190.3840 62
190.8000 191.4080 63
191.4400 191.5680 64
191.6000 191.9200 62
191.9520 192.0480 63
192.0800 192.1760 62
192.3040 192.7840 63
192.8160 192.8800 62
193.0720 193.0720 61
193.2960 193.3920 58
193.4240 193.5840 59
193.6160 193.7760 60
193.9040 194.7040 62
194.8960 195.3760 60
195.4080 195.5040 59
195.5360 195.6320 60
195.6640 195.7280 59
195.7600 195.9840 58
196.1760 196.3040 56
196.4320 197.5520 53
198.0960 198.7040 63
198.8000 199.1520 62
199.1840 199.4080 58
199.4400 199.5360 60
199.5680 199.8880 58
199.9200 200.2400 62
200.4960 201.1680 60
201.2000 201.3920 59
201.4240 201.5520 60
201.7120 201.9360 62
201.9680 202.0960 60
202.4480 203.3120 58
203.5680 205.2000 58
220.1120 220.1440 57
220.1760 220.3680 59
220.4000 220.5280 61
220.6560 220.7840 66
220.8160 221.4560 63
221.6480 221.7120 66
221.7440 221.9360 63
221.9680 222.2560 61
222.2880 222.6720 59
222.7040 222.9600 58
223.4080 223.9840 59
224.0160 224.3360 66
224.4960 224.5600 67
224.5920 224.7200 66
224.7520 224.7840 63
224.8160 224.8480 62
225.0080 225.8080 63
225.9680 226.0960 61
226.2240 226.6400 59
226.6720 226.8000 58
226.8320 226.8960 57
227.2800 227.3760 60
227.4080 227.7920 61
227.8240 227.8560 62
227.8880 228.2400 63
228.5920 229.2960 64
229.3280 229.4240 65
229.4560 229.9680 63
230.0000 230.0960 62
230.1280 230.1920 65
230.2240 230.5760 64
230.6080 230.7360 63
230.7680 230.8320 62
231.0880 231.4720 59
231.5040 231.6640 61
231.8240 232.2080 63
232.3040 232.4640 63
232.4960 232.5920 60
232.6240 233.2000 61
233.2320 233.5200 63
233.6800 233.8080 61
233.9680 234.5120 61
234.5440 234.7040 60
234.7360 234.9600 61
234.9920 235.0880 59
235.1200 235.1840 62
235.2160 235.2800 58
235.3120 235.5040 59
235.6320 235.6640 64
235.6960 235.7600 65
235.7920 236.0160 66
236.1440 236.3040 66
236.3360 236.9440 63
237.1360 237.2000 65
237.2320 237.4880 63
237.5200 237.6800 61
237.7120 238.4160 59
238.4480 238.4800 58
238.8000 238.9600 59
238.9920 239.0880 63
239.1200 239.4400 59
239.5680 239.6000 63
239.6320 239.9520 66
240.0800 240.2080 65
240.2400 241.2640 63
241.4560 241.5840 61
241.7120 242.2880 59
242.3200 242.3200 57
242.7040 243.3440 61
243.3760 243.7280 63
244.1440 244.3360 64
244.3680 244.6240 63
244.6560 244.8160 64
244.8480 244.9120 65
244.9440 245.5520 63
245.5840 245.6480 66
245.6800 246.1280 64
246.1600 246.2880 62
246.6400 246.9600 59
246.9920 247.1200 61
247.2480 247.6000 63
247.7280 248.0800 63
248.2720 249.1040 61
249.1360 249.2960 58
249.5520 249.6160 56
249.6480 249.7760 55
249.8080 249.9360 53
249.9680 250.8320 54
251.4080 251.6000 63
251.6320 251.6960 65
251.7280 252.2080 64
252.2400 252.4960 63
252.5280 253.0400 61
253.0720 253.2960 59
253.3280 253.7120 63
253.9040 255.4400 61
255.4720 255.6320 59
255.8880 255.9520 61
257.0400 257.3920 61
257.4240 261.5200 59
