28.1760 28.4640 62
28.4960 29.1680 60
29.2000 29.2960 62
29.3280 29.3280 60
29.3600 29.3600 58
29.3920 29.7120 55
29.7440 29.8720 56
29.9040 30.0960 57
30.5120 30.5760 55
30.6080 30.6400 54
30.6720 30.8960 53
30.9280 31.0560 54
31.0880 31.1840 55
31.2160 31.3440 56
31.3760 31.9520 57
34.9920 35.0560 63
35.0880 35.9840 62
36.0160 36.1120 64
36.1440 36.1440 62
36.1760 36.4960 60
36.5280 36.6560 62
36.6880 37.0720 60
37.1040 37.1680 59
37.2960 37.6800 60
37.7120 37.8720 62
37.9040 37.9040 59
37.9360 38.1920 56
38.2240 38.5120 57
38.7360 38.8640 57
41.2320 41.2960 58
41.3280 41.4560 57
41.4880 41.5520 56
41.5840 41.7120 55
41.7440 41.8720 54
41.9040 42.1280 53
42.9280 43.0240 52
43.0560 43.4080 53
44.2080 44.3040 51
44.6240 45.0080 53
45.0400 45.5840 55
45.6160 45.8080 54
45.8400 46.1920 55
46.3200 46.4160 56
46.4480 46.4800 55
46.5120 46.7360 54
46.7680 46.9600 55
47.6640 47.7280 56
47.7600 47.8240 55
47.9840 48.1120 54
48.1440 48.3040 55
48.3360 48.4000 56
48.4320 50.2560 57
52.1440 52.1760 53
52.2080 52.2080 55
52.2400 52.2400 57
52.2720 52.3680 62
52.4000 52.5280 61
52.5600 53.0400 60
53.0720 53.1040 61
53.1360 53.2000 62
53.2320 53.2320 60
53.2640 53.2640 58
53.2960 53.5840 55
53.6160 53.6480 56
53.6800 53.8400 57
54.3520 54.4160 56
54.4480 54.4800 55
54.5120 54.5440 54
54.5760 54.8000 53
54.8320 54.9280 54
55.0560 55.2800 56
55.3120 55.8560 57
55.8880 55.9520 56
59.1200 59.1520 61
59.1840 59.8560 62
59.8880 59.9840 64
60.1440 60.2080 60
60.2400 60.2720 61
60.3040 60.4320 62
60.4640 60.6880 59
60.7200 61.4880 60
61.6160 61.7440 62
61.7760 61.8080 60
61.8400 62.0640 55
62.0960 62.1280 56
62.1600 62.4800 57
65.2960 65.3280 57
65.5200 65.6160 56
65.6480 65.8080 54
65.9360 66.0000 53
66.3520 66.4480 54
66.4800 66.6720 53
66.7040 66.8000 52
66.8320 67.2800 53
67.3120 67.3440 52
68.1120 68.1760 50
68.2080 68.3040 51
68.4960 68.8160 53
68.8480 68.9440 55
68.9760 69.0720 56
69.1040 69.4240 55
69.4560 69.5200 53
69.5520 69.6800 54
69.7120 69.8720 55
70.0000 70.1280 56
70.1600 70.3520 57
70.3840 70.6080 54
70.6400 70.9920 55
71.2160 71.2800 62
71.3120 71.3440 59
71.3760 71.6640 58
71.6960 71.8560 60
71.8880 71.9200 58
71.9520 72.1120 57
72.1440 72.1440 59
72.1760 72.3040 61
72.3360 75.5040 62
75.5360 75.6640 61
76.0800 76.1120 55
76.1440 76.1440 58
76.1760 76.4960 62
76.6240 77.4240 62
77.4560 77.6800 64
77.7120 77.8400 63
77.8720 78.2240 64
78.2560 78.5440 61
78.5760 78.7360 62
78.7680 78.9600 64
78.9920 79.2480 59
79.2800 80.4000 60
80.4320 80.6240 56
80.6560 80.6560 58
80.6880 80.7200 60
80.7520 80.8160 61
80.8480 81.7120 62
81.7440 81.8080 61
81.8400 81.9360 60
83.0560 83.1200 60
83.2480 83.3120 62
83.4720 83.8240 62
83.8560 83.9200 66
83.9520 84.2080 65
84.2400 84.3040 66
84.3360 84.6240 67
84.6560 84.6880 63
84.7200 84.8480 62
84.8800 85.0720 64
85.1040 85.5520 62
85.5840 85.7440 64
85.7760 85.9680 62
86.0000 86.0640 60
86.0960 86.1920 59
86.2240 88.6240 60
88.6560 88.7200 59
89.1680 89.3600 57
89.3920 89.5840 58
89.6160 89.8080 57
89.8400 89.9360 58
89.9680 90.1600 57
90.1920 90.5440 58
90.6720 90.7360 57
90.8960 91.0560 58
91.0880 91.2800 59
91.3120 91.8560 58
91.8880 91.9520 57
92.4320 92.5280 60
92.5600 92.9760 62
93.0080 93.0400 59
93.0720 93.3920 57
93.6800 93.7440 65
93.7760 93.8080 66
93.8400 93.9360 67
93.9680 93.9680 65
94.0000 94.0960 63
94.1280 94.1920 64
94.2240 94.2880 62
94.3200 94.5120 63
94.5440 94.9920 65
95.0240 95.6320 62
95.8240 95.9520 62
95.9840 96.0160 61
96.0480 96.1440 60
96.4000 96.7840 62
96.8160 97.0720 60
97.1040 97.4240 62
97.4560 97.5200 63
97.5520 97.6160 60
97.6480 97.7120 59
97.7440 97.9040 61
97.9360 98.1920 62
98.3840 98.7360 62
98.7680 98.9920 64
99.0240 99.4720 65
99.5040 99.6320 64
99.6640 99.7280 66
99.7600 99.8240 65
99.8560 102.7680 64
102.8000 103.0560 63
103.5360 103.5360 63
103.5680 104.4640 65
104.5920 104.6560 67
104.6880 104.7840 65
104.8160 105.0720 67
105.2000 105.3600 62
105.3920 105.6800 64
105.7120 105.8080 62
105.8400 105.9040 59
105.9360 106.1280 60
106.1600 106.2240 61
106.2560 106.3520 62
106.3840 106.5120 60
106.5440 107.3120 62
107.3440 107.3760 61
107.4080 107.5360 60
107.5680 107.7920 58
107.8240 108.0480 60
108.0800 108.2080 59
108.2400 109.0720 60
109.1040 109.2640 59
110.3200 110.3200 59
110.3520 110.3520 61
110.3840 110.4160 64
110.4480 111.1520 65
111.1840 111.4080 67
111.4400 111.4720 65
111.5040 111.6000 63
111.6320 112.0480 64
112.0800 112.1760 63
112.2080 112.3360 64
112.4960 112.6240 62
112.6560 112.8800 59
112.9120 113.0400 60
113.0720 113.1040 59
113.2960 113.2960 69
113.3280 113.3280 71
113.3600 113.4240 73
113.5520 114.3200 65
114.3520 114.4160 60
114.4480 114.8000 62
114.8320 114.9920 66
115.0240 116.3360 67
116.3680 116.4320 66
117.2000 117.3600 64
117.3920 118.1280 65
118.2880 118.4480 66
118.4800 118.8000 67
118.8320 119.0240 62
119.0560 119.1200 63
119.1520 119.4080 64
119.4400 119.5040 62
119.5360 119.6000 59
119.6320 119.8880 60
119.9200 119.9200 62
119.9520 120.0160 66
120.0480 120.1760 61
120.2080 121.0080 62
121.0400 121.0720 61
121.1040 121.2000 60
121.2320 121.4560 58
121.4880 122.7040 60
122.7360 122.8960 59
124.0160 124.0160 60
124.0480 124.0480 62
124.0800 124.8480 65
124.8800 125.0400 67
125.0720 125.1360 64
125.1680 125.2640 62
125.2960 126.0320 64
126.1920 126.3200 62
126.3520 126.6080 59
126.6400 126.8000 60
126.9920 127.0240 59
127.0560 127.2480 62
127.2800 127.9840 65
128.0160 128.4000 62
128.4320 128.4960 60
128.5280 128.6560 66
128.6880 130.1920 67
130.2240 130.2560 66
130.2880 130.4160 65
131.7600 131.7920 64
131.8240 131.9520 65
131.9840 132.0800 64
132.1120 132.2080 62
132.2400 132.3680 64
132.4000 133.9360 65
173.5520 173.5520 56
173.5840 173.5840 58
173.6160 173.7120 62
173.7440 173.7760 61
173.8080 174.3840 60
174.4160 174.4480 61
174.4800 174.5440 62
174.5760 174.5760 60
174.6080 174.6080 57
174.6400 174.7040 54
174.7360 174.9600 55
174.9920 175.0880 57
175.6960 175.7600 56
175.7920 175.8560 55
175.8880 176.1120 53
176.1440 176.2720 54
176.4000 176.6240 56
176.6560 177.1680 57
177.2000 177.3280 56
180.5280 180.6880 62
180.7200 180.8160 61
180.8480 181.2000 62
181.2320 181.3280 64
181.4880 181.5200 60
181.5520 181.6160 61
181.6480 181.7760 62
181.8080 182.8320 60
182.9600 183.0880 62
183.1200 183.1200 60
183.2480 183.3760 55
183.4080 183.4400 56
183.4720 183.9520 57
186.6720 186.7360 56
186.8640 186.9920 55
187.0240 187.0560 54
187.2480 187.3760 53
187.6960 187.7600 54
187.7920 188.0160 53
188.0480 188.0800 52
188.1120 188.3040 51
188.3360 188.6560 53
189.4560 189.5200 50
189.5520 189.6480 51
189.8080 189.9680 53
190.0000 190.1280 54
190.1600 190.7040 55
190.7360 191.0240 54
191.0560 191.3760 55
191.4080 191.4720 56
191.5040 191.6960 57
191.7280 191.9200 54
191.9520 192.3040 55
192.5920 192.5920 62
192.6240 192.6880 59
192.7200 192.7840 58
192.8160 192.9120 57
192.9440 193.0080 58
193.0400 193.1680 60
193.2000 193.4560 57
193.4880 193.6480 61
193.6800 196.8480 62
196.8800 196.9760 61
197.3280 197.4560 54
197.4880 197.4880 59
197.5200 197.8400 62
197.9680 198.2880 62
198.3200 198.3840 64
198.4160 198.7680 62
198.8000 199.0240 64
199.0560 199.1520 63
199.1840 199.5040 64
199.5360 199.5680 63
199.6000 199.7600 62
199.7920 199.8560 60
199.8880 200.0480 62
200.0800 200.2720 64
200.3040 200.3040 62
200.3360 200.5600 59
200.5920 201.7120 60
201.7440 201.8080 57
201.8400 201.9680 56
202.0000 202.0000 58
202.0320 202.0640 60
202.0960 202.1600 61
202.1920 203.0560 62
203.0880 203.3440 61
204.3360 204.3360 55
204.3680 204.3680 58
204.4000 204.4640 60
204.4960 204.6560 62
204.8160 205.1680 62
205.2000 205.2640 67
205.2960 205.3600 65
205.3920 205.4560 64
205.4880 205.6480 66
205.6800 205.9680 67
206.0000 206.0320 63
206.0640 206.1920 62
206.2240 206.4160 64
206.4480 206.8640 62
206.8960 207.0880 64
207.1200 207.3120 62
207.3440 209.9680 60
210.0000 210.0960 59
210.5120 210.6720 57
210.7040 210.8640 58
210.8960 211.1200 57
211.1520 211.2800 58
211.3120 211.5040 57
211.5360 211.8560 58
212.0160 212.0800 57
212.2080 212.4640 58
212.4960 212.5600 60
212.5920 213.2960 58
213.7760 213.8720 60
213.9040 214.3520 62
214.3840 214.7680 57
215.0240 215.0880 65
215.1200 215.2800 67
215.3120 215.3120 65
215.3440 215.5360 63
215.6640 215.8240 63
215.8560 216.3360 65
216.3680 216.8480 62
217.1360 217.2960 62
217.3280 217.4560 61
217.7440 218.1280 62
218.1600 218.2880 60
218.3200 218.4160 61
218.4480 218.8960 62
218.9280 219.0560 59
219.0880 219.2480 61
219.2800 219.5360 62
219.7280 219.9840 62
220.0160 220.0800 60
220.1120 220.3040 64
220.3360 220.7200 65
220.7520 220.8800 64
220.9120 220.9760 63
221.0080 221.1040 66
221.1360 224.0480 64
224.0800 224.3360 63
224.8800 225.0720 64
225.1040 225.8080 65
225.9360 226.0000 66
226.0320 226.1280 65
226.1600 226.4160 67
226.4480 226.6720 63
226.7040 227.0240 64
227.0560 227.1520 62
227.1840 227.2480 59
227.2800 227.4400 60
227.4720 227.5680 61
227.6000 227.6640 64
227.6960 227.8560 60
227.8880 228.6560 62
228.6880 228.7520 61
228.7840 228.8800 60
228.9120 229.1360 58
229.1680 229.3920 60
229.4240 229.5520 59
229.5840 230.4160 60
230.4480 230.6080 59
231.6640 231.6640 60
231.6960 231.6960 62
231.7280 231.7600 64
231.7920 232.4960 65
232.5280 232.7520 67
232.7840 233.6800 64
233.8080 233.9680 62
234.0000 234.5120 59
234.6400 234.6400 57
234.6720 234.6720 59
234.7040 234.8640 62
234.8960 235.6640 65
235.6960 236.1440 62
236.1760 236.3360 66
236.3680 237.6480 67
237.6800 237.7760 66
238.5120 238.5120 61
238.5440 238.7040 64
238.7360 239.4720 65
239.6320 239.7920 66
239.8240 240.1440 67
240.1760 240.4640 63
240.4960 240.7200 64
240.7520 240.8480 62
240.8800 240.9440 59
240.9760 241.2320 60
241.2640 241.3600 63
241.3920 241.5200 61
241.5520 242.3840 62
242.4160 242.5120 60
242.5440 242.8000 58
242.8320 244.0480 60
244.0800 244.2400 59
245.3600 245.3600 60
245.3920 245.3920 62
245.4240 245.4880 65
245.5200 245.6160 66
245.6480 246.1920 65
246.2240 246.3840 67
246.4160 246.4800 64
246.5120 246.6080 62
246.6400 247.3760 64
247.5040 247.6640 62
247.6960 247.9200 59
247.9520 248.1120 60
248.3040 248.3360 58
248.3680 248.3680 60
248.4000 248.5600 62
248.5920 248.7520 64
248.7840 249.3280 65
249.3600 249.8400 62
249.8720 250.0000 66
250.0320 251.5360 67
251.5680 251.6000 66
251.6320 251.7280 65
252.2080 252.2080 63
252.2400 253.1360 65
253.2640 253.3280 67
253.3600 253.4560 65
253.4880 253.7440 67
253.7760 253.7760 64
253.8080 254.0320 62
254.0640 254.3200 64
254.3520 254.4800 62
254.5120 254.5760 59
254.6080 254.8320 60
254.8640 254.9280 61
254.9600 255.0240 66
255.0560 255.1840 60
255.2160 256.0480 62
256.0800 256.2080 60
256.2400 256.4960 58
256.5280 256.7200 60
256.7520 256.8800 59
256.9120 257.7440 60
257.7760 258.0000 59
258.9920 258.9920 58
259.0240 259.0240 61
259.0560 259.0560 63
259.0880 259.8560 65
259.8880 260.0800 67
260.1120 260.1440 65
260.1760 260.2720 63
260.3040 260.7200 64
260.7520 260.8480 63
260.8800 261.0080 64
261.1680 261.2960 62
261.3280 261.8080 59
261.8400 261.8720 58
261.9680 262.0000 58
262.0320 262.2240 62
262.2560 262.9920 65
263.0240 263.0880 60
263.1200 263.4720 62
263.5040 263.5040 64
263.5360 263.6640 66
263.6960 265.0080 67
265.0400 265.1040 66
265.8400 265.8400 61
265.8720 266.0320 64
266.0640 266.8000 65
266.9600 267.0240 66
267.0560 267.1200 65
267.1520 267.5040 67
267.5360 267.8880 63
267.9200 268.0800 64
268.1120 268.1760 62
268.2080 268.2720 59
268.3040 268.5600 60
268.5920 268.5920 62
268.6240 268.6880 67
268.7200 268.7520 62
268.7840 268.8480 60
268.8800 269.6800 62
269.7120 269.7440 61
269.7760 269.8720 60
269.9040 270.1280 58
270.1600 271.3440 60
271.3760 271.5680 59
272.7200 272.7200 61
272.7520 273.5200 65
273.5520 273.7120 67
273.7440 273.7760 65
273.8080 273.8400 63
273.8720 273.9360 62
273.9680 274.7360 64
274.8640 274.9920 62
275.0240 275.1200 58
275.1520 275.4080 60
275.4400 275.4720 59
275.5040 275.6960 58
275.7280 275.9200 62
275.9520 276.6880 65
276.7200 276.8480 61
276.8800 277.0720 62
277.1040 277.1680 60
277.2320 277.2640 65
277.2960 277.3280 66
277.3600 278.9280 67
278.9600 279.1840 65
280.4320 280.7520 64
280.7840 280.8480 61
280.8800 282.5120 65
