1.5520 1.6160 67
1.7440 1.8080 65
2.3200 2.4160 69
26.8640 26.9600 56
26.9920 27.1520 57
27.1840 27.2160 55
27.4080 27.5040 57
27.5360 27.6000 56
27.6320 27.7920 54
27.8240 27.9520 55
27.9840 28.1760 57
28.4640 28.8160 57
28.8480 29.3600 59
29.3920 29.5200 58
29.5520 29.6480 59
29.6800 29.7120 60
29.7440 29.8400 61
29.8720 29.9040 58
29.9360 30.3840 57
30.4160 30.4480 56
30.4800 30.5120 55
30.5440 30.8640 54
30.8960 31.0560 57
31.4400 31.6640 57
31.6960 31.7920 56
31.8240 31.8880 58
31.9200 32.0160 59
32.1440 32.3680 59
32.4000 32.4960 58
32.5280 32.5920 59
32.6240 32.7520 61
32.7840 32.8480 58
32.8800 32.9760 57
33.0080 33.0720 56
33.2320 33.4240 57
33.4560 33.4560 54
33.6480 33.7760 55
33.8080 34.0000 57
34.3840 34.6080 57
34.7360 34.7680 58
34.8000 35.0880 59
35.2160 35.3120 59
35.3440 35.3760 58
35.4080 35.7280 57
35.7600 35.8880 59
35.9200 36.5920 61
36.6240 36.6880 60
37.4880 37.5200 55
37.5520 37.6160 56
37.6480 38.0960 57
38.1280 38.3200 55
38.3520 38.4480 57
38.4800 38.5120 56
38.7040 38.8320 57
38.8640 38.8960 55
38.9280 39.0240 54
39.0560 39.0880 55
39.1200 39.2480 56
39.2800 39.3120 55
39.4720 39.6640 55
39.6960 39.8880 57
40.1760 40.2400 57
40.4000 40.5600 57
40.5920 41.3280 59
41.3600 41.4240 60
41.4560 41.5840 61
41.6160 41.6160 59
41.6480 41.8720 57
42.0640 42.1280 56
42.1600 42.2560 55
42.4480 42.4800 54
42.6720 42.7680 57
43.1200 43.2160 56
43.2480 43.3440 57
43.5360 43.6000 58
43.6320 43.7280 59
43.8560 44.3360 59
44.3680 44.4320 61
44.4640 44.4640 59
44.4960 45.0080 57
45.0400 45.0720 55
45.5200 45.6800 56
45.7120 45.8080 60
45.8400 46.0640 62
46.1600 46.1600 67
46.2240 46.3520 60
46.3840 46.5120 61
46.5440 46.5440 59
46.8000 46.8640 59
46.8960 47.0240 57
47.0560 47.0880 58
47.1200 47.2480 59
47.2800 47.3120 58
47.3440 47.5040 57
47.5360 47.6320 59
47.6640 47.7600 61
47.7920 49.0080 57
49.0400 49.1360 55
50.1280 50.2880 61
50.4800 50.5120 63
50.5440 51.1840 64
51.3760 51.5360 64
51.5680 51.6000 63
51.6640 51.7280 63
51.7600 51.8880 64
52.1120 52.1440 63
52.1760 52.9120 64
53.0400 53.0720 59
53.1040 53.1360 60
53.1680 53.3280 61
53.3600 53.3920 60
53.4240 53.4880 59
53.5200 53.5840 57
53.7440 53.9040 57
54.2560 54.4480 61
54.6400 54.9280 61
54.9600 55.1200 60
55.1520 55.5680 61
55.7600 56.1440 61
56.1760 56.2080 60
56.2400 56.2720 58
56.3040 56.4000 56
56.4320 56.9440 54
56.9760 57.0400 55
57.2000 57.3920 57
57.7760 58.1920 57
58.2240 58.2560 58
58.2880 58.7680 59
58.8000 58.8320 58
58.8640 59.0880 57
59.2480 59.2800 59
59.3120 59.3440 60
59.3760 59.4720 61
59.5040 59.6960 60
59.7280 60.6560 61
60.6880 60.7200 60
60.7520 60.8800 59
61.0720 61.2000 60
61.8080 61.8720 66
61.9040 61.9360 64
61.9680 62.2560 62
62.2880 62.3520 64
62.3840 62.5760 63
62.6080 63.2480 64
63.2800 63.4080 63
63.4400 63.6320 64
63.7920 63.8880 63
63.9200 64.5920 64
64.6240 64.6560 62
64.6880 64.8160 60
64.8480 65.0400 61
65.0720 65.2000 59
65.2320 65.3280 57
65.4560 65.5840 56
65.6160 65.7760 57
65.8080 65.9360 60
65.9680 67.7600 61
67.7920 67.8240 60
67.9840 68.0800 56
68.1120 68.1440 55
68.1760 68.4960 54
68.7200 68.8800 56
68.9120 69.0720 57
69.4560 69.8720 57
69.9040 69.9360 58
69.9680 70.7040 59
70.7360 71.2480 57
71.2800 71.2800 55
71.4400 71.4720 56
71.5040 72.0800 57
72.1120 72.4640 56
72.6240 72.7840 57
72.8800 72.9760 53
73.0080 73.3600 52
91.1200 91.2160 70
97.0720 97.3280 56
97.4560 97.4880 56
97.5200 97.8080 57
97.8400 97.9040 56
98.0000 98.4160 57
98.5440 98.7040 54
98.7360 98.9920 57
99.2160 99.2480 57
99.4400 99.5680 57
99.6000 99.6640 56
99.8560 99.9200 56
99.9520 100.2720 57
100.3040 100.3360 55
100.8480 100.9120 56
100.9440 101.5200 57
101.6480 102.2240 57
102.2560 102.6080 56
102.7360 102.7680 55
102.8000 102.9280 56
102.9600 103.2160 57
103.2480 103.2480 55
103.7920 103.8880 67
104.0480 104.1120 57
104.2400 104.3360 57
104.3680 104.4000 55
104.4320 104.5280 54
104.5600 104.6880 56
104.7200 104.8160 54
104.9760 105.2000 57
105.2320 105.4560 54
105.4880 105.5520 57
105.5840 105.7120 56
105.8720 106.0000 56
106.0320 106.6400 57
106.8000 106.9600 56
106.9920 107.6320 57
108.8160 108.8480 56
108.8800 109.2000 57
109.3600 109.4880 56
109.6800 109.8400 56
109.8720 110.1280 57
110.1600 110.3200 56
110.6400 110.7680 57
110.8000 110.9280 59
110.9600 111.0240 63
111.1520 111.5680 61
111.6000 112.0160 57
112.2720 113.0400 57
113.1680 113.2320 57
113.3600 113.5840 57
113.7760 113.8400 60
113.9040 113.9040 58
114.1280 114.5760 59
114.6080 114.9920 56
115.0240 115.0880 54
115.2480 115.4080 51
115.5680 115.6320 54
115.7920 115.9520 57
116.1440 116.2720 56
116.3040 116.5280 54
116.6880 116.8160 56
116.8480 117.0080 54
117.0400 117.3920 55
117.4240 117.5200 57
117.8720 118.3520 59
118.3840 118.4480 60
118.4800 118.6720 58
118.7040 119.1840 57
119.9520 120.0480 64
120.3040 120.5280 61
120.5600 120.6560 60
120.6880 120.7840 64
120.8160 120.8160 61
121.0720 121.1360 62
121.1680 121.5840 61
121.9680 122.1600 61
122.3520 122.5120 61
122.7040 122.8960 61
122.9280 122.9920 63
123.0240 123.0560 61
123.2800 123.5040 61
123.6960 123.9200 61
123.9520 124.0800 63
124.1120 124.4960 61
124.6880 124.7520 61
124.8800 125.0080 61
125.2640 125.3920 61
125.5840 125.6800 61
126.1600 126.4480 61
126.5760 126.5760 62
126.6400 126.6720 61
126.8960 126.9600 62
126.9920 127.4080 61
127.9840 128.1760 61
128.3680 128.4320 58
128.4640 128.5280 57
128.5600 128.7200 56
128.7520 128.9440 57
129.2640 129.4240 56
129.4560 129.6800 57
129.8080 129.8720 64
129.9040 129.9680 63
130.0000 130.4160 61
130.4480 130.8000 59
131.0880 131.2480 58
131.2800 131.3760 59
131.4080 131.5360 57
131.6960 131.7600 57
132.0160 132.0800 56
132.2080 132.3360 59
132.5600 132.9120 59
133.1040 133.4560 57
133.4880 133.5840 56
133.6160 133.7760 57
133.8080 133.8400 56
133.8720 133.9680 54
134.0000 134.0960 56
134.4160 134.5760 57
134.6080 134.8960 56
134.9280 135.1200 57
135.1520 135.2800 59
135.3120 135.5680 61
135.6000 135.6640 60
135.6960 135.8560 59
136.0480 136.6880 57
136.7200 136.8160 56
136.8480 136.8480 54
137.3280 137.9040 57
138.2560 138.4480 57
138.4800 138.5440 56
139.1840 139.3440 57
139.3760 139.4720 61
139.5040 139.6960 62
139.9200 140.0160 60
140.0480 140.1760 61
140.2080 140.2400 58
140.4320 140.5280 59
140.5600 140.6880 57
140.7200 140.7840 58
140.8160 140.9120 59
140.9440 141.1360 56
141.1680 141.2960 59
141.3280 141.4240 61
141.4560 142.2880 56
142.3200 142.4480 57
142.4800 142.6720 56
143.3440 143.4080 62
143.4400 143.5040 61
143.5360 143.5360 59
143.5680 143.6320 56
143.7600 143.9840 61
144.1120 144.1760 63
144.2080 144.8480 64
145.0400 145.2320 64
145.3920 145.5520 64
145.7760 145.8080 63
145.8400 146.5760 64
146.7040 146.7360 59
146.7680 146.8000 60
146.8320 147.0560 61
147.0880 147.1520 59
147.1840 147.2480 57
147.4080 147.6000 57
147.9200 148.1120 61
148.3040 148.5920 61
148.6240 148.7840 60
148.8160 149.1040 61
149.1360 149.2000 60
149.4240 149.8400 61
149.8720 149.9360 58
149.9680 150.0000 56
150.0320 150.0640 55
150.0960 150.6080 54
150.6400 150.7040 55
150.8640 151.0560 57
151.4080 151.8560 57
151.8880 151.9200 58
151.9520 152.4640 59
152.4960 152.7520 57
152.9120 152.9440 59
152.9760 153.3600 60
153.3920 154.3840 61
154.4160 154.5120 59
154.7360 154.8000 52
154.8320 154.8640 51
155.3760 155.4080 63
155.4400 155.5680 66
155.6000 155.9200 62
155.9520 156.0160 64
156.0480 156.2400 63
156.2720 156.9120 64
156.9440 157.0400 63
157.0720 157.2960 64
157.4560 157.7760 63
157.8080 158.2240 64
158.3520 158.4800 60
158.5120 158.7040 61
158.7360 158.8640 59
158.8960 158.9280 57
158.9600 158.9920 56
159.1200 159.2480 56
159.2800 159.4400 57
159.4720 159.5040 60
159.5360 161.1680 61
161.2960 161.4560 61
161.6480 161.7440 56
161.7760 161.8080 55
161.8400 162.1920 54
162.3840 162.5440 56
162.5760 162.7680 57
163.1200 163.6000 57
163.6320 163.6960 59
163.7280 163.8240 58
163.8560 164.3360 59
164.3680 164.4000 58
164.4320 164.8160 57
164.8480 165.2000 56
165.2320 165.7120 57
165.7440 166.1280 56
166.6720 167.0240 52
167.5360 168.2720 64
168.4320 168.6560 64
168.8160 168.9760 64
169.1680 169.9680 64
170.0960 170.5120 60
170.5440 170.6720 57
170.8320 170.9920 57
171.3440 171.5040 61
171.7280 172.5920 61
172.8160 173.2320 61
173.2640 173.3280 58
173.3600 173.4560 56
173.4880 174.0960 54
174.2560 174.4480 57
174.8320 175.3120 57
175.3440 175.8240 59
175.8560 176.1440 57
176.3040 176.4000 59
176.4320 177.7440 61
177.7760 177.9360 59
178.8320 178.9600 67
178.9920 179.3440 62
179.3760 180.6880 64
180.8800 181.1680 63
181.2000 181.6800 64
181.7120 182.1280 61
182.1600 182.2880 59
182.3200 182.3840 57
182.5440 182.6400 56
182.6720 182.8640 57
182.8960 182.9920 60
183.0240 183.2480 61
183.3760 184.4000 61
184.4320 184.5920 60
184.7200 184.7200 59
184.7520 184.9120 61
185.0720 185.1360 56
185.1680 185.5840 54
185.8080 185.9360 56
185.9680 186.1920 57
186.5120 187.0240 57
187.0560 187.2480 58
187.2800 187.7920 59
187.8240 188.2080 57
188.2400 188.3040 56
188.3360 188.4640 55
188.4960 188.6240 56
188.6560 188.7840 57
188.8160 189.5200 56
189.5520 189.6800 57
189.7120 189.9680 56
199.0560 199.2160 69
200.5280 201.5840 61
203.7600 204.4640 64
