27.1200 27.2800 68
27.4080 27.8240 71
27.9840 29.4240 73
29.4560 29.6160 75
29.6480 29.8400 74
29.8720 29.9680 72
30.0000 30.1600 71
31.8560 32.1120 66
32.2400 32.8160 66
33.1040 33.2000 66
33.3280 33.3920 64
33.4240 33.4560 63
33.5840 33.7120 61
33.7440 33.7760 60
33.8080 34.0640 59
34.8640 34.9600 66
34.9920 35.1840 64
35.2160 35.2480 65
35.2800 35.4400 66
35.4720 35.6960 67
36.5280 36.5920 66
36.6240 36.6880 65
36.7200 36.8160 64
37.0400 37.2320 66
37.2640 37.3280 67
37.3600 37.5200 68
37.9040 38.3200 64
38.4480 38.5440 65
38.7680 39.3440 66
40.8160 40.9440 68
41.1040 41.6480 71
41.6800 43.0880 73
43.1200 43.5360 74
43.6960 43.8560 71
44.1760 44.3680 68
45.5520 46.2240 66
46.3840 46.6400 66
46.8320 46.9600 66
46.9920 47.1520 64
47.2800 47.4080 61
47.4400 47.6000 60
48.5280 48.6560 66
48.6880 48.7200 65
48.7520 48.8480 64
48.8800 48.9120 65
48.9440 49.1360 66
49.1680 49.3600 67
50.1920 50.3200 66
50.4480 50.5120 65
50.7360 51.0240 66
51.6640 51.9200 64
51.9520 52.0160 65
52.0480 52.1760 66
52.4960 52.8800 66
56.2080 56.3040 71
56.3360 56.3680 72
56.4000 56.6560 73
56.6880 57.0080 71
57.2000 57.4560 64
57.4880 57.5200 65
57.5520 57.7760 66
57.9360 58.0960 67
58.1280 58.3200 68
58.3520 58.3840 67
58.4160 59.8880 66
60.1120 60.3680 66
63.0560 63.2160 71
63.2480 63.4400 73
63.4720 63.5040 72
63.5360 63.8560 71
64.1120 64.3360 64
64.3680 64.4000 65
64.4320 64.6560 66
64.7520 64.8800 66
64.9120 64.9440 67
64.9760 65.1680 68
65.2000 65.2640 67
65.2960 66.8000 66
66.9280 67.3120 66
70.0000 70.0640 67
70.1920 70.5120 69
70.5440 70.6400 68
70.6720 70.7360 67
70.7680 70.8320 66
71.0560 71.2160 63
71.2480 71.2800 61
71.3120 71.9840 59
72.3360 72.4320 60
72.6240 72.6880 65
72.7200 72.8800 66
72.9120 73.1680 64
73.2000 73.3600 67
73.3920 73.5840 68
74.0000 74.1600 64
74.2880 74.3520 65
74.3840 74.5760 66
74.7040 74.9920 64
75.0240 75.2160 63
75.2480 75.2800 62
75.3120 75.9840 61
76.7840 76.8480 66
77.0400 77.2000 69
77.2320 77.3280 70
77.3600 77.4880 69
77.5200 77.7440 68
77.7760 77.8080 67
77.8400 78.0640 64
78.0960 78.1280 61
78.1600 78.2240 59
78.3520 78.4800 59
79.1520 79.3120 59
79.3440 79.3760 64
79.4080 79.4720 65
79.5040 79.7600 66
79.7920 80.0160 64
80.0480 80.0800 66
80.1120 80.3680 67
80.8480 81.0080 64
81.1360 81.2000 64
81.2320 81.4240 66
81.4560 81.9360 64
81.9680 82.1280 66
82.1600 82.2240 65
82.3840 82.7680 64
82.8000 83.1200 61
83.6320 83.7920 71
83.8240 83.9520 73
84.0800 84.3040 71
84.4640 84.6240 62
84.6560 84.9440 64
84.9760 85.1040 66
85.3600 85.4880 66
85.5200 85.7440 68
85.7760 85.7760 66
85.8080 85.9360 64
85.9680 87.2800 66
88.2720 88.5280 66
88.5600 88.6880 64
88.7200 88.9440 66
88.9760 89.3920 64
89.4240 90.0320 61
90.0640 90.1600 60
90.5120 90.5120 69
90.5440 90.6400 71
90.6720 90.8320 73
90.8640 91.2160 71
91.3760 91.4400 62
91.4720 91.7920 64
91.8240 92.0160 66
92.2400 92.2400 62
92.2720 92.3680 67
92.4000 92.4960 68
92.6560 92.8160 64
92.8480 93.8400 66
93.8720 93.9040 65
95.2800 95.3760 63
95.4080 95.5040 62
95.5360 95.6320 61
95.6640 95.8240 63
95.8560 95.9200 64
96.1120 96.6240 66
96.6560 97.4560 64
99.0560 99.2800 68
99.3120 99.5040 71
99.9200 100.1440 68
100.1760 100.2080 69
104.4000 104.4640 64
105.9040 106.1280 68
106.1600 106.3520 71
106.5760 106.6720 70
106.7680 106.9920 68
107.0240 107.1520 71
109.3280 109.5200 68
109.6480 110.0960 71
110.2560 111.5680 73
111.7600 111.9200 75
111.9520 112.1760 74
112.2080 112.4640 71
112.6560 112.7840 68
113.6800 113.7440 63
113.7760 113.8720 65
114.0960 114.7040 66
114.9600 115.1520 66
115.1840 115.3120 68
115.3440 115.5680 66
115.6000 115.7280 64
115.7600 115.8240 63
115.8560 115.9840 61
116.0160 116.2720 59
117.1360 117.2320 66
117.2640 117.4880 65
117.5200 117.7440 66
117.7760 117.9040 68
118.8320 119.5040 66
120.2400 120.5600 64
120.5920 120.8160 65
121.0080 121.6800 66
123.1520 123.2480 68
123.4080 123.8880 71
123.9200 123.9520 72
123.9840 124.6560 73
124.6880 124.7200 72
124.8480 125.2000 73
125.2320 125.8400 74
125.8720 125.9680 73
126.0000 126.1600 71
126.4160 126.8000 68
127.4720 127.4720 71
127.8880 128.9440 66
129.1040 129.2000 66
129.2320 129.3920 65
129.5840 129.7760 61
129.8080 130.0640 59
130.8320 130.9920 66
131.0240 131.2160 64
131.2480 131.4720 66
131.5040 131.6320 68
132.5280 132.6880 66
132.7200 132.8480 64
133.0080 133.3280 66
133.9040 134.3520 64
134.3840 134.5120 66
134.7360 135.4400 66
135.4720 135.5360 69
135.5680 135.6960 71
135.7280 135.7600 69
135.7920 136.3040 67
136.4640 136.5920 62
136.6240 136.7200 61
136.7520 136.8160 60
136.8480 137.1040 59
137.1360 137.2320 60
137.2640 137.3280 62
137.3600 137.3920 63
137.4240 138.0320 64
138.5440 138.6080 71
138.6400 138.6720 72
138.7040 138.9280 73
138.9600 138.9920 72
139.0240 139.2800 71
139.4080 139.8240 64
139.8560 140.0800 66
140.1760 140.4000 67
140.4320 140.5920 68
140.6240 140.6560 67
140.6880 142.9600 66
143.0880 143.1520 66
145.3600 145.4880 72
145.5200 145.7760 73
145.8080 145.8400 72
145.8720 146.1280 71
146.2880 146.4160 63
146.4480 146.6400 64
146.6720 146.7040 65
146.7360 146.9280 66
147.0880 147.2160 66
147.2480 147.5040 68
147.5360 149.6480 66
152.2080 152.2400 65
152.2720 152.3360 67
152.4640 152.7520 69
152.7840 153.0080 68
153.3600 153.4560 64
153.4880 153.5200 62
153.5520 154.1280 59
154.6080 154.7360 59
154.7680 154.7680 61
154.8000 154.9920 67
155.0560 155.1200 66
155.1520 155.4400 64
155.6000 155.8880 68
156.3360 156.4320 64
156.4640 156.9120 66
156.9440 157.3600 64
157.3920 157.5200 63
157.5520 157.6160 62
157.6480 157.6800 61
157.8080 158.3840 61
159.0240 159.0880 64
159.1200 159.1840 67
159.3120 159.6960 69
159.7280 159.8240 68
159.8560 159.8880 67
160.0800 160.1440 67
160.1760 160.3040 64
160.3360 160.3360 62
160.4640 160.5280 59
160.6560 161.1040 59
161.4560 161.6160 59
161.6480 161.7760 65
161.8080 162.0000 66
162.0320 162.0960 65
162.1280 162.3200 64
162.3520 162.4160 66
162.4480 162.8320 67
163.1520 163.2480 63
163.4080 163.4400 64
163.4720 163.5040 65
163.5360 163.6960 66
163.8240 163.8560 63
163.8880 164.1120 64
164.2720 164.3360 67
164.3680 164.5600 68
164.6880 164.9440 64
164.9760 165.0720 63
165.1040 165.2000 62
165.2320 165.3600 61
165.3920 165.5840 62
165.9040 166.0640 71
166.0960 166.2560 73
166.3840 166.6720 71
166.7040 166.7040 65
166.7360 166.8320 62
166.8640 166.8960 63
166.9280 167.1520 64
167.1840 167.2160 65
167.2480 167.3760 66
167.6320 167.7920 66
167.8240 168.0480 68
168.0800 168.2400 65
168.2720 170.4480 66
170.6400 170.7680 66
170.8000 171.0560 64
171.0880 171.2160 66
171.2480 171.7280 64
171.7600 172.6560 61
172.8160 172.9440 71
172.9760 173.1040 73
173.2320 173.5200 71
173.5520 173.5520 68
173.5840 173.7440 62
173.7760 174.0640 64
174.0960 174.3520 66
174.5120 174.5120 63
174.5440 174.6720 66
174.7040 174.8320 68
174.9600 175.0880 64
175.1200 176.6240 66
177.5520 177.6800 63
177.7120 177.9360 62
177.9680 178.1920 63
178.3840 179.1840 64
179.2160 179.4080 67
179.4400 179.4720 68
179.5040 179.6320 69
179.6640 183.0560 68
183.1840 183.5040 68
183.5360 183.6000 67
183.6320 183.8560 66
184.3360 184.4960 63
184.5280 184.6240 62
184.6560 184.7520 61
184.7840 184.9440 63
184.9760 185.0400 64
185.2320 185.7120 64
185.7440 186.1280 66
186.1600 186.2880 67
186.3200 186.4800 66
186.5120 186.9280 67
186.9600 187.6000 68
187.6320 187.7920 69
187.8240 188.4000 68
188.4320 188.6240 70
188.6560 188.6880 68
188.7200 189.2320 66
189.2640 189.4880 68
189.5200 190.1280 67
190.1600 190.3840 68
191.2480 191.3760 63
191.4080 191.5360 62
191.5680 191.6960 61
191.7280 192.0480 63
192.0800 192.9120 64
192.9440 193.1680 66
193.3600 193.4880 71
193.5200 193.7120 73
193.7440 193.7760 72
193.8080 194.8960 71
194.9280 195.0560 70
195.0880 195.2480 68
195.2800 195.5040 67
195.5360 195.6640 68
195.6960 195.8240 67
195.8560 196.3680 68
196.4000 196.4320 67
196.4640 197.5840 66
197.7440 197.9360 66
197.9680 198.0000 65
198.0320 198.2240 63
198.2560 198.3840 62
198.5120 198.7360 63
198.9280 199.6000 64
199.6320 199.9200 65
199.9520 200.2400 64
200.2720 200.3040 66
200.3360 200.4000 67
200.4320 202.1280 68
202.1600 202.2880 70
202.3200 202.3520 69
202.3840 203.2160 68
203.2480 203.2800 67
203.3120 203.6320 66
203.6640 204.2720 67
204.7840 204.8480 67
205.7760 205.8400 66
205.8720 205.9040 67
205.9360 206.1600 68
206.1920 206.2240 67
206.2560 206.8640 66
206.8960 207.0240 70
207.0560 207.3760 68
207.4080 207.5360 67
207.5680 208.2720 64
208.3040 208.5920 65
208.6240 208.8160 64
209.0400 209.0400 62
209.3920 210.0320 59
210.1920 210.5120 58
210.8320 210.9600 56
