18.3520 18.4160 56
18.4480 18.5120 58
18.6720 18.7360 62
18.7680 19.1520 63
19.1840 19.4400 65
19.4720 19.6640 68
19.6960 20.4640 65
20.9440 21.1680 63
21.2000 21.3600 65
21.5200 21.6160 68
21.6480 21.7120 67
21.7440 22.4480 65
22.9600 23.2480 63
23.2800 23.3440 62
23.3760 23.4720 61
23.5040 23.6000 60
23.6320 23.8560 58
23.9840 24.0480 60
24.0800 24.5280 63
25.0720 25.3600 63
25.3920 25.4560 62
25.4880 26.0320 61
26.0640 26.4800 62
26.9600 27.0560 61
27.1840 27.3440 62
27.3760 27.6640 63
27.6960 27.8240 64
27.8560 27.8560 62
27.8880 27.8880 60
28.0160 28.3680 56
28.4000 28.4640 57
28.4960 28.6560 58
28.7840 28.8800 61
28.9120 29.2640 62
29.2960 29.3920 61
29.4240 29.4880 60
29.5200 29.8080 58
29.8400 29.9360 57
30.0640 30.3200 56
30.3520 30.3840 57
30.4160 30.7360 58
31.2160 31.3440 61
31.3760 31.4080 62
31.4400 31.5680 63
31.7280 31.9840 63
32.0160 32.1440 65
32.2720 32.4640 63
32.4960 32.8160 65
32.8480 32.9760 67
33.0080 33.4880 65
33.6480 33.7760 67
33.8080 33.8400 65
33.8720 34.0320 63
34.0640 34.1600 62
34.1920 34.7680 63
34.8000 34.8320 62
35.5360 35.6320 61
35.6640 35.7920 62
35.9520 36.2080 63
36.2400 36.3680 65
36.4000 36.4320 66
36.4640 36.4960 67
36.5280 36.6560 68
36.7840 37.4880 65
38.0640 38.0960 62
38.1280 38.3520 63
38.3840 38.6080 65
38.6400 38.8640 68
38.8960 39.5040 65
39.5360 39.5680 64
40.2720 40.4960 63
40.5280 40.5600 62
40.5920 40.6560 61
40.7840 41.0080 58
41.0400 41.1360 59
41.1680 41.1680 61
41.2320 41.6160 63
41.6480 41.7120 62
41.9040 42.0000 60
42.0320 42.0960 61
42.1280 42.1920 62
42.2240 42.3200 64
42.3520 42.4800 63
42.5120 42.5760 62
42.6080 43.0880 61
43.1200 43.1840 62
43.2160 43.5680 63
43.9840 44.2720 61
44.3040 44.7840 63
44.8160 44.9120 64
44.9440 45.0080 63
45.0400 45.0400 61
45.2640 45.5520 56
45.5840 45.6160 57
45.6480 45.7120 58
45.7440 45.8720 59
45.9040 45.9360 60
45.9680 46.0640 61
46.2240 46.3200 63
46.3520 46.3840 62
46.4160 46.5760 61
46.6080 46.6400 60
46.6720 46.7040 59
46.7360 47.0880 58
47.2800 47.4720 57
47.5040 48.0480 58
48.4640 48.5280 60
48.5600 48.7520 61
48.7840 48.8160 64
48.8480 48.9760 67
49.0080 49.2320 65
49.2640 49.2960 63
49.3280 49.5520 61
49.5840 49.6160 62
49.6480 49.6800 65
49.7120 49.8080 66
49.8400 50.0320 65
50.0640 50.0960 63
50.1280 50.2880 61
50.5120 50.6080 61
50.6400 50.6720 60
50.7040 50.9280 59
50.9600 50.9920 60
51.0240 52.1440 61
54.5120 54.5120 59
54.5440 54.5760 61
54.6080 54.6400 62
54.6720 54.8320 63
54.9600 55.3120 65
55.3440 55.4080 67
55.4400 55.4720 66
55.5040 56.1760 65
56.3040 56.4640 63
56.4960 56.5280 62
56.5600 57.3280 61
57.3600 57.3920 62
57.4240 57.5200 63
57.6480 57.7440 68
57.7760 57.8400 67
57.8720 58.5760 65
58.9920 58.9920 62
59.0240 59.2160 65
59.2480 59.4080 68
59.5360 59.5680 69
59.6000 59.7280 72
59.7600 59.8560 71
59.8880 59.9520 70
59.9840 60.1120 68
60.1440 60.2400 67
60.2720 60.3040 66
60.3360 60.5280 65
60.5600 60.6560 62
60.6880 60.9440 63
60.9760 61.0080 67
61.0400 61.3280 68
61.3600 61.5520 65
61.6800 62.7680 65
63.5360 63.8880 68
63.9200 64.0160 69
64.0480 64.2400 68
64.2720 64.3040 67
64.3360 64.5920 66
64.6240 64.7520 65
64.9120 65.2960 63
65.3280 65.3600 64
65.3920 65.6800 65
65.7120 65.8080 66
65.9680 66.1920 66
66.2240 66.4160 68
66.4480 66.4800 62
66.5120 66.7040 60
66.8320 67.0240 61
67.5680 67.7280 65
67.8560 67.9520 63
67.9840 68.0160 62
68.0480 68.2400 61
68.4000 68.4000 68
68.4320 68.5280 72
68.5600 68.8160 73
68.8480 69.2960 68
69.3280 69.5200 70
69.5520 69.9040 68
69.9360 69.9680 66
70.0000 70.4480 65
70.4800 70.8000 63
70.8320 70.9600 62
70.9920 71.1520 63
71.6960 71.7600 61
71.7920 71.8240 62
71.8560 72.0800 63
72.1120 72.2400 65
72.3680 72.4960 65
72.5280 72.5920 67
72.6240 72.6560 66
72.6880 73.3280 65
73.4560 73.5840 63
73.6160 73.6480 62
73.6800 74.4160 61
74.4480 74.4800 62
74.5120 74.6400 63
74.7680 74.9600 68
74.9920 75.6960 65
76.1440 76.1760 64
76.2080 76.3360 65
76.3680 76.6880 68
76.7200 76.7200 70
76.7520 76.8480 73
76.8800 76.9120 71
76.9440 77.0720 70
77.2000 77.4240 68
77.4560 77.6160 70
77.6480 77.6480 68
77.6800 78.0640 63
78.0960 78.1600 65
78.1920 78.2560 67
78.2880 78.4160 68
78.4480 78.5120 67
78.5440 79.8240 65
80.6880 81.0080 68
81.0400 81.1680 69
81.2000 81.3920 68
81.4240 81.6800 66
81.7120 81.8720 65
81.9040 81.9360 64
81.9680 82.5120 63
82.5440 82.7680 65
82.8000 82.9920 66
83.0240 83.1200 64
83.1520 83.3120 66
83.3440 83.5040 68
83.6640 83.8880 60
83.9200 84.4960 61
85.0400 85.1040 64
85.1360 85.3280 63
85.3600 85.4880 65
85.6160 85.7120 63
85.7440 85.9360 65
86.0640 86.2560 68
86.2880 86.3200 66
86.3520 86.5760 65
86.6080 86.6400 62
86.7680 87.0240 56
87.0560 87.1520 57
87.1840 87.2800 61
87.3120 87.3440 62
87.3760 88.0480 63
88.7520 89.0400 63
89.0720 89.2640 65
89.2960 89.3280 67
89.3600 89.4880 68
89.5200 89.5520 67
89.5840 89.6160 66
89.6480 89.7440 65
89.7760 89.8720 63
89.9040 89.9360 62
89.9680 91.6640 61
102.7680 102.8320 56
106.0960 106.1600 56
106.1920 106.2880 59
106.3200 106.3520 60
106.3840 106.5120 62
106.7040 106.9920 63
107.0240 107.2160 65
107.2480 107.2800 67
107.3120 107.4400 68
107.5680 108.2400 65
108.7200 108.8480 62
108.8800 109.0400 63
109.0720 109.2640 65
109.3920 109.5840 68
109.6160 110.2240 65
110.9600 111.1520 63
111.1840 111.2800 62
111.3120 111.4080 61
111.4400 111.8880 58
111.9200 111.9200 61
111.9520 112.4320 63
112.4640 112.5280 62
112.5600 112.8480 61
112.8800 112.9440 62
112.9760 113.0720 65
113.1040 113.1360 64
113.1680 113.2960 63
113.3280 113.4240 62
113.4560 113.8720 61
113.9040 113.9360 62
113.9680 114.3520 63
114.7360 114.9920 61
115.0240 115.5040 63
115.5360 115.6960 64
115.7280 115.7280 62
115.7600 115.7600 60
115.8880 116.3040 56
116.3360 116.3680 57
116.4000 116.4960 58
116.6240 116.7520 61
116.9120 117.0080 63
117.0400 117.0720 62
117.1040 117.1360 61
117.1680 117.2960 60
117.3280 117.4240 59
117.4560 117.7760 58
118.0000 118.1600 57
118.1920 118.6400 58
118.6720 118.7680 59
119.2480 119.4400 61
119.4720 119.5360 62
119.5680 119.5680 64
119.6000 119.6000 66
119.6320 119.6960 68
119.7280 119.9200 65
119.9520 119.9840 63
120.0160 120.2400 61
120.3680 120.3680 63
120.4000 120.4960 66
120.5280 120.6240 64
120.6560 120.7520 65
120.7840 120.8800 62
120.9120 120.9760 61
121.2000 121.3600 62
121.3920 121.4240 60
121.4560 121.5840 58
121.6160 121.7120 59
121.7440 122.5440 61
122.5760 122.7680 60
122.8000 123.0880 61
125.2640 125.2960 61
125.3280 125.5520 62
125.6800 126.0320 65
126.0640 126.1600 67
126.1920 126.8960 65
126.9280 126.9600 64
126.9920 127.1520 63
127.1840 127.2160 62
127.2480 127.9840 61
128.0160 128.0800 62
128.1120 128.3360 63
128.3680 128.5280 68
128.5600 129.2960 65
129.7440 129.9040 65
129.9360 130.0960 68
130.2560 130.2560 68
130.2880 130.2880 70
130.3200 130.4480 73
130.4800 130.7360 70
130.7680 130.9280 68
130.9600 131.0240 67
131.0560 131.2800 65
131.3120 131.5040 63
131.5360 131.6320 62
131.6640 131.6640 64
131.6960 131.7280 67
131.7600 132.0480 68
132.0800 132.2400 65
132.4000 133.6480 65
134.2560 134.5760 68
134.6080 134.7360 69
134.7680 134.9280 68
134.9600 135.1200 67
135.1520 135.3120 66
135.3440 135.4400 65
135.6320 135.7280 62
135.7600 136.0800 63
136.1120 136.3360 65
136.3680 136.5280 66
136.6560 136.7200 66
136.7520 136.8800 65
136.9120 137.1040 67
137.1360 137.3280 60
137.3600 137.3920 59
137.5200 137.7760 61
138.2560 138.3840 65
138.4160 138.4480 64
138.5760 138.6720 63
138.7040 138.7360 62
138.7680 138.9600 61
139.1200 139.1200 70
139.1520 139.2160 72
139.2480 139.4720 73
139.5040 139.5040 71
139.5360 139.9840 68
140.0160 140.2080 70
140.2400 140.3040 66
140.3360 140.3680 67
140.4000 140.5280 68
140.5600 140.6240 67
140.6560 141.1360 65
141.1680 141.8720 63
142.4160 142.4800 61
142.5120 142.5440 62
142.5760 142.8000 63
142.8320 142.9920 65
143.0880 143.1840 65
143.2160 143.3120 67
143.3440 144.0800 65
144.1120 144.1440 64
144.1760 144.3680 63
144.4000 145.1360 61
145.1680 145.2000 62
145.2320 145.3920 63
145.5200 145.6800 68
145.7120 145.9360 65
146.0640 146.4160 65
146.8960 147.0880 65
147.1200 147.3760 68
147.4080 147.4720 71
147.5040 147.6000 73
147.6320 147.7920 70
147.9200 148.1440 68
148.1760 148.3680 70
148.4000 148.4000 68
148.4320 148.6880 63
148.8160 148.9120 65
148.9440 149.2000 68
149.2320 150.6400 65
151.3760 151.6960 68
151.7280 151.8560 69
151.8880 152.1120 68
152.1440 152.4320 66
152.4640 152.5920 65
152.6240 152.6560 64
152.6880 153.1360 63
153.2640 153.4880 65
153.5200 153.7120 66
153.7440 153.8400 65
153.8720 154.0320 66
154.0640 154.2240 68
154.3840 154.6080 60
154.6400 155.2160 61
155.7600 155.8240 64
155.8560 156.0480 63
156.0800 156.2080 65
156.3360 156.4320 63
156.4640 156.6240 65
156.7840 156.9760 67
157.0080 157.0400 66
157.0720 157.2960 65
157.3280 157.3280 62
157.3600 157.3600 60
157.3920 157.3920 58
157.4240 157.6480 56
157.6800 157.8080 57
157.8400 157.9040 58
157.9360 158.2880 61
158.3200 158.8320 63
159.5040 159.7920 63
159.8240 159.9840 65
160.0160 160.3040 67
160.3360 160.4320 65
160.4640 160.4960 63
160.5280 160.6560 62
160.6880 162.2560 61
162.2880 162.5760 60
164.7200 164.7840 58
165.0720 165.2000 66
165.2320 165.4880 65
165.5200 165.7440 63
165.7760 165.8720 62
165.9040 166.0320 61
166.0640 166.2880 58
166.3200 166.3840 59
166.4160 166.4800 61
166.5120 166.7040 60
166.7360 166.8640 62
166.8960 167.2800 63
167.3120 167.3760 65
167.4080 167.4720 64
167.5040 167.7280 63
167.7600 167.7920 62
168.2080 168.3040 59
168.3360 168.4640 61
168.4960 168.5600 62
168.5920 168.8160 63
168.8480 169.0080 66
169.0400 169.5520 65
169.5840 169.6160 64
169.6480 169.8400 63
169.9360 170.0640 64
170.0960 170.2880 63
170.3200 170.3520 62
170.3840 170.7360 61
170.7680 170.7680 59
170.9280 170.9920 56
171.0240 171.1200 57
171.2480 171.7920 61
171.8240 171.9520 62
172.1120 172.1760 63
173.6160 173.7440 66
173.7760 174.2560 65
174.2880 174.4160 66
174.4480 174.6400 65
174.6720 174.9280 63
174.9600 175.1200 65
175.1520 175.2800 64
175.3120 175.7280 66
175.7600 175.8880 68
176.0160 176.5280 70
176.6880 177.0720 70
177.1040 177.2000 73
177.2320 177.6800 72
177.7120 177.7440 70
177.8080 178.0000 70
178.0320 178.0960 72
178.1280 178.1600 71
178.1920 178.5120 70
178.5440 178.6400 71
178.6720 178.8960 70
178.9280 179.1200 68
179.1520 179.1840 66
179.2160 179.3440 63
179.5040 182.5440 68
183.0880 183.2160 62
183.2480 183.4400 63
183.5680 183.6640 65
183.8240 183.8880 65
183.9200 183.9840 67
184.0160 184.7840 65
184.8160 185.0400 63
185.0720 185.1040 62
185.1360 185.8400 61
185.8720 185.9360 62
185.9680 186.1280 63
186.2560 186.3520 68
186.3840 186.4480 67
186.4800 187.1840 65
187.6000 187.6960 65
187.7280 187.8240 66
187.8560 187.8880 67
187.9200 187.9840 68
188.1120 188.1440 69
188.1760 188.3360 72
188.3680 188.5280 70
188.5600 188.8480 68
188.8800 189.1040 65
189.1360 189.3920 63
189.4240 189.5200 62
189.5520 189.5840 67
189.6160 189.9040 68
189.9360 190.0960 65
190.2240 191.3760 65
192.1440 192.4960 68
192.5280 192.6560 70
192.6880 192.7840 68
192.8160 192.8800 67
192.9120 193.2320 66
193.2640 193.2960 65
193.4880 193.5200 62
193.5520 193.8720 63
193.9040 193.9360 64
193.9680 194.1920 65
194.2240 194.3200 66
194.5120 194.6400 66
194.6720 194.9280 68
195.0560 195.2160 60
195.3440 195.5360 61
196.1440 196.3360 65
196.4640 196.5600 62
196.5920 196.8480 61
196.9440 196.9440 64
196.9760 196.9760 70
197.0080 197.0720 72
197.1040 197.3280 73
197.3600 197.3600 71
197.3920 197.6160 68
197.7440 197.8080 67
197.8400 197.8720 69
197.9040 198.0960 70
198.1280 198.1600 71
198.1920 198.4800 68
198.5120 199.0240 65
199.0560 199.6640 63
200.2400 200.3040 61
200.3360 200.6560 63
200.6880 200.8800 65
200.9120 201.1680 66
201.2000 201.9680 65
202.0000 202.1920 63
202.2240 203.0240 61
203.0560 203.2480 63
203.3760 203.5040 68
203.5360 204.2400 65
204.7200 204.9120 65
204.9440 205.2320 68
205.2640 205.2640 70
205.2960 205.4560 72
205.4880 205.6480 70
205.7760 205.9360 68
205.9680 206.1920 70
206.2240 206.4800 63
206.6080 206.7680 66
206.8000 207.0880 68
207.1200 208.5920 65
209.1680 209.3280 68
209.4560 209.5520 68
209.5840 209.7120 70
209.7440 209.8720 68
210.0640 210.2560 66
210.2880 210.4800 65
210.5120 211.0560 63
211.0880 211.3120 65
211.3440 211.5040 66
211.5360 211.5360 64
211.6640 211.7600 65
211.7920 212.0160 68
212.2080 212.4320 60
212.4640 213.0400 61
213.5840 213.6800 65
213.8400 213.8720 63
213.9040 214.0640 65
214.2240 214.2560 64
214.2880 214.4800 65
214.6080 214.8000 68
214.8320 215.2160 65
215.2480 215.2480 62
215.2800 215.3120 59
215.3440 215.4080 57
215.4400 215.6640 56
215.6960 215.6960 58
215.7280 215.7600 61
215.7920 215.8560 62
215.8880 216.6880 63
217.2960 217.5520 63
217.5840 217.8080 65
217.8400 218.0000 68
218.0320 218.1280 67
218.1600 218.2880 65
218.3200 218.4480 63
218.4800 220.1440 61
