26.2880 26.3520 51
26.4160 26.4800 51
26.5120 26.7360 54
26.7680 26.8000 57
26.8320 27.1520 58
27.1840 27.2800 57
27.5680 27.9200 58
28.4000 28.5920 54
28.6240 28.7200 55
28.7520 29.3280 56
29.3600 29.4560 58
30.6400 31.6000 61
31.7920 31.9840 61
32.0160 32.1120 63
32.1440 32.1760 62
32.3040 32.4640 56
32.4960 33.2640 58
33.7760 33.9040 56
34.1280 34.2240 54
34.2560 34.3520 55
34.5120 34.7360 58
34.8960 34.9920 56
35.2160 35.2160 55
35.2480 35.6320 58
36.1440 36.3680 61
36.4000 36.5280 63
36.7520 36.9440 62
37.0720 37.1680 58
37.2000 37.7120 56
38.0640 38.1920 55
38.3200 38.9280 56
38.9600 39.0560 55
39.2480 39.6320 56
39.6640 39.8560 57
42.1600 42.4480 53
43.0880 43.3120 54
43.3440 43.4720 51
44.0480 44.6880 58
44.7200 44.8800 56
44.9120 45.1040 58
45.9680 46.1920 61
46.2240 46.6080 58
46.8960 47.0880 61
47.2800 47.5360 58
47.8880 47.8880 60
47.9200 49.3280 63
49.8080 49.9040 58
50.0960 50.1600 58
50.1920 50.9600 56
51.0240 51.0560 56
51.0880 51.5040 58
51.7280 52.1760 58
52.2080 52.3360 56
52.3680 52.4960 54
52.5280 52.9440 56
52.9760 53.0080 57
53.0400 53.3600 58
53.9040 54.2240 63
54.3840 54.8640 63
54.9920 55.3440 61
55.3760 55.4720 62
55.6320 56.4320 58
57.0080 57.2000 57
57.2320 57.5200 58
57.5520 57.7440 63
57.8720 59.1200 63
59.1520 59.6640 65
59.8560 60.7840 59
61.3600 62.2880 61
62.4800 62.8000 61
63.0240 63.2480 61
63.2800 63.9200 65
63.9520 64.7520 63
65.2000 66.1920 63
66.3520 66.8320 63
66.8640 67.4400 65
67.4720 67.5680 61
67.6000 68.5920 59
69.0080 69.5520 61
69.7120 69.9680 61
70.2240 70.3840 61
70.4160 70.6400 59
70.6720 70.8960 61
70.9280 70.9920 63
71.0240 71.1520 65
71.1840 72.7200 63
73.1040 73.2960 56
73.3280 73.4880 59
73.5200 73.7760 56
73.9040 74.0960 56
74.2560 74.4480 59
74.4800 74.4800 56
74.6080 74.8320 56
75.0560 75.1200 58
75.2800 75.4400 61
75.4720 75.6320 58
75.9840 76.1120 58
76.2400 76.4000 61
76.4320 76.7200 58
76.9440 77.0400 59
77.2000 77.3600 63
77.3920 77.5520 59
77.8720 78.0000 59
78.1280 78.2560 63
78.3520 78.6080 58
78.6400 79.8240 61
79.8560 80.0160 63
80.0480 80.3040 65
80.5600 80.7200 65
80.7520 81.2640 66
81.2960 82.1280 65
82.1600 83.1200 63
83.2480 83.9840 61
84.5920 85.0400 63
85.0720 85.1040 62
85.1360 85.7120 61
85.7440 85.7760 62
85.8080 85.9360 63
85.9680 86.0000 62
86.1280 87.8240 58
88.1760 88.2080 64
88.2400 88.4000 65
88.4320 88.9440 66
88.9760 89.9040 65
89.9360 90.8960 63
90.9280 91.6640 61
92.0800 92.2080 62
92.2400 92.9120 63
93.0400 93.3920 61
93.4240 93.4880 64
93.5200 93.6800 66
93.7120 93.8400 62
93.8720 95.4400 63
110.8320 110.9600 51
110.9920 111.0560 52
111.0880 111.3120 54
111.3440 111.4400 57
111.4720 111.7600 58
111.7920 111.8240 57
111.8560 112.0160 56
112.1440 112.4960 58
112.8480 112.8800 57
113.0400 113.1680 54
113.2000 113.2960 55
113.3280 113.9040 56
113.9360 114.0320 59
115.2160 115.2480 59
115.2800 116.2080 61
116.3680 116.5600 61
116.5920 116.7520 63
116.8800 117.0720 56
117.1040 118.0000 58
118.7360 119.0240 55
119.0560 119.4080 58
119.4400 119.6000 56
119.6320 119.7920 54
119.8240 120.2080 58
120.6880 121.1040 61
121.2960 121.3920 61
121.4240 121.5840 63
121.6160 121.7760 58
121.9360 121.9680 55
122.0320 122.3200 56
122.6080 122.7680 54
122.8960 123.6000 56
123.6320 123.6640 54
123.8240 124.2720 56
124.3040 124.4000 58
124.4320 124.4320 56
124.9120 125.1360 51
126.6720 126.9280 54
126.9600 126.9600 52
127.0880 127.0880 51
127.6960 127.8880 54
128.0160 128.1120 51
128.6880 129.2320 58
129.2640 129.4240 56
129.4560 129.9360 58
130.5120 130.7360 61
130.7680 130.8640 59
130.9920 131.1840 58
131.4400 131.6640 61
131.8880 132.1440 58
132.4960 132.4960 60
132.5280 133.9040 63
134.4160 134.4480 57
134.6720 134.7680 58
134.8000 135.0240 56
135.0560 135.3120 55
135.3440 135.6000 56
135.6320 135.6640 57
135.6960 136.0800 58
136.2720 136.6560 58
136.8160 136.9120 56
136.9440 137.2320 55
137.2640 137.5520 56
137.5840 137.7760 57
137.8080 137.9680 58
138.2880 138.5440 62
138.5760 138.8000 63
138.9280 139.3760 63
139.4080 139.4720 62
139.5040 139.8880 61
139.9200 140.0480 62
140.1760 140.3360 57
140.3680 141.0720 58
141.5840 141.7760 57
141.8080 142.0960 58
142.1280 142.1600 62
142.1920 142.2880 63
142.4480 142.4800 62
142.5120 143.0240 63
143.2480 143.3440 62
143.5040 143.6960 63
143.7280 144.0800 65
144.1120 144.2720 66
144.4000 145.5520 59
145.8080 145.8080 59
145.9040 147.2480 61
147.5360 147.7920 61
147.8240 147.8880 63
147.9200 148.2080 65
148.2400 148.3680 63
148.4000 148.4960 65
148.5280 149.4560 63
149.7120 151.4080 63
151.4400 151.7920 65
151.8240 152.0160 66
152.0480 152.0800 61
152.1120 153.2320 59
153.3920 153.4560 59
153.6800 154.6400 61
154.7360 154.7680 62
154.8000 154.9600 61
154.9920 155.2160 59
155.2480 155.4400 61
155.5680 155.6000 63
155.6320 155.7600 65
155.7920 157.2320 63
157.5840 157.8720 56
157.9040 158.0640 59
158.0960 158.3200 56
158.6080 158.8320 57
158.8640 158.9920 59
159.1520 159.3760 56
159.5680 159.8240 58
159.8560 159.9520 61
159.9840 160.0800 60
160.1120 160.3040 58
160.5280 160.7520 58
160.7840 160.9120 62
160.9440 161.2960 58
161.5200 161.7120 59
161.7440 161.9040 63
161.9360 162.1920 59
162.4160 162.6720 59
162.7040 162.8320 63
162.8640 163.1520 59
163.1840 164.3680 61
164.4000 164.5920 63
164.6240 164.9120 65
165.1040 165.2640 65
165.2960 165.8080 66
165.8400 166.7360 65
166.7680 167.6960 63
167.7280 168.6240 61
168.9440 169.1040 62
169.1360 169.6480 63
169.6800 169.8400 61
169.9680 170.3840 61
170.4160 170.5760 63
170.7680 172.0480 58
172.6880 172.7200 62
172.7520 172.7840 64
172.8160 172.9760 65
173.0080 173.5200 66
173.5520 174.4480 65
174.4800 175.4080 63
175.5360 176.2400 61
176.6880 176.7840 62
176.8160 177.4240 63
177.4560 177.4880 62
177.6480 177.9040 61
177.9360 178.0320 63
178.0640 178.2880 66
178.3200 179.9840 63
180.4960 180.6560 63
180.8480 181.4560 63
184.4640 184.6880 61
184.8160 184.8800 61
185.0720 185.1680 62
185.2000 185.2960 61
188.2080 188.2400 62
188.2720 188.4320 63
188.5600 189.0720 63
192.1440 192.9120 61
195.8240 195.8880 63
195.9200 196.0160 65
196.0480 196.5600 66
196.5920 197.4240 65
197.4560 197.4880 64
197.5200 198.4160 63
198.5440 199.2800 61
199.8560 199.8880 62
199.9200 199.9520 63
200.0480 200.5280 63
200.7840 201.1040 61
201.1360 201.2960 63
201.5840 202.6400 58
202.9280 202.9920 61
203.5360 203.6960 65
203.7280 204.2400 66
204.2720 205.1680 65
205.2000 206.1280 63
206.1600 207.0240 61
207.6000 208.2400 63
208.3680 208.5920 61
208.8160 209.0080 66
209.0400 209.3280 63
209.4240 209.5840 63
209.6800 210.4480 63
210.6720 210.9280 63
211.6320 211.7600 64
211.8240 211.8560 67
211.9200 211.9840 68
212.0160 212.3040 72
212.6880 212.7520 72
