6.7360 6.8320 68
25.4560 26.0000 60
26.0320 26.2560 62
26.2880 26.6400 63
26.6720 26.8960 65
26.9280 27.0240 63
27.2160 27.4080 60
27.4400 27.5040 58
27.6960 27.9840 56
28.0160 28.1120 57
28.3040 28.5600 68
28.5920 28.8480 65
28.8800 28.9120 64
28.9440 29.0080 63
29.1360 29.4560 60
29.4880 29.7760 61
29.8080 30.1280 62
30.2560 30.3200 61
31.2480 31.3440 62
31.3760 31.4720 63
31.6320 31.9520 65
32.0800 32.4640 63
32.4960 32.5600 64
32.5920 32.6560 65
32.7840 32.9760 70
33.0080 33.0400 69
33.0720 33.2640 68
33.2960 33.3280 67
33.3600 33.4560 66
33.4880 33.5840 65
33.7120 34.0000 63
34.0320 34.0640 62
34.2240 34.6080 60
34.6400 34.7040 62
34.7360 34.7680 61
34.8000 34.8960 60
34.9280 35.2160 58
35.2480 35.8560 56
37.0720 37.1360 59
37.1680 37.2960 63
37.3280 37.4560 62
37.4880 37.8400 63
37.9680 38.2560 60
38.2880 38.4160 62
38.4480 38.7040 63
38.7360 38.8320 65
38.9920 39.0560 66
39.0880 39.6640 65
39.6960 39.6960 63
40.0160 40.0160 59
40.0480 40.0480 61
40.0800 40.0800 65
40.1120 40.5600 68
40.5920 40.8160 69
40.8480 40.8800 68
40.9120 41.4560 65
41.4880 41.6480 68
41.6800 41.9680 69
42.0000 42.7360 70
42.7680 42.8640 71
43.0560 43.2160 70
43.2480 43.8880 72
43.9200 43.9520 71
43.9840 44.5920 70
44.6240 44.9440 72
44.9760 45.4240 71
45.4560 45.7120 72
45.9680 46.5760 70
46.6080 46.7360 69
46.7680 46.9920 68
47.5040 47.7920 65
47.8240 48.0160 63
48.1440 48.4000 63
48.4320 48.6240 65
48.6560 49.6480 63
49.6800 49.7760 62
49.8080 50.1280 63
50.1600 50.4160 62
50.4480 50.5440 63
50.5760 50.6080 61
51.7920 51.8240 67
51.8560 51.9520 68
51.9840 52.6240 70
52.6560 52.8480 72
52.9760 53.0400 72
53.0720 53.1040 71
53.1360 53.1680 70
53.2000 53.3600 69
53.3920 53.5840 68
53.7120 53.9680 68
54.0000 54.0640 69
54.0960 54.7680 70
54.8000 57.2640 68
58.0320 58.1600 58
58.1920 58.3840 60
58.5120 58.9920 63
59.1840 59.3760 65
59.4080 59.6000 63
59.6320 59.6960 60
59.7280 59.7920 59
59.8240 59.9520 58
59.9840 60.0160 57
60.0480 60.3680 56
60.4000 60.4640 57
60.7520 60.9760 68
61.0080 61.0400 66
61.0720 61.2320 65
61.2640 61.3600 63
61.4880 61.6160 59
61.8080 61.8720 63
61.9040 62.3200 62
62.3520 62.5440 61
63.4720 63.5040 62
63.5360 63.9520 63
63.9840 64.3040 65
64.4640 64.8160 63
64.8480 65.0720 65
65.1040 65.1040 67
65.1360 65.3280 70
65.3600 65.3920 69
65.4240 65.5520 68
65.5840 65.7120 67
65.7440 66.0960 65
66.1280 66.4160 63
66.4480 66.7360 60
66.7680 66.9280 59
66.9600 67.0560 60
67.0880 67.2160 61
67.2480 67.2480 59
67.3760 67.5360 57
67.7280 68.4320 56
69.6160 69.6480 59
69.6800 69.8080 62
69.8400 70.1600 63
70.1920 70.3520 60
70.3840 70.6720 59
70.7040 70.9600 60
70.9920 71.3120 63
71.3440 71.3760 64
71.4080 72.0480 65
72.4320 72.4640 62
72.4960 72.4960 65
72.5280 72.5920 67
72.6240 72.9120 68
72.9440 73.1680 69
73.2640 73.8400 65
73.8720 74.1600 68
74.1920 74.3520 69
74.3840 74.7360 70
74.7680 74.8960 71
74.9280 74.9600 70
75.4080 75.6000 70
75.6320 76.2720 72
76.3040 76.4000 71
76.4320 76.9760 70
77.0080 77.3600 72
77.3920 77.8080 71
77.8400 78.0320 72
78.2880 78.8960 70
78.9280 79.4720 68
79.8240 80.0800 65
80.1120 80.4000 62
80.4320 80.7200 63
80.7520 80.9440 65
80.9760 82.7040 63
82.7360 83.1840 62
84.1440 84.3360 68
84.3680 84.9760 70
85.0080 85.2320 72
85.3600 85.4240 71
85.4560 85.5520 70
85.5840 85.9680 68
86.0640 86.5440 68
86.5760 86.8960 70
86.9280 87.0560 71
87.0880 87.1840 70
87.2160 89.7440 68
89.7760 89.8400 69
89.8720 90.0000 70
90.1280 90.4480 68
102.1920 102.2240 59
102.2560 102.7360 60
102.7680 102.8320 62
102.8640 103.0880 63
103.1200 103.3120 62
103.3440 103.6320 63
103.6640 103.7920 65
103.8240 103.9520 63
104.0800 104.3040 60
104.3360 104.4320 58
104.4640 104.7840 56
104.8160 104.9120 57
105.2320 105.4560 68
105.4880 105.6800 65
105.7120 105.7760 63
106.0000 106.3520 60
106.3840 106.4160 61
106.4480 106.9280 62
107.9200 108.6560 65
108.6880 108.7200 64
108.7520 108.9760 63
109.0720 109.0720 63
109.1040 109.5200 65
109.5520 109.6800 69
109.7120 109.8080 67
109.8400 109.8720 69
109.9040 110.0000 68
110.0320 110.1920 69
110.2240 110.2560 67
110.2880 110.4480 65
110.6400 110.8320 63
110.8640 110.8960 62
110.9280 111.0560 61
111.0880 111.4080 60
111.4400 111.5680 61
111.6000 111.7600 60
111.7920 111.8240 59
111.8560 112.0800 58
112.1120 113.1040 56
114.0320 114.2240 60
114.4800 114.5440 63
114.7360 115.1200 60
115.5360 115.6640 63
115.6960 115.7600 65
115.9840 116.0480 65
116.2400 116.2720 64
116.3040 116.4640 65
116.4960 116.4960 63
116.9120 116.9760 60
117.0080 117.0080 64
117.0400 117.1680 67
117.3280 117.7440 68
117.7760 118.0960 65
118.3200 118.5120 68
118.5440 118.6400 70
118.6720 118.7360 68
118.7680 119.5040 70
119.5360 119.5360 68
119.9520 120.1120 70
120.1440 120.8160 72
120.8480 121.4560 70
121.4880 121.5200 71
121.5520 122.5760 72
122.8000 123.4720 70
123.5040 123.9840 68
124.4000 124.7200 65
124.7520 125.3280 63
125.3600 125.5520 65
125.5840 127.2160 63
127.2480 127.5680 62
127.6000 127.6960 63
127.7280 127.8880 61
128.7840 128.9440 68
128.9760 129.6160 70
129.6480 129.8400 72
129.9680 130.0640 71
130.0960 130.1600 70
130.1920 131.1840 68
131.2160 131.8560 70
131.8880 134.0320 68
135.1520 135.3760 60
135.5040 135.5360 61
135.5680 136.0160 63
136.2400 136.4320 65
136.4640 136.7200 63
136.7520 136.7840 61
136.8160 136.8800 60
136.9120 136.9760 59
137.0080 137.0720 58
137.1040 137.3920 56
137.4240 137.6160 57
137.8720 138.0640 68
138.0960 138.1280 67
138.1600 138.1920 66
138.2240 138.3840 65
138.4160 138.5120 63
138.6400 138.7680 60
138.9600 139.0240 63
139.0560 139.5680 62
139.7920 139.8560 62
140.6880 140.7520 64
140.7840 141.0720 63
141.1040 141.2320 65
141.2640 141.4560 66
141.6480 142.0000 63
142.0320 142.0960 64
142.1280 142.3840 65
142.4160 142.5440 71
142.5760 142.6080 70
142.6400 142.8960 69
142.9280 143.0560 68
143.0880 143.2800 65
143.3120 143.6000 63
143.6320 143.8560 61
143.8880 144.2400 60
144.2720 144.3680 62
144.4000 144.4640 61
144.5920 144.7840 58
144.8160 145.4880 56
145.6160 145.6800 56
146.8000 146.8640 58
146.8960 146.9280 62
146.9600 147.3120 63
147.3440 147.3760 62
147.4080 147.8880 59
147.9200 148.0480 60
148.2080 148.2400 62
148.2720 148.4960 63
148.5280 148.5600 64
148.5920 148.7200 65
148.7520 148.8160 63
148.8480 149.0720 65
149.1040 149.1680 63
149.2000 149.2640 65
149.6800 149.7120 61
149.7440 149.7440 65
149.7760 150.0000 67
150.0320 150.5120 68
150.6400 151.0240 65
151.2800 151.3440 67
151.3760 151.6960 68
151.7280 152.2720 70
152.3040 152.3360 69
152.7840 152.9120 70
152.9440 152.9760 71
153.0080 153.6160 72
153.6480 153.6800 71
153.7120 154.2560 70
154.2880 154.3200 71
154.3520 155.3760 72
155.6000 156.2400 70
156.2720 156.3040 69
156.3360 156.7200 68
157.2320 157.5520 65
157.5840 158.1600 63
158.1920 158.3840 65
158.4160 160.0480 63
160.0800 160.4000 62
161.5840 161.7120 68
161.7440 161.7760 69
161.8080 162.4480 70
162.4800 162.9280 72
162.9600 163.0240 70
163.0560 163.2160 69
163.2480 163.4080 68
163.5360 163.7920 68
163.8240 163.9200 69
163.9520 164.4000 70
164.4320 164.5280 71
164.5600 164.6560 70
164.6880 167.4080 68
179.6000 180.0160 60
180.0480 180.0800 62
180.1120 180.4000 63
180.4320 180.6240 62
180.8160 180.9440 65
180.9760 181.1360 63
181.3280 181.4880 59
181.5200 181.6480 58
181.8080 182.1600 56
182.1920 182.2560 57
182.4160 182.6400 68
182.7680 182.9600 65
182.9920 183.0560 63
183.0880 183.1520 64
183.1840 183.6960 60
183.7280 184.2400 61
184.2720 184.3680 60
185.3600 185.6160 63
185.7440 186.1600 65
186.1920 186.6080 63
186.6400 186.9280 65
186.9600 187.2160 71
187.2480 187.4720 68
187.5040 187.5360 67
187.5680 187.6000 66
187.6320 187.8560 65
187.8880 188.1440 63
188.1760 188.2080 62
188.2400 188.2720 61
188.4640 188.5600 60
188.6880 188.8480 60
188.8800 188.9440 62
188.9760 189.0080 61
189.0400 189.1040 60
189.1360 189.4240 58
189.4560 189.7760 56
189.8080 189.9040 57
189.9360 190.0640 56
190.1920 190.2880 56
191.2480 191.3760 58
191.4080 191.4400 61
191.4720 191.6320 62
191.6640 191.8880 63
191.9200 192.0480 64
192.0800 192.0800 62
192.2720 192.7840 60
192.8160 193.1360 63
193.3280 193.6160 64
193.6480 193.8400 63
194.1920 194.7680 68
194.8000 195.0560 69
195.0880 195.1840 66
195.2160 195.6320 65
195.6640 195.7600 66
195.7920 195.9200 68
195.9520 196.0160 69
196.0480 196.1440 70
196.3680 197.1040 70
197.3600 197.4240 70
197.4560 197.4880 71
197.5200 198.1600 72
198.1920 198.2240 71
198.2560 198.8960 70
198.9280 199.2480 72
199.2800 199.6960 71
199.7280 199.9520 72
200.1760 200.4320 70
200.5600 200.8480 70
200.8800 201.2640 68
201.7760 202.1280 65
202.1600 202.3520 63
202.4800 202.7360 63
202.7680 202.9920 65
203.0240 203.6000 63
203.6320 203.6960 62
203.7280 203.9200 63
203.9520 204.0160 64
204.0480 204.1440 62
204.1760 204.2720 63
204.3040 204.3680 62
204.4000 204.4960 63
204.5280 204.5920 62
204.6240 204.7200 63
204.7520 205.0080 62
206.1280 206.3200 68
206.3520 206.5440 70
206.5760 206.6400 69
206.6720 206.9600 70
206.9920 207.2160 72
207.3440 207.4080 71
207.4400 207.5360 70
207.5680 208.5280 68
208.5600 208.8800 70
208.9120 208.9760 71
209.0080 209.1360 70
209.1680 211.7280 68
212.3040 212.3360 59
212.3680 212.7200 60
212.7520 212.7840 61
212.8160 213.0400 63
213.0720 213.2320 62
213.2640 213.6480 63
213.6800 213.8080 65
213.8400 213.9680 63
214.0960 214.2560 59
214.2880 214.4160 58
214.4480 214.8960 56
215.2160 215.4720 68
215.5040 215.7280 65
215.7600 215.8560 63
216.0480 216.4000 60
216.4320 216.4640 61
216.4960 216.5920 62
216.6240 217.0400 61
218.0640 218.0960 62
218.1280 218.4160 63
218.4480 218.4800 64
218.5120 218.6400 65
218.6720 218.7360 67
218.7680 218.8960 65
218.9280 219.0240 63
219.0560 219.0880 62
219.2480 219.6000 65
219.6320 219.6640 68
219.6960 219.8560 70
219.8880 220.2080 68
220.2400 220.2720 66
220.3040 220.5280 65
220.7200 220.9120 63
220.9440 220.9760 62
221.0080 221.0720 61
221.1040 221.3920 60
221.4240 221.5840 61
221.6160 221.7760 60
221.8080 222.0320 58
222.0640 222.0960 57
222.1280 222.7360 56
224.0480 224.2400 61
224.4960 224.5920 63
224.7520 224.8160 60
224.8480 225.1680 59
225.4880 225.7120 63
225.9680 226.2560 65
226.2880 226.4800 64
226.8960 226.9280 66
226.9600 227.0560 67
227.0880 227.7600 68
227.7920 228.1440 65
228.3680 228.5600 68
228.5920 228.6880 70
228.7200 228.7200 68
228.8480 229.4560 70
229.4880 229.6800 71
230.0320 230.1600 70
230.1920 230.3200 72
230.3520 230.4160 71
230.4480 230.7360 72
230.7680 230.8000 71
230.8320 231.4080 70
231.4400 231.4720 71
231.5040 231.7920 72
231.8240 232.0480 71
232.0800 232.3040 72
232.3360 232.4000 71
232.4320 232.5920 72
232.8480 233.4880 70
233.5200 233.5520 69
233.5840 233.9360 68
234.5440 234.8640 65
234.8960 235.0880 63
235.2160 235.4720 63
235.5040 235.7280 65
235.7600 236.4640 63
236.4960 236.5600 62
236.5920 236.8800 63
236.9120 236.9760 62
237.0080 237.0720 63
237.1040 237.1680 62
237.2000 237.2960 63
237.3280 237.3920 62
237.4240 237.7440 63
238.8000 238.9280 68
238.9600 238.9920 69
239.0240 239.6320 70
239.6640 239.8240 72
239.9840 240.0800 72
240.1120 240.1760 70
240.2080 241.0400 68
241.0720 241.2000 69
241.2320 241.6160 70
241.6480 241.7440 71
241.7760 241.9040 70
241.9360 244.8480 68
