7.9840 8.9120 74
9.1680 9.3280 71
9.5520 10.4160 64
11.9840 12.1760 64
12.2080 12.2080 69
12.2400 12.4320 72
12.6240 12.6240 72
12.6560 13.6800 74
14.1920 15.3120 62
15.3440 15.5680 59
15.6000 15.7280 62
15.7600 16.1760 63
16.2080 16.4960 64
16.5280 16.5600 63
16.6560 16.7520 64
17.2960 18.3520 59
18.4480 18.8000 60
18.8320 18.8640 59
20.1440 20.1760 68
20.2080 20.4640 69
20.4960 20.5280 70
20.5600 20.8160 71
20.8480 21.0080 67
21.0400 21.1040 66
21.1360 21.2960 62
21.3280 21.4240 66
21.6480 21.7120 62
22.0000 22.0960 63
22.1280 22.2240 62
23.0240 23.1520 62
23.1840 23.3440 64
23.3760 23.5360 62
23.9200 24.0480 67
24.3360 24.5920 62
24.7520 24.9440 62
25.1360 25.4560 62
25.4880 25.8720 59
26.0320 26.1600 58
26.7040 27.6320 65
27.8560 27.9840 64
28.2400 28.3040 64
28.3360 28.4000 60
28.4320 29.2320 65
29.5200 29.9040 71
29.9360 30.3520 67
30.3840 30.6080 64
30.7680 31.3440 67
31.3760 32.4640 69
32.6560 33.1040 69
33.2320 33.4240 67
33.4560 33.5200 64
33.5520 33.6800 62
33.7120 33.8400 67
34.0320 34.0960 64
34.2560 34.4160 63
34.4480 34.6080 62
35.3440 35.5360 62
35.5680 35.6960 64
35.7280 35.9200 63
35.9520 36.0160 66
36.0480 36.1760 67
36.2080 36.3360 65
36.3680 36.5600 67
36.7200 36.9760 62
37.1360 37.3280 62
37.5200 37.8080 63
37.8400 38.5120 59
39.0240 39.3120 66
39.3440 39.8880 64
39.9200 40.0800 67
40.1120 40.2400 64
40.4320 40.5280 64
40.5600 40.8800 62
41.0080 41.0720 63
41.8720 42.2240 71
42.2560 42.8320 67
42.8640 42.9600 65
43.1200 43.5680 62
43.6000 43.6320 65
43.6640 44.6240 67
45.1040 45.3600 63
45.5520 45.7440 67
45.7760 45.9040 63
45.9360 46.0320 66
46.1280 46.4480 67
46.5760 47.0240 60
47.4080 47.5680 55
48.0480 48.3680 59
48.5920 48.8800 62
48.9120 49.0080 60
49.0400 49.5520 62
49.7760 49.9680 64
50.0000 50.0640 62
50.7040 50.8000 63
51.2800 51.3760 62
51.4080 51.6960 64
51.7280 51.8880 67
52.0480 52.4320 67
52.6560 52.8160 67
52.9440 53.0720 67
53.4880 53.6160 67
53.6480 53.8080 66
53.9680 54.0000 61
54.4800 54.7360 71
54.7680 55.3120 69
55.3440 55.3760 67
55.4080 55.5680 65
55.6000 56.0160 67
56.0480 56.7840 69
56.9120 57.0400 69
57.3920 57.5840 69
57.9040 58.1600 67
58.1920 58.3840 62
58.4160 58.5440 67
58.7360 58.8320 65
58.9920 59.1840 64
59.2160 59.4720 62
59.9520 60.1120 59
60.1440 60.2720 62
60.3040 60.4320 64
60.4640 60.5280 62
60.6560 60.7520 63
60.7840 60.7840 67
60.8160 60.9440 71
61.0080 61.0400 67
61.4240 61.4240 62
61.4880 61.7120 63
61.8400 62.0960 62
62.2240 62.5440 62
62.5760 63.3760 59
63.7920 64.5280 65
64.5600 64.6880 64
64.7200 64.8160 67
65.2000 65.2960 64
65.3280 65.7120 60
65.7440 65.8080 61
65.9360 66.0000 63
66.6720 67.0240 71
67.1840 67.4720 67
67.5040 67.5680 65
67.6000 67.6640 64
67.7600 68.3360 62
68.3680 68.4000 65
68.4320 70.0640 67
70.2560 70.3200 65
82.2560 82.4160 62
82.4480 82.5440 64
82.7040 82.8640 67
82.8960 82.9600 64
82.9920 83.0880 62
83.1200 83.2800 67
83.3120 83.4720 65
83.5040 83.6640 60
83.8560 83.8880 60
83.9520 84.1120 60
84.1440 84.1760 56
84.2400 84.3680 57
84.4960 84.7840 60
85.2320 85.8400 59
85.8720 86.0960 63
86.1280 86.2560 59
86.2880 86.7680 63
86.9600 87.2160 64
87.2480 87.3440 62
87.4720 87.5360 62
87.7280 87.9520 63
88.6240 88.6880 61
88.7200 89.0080 63
89.0400 89.2640 67
89.2960 89.4240 65
89.4560 90.0960 67
90.2240 90.3840 67
90.5760 90.6400 69
90.6720 91.1520 67
91.1840 91.3120 62
91.7920 91.9520 69
91.9840 92.1760 71
92.3040 92.5600 69
92.5920 92.7200 67
92.7520 92.9120 64
92.9440 93.3600 67
93.3920 93.4560 68
93.4880 94.4160 69
94.7360 94.9600 69
94.9920 95.2800 71
95.5680 95.7280 59
95.7600 95.7920 62
96.1120 96.2400 63
96.4000 96.5280 64
96.5600 96.8160 62
97.4240 97.6480 62
97.6800 97.8080 65
97.8400 98.0000 62
98.0320 98.4480 64
98.6720 98.8000 64
98.8320 99.4080 63
99.4400 99.9520 62
99.9840 100.5600 59
100.6880 100.7520 59
101.2320 101.2640 67
101.2960 101.6800 65
101.7120 101.8080 63
101.9680 102.0320 64
102.0640 102.1280 65
102.1600 102.2240 67
102.3520 102.4480 64
102.6400 102.7360 63
102.7680 102.8960 62
102.9280 103.0880 61
103.2160 103.2800 63
104.1120 104.4960 71
104.5280 105.0400 67
105.0720 105.1040 63
105.2960 105.7760 62
105.8080 108.0160 67
119.0240 119.2480 55
119.3760 119.4400 55
