24.2080 24.2720 60
29.0720 29.1360 53
29.1680 29.2000 54
29.2320 29.6480 55
29.8080 29.9360 56
29.9680 30.2240 57
30.2560 30.3840 58
30.4160 30.4800 57
30.7360 30.8320 53
30.8640 31.1200 52
31.6000 31.6960 47
32.4000 32.4320 49
32.4640 33.1360 50
33.1680 33.4560 51
33.6480 33.6800 53
33.7120 33.7760 54
33.8080 34.0000 55
34.0320 34.0960 54
34.1280 34.3840 53
35.7600 35.7920 52
35.8240 35.8880 53
35.9200 36.0800 54
36.1120 36.3680 55
36.5920 36.7200 56
36.7520 37.2640 57
37.4560 37.5200 53
37.5520 37.7440 52
38.2880 38.5440 47
39.1840 39.2160 56
39.2480 39.4400 58
39.4720 39.9200 57
39.9520 40.3040 58
40.3360 40.4000 59
40.4320 40.4960 60
40.5280 40.7200 62
40.8480 41.4240 60
42.9280 42.9920 51
43.0240 43.0880 54
43.1200 43.3440 55
43.3760 43.7280 57
43.7600 44.1760 58
44.2080 44.3360 63
44.3680 44.8480 65
46.2880 46.6080 63
46.7360 47.1520 63
47.4400 47.6000 60
47.6320 48.3360 62
49.2320 49.3600 60
49.3920 50.3520 62
50.3840 50.3840 59
50.5120 50.6400 54
50.6720 50.7360 55
50.9280 51.4400 55
51.7920 52.1760 58
52.6240 52.9440 58
52.9760 53.0720 57
53.9360 54.0640 57
54.0960 54.2240 55
54.3520 54.6080 53
54.6400 54.7040 52
54.7360 55.1200 51
55.1520 55.2800 52
55.3760 55.6320 52
55.8240 56.1120 52
56.1440 56.2080 53
56.2400 56.6240 55
56.9120 57.2320 57
57.2640 57.5200 58
57.7120 57.9680 53
58.0000 58.0960 52
58.5760 58.8640 46
59.4080 59.4720 49
59.5040 59.5360 50
59.5680 59.6960 51
59.8240 60.2080 50
60.2400 60.4640 51
60.6560 60.7200 53
60.7520 60.9760 55
61.1360 61.5520 53
62.8320 63.1840 54
63.6320 64.4000 57
64.4320 65.0720 53
65.3280 65.6480 57
66.1600 66.2880 55
66.3200 67.0240 57
67.0560 67.2800 58
67.5360 67.6000 60
67.6320 67.8880 62
68.1760 68.5280 60
70.0000 70.0960 53
70.1280 70.3520 55
70.3840 70.7040 57
71.0880 71.3760 58
71.6000 71.7280 63
71.7600 72.2720 65
73.3280 73.4560 62
73.4880 74.2560 63
74.3840 74.6080 65
74.6400 74.8320 61
74.8640 75.3760 62
76.3040 76.4000 60
76.4320 76.9440 62
77.1680 77.4560 62
77.6480 77.8400 54
78.0320 78.6400 55
78.8640 79.2160 57
79.7600 79.7920 56
79.8240 80.2720 58
80.9440 81.3600 57
81.3920 81.8080 60
82.2560 82.5760 53
82.6080 82.6400 56
82.6720 82.6720 58
82.7040 83.0560 62
83.0880 83.4720 60
83.5040 84.0480 62
84.3680 84.5280 62
84.6560 85.0400 60
85.2000 85.7120 62
86.0320 86.2240 62
86.2560 86.4800 61
86.5120 86.8640 60
86.8960 87.0880 62
87.2160 87.5040 65
87.7280 87.9520 62
88.1120 88.4960 60
88.5280 88.8160 62
88.8480 89.0400 65
89.3920 89.5520 56
89.5840 89.7120 58
89.7440 90.0640 57
90.2560 90.4480 58
90.6720 90.8000 57
90.8320 91.2480 58
91.2800 91.6000 57
91.9520 92.0160 59
92.0480 92.2720 58
92.4000 92.5920 60
92.6240 92.6880 59
92.7200 93.0080 58
93.2000 93.4560 57
93.4880 93.5520 58
93.5840 94.1600 62
94.5440 95.1200 62
96.5920 96.7520 54
96.7840 97.4560 55
97.4880 97.7440 57
97.9360 98.5120 58
98.6720 98.8640 58
98.8960 99.3440 60
99.9840 100.0160 55
100.0480 100.1440 56
100.1760 100.7200 57
100.7520 101.2960 58
101.3280 102.2240 60
102.2560 102.7680 62
103.3120 103.6320 62
103.7920 103.9200 60
103.9520 104.2080 62
104.2400 104.4320 60
104.4640 104.8480 58
105.0080 105.2640 58
105.4880 105.8080 55
105.8400 106.3200 58
106.5440 106.8000 58
106.8320 108.6880 60
109.2960 109.6160 53
109.6480 109.6800 58
109.7120 109.8080 60
109.8400 110.0000 62
110.0320 110.4480 60
110.4800 111.1520 62
111.3120 111.5360 62
111.5680 112.2080 60
112.2400 113.3280 62
113.5200 113.7760 60
113.9360 114.3200 62
114.3520 114.4480 63
114.4800 114.6720 65
114.7040 114.9280 62
115.1520 115.4080 60
115.5360 115.7280 62
115.8560 116.1120 65
116.4320 116.5920 56
116.6240 116.7520 58
116.7840 117.2000 57
117.2320 117.7760 58
118.1600 118.9280 57
118.9600 119.3120 58
119.3440 119.3440 62
119.3760 119.7600 67
120.0160 120.4000 65
120.6880 121.3280 57
121.5200 121.8720 65
122.3520 122.6080 57
122.8000 123.2480 58
123.4720 124.2720 55
125.3280 125.4240 53
125.4560 125.6800 55
125.7120 126.1280 57
126.1600 126.6400 58
126.6720 126.7040 59
126.7360 126.8320 60
126.9920 127.4080 57
127.8240 127.9840 52
128.0160 128.2080 53
128.2400 128.3040 54
128.3360 128.4640 57
128.4960 128.9440 58
128.9760 129.1040 57
129.9360 130.0960 48
130.1280 130.2240 49
130.2560 130.5120 50
130.5440 130.7040 51
130.9280 131.1840 58
131.6960 131.8880 58
132.0160 132.3360 58
132.9760 133.0400 58
133.0720 133.1040 59
133.1360 133.3920 60
133.8720 134.5760 58
150.6400 150.7680 53
150.8000 150.8320 54
150.8640 151.0560 55
151.0880 151.2480 54
151.4720 151.5680 56
151.6000 152.1440 57
152.3360 152.9760 53
154.0640 154.3200 50
154.4480 154.8320 50
154.8640 155.0880 51
155.4400 155.6320 55
155.6640 155.6960 53
155.7280 156.2400 52
157.4560 157.5520 53
157.5840 158.0000 55
158.2560 158.9920 57
159.0240 159.7280 53
159.9520 160.3040 58
160.7840 160.9120 55
160.9440 161.0720 58
161.1040 161.6160 57
161.6480 161.8720 58
162.0640 162.1280 60
162.1600 162.3840 62
162.5120 163.4400 60
164.2720 164.3360 54
164.5920 164.7200 52
164.7520 164.9120 55
164.9440 165.0080 56
165.0400 165.5520 57
165.5840 165.7760 58
165.9360 166.0640 63
166.0960 166.9280 65
168.0160 168.7840 63
169.0080 169.4240 60
169.4560 169.4880 61
169.5200 170.0640 62
170.9600 171.0560 61
171.0880 171.6000 62
171.7920 172.0480 62
172.0800 172.0800 59
172.2080 172.7520 54
172.7840 173.4560 55
173.4880 173.5520 57
173.5840 173.8720 58
174.3200 174.4480 60
174.4800 175.3760 62
175.6320 175.7280 62
175.8880 176.2720 63
176.3040 176.3680 62
176.4000 176.4640 61
176.4960 179.3120 60
179.3440 179.4080 59
180.2400 180.3040 52
180.3360 180.4640 53
180.6560 180.7840 61
180.8160 181.0400 62
181.0720 181.4560 60
181.4880 181.6800 62
181.8400 182.0640 62
182.3200 182.4800 62
182.6720 183.0560 60
183.0880 183.1200 61
183.1520 183.7280 62
184.0160 184.2080 62
184.3360 184.7520 60
184.9120 185.1360 62
185.1680 185.5520 65
185.5840 185.9360 62
186.1280 186.3840 60
186.5120 186.8000 62
186.8320 186.9600 64
186.9920 187.0240 62
187.4400 187.5680 56
187.6000 187.7280 58
187.7600 188.1120 57
188.2720 188.4000 58
188.4320 188.4960 57
188.6880 189.0400 57
189.0720 189.2640 58
189.2960 189.6160 57
189.9680 190.1920 58
190.3840 190.6720 60
190.8000 190.9920 58
191.2160 191.5360 57
191.5680 191.6960 60
191.7280 193.0720 62
193.2960 193.7120 53
194.5760 194.7360 53
194.7680 194.8960 54
194.9280 195.3760 55
195.4080 195.7280 56
195.7600 195.8560 57
195.8880 196.5280 58
196.6880 197.0080 60
197.0400 197.1360 61
197.1680 197.5200 62
197.9680 198.1280 56
198.1600 198.5760 57
198.8000 199.1200 58
199.2800 199.9520 60
199.9840 200.0800 59
200.1760 200.2720 60
200.3040 200.9120 62
201.3920 202.1600 62
202.2560 202.4160 60
202.4480 203.0240 58
203.0560 203.3440 67
203.3760 203.3760 65
203.4080 203.7600 62
203.9200 204.1440 58
204.3680 206.6400 60
207.6960 207.8240 60
207.8560 208.0160 62
208.0480 208.2400 61
208.2720 208.5280 60
208.5600 209.1360 62
209.1680 209.3280 65
209.3600 209.5520 62
209.6800 210.2240 60
210.2560 211.2480 62
211.4400 211.7280 60
211.9520 212.2080 62
212.3360 212.6880 65
212.7200 212.9440 62
213.1360 213.3280 60
213.4880 213.6800 62
213.8400 214.0640 65
214.4800 214.6080 56
214.6400 214.7360 58
214.7680 215.8560 57
216.1760 216.3360 56
216.3680 216.4640 58
216.4960 217.2960 57
217.4240 217.8080 67
218.0960 218.4160 65
218.4480 218.4480 62
218.7360 219.3760 57
219.5680 220.0160 65
220.3680 220.6240 69
220.8800 220.9440 68
221.1040 221.3920 70
221.4240 221.5520 67
221.6800 222.8320 67
223.3440 223.4720 53
223.5040 223.5360 54
223.5680 223.7600 55
223.7920 224.1440 57
224.1760 224.6880 58
224.7200 224.9440 60
225.0720 225.4880 57
225.8400 226.0960 54
226.4480 226.5760 56
226.6080 226.9920 58
228.0480 228.1760 58
228.3040 228.6560 60
228.6880 228.8480 62
229.0400 229.2640 58
229.8720 230.0960 58
230.4480 230.9920 58
232.2720 232.6560 59
233.2960 233.9040 58
262.3200 262.5760 60
262.8320 262.8960 60
