4.0160 4.0800 62
4.1120 4.6240 64
4.6560 4.7200 65
4.7520 4.8480 64
4.8800 5.4880 62
5.5200 5.5520 66
5.5840 5.7760 67
5.8080 6.5120 64
6.5440 6.8000 63
6.8320 6.9280 64
6.9600 7.0240 63
7.0560 7.9200 64
8.7520 8.8160 66
8.9760 9.2640 67
9.2960 9.3920 72
9.4240 9.6480 69
9.6800 9.6800 67
9.8400 9.8720 61
9.9040 10.1920 62
10.2240 10.5120 64
10.5440 10.6400 65
10.6720 10.8960 64
10.9280 10.9920 65
11.0240 11.1840 64
11.2160 11.3440 63
11.3760 11.9840 62
12.0160 12.0800 61
12.1120 12.4320 62
12.4640 12.5280 61
13.5520 13.5520 55
13.5840 13.5840 58
13.6160 14.1600 62
14.1920 14.8000 64
14.8320 14.9280 65
14.9600 15.3440 67
15.3760 15.4400 66
15.4720 15.5360 65
15.7280 15.9200 64
16.0480 16.3680 65
16.4960 16.8480 64
16.8800 17.0080 63
17.6480 17.6480 57
17.6800 17.6800 59
17.7120 17.7120 62
17.7440 17.9680 65
18.0000 18.5440 67
18.6720 18.7360 67
18.8640 18.9280 75
18.9600 19.1520 71
19.1840 19.6320 72
19.6640 19.9840 71
20.0160 20.0800 72
20.1120 20.3360 71
20.3680 20.4320 70
20.4640 20.5280 69
20.5600 20.6880 68
20.7200 20.8160 67
20.8480 20.9440 68
20.9760 21.0400 67
21.0720 21.3920 69
21.4240 21.4880 67
21.5200 21.6160 69
21.6480 21.7120 68
21.7440 21.8400 69
21.8720 21.9360 68
21.9680 22.0640 69
22.0960 22.1600 68
22.1920 22.2560 69
22.2880 22.3520 68
22.3840 22.8000 69
24.5600 24.9120 57
25.1040 25.3600 57
25.3920 25.5840 60
25.6160 25.8720 62
25.9040 26.0640 64
26.0960 26.2240 65
26.6080 26.6720 65
26.7040 26.7680 64
26.8000 26.8320 63
27.0880 27.3120 64
27.3440 27.5680 67
27.6000 27.6320 65
27.6640 28.1440 64
32.4960 32.5600 62
32.5920 32.6560 63
32.6880 32.8160 62
33.1040 33.1680 61
33.2000 33.3600 62
33.3920 33.6160 64
33.6480 33.9680 69
34.0000 34.1280 68
34.5760 34.9280 64
35.0880 35.3440 64
35.3760 35.4720 60
35.6320 36.2080 64
36.6240 36.9440 64
36.9760 37.0720 62
37.1040 37.2640 59
37.3920 37.5520 64
37.5840 37.9040 62
37.9360 38.0640 59
38.0960 38.3200 57
38.3520 38.5440 60
38.6720 38.8320 55
38.8640 38.8960 56
38.9280 39.9520 57
39.9840 40.2080 56
40.5920 40.6240 54
40.6560 40.8480 55
40.8800 40.9760 56
41.1040 41.3920 57
41.4240 41.5840 60
41.6160 41.6160 57
41.6480 41.9360 55
41.9680 42.0000 56
42.0320 42.0960 57
42.6080 42.9920 64
43.1200 43.4400 64
43.4720 43.5680 67
43.7280 43.9200 64
43.9520 44.0160 63
44.5280 44.5920 65
44.6240 44.9760 67
45.1360 45.3920 69
45.4240 45.5840 67
45.6160 45.8400 64
45.8720 46.0960 67
46.1280 46.2240 65
46.2560 46.3200 64
46.3520 46.3840 63
46.4160 46.5440 62
46.7680 46.8320 65
46.8640 46.9920 64
47.0240 47.0880 63
47.1200 47.1840 64
47.2160 47.2800 63
47.3120 47.4080 65
47.4400 47.5040 63
47.5360 47.6320 64
47.6640 47.7280 62
47.7600 48.0480 63
48.5600 48.5920 59
48.6240 48.7520 60
48.7840 48.8160 61
48.8480 49.3600 62
49.3920 49.5520 63
49.6800 50.0320 62
50.6080 50.6400 61
50.6720 50.8640 62
50.8960 51.3440 64
51.3760 51.4080 62
51.4400 51.4720 60
51.5040 51.6320 59
51.6640 52.0160 57
52.7200 53.1360 62
53.1680 53.3600 63
53.3920 53.6160 62
53.8080 54.0640 60
54.0960 54.1280 61
54.2240 54.5760 59
54.7680 54.8320 57
54.8640 54.9600 56
54.9920 55.0560 58
55.1840 55.3120 58
55.4400 55.5360 57
55.5680 55.6320 56
55.6640 55.7600 57
55.9840 56.0800 56
56.5920 57.0080 62
57.1680 57.2320 63
57.2640 57.3600 62
57.3920 57.5520 60
57.5840 57.8080 62
58.1600 58.3200 60
58.3520 58.4480 62
58.6080 58.8960 64
59.1840 59.4080 64
59.4400 59.9200 67
59.9520 60.1120 64
60.6240 60.7200 69
60.7520 60.7840 67
60.8160 60.8160 64
61.1360 61.7440 69
61.7760 61.8400 70
61.8720 62.0640 69
62.0960 62.3840 68
62.4160 62.6400 69
62.6720 63.3760 71
63.4080 63.4720 70
63.5040 63.5680 71
63.6000 63.6960 68
63.7280 63.8560 69
63.8880 63.9520 71
63.9840 64.0480 70
64.0800 64.2080 71
64.6240 65.0080 72
65.1360 65.2000 75
65.2320 65.3920 72
65.4240 65.5520 71
65.6800 65.9040 69
65.9360 66.2560 68
66.6720 66.8320 71
66.8640 66.9280 72
66.9600 66.9920 71
67.0240 67.1200 70
67.1520 67.3760 71
67.4080 67.5040 69
67.6320 67.6960 65
67.7280 67.9200 64
67.9520 68.2080 67
68.6560 69.0400 69
69.0720 69.3280 67
69.3600 69.5840 69
69.6160 69.8720 67
69.9040 70.0320 64
70.1600 70.2240 65
70.3520 70.8640 62
70.8960 70.9920 65
71.0240 71.1520 64
71.1840 71.3760 63
71.4080 71.5040 62
71.5360 71.6320 64
71.6640 71.7280 62
71.7600 71.8560 63
71.8880 71.9520 62
71.9840 72.0480 63
72.0800 72.1120 62
72.5280 72.5920 70
72.6240 73.3920 72
73.4240 73.5520 71
73.6800 74.2560 69
74.6080 74.6080 67
74.6400 75.3760 71
75.4080 75.6000 69
75.6320 75.6640 67
75.6960 75.7600 66
75.7920 76.0160 64
76.0480 76.2720 67
76.6240 77.0080 69
77.0400 77.2640 67
77.3920 77.6160 69
77.6480 77.8400 67
77.8720 78.0000 64
78.1280 78.1920 63
78.2240 78.3840 62
78.6400 78.8960 62
78.9280 79.2160 64
79.2480 79.3120 63
79.3440 79.4400 64
79.4720 79.7600 62
79.7920 79.8560 64
79.8880 79.9840 62
80.0160 80.1120 63
80.1440 80.2080 62
80.2400 80.3040 63
80.3360 80.4320 62
80.4640 80.4640 65
80.4960 80.5600 69
80.5920 80.7840 68
80.8160 81.1040 62
81.1360 81.2000 64
81.2320 81.9680 62
82.1280 82.4480 64
82.6080 82.9600 67
83.0880 83.6000 67
83.6320 83.6640 71
83.6960 84.0800 72
84.1120 84.3360 71
84.3680 84.4640 72
84.4960 85.1360 71
85.1680 85.6160 69
85.6480 85.7440 67
85.7760 85.8400 69
85.8720 85.9680 68
86.0000 86.0960 69
86.1280 86.1920 68
86.2240 86.5440 69
86.5760 86.6400 67
86.6720 86.9920 69
87.0240 87.0880 67
87.1200 87.2160 69
87.2480 87.3120 67
87.3440 87.5040 69
87.6000 87.6320 68
87.6640 87.7920 69
87.8240 87.8560 68
87.8880 87.9520 67
88.5920 88.9120 57
89.1040 89.3280 57
89.3600 89.5840 60
89.6160 89.8400 62
89.8720 89.9040 63
89.9360 90.0960 64
90.1280 90.1920 65
90.6080 90.6720 65
90.7040 90.7680 64
90.8000 90.8320 63
91.1200 91.3120 64
91.3440 91.5680 67
91.6000 91.6320 65
91.6640 92.2080 64
95.1840 95.3440 67
95.3760 95.5360 65
95.5680 96.3360 64
96.3680 96.4320 63
96.4640 96.5600 62
96.5920 96.6560 63
96.6880 96.8160 62
97.1040 97.1360 61
97.1680 97.3600 62
97.3920 97.6160 64
97.6480 97.9680 69
98.0000 98.0960 68
98.5760 98.6080 63
98.6400 98.9600 64
99.0880 99.3120 64
99.3440 99.4080 63
99.4400 99.6960 65
99.7280 99.8880 64
99.9200 99.9840 63
100.0160 100.2080 64
100.6240 100.9440 64
100.9760 101.0720 62
101.1040 101.2640 59
101.3920 101.5520 64
101.5840 101.9040 62
101.9360 102.0640 59
102.0960 102.2560 57
102.2880 102.3520 58
102.3840 102.5440 60
102.5760 102.5760 58
102.6080 102.8320 55
102.8640 102.8960 56
102.9280 104.0160 57
104.0480 104.1760 56
104.5920 104.6240 54
104.6560 104.8480 55
104.8800 104.9760 56
105.1040 105.3920 57
105.4240 105.5840 60
105.6160 105.6160 57
105.6480 105.9360 55
105.9680 106.0000 56
106.0320 106.0960 57
106.6080 106.9920 64
107.1200 107.4400 64
107.4720 107.5680 67
107.7280 107.9200 64
107.9520 108.0160 63
108.5280 108.5920 65
108.6240 108.9760 67
109.1360 109.3920 69
109.4240 109.5840 67
109.6160 109.8400 64
109.8720 110.0960 67
110.1280 110.2240 65
110.2560 110.3200 64
110.3520 110.3840 63
110.4160 110.5440 62
110.7680 110.8320 65
110.8640 111.1840 64
111.2160 111.2800 63
111.3120 111.4080 65
111.4400 111.5040 63
111.5360 111.6320 64
111.6640 111.7280 62
111.7600 112.0480 63
112.5600 112.5920 59
112.6240 112.7520 60
112.7840 112.8160 61
112.8480 113.3600 62
113.3920 113.5520 63
113.6800 114.0320 62
114.6080 114.6400 61
114.6720 114.8640 62
114.8960 115.3440 64
115.3760 115.4080 62
115.4400 115.5360 61
115.5680 115.6000 60
115.6320 116.0160 57
116.7200 116.7200 60
116.7520 117.1360 62
117.1680 117.3600 63
117.3920 117.6160 62
117.8080 118.0640 60
118.0960 118.1280 61
118.2240 118.5760 59
118.7680 118.8640 57
118.9920 119.0560 58
119.4400 119.5040 58
119.5360 119.7600 57
119.9520 119.9840 56
120.0800 120.1760 57
120.5920 121.0080 62
121.1360 121.2000 65
121.2320 121.3600 62
121.3920 121.5520 60
121.5840 121.8080 62
122.1600 122.3200 60
122.3520 122.4480 62
122.6080 122.7680 64
123.1840 123.4080 64
123.4400 123.9200 67
123.9520 124.1120 64
124.6240 124.7200 69
124.7520 124.8160 66
125.1360 125.7440 69
125.7760 125.8400 70
125.8720 126.0640 69
126.0960 126.3840 68
126.4160 126.6400 69
126.6720 127.3760 71
127.4080 127.4720 70
127.5040 127.5680 71
127.6000 127.6640 70
127.6960 127.7600 71
127.7920 127.8560 69
127.8880 127.9840 71
128.0160 128.0800 69
128.1120 128.2080 71
128.5920 128.6240 71
128.6560 129.0080 72
129.1360 129.2000 75
129.2320 129.4240 72
129.4560 129.5520 71
129.6800 129.9040 69
129.9360 130.1920 67
130.2240 130.2880 69
130.6720 130.8320 71
131.1520 131.3440 71
131.3760 131.4720 69
131.5040 131.6320 67
131.6640 131.6960 65
131.7280 131.9200 64
131.9520 132.4320 67
132.6560 133.0080 69
133.1360 133.3280 67
133.3600 133.4880 69
133.6480 133.8400 67
133.8720 134.0320 64
134.3520 134.8640 62
134.8960 134.9920 65
135.0240 135.1520 64
135.1840 135.2800 63
135.3120 135.3760 64
135.4080 135.5040 62
135.5360 135.6320 64
135.6640 135.7280 62
135.7600 135.8560 63
135.8880 135.9520 62
135.9840 136.1760 63
136.5280 136.5920 70
136.6240 137.0080 72
137.1360 137.3920 72
137.4240 137.5520 71
137.6800 138.1600 69
138.1920 138.2240 68
138.6400 139.3760 71
139.4080 139.6000 69
139.6320 139.6640 67
139.6960 139.7600 66
139.7920 140.0160 64
140.0480 140.3040 67
140.6240 141.0080 69
141.0400 141.2640 67
141.3920 141.5520 69
141.5840 141.6160 68
141.6480 141.8400 67
141.8720 142.0000 64
142.1280 142.3840 62
142.6400 142.8640 62
142.9920 143.2160 64
143.2480 143.3440 63
143.3760 143.4400 64
143.4720 143.5360 63
143.5680 143.6320 64
143.6640 143.8560 63
143.8880 143.9840 62
144.0160 144.1120 63
144.1440 144.2080 62
144.2400 144.3040 63
144.3360 144.4320 62
144.4640 144.5280 59
144.7200 145.1040 62
145.1360 145.2000 63
145.2320 145.3280 62
145.3600 145.6160 60
145.6480 145.9680 62
146.1280 146.4480 64
146.6080 146.8960 67
147.1200 147.6000 67
147.6320 147.6640 71
147.6960 148.0800 72
148.1120 148.3360 71
148.3680 148.4640 72
148.4960 149.1360 71
149.1680 149.6160 69
149.6480 149.7440 67
149.7760 149.8400 69
149.8720 149.9680 68
150.0000 150.0960 69
150.1280 150.1920 68
150.2240 150.5440 69
150.5760 150.6400 67
150.6720 150.9920 69
151.0240 151.0880 67
151.1200 151.2800 69
151.3120 151.3440 70
151.3760 151.5680 68
151.6000 151.7920 69
151.8240 151.8560 68
151.8880 151.9520 67
154.6400 154.7040 74
164.1440 164.2080 67
166.6720 167.4400 69
167.6000 167.8560 69
168.3360 168.4960 69
170.5760 171.0240 62
171.1520 171.2160 64
171.2480 171.3120 62
171.3440 171.5680 60
171.6000 171.8240 62
172.1440 172.3360 60
172.3680 172.4640 62
172.5920 172.8480 64
173.1680 173.3920 64
173.4240 173.9040 67
173.9360 174.3200 64
174.6080 174.7040 69
174.7360 174.7680 67
174.8000 174.8000 65
175.1200 175.7600 69
175.7920 175.8560 70
175.8880 176.0800 69
176.1120 176.3680 68
176.4000 176.6560 69
176.6880 177.3920 71
177.4240 177.5520 70
177.5840 177.5840 68
177.6800 177.6800 68
177.7440 178.0640 69
178.0960 178.2240 71
178.3840 178.6080 67
178.6400 179.0240 72
179.1520 179.4080 72
179.4400 179.5680 71
179.6000 180.1440 69
180.1760 180.2720 68
180.6560 180.8160 71
180.8480 181.0080 67
181.1040 181.3920 71
181.4240 181.4880 69
181.5200 181.5840 67
181.6160 181.9360 64
181.9680 182.3840 67
182.6720 183.0880 69
183.1200 183.2480 67
183.3760 183.5040 69
183.6640 183.8560 67
183.8880 184.0160 64
184.1760 184.2080 65
184.2720 184.9120 62
184.9440 185.1680 64
185.2000 185.3600 63
185.3920 185.5200 62
185.5520 185.6160 63
185.6480 185.7440 62
185.7760 185.8400 63
185.8720 186.1280 62
186.5120 186.5760 70
186.6080 186.9920 72
187.1840 187.3760 72
187.4080 187.5680 71
187.6960 188.2400 69
188.6240 189.0080 71
189.1360 189.3600 71
189.3920 189.5840 69
189.6160 189.6480 67
189.6800 189.7440 66
189.7760 190.0000 64
190.0320 190.2560 67
190.2880 190.3200 62
190.6400 191.0240 69
191.0560 191.3120 67
191.3440 191.6000 69
191.6320 191.8240 67
191.8560 191.9840 64
192.2080 192.3680 62
192.6240 192.8480 62
192.9760 193.2320 64
193.2640 193.4880 63
193.5200 193.6160 64
193.6480 193.7440 63
193.7760 193.8720 64
193.9040 194.0000 62
194.0320 194.0960 64
194.1280 194.2880 63
194.3200 194.3840 62
194.4800 194.4800 66
194.5120 194.6080 68
194.7040 194.7040 68
194.8000 195.0880 62
195.1200 195.1840 65
195.2160 195.9520 62
196.1120 196.4640 64
196.6240 197.0080 67
197.1040 197.5840 67
197.6160 197.6480 71
197.6800 198.0640 72
198.0960 198.3520 71
198.3840 198.4480 72
198.4800 199.1200 71
199.1520 199.4400 69
199.4720 199.5360 68
199.5680 199.6320 69
199.6640 199.7600 67
199.7920 199.8560 69
199.8880 199.9520 67
199.9840 200.0800 69
200.1120 200.1760 67
200.2080 200.3040 69
200.3360 200.4320 67
200.4640 200.5280 69
200.5600 200.6240 68
200.6560 200.7520 69
200.7840 200.8800 68
200.9120 200.9760 69
201.0080 201.1040 67
201.1360 201.2000 69
201.2320 201.2960 68
201.3280 201.3920 69
201.4240 201.5520 68
201.5840 201.7440 69
201.7760 201.7760 72
201.8080 201.8400 75
201.8720 202.1600 76
202.1920 202.2240 75
202.6720 202.6720 69
202.7040 202.7360 71
202.7680 203.4080 72
203.4400 203.5680 71
203.6000 203.9200 69
203.9520 204.0160 67
204.1120 204.2080 67
204.4640 204.6240 72
204.6560 204.7840 71
204.9440 205.3600 71
205.3920 205.5520 69
205.7120 205.8720 64
205.9040 205.9040 66
205.9360 206.0000 68
206.0320 206.2880 67
206.4160 206.5120 66
206.6720 207.0560 69
207.0880 207.3440 67
207.3760 207.5040 69
207.6320 207.8560 67
207.8880 208.0800 64
208.2720 208.8800 62
208.9120 209.1680 64
209.2000 209.2640 62
209.2960 209.3600 64
209.3920 209.4880 63
209.5200 209.6160 64
209.6480 209.8400 63
209.8720 210.2560 62
210.2880 210.4800 64
210.5120 210.5440 69
210.5760 211.0240 72
211.1840 211.3760 72
211.4080 211.5680 71
211.6960 212.0480 69
212.0800 212.1440 68
212.1760 212.2400 69
212.6240 213.3600 71
213.3920 213.5840 69
213.6160 213.6480 67
213.6800 213.7440 66
213.7760 213.9360 64
214.1600 214.2560 67
214.2880 214.3200 66
214.4160 214.5440 67
214.5760 214.6080 68
214.6400 215.0240 69
215.0560 215.3120 67
215.3440 215.5360 69
215.5680 215.6000 68
215.6320 215.8240 67
215.8560 216.1760 64
216.2080 216.4000 62
216.6240 216.8480 62
216.8800 216.9760 66
217.0080 217.2000 64
217.2320 217.4240 63
217.4560 217.5200 62
217.5520 217.6160 64
217.6480 217.7440 63
217.7760 217.8720 64
217.9040 218.0000 62
218.0320 218.0960 64
218.1280 218.3200 63
218.3520 218.3840 62
218.7360 219.0880 62
219.1200 219.1840 64
219.2160 219.3120 62
219.3440 219.6000 60
219.6320 219.9520 62
220.1120 220.4640 64
220.6240 221.0080 67
221.1040 221.5840 67
221.6160 221.6480 71
221.6800 222.0640 72
222.0960 222.3520 71
222.3840 222.4480 72
222.4800 223.1200 71
223.1520 223.4400 69
223.4720 223.5360 68
223.5680 223.6320 69
223.6640 223.7600 67
223.7920 223.8560 69
223.8880 223.9520 67
223.9840 224.0800 69
224.1120 224.1760 67
224.2080 224.3040 69
224.3360 224.4320 67
224.4640 224.5280 69
224.5600 224.6240 67
224.6560 224.7520 69
224.7840 224.8480 68
224.8800 225.2000 69
225.2320 225.2960 68
225.3280 225.3920 69
225.4240 225.5520 68
225.5840 226.0320 69
226.8640 227.0880 62
227.1200 227.2160 64
227.2480 227.3120 62
227.3440 227.6320 60
227.6640 227.9520 62
228.1120 228.5600 64
228.5920 228.9120 67
229.1040 229.1680 68
229.2000 229.7760 67
229.8080 229.8720 68
229.9040 230.6720 67
230.7680 230.8000 71
231.2800 231.4400 66
231.6320 232.0800 72
232.1120 233.1360 71
233.1680 233.4560 69
233.4880 233.6160 68
233.6480 233.6480 69
233.6800 233.7120 68
233.7440 234.0960 69
234.1280 234.1920 67
234.2240 234.2880 69
234.3200 234.4160 67
234.4480 234.5120 69
234.5440 234.6400 68
234.6720 234.7680 69
234.8000 234.8640 67
234.8960 234.9920 69
235.0240 235.0880 67
235.1200 235.2160 69
235.2480 235.3120 67
235.3440 235.4080 69
235.4400 235.5680 68
235.6000 235.9520 69
236.1440 236.2080 69
240.2080 240.2720 72
