16.8480 17.2960 56
17.8720 17.9680 67
18.0000 18.1280 68
18.2880 18.8000 67
19.0240 19.2160 67
19.3440 19.5040 67
19.5360 20.2080 68
20.2400 20.4000 65
20.7520 20.9440 56
20.9760 21.2320 55
21.2640 21.6160 56
23.2480 23.2800 60
23.3120 23.4080 61
23.4400 23.5360 58
23.5680 23.6320 59
23.6640 23.7600 60
23.7920 24.4320 61
24.4640 24.5920 60
24.7840 24.9120 58
24.9440 25.0720 56
25.2000 25.4560 58
25.4880 25.5520 56
26.2240 26.4160 55
26.4480 26.5440 56
26.5760 26.6080 57
26.6400 26.9280 58
29.6800 29.7120 59
29.7440 29.8080 62
29.8400 30.2240 63
30.4800 30.5440 63
30.5760 30.7040 64
30.7360 31.3440 63
31.6320 31.6320 62
31.6640 31.6640 65
31.6960 31.7280 67
31.7600 31.9520 68
32.1440 32.4640 67
33.1680 33.3600 67
33.4880 33.6800 68
33.8080 33.9680 68
34.0000 34.2240 70
34.2560 35.3760 68
35.4080 35.4720 67
35.5040 35.5680 65
35.6000 35.6320 63
35.6640 35.7280 62
37.1040 37.1360 65
37.1680 37.2000 68
37.2320 37.2640 69
37.2960 37.9680 70
38.1600 38.5120 70
38.5440 38.7680 68
38.8000 38.9920 70
39.0240 39.4400 72
39.4720 39.6320 71
39.6640 39.7600 72
40.0480 40.2080 70
40.2400 40.3040 71
43.9840 44.2080 68
44.2400 44.3360 69
44.5920 44.7200 70
44.7520 44.9120 72
44.9440 45.0080 70
45.0400 45.1040 68
46.5120 46.5760 67
46.8000 46.8960 69
46.9280 46.9600 67
50.6720 50.7680 67
50.8000 50.9920 68
51.1200 51.1840 68
51.2160 51.6000 67
51.6320 51.6960 65
52.1440 52.3040 67
52.3360 53.0080 68
53.0400 53.2320 65
53.2640 53.3920 62
53.5520 53.6160 57
53.6480 53.7760 56
53.8080 53.8720 55
56.0160 56.0480 59
56.0800 56.1760 60
56.2080 56.3680 58
56.4000 56.4320 59
56.4640 56.5920 60
56.6240 57.2640 61
57.2960 57.4240 60
57.6480 57.7120 57
57.7440 57.9040 56
58.0320 58.2240 58
58.2560 58.2880 57
58.3200 58.3520 56
58.3840 58.4160 55
59.0560 59.0880 55
59.1200 59.4080 56
59.4400 59.7280 58
62.5120 62.5120 59
62.5440 62.6080 62
62.6400 63.0240 63
63.2800 63.3440 70
63.3760 63.6000 71
64.4640 64.4640 64
64.4960 64.5280 67
64.5600 64.7840 68
64.9120 65.2640 67
65.2960 65.2960 65
65.9680 66.2560 67
66.2880 66.5120 68
66.6080 66.6720 68
66.7040 66.8000 69
66.8320 66.9920 70
67.0240 67.0560 69
67.0880 68.1760 68
68.2080 68.3040 67
68.3360 68.3680 65
69.8080 69.8720 65
69.9040 69.9360 66
69.9680 70.2240 67
70.2560 70.8320 68
70.8640 71.0560 67
71.2160 71.3760 65
71.5360 71.6960 63
71.7280 72.0800 65
72.1120 72.1760 63
72.8800 73.1040 63
73.1360 73.5200 65
73.5520 73.6480 67
73.6800 74.8960 68
76.2720 76.3680 62
76.4000 76.8160 63
76.8480 76.9440 62
77.2000 77.5520 56
77.5840 77.6480 57
77.6800 77.7760 59
78.0320 78.6720 63
79.1200 79.3120 56
79.3440 79.3760 58
79.4080 79.4400 59
79.4720 79.5360 60
80.1120 80.1440 62
80.1760 80.2400 64
80.2720 80.4960 63
80.5280 80.6880 65
80.8800 80.9760 61
81.0080 81.2320 62
81.7440 81.7760 60
81.8080 81.8720 61
81.9040 82.0000 63
82.1280 82.2880 65
82.4800 82.6400 65
82.8320 82.9920 63
83.4080 83.4400 59
83.4720 83.6000 60
83.6320 83.6960 62
83.8560 84.0480 68
84.0800 84.2720 67
84.3040 84.4960 68
84.5280 84.6560 67
84.6880 84.9120 68
84.9440 85.0400 67
85.2000 85.3280 68
85.3600 85.4560 67
85.4880 85.6160 68
86.4800 86.5760 65
86.7040 87.0560 61
87.0880 87.1840 62
87.3440 87.4720 61
87.5040 87.6320 62
88.3680 88.5280 66
88.5920 88.6240 67
88.6560 88.8480 68
89.2960 89.3600 67
90.8960 90.9600 59
91.4400 91.5040 59
91.5360 91.5680 60
91.6000 91.6320 61
92.0800 92.2400 61
92.2720 92.6880 60
92.7200 92.7520 58
92.9760 93.2960 58
93.3280 93.5200 60
94.0000 94.0640 63
94.2560 94.3520 63
94.3840 94.5760 65
94.6080 94.8000 63
94.8320 94.8640 61
95.0880 95.2160 63
95.2480 95.3760 65
95.4080 95.5680 63
95.6000 95.6320 62
95.6640 95.7600 61
95.9520 96.0480 63
96.0800 96.2400 65
96.4000 96.7200 63
96.8480 96.9760 63
97.0080 97.1680 65
97.4560 97.5840 68
97.7440 97.8400 69
97.8720 97.9360 70
98.0640 98.2560 68
98.2880 98.3840 66
98.4160 98.5120 65
98.5440 98.7360 68
98.7680 98.9920 65
99.0240 99.0880 66
99.2160 99.3760 68
99.4080 99.5040 70
99.8560 100.0160 65
100.0480 100.2720 68
100.3040 100.4320 66
100.7840 100.8160 65
100.8480 100.8800 66
100.9120 101.0720 68
101.2000 101.2320 70
101.2640 101.3280 71
101.3600 101.7440 72
101.7760 101.8080 71
102.0320 102.4480 70
102.8960 102.9920 71
103.0240 103.4720 72
103.5040 104.1120 70
104.6560 104.6880 58
105.9680 106.0960 60
106.4480 106.4800 71
106.5120 106.9600 72
107.1520 107.2160 68
107.4400 107.4720 61
107.5680 107.6640 57
107.6960 108.3360 56
109.1040 109.1040 62
109.1360 109.1360 64
109.1680 109.2000 67
109.2320 109.6480 68
109.6800 110.1280 67
110.1600 110.1920 65
110.2240 110.4800 63
110.8960 110.9280 66
110.9600 110.9920 67
111.0240 111.9200 68
111.9520 112.0480 65
112.0800 112.2400 63
112.4000 112.8480 56
114.7040 114.9280 60
114.9600 115.0560 58
115.0880 115.1840 60
115.2160 115.9840 61
116.0160 116.1440 60
116.3360 116.4320 58
116.4640 116.8480 56
116.9760 117.1040 56
117.7440 117.7440 57
117.7760 117.9680 59
118.0000 118.0320 61
118.0640 118.7680 63
118.9280 119.0240 58
119.0560 119.2800 60
119.3120 119.3440 59
120.4000 120.4320 67
120.4640 120.8480 68
120.8800 120.9440 65
120.9760 121.0400 63
121.0720 121.1360 65
121.1680 121.2640 63
121.2960 121.4240 60
121.4560 121.5840 61
121.9680 122.8640 72
123.1200 123.1840 66
123.2160 123.4080 68
123.6320 123.9840 67
124.2080 124.3680 72
124.4000 124.4000 70
124.6880 124.8480 67
124.9760 125.4560 68
125.4880 125.7120 70
125.7440 126.8960 68
127.0880 127.0880 63
127.1200 127.2480 66
127.2800 127.4720 68
127.5040 127.5680 67
127.7600 128.1440 68
128.4960 128.6560 64
128.6880 128.7200 66
128.7520 128.8800 67
128.9120 129.4240 68
129.4560 129.6800 67
129.8720 130.1280 65
130.1600 130.4160 63
130.4480 130.7680 65
130.8000 130.9600 63
131.6000 131.8240 63
131.8560 132.2080 65
132.2400 133.7760 68
133.9040 134.0000 72
134.0320 134.1280 71
134.1600 134.2880 66
136.7520 136.8800 62
136.9120 137.1040 65
137.1360 137.5200 68
137.5520 137.7760 70
137.8080 139.0560 68
139.0880 139.2800 67
139.3120 139.7920 68
140.2400 140.2400 65
140.2720 140.7840 68
140.8160 140.9440 64
140.9760 141.1040 65
141.1360 141.4560 63
141.4880 141.5840 60
141.7440 141.8400 63
141.8720 142.0960 65
142.1280 142.1280 63
142.1600 142.3200 60
142.3520 142.4800 63
142.5120 142.6720 65
142.8640 143.2160 63
143.2480 143.3760 65
143.6640 143.8240 63
143.8560 144.0480 65
144.0800 144.4000 68
144.4320 144.6880 70
144.7200 145.2960 68
145.3280 145.5200 70
145.5520 146.0000 68
146.0320 146.1600 70
146.1920 146.3200 72
146.3520 146.4800 71
146.5120 146.6400 70
146.6720 146.7360 69
146.7680 146.8320 66
146.8640 147.1520 65
148.0160 148.0480 55
148.1120 148.1440 56
148.1760 148.4640 59
148.4960 148.8160 58
148.8480 149.1680 60
149.9040 150.0960 60
150.1280 150.5440 58
150.5760 150.7360 60
150.8320 150.8320 62
150.8640 150.8640 65
150.8960 151.1840 67
151.3120 151.4720 68
151.6640 151.8240 67
151.8560 151.9520 65
152.1440 152.4000 58
152.5600 152.9120 59
152.9440 153.2960 56
153.3280 153.5840 57
155.0880 155.8560 65
155.8880 156.0480 67
156.0800 156.0800 65
156.8800 157.5520 67
157.5840 158.0320 68
158.0640 158.8000 70
159.0240 159.4400 70
159.4720 159.6000 68
159.6320 159.6640 69
159.6960 159.8560 70
159.8880 159.9200 71
159.9520 160.3360 72
160.3680 160.5280 71
160.5600 160.6240 72
160.9760 161.1040 70
161.1360 161.1680 71
161.2000 161.5520 72
162.3520 162.4160 72
162.6720 162.7360 73
162.8960 163.1200 71
163.1520 163.3440 70
163.3760 163.8240 72
163.8560 163.9200 69
163.9520 164.0160 71
164.0480 164.0800 70
164.1120 164.1440 69
164.1760 164.4000 68
164.4320 164.4320 65
164.5280 164.6240 65
164.6560 164.7840 63
164.8160 164.8480 60
164.8800 164.9120 59
164.9440 164.9760 58
165.0080 165.0400 57
165.0720 165.1360 55
165.1680 165.2960 56
168.7200 169.1680 65
169.2000 169.2960 68
169.3280 169.3920 67
169.4240 169.4560 65
169.4880 169.5520 61
185.3600 185.4560 65
185.8400 185.9360 71
185.9680 186.3200 72
186.3520 186.4480 71
186.6400 186.8640 70
186.8960 187.0560 71
187.4720 187.6000 71
187.6320 188.0480 72
188.0800 188.1120 71
188.1440 188.4960 70
188.5280 188.6240 71
188.6560 188.8160 70
189.2320 189.4240 59
189.4560 189.6160 60
189.7440 190.1600 60
190.3200 190.7040 60
190.9600 191.1200 71
191.1520 191.2480 72
191.2800 191.3760 74
191.4080 191.6000 72
191.6320 191.6640 70
191.6960 191.7600 69
191.7920 191.8240 68
191.8560 191.8880 67
191.9200 191.9200 65
192.0160 192.1440 61
192.1760 192.2400 59
192.2720 192.9120 56
193.3280 193.7440 60
193.7760 193.7760 63
193.8080 194.4160 68
194.4480 194.7680 67
194.8000 194.8320 65
194.8640 195.0880 63
195.2160 195.6320 67
195.6640 196.6880 68
196.7200 196.7520 67
196.7840 196.8800 65
196.9120 196.9120 63
197.0400 197.2320 56
197.2640 197.3280 57
197.3600 197.6800 58
197.7120 197.7760 57
198.6400 198.8960 58
199.2800 199.4400 60
199.4720 199.5040 59
199.5360 199.6640 58
199.6960 199.7280 60
199.7600 200.5600 61
200.5920 200.6880 60
200.9120 201.0080 58
201.0400 201.2640 57
201.2960 201.5520 58
202.1600 202.3840 58
202.4160 202.4480 61
202.4800 202.5760 62
202.6080 202.8960 63
203.1200 203.1840 59
203.2160 203.4080 60
203.4400 203.5360 58
203.5680 203.6000 57
203.9520 204.0800 61
204.9120 205.0400 62
205.0720 205.3920 65
205.4240 205.5840 63
205.6160 205.6480 64
205.6800 205.9360 65
205.9680 206.1280 63
206.1600 206.2880 60
206.3200 206.3840 58
206.4160 206.6720 55
207.6640 207.7920 65
207.8240 208.0160 68
208.0480 208.1440 69
208.1760 208.9760 67
209.2320 209.2640 69
209.2960 209.3600 71
209.3920 209.6800 72
209.7120 210.0000 70
210.1280 210.3200 70
210.3520 211.5360 68
211.5680 211.6640 67
211.6960 211.7280 66
211.7600 211.9200 65
212.2720 212.3680 65
212.4960 212.6240 67
213.1360 213.2640 68
213.2960 214.0960 70
214.2880 214.6720 70
214.7040 214.9280 68
214.9600 215.0880 70
215.1200 215.1520 71
215.1840 215.7920 72
216.2080 216.4320 63
216.4640 216.8480 65
216.8800 216.9760 67
217.0080 217.4560 68
217.4880 217.7440 72
217.7760 217.8400 71
217.8720 218.0000 70
218.0320 219.2800 68
219.3120 219.3760 65
219.4080 219.6320 63
219.6640 219.6960 62
219.8560 219.9200 61
220.3360 220.3680 68
220.4000 220.7200 71
221.6160 221.6160 65
221.6480 221.6800 67
221.7120 222.0320 68
222.0640 222.3840 67
222.4160 222.4160 65
223.1520 223.2480 67
223.2800 224.1120 68
224.1440 224.1760 67
224.2080 224.3040 65
224.3360 224.3680 64
224.4000 224.4960 63
224.7200 224.7520 67
224.7840 225.0400 68
225.5840 225.7120 68
225.8080 225.8080 68
226.2560 226.3840 73
227.0560 227.0880 68
227.1200 227.1840 69
227.2160 227.6640 70
227.6960 228.0160 68
228.0480 228.0800 69
228.1120 228.1440 70
228.1760 228.3040 71
228.3360 228.4640 72
228.4960 228.5280 71
228.5600 228.7520 70
229.2000 229.4240 67
229.4560 230.1920 65
230.2240 230.3840 63
230.4160 230.9280 65
231.0560 231.4720 65
231.5040 231.5360 63
231.9520 232.2080 63
232.2400 232.4640 65
232.4960 232.5600 66
232.5920 232.6880 67
232.7200 235.6000 68
238.8640 238.9600 71
238.9920 239.0880 67
240.5600 240.5920 76
240.6240 240.8160 79
240.8480 240.8480 75
240.8800 240.8800 73
240.9120 240.9120 71
240.9440 240.9440 69
242.3200 242.4160 67
242.6080 242.6080 70
242.6400 242.7040 72
244.4320 244.6240 78
246.0640 246.2240 77
246.2560 246.3200 75
247.5360 247.5360 62
247.5680 247.7280 67
247.7600 248.3040 68
248.3360 248.5600 67
248.5920 248.6560 65
248.8160 248.9120 58
248.9440 249.0720 59
249.4880 249.4880 72
249.5200 249.6480 77
249.6800 249.8080 75
249.9360 250.0320 68
250.0640 250.1600 67
251.1840 251.3120 69
251.3440 251.4080 66
254.2240 254.3520 63
254.3840 254.6080 65
254.6400 254.9600 68
254.9920 255.2480 70
255.2800 255.8560 68
255.8880 256.1120 70
256.1440 256.5600 68
256.5920 256.7200 70
256.7520 257.0080 72
257.0400 257.2320 70
257.2640 257.3920 67
257.4240 257.7120 65
259.3760 259.5040 62
259.5360 259.7280 65
259.7600 259.9200 68
260.3680 260.5600 68
260.5920 260.8800 70
260.9120 262.1920 68
262.2240 263.6640 66
263.6960 263.8240 68
263.8560 264.1760 66
264.2080 264.2720 67
264.3040 264.5920 69
264.6240 264.9120 74
264.9440 265.0080 71
265.0400 265.2640 69
265.3280 265.3600 69
265.3920 265.4880 71
265.5200 265.6800 72
265.7120 265.7440 70
265.9360 266.0640 66
266.1600 266.2880 66
266.3200 266.3200 63
266.6080 266.6400 63
266.7360 266.8320 64
267.0240 267.2800 64
267.3120 267.4720 66
267.5040 267.6000 65
267.7600 268.2080 63
268.2400 268.4960 69
273.2000 273.3280 70
273.3600 273.3920 69
273.5840 273.6800 68
273.8400 274.0000 67
274.4800 274.5760 66
274.6080 274.8000 68
275.1520 275.2160 66
275.2480 275.4720 68
275.7920 275.8560 66
275.8880 276.1440 68
279.0880 279.1200 64
280.1120 280.2720 62
280.3040 280.4640 65
280.4960 280.6880 68
280.7200 280.8160 70
280.8480 281.0080 72
281.0400 282.3200 68
282.3520 282.8640 67
283.0560 283.3440 67
283.3760 283.4720 68
287.8560 288.0480 68
288.3040 289.0400 68
290.0320 290.1280 65
