12.4640 12.8800 56
12.9120 12.9440 57
12.9760 13.0080 58
13.0400 13.1360 59
13.1680 13.9360 60
13.9680 14.0320 61
14.0640 14.0640 63
14.0960 14.8320 65
14.8640 14.9920 67
15.0240 15.2480 68
15.2800 15.4080 67
15.4400 15.5040 64
15.5360 15.8880 61
15.9200 16.3040 59
16.3360 16.4000 58
16.4320 16.4960 60
16.5280 16.9760 59
17.0080 17.1360 60
17.1680 17.3600 65
17.5840 18.0320 67
18.6720 18.7040 67
18.7360 19.4080 68
19.4400 19.6640 69
19.6960 20.0800 70
20.1120 20.1760 71
20.2080 21.5520 72
21.5840 21.6160 71
21.7760 21.9040 70
21.9360 22.0320 71
22.0640 22.2560 70
22.5120 22.7040 69
22.7360 22.8000 68
22.8320 23.1840 67
23.3120 23.4080 67
24.4000 24.5920 62
24.6240 24.7840 63
24.8160 24.9120 64
24.9440 25.0720 63
25.2320 25.5840 61
25.6160 26.3520 60
26.3840 26.5760 61
26.6080 26.9600 60
26.9920 27.0560 61
27.5040 27.6960 63
27.7280 27.8240 64
27.8560 28.2080 63
28.2400 28.2720 62
28.3040 28.5280 60
28.5600 28.8160 61
28.8480 29.3280 60
29.3600 29.4880 61
29.5200 30.0000 60
30.0320 30.0960 61
30.6080 31.1200 63
31.1520 31.3120 65
31.4400 31.6320 65
31.6640 31.7280 63
31.7600 32.0800 62
32.1120 32.3680 63
32.4000 32.4960 62
32.5280 32.7840 60
32.8160 33.3600 57
33.3920 33.7120 58
33.7440 34.0640 63
34.0960 34.2240 65
34.4800 34.7040 65
34.7360 35.0880 63
35.1200 35.6640 62
37.1040 37.5840 56
37.6160 37.6800 57
37.7120 37.8400 58
37.8720 37.9040 59
37.9360 38.4480 60
38.4800 38.6400 61
38.6720 38.7040 64
38.7360 39.3760 65
39.4080 39.5360 67
39.5680 39.7920 68
39.8240 40.0800 67
40.1120 40.1440 65
40.1760 40.2080 63
40.2400 40.4320 61
40.4640 40.5280 60
40.5600 40.9760 59
41.0080 41.0720 58
41.1040 41.3600 60
41.3920 41.5200 59
41.5520 41.7120 60
41.7440 41.9680 65
42.1920 42.2880 68
42.3200 42.6400 67
43.3120 43.6000 67
43.6960 43.7280 67
43.7600 44.0480 68
44.0800 44.3680 69
44.4000 44.8160 70
44.8480 44.9120 71
44.9440 46.1920 72
46.2240 46.2880 71
46.4480 46.8960 70
47.1200 47.3120 69
47.3440 47.6640 68
47.6960 47.7920 67
47.8240 47.8880 68
49.0080 49.0400 62
49.0720 49.6800 63
49.9040 50.0000 61
50.0320 50.6720 60
50.7040 51.4400 61
51.4720 51.7600 60
52.1120 52.2720 63
52.3040 52.4320 64
52.4640 52.8800 63
52.9120 53.0080 61
53.0400 53.1040 59
53.1360 53.7760 60
53.8080 53.9360 61
53.9680 54.0640 60
54.0960 54.5440 61
54.5760 54.6720 60
54.7040 54.7680 61
54.9280 54.9920 61
55.2160 55.7920 63
55.8240 56.2400 65
56.2720 56.8480 62
56.8800 56.9120 61
56.9440 56.9760 59
57.0080 57.2000 58
57.2320 57.4560 57
57.4880 57.6480 58
57.6800 58.0320 59
58.0640 58.2240 60
58.2560 58.6720 61
58.7040 58.7360 62
58.7680 58.8640 63
59.1200 59.3120 63
59.3440 59.6320 60
59.6640 59.7600 61
59.7920 59.8560 59
59.8880 60.2400 61
60.2720 60.3040 60
61.3920 61.6160 65
61.6480 61.9040 67
62.0960 62.1920 65
62.2240 62.9280 64
62.9600 63.1840 65
63.2160 63.2800 64
63.3120 63.3760 63
63.4080 63.5360 62
63.5680 64.0480 60
64.0800 64.2400 61
64.4000 64.6880 67
64.7200 64.8160 66
64.8480 64.9440 65
64.9760 65.0400 63
65.0720 65.0720 61
65.1040 65.4880 59
65.5200 65.6160 58
65.6480 66.1600 59
66.1920 66.2880 58
66.3200 66.7040 59
66.7360 66.8320 60
67.4720 68.0480 58
68.0800 68.1440 60
68.1760 68.2720 59
68.3040 68.3680 58
68.4000 68.8480 57
68.8800 68.9760 56
69.0080 69.6480 58
69.6800 69.8080 60
69.8400 70.4480 58
70.4800 70.7040 57
70.7360 70.8640 56
70.9920 71.1840 56
71.4400 71.7600 63
71.7920 71.8560 65
71.8880 71.9520 63
71.9840 72.0800 65
72.1120 72.1760 63
72.2080 72.2720 65
72.3040 72.9440 63
73.7440 73.9360 68
73.9680 74.1920 67
74.4480 74.5440 65
74.5760 74.6400 63
74.6720 74.9280 65
74.9600 75.2800 64
75.3120 75.4720 65
75.5040 75.6960 64
75.7280 75.7600 63
75.7920 75.8880 62
75.9200 75.9840 59
76.0160 76.0800 61
76.1120 76.1760 59
76.2080 76.4000 60
76.4320 76.7200 61
76.7520 77.1040 67
77.1360 77.1680 66
77.2000 77.2320 65
77.2640 77.3600 64
77.5520 77.8080 59
77.8400 77.9360 60
77.9680 78.0320 58
78.0640 78.7040 59
78.7360 78.8000 60
79.8240 80.1760 57
80.2080 80.2720 59
80.3040 80.4000 60
80.6240 80.7520 59
80.7840 81.8080 60
81.8400 82.2240 61
82.2560 82.5120 60
82.5440 82.8640 61
82.8960 83.1520 62
83.1840 83.2480 63
83.2800 83.4720 65
83.6640 84.3040 63
84.3360 84.4000 61
84.4320 84.4960 63
84.5280 85.1040 62
86.2560 86.7360 56
86.7680 86.8000 57
86.8320 86.9280 58
86.9600 86.9920 59
87.0240 87.5360 60
87.5680 87.7280 61
87.7600 87.7920 62
87.8240 88.0800 65
88.2400 88.4960 65
88.5280 88.5920 67
88.6240 88.9440 68
89.2960 89.3600 62
89.3920 89.5520 60
89.5840 89.6800 61
89.7120 90.5440 59
90.5760 90.8960 60
90.9280 91.1520 65
91.3440 91.6640 67
92.4640 92.7520 67
92.8480 93.1040 67
93.1360 93.2640 68
93.2960 93.5200 69
93.5520 93.9680 70
94.0000 94.9280 72
94.9600 95.0880 73
95.1200 95.3120 72
95.3440 95.4080 71
95.5680 95.9840 70
96.2400 96.3680 70
96.4000 96.4320 69
96.4640 97.3600 68
98.1920 98.3520 63
98.3840 98.5120 64
98.6400 98.8320 63
99.0240 99.3120 61
99.3440 99.4400 60
99.4720 100.3680 61
100.4960 100.6240 61
100.6560 100.8160 60
101.2960 101.3600 62
101.3920 101.5840 63
101.7120 101.7760 64
101.8080 101.8720 63
101.9040 101.9360 62
102.0960 102.1600 61
102.1920 102.6720 60
102.7040 102.9600 61
102.9920 103.2480 60
103.2800 103.6640 61
103.6960 103.7920 60
103.8240 103.8880 61
104.3680 104.5280 62
104.5600 104.7520 63
104.7840 104.8800 62
104.9120 105.0720 65
105.1040 105.4240 64
105.4560 106.1280 62
106.1600 106.1920 60
106.3200 106.8640 58
106.8960 107.1200 60
107.1520 107.4080 59
107.4400 107.7600 61
107.7920 107.8240 62
107.8560 107.9840 63
108.2400 108.3680 61
108.4000 108.5280 62
108.5600 108.8160 60
108.8480 108.9440 61
108.9760 109.0720 60
109.1040 109.1680 62
109.2000 109.3280 60
109.3600 109.4560 61
109.4880 109.5840 60
109.6160 109.7120 61
109.7440 109.7760 60
110.0960 110.1920 60
135.0880 135.3760 65
135.4080 135.5680 68
135.6000 135.6320 67
135.8560 136.3360 65
136.3680 136.6240 64
136.6560 136.9120 65
136.9440 137.2640 63
137.2960 137.4560 60
137.4880 137.5520 59
137.5840 137.6480 61
137.6800 137.9360 60
137.9680 138.0960 61
138.1280 138.2240 68
138.2560 138.4480 67
138.4800 138.5440 65
138.5760 138.6080 64
138.6400 138.7040 63
138.7360 139.2480 59
139.2800 139.3440 60
139.3760 139.4400 58
139.4720 139.5680 60
139.6000 139.6640 58
139.6960 139.9520 60
139.9840 140.0480 58
140.0800 140.4000 59
141.0080 141.0400 57
141.0720 141.5840 58
141.6160 141.7760 59
141.8080 141.9040 58
141.9360 142.0960 57
142.1280 142.1920 58
142.2240 142.4800 56
142.5120 142.9280 57
142.9600 143.1520 58
143.1840 143.2800 60
143.3120 143.7600 58
143.7920 143.9200 57
143.9520 144.0160 56
144.1440 144.6560 56
144.9120 145.2320 63
145.2640 145.4240 64
145.4560 145.5520 65
145.5840 146.0960 63
146.1280 146.2240 64
147.1840 147.3440 68
147.3760 147.5680 67
147.6000 147.6960 66
147.9200 148.5280 64
148.5600 148.6560 63
148.6880 148.9440 65
148.9760 149.1680 63
149.2000 149.3280 62
149.3600 149.8400 60
149.8720 150.0000 61
150.2880 150.5120 67
150.5440 150.5760 65
150.6080 150.7680 64
151.0560 151.3440 60
151.3760 151.6320 58
151.6640 152.3680 59
153.2640 153.6160 57
153.6480 153.8400 60
154.0640 154.1280 59
154.1600 154.9920 60
155.0240 156.2720 61
156.3040 156.5280 62
156.5600 156.7200 63
156.7520 156.9760 65
157.1360 157.8080 63
157.8400 157.9360 62
157.9680 158.4160 63
158.4480 158.6720 62
159.6640 160.0800 56
160.1120 160.1440 57
160.1760 160.3040 58
160.3360 160.3680 59
160.4000 160.9120 60
160.9440 161.2640 61
161.2960 161.4880 65
161.6480 161.9040 65
161.9360 162.0640 67
162.0960 162.3840 68
162.5120 162.5760 67
162.6080 162.6720 66
162.7040 162.7680 63
162.8000 163.0240 61
163.0560 163.0880 60
163.1200 164.2080 59
164.3360 164.5280 65
164.7520 165.1680 67
165.2000 165.2640 68
165.8400 166.1280 67
166.2240 166.4480 67
166.4800 166.5440 68
166.5760 167.0240 69
167.0560 167.3440 70
167.3760 168.6560 72
168.9440 169.0080 70
169.0400 169.1360 71
169.1680 169.3280 70
169.5840 169.7760 70
169.8080 170.3520 68
170.3840 170.4480 67
170.9600 171.0240 67
171.6000 171.7280 62
171.7600 171.9200 64
172.0480 172.1120 64
172.1440 172.1760 63
172.2080 172.2400 62
172.4320 173.1360 61
173.1680 173.2640 60
173.2960 173.7760 61
173.8080 174.0640 60
174.0960 174.1920 61
174.6720 174.8320 62
174.8640 174.9600 63
175.0880 175.1840 64
175.2160 175.3440 63
175.5040 175.7600 60
175.7920 175.8560 59
175.8880 175.9840 61
176.0160 176.5280 60
176.5600 177.2640 61
177.7760 177.8720 62
177.9040 178.0640 63
178.0960 178.2560 62
178.2880 178.3200 64
178.3520 178.8000 65
178.8320 178.8960 63
178.9280 179.0560 62
179.0880 179.3120 63
179.3440 179.4720 62
179.5040 179.6320 59
179.6640 179.7600 58
179.7920 180.0480 57
180.0800 180.4320 58
180.4640 180.5280 60
180.5600 180.7520 59
180.7840 181.1040 61
181.1360 181.2000 62
181.2320 181.3600 63
181.5840 181.8400 62
181.8720 182.8320 60
183.7920 184.0160 62
184.0480 184.1120 64
184.2720 184.4000 64
184.4320 184.4640 62
184.6560 185.1040 61
185.1360 185.2000 59
185.2320 185.9040 61
186.0960 186.5760 61
186.8640 187.0880 62
187.1200 187.1840 64
187.3440 187.4720 63
187.5040 187.7600 62
187.7920 188.3360 60
188.3680 188.4320 59
188.4640 189.6480 61
189.9040 190.0320 62
190.0640 190.4480 63
190.4800 190.6400 65
190.6720 190.7360 63
190.7680 190.8960 65
190.9280 190.9920 64
191.0240 191.0880 63
191.1200 191.6000 62
191.6320 191.6640 61
191.6960 191.7920 58
191.8240 192.3360 57
192.3680 192.4000 58
192.4320 192.5920 59
192.6240 192.9760 60
193.0080 193.3280 61
193.3600 193.3920 62
193.4240 193.5200 63
193.7760 193.8720 63
193.9040 193.9680 62
194.0000 194.1280 61
194.1600 194.7680 60
194.8000 194.8960 61
194.9280 195.0240 59
195.0560 195.1520 61
195.1840 195.2800 59
195.3120 195.9200 61
195.9520 196.2720 60
