1.1040 1.4560 68
1.9360 2.6080 69
2.7680 2.8320 71
3.0880 3.1520 71
4.2080 4.3680 73
4.6880 4.9760 70
5.2000 5.2320 70
5.6160 5.6800 70
6.0320 6.1600 69
6.4480 6.5120 68
6.5440 7.1840 67
29.1040 29.1680 60
29.8080 29.9360 58
29.9680 30.1920 57
30.2240 30.2560 60
30.2880 30.3520 61
30.3840 30.6720 62
30.7040 31.5360 61
32.9440 33.1680 57
33.2000 33.2640 56
33.2960 33.4880 55
33.6160 33.8720 57
34.0640 34.8320 59
36.1760 36.3040 58
36.4320 36.4640 58
36.4960 36.6240 59
36.6560 36.9120 58
37.1360 37.2000 58
37.2320 37.3920 59
37.4240 37.5520 60
37.5840 38.2880 59
39.7600 40.1120 57
40.2720 40.4000 56
40.5920 40.6880 56
40.7200 40.9120 57
41.1360 41.7760 57
43.3440 43.3440 59
43.4400 43.4720 60
43.5040 43.6640 61
43.9520 44.0160 59
44.2080 44.2720 61
44.3040 44.7840 62
44.8160 44.9760 61
45.0080 45.0720 59
45.1040 45.1680 58
45.2000 45.3920 57
45.5200 45.9040 59
46.7360 46.8960 57
47.0880 47.4080 57
47.4400 47.7280 56
47.7600 48.0480 57
48.4320 48.6560 57
48.8160 48.9760 57
49.1040 49.4560 59
50.3200 50.6400 58
50.6720 51.1200 59
51.1520 51.2480 58
51.2800 51.4400 57
51.4720 51.5680 58
51.6000 51.7600 59
51.7920 51.8880 60
51.9200 52.5920 59
53.6480 53.7760 54
53.8080 53.9360 55
54.1280 54.2240 56
54.2560 54.6400 57
54.8000 55.1200 56
55.1520 55.3120 57
55.5040 56.2080 57
56.6240 56.9760 57
57.0080 57.2320 59
57.2640 57.3920 61
57.5200 57.7120 69
57.7440 57.9040 67
58.0960 58.3520 64
58.5440 58.6400 64
58.6720 58.8320 66
58.9920 59.4080 61
59.4400 59.6320 59
60.0160 60.4960 57
60.5280 60.7200 59
60.7520 60.8800 61
61.0400 61.2000 69
61.2320 61.4240 68
61.4560 61.4880 67
61.6480 61.8720 64
62.1600 62.2880 66
62.5120 62.8960 61
62.9280 63.1200 59
63.5040 64.0160 57
64.0480 64.2720 59
64.3040 64.4320 61
64.5600 64.7520 69
64.7840 64.8480 67
64.8800 65.1040 68
65.9680 66.5440 59
66.6720 66.8960 58
66.9280 67.0880 59
67.1200 67.2800 60
67.6320 67.8880 59
68.0160 68.2720 59
68.4320 68.7520 58
68.7840 69.0080 61
69.5200 69.6480 57
69.6800 70.0960 59
70.1280 70.3200 61
70.3520 70.5440 59
70.5760 70.7040 57
70.8960 71.1200 59
71.1520 71.9520 61
71.9840 72.0800 59
73.3280 73.5200 64
73.6480 74.0000 61
74.0320 74.1280 59
74.1600 74.2880 57
74.4480 74.7360 59
74.7680 75.4720 61
75.5040 75.6320 59
76.5920 76.8160 69
76.8480 77.1040 71
77.1360 77.2960 73
77.3280 77.5840 71
77.6160 77.7760 69
77.9680 78.1280 64
78.2560 78.3520 60
78.3840 78.9280 61
78.9600 79.0560 59
79.0880 79.2160 57
79.4400 80.5920 59
81.0720 81.2640 69
81.2960 81.7760 67
81.8080 81.9040 68
81.9360 82.1280 69
82.1600 82.3200 71
82.3520 82.7680 69
82.8000 82.9600 68
82.9920 83.2800 67
83.3120 83.6640 68
83.6960 83.7920 69
83.8240 83.8560 70
83.8880 83.9520 71
84.1440 84.1760 71
84.2080 84.6240 73
84.6560 84.6880 71
84.7200 84.9440 69
84.9760 84.9760 65
85.0720 85.1680 65
85.3280 86.0960 61
86.1280 86.2880 59
87.4400 88.1760 60
88.2080 88.3680 57
88.5600 88.8480 59
88.8800 89.5840 61
89.6160 89.7760 59
90.7040 90.8960 69
90.9280 91.2800 71
91.3120 91.3760 73
91.4080 91.5360 72
91.5680 91.6640 71
91.7920 91.8880 69
91.9200 91.9200 67
92.0800 92.2400 64
92.3680 92.4640 60
92.4960 93.0400 61
93.2000 93.3280 69
93.5520 93.6480 71
93.8400 93.9040 72
93.9360 94.9920 71
95.1520 95.2160 70
95.2480 95.3760 69
95.4080 95.4720 68
95.5040 95.5680 67
95.6000 95.7280 66
95.7600 96.1760 68
96.2080 96.4320 71
96.4640 96.9120 69
96.9440 97.1040 68
97.1360 97.3920 67
97.4240 97.9680 68
101.5520 101.6480 61
101.7760 102.1600 61
102.4480 102.6080 61
102.6400 103.0240 62
103.0560 103.4720 61
103.6000 103.9200 61
104.2080 104.4000 61
104.6560 104.7520 60
105.0400 105.1360 56
105.1680 105.6480 57
105.6800 105.7440 56
105.7760 106.0320 55
106.0640 106.2240 57
106.4160 106.6400 59
106.7680 106.8320 59
106.9920 107.4080 59
107.4400 108.1760 57
108.3680 108.5280 56
108.5600 108.6240 58
109.0400 109.3280 57
109.5200 110.3840 59
111.9200 112.6240 57
112.8160 112.8800 56
113.0720 114.1280 57
114.7680 115.2160 57
115.2480 115.4400 59
115.4720 115.6640 61
115.6960 115.9200 69
115.9520 116.1760 67
116.3680 116.5920 64
116.7520 116.8160 63
116.8480 117.0400 66
117.2320 117.6480 61
117.6800 117.8720 59
118.3520 118.7360 57
118.7680 118.9920 59
119.0240 119.1200 61
119.2480 119.6640 68
119.8880 120.1440 64
120.3040 120.5920 65
120.8480 121.1360 61
121.1680 121.4240 59
121.8720 122.2880 57
122.3200 122.5120 59
122.5440 122.6720 61
122.8320 122.9600 69
122.9920 123.2800 68
123.6000 124.1120 64
124.4960 124.7200 59
125.0080 125.5200 59
125.8400 126.0960 59
126.2240 126.4480 59
126.6720 127.0560 59
127.0880 127.2480 61
127.2800 127.4080 59
127.4400 127.6960 61
127.7280 127.9200 57
127.9520 128.3360 59
128.3680 128.4640 61
128.5920 128.7520 60
129.1040 129.3600 59
129.3920 130.1920 61
130.2240 130.3200 59
131.5680 131.6960 64
131.8880 132.2400 61
132.2720 132.3360 59
132.3680 132.4960 57
132.6880 132.9760 59
133.0080 133.7120 61
133.7440 133.8720 59
134.8320 135.0240 69
135.0560 135.3760 71
135.4080 135.5040 73
135.5360 135.8240 71
135.8560 136.0480 69
136.2080 136.3360 64
136.4960 137.1680 61
137.2000 137.2320 59
137.2640 137.4880 57
137.6800 138.8320 59
139.3120 139.5040 69
139.5360 139.9200 67
139.9520 140.1440 68
140.1760 140.3680 69
140.4000 140.5920 71
140.6240 141.0080 69
141.0400 141.2000 68
141.2320 141.2640 67
141.2960 141.5200 66
141.5520 141.9040 68
141.9360 142.0640 69
142.0960 142.2240 71
142.3520 142.4160 71
142.4480 142.9280 72
142.9600 143.1520 69
143.3440 143.4080 65
143.5680 144.3360 61
144.3680 144.5280 59
145.6800 145.8080 60
145.8400 146.0000 59
146.0320 146.1920 61
146.2240 146.3200 60
146.3520 146.4160 59
146.4480 146.6080 57
146.7680 147.0880 59
147.1200 147.7920 61
147.8240 147.9840 59
148.9440 149.1360 69
149.1680 149.5200 71
149.5520 149.6160 73
149.6480 149.7760 72
149.8080 149.9040 71
150.0320 150.1280 69
150.1600 150.1600 67
150.3200 150.4800 64
150.6080 150.7040 60
150.7360 151.2800 61
151.4400 151.5360 69
151.7920 151.8880 71
152.0800 153.1360 71
153.1680 153.2320 72
153.3920 153.6160 69
153.6480 153.7120 68
153.7440 154.0320 67
154.0640 154.2560 68
154.2880 154.4800 69
154.5120 154.7040 71
154.7360 155.1200 69
155.1520 155.3120 68
155.3440 155.4080 67
155.4400 155.5680 66
155.6000 155.6640 67
155.6960 156.1440 68
156.1760 156.3040 67
157.6160 157.7440 62
157.8400 157.9360 61
158.2560 158.5440 59
158.7040 159.5040 59
159.5360 160.2080 57
160.2400 160.6240 59
161.1360 161.4560 61
161.4880 161.5520 62
161.5840 161.7120 64
161.7440 161.7440 62
161.7760 163.1200 59
163.1520 163.5040 61
164.8480 164.9760 63
165.1040 165.2320 60
165.2640 165.8720 59
166.1600 166.3200 59
166.3520 166.9280 57
168.1440 168.3680 56
168.4000 168.5600 57
168.8160 169.0400 57
169.4880 169.7440 66
169.7760 170.4160 68
170.6400 170.8960 66
170.9280 171.1840 68
171.4080 171.5040 64
171.9840 172.1760 62
172.3680 172.9440 59
173.2640 173.4240 59
173.4560 174.2240 57
174.3520 174.7680 59
174.9920 175.4080 64
175.5680 175.7280 64
175.7600 175.7600 61
175.8560 177.2000 59
177.2320 177.5840 61
177.7120 178.2240 62
179.2800 180.4640 59
180.4960 181.2960 57
182.3520 182.4800 68
182.5120 182.6720 69
182.7040 182.7680 71
182.9280 183.0880 69
183.1200 183.3440 68
183.6000 183.7920 66
183.8240 183.8560 67
183.8880 184.4000 68
185.3280 185.3920 67
193.9680 194.0320 68
198.8000 198.8320 66
198.8640 199.0240 67
199.0560 199.3760 66
199.4080 199.6960 68
199.7280 199.9520 66
200.1120 200.3680 67
200.4000 201.3920 69
202.6080 202.8000 65
202.8320 202.9600 67
202.9920 203.1520 68
203.1840 203.4720 66
203.6320 203.8240 68
203.8560 204.8480 66
205.8720 205.9680 68
206.0000 206.3520 66
206.3840 206.7360 68
206.7680 207.0560 66
207.1840 207.2160 66
207.2480 207.4400 68
207.4720 208.1440 69
208.1760 208.2400 68
208.2720 208.3040 67
208.3360 208.6240 66
208.6560 208.7200 67
208.7520 208.9440 69
208.9760 210.0000 68
210.6720 210.7040 70
210.7360 210.8000 71
210.8320 210.8640 72
210.8960 211.2160 73
211.2480 211.3760 71
211.4080 211.5680 69
211.6000 211.9200 71
211.9520 211.9840 72
212.0160 212.4320 73
212.4640 213.7120 71
213.7440 213.8720 72
213.9040 214.0960 70
215.1520 215.1840 66
215.2160 215.3440 67
215.3760 215.5040 68
215.5360 215.7600 66
215.9840 216.0480 66
216.4000 217.5520 57
218.3840 218.3840 67
218.4160 218.4800 69
218.7680 218.9920 68
219.0240 219.1200 67
219.1520 219.2480 66
219.5360 219.5680 68
222.0320 222.0960 66
222.3840 222.5760 68
222.6080 222.8640 66
222.8960 222.8960 63
223.3120 223.9200 57
224.0480 224.1120 57
224.5280 224.5600 67
224.7840 224.9440 67
224.9760 225.0720 68
225.2320 225.3280 68
225.6800 225.7120 67
225.7760 225.7760 67
226.0960 227.1200 66
227.1520 227.2800 65
227.3120 227.4400 69
227.4720 227.8560 71
227.8880 227.9200 72
227.9520 228.2720 73
228.3040 228.3360 72
228.3680 229.0720 71
229.1040 229.2320 68
230.0640 230.6720 66
230.9280 231.2800 61
231.3120 231.3440 60
231.3760 231.5040 59
231.8880 232.1760 59
232.2080 232.3680 57
232.7200 232.9440 57
233.0080 233.1680 59
233.6800 234.0000 61
234.5120 234.8960 61
234.9280 235.0880 59
235.5360 235.6000 58
235.6320 235.7920 59
235.8880 235.9840 59
236.4640 236.7520 61
237.1360 237.4880 61
238.0320 238.3840 61
238.4160 238.5120 59
238.9920 239.1840 59
239.2160 239.2480 58
239.2800 239.4080 57
239.7920 239.9520 57
240.7200 241.7120 68
241.7440 241.9360 69
241.9680 242.1280 68
242.1600 242.7040 66
242.9280 243.0240 62
243.4400 243.7920 61
244.5600 244.5920 61
244.6880 245.2000 61
246.3840 246.5760 57
246.8320 247.0560 57
247.3760 247.4400 59
247.7600 247.8240 61
247.9840 249.0080 61
249.6160 249.9040 64
250.3840 250.4800 60
250.5120 250.5760 61
250.6080 250.8000 59
250.8320 250.9600 61
251.5680 251.6000 61
251.8240 252.2400 61
252.4000 252.4960 61
252.7200 252.9120 61
253.1680 253.3600 59
253.3920 253.5840 57
253.9040 254.1280 57
254.1920 254.2240 59
254.8640 255.8560 68
255.8880 256.1120 69
256.1440 256.2400 68
256.2720 256.3040 67
256.3360 257.2640 66
261.9040 262.8320 56
