19.3760 19.5680 61
19.6000 19.6640 62
19.6960 19.8240 63
19.9520 20.1440 63
20.1760 20.3360 65
20.9760 21.1040 65
21.2320 21.6160 63
21.6480 21.6800 62
21.7120 21.9360 61
21.9680 22.0640 62
22.0960 22.1600 63
22.6080 22.8000 65
22.8320 22.8960 64
22.9280 22.9920 63
23.0240 23.0560 62
23.0880 23.2800 61
23.4400 23.5040 60
23.5360 23.9200 59
23.9520 24.6240 60
24.7840 24.9440 60
24.9760 25.0720 59
25.1040 25.2000 58
25.2320 25.3280 57
25.3600 25.3920 56
25.5840 26.2560 56
27.2480 27.3440 58
27.5040 27.8560 58
28.2720 28.3680 60
28.5280 28.5920 61
28.6240 28.7840 60
29.1360 29.2000 56
29.3280 29.7760 56
30.0320 30.1600 65
30.1920 30.2560 63
30.2880 30.8640 61
31.4720 31.5680 63
31.6000 31.6960 65
31.7280 31.8880 63
31.9200 32.1760 61
32.2080 32.3680 59
32.7200 33.0720 62
33.8400 34.0640 63
34.0960 34.2560 65
34.2880 34.6720 63
34.7040 34.8640 65
34.8960 35.0240 63
35.1840 35.7280 63
36.5600 36.7520 61
36.7840 36.8800 63
37.0400 37.1680 63
37.2000 38.0640 65
38.0960 38.2880 63
38.3200 38.5760 65
38.6080 39.3440 63
39.7280 39.9520 65
39.9840 40.1440 63
40.1760 40.4320 61
40.4640 40.6560 60
40.8160 40.9760 61
41.0080 41.6160 60
41.6480 42.0320 61
42.2560 42.4800 61
42.5120 42.6080 62
42.6400 42.8640 63
42.8960 42.9920 62
43.3440 43.5040 57
44.3360 44.4960 56
44.5280 44.5600 57
44.5920 44.8800 58
45.4240 45.7120 61
45.7440 45.7760 60
46.3840 46.5440 56
46.8000 47.0240 57
47.2800 47.4400 63
47.4720 47.6640 65
47.7920 48.0480 63
48.6560 48.8800 65
48.9120 48.9440 64
48.9760 49.0400 63
49.1680 49.2640 61
49.4240 49.4880 61
49.5200 49.5840 60
49.6160 49.8080 58
49.9360 50.2240 61
50.2560 50.3840 63
50.5120 50.9280 61
50.9600 51.3120 63
51.3440 51.4080 61
51.5360 53.5520 61
54.5760 55.0880 65
55.1200 55.1840 63
55.3120 55.5360 61
55.7280 56.0160 61
56.0480 56.3680 63
56.4000 56.6240 65
56.6560 56.9760 68
57.0080 57.1360 70
57.1680 57.4240 67
57.4560 58.2560 68
58.8000 58.9280 70
58.9600 59.0560 69
59.0880 59.2160 68
59.2480 59.5680 65
59.6000 59.9200 63
60.1120 60.3360 65
60.3680 60.7840 68
60.8160 61.3600 72
61.3920 62.0640 65
62.2560 62.9920 68
63.8880 64.1120 70
64.1440 64.3680 68
64.4000 64.9440 70
64.9760 65.4560 73
66.0320 66.1600 68
66.3200 66.8000 68
66.8320 67.1520 65
67.6960 67.8240 63
67.9520 68.0800 65
68.1120 68.3360 64
68.3680 68.5920 61
68.7200 68.9120 61
68.9440 69.1360 59
69.3600 69.6160 61
69.7760 70.0000 63
70.0320 70.2880 65
70.5440 70.8320 61
70.8640 70.9920 62
71.0240 71.3760 63
71.7280 72.0800 65
72.1120 72.1760 64
72.2080 72.3040 63
72.4640 73.2640 61
73.2960 73.5200 63
73.5520 73.7760 65
73.8080 74.1600 68
74.1920 74.3200 70
74.4480 74.6400 66
74.6720 75.4720 68
75.9200 76.0800 70
76.2080 76.3360 69
76.3680 76.6560 65
76.8160 77.0400 63
77.2320 77.4560 65
77.4880 78.0000 68
78.0320 78.6400 72
78.9280 79.1840 65
79.4400 80.0480 68
81.0080 81.1040 68
81.1360 81.9360 70
82.0960 82.4160 73
82.4480 82.5760 72
83.1520 83.6000 68
83.6320 83.7920 69
83.8240 83.8240 67
83.9520 84.2720 63
84.3040 84.4320 64
84.7520 85.0400 63
85.0720 85.1680 64
85.3280 85.4880 63
85.5200 85.5840 62
85.6160 85.8720 61
85.9040 85.9680 60
86.0000 86.0640 59
86.0960 86.2560 58
86.4800 86.7360 62
87.5360 87.7280 65
87.7600 88.3040 68
88.3360 88.5280 70
88.5600 88.5600 67
88.6560 88.9760 63
90.0960 90.3840 63
90.4160 93.6480 61
95.3120 95.5680 61
107.3120 107.5040 61
107.5360 107.6640 63
107.7920 108.0480 63
108.0800 108.1760 64
108.8160 108.8800 63
109.1360 109.5200 63
109.5520 109.6160 62
109.6480 109.8400 61
109.8720 109.9680 62
110.0000 110.0640 63
110.4800 110.6400 65
110.6720 110.7360 64
110.7680 110.8640 63
110.8960 110.9920 62
111.0240 111.1520 61
111.3120 111.4080 60
111.4400 111.7920 59
111.8240 112.3360 60
112.3680 112.4960 61
112.6560 112.7840 60
112.8160 112.8800 59
112.9120 113.0400 58
113.0720 113.2640 56
113.4240 114.1920 56
115.1200 115.1840 57
115.3120 115.7600 58
116.1120 116.2080 60
116.4000 116.5920 61
116.6240 116.6560 59
116.9440 117.5840 56
117.8080 118.0320 65
118.0640 118.7360 62
119.3120 119.6640 64
119.6960 120.0480 61
120.0800 120.2080 59
120.4960 120.9440 63
121.6800 121.8720 63
121.9040 122.0960 65
122.1280 122.3840 63
122.5120 122.6720 65
122.7040 122.8640 63
123.0240 123.4720 63
123.5040 123.6000 62
124.4320 124.6240 61
124.6560 124.7840 63
124.9120 125.0400 63
125.0720 125.7120 65
125.7440 125.9040 67
125.9360 126.1920 63
126.2240 126.4480 65
126.4800 127.2480 63
127.6000 127.7920 65
127.8240 127.8560 64
127.8880 128.0160 63
128.0480 128.3040 61
128.3360 128.5280 60
128.7200 128.8480 61
128.8800 129.4240 60
129.4560 129.9040 61
130.0960 130.3200 61
130.3520 130.4480 62
130.4800 130.6720 63
130.7040 130.8000 62
130.9600 131.0240 58
131.0560 131.3120 57
132.2400 132.3680 56
132.4000 132.4640 57
132.4960 132.7840 58
133.2960 133.6160 61
134.2240 134.3840 56
134.6080 134.7040 57
135.1200 135.3120 63
135.3440 135.5040 65
135.6320 135.8560 63
135.8880 136.0480 65
136.4960 136.7200 65
136.7520 136.8800 63
137.0080 137.1040 61
137.2640 137.4240 60
137.4560 137.6160 58
137.7760 138.7680 61
138.8000 139.0240 63
139.0560 139.1200 62
139.1520 139.5040 61
139.5360 139.8880 62
139.9200 141.7120 61
142.4480 142.8000 65
142.8320 142.8960 64
142.9280 143.0240 63
143.1520 143.3440 61
143.5680 143.8880 61
143.9200 144.2080 63
144.2400 144.4320 65
144.4640 144.7840 68
144.8160 144.9440 70
145.0720 145.1680 67
145.2000 146.0640 68
146.0960 146.2240 71
146.4160 146.5440 74
146.6080 146.7680 70
146.8000 146.8320 69
146.8640 147.0560 68
147.0880 147.4080 65
147.5680 147.7920 63
148.0160 148.2720 65
148.3040 148.6560 68
148.6880 148.7520 71
148.7840 148.9760 72
149.0080 149.2320 73
149.3600 150.0000 65
150.1280 150.8960 68
151.6960 151.8560 70
151.8880 152.1760 68
152.2080 152.8160 70
152.8480 152.9120 73
152.9440 153.1360 74
153.1680 153.2640 73
153.8400 154.0320 68
154.1600 154.4160 68
154.4480 154.6080 69
154.6400 155.0560 65
155.5360 155.6640 63
155.7920 155.9840 65
156.0160 156.2400 63
156.2720 156.6880 61
156.7200 156.9440 58
157.1680 157.4560 61
157.6160 157.8400 63
157.8720 158.0960 65
158.3840 158.7360 61
158.7680 159.1840 63
159.6000 160.0480 65
160.0800 160.1120 63
160.3680 160.4000 61
160.4960 160.5280 61
160.5920 161.0720 61
161.1040 161.3280 63
161.3600 161.6480 65
161.6800 161.9360 68
161.9680 162.0960 70
162.2560 162.3200 69
162.3520 163.2480 68
163.7920 163.8560 68
163.8880 164.0160 70
164.0480 164.2080 68
164.2400 164.4960 65
164.6880 164.9120 63
165.1040 165.2320 65
165.3600 165.8400 68
165.8720 166.4800 72
166.7360 167.0240 65
167.3120 168.0160 68
168.8480 169.1040 70
169.1360 169.2960 68
169.3280 169.5840 70
169.7120 169.7760 71
169.8080 170.5440 73
170.9920 171.4400 68
171.4720 171.6640 69
171.8240 172.1440 63
172.1760 172.3360 64
172.6240 172.8800 63
172.9120 173.0400 65
173.1680 173.3280 63
173.3600 173.7760 61
173.8080 174.0640 58
174.3200 174.6400 61
175.3440 175.5040 65
175.5360 176.1120 68
176.1440 176.3040 70
176.4320 176.8160 63
176.8480 177.1040 65
177.1360 177.2960 63
177.3280 177.4560 61
177.6160 177.7760 59
177.8080 177.8400 61
177.8720 178.0960 62
178.1280 178.4480 63
178.6720 178.9600 63
179.2800 179.3120 68
179.3440 180.3680 69
180.4000 181.4240 68
181.7440 182.2880 63
183.0560 183.5360 72
187.6320 187.8240 70
188.2080 188.3040 75
188.5600 188.8800 75
189.1680 189.8080 74
189.8400 190.1280 73
190.1600 190.2560 72
190.8960 191.3440 68
191.3760 191.5680 70
192.1760 192.3360 69
192.6240 192.7520 68
192.9760 193.9040 68
193.9360 194.3520 65
194.3840 194.9280 61
195.0880 195.3440 61
195.3760 195.6320 63
195.6640 195.8880 65
195.9200 196.2080 68
196.2400 196.3680 70
196.4000 196.7200 67
196.7520 197.0400 68
198.0320 198.1920 70
198.2240 198.2560 69
198.2880 198.4800 68
198.5120 198.6080 66
198.6400 198.8000 65
198.8320 198.8640 64
198.8960 199.1840 63
199.3760 199.6320 65
199.6640 200.0800 68
200.1120 200.7200 72
201.0080 201.3920 65
201.5200 202.2240 68
203.1200 203.3120 70
203.3440 203.6000 68
203.6320 204.1760 70
204.2080 204.7840 73
205.2320 205.4240 68
205.5840 205.8400 68
205.8720 206.0000 69
206.1280 206.4800 65
206.8960 207.0880 63
207.2160 207.3440 65
207.3760 207.4080 64
207.4400 207.6320 63
207.6640 208.0480 61
208.0800 208.1440 60
208.1760 208.4000 58
208.5600 208.5920 60
208.6240 208.8480 61
209.0400 209.1360 63
209.2960 209.4880 65
209.8080 210.0960 61
210.1280 210.2880 62
210.3200 210.4800 63
210.8960 210.9280 67
210.9600 210.9920 68
211.0240 211.1840 70
211.2160 211.2480 69
211.2800 211.5680 68
211.6960 211.7600 62
211.7920 212.4320 61
212.4640 212.4960 62
212.5280 212.6880 63
212.8160 212.9440 62
213.0720 213.1680 68
213.2000 213.6480 70
213.7440 213.8720 68
214.2240 214.7360 68
214.8960 214.9600 68
215.1840 215.3440 70
215.4720 215.6320 68
215.6640 215.9520 65
216.1440 216.3680 63
216.5600 216.6880 65
216.8480 217.3280 68
217.3600 217.7440 72
217.7760 217.9360 73
217.9680 218.0000 72
218.2240 218.6400 65
218.9600 219.6320 68
220.2400 220.2720 68
220.3040 220.7200 69
220.7520 221.0400 70
221.1680 221.2640 71
221.2960 221.4880 72
221.5200 222.0000 73
222.4160 222.8960 68
222.9280 223.1200 69
223.2800 223.6000 63
223.6320 223.7600 65
224.0800 224.3360 63
224.3680 224.4960 65
224.5920 224.7200 63
224.7520 224.8160 62
224.8480 225.2000 61
225.2320 225.5200 58
225.7440 226.1600 62
226.5760 226.6720 67
226.8320 227.0240 65
227.0560 227.2480 68
227.3760 227.5040 68
227.6960 227.9200 70
228.1440 228.3680 63
228.4000 228.7520 65
230.5440 230.6720 63
230.7040 232.1440 61
