11.9520 12.0160 63
13.5200 13.9680 65
14.4160 15.5360 67
15.7280 15.8240 67
16.0160 16.5600 67
16.5920 17.1040 68
17.1360 17.2000 69
17.2320 17.2960 72
17.3280 17.4240 74
17.6480 19.2160 75
20.8480 21.0720 60
21.2000 21.3600 63
21.3920 21.4240 62
21.8080 22.0000 61
22.0320 22.0960 62
22.3520 22.4160 63
22.4480 22.5440 62
22.5760 22.8000 60
22.9600 23.0560 67
23.2480 23.5040 65
23.7600 23.8240 63
23.8560 24.0480 62
24.0800 24.3040 63
24.3360 24.4640 60
24.6880 24.7520 63
24.9440 25.2000 60
25.2320 25.3280 66
25.5520 25.6160 66
25.6480 25.7440 65
25.7760 25.8080 63
26.0960 26.1600 63
26.3520 26.5440 62
26.6720 26.7360 61
26.9600 27.2480 63
27.8240 27.8560 65
27.8880 27.9200 66
27.9520 28.2720 67
28.4000 28.6240 68
28.6560 28.9440 67
28.9760 29.1680 68
29.2000 29.3280 66
29.3600 29.4240 67
29.5840 29.6800 63
29.8720 30.0320 63
30.0640 30.1280 62
30.1600 30.1920 60
30.4160 30.6400 63
30.9280 31.0560 63
31.0880 31.5680 62
31.6000 31.7280 63
31.8880 31.9200 60
31.9520 32.0800 61
32.1120 32.1440 62
32.1760 32.2080 66
32.2400 32.3360 67
32.4640 32.5280 66
32.5600 32.7520 65
33.0080 33.0720 62
33.1040 33.1360 61
33.1680 33.2000 60
33.3280 33.7440 63
33.9040 34.0320 63
34.0640 34.1280 62
34.1600 34.2880 60
34.4480 34.5760 66
34.7360 35.0240 63
35.3120 35.3760 63
35.4080 35.4400 62
35.5360 35.5680 62
35.6000 35.6640 64
35.6960 35.8560 63
35.8880 36.0160 60
36.0480 36.1440 61
36.1760 36.6880 63
37.0080 37.0720 65
37.1040 37.1680 66
37.2000 37.4880 67
37.5200 37.8400 68
37.8720 38.1600 67
38.1920 38.4480 68
38.5120 38.7040 67
38.7360 38.7680 65
38.8000 38.9600 63
39.0880 39.3440 65
39.3760 40.0480 63
40.5280 40.6880 58
40.7200 40.8160 59
40.8480 41.0080 62
41.0400 41.2640 59
41.3920 41.5200 62
41.6800 42.5120 63
42.5440 42.5760 62
42.8640 42.9280 58
43.0880 43.1840 58
43.2160 43.3120 57
43.3440 43.7600 56
43.7920 43.8880 57
43.9200 44.8480 58
45.1040 45.2000 58
45.2320 45.2640 59
45.2960 45.3600 60
45.3920 45.5200 63
45.5520 45.5840 62
45.6160 45.8080 61
45.9680 46.0000 61
46.0320 46.0960 62
46.1280 46.5760 63
46.8640 47.6640 63
47.6960 47.7920 70
47.8240 47.9200 72
47.9520 47.9840 71
48.0160 48.2080 70
48.2400 48.2720 71
48.3040 48.4640 72
48.6240 48.6880 65
48.7200 48.8800 67
48.9120 51.1200 65
51.4400 51.5040 65
51.5360 51.6320 67
51.7600 51.9200 67
52.0480 52.2080 68
52.2400 52.3040 69
52.3360 52.4000 65
52.4320 52.5600 67
52.5920 52.6240 65
52.6560 52.7520 63
52.8800 53.0400 63
53.0720 53.1680 65
53.2000 53.8400 63
53.8720 53.9360 62
54.3200 54.3520 61
54.3840 54.5440 62
54.5760 55.2160 63
55.2480 55.3120 64
55.5040 56.3040 65
56.6240 56.7200 58
56.7520 56.8800 59
56.9120 56.9120 63
56.9440 57.0080 65
57.0400 57.1360 67
57.1680 57.2000 65
57.2320 57.3280 63
57.5840 57.6480 63
57.6800 57.8080 65
57.8400 58.3840 63
58.6720 58.7360 62
58.7680 59.1840 63
59.2160 59.2160 65
59.2480 59.2480 67
59.2800 59.3120 70
59.3440 59.4720 71
59.5040 59.7280 70
59.7600 60.1440 67
60.1760 60.2080 66
60.2400 60.3680 65
60.4000 60.7200 63
60.9760 61.0400 62
61.0720 61.1680 63
61.2960 61.3920 63
61.4240 61.4880 64
61.5200 61.5520 67
61.5840 61.6800 68
61.7120 61.8080 70
61.8400 61.8720 69
61.9040 62.0000 68
62.1600 62.1920 65
62.2240 62.4160 67
62.4480 63.0880 68
63.1200 63.1840 69
63.6000 64.0480 68
64.0800 64.3680 67
64.4000 64.5600 70
64.7520 64.8480 66
64.8800 65.1040 67
65.2960 65.4560 63
65.6800 65.7760 60
65.9040 66.0640 63
66.0960 66.1600 62
66.4800 66.6080 58
66.8000 67.2160 59
67.2480 67.2800 62
67.3120 67.3760 65
67.4080 67.6000 67
67.6320 67.8240 68
67.8560 67.9840 66
68.0160 68.1440 67
68.1760 68.7520 63
68.7840 69.0400 65
69.0720 69.2960 67
69.3280 69.3600 66
69.3920 69.4880 65
69.5200 69.6480 67
69.6800 70.0640 65
70.4800 70.6080 58
70.6400 70.7040 59
70.7360 70.7680 62
70.8000 70.8960 65
70.9280 71.0240 67
71.0560 71.0880 65
71.1200 71.2160 63
71.3760 71.4400 63
71.4720 71.5040 64
71.5360 71.6960 65
71.7280 72.2080 63
72.2400 72.2720 62
76.2720 76.4000 60
76.4320 76.5600 61
76.5920 76.7840 63
76.8160 76.8480 62
77.0720 77.2320 63
77.2640 77.4240 62
77.4560 77.8720 63
78.0320 78.2240 63
78.6080 78.7040 63
78.7360 78.9280 65
79.2160 79.3440 62
79.4720 79.8880 63
80.0480 80.2720 63
80.3040 80.4320 60
80.5920 80.6560 68
80.6880 80.7840 70
80.9120 81.1680 63
81.6160 81.7440 61
81.7760 82.2240 63
82.3520 82.7040 63
83.2160 83.3760 65
83.4080 83.7280 67
83.7600 83.9520 68
84.0800 84.1120 66
84.1440 84.8480 67
84.9760 85.0720 63
85.1040 85.2640 62
85.5200 85.6160 64
85.6480 85.8400 65
85.8720 86.4160 63
86.6720 86.8320 58
86.8640 86.9600 59
86.9920 87.0240 61
87.0560 87.1520 62
87.1840 87.4080 59
87.5360 87.6960 63
87.8240 88.7840 63
89.2640 89.3600 58
89.5200 90.0960 56
90.1280 90.9920 58
91.2800 91.4720 59
91.5040 91.7280 63
91.7600 91.8240 61
91.8560 91.9840 60
92.1440 92.1760 61
92.2080 92.8480 63
93.0400 93.8080 63
93.8400 93.9680 70
94.0000 94.1280 72
94.1600 94.4480 70
94.4800 94.6080 72
94.7680 95.0240 67
95.0560 97.4560 65
97.5840 97.6480 65
97.6800 97.7760 67
97.9040 98.0640 67
98.1920 98.4480 68
98.4800 98.5760 65
98.6080 98.7360 67
98.7680 98.8960 63
99.0240 99.1840 63
99.2160 99.3440 65
99.3760 100.0800 63
100.4640 101.4560 63
101.6800 102.4800 65
102.8000 102.9280 58
102.9600 103.0560 62
103.0880 103.1840 65
103.2160 103.3120 67
103.3440 103.5040 63
103.7920 103.9840 65
104.0160 104.5280 63
104.8480 105.2960 63
105.3280 105.3600 66
105.3920 105.3920 68
105.4240 105.4880 70
105.5200 105.6160 72
105.6480 105.9360 70
105.9680 106.2880 67
106.3200 106.3520 66
106.3840 106.5440 65
106.5760 106.8320 63
107.1840 107.2480 62
107.4400 107.6320 63
107.6640 107.6960 66
107.7280 107.7600 68
107.7920 108.0160 70
108.0480 108.1440 68
108.3040 108.3360 66
108.3680 108.5600 67
108.5920 109.4880 68
109.5200 109.6480 69
109.7760 110.2240 68
110.2560 110.5440 67
110.5760 110.6720 70
110.9280 110.9920 66
111.0240 111.2480 67
111.4080 111.4720 64
111.5040 111.6640 63
112.0480 112.1440 64
112.1760 112.2720 63
112.3040 112.3360 62
112.6240 112.7520 58
112.9440 113.0400 59
113.0720 113.3280 58
113.3600 113.4560 62
113.4880 114.2880 67
114.3200 114.8960 63
114.9280 115.2160 65
115.2480 115.5040 67
115.5360 115.6640 65
115.6960 115.8560 67
115.8880 116.2080 65
116.6560 116.7840 59
116.8160 116.8800 62
116.9120 116.9760 65
117.0080 117.2000 67
117.2320 117.2320 65
117.2640 117.3600 63
117.5200 117.8080 64
117.8400 118.0960 63
118.1280 118.2880 62
118.9920 119.2160 68
119.2480 119.3120 69
119.3440 119.7920 70
119.8240 119.8560 71
119.8880 120.1440 72
120.3360 120.4960 72
120.5280 120.5600 71
120.6240 121.3280 70
121.3600 121.5200 71
121.9360 122.0000 71
122.1920 122.6400 72
122.7680 123.0880 72
123.2480 123.3760 65
123.4080 123.4720 67
123.5040 123.6640 66
123.7920 124.0160 65
124.0480 124.2400 67
124.2720 124.5280 66
124.5600 124.6880 67
124.7200 124.7520 66
124.7840 124.9760 65
125.1040 125.1680 67
125.2000 125.4560 68
125.7760 126.0640 65
126.8640 126.9600 64
127.0880 127.3120 66
127.4400 127.5360 68
127.9840 128.2080 70
128.2400 128.2720 68
128.3040 128.4000 67
128.4320 128.5600 65
128.5920 128.6560 66
129.1360 129.1680 64
129.2000 129.2960 65
129.3280 129.6160 63
129.8400 129.8720 67
129.9040 130.0960 68
130.3200 130.4160 68
130.5440 130.7040 68
130.7360 130.8320 69
133.7760 133.9360 69
134.3520 134.9920 65
135.1200 135.6960 65
135.8240 136.3360 65
136.3680 136.4000 64
136.5920 136.7840 62
137.1360 137.3920 61
137.4240 137.5200 60
137.5520 137.6480 61
137.6800 138.0000 62
138.2880 138.3840 62
139.7600 139.9200 58
139.9520 140.0160 59
140.0480 140.1120 62
140.1440 140.3360 63
140.6240 140.8480 62
140.8800 141.7120 63
141.7440 141.7760 62
141.9680 142.3520 58
142.3840 142.4160 57
142.6400 142.7680 55
142.9280 143.0560 59
143.2480 143.9520 58
144.4000 144.4640 58
144.6560 144.7520 62
144.7840 144.9120 63
144.9440 145.2640 59
145.2960 145.3280 62
145.3600 145.8720 63
146.0320 146.0640 60
146.0960 146.1280 61
146.1600 146.1920 62
146.2240 146.7680 63
146.9600 147.0880 71
147.1200 147.3120 72
147.3440 147.3760 71
147.4080 147.7600 70
147.7920 148.1120 72
148.2720 148.4000 67
148.4320 150.2880 65
150.6400 150.7040 66
150.7360 151.1840 67
151.2160 151.6000 68
151.6320 151.7280 70
151.8560 151.9200 63
152.1120 152.1760 64
152.2080 152.4000 65
152.4320 152.5600 64
152.5920 152.6880 65
152.7200 152.7520 64
152.7840 153.1040 63
153.1360 153.2320 62
153.3280 153.4880 62
153.5200 153.6480 61
153.6800 153.7120 62
153.7440 154.4480 63
154.4800 154.5760 64
154.7680 155.5680 65
156.1440 156.2720 65
156.3040 156.4000 67
156.4320 156.5600 63
156.7200 156.7520 64
156.7840 157.0400 65
157.0720 157.1040 64
157.1360 157.6160 63
157.9680 158.3840 63
158.4160 158.4160 65
158.4480 158.4480 67
158.4800 158.5760 70
158.6080 158.7040 72
158.7360 158.9920 70
159.0240 159.4400 67
159.4720 159.6000 65
159.6320 159.9840 63
160.2400 160.2720 62
160.3040 160.3680 63
160.5280 160.7520 65
160.7840 160.8480 68
160.8800 161.0720 70
161.1040 161.2320 68
161.3920 161.4240 65
161.4560 161.6480 67
161.6800 162.3200 68
162.3520 162.3840 67
162.5760 162.6080 68
162.6400 162.7040 69
162.8640 163.2800 68
163.3120 163.5360 67
163.5680 163.6320 68
163.6640 163.7600 70
164.0160 164.0800 66
164.1120 164.2720 67
164.4000 164.7520 63
164.9120 164.9760 61
165.1360 165.4240 63
165.6800 165.8080 59
166.0320 166.2240 60
166.2560 166.4480 58
166.4800 166.5760 62
166.6080 167.0880 67
167.1200 167.2160 65
167.2480 167.4080 67
167.4400 167.6640 63
167.6960 167.7600 65
167.7920 167.9520 70
167.9840 168.2080 68
168.2400 168.4000 66
168.4320 168.6560 67
168.6880 169.2960 65
169.4560 169.5200 62
169.7120 169.9040 59
169.9360 169.9360 61
169.9680 170.2560 65
170.2880 170.4160 63
170.6080 170.6720 63
170.7040 170.8960 65
170.9280 171.5680 63
171.6000 171.6960 62
171.7280 171.7920 61
171.9840 172.1760 62
172.2080 173.1040 63
173.1360 174.0640 65
174.5760 174.7040 65
174.7360 174.8960 67
174.9280 175.1200 68
175.2160 175.3120 65
175.3440 175.6000 67
175.6320 175.7920 65
175.8240 176.1440 63
176.3360 176.3360 63
176.4320 176.9120 63
176.9440 176.9440 66
176.9760 177.0400 70
177.0720 177.2640 71
177.2960 177.3920 70
177.5200 177.5520 65
177.5840 177.6160 66
177.6480 177.8400 67
177.8720 177.9040 66
177.9360 178.0960 65
178.1280 178.3840 63
178.7360 178.7680 62
178.8000 179.0560 63
179.2800 179.3440 68
179.3760 179.4400 70
179.4720 179.5040 69
179.5360 179.7280 68
179.8560 179.8880 66
179.9200 180.0800 67
180.1120 180.9120 68
181.2640 181.3280 66
181.3600 181.8080 68
181.8400 182.0640 67
182.0960 182.2560 70
182.2880 182.3520 69
182.3840 182.4800 66
182.5120 182.7040 67
182.7360 182.7680 66
183.3440 183.3760 64
183.4080 183.5680 65
183.6000 183.6320 64
183.6640 183.8240 63
183.8560 183.8880 62
184.2080 184.3360 60
184.4960 184.5920 61
184.6240 184.6880 60
184.7200 184.8800 58
184.9760 184.9760 60
185.0080 185.0720 65
185.1040 185.2320 67
185.2640 185.5200 68
185.7120 185.8080 67
185.8400 186.4160 63
186.4480 186.7360 65
186.7680 186.9600 67
187.1200 187.1840 66
187.2160 187.3440 67
187.3760 187.8880 65
188.2080 188.2720 69
188.4640 188.5920 65
188.6240 188.7200 67
188.7520 188.7520 65
188.7840 188.8800 63
189.0720 189.0720 60
189.1040 189.1680 63
189.2000 189.3600 65
189.3920 189.4880 63
189.6800 190.4160 63
192.0480 192.4960 65
192.6560 192.7840 65
193.0720 193.1360 65
193.1680 193.3600 67
193.3920 193.6160 70
193.6480 193.6800 65
193.7120 193.9680 67
194.0000 194.2240 65
194.2560 194.3520 63
194.3840 194.5120 67
194.8000 195.3120 67
195.5680 196.1120 67
198.3200 198.8960 65
198.9280 200.4960 67
200.5280 200.6880 68
200.7200 200.8800 70
200.9120 202.0960 65
202.1920 202.4160 65
202.4480 202.5760 67
202.6080 202.7680 63
202.9280 203.4720 64
203.5040 203.9200 63
204.1120 204.2720 67
204.4960 204.6880 67
204.8800 205.6800 67
205.9040 206.8640 68
