7.9840 8.2720 67
17.8400 18.2240 70
21.7440 21.9040 67
22.2560 23.4720 63
24.1440 24.5280 62
24.7840 24.8800 62
25.0080 25.2320 62
25.2640 25.5520 60
31.5360 31.6000 60
31.6320 31.7920 62
31.9520 32.3360 60
32.3680 32.6880 62
32.7200 32.9440 63
33.1040 33.2320 63
33.2640 33.3920 65
33.4240 33.7120 63
33.8720 33.9040 60
33.9360 34.0000 61
34.0320 34.1600 62
34.1920 34.2560 61
34.2880 34.3520 60
34.3840 34.4480 59
34.4800 34.5120 58
34.5440 34.5760 57
34.6080 34.7040 56
34.7360 35.9200 55
37.8720 37.9360 60
37.9680 38.0000 61
38.0320 38.1600 62
38.2880 38.6720 60
38.7040 38.7360 61
38.7680 38.9280 62
39.1200 39.3440 63
39.4720 39.6000 63
39.6320 39.7600 65
39.7920 39.8240 63
39.8560 40.1120 59
40.3040 40.4000 69
40.4320 40.6560 70
40.6880 41.2960 68
41.3280 42.6720 67
44.3360 44.5600 65
44.7200 45.0080 65
45.0400 45.2960 60
45.5200 46.0960 67
47.5040 47.8240 63
47.8560 47.9520 65
48.3040 48.4640 65
48.8800 49.2640 55
50.7040 51.0560 55
51.0880 51.4400 58
51.4720 51.8240 60
51.8560 51.8880 63
51.9200 52.1120 65
52.1440 52.3680 67
52.4000 52.7840 65
53.4880 53.7440 60
53.7760 54.0000 62
54.0320 55.8880 60
57.0720 57.2000 58
57.2320 57.4240 61
57.4560 57.7440 60
57.9040 58.0000 60
58.0320 58.2560 62
58.2880 58.8320 63
58.8640 59.0560 65
59.0880 59.3120 63
59.5040 59.6320 61
59.6640 59.7920 62
59.8240 60.0800 60
60.3040 61.3280 55
63.5040 63.6640 60
63.6960 63.8880 62
63.9200 64.4000 60
64.4320 64.7200 62
64.7520 65.2000 63
65.2320 65.4240 64
65.4560 65.6800 58
65.7120 65.8080 60
65.8400 65.8400 62
65.8720 66.0000 68
66.0320 66.2560 70
66.2880 66.8960 68
66.9280 68.6560 67
69.7440 70.1280 65
70.3520 70.4480 65
70.4800 70.5440 67
70.5760 70.5760 65
70.6080 70.6400 62
70.6720 70.9280 60
71.1520 71.5040 67
71.5360 71.7280 68
72.9440 73.4880 63
73.5200 73.7440 65
73.7760 73.8080 66
73.8400 74.1600 67
74.4800 74.6400 70
74.6720 74.7040 71
74.7360 74.9600 72
76.3040 76.3360 59
76.3680 76.5600 60
76.7200 77.0400 62
77.0720 77.4240 63
77.4560 77.4880 66
77.5200 77.5840 67
77.7120 77.8080 63
77.8400 78.3840 62
78.5440 78.8640 62
79.0880 79.3440 62
79.3760 79.5040 63
79.5360 79.6000 62
79.6320 79.9200 60
80.0800 81.7760 60
82.5760 82.9600 70
82.9920 83.0880 71
83.1200 83.1520 70
83.5040 83.5680 62
83.6000 83.8240 63
83.8560 84.5600 62
85.1360 85.6800 62
85.9040 86.5440 72
86.5760 86.8320 74
87.0560 87.4400 69
87.4720 88.3680 63
89.2000 89.4240 60
89.4560 89.7440 62
89.7760 90.0640 63
90.0960 90.1600 66
90.1920 90.4800 70
90.5120 90.8960 71
91.0560 91.8240 70
91.8560 91.9840 67
92.0160 92.4960 65
92.7200 93.2640 67
93.4560 93.5520 69
93.5840 93.8400 70
93.8720 94.0640 67
94.2880 94.7680 67
95.4720 95.7920 70
96.4000 96.8800 62
97.0720 97.3280 62
97.8400 98.4800 62
98.6720 98.9920 72
99.1520 99.4400 72
99.4720 99.6320 74
99.9200 99.9840 68
100.0160 100.2400 70
100.2720 100.2720 67
100.3040 101.1680 63
102.0000 102.2560 60
102.2880 102.5760 62
102.6080 102.9600 63
103.0880 103.1840 68
103.2160 103.3760 70
103.5680 104.2400 62
104.5600 105.2640 62
105.2960 107.9200 60
111.4400 111.5040 58
111.5360 111.6000 60
111.6320 111.7920 62
111.8240 112.1440 60
112.2720 112.3360 61
112.3680 112.6240 62
112.6560 112.9440 63
113.0720 113.2000 63
113.2320 113.3920 65
113.4240 113.6800 63
113.9040 113.9680 60
114.0000 114.1600 62
114.1920 114.2560 61
114.2880 114.4480 60
114.7360 114.8000 56
114.8320 115.7280 55
117.9360 118.0320 60
118.0640 118.2560 62
118.2880 118.8000 60
118.8320 119.1200 62
119.1520 119.6000 63
119.6320 119.7920 65
119.8240 119.8240 62
119.8560 119.8880 60
119.9200 120.0480 58
120.0800 120.1760 60
120.2080 120.2080 63
120.2400 120.3360 69
120.3680 120.5920 70
120.6240 121.2000 68
121.2320 122.7040 67
124.0800 124.4960 65
124.6880 124.7840 65
124.8160 124.9440 67
124.9760 124.9760 65
125.0080 125.0080 63
125.0400 125.3280 61
125.4880 125.7760 67
125.8080 126.1280 68
126.2880 126.6400 65
126.7680 127.2480 65
127.2800 127.8560 63
127.8880 128.1760 65
128.2080 128.2400 66
128.2720 128.6240 67
128.6560 128.6880 68
128.7200 128.9760 70
129.0080 129.2960 72
130.8320 130.8640 59
130.8960 130.9600 60
131.1520 131.4400 62
131.4720 131.8240 63
131.8560 131.8560 65
131.8880 131.9200 67
131.9520 132.0160 68
132.1760 132.2080 66
132.3040 133.0080 62
133.0720 133.2320 62
133.3600 134.0000 62
134.0320 134.2880 60
134.5120 136.2400 60
136.2720 136.3360 61
136.3680 136.4320 62
136.9440 137.2960 70
137.8720 138.0000 62
138.0320 138.2240 63
138.2560 138.9600 62
139.0880 139.1840 64
139.5040 140.0800 62
140.3040 140.9760 72
141.0080 141.2640 74
141.4560 141.4880 68
141.5200 141.6480 69
141.6800 141.8400 70
141.8720 141.9360 66
141.9680 142.7360 63
143.5040 143.5680 59
143.6000 143.7920 60
143.8240 143.8560 61
143.8880 144.1120 62
144.1440 144.4960 63
144.5920 144.5920 66
144.6240 144.8800 70
144.9120 145.1040 72
145.1360 145.3280 70
145.4880 145.9040 70
146.2240 146.3840 67
146.4160 146.5760 65
146.7040 146.8960 65
147.1520 147.6640 67
147.8560 147.9840 68
148.0160 148.2400 70
148.3680 148.4640 69
148.6560 149.0720 67
149.2320 149.3600 65
149.8080 150.1600 70
150.5120 151.3120 62
151.4720 151.7600 62
152.1760 152.8160 62
152.8480 152.9120 63
153.0720 153.3280 72
153.6160 153.8080 72
153.8400 154.0000 74
154.3200 154.3520 68
154.3840 154.4160 69
154.4480 154.6080 70
154.6400 154.6720 67
154.7040 155.4720 63
155.5040 155.5680 62
156.3680 156.4320 58
156.4640 156.5920 60
156.7200 157.0400 62
157.0720 157.3280 63
157.4880 157.7120 69
157.7440 157.7440 67
157.9040 158.5440 62
159.0240 159.6000 62
159.6320 159.6960 61
159.7280 161.5840 60
162.5120 162.8960 70
163.5680 163.7600 63
163.7920 164.5600 62
165.1360 165.6480 62
165.9040 166.5440 72
166.5760 166.7680 74
167.0560 167.1520 68
167.1840 167.2160 69
167.2480 167.4080 70
167.4400 167.4400 68
167.4720 167.4720 66
167.5040 168.1440 63
168.1760 168.3680 62
168.6880 168.7840 58
169.0720 169.4240 60
169.4560 169.9360 62
169.9680 170.0320 63
170.2240 170.8960 70
171.1200 171.4400 70
171.8560 172.1760 67
172.2080 172.3360 69
172.3680 172.5280 65
172.7520 173.2640 67
173.2960 173.5840 69
173.6160 173.8720 70
173.9040 174.0000 68
174.0320 174.0640 67
174.2560 174.7040 67
174.7360 174.8000 65
174.8320 174.8960 64
174.9280 174.9600 63
175.4720 175.7600 70
176.2720 176.3360 61
176.3680 176.4000 62
176.4320 176.6560 63
176.6880 176.8800 62
176.9120 177.0400 63
177.0720 177.3280 62
177.4880 177.7120 65
177.8400 178.4480 62
178.6400 178.8960 72
179.1840 179.3760 72
179.4080 179.5680 74
179.8880 180.0160 68
180.0480 180.1760 70
180.2080 180.2400 68
180.2720 180.2720 65
180.3040 181.2000 63
181.8720 182.0000 56
182.0320 182.0640 58
182.0960 182.2240 59
182.2560 182.6400 62
182.6720 182.8640 63
182.8960 182.9600 64
183.0880 183.1840 68
183.2160 183.3120 69
183.5040 183.8240 62
183.8560 183.9200 61
183.9520 184.6880 58
184.8800 185.0720 59
185.1040 185.2320 62
185.2640 185.5520 59
185.5840 187.2800 60
188.1440 188.6240 60
188.6560 188.6880 61
188.7200 189.0080 62
189.0400 189.2320 63
189.2640 189.4560 64
189.4880 189.6160 68
189.6480 189.7760 69
189.8080 189.8400 67
189.8720 189.9040 66
190.2880 190.6400 62
191.0560 191.6960 62
191.7280 193.6160 60
194.6400 194.7040 55
194.7360 194.8000 56
194.8320 194.8640 58
194.8960 194.9920 59
195.1520 195.4400 62
195.4720 195.7280 63
196.0160 196.1760 68
196.2080 196.3680 70
196.8160 197.4240 62
199.5040 199.7600 62
199.7920 200.0160 63
200.0480 200.0800 62
200.1120 200.1440 61
200.1760 202.0000 60
202.0320 202.0960 61
202.1280 202.1600 62
202.1920 202.2880 63
202.4160 202.7040 65
203.4080 204.2400 67
204.5920 205.4560 70
205.6800 206.1600 65
208.4320 208.6560 68
208.9760 209.2960 65
209.4560 210.7360 63
211.5680 212.0160 62
212.2080 212.3680 62
