50.8640 51.1840 48
51.3440 51.7280 50
51.7600 51.9520 49
51.9840 52.2080 48
52.2400 52.4960 49
52.9440 53.2320 48
53.2640 53.3920 49
53.4240 53.8080 50
54.1600 54.4160 50
54.5440 54.5760 52
54.6080 54.8640 53
54.9920 55.2480 53
55.2800 55.3440 52
59.0880 59.4080 48
59.5680 60.0160 50
60.2720 60.7200 50
61.1040 61.4560 48
61.4880 61.5840 49
61.6160 62.0000 50
62.3200 62.5760 50
62.6080 62.6720 51
62.8320 62.8640 53
62.8960 62.9600 54
62.9920 63.0880 55
63.1200 63.1840 54
63.2160 63.4400 53
63.4720 63.6000 52
63.7600 64.2080 50
66.9600 67.1200 53
67.1520 67.5040 52
67.5360 68.1440 53
68.2720 68.8480 51
71.3760 71.5040 53
71.5360 71.6000 52
71.6320 72.2400 51
72.2720 72.4640 50
73.1040 73.2960 47
75.5360 75.6960 48
75.7280 75.8240 49
75.9840 76.3680 50
76.4960 77.0080 48
77.5520 77.5840 47
77.6160 77.9360 48
77.9680 78.0000 49
78.0320 78.1280 50
78.2560 78.3840 50
78.7680 78.9280 50
78.9600 79.1520 51
79.1840 79.2480 53
79.2800 79.4400 54
79.6320 79.8880 53
80.3680 80.4000 49
83.7600 83.9520 48
83.9840 84.0480 49
84.2080 84.3040 50
84.4320 84.5600 50
84.9120 85.2960 50
85.7440 85.9680 48
86.0000 86.0640 49
86.1920 86.3200 50
86.4480 86.5440 50
86.5760 86.8000 49
86.9600 87.1840 50
87.3440 87.5360 53
87.5680 87.7280 54
87.7600 88.0800 53
88.1120 88.2080 52
88.3680 88.8800 50
91.6320 91.7920 53
91.9520 92.4000 52
92.4320 93.1360 51
94.1600 94.3200 47
96.0160 96.0800 48
96.1120 96.1760 49
96.2080 96.3360 50
96.5280 96.5920 51
96.6240 96.6880 52
96.7200 96.8800 53
96.9120 96.9440 52
96.9760 97.1040 51
97.1360 97.1680 52
97.2000 97.3920 53
97.5520 97.7760 50
98.0320 98.0960 56
98.1280 98.2560 58
98.2880 98.3520 59
98.3840 98.7680 60
98.8000 99.1200 58
99.3120 99.3440 59
99.3760 99.4400 60
99.4720 99.6000 61
99.8880 100.0800 53
100.1120 100.1440 54
100.1760 100.3680 55
100.4000 100.4320 54
100.4640 100.4960 53
100.5280 100.6240 52
100.6560 101.2320 51
101.9040 102.1600 49
102.1920 102.2560 50
102.2880 102.5440 51
102.8640 103.1840 55
103.3440 103.4720 56
103.5040 103.5360 57
103.5680 103.8240 58
103.8560 104.1760 56
104.2080 105.0080 57
106.4160 106.4480 54
106.4800 106.6720 55
106.7040 106.7680 56
106.8000 107.1520 57
107.1840 107.2160 56
107.2480 108.0160 55
108.4960 108.6240 55
108.6560 108.6880 54
108.7200 108.9120 53
108.9440 109.6160 55
109.7760 110.1920 55
110.2240 110.8000 52
110.8320 110.9280 53
110.9600 111.0240 54
111.0560 111.3760 55
111.5040 111.6320 54
111.6640 111.8560 55
112.0480 112.1760 53
112.2080 112.4320 52
112.4640 112.4960 53
112.5280 112.5600 54
112.5920 112.7520 55
112.7840 113.0080 54
113.0400 113.1680 55
113.2960 113.4240 55
113.5520 113.7440 54
113.7760 113.9680 55
114.0000 114.0320 56
114.0640 114.0640 59
114.0960 114.2880 63
114.3200 114.7040 62
114.7360 115.1520 61
115.5680 115.6320 60
115.6640 115.6960 61
115.7280 115.8240 62
115.9520 116.2080 64
116.3360 116.3680 63
116.4000 116.4960 64
116.5280 116.7200 65
116.7520 116.9760 64
117.0080 117.2320 60
117.2640 117.5200 57
117.8720 118.3840 55
118.4160 118.6080 58
118.6400 118.8320 60
118.8640 118.9920 62
119.1200 119.3120 62
119.4720 119.8560 57
120.3360 120.4640 57
120.6240 120.8160 55
120.9760 121.1680 55
121.3280 121.5520 56
121.5840 121.7440 62
121.7760 121.9040 64
121.9360 122.7680 60
122.8000 123.3120 62
124.6240 124.7840 55
124.8160 124.9760 52
125.0080 125.1040 53
125.1360 125.7760 55
125.9040 126.3200 54
126.4480 126.9920 52
127.0240 127.1200 54
127.1520 127.5040 55
127.6320 127.7280 53
127.7600 127.9520 54
127.9840 128.0800 53
128.1120 128.3040 52
128.3360 128.5280 53
128.6560 129.0720 55
129.1040 129.3600 54
129.3920 129.8080 55
129.9360 130.0320 59
130.1600 130.2560 62
130.2880 130.4160 63
130.5440 130.8960 62
131.0240 131.4720 61
131.6960 131.7920 61
131.8240 131.9840 62
132.1120 132.3680 64
132.4000 132.8800 65
132.9120 133.1040 64
133.1360 133.1360 62
133.1680 133.2000 60
133.2320 133.3920 59
133.4240 133.6800 57
134.0320 134.3520 55
134.5120 134.5440 63
134.5760 134.7040 64
134.7360 135.1200 65
135.1520 135.2160 64
135.3760 135.4720 60
135.6640 135.9520 65
135.9840 136.3680 64
136.4000 136.4640 61
136.4960 136.6240 60
136.8480 137.0720 62
137.1040 137.1680 61
137.2000 140.0800 60
140.2400 140.3040 60
140.6560 140.7200 59
144.6880 144.8800 48
144.9120 145.0720 49
145.1040 145.5840 50
145.6160 146.2560 48
146.7040 147.1200 48
147.1520 147.2800 50
147.4080 147.5680 50
147.9200 148.0480 50
148.0800 148.3040 51
148.3360 148.3680 53
148.4000 148.6880 54
148.7200 148.8800 53
148.9120 149.0400 52
149.0720 149.1360 51
149.2320 149.6480 48
152.8800 152.9120 47
152.9440 153.1360 48
153.3600 153.8080 50
154.0960 154.3520 50
154.3840 154.4800 49
154.8960 154.9280 47
154.9600 155.3440 48
155.3760 155.4720 50
155.6320 155.7280 50
155.8880 156.0800 48
156.1120 156.1440 49
156.1760 156.3680 50
156.5600 156.5920 53
156.6240 156.8800 54
156.9120 157.3600 53
157.3920 157.4240 52
157.4560 158.0960 50
160.8160 160.9440 53
160.9760 161.0400 52
161.0720 161.2960 51
161.5520 162.0000 51
162.0320 162.2240 50
162.8320 163.4080 46
163.6320 163.8880 48
163.9200 164.1120 49
164.8800 165.3600 53
165.3920 166.2560 51
166.2880 166.3200 50
166.4480 166.5120 49
169.3280 169.5840 48
169.6160 169.6800 49
169.7120 169.8720 50
170.0000 170.1600 49
170.1920 170.5760 48
170.6080 170.8640 49
171.3760 171.4720 47
171.5040 171.6640 48
171.8240 171.9200 50
172.0800 172.1440 50
172.1760 172.2080 49
172.3360 172.4320 49
172.6240 172.8480 50
173.0080 173.1040 53
173.1360 173.2960 54
173.4240 173.6160 53
177.5200 177.8400 48
177.9680 178.3840 50
178.7040 179.0880 50
179.5360 179.8560 48
179.8880 179.9200 49
179.9520 180.3360 50
180.7520 180.9120 50
180.9440 181.0720 51
181.1040 181.1360 52
181.1680 181.2960 53
181.3280 181.5200 54
181.6480 181.9680 53
182.0000 182.0320 52
182.1600 182.7040 50
185.4240 185.5200 53
185.5520 185.5840 52
185.6160 185.8080 51
185.8400 186.0000 52
186.1920 186.6720 51
186.7040 186.8320 50
187.4400 187.6000 47
187.9520 188.0160 47
189.7760 189.9040 48
189.9360 189.9680 49
190.0000 190.0640 50
190.2560 190.6400 53
190.8000 190.9600 52
190.9920 191.2480 53
191.8240 192.0160 58
192.0480 192.1120 59
192.1440 192.4960 60
192.5280 192.5600 59
192.5920 193.0720 58
193.1040 193.2000 61
193.2320 193.5520 62
193.5840 193.7760 61
193.8080 194.3520 62
194.3840 194.4160 59
194.6400 194.7040 56
194.7360 195.0560 55
195.6320 195.7600 51
196.1440 196.4320 51
196.4640 196.6240 52
196.6560 197.1360 55
197.1680 197.3280 56
197.3600 197.4880 58
197.7120 197.7440 55
197.7760 198.0320 56
198.0640 199.2800 57
199.3120 199.3440 56
200.2400 200.3040 54
200.3360 200.4000 55
200.4320 200.5600 56
200.5920 200.9120 57
200.9440 200.9760 56
201.0080 201.7120 55
202.2560 202.4800 55
202.5120 202.7040 53
202.7360 202.7680 54
202.8000 203.4080 55
203.5680 203.6640 53
203.6960 203.7600 54
203.7920 203.9840 55
204.0160 204.5280 52
204.5600 204.6880 53
204.7200 204.7840 54
204.8160 205.1680 55
205.2960 205.3920 54
205.4240 205.6800 55
205.8080 206.1920 52
206.3200 206.3520 54
206.3840 206.6080 55
206.8000 207.2160 55
207.5040 207.6320 55
207.6640 207.7280 56
207.8560 207.9520 62
207.9840 208.0480 64
208.0800 208.1440 63
208.1760 208.4960 62
208.5280 208.5920 60
208.6240 208.9440 61
209.3280 209.3600 60
209.3920 209.4880 61
209.5200 209.6160 62
209.7440 209.9680 64
210.1280 210.3200 64
210.3520 210.4800 65
210.6080 210.7680 64
210.8000 210.8320 62
210.8640 210.9280 60
210.9600 211.0240 59
211.0560 211.2800 57
211.6320 212.0480 55
212.1760 212.2720 58
212.3040 212.4000 59
212.4320 212.5920 60
212.6240 212.9760 62
213.2320 213.5840 57
214.0640 214.2240 57
214.4480 214.6080 55
214.7680 214.9600 55
215.1200 215.2480 56
215.3760 215.5360 62
215.5680 215.7280 64
215.7600 216.5600 60
216.5920 217.2320 62
218.4160 218.5760 54
218.6080 218.8960 53
218.9280 219.5360 55
219.6640 219.8240 53
219.8560 219.9200 54
219.9520 220.0800 55
220.2400 220.8160 52
220.8480 220.9440 54
220.9760 221.2960 55
221.4240 221.4560 53
221.4880 221.5520 54
221.5840 221.7440 55
221.7760 221.8400 54
221.8720 222.0320 52
222.0640 222.3840 53
222.4160 222.4480 54
222.4800 222.8640 55
222.8960 222.9280 54
222.9600 223.1520 53
223.1840 223.6000 55
223.9200 224.0480 62
224.0800 224.1440 64
224.2720 224.6560 62
224.6880 224.7840 60
224.8160 225.5200 61
225.5520 225.7440 62
225.8720 225.9360 63
225.9680 226.2560 64
226.2880 226.6720 65
226.7040 226.8960 64
226.9280 227.0880 60
227.1200 227.1840 59
227.2160 227.4400 57
227.7280 228.0160 55
228.0480 228.1760 56
228.2080 228.2400 62
228.2720 228.4320 64
228.4640 228.7520 65
228.7840 228.8800 64
229.0400 229.1040 62
229.2960 229.6160 65
229.6480 229.9040 64
229.9360 229.9680 62
230.0000 230.1280 60
230.3200 230.4800 62
230.5120 230.6400 61
230.6720 234.7360 60
241.3600 241.4560 60
241.6160 241.7120 60
250.6400 251.1200 55
251.1520 251.2160 56
251.2480 251.8240 57
251.9840 252.1760 55
252.2080 252.4000 57
252.4320 253.1040 54
253.1360 253.5840 57
253.7440 253.8720 57
254.0320 254.2240 54
254.7040 255.0880 57
255.2480 255.4400 55
255.4720 255.8560 57
255.9840 256.1120 54
256.2400 256.8800 64
257.0400 257.4560 63
257.7440 258.0000 64
258.0320 258.3200 66
258.4800 258.8960 67
259.0240 259.1840 66
259.2160 259.3760 62
259.4080 259.7280 59
259.9840 260.1120 57
260.2720 260.4960 57
260.5280 260.6880 60
260.7200 260.8800 62
261.0080 261.4880 64
261.5200 261.9360 59
262.4800 262.9920 57
263.1520 263.6000 57
263.7920 264.1440 64
264.1760 264.4000 62
264.5600 265.7440 64
266.8000 266.9920 57
267.0240 267.3440 55
267.3760 267.6640 57
267.8240 268.0160 57
268.0480 268.3360 55
268.3680 268.4960 57
268.6240 269.1680 54
269.2000 269.4240 57
269.5840 269.9680 57
270.1920 270.3840 55
270.8320 271.9520 57
271.9840 272.2720 55
272.3040 272.3360 61
272.3680 273.0080 64
273.1680 273.4880 63
273.8400 273.9360 62
273.9680 274.0960 64
274.2240 274.5440 66
274.6720 275.0560 67
275.0880 275.2800 66
275.3120 275.5360 62
275.6640 275.8240 59
276.1760 276.4960 58
276.6560 276.7200 65
276.7520 276.9120 66
276.9440 277.0720 67
277.1040 277.2640 66
277.3920 277.5200 62
277.7120 278.0320 67
278.1920 278.3840 66
278.4160 278.6080 62
278.7360 278.9280 64
278.9600 281.3600 62
285.9680 286.0320 62
286.0640 286.2880 64
286.3200 286.5760 66
286.8000 287.1840 67
287.3120 287.4720 66
287.5040 287.5360 64
287.5680 287.7280 62
287.8560 288.0480 59
288.4640 288.7520 57
289.0400 289.1040 64
289.1360 289.2320 66
289.2640 289.5200 67
289.6800 289.8080 66
290.0000 290.1280 63
290.3200 290.4160 65
290.4480 290.7040 67
290.8320 291.5680 66
295.1200 295.6960 62
295.9840 296.2720 62
