8.3680 8.7520 57
9.0400 9.3600 61
9.9360 10.3200 57
10.3520 10.4160 59
10.6080 10.9280 61
11.5680 11.7280 61
11.7600 12.3360 59
12.3680 12.6560 61
12.7840 12.9440 62
12.9760 13.2000 64
13.2320 13.3920 62
13.5520 13.9040 61
14.7360 14.8000 61
14.8320 14.9920 59
15.1200 15.6640 59
16.3040 16.4320 59
16.4640 16.6240 61
16.6560 17.3600 59
17.3920 17.4560 57
17.8720 18.0320 57
18.0640 18.1920 59
18.2240 18.5440 57
18.6720 18.8320 57
18.8640 19.0560 59
19.0880 19.3120 57
19.4720 19.6000 59
19.6320 20.0480 62
20.0800 20.4320 61
20.4640 20.5600 59
21.2320 22.4160 59
22.6080 22.7040 60
22.7360 23.1200 59
23.1520 23.2800 57
24.2080 24.2720 59
24.4000 25.5200 59
25.5520 25.7760 57
25.8080 25.9040 59
25.9360 26.0960 62
26.1280 26.4800 61
26.7680 26.7680 59
26.8000 26.8640 62
26.8960 27.5360 64
27.5680 27.6640 62
27.6960 27.8880 61
27.9200 28.0480 62
28.0800 28.2720 61
28.3040 28.6880 59
28.7200 28.9120 57
28.9440 29.1360 59
29.1680 29.8720 57
29.9040 30.2560 59
30.2880 30.4480 61
30.4800 30.5120 59
30.5440 30.6080 57
30.9280 31.2800 57
31.3120 31.4080 59
31.4400 31.4720 58
31.5040 31.6960 57
31.7280 31.8880 59
31.9200 32.0160 61
32.0480 32.0800 59
32.1120 32.1760 57
32.4960 32.8800 57
32.9120 32.9120 63
32.9440 33.1040 66
33.1360 33.8720 69
33.9040 34.0320 67
34.0640 34.1280 66
34.1600 34.2880 64
34.3200 34.7360 66
34.7680 34.8640 65
35.4080 35.4080 67
35.4400 36.0160 69
36.0480 36.1760 71
36.2080 36.3680 73
36.4000 36.8160 71
36.8480 37.3280 69
37.3600 37.5840 71
37.6160 37.9680 69
38.3840 38.5760 69
38.6080 38.7360 71
38.7680 38.9280 69
38.9600 39.1520 71
39.1840 39.3760 69
39.4080 39.5040 71
39.5360 39.6000 67
39.6320 39.7600 68
39.7920 40.4320 69
40.4640 40.5280 68
40.5600 40.6240 70
41.7120 41.7760 71
41.8080 42.1920 69
42.2240 42.4480 66
42.4800 42.8320 68
42.8640 43.0240 66
43.0560 43.2480 68
43.2800 43.6320 69
43.6640 44.4960 71
44.5280 44.6240 70
44.6560 44.7520 73
46.1920 46.1920 62
46.2240 46.2240 67
46.2560 46.4160 71
46.4480 46.5760 73
46.6080 47.7280 71
47.7600 47.8240 73
48.4640 48.6560 64
48.6880 48.8160 71
48.8480 48.9440 73
49.1040 49.4560 74
49.4880 49.7120 73
49.8400 50.0960 71
50.2240 50.7360 71
50.7680 50.9920 69
51.0240 51.3760 68
51.4080 51.7600 69
51.7920 51.9520 66
51.9840 52.1120 69
52.5280 52.5920 69
52.7200 53.2320 69
53.4240 53.5200 74
53.5520 53.6800 76
53.7120 53.7440 75
53.7760 54.8320 69
54.9600 55.0880 74
55.1200 55.3120 76
55.3440 55.6640 69
56.1120 56.1120 68
56.1440 56.2720 71
56.3040 56.5600 73
56.5920 56.7200 71
56.7520 57.2960 69
57.3280 57.3920 72
57.4240 57.5200 71
57.5520 57.9360 69
57.9680 58.1600 71
58.1920 58.3520 73
58.8640 59.0240 71
59.0560 59.1520 73
59.2800 60.3360 71
60.3680 60.4960 69
60.5280 60.5920 71
61.1040 61.2640 64
61.2960 61.4240 71
61.4560 61.6480 73
61.6800 61.8720 74
62.0640 62.0960 71
62.1280 62.1920 72
62.2240 62.3840 73
62.4160 62.4800 74
62.5120 63.3760 71
63.4080 63.6000 73
63.6320 63.8240 68
63.8560 63.9840 70
64.0160 64.2400 69
64.2720 64.4320 68
64.4640 64.6880 66
64.7200 64.8160 68
65.2000 65.2640 69
65.4240 65.9040 69
66.0320 66.0960 74
66.1280 66.3520 75
66.3840 66.3840 73
66.4160 66.8640 69
66.9920 67.4720 69
67.6000 68.1120 76
68.1440 68.2720 78
68.7840 68.9120 72
68.9440 69.1680 73
69.2000 69.3920 71
69.5840 69.8720 69
69.9040 70.3200 68
70.3520 70.6720 69
70.7040 70.7680 68
70.8000 71.1840 66
71.2160 71.3440 65
73.5200 73.7440 69
73.7760 73.9360 68
73.9680 74.4160 66
74.4480 74.5120 69
76.5280 76.6560 64
76.6880 76.8800 66
76.9120 78.2240 64
78.2560 78.3200 62
79.6000 79.6320 64
79.6640 79.6640 66
79.6960 79.8560 69
79.8880 80.0480 71
80.0800 80.2080 69
80.2400 81.0400 68
81.0720 81.2000 66
81.2320 81.3920 68
81.4240 81.5840 69
81.6160 82.1920 68
82.2240 82.2880 71
84.1440 84.4960 57
84.7840 85.1680 61
85.7440 86.1280 57
86.4160 86.6400 61
87.3440 87.5040 61
87.5360 88.1120 59
88.1440 88.4320 61
88.5600 88.7200 62
88.7520 88.9760 64
89.0080 89.1680 62
89.3600 89.6160 61
90.2880 90.3520 58
90.5440 90.8000 59
90.9280 91.4720 59
92.0800 92.2080 59
92.2400 92.4000 61
92.4320 93.0080 59
93.0400 93.1040 58
93.1360 93.7760 57
93.8080 94.0000 59
94.0320 94.5760 57
94.6080 94.8640 59
94.8960 95.1840 57
95.2160 95.3440 61
95.3760 95.8240 62
95.8560 96.2720 61
96.3040 96.4320 59
97.0080 98.8000 59
98.8320 98.8960 58
98.9280 99.0560 57
99.2480 99.8240 66
99.9840 101.2960 59
101.3280 101.5200 57
101.5520 101.6480 60
101.6800 101.8720 62
101.9040 102.2880 61
102.5120 102.5760 60
102.6080 103.3120 64
103.3440 103.4400 62
103.4720 103.6640 61
103.6960 103.8880 62
103.9200 104.0480 61
104.0800 104.4320 59
104.4640 105.6480 57
105.6800 106.0640 59
106.0960 106.2560 61
106.2880 106.3840 57
106.6720 107.0560 57
107.0880 107.2160 59
107.2480 107.4400 57
107.4720 107.6640 59
107.6960 107.8240 61
107.8560 108.6240 57
108.6560 108.6560 60
108.6880 108.8800 66
108.9120 109.5840 69
109.6160 109.7440 67
109.7760 109.8720 66
109.9040 110.0320 64
110.0640 110.4160 66
110.4480 110.6080 69
110.6400 110.7040 74
111.2160 111.7600 69
111.7920 111.9200 71
111.9520 112.1440 73
112.1760 112.5920 71
112.6240 112.8160 69
112.8480 112.9120 71
112.9440 113.1360 69
113.1680 113.3600 71
113.3920 113.8720 69
114.2240 114.7360 69
114.7680 115.0880 71
115.1200 115.2160 69
115.2480 115.3440 71
115.3760 115.4400 67
115.4720 116.1760 69
116.2080 116.3680 71
116.4000 116.7200 73
116.7520 116.8480 72
116.8800 116.9760 75
117.5520 117.5520 67
117.5840 118.0320 69
118.0640 118.2560 66
118.2880 118.6400 68
118.6720 118.8640 66
118.8960 119.0880 68
119.1200 119.4400 69
119.4720 120.4000 71
120.4320 120.4960 74
120.5280 120.6560 71
120.6880 120.8800 73
120.9120 121.3280 71
121.3600 121.6160 69
121.6480 121.7440 72
122.0640 122.0640 68
122.0960 122.1920 71
122.2240 122.3200 73
122.3520 122.5440 72
122.5760 123.4720 71
123.5040 123.5680 72
123.6000 123.6320 76
124.2400 124.4000 64
124.4320 124.4640 69
124.4960 124.5920 71
124.6240 124.7520 73
124.8800 125.2320 74
125.2640 125.5840 73
125.6160 126.4800 71
126.5120 126.8320 69
126.8640 127.1840 68
127.2160 127.6320 69
127.6640 127.8240 66
127.8560 127.9520 70
128.3360 128.4320 68
128.5600 129.0720 69
129.2000 129.2640 74
129.2960 129.5200 75
129.5520 130.0000 69
130.1600 130.6080 69
130.7680 131.0880 76
131.1200 131.3760 69
131.4080 131.4720 71
131.8880 131.9200 69
131.9520 132.0480 71
132.0800 132.3680 73
132.4000 132.4960 71
132.5280 133.0720 69
133.1040 133.3280 71
133.3600 133.7120 69
133.7440 133.9360 71
133.9680 134.1280 73
134.1600 134.2240 78
134.6720 134.6720 68
134.7040 134.8320 71
134.8640 134.9600 73
134.9920 135.0880 67
135.1200 136.1440 71
136.1760 136.3040 69
136.3360 136.4000 71
136.9120 137.0720 64
137.1040 137.2640 71
137.2960 137.4560 73
137.4880 137.6800 74
137.8400 138.0000 72
138.0320 138.2880 73
138.3200 139.1520 71
139.1840 139.3760 73
139.4080 139.4080 71
139.4400 139.6000 68
139.6320 139.7600 71
139.7920 140.0480 69
140.0800 140.2400 68
140.2720 140.5280 66
140.5600 140.6560 68
140.9760 141.0400 67
141.2000 141.7120 69
141.8400 141.9360 74
141.9680 142.1280 76
142.1600 142.1600 74
142.1920 143.9520 69
143.9840 145.0400 71
145.0720 145.2000 70
145.2320 145.2960 74
145.3280 145.3280 72
145.7760 145.8720 71
145.9040 145.9360 72
145.9680 146.1280 73
146.1600 146.3520 74
146.3840 146.5440 71
146.5760 147.6640 73
147.6960 147.8240 72
147.8560 147.9840 71
148.0160 149.2960 69
149.3280 149.5200 71
149.5520 150.0640 73
150.0960 150.1920 72
150.2240 150.2240 74
150.2560 150.3200 76
150.6400 150.7680 61
150.8960 150.9600 59
151.2480 151.2480 66
151.2800 151.3760 68
151.4080 152.4000 69
152.4320 152.8800 74
152.9120 154.0640 76
154.0960 154.0960 74
154.1280 154.8640 72
154.8960 155.6000 69
155.6320 155.7600 71
155.7920 156.0160 73
156.0480 156.1760 72
156.2080 156.2720 78
157.0400 157.1040 62
157.1360 157.1360 67
157.1680 157.2960 71
157.3280 157.6160 73
157.6480 157.7120 71
157.7440 158.3520 69
158.3840 158.6080 71
158.6400 158.8320 69
158.8640 158.9280 72
158.9600 159.1840 71
159.2160 159.4720 73
159.5040 159.5680 71
159.6000 159.7600 69
159.7920 159.9200 71
159.9520 160.0800 70
160.1120 160.2080 69
160.2400 160.3680 68
160.4000 160.5280 66
160.5600 160.6880 68
160.7200 160.8800 67
160.9120 161.1360 66
161.1680 161.5840 64
162.0960 162.2560 64
162.2880 162.3200 65
162.3520 162.4480 71
162.4800 162.5120 72
162.5440 162.7040 73
162.7360 162.9280 74
163.0880 163.2480 72
163.2800 163.5680 73
163.6000 164.4320 71
164.4640 164.6240 73
164.6560 164.9760 68
165.1040 165.2960 69
165.3280 165.4880 68
165.5200 165.8720 66
165.9040 166.0000 64
166.2560 166.3200 66
166.4800 166.9600 69
167.1520 167.4080 75
167.4400 167.4400 73
167.4720 167.9200 69
168.0800 168.4960 69
168.6560 169.1360 76
169.1680 169.3280 78
169.8400 169.9680 71
170.0000 170.2240 73
170.2560 170.4480 71
170.6080 171.7920 69
171.8240 172.2080 66
172.2400 172.3040 67
