11.9520 12.5920 57
21.8400 21.9040 59
21.9360 22.2560 60
22.2880 22.4800 59
22.6080 22.7040 57
22.7360 22.8000 56
22.8320 23.1520 53
23.3760 23.4720 59
23.5040 25.0720 60
25.9360 26.0000 58
26.0320 26.3840 59
26.4160 26.4480 58
26.4800 26.6080 57
26.7680 26.8320 55
26.8640 26.8960 54
27.0560 27.3440 51
27.5680 27.6000 60
27.6320 27.6640 61
27.6960 27.9200 62
27.9520 27.9840 61
28.0160 28.1440 59
28.1760 28.4960 60
28.5280 28.8480 59
28.8800 28.9120 58
28.9440 29.7760 57
30.1920 30.2560 59
30.2880 30.6400 60
30.6720 30.8640 59
30.8960 30.9920 57
31.0240 31.0880 56
31.2160 31.2800 53
31.5040 31.5680 53
31.7920 32.6560 62
32.6880 32.7200 61
32.7520 32.9120 60
33.0720 33.2960 62
33.3280 33.3920 60
33.4240 33.5840 61
33.6160 33.7120 63
33.7440 34.0640 64
34.0960 34.1920 63
34.2240 34.4800 64
34.6400 34.8320 62
34.8640 34.8960 61
34.9280 35.0240 60
35.1520 35.2800 57
35.4400 35.4720 59
35.5040 35.6960 60
36.0160 37.5200 57
38.5440 38.6720 60
38.8000 38.9600 60
38.9920 39.1840 59
39.2160 39.2480 58
39.2800 39.4080 57
39.4400 39.4720 56
39.5040 39.5360 55
39.5680 39.6320 54
39.6640 39.8560 53
40.1760 40.2720 59
40.3040 41.0720 60
41.1040 41.2320 61
41.2640 41.3280 60
41.3600 41.6160 59
41.6480 42.1920 60
42.6400 42.6720 58
42.7040 43.1200 59
43.1520 43.2800 57
43.3120 43.3440 56
43.3760 43.5040 55
43.5360 43.6000 56
44.2720 44.3680 61
44.4000 44.6240 62
44.7200 44.8800 59
44.9120 45.2000 60
45.2320 45.5200 59
45.8400 46.4800 57
46.8640 47.3120 60
47.3440 47.5040 59
47.6640 47.7600 57
47.7920 47.8560 56
47.8880 47.9520 53
47.9840 48.0800 52
48.1120 48.1760 53
48.4320 48.5280 61
48.5600 49.2320 62
49.3600 49.4560 59
49.4880 49.6480 60
49.7760 49.8400 62
50.0320 50.0640 60
50.0960 50.1600 61
50.2880 50.4160 63
50.4480 50.7040 64
50.7360 50.9280 63
50.9600 51.1840 64
51.2160 51.2800 63
51.3120 51.4720 62
51.5040 51.6640 60
51.6960 51.7280 59
51.7600 51.9840 57
52.0160 52.0480 56
52.0800 52.4960 55
52.5280 53.0400 57
53.4240 53.4880 56
53.6480 53.8720 59
53.9040 53.9680 60
54.1280 54.3200 64
54.4480 56.8800 65
57.4560 57.7120 54
57.9680 58.0640 57
58.1920 58.4160 59
58.4480 58.4800 62
58.5120 58.5760 63
58.6080 59.3760 65
59.4080 61.0080 64
61.0400 61.0720 63
61.6480 61.7760 55
62.0320 62.2240 57
62.2560 62.3520 59
62.5760 62.8000 64
62.8320 62.9600 63
62.9920 63.1520 64
63.2800 64.7520 62
64.9760 65.2000 60
65.3920 65.5200 62
65.6480 65.7760 60
65.9040 66.0960 63
66.1280 66.3520 62
66.3840 66.4480 61
66.6400 66.8640 62
66.8960 66.9600 58
66.9920 67.6960 57
67.9840 68.2400 64
68.2720 68.4000 62
68.5600 68.5920 60
68.8160 69.0400 62
69.0720 70.7040 57
71.3760 71.4400 56
71.4720 71.4720 58
71.5040 71.7920 60
71.8240 71.8880 59
71.9200 72.0160 57
72.1440 72.2720 60
72.4000 72.5920 62
72.6240 72.8160 64
72.9440 73.0720 63
73.1040 73.2000 64
73.4880 73.5520 57
73.5840 73.9680 60
74.0000 74.1280 57
74.7360 74.9600 64
74.9920 75.3440 63
75.5680 76.1120 62
76.3680 76.4320 62
76.5920 76.6560 67
76.8480 76.9440 67
77.1360 77.2640 62
77.4240 77.5520 65
77.7120 78.0960 64
78.1280 78.2560 65
78.4160 78.6720 64
78.7040 79.2160 62
79.2480 79.4400 64
79.7280 79.7920 59
79.8240 80.1760 60
80.2080 80.5280 57
80.5600 80.6240 60
80.7520 80.8800 62
81.0720 81.2000 64
81.2320 81.2640 63
81.2960 81.3920 62
81.4240 81.5520 64
81.5840 81.6480 63
81.6800 82.2240 60
82.2560 82.3200 59
82.3520 82.5440 57
82.5760 82.8320 60
83.1520 83.3440 64
83.3760 83.5680 63
83.6000 84.1440 64
84.1760 85.7440 62
85.9360 86.0640 62
86.0960 86.9280 64
86.9600 86.9920 63
87.0240 87.1520 62
87.6960 92.1760 57
92.4320 92.7200 57
96.9120 96.9120 57
96.9440 97.0080 59
97.1680 97.3920 60
97.4240 97.6160 59
97.6480 97.8720 57
98.0000 98.3200 52
98.5120 98.5440 59
98.5760 99.5680 60
99.6000 99.7280 62
99.7600 99.7920 60
99.8240 100.0480 59
100.0800 100.4960 60
100.5280 100.5920 59
101.0720 101.1360 57
101.1680 101.5840 59
101.6160 101.7760 57
101.8080 101.9680 55
102.0000 102.0960 54
102.1280 102.1600 52
102.1920 102.3520 50
102.3840 102.4800 51
102.7360 103.0240 62
103.2160 103.3120 59
103.3440 103.5360 60
103.7280 103.9840 59
104.0160 104.6880 57
104.7200 104.7520 56
105.2640 105.2960 59
105.3280 105.6800 60
105.8080 105.9360 59
105.9680 106.0000 58
106.0320 106.1920 57
106.8320 106.8320 59
106.8640 107.2160 62
107.4080 107.7280 62
107.7600 107.7920 61
107.8240 108.0800 60
108.1120 108.3680 62
108.4000 108.4960 61
108.6560 108.7840 62
108.8160 109.1360 64
109.1680 109.2960 63
109.3280 109.5200 64
109.6800 109.7760 62
109.8080 109.8400 61
110.0000 110.0640 60
110.0960 110.1280 59
110.1600 110.1920 58
110.2240 110.2560 57
110.5120 110.7040 59
110.7360 111.5040 60
111.5360 112.7840 57
112.8160 112.8480 56
113.2640 113.4880 62
113.5520 113.6160 60
113.6800 114.0640 60
114.0960 114.2560 59
114.3840 114.6080 57
114.8000 114.9920 55
115.2480 115.2800 59
115.3120 116.2400 60
116.2720 116.4960 62
116.5280 116.7520 60
116.7840 116.8160 63
116.8480 117.5520 64
117.5840 117.6160 62
117.6480 117.6800 60
117.7120 117.7760 59
117.8080 117.9040 58
117.9360 118.1920 59
118.2240 118.4480 57
118.7360 118.7360 57
118.8320 118.8640 58
119.4080 119.4400 62
119.4720 119.5040 63
119.5360 119.7280 64
119.8880 120.4640 62
120.4960 120.5280 63
120.5600 120.7200 64
121.0080 121.5840 60
121.9360 121.9680 59
122.0000 122.0960 60
122.2240 122.3200 60
122.5440 122.6720 59
122.7040 122.9280 57
123.6000 123.6960 60
123.7280 123.9200 62
124.0160 124.3360 62
124.3680 124.3680 60
124.4000 124.4640 57
124.4960 124.6240 56
124.7840 124.9760 62
125.0080 125.0400 61
125.0720 125.1680 60
125.3280 125.4880 62
125.5200 125.7120 64
125.9040 126.0000 62
126.0320 126.1600 63
126.3840 126.5120 62
126.6720 126.8000 60
126.9600 127.0880 57
127.2160 127.4080 60
127.4400 127.4720 59
127.5040 127.5360 58
127.5680 128.2400 57
128.5600 128.6240 57
128.7840 128.9760 59
129.0080 129.0720 60
129.2320 129.4240 64
129.5840 130.7680 65
130.8000 131.2800 64
131.3120 132.3360 65
132.3680 132.4960 66
132.6880 132.7200 65
132.7520 133.1040 67
133.1360 133.1360 65
133.1680 133.3920 62
133.4240 133.4560 64
133.4880 134.2240 65
134.2560 135.0880 64
135.1200 135.5360 62
135.5680 136.3360 64
136.9120 137.0080 55
137.1360 137.3280 57
137.3600 137.4560 59
137.6800 138.2880 64
138.4160 139.6640 62
140.2720 140.4640 60
140.4960 140.6240 62
140.7520 140.8480 60
141.0400 141.2320 64
141.2640 141.4240 62
141.4560 141.4880 60
141.8080 142.0000 62
142.0320 142.0960 59
142.1280 142.4480 57
142.5120 142.5120 57
143.1840 143.3120 63
143.3440 143.5360 62
143.8880 143.9200 66
143.9520 144.4320 67
144.4640 144.6240 68
144.6560 146.0960 69
146.1280 146.2560 63
146.4800 146.9920 60
147.0240 147.2800 57
147.3120 147.4080 60
147.5360 147.7280 62
147.7600 147.9520 64
147.9840 148.1760 63
148.2080 148.4320 64
148.4640 149.0720 60
149.1040 149.3280 57
149.3600 149.4880 60
149.9040 150.4480 64
150.6720 150.8320 62
150.9600 151.6320 62
151.6640 152.1120 67
152.2400 152.3360 62
152.4640 152.6240 65
152.8480 153.3600 65
153.5840 153.7760 64
153.8080 153.9680 62
154.0960 154.1920 62
154.3520 154.6400 64
154.8960 155.2800 60
155.3120 155.3440 58
155.4080 155.5360 57
155.6640 155.8880 60
155.9200 155.9840 62
156.1760 156.7520 64
156.7840 156.8800 59
156.9120 157.4240 60
157.4560 157.5200 59
157.5520 157.7120 57
157.7440 157.8720 60
158.2560 158.4800 64
158.5120 158.6400 63
158.6720 158.9920 64
159.0240 159.1200 63
159.1520 159.2480 64
159.2800 160.5600 62
160.5920 160.5920 60
160.9120 161.1040 62
161.1360 161.3600 63
161.3920 161.8080 64
161.8400 162.0960 63
162.1280 162.2880 62
162.7360 164.8160 57
165.2960 165.3600 65
165.3920 166.0320 66
166.0640 166.1600 69
166.3200 166.5760 66
166.6080 166.7360 69
166.9280 167.0560 70
167.0880 169.0400 71
169.2000 169.3600 71
169.4880 170.0000 71
170.5440 171.1840 71
171.2160 172.8480 69
172.8800 172.9120 65
173.1680 173.2320 64
173.3600 173.4880 67
173.6160 174.6080 66
174.6400 174.8320 64
174.9600 175.1520 64
175.1840 175.7280 66
176.0160 176.1440 62
176.1760 176.3360 59
176.4960 176.6240 62
176.7520 176.9760 64
177.0080 177.1360 66
177.2960 177.6160 66
177.6480 178.2560 62
178.6080 178.8320 62
178.8640 178.9920 64
179.1200 179.3440 66
179.3760 179.6000 64
179.6320 180.0800 66
180.1120 181.6160 64
181.9680 183.0240 66
183.0560 183.1520 64
183.1840 183.4080 62
183.6640 184.0480 59
184.4640 184.6560 59
184.8480 184.9760 62
185.2000 185.2960 65
185.3280 185.5520 66
185.7760 185.8400 65
186.0960 186.1920 61
186.5760 186.7680 59
186.8960 186.9600 62
187.1520 187.2480 61
187.4400 187.5360 61
187.6640 187.8560 65
188.3040 188.8480 64
189.0400 189.2000 64
189.2320 189.4240 69
189.5520 189.7440 69
189.7760 189.8720 64
190.1600 190.3200 67
190.4160 191.5360 66
191.5680 191.7280 64
191.8880 192.2400 66
192.2720 192.4320 61
192.4640 192.7840 62
192.9760 192.9760 59
193.1680 193.3920 62
193.4240 193.5520 64
193.7120 193.8080 66
193.9680 194.0000 64
194.0320 194.0640 65
194.0960 194.3200 66
194.3520 194.6080 62
194.7360 194.8960 62
195.2160 195.2480 59
195.2800 195.5040 62
195.5360 195.6320 64
196.0800 196.1760 65
196.2080 196.7200 66
196.7520 196.8160 63
196.8480 198.0000 64
198.0320 198.0640 61
198.0960 198.1280 58
198.6400 198.7040 65
198.7360 199.6320 66
199.6640 199.8560 64
199.8880 199.9200 63
199.9520 200.1120 62
200.2720 202.8960 59
203.1840 203.2800 57
203.8880 204.6880 62
204.7200 205.6800 61
206.0000 206.0960 59
206.1280 206.3840 61
206.4160 206.6720 59
208.6240 208.7840 71
208.8160 208.9120 70
215.3760 215.8880 66
215.9520 216.2400 65
216.2720 216.3680 66
216.4000 216.4320 65
216.4640 216.5600 64
216.6880 216.7520 62
216.9760 218.1920 59
218.4800 218.7680 62
218.8000 219.0240 59
219.0560 219.2160 62
219.2480 220.0480 59
220.6240 220.8800 62
220.9120 221.1680 64
221.2000 222.8320 61
223.7280 224.6880 66
224.7200 224.8800 64
225.2960 226.3840 59
226.8640 227.1200 62
227.1520 227.3760 59
227.4080 227.6000 62
227.6320 228.5920 59
228.9120 229.2000 62
229.2320 229.3280 64
229.3600 229.4240 65
229.4560 229.9040 66
229.9360 231.4400 64
231.4720 231.6640 63
232.0800 232.8160 66
232.8480 233.4880 69
233.7120 233.7440 69
233.7760 235.9520 71
235.9840 236.0160 69
238.4800 238.5760 61
