0.6240 0.6880 59
1.9360 2.0320 62
5.6800 5.8400 65
5.8720 6.2880 67
6.9280 7.1520 58
7.1840 7.2160 59
10.6400 10.7680 70
10.8640 10.8640 71
11.9840 12.1120 62
12.3040 12.5600 71
12.5920 12.8160 70
12.8480 13.1040 68
13.2320 16.7840 70
17.1040 17.1680 58
17.9680 18.0640 48
18.0960 18.2240 47
19.0240 19.1200 48
19.3120 19.3440 48
19.7280 19.9200 46
20.1760 20.2400 47
20.7520 20.8160 47
20.8480 21.0080 48
21.2000 21.2640 50
21.2960 21.4240 49
22.2560 22.4800 49
22.8000 22.8960 53
23.2160 23.3760 53
23.6640 23.6960 49
23.7280 23.8560 50
24.0800 24.2400 53
24.2720 24.7520 54
24.7840 25.0720 53
25.1040 25.2000 54
25.2320 25.3280 53
25.3600 25.6480 54
25.6800 25.7440 53
26.4800 26.6080 53
26.6400 26.7040 54
26.7360 26.8320 55
26.9600 27.2800 55
27.5360 27.6000 53
27.6320 27.6640 52
27.7920 28.2720 50
28.3040 28.4000 51
28.5600 28.7840 53
28.8160 28.8480 50
29.0720 29.1680 51
29.2000 29.2320 52
29.2640 29.5200 53
29.5520 29.8720 55
30.0640 30.8960 58
30.9280 31.0240 62
31.2160 31.3440 60
31.3760 31.4720 61
31.5040 31.6320 60
31.6640 31.6960 59
31.7280 32.1440 58
32.1760 34.6400 60
34.8000 34.8320 60
35.0880 35.7280 62
35.8880 36.4320 60
36.4640 39.0240 62
39.0560 39.1840 61
39.3440 40.3360 58
40.3680 40.5600 55
40.6880 40.9120 53
41.5200 41.9040 50
42.2880 42.3520 53
42.3840 42.4800 52
42.5120 42.6080 55
42.7360 43.5360 58
43.5680 43.6320 62
43.8240 43.9840 60
44.0160 44.1440 59
44.1760 44.3040 58
44.3360 44.6880 55
44.7520 44.7840 56
44.8160 47.4400 58
47.4720 47.5360 57
47.5680 47.6640 59
47.6960 47.7600 57
47.7920 48.7520 58
48.7840 48.8800 57
49.4240 49.4560 54
49.4880 49.8080 55
49.8400 49.9360 53
50.1280 50.3840 55
50.4160 50.5120 58
50.6720 51.0560 58
51.0880 51.1520 56
51.1840 51.3440 55
51.3760 51.5360 54
51.6960 51.7920 50
52.0800 52.2720 54
52.3040 52.4320 53
52.5600 52.7200 54
52.7520 52.8160 55
52.9440 53.0080 55
53.5840 53.6480 53
53.6800 53.9680 55
54.1280 54.5120 58
54.6720 54.8320 58
54.8640 54.8960 56
54.9280 55.0240 55
55.1520 55.2480 53
55.3760 55.5040 50
55.8560 56.1120 53
56.4000 56.5600 48
57.0400 57.1360 46
57.3280 57.3920 49
57.4560 57.5840 48
57.6160 57.8720 50
57.9040 58.0000 51
58.0320 58.2880 49
59.1200 59.2480 53
59.3760 59.4720 55
59.6000 59.6960 53
59.8240 59.9200 54
60.3040 60.3680 53
60.5600 60.6880 51
61.1040 61.1360 48
61.1680 61.2960 49
61.7120 62.0320 53
62.0640 62.1280 55
62.1600 62.4480 54
62.4800 62.5440 55
62.7680 62.9280 55
63.3120 63.4080 57
63.4400 63.5360 58
63.5680 63.7600 62
63.7920 64.0800 60
64.7840 64.8480 59
64.8800 65.0400 60
65.0720 65.1680 61
65.2000 65.6160 62
65.6480 65.7440 61
65.8080 65.8720 61
65.9040 66.0000 59
66.0320 67.6960 60
67.7280 67.9520 63
67.9840 68.2080 62
68.2400 68.2720 63
68.3040 68.8160 65
68.8480 68.9120 63
69.1040 69.2640 60
69.2960 69.5520 59
69.5840 69.9680 55
70.1280 74.7040 58
74.7360 74.8320 59
74.8640 74.9600 58
74.9920 75.3120 59
78.1280 78.2240 61
78.2560 78.4800 62
78.5120 79.3440 60
79.3760 79.5360 62
79.6320 79.7600 66
79.8560 80.0480 66
80.0800 80.0800 64
80.1760 80.2080 62
80.2720 80.3040 62
80.3360 80.4320 61
80.4640 80.4960 59
80.6560 80.9120 58
81.0720 81.2000 58
81.2640 81.2640 58
81.3280 81.5840 58
81.6800 81.7760 58
82.0640 82.1920 58
82.4480 82.5760 58
82.6080 82.7360 57
83.2160 83.2800 49
83.3120 83.4720 48
83.7920 83.9840 50
84.0160 84.1120 49
84.4000 84.4320 47
84.4640 84.6240 48
84.9760 85.2000 46
85.3920 85.6160 48
86.0640 86.2560 48
86.4480 86.5760 50
87.4720 87.5040 49
87.5360 87.7280 50
88.0160 88.2400 53
88.2720 88.3680 55
88.4000 88.6560 54
88.8480 88.9440 50
89.2960 89.4880 53
89.5200 89.8080 54
89.8400 90.3520 53
90.3840 90.9280 54
91.6960 91.7600 52
91.7920 91.8880 54
92.3040 92.4640 55
92.5920 93.0080 53
93.0400 93.0400 51
93.0720 93.0720 49
93.3600 93.4560 50
93.4880 93.5840 49
93.6160 93.7120 51
93.8400 94.0640 53
94.0960 94.1600 50
94.4160 94.4480 52
94.4800 94.8000 53
94.8320 95.2800 55
95.4400 95.5040 57
95.5360 96.1120 58
96.2400 96.4320 62
96.4640 96.6880 60
96.7200 96.7840 62
96.8160 96.8800 61
96.9120 97.6800 58
97.7120 97.7440 59
97.7760 99.4400 60
99.4720 99.5680 61
99.6000 100.1440 59
100.3360 100.4640 62
100.5920 101.0720 62
101.2000 101.5520 60
101.6160 101.6480 61
101.6800 104.2400 62
104.2720 104.5600 60
104.5920 104.6240 59
104.6560 105.2640 58
105.2960 105.3920 59
105.4240 105.4880 58
105.6800 105.7760 55
105.9680 106.1280 53
106.8000 106.8320 49
106.8640 107.1840 50
107.2800 107.2800 51
107.3120 107.6640 53
107.6960 107.7280 54
107.7600 107.8560 55
108.0800 108.1120 57
108.1440 108.8160 58
108.8480 108.9760 62
109.0080 109.0400 61
109.0720 109.3280 60
109.3600 109.5520 59
109.5840 109.6160 57
109.6480 109.9040 55
110.1280 113.2960 58
113.3280 113.4240 59
113.4560 113.9040 58
114.6400 114.7040 49
114.8320 115.1200 55
115.1520 115.1520 53
115.3440 115.4080 53
115.4400 115.6320 55
115.6640 115.7600 58
115.9200 116.3040 58
116.3360 116.4320 56
116.4640 116.5920 55
116.6240 116.6880 54
116.7200 116.8480 53
116.8800 117.0080 51
117.2960 117.4880 55
117.5200 117.6480 53
117.7760 117.8720 54
117.9040 117.9680 52
118.0000 118.0640 54
118.1920 118.2880 54
119.0240 119.1840 55
119.2800 119.3120 57
119.3440 119.4720 58
119.6000 119.7920 58
119.9200 120.1120 57
120.1440 120.2080 55
120.4000 120.5280 53
120.6560 120.7840 50
121.1360 121.3280 53
121.6480 121.7440 49
121.7760 121.8400 48
122.2880 122.3840 46
122.6080 122.6400 48
122.8000 122.8640 48
122.8960 123.0240 49
123.0560 123.1200 50
123.5680 123.5680 48
123.8880 124.0160 50
124.0480 124.1440 49
124.3680 124.4000 52
124.4320 124.4960 53
124.6240 124.7520 54
124.7840 125.0400 53
125.0720 125.6480 54
125.8400 126.0320 51
126.3840 126.4480 49
126.4800 126.5440 50
126.9920 127.3120 53
127.3440 127.3760 54
127.4080 128.2080 55
128.2400 128.3360 56
128.5280 128.5600 54
128.5920 128.7840 58
128.8160 129.0080 62
129.0400 129.3600 60
130.0960 130.3200 60
130.3520 131.0560 62
131.0880 131.1200 61
131.1520 133.0080 60
133.0400 133.5520 62
133.5840 133.6800 66
133.7120 134.0320 65
134.0640 134.2240 62
134.3840 134.5440 60
134.5760 134.8320 59
134.8640 135.3760 56
135.4080 139.1840 58
139.2160 139.3120 57
139.3440 139.4080 59
139.4400 139.5360 58
139.5680 140.0480 59
140.0800 140.3360 60
141.8720 141.9680 57
142.4800 142.5440 57
142.5760 142.7040 58
142.7360 142.7680 59
142.8000 143.1840 60
143.2160 143.2480 61
143.2800 143.4080 62
143.5360 143.6320 62
144.4000 144.4640 62
144.5920 144.8160 65
144.8480 144.8800 66
144.9120 145.1040 67
145.1360 145.1680 66
145.2000 145.7120 65
145.9040 146.0960 62
146.2880 147.4080 65
148.5280 148.9440 65
148.9760 149.0400 66
149.0720 149.4560 67
149.6160 149.8400 65
149.8720 149.9040 64
150.4480 150.4800 62
150.5120 150.5760 63
150.6080 150.8640 65
150.8960 150.9280 64
151.1520 151.6320 65
151.6640 151.8880 67
152.0160 152.1440 67
152.1760 152.9120 70
152.9440 153.1680 62
153.2000 153.4240 60
153.4560 153.4880 61
153.5200 153.6160 62
153.6480 153.7120 60
153.7440 153.7760 58
153.8400 154.2880 58
154.3200 154.4480 59
154.4800 155.0240 60
155.0560 155.0880 59
155.2480 155.2800 59
155.3120 155.4720 60
155.6000 155.6000 59
155.8560 155.9200 60
156.0480 156.2720 60
156.3040 156.3680 61
157.2640 157.2640 61
157.3600 157.7120 62
157.9680 158.5440 60
158.5760 159.8880 62
159.9200 159.9840 63
160.0480 160.1760 62
160.3040 160.3680 63
161.4560 161.4880 69
161.5200 162.4160 70
162.4480 162.6720 67
162.7040 162.7360 66
162.7680 163.0560 65
163.6320 163.6960 62
163.8240 164.0800 62
164.1120 164.6240 65
164.6560 164.7840 66
164.9760 165.3600 70
165.3920 165.4560 69
165.6160 165.8080 62
165.9360 166.2880 71
166.3200 166.4160 69
166.4480 166.7360 67
166.9280 169.0400 70
169.0720 169.1680 69
169.2000 169.2960 70
169.3280 169.4240 69
169.4560 169.5840 70
169.6160 169.7120 69
169.8400 170.0320 69
171.6640 171.9200 55
171.9520 171.9840 53
172.1760 172.2080 52
172.2400 172.4640 55
172.4960 172.5920 58
172.7520 173.1040 58
173.1360 173.1680 57
173.2000 173.2960 56
173.3280 173.4560 55
173.4880 173.5520 54
173.5840 173.6480 53
173.7760 173.8720 50
174.1920 174.3520 55
174.3840 174.4800 53
174.5120 174.6400 54
174.6720 174.8320 52
174.8640 174.9280 54
175.0880 175.1840 55
175.6000 175.6640 60
175.8560 176.0160 55
176.2080 176.3360 57
176.3680 176.5920 58
176.7840 176.9120 58
176.9440 177.0720 55
177.2640 177.3600 52
177.3920 177.5520 50
177.5840 177.7440 49
177.7760 177.8080 50
178.0000 178.0320 52
178.0640 178.1600 53
178.3200 178.3840 50
178.5120 178.6400 48
179.4400 179.4720 48
179.6640 179.9200 48
180.4000 180.4000 48
180.7520 180.9120 49
181.0400 181.0400 49
181.2640 181.4240 53
181.4560 181.5520 55
181.6800 181.8400 54
181.8720 181.9680 55
182.0000 182.1920 54
182.2240 182.4480 53
182.6400 182.6400 59
182.6720 182.8000 63
182.8320 182.8640 64
182.8960 182.9600 65
183.2800 183.4080 67
183.8240 183.8560 53
183.8880 184.1440 54
184.1760 184.6560 55
184.6880 184.7840 54
184.8160 185.1360 56
185.1680 185.2000 55
185.3920 185.4240 53
185.4560 185.5200 57
185.5520 185.6480 58
185.6800 185.8080 62
185.8400 185.9040 61
185.9360 186.1600 60
186.8960 186.9280 60
186.9600 187.1840 61
187.2160 187.9840 62
188.0160 188.0800 60
188.1120 188.2080 59
188.2400 189.4880 60
189.5200 189.6800 61
189.7120 189.8080 60
189.8400 190.3520 62
190.3840 190.8960 65
190.9280 191.0240 62
191.2160 191.5680 60
191.6000 191.6320 59
191.6640 191.6960 58
191.7280 192.0160 55
192.2080 195.5360 58
195.5680 195.6640 59
195.6960 195.7600 57
195.7920 197.7120 58
197.7440 197.8400 57
197.8720 198.0640 59
198.0960 198.1600 60
198.1920 198.3200 59
201.0400 201.1360 61
201.2640 201.3600 62
202.0000 202.0640 65
202.2240 202.4480 62
202.8320 202.8320 60
204.3040 204.4000 63
206.0000 206.0960 70
