7.2800 7.2800 52
7.3120 7.3120 54
7.3440 7.3440 56
7.3760 7.4720 59
15.8880 15.9520 57
15.9840 16.1440 58
17.3920 17.4880 61
18.4160 18.5120 59
24.2080 24.3360 52
54.7360 54.8000 63
64.9440 65.6800 61
65.9360 66.1280 63
66.1600 66.4160 65
66.4480 66.4480 63
66.4800 67.4080 60
68.2080 68.9120 58
69.1360 69.3600 60
69.3920 69.6160 61
69.6480 69.6800 58
69.7120 70.5760 56
71.5360 71.8560 54
71.8880 71.9200 55
71.9520 72.4320 56
72.4640 72.6560 58
72.6880 73.1360 54
73.1680 73.8400 56
74.0320 74.4480 61
74.7040 75.0880 61
75.1200 75.4080 63
75.6320 75.9520 58
75.9840 75.9840 61
76.0160 76.5600 63
76.5920 77.2000 65
77.9040 78.3200 63
78.3520 78.6720 65
78.8640 79.0880 67
79.1200 79.4720 68
79.5040 79.5680 65
79.6000 80.6240 63
81.3280 81.9360 61
82.0960 82.3200 63
82.3520 82.6400 65
82.6720 82.6720 63
82.7040 83.7600 60
84.4640 84.8480 58
84.8800 85.2960 60
85.3280 85.5200 61
85.6480 85.7760 68
85.8080 85.9680 70
86.0000 86.6720 68
86.9280 87.1840 65
87.2160 87.2480 63
87.3760 88.0160 61
88.0480 88.4640 63
88.4960 88.7840 61
88.8160 88.9120 62
88.9440 89.4560 60
89.4880 92.3360 61
92.3680 92.4320 62
92.5920 92.6560 66
92.6880 92.9120 67
92.9440 93.0720 68
93.1040 93.1680 67
93.4240 93.5520 57
93.5840 93.8720 56
93.9680 94.1280 56
94.4480 94.6080 58
94.6400 94.7040 59
94.9280 95.0560 66
95.5040 96.2400 61
96.2720 97.8720 63
97.9040 98.2240 60
98.2560 98.3840 59
98.4160 98.5120 58
98.5440 99.0560 56
99.0880 99.5040 58
99.5360 99.8560 60
99.8880 100.0480 61
100.1760 100.3680 65
100.4000 100.5600 66
100.5920 100.6560 65
100.8160 101.5520 65
101.9040 102.3200 65
102.3520 102.7680 66
102.8000 102.8320 67
102.8640 103.8560 68
103.9840 104.2080 67
104.2400 104.4000 68
104.4320 104.5280 67
104.5600 105.4240 68
105.4560 105.6160 67
105.6480 105.9360 65
106.1280 107.6000 68
107.6320 107.7280 70
108.4320 108.6560 61
108.6880 108.8160 62
108.8480 109.3280 68
109.3600 110.2880 70
110.4800 110.6080 69
110.6400 110.8320 70
110.8640 110.8960 69
110.9280 111.0560 68
111.0880 111.6960 66
111.7280 111.7280 68
111.7600 111.9200 70
112.1120 112.4000 66
112.4320 113.4240 68
113.4560 113.5840 65
113.8080 114.8000 65
115.7280 115.8880 60
115.9200 116.4320 61
116.6880 116.8800 61
117.1360 117.2640 61
117.2960 117.8720 62
118.0960 118.4160 63
118.4480 118.6400 65
118.6720 118.8640 63
119.0240 119.0560 62
119.0880 120.6240 63
121.6480 121.8400 63
121.8720 122.5120 64
122.6400 122.8640 66
122.8960 123.1840 68
123.2160 123.3120 63
123.3440 123.4400 61
123.4720 124.4960 63
124.5280 124.5920 65
124.6240 124.7520 66
124.7840 124.8480 65
124.8800 125.7440 61
125.7760 125.8720 62
125.9040 126.0960 63
126.1280 126.3840 64
126.4160 126.4160 61
126.4480 126.5440 59
126.5760 126.6720 58
126.7040 127.6960 59
128.3040 128.6880 57
128.7200 129.0720 59
129.1040 129.2960 61
129.3280 129.8400 57
129.9680 130.6400 59
130.7680 131.2160 64
131.4080 131.7600 64
131.7920 132.1440 66
132.1760 132.1760 63
132.2080 132.7200 61
132.7520 133.1040 66
133.1360 134.2560 68
134.2880 134.3840 72
134.6080 134.6720 72
134.7040 134.9280 67
134.9600 135.4080 68
135.4400 135.5040 70
135.5360 135.7600 69
135.7920 136.1440 71
136.1760 136.2720 70
136.4320 136.4640 65
136.4960 137.5520 66
138.0640 138.3200 63
138.3520 138.7680 64
138.8960 139.0880 66
139.1200 139.4080 68
139.4400 139.4400 66
139.4720 140.7840 63
141.1040 141.5840 61
141.7440 142.0640 63
142.0960 142.3200 64
142.3520 142.4800 71
142.5120 142.6720 73
142.7040 143.5040 71
143.6640 143.9520 68
144.1440 144.7840 64
144.8160 145.2320 66
145.3600 145.5520 64
145.5840 145.6480 65
145.7760 145.9360 63
146.0640 149.7760 64
166.5120 168.4000 72
168.6560 168.7840 73
169.3600 169.5200 68
176.7200 176.9760 70
178.4480 179.1840 61
179.4400 179.6320 63
179.6640 179.9200 65
179.9520 179.9520 63
179.9840 180.9760 60
181.6800 182.4160 58
182.6400 182.8640 60
182.8960 183.1200 61
183.1520 184.1120 56
185.0400 185.4240 54
185.4560 186.0000 56
186.0320 186.1600 58
186.1920 186.5120 54
186.6720 187.3440 56
187.5360 187.8560 61
188.2080 188.5280 61
188.5600 188.8160 63
188.8480 188.9120 62
189.1360 189.4560 58
189.4880 190.0640 63
190.0960 190.7040 65
191.4080 191.8240 63
191.8560 192.1760 65
192.3680 192.5920 66
192.6240 192.9760 68
193.0080 193.0720 65
193.1040 194.0960 63
194.8320 195.4720 61
195.6000 195.8240 63
195.8560 196.1440 65
196.1760 196.1760 63
196.2080 197.4240 60
197.9680 198.4160 58
198.4480 198.8320 60
198.8640 198.9920 61
199.1520 199.2800 68
199.3120 199.4720 70
199.5040 200.1760 68
200.4000 200.6880 65
200.7200 200.7520 63
200.8800 201.5200 61
201.5520 201.9040 63
201.9360 201.9680 62
202.0000 202.4480 61
202.4800 202.9920 60
203.0240 203.2160 62
203.2480 204.2720 61
204.3040 204.4320 62
204.4640 205.5520 61
205.5840 205.6160 62
205.6480 205.6800 63
205.7120 205.8720 64
205.9040 205.9360 65
205.9680 206.1600 66
206.1920 206.2240 65
206.9600 207.5680 67
209.0080 209.7760 61
209.8080 209.8720 62
209.9040 211.2800 63
211.3120 211.4080 62
211.4400 211.7280 60
211.7600 211.8880 59
211.9200 212.0160 58
212.0480 212.4640 56
212.5920 213.0080 58
213.0400 213.3600 60
213.3920 213.5520 61
213.7120 213.8720 65
213.9040 214.0640 66
214.0960 214.1600 65
214.3200 215.0560 65
215.3760 215.8240 65
215.8560 216.2720 66
216.3040 216.3680 67
216.4000 217.4560 68
217.4880 217.7760 67
217.8080 218.9280 68
218.9600 219.1200 67
219.1520 219.4400 65
219.6640 221.1040 68
221.9360 222.1600 61
222.1920 222.3200 62
222.3520 222.8320 68
222.8640 223.7920 70
223.9520 224.1120 69
224.1440 224.3360 70
224.3680 224.4000 69
224.4320 224.5600 68
224.5920 225.2320 66
225.2640 225.4240 70
225.6160 225.9360 66
225.9680 226.5120 68
226.6400 226.9280 68
226.9600 227.0880 65
227.3120 228.1760 65
228.2080 228.4320 66
229.2320 229.2640 59
229.2960 229.3920 60
229.4240 229.9360 61
230.1920 230.3840 61
230.6720 230.7680 61
230.8000 231.1840 62
231.6000 231.8880 63
231.9200 232.1440 65
232.1760 232.3680 63
232.5920 234.0960 63
235.1520 236.0800 64
236.1120 236.3680 66
236.4000 236.6560 68
236.6880 236.6880 65
236.7200 236.7840 63
236.8160 236.9440 62
236.9760 238.0640 63
238.1920 238.3520 65
238.3840 239.2800 61
239.3120 239.3760 62
239.4080 239.6320 63
239.6640 239.8880 64
239.9200 240.1120 59
240.2080 241.2000 59
241.8080 242.1920 57
242.2240 242.5760 59
242.6080 242.8000 61
242.8320 243.3120 57
243.4720 244.1440 59
244.2720 244.7200 64
244.8800 245.3280 64
245.3600 245.6480 66
245.6800 245.6800 63
245.7120 246.1920 61
246.2240 246.2240 63
246.2560 246.6720 66
246.7040 247.7920 68
247.8240 247.8880 72
248.1120 248.1760 72
248.2080 248.4320 67
248.4640 248.9120 68
248.9440 249.2640 69
249.2960 249.6480 71
249.6800 249.7760 70
249.9360 249.9680 65
250.0000 251.0560 66
251.5680 251.6320 63
251.6640 252.3680 64
252.4000 252.5600 66
252.5920 252.6240 67
252.6560 252.9120 68
252.9440 252.9440 66
252.9760 254.4160 63
254.6400 255.0880 61
255.2480 255.5680 63
255.6000 255.7600 64
255.7920 255.7920 66
255.8240 255.9840 71
256.0160 256.2080 73
256.2400 257.0080 71
257.2000 257.4560 68
257.6480 258.2240 64
258.2560 258.2880 65
258.3200 258.7040 66
258.8320 258.8640 62
258.8960 259.1200 64
259.2480 259.4720 63
259.5040 262.0640 64
262.7680 263.1840 61
263.3760 263.6960 63
263.7280 263.8560 64
263.9840 264.1120 71
264.1440 264.3360 72
264.3680 264.4640 71
264.5920 265.1360 71
265.3280 265.6160 68
265.8080 266.3840 64
266.4160 267.8880 66
268.5600 268.8800 64
269.0400 269.2320 63
269.3920 273.4560 64
273.4880 273.5840 68
273.7760 273.8400 68
274.1600 274.2560 67
274.2880 274.6080 63
274.6400 274.7680 62
274.8000 275.1840 61
275.3120 275.3760 61
276.5600 277.0080 65
277.0400 277.2000 64
277.2320 277.5520 65
277.5840 277.8080 66
277.8400 277.9360 65
278.0000 278.3520 61
279.0240 280.2400 68
280.2720 280.7200 66
280.7520 280.9440 65
280.9760 281.1040 66
281.3600 281.5840 68
