9.2320 9.2960 57
17.3600 17.5840 54
20.0160 20.2720 54
38.9600 39.2800 60
39.5680 39.9200 60
67.0560 67.1200 56
67.1520 67.2160 58
67.3440 67.6960 57
67.7280 67.7600 56
67.9200 68.1120 55
68.1440 68.2720 54
68.3040 68.4320 55
68.4640 68.6880 54
68.8160 68.8800 53
68.9120 68.9760 52
69.0080 69.0400 51
69.0720 69.1680 50
69.2000 69.2640 51
69.3920 69.5200 52
69.6800 69.7120 55
69.7440 69.9040 56
69.9360 70.1920 53
70.2240 70.3840 52
71.7920 71.8240 50
71.8560 71.9840 51
72.0160 72.2080 52
72.2400 72.4960 50
72.6560 72.7840 53
72.9760 73.0400 52
73.0720 73.1360 53
73.1680 73.4560 54
74.0960 74.1920 51
74.2240 74.5120 52
74.8960 75.0240 52
75.2480 75.3120 52
75.3440 75.4400 53
76.4960 76.5920 59
76.6240 76.8800 57
76.9120 77.0400 56
77.0720 77.2320 57
77.2640 77.3920 55
77.4240 77.5200 54
77.5520 77.7760 55
77.8080 78.0320 54
78.1600 78.2240 52
78.2560 78.3200 51
78.4480 78.6080 50
79.1200 79.2800 56
79.3120 79.3440 54
79.3760 79.6000 53
79.6320 80.0800 52
81.1040 81.2320 50
81.2640 81.2960 51
81.3280 81.4560 52
81.6480 81.8080 51
81.8720 82.0320 53
82.0640 82.1280 54
82.2880 82.3200 53
82.3520 82.4160 54
82.5760 82.6720 54
83.4720 83.8560 52
83.9840 84.1120 50
84.2720 84.3680 53
84.4000 84.7520 54
84.7840 84.9760 55
85.1360 85.6480 57
86.0000 86.1280 55
86.2880 86.9920 54
87.1520 87.2480 52
87.4400 87.5680 52
87.7600 87.8560 51
88.1120 88.1760 52
88.3680 88.4960 51
88.6560 88.7840 50
88.9440 88.9760 51
89.0080 89.2320 52
89.2640 89.4560 53
89.4880 89.6800 52
90.1920 91.0880 49
92.3680 92.5280 49
92.5600 92.6240 50
93.8400 93.8720 51
93.9040 93.9680 52
94.0000 94.0640 54
94.1920 94.3200 55
94.7360 94.8000 55
94.8320 94.9600 57
94.9920 95.0560 56
95.0880 95.2160 55
95.4400 95.7920 55
95.8240 96.0800 54
96.2080 96.4640 53
96.4960 96.9440 52
97.0720 97.4240 51
97.6800 97.8080 51
97.8400 98.0960 50
98.2560 98.3840 52
98.5120 98.6400 52
98.6720 98.8000 54
98.8320 99.1200 52
99.1520 99.2800 53
99.5040 99.5680 49
99.6000 100.1120 48
102.6400 102.9920 47
103.2160 103.2800 49
103.3120 103.5360 50
103.8240 103.8880 52
103.9200 103.9520 51
103.9840 104.1760 50
104.4320 104.5920 53
104.6240 105.2640 54
105.8400 105.9360 51
105.9680 106.0960 52
106.1280 106.2560 56
106.4160 106.5120 52
106.5440 106.6400 53
106.6720 107.1520 52
107.2480 107.3760 53
108.1120 108.2400 50
108.4000 108.4320 52
108.4640 108.5920 53
108.6240 108.8800 51
108.9120 109.2320 52
109.2640 109.3280 51
109.3600 109.4560 49
109.6160 109.7120 49
110.1920 110.3200 45
110.3520 110.4480 46
111.0880 111.1520 53
111.1840 111.3760 55
111.4080 111.7600 54
111.9520 112.1120 53
112.2400 112.3360 52
112.4960 112.6560 50
112.6880 112.7200 49
112.7520 112.7840 48
112.8160 112.9120 47
113.1360 113.2640 49
113.2960 113.5520 50
113.6800 113.7120 51
113.7440 113.8080 52
113.8400 114.0320 53
114.0640 114.8000 54
115.0880 115.2800 52
115.3120 115.3440 53
115.3760 115.4400 55
115.6960 115.7600 52
115.7920 115.8880 53
115.9200 116.0480 52
116.0800 116.2720 53
116.3040 116.7200 52
117.4240 117.6480 50
117.6800 117.7120 51
117.7440 117.8080 52
117.8400 117.9680 54
118.0000 118.1920 51
118.2240 118.5440 52
118.5760 118.7680 50
118.9280 119.0240 49
119.0560 119.1200 50
120.4320 120.4960 54
120.6240 120.6880 56
120.7200 121.0080 58
121.2640 121.5200 54
122.0000 122.1920 55
122.3840 122.4800 55
122.5120 122.5440 56
122.5760 122.7040 57
122.7360 122.7680 55
122.8000 123.6000 54
124.4960 124.5280 51
124.5600 124.7200 52
124.7520 124.7840 55
124.8160 124.9120 56
125.0400 125.4240 53
125.4560 125.5840 54
125.6160 126.2240 52
126.8320 126.9920 50
127.0880 127.0880 50
127.1200 127.3120 53
127.3440 127.6960 52
127.7280 127.7920 51
127.8240 127.8560 50
127.8880 127.9200 49
127.9520 128.0160 48
128.3680 128.4000 46
128.6560 128.7200 46
128.7520 129.1360 45
129.1680 129.2640 46
129.7120 129.8080 52
129.9680 130.0640 54
130.0960 130.2880 55
130.3200 130.3840 54
130.4160 130.6400 52
130.6720 130.8320 53
130.8640 130.8960 52
130.9280 131.0880 51
131.1200 131.3760 52
131.4080 131.5360 50
131.5680 131.7280 48
131.7600 131.7920 49
131.8240 132.0480 50
132.0800 132.3360 51
132.3680 132.4960 52
132.5280 132.5600 53
132.5920 133.2640 54
133.2960 133.4240 55
133.8080 134.0320 52
134.0640 134.1600 55
134.3840 134.5120 53
134.6400 135.0240 52
135.0560 135.1840 53
135.8240 135.8560 51
135.8880 136.0160 52
136.0480 136.0800 53
136.1120 136.2720 54
136.4320 136.6240 57
136.6560 136.8800 59
136.9120 137.1680 61
137.3280 137.6800 57
137.8400 138.3520 54
138.3840 138.6720 55
138.7040 138.8640 57
138.9920 139.3120 59
139.3440 139.6960 57
139.7280 139.7600 55
139.9200 139.9840 49
140.0160 140.0800 48
140.1120 140.3040 47
141.6160 141.6800 56
141.7120 141.8080 58
141.9360 142.4160 57
142.4480 142.6400 55
142.8000 142.9280 55
143.1200 143.2480 54
143.2800 143.3440 53
144.1760 144.2720 54
144.3040 144.4320 57
144.4640 144.4960 56
144.6880 144.7520 54
144.7840 144.8160 53
144.8480 145.3280 52
146.3520 146.3840 51
146.4160 146.7680 52
147.1520 147.1840 52
147.2160 147.6000 53
147.6320 147.9200 54
148.6880 149.0400 52
149.5520 149.6800 54
149.7120 150.1280 52
151.0880 151.1840 58
151.2160 151.7280 57
151.7600 151.9520 55
152.0800 152.3040 55
152.3360 152.5920 53
152.6240 152.8160 52
153.0400 153.1360 54
153.6800 153.8080 56
153.8400 154.0960 53
154.1280 154.2560 52
155.6960 156.0480 52
156.4320 156.4960 52
156.5280 156.9120 54
157.6800 157.9040 50
157.9360 158.0320 51
158.0640 158.3840 52
158.8000 158.8320 53
158.8640 159.3120 54
159.3440 159.4720 55
159.6960 159.9200 57
159.9520 160.0480 54
160.0800 160.1120 56
160.1440 160.4640 57
160.4960 161.0400 55
161.2000 161.6480 54
161.6800 161.8400 52
162.0320 162.1600 52
162.2880 162.3840 52
162.4160 162.6720 51
162.7040 162.9920 52
163.1840 163.2480 54
163.4400 163.7600 52
163.7920 164.1440 53
164.4320 164.7840 61
164.8160 164.9120 59
165.7760 166.4800 54
168.4640 168.4960 53
168.5280 168.9760 55
169.0080 169.1360 57
169.2960 169.3600 55
169.3920 169.7760 57
169.9040 170.3520 55
170.4800 170.5760 52
170.6080 171.0240 54
171.0560 171.2800 52
171.3120 171.3760 53
171.6960 171.9200 56
172.7840 172.8800 52
173.1040 173.1680 52
173.2000 173.3600 54
173.3920 173.5840 52
173.7760 174.2240 54
174.2560 175.0560 52
175.0880 175.3760 54
175.4080 175.5680 53
175.6000 175.8560 54
176.4000 176.4960 56
177.2320 177.3600 59
177.8400 177.9040 60
177.9360 178.0960 62
178.3840 178.5440 64
178.5760 178.9280 62
178.9600 180.0480 66
180.0800 180.1760 64
180.2080 180.3360 65
180.3680 180.5600 64
180.5920 180.6240 67
180.6560 180.6880 68
180.7200 180.7840 69
180.9440 180.9760 64
181.0080 181.2320 66
181.2640 181.2960 65
181.3280 182.0320 64
182.0640 182.1600 63
182.1920 182.2880 64
182.6720 182.8000 62
182.9920 183.0560 65
183.0880 183.1840 66
183.2160 183.4080 63
183.4400 183.5360 64
183.5680 183.6320 63
183.6640 184.0480 61
184.0800 184.1760 60
184.2080 184.3040 61
184.3360 184.5280 57
184.7840 184.9440 57
185.6480 185.6800 66
185.7120 185.7760 67
185.9040 186.1600 67
186.1920 186.3200 66
186.4800 186.8640 65
186.8960 186.9280 64
187.0560 187.3440 62
187.6640 187.9520 62
188.2080 188.2400 64
188.2720 188.3680 65
188.4000 189.3280 66
189.4880 189.5520 65
189.6800 189.8400 64
189.9680 190.0640 69
190.2560 190.3200 64
190.3520 190.4480 65
190.5760 190.6080 64
190.6400 190.8320 65
190.8640 191.6000 64
192.3680 192.4960 66
192.5280 192.5600 64
192.5920 193.1040 63
193.1360 193.6800 61
194.0640 194.5440 57
194.8960 194.9920 58
195.2160 195.2480 57
195.2800 195.4720 59
195.5040 195.6320 57
195.8560 195.8560 61
195.8880 196.4960 66
196.5280 196.8160 67
196.9760 197.1040 67
197.1360 197.2000 69
197.2320 197.3280 68
197.3920 197.5520 68
197.5840 198.4480 66
198.7040 198.8320 62
198.9600 199.0240 62
199.0560 199.1840 64
199.2160 199.2160 62
199.3440 199.5360 57
199.5680 199.6000 63
199.6320 200.2080 65
200.2400 200.7840 64
201.3600 201.6800 62
201.7120 201.7760 66
201.8080 202.0320 61
202.0640 202.2240 62
202.2560 202.3520 61
202.3840 202.7680 59
202.8000 203.0240 57
203.0560 203.2160 55
204.2400 204.3680 64
204.5280 204.6560 65
204.6880 204.8800 67
204.9120 205.1680 64
205.2000 205.3600 66
205.3920 205.7440 64
205.7760 205.9360 63
205.9680 206.1600 60
206.1920 206.2240 61
206.2560 206.6080 62
206.7360 206.8640 64
206.8960 207.0880 65
207.1200 207.7280 66
207.7600 208.1760 62
208.3360 208.5280 64
208.5600 208.8800 62
208.9120 209.0080 64
209.0400 209.1040 66
209.2320 209.6800 64
209.7120 209.7440 63
209.9360 210.0640 64
210.3200 210.6080 62
210.6400 210.8000 66
210.9600 211.1520 57
211.1840 211.5680 59
211.6000 211.6960 61
211.8560 212.2720 57
212.4320 212.4960 65
212.6880 212.8480 62
212.9760 213.4240 67
213.6160 213.6160 58
213.7120 213.8400 59
213.8720 213.9040 54
213.9680 214.1920 54
214.6400 214.6720 54
214.7040 214.8640 57
215.4400 217.1680 57
217.3280 217.8400 57
220.4640 220.6560 54
220.8800 220.9440 54
221.4560 221.8720 54
222.1920 222.5120 54
224.4320 224.4960 59
226.2240 226.6080 57
227.0560 227.1840 57
229.3280 229.4560 61
231.6320 231.8560 55
231.8880 232.0480 57
232.2400 232.3680 55
232.4000 232.6560 57
232.8800 233.2640 55
233.3920 233.8400 54
234.3520 234.4480 54
234.9280 234.9920 52
235.2480 235.3440 52
235.6960 235.7600 52
235.8880 235.9840 52
236.0160 236.4640 53
236.4960 236.7200 54
237.2000 237.2640 54
237.3920 237.6480 54
240.6560 240.6880 53
240.7200 240.9120 54
240.9440 241.2000 55
241.2320 241.3600 56
241.5520 241.9680 56
242.0960 242.2240 55
242.3840 242.5760 55
242.7360 242.9920 54
243.2800 243.3440 52
245.9040 249.3920 54
249.4240 249.6480 59
250.0320 250.4160 62
250.6400 250.7680 65
250.8000 251.1520 62
251.1840 251.2800 64
251.3120 252.5600 66
252.5920 252.8160 64
252.8480 253.0400 63
253.0720 253.1680 64
253.2000 253.2960 65
253.3280 253.4240 66
253.4560 254.5120 64
254.8960 254.9920 62
255.2800 255.4400 66
255.4720 255.6640 62
255.6960 255.8240 64
256.0800 256.2400 61
256.3360 256.6560 61
257.5840 257.7120 61
257.7440 257.8720 64
257.9040 258.5760 67
258.7360 259.1200 65
259.1520 259.2800 63
259.3120 259.6000 62
259.8880 260.3360 62
260.4320 260.6240 64
260.6560 261.5840 66
261.6160 261.8720 62
261.9040 262.1600 64
262.1920 262.2560 62
262.2880 262.5440 64
262.5760 263.0880 65
263.1200 263.6960 64
263.9200 264.1760 59
264.2080 264.5600 62
264.5920 264.6880 60
264.7200 264.8160 64
264.8480 265.0080 62
265.0400 265.2960 64
265.3280 265.5840 63
265.6160 265.6480 60
265.7120 265.7440 60
265.7760 265.8720 61
266.2560 266.6400 57
267.1200 267.1520 65
267.1840 267.2800 66
267.4400 267.5680 57
267.6000 267.6960 59
267.7280 267.7920 58
267.8240 267.8560 57
268.0800 268.0800 63
268.1120 268.5600 66
268.5920 268.7200 65
268.7520 269.1680 67
269.2000 269.3280 68
269.3600 269.6480 69
269.6800 269.7440 68
269.7760 269.8400 65
269.8720 270.5120 66
271.2160 271.2480 63
271.2800 271.4400 64
271.4720 271.6640 57
271.8240 271.8560 64
271.8880 272.2400 65
272.2720 272.4320 66
272.4640 272.4960 65
272.5280 272.9440 64
272.9760 273.1040 63
273.1360 273.4240 64
273.4880 273.6800 64
273.8400 273.8720 63
273.9040 274.0320 66
274.4160 274.5440 64
274.7360 274.8640 61
275.1520 275.2800 61
275.8880 275.8880 64
276.4000 276.6240 64
276.8160 276.8480 62
276.8800 277.1360 67
277.1680 277.6480 65
277.6800 277.8720 63
278.0000 278.1920 64
278.2240 278.2880 61
278.3520 278.5120 61
278.5440 278.7680 62
278.8000 278.9280 65
279.0880 279.2480 65
279.2800 279.8240 66
279.9200 280.3680 66
280.5600 280.8160 64
280.8480 280.8480 62
280.9440 281.0720 63
281.1040 281.2320 64
281.2640 281.3600 66
281.3920 282.4160 64
282.6080 282.6720 62
282.7040 282.7680 64
282.8000 282.8640 65
282.8960 282.9920 66
283.1840 283.4720 57
283.5040 283.7600 59
283.7920 284.0160 61
284.0480 284.4640 57
284.6240 284.6240 63
284.6560 284.7840 65
284.8160 285.2000 66
285.2320 285.4880 67
285.5200 285.5840 69
285.9040 286.0640 59
286.0960 288.0800 57
290.9280 290.9920 62
291.2160 291.3440 62
291.4400 291.6000 62
292.2720 292.7200 62
292.8480 292.9440 62
293.1680 294.5440 61
295.1520 295.4400 61
295.6320 295.7920 61
295.8240 295.9520 62
296.3360 296.4640 63
299.9200 299.9840 62
301.1360 301.4240 61
301.9680 302.1920 62
303.0880 303.1520 61
303.3120 303.3760 61
304.1760 304.4000 61
312.4320 312.4960 61
312.6560 312.7200 62
313.2000 313.2960 62
313.5520 313.6160 62
313.8080 314.0640 61
314.0960 314.1280 63
314.1600 314.3520 65
314.3840 314.7680 66
314.8000 314.8960 64
314.9280 316.0480 62
316.2080 318.3840 62
319.3760 319.5040 66
320.0800 320.2080 62
320.2400 320.9760 61
321.1040 322.1280 61
322.1600 322.2560 60
322.7680 323.6000 61
323.6320 324.2080 62
325.9680 326.3840 59
326.8320 327.3120 59
327.4400 327.5360 60
