22.2560 22.3520 54
22.3840 22.8960 55
23.4720 23.5040 56
23.5360 24.2080 57
24.2400 24.3040 56
24.3360 24.4960 55
24.5280 24.6240 56
24.6560 24.8160 57
25.0080 25.0720 57
25.1040 25.1680 58
25.2000 26.0640 59
27.9840 28.0800 51
28.1120 28.1440 52
28.1760 28.2400 53
28.2720 28.6240 54
28.6560 28.8160 55
29.2320 29.9680 55
30.0000 30.6080 54
30.8960 31.4400 54
33.5840 33.6160 50
33.6480 33.7440 51
33.7760 34.2240 52
34.6400 35.4400 54
35.4720 35.5360 53
35.5680 35.8240 52
35.8560 35.9200 53
35.9520 36.1120 54
36.4000 37.0400 55
38.7040 38.7680 60
38.8000 38.8960 62
39.1520 39.7280 59
39.8560 39.9200 59
41.2320 41.4560 62
41.4880 41.7440 59
41.7760 42.4160 57
43.9840 44.0480 53
44.0800 44.1120 54
44.1440 44.9440 55
44.9760 45.0720 56
45.1040 45.8080 57
45.8400 45.9360 56
45.9680 46.2240 55
46.2560 46.4480 56
46.7040 46.8000 57
46.8320 46.9280 58
46.9600 47.9840 59
49.6160 49.7120 53
49.7440 50.3200 54
50.4800 50.7360 54
50.7680 51.5680 55
51.7280 52.0160 54
52.0480 52.2080 55
52.2400 53.0720 54
55.2160 55.2480 51
55.2800 56.0160 52
56.3680 57.0080 54
57.5200 57.9040 54
57.9360 58.8320 55
58.9600 59.0880 55
59.9840 60.2400 54
60.2720 60.5280 55
60.5600 60.7200 54
60.7520 60.8160 56
60.8480 61.2960 57
61.8720 61.9040 56
61.9360 61.9680 57
62.0000 62.0320 58
62.0640 62.6720 59
63.0560 64.4640 60
65.9040 65.9360 60
65.9680 66.5440 62
66.6720 66.7040 61
66.7360 67.0240 62
67.0560 67.3120 60
67.3440 67.5680 59
67.6000 67.9200 58
67.9520 68.1120 61
68.1440 68.6240 62
69.0720 69.2000 59
69.2320 69.3920 60
69.4240 69.7120 59
70.7360 71.1840 61
71.2160 71.3760 62
71.5040 71.5680 61
71.6000 71.7920 62
71.9200 72.1440 60
72.3360 72.5600 58
72.6880 72.7520 60
72.7840 72.8480 63
72.8800 72.9760 64
73.0080 73.6800 65
73.9040 74.0640 60
74.0960 74.6720 62
74.9600 75.0240 57
75.7600 76.3360 55
76.3680 76.5280 57
76.7840 77.1040 55
77.1360 77.3920 57
77.9680 78.1280 55
78.2560 78.6720 55
78.7040 78.8960 57
79.0880 79.4080 55
79.5680 80.0800 57
80.1120 80.3680 55
81.0720 81.7760 58
82.2560 82.5120 64
82.5440 83.1520 62
83.5360 83.7280 59
83.7600 83.8880 62
83.9200 84.1760 60
84.2080 86.8960 59
106.5760 106.7040 55
107.1200 107.2160 55
107.5040 108.2400 57
108.2720 108.3040 56
108.3360 108.4640 55
108.4960 108.5600 56
108.5920 108.7520 57
108.7840 108.8480 56
109.2000 109.3920 57
109.5840 110.1600 59
110.1920 110.3200 58
110.5120 110.6400 54
110.6720 110.9600 55
112.1120 112.1760 53
112.2080 112.7520 54
113.1360 113.2000 52
113.2320 113.2640 54
113.2960 113.6160 55
113.6480 113.8400 54
114.2560 114.4480 54
114.4800 114.6720 55
114.7040 115.4080 54
115.5040 115.5040 54
116.0480 116.2400 54
116.2720 116.5920 55
117.5840 117.6160 49
117.6480 117.6800 50
117.7120 117.7440 51
117.7760 118.4160 52
118.4480 118.5760 51
118.7360 118.7680 52
118.8000 118.8640 53
118.8960 119.4080 54
119.4400 119.4720 53
119.5040 119.8240 52
119.8560 119.8880 53
119.9200 120.0800 54
120.4320 120.5280 54
120.5600 121.4240 55
121.5840 121.8080 54
121.8400 122.1920 55
122.6720 122.8960 62
123.0560 123.1840 56
123.2160 123.6320 59
123.6640 123.8560 60
124.9760 125.0720 65
125.1040 125.1680 61
125.2000 125.3920 62
125.4240 125.6800 59
125.8080 126.1280 57
126.1600 126.2560 56
126.7680 126.8960 53
126.9280 127.0240 54
127.0560 127.2160 55
127.6960 127.7920 55
127.8240 127.8240 53
127.9200 128.0160 52
128.0480 128.7200 55
129.1360 129.8400 57
129.8720 130.1920 55
130.2240 130.5120 57
130.8640 132.0160 59
132.2720 132.4960 59
133.5520 133.6160 52
133.6480 134.5120 54
134.7040 134.7360 53
134.7680 134.8000 54
134.8320 135.4080 55
135.4400 137.3280 54
139.1520 139.2480 50
139.2800 139.3440 51
139.3760 140.0800 52
140.3360 141.0400 54
141.0720 141.1360 51
141.1680 141.4880 52
141.5200 141.9360 54
141.9680 142.6080 55
142.6400 142.7360 56
142.7680 142.9280 55
143.5040 143.7600 55
143.9840 144.1440 54
144.3040 144.4640 55
144.7200 145.7760 57
145.9040 145.9360 58
145.9680 147.1840 59
147.2160 149.4240 60
149.8720 149.9040 59
149.9360 150.1600 62
150.2880 150.5440 62
150.7360 150.9920 62
151.0240 151.2480 60
151.2800 151.3440 58
151.4720 151.8880 58
151.9200 152.7840 62
152.8160 152.9120 60
153.0400 153.1040 57
153.1360 153.3920 59
153.4240 153.7440 58
153.7760 153.8080 56
154.3520 154.5120 55
154.6720 154.7360 60
154.7680 154.9280 62
155.0560 155.3120 62
155.4400 155.4720 59
155.5040 155.7600 62
155.7920 155.9840 60
156.0160 156.1440 58
156.3360 156.4960 58
156.6880 156.7200 62
156.7520 157.4880 65
157.5200 157.5840 66
157.6160 157.6800 67
157.9360 157.9680 60
158.0000 159.1520 62
159.4720 160.1440 55
160.2720 160.3360 54
160.3680 160.4960 57
160.6880 161.0720 55
161.1040 161.2960 57
161.9680 162.0960 55
162.2560 162.6080 55
162.7040 162.7040 55
163.0880 163.3760 55
163.4080 163.5040 53
163.5360 163.7600 57
163.9200 164.3680 55
165.0400 165.0400 57
165.0720 165.2640 60
165.2960 165.5840 58
165.6160 165.7120 57
166.2560 166.3200 61
166.3520 167.1840 65
167.2160 167.4400 67
167.4720 168.6560 65
169.0080 169.0400 58
169.0720 169.1360 60
169.1680 169.6800 62
169.9360 170.1920 62
170.2240 170.4160 60
170.4480 171.0880 58
171.1200 171.1520 60
171.1840 172.0160 62
172.0480 172.3040 57
172.3360 172.4960 60
172.5280 172.9120 58
172.9440 173.0720 57
173.8720 173.9680 61
174.0000 174.1280 62
174.2880 174.5120 62
174.6720 174.7360 61
174.7680 174.9280 62
175.0880 175.3440 60
175.5040 175.6000 58
175.6320 175.7920 56
175.8240 175.8880 61
175.9200 176.0160 65
176.0480 176.6560 67
176.6880 176.7840 65
176.8160 177.1360 62
177.1680 178.3520 65
178.3840 178.4800 62
178.8320 179.4720 55
179.5040 179.6960 57
179.8880 180.1760 55
180.3040 180.6560 56
181.1360 181.6800 55
181.9360 182.0640 57
182.2880 182.7680 55
182.8000 182.8960 57
183.0880 183.2480 57
183.2800 183.6000 55
184.3040 184.4320 60
184.4640 184.7520 58
184.7840 184.8480 55
185.5200 185.7440 65
185.7760 186.3840 62
186.6080 186.8320 60
186.8640 186.9600 62
186.9920 187.0560 57
187.0880 194.7680 59
194.8000 195.7600 62
196.2720 196.2720 56
196.3040 196.3040 58
196.3360 196.6880 63
196.7200 196.9760 62
197.0080 197.0080 59
197.0400 197.2320 56
197.2640 197.3600 58
197.3920 197.5200 59
197.5520 197.6480 57
197.6800 198.8000 55
198.8320 198.8960 54
202.4160 202.5440 53
203.5680 203.7600 57
203.7920 203.9200 59
204.7520 204.9440 59
204.9760 205.3920 62
205.9360 206.2560 64
206.2880 206.5120 67
206.7040 206.9600 64
207.0880 207.1520 67
207.1840 207.3760 69
207.4080 211.4080 67
212.3360 212.5600 59
213.0720 213.0720 63
213.1040 213.2640 68
213.2960 213.5200 71
213.6800 213.7760 71
213.8080 214.4160 67
214.4480 215.8240 64
216.0160 216.4000 58
216.4320 216.6880 56
217.1360 217.5840 59
218.0640 218.2240 62
218.3840 218.7680 69
218.9280 219.1520 60
219.3120 219.3760 60
219.5360 220.1440 59
220.2720 220.7840 53
221.3280 221.7440 61
221.8400 222.2240 59
222.2560 222.4160 55
223.1520 223.4400 53
224.3360 224.9120 59
225.0400 225.5840 65
