4.3360 4.4640 68
4.4960 4.5920 66
4.6240 4.8160 67
4.8480 4.9760 66
5.0080 5.1680 62
5.2000 5.3280 64
5.3600 5.5200 67
5.5520 5.6160 66
5.6480 5.6800 62
7.1520 7.2160 67
7.5360 7.8560 66
7.8880 8.0160 67
8.0480 8.2080 68
8.2400 8.3360 67
9.8400 9.9360 62
9.9680 10.0960 60
10.1280 10.1600 61
10.2560 10.2560 61
11.8880 12.0800 68
12.1120 12.4960 67
12.5280 12.5600 66
12.5920 12.6240 65
12.8480 13.0080 67
13.0400 13.2000 65
13.2320 13.2320 62
13.3280 13.3600 62
13.3920 13.4560 61
19.9200 20.1440 55
20.3040 20.5600 56
20.5920 20.8800 59
20.9120 21.1040 61
21.1360 21.2000 62
21.2320 21.6800 63
21.8080 22.0320 61
22.0640 22.2880 59
22.3200 22.3520 60
22.3840 22.5760 61
22.6080 22.6400 60
22.6720 22.8640 59
23.0240 23.1520 56
23.2800 23.6640 61
23.8560 24.2720 63
24.7840 24.9440 54
25.0720 25.2960 56
25.3280 25.3600 57
25.3920 25.4240 58
25.4560 25.5520 59
25.6800 26.0320 61
26.0640 26.2240 62
26.2560 26.4800 61
26.6400 26.8000 61
26.8320 26.8640 62
26.8960 27.0880 63
27.2160 27.3440 61
27.4720 27.9520 59
27.9840 28.0160 58
28.0480 28.2720 57
28.3040 28.3680 58
28.4000 28.4320 60
28.4640 28.7520 61
28.7840 28.9440 62
29.5840 29.7760 66
29.8080 30.0640 63
30.1920 30.3520 63
30.3840 30.5120 62
30.8000 31.2480 63
31.4080 31.6000 66
31.7600 31.9520 63
31.9840 32.2080 66
32.2400 32.4960 63
32.6240 32.6240 63
32.6560 32.8480 66
32.8800 33.0080 63
33.2640 33.2960 67
33.3280 33.6800 68
33.7120 33.7760 67
33.8080 33.9680 66
34.0000 34.3200 63
34.7040 34.8640 63
34.9920 35.1840 61
35.2160 35.5040 59
35.5360 35.5680 60
35.6000 35.6960 61
36.0160 36.2720 63
36.3040 37.3280 61
38.5440 39.0240 61
39.1840 39.4400 68
39.4720 39.5360 66
39.5680 39.5680 64
39.7280 40.5920 63
40.6240 42.2880 66
43.9520 43.9520 63
43.9840 43.9840 66
44.0160 44.0160 68
44.0480 44.4960 70
44.5280 44.7520 68
44.7840 44.7840 65
44.8160 45.1360 63
45.1680 45.6480 66
45.7760 46.2560 63
46.2880 46.7360 61
46.9280 47.2800 61
47.3120 47.3120 63
47.3440 47.6640 66
47.8880 47.9520 67
47.9840 48.7840 66
49.4560 49.6480 63
49.6800 49.8720 66
50.0000 50.0320 65
50.0640 50.4800 68
50.6080 52.0160 68
52.0480 52.2720 71
52.4640 52.7200 61
52.7520 53.0400 63
53.2960 53.4560 63
53.5840 53.8400 61
53.8720 54.0960 63
54.1280 54.4160 66
54.4480 54.7360 63
54.7680 55.5040 61
55.7280 56.2400 59
56.2720 56.4000 58
56.5600 56.7840 56
56.9440 57.5840 61
58.0960 58.2560 63
58.2880 58.3200 62
58.3520 58.6400 61
58.6720 58.8320 63
58.9920 59.0880 67
59.1200 59.2480 66
59.2800 59.5360 63
59.5680 60.3680 61
60.5280 61.2320 59
61.4240 61.4240 63
61.4560 61.5520 67
61.5840 61.9040 68
61.9360 62.6080 66
63.1520 63.4080 71
63.5360 63.7280 70
63.7600 63.9840 68
64.0160 64.0160 66
64.0480 64.2400 63
64.3680 64.8480 66
64.9760 65.4240 63
65.5840 65.8080 61
66.0000 66.4800 61
66.5120 66.6400 64
66.6720 66.8960 66
67.1200 67.9520 66
68.6240 68.6880 61
68.7200 68.8480 63
68.8800 69.0400 66
69.2000 69.2320 65
69.2640 71.2480 68
71.2800 71.4720 71
71.5040 71.5040 67
71.5360 71.8560 61
71.8880 72.1440 63
72.4960 72.6880 63
72.7200 73.0400 61
73.0720 73.2960 63
73.3280 73.5200 66
73.6800 73.8080 63
73.9680 75.1200 61
75.1520 75.4080 59
75.4400 75.4720 57
75.6640 75.9840 56
76.1120 76.7520 61
77.3600 77.6160 63
77.6480 77.8720 61
77.9040 78.0000 63
78.1920 78.4160 66
78.4480 78.7040 63
78.7360 79.3760 61
79.4080 79.8560 59
79.9840 80.3040 59
80.4640 80.5920 59
80.7520 80.8800 59
80.9120 80.9120 62
80.9440 81.0080 65
81.0400 81.2640 68
81.6160 83.2800 66
85.9680 86.2560 55
123.5680 123.7280 57
123.7600 124.0480 59
124.0800 124.2400 61
124.2720 124.4000 62
124.4320 124.8480 63
124.8800 124.9440 62
124.9760 125.2320 61
125.2640 125.5520 59
125.5840 125.8080 61
125.8400 126.0640 59
126.2240 126.3840 56
126.5120 126.8960 61
127.3120 127.3760 54
127.9840 128.0480 52
128.0800 128.1760 54
128.3040 128.5280 56
128.5600 128.9120 59
128.9440 128.9760 60
129.0080 130.0320 61
130.0640 130.3200 63
130.3520 130.5760 61
130.7040 131.2160 59
131.2480 131.4400 57
131.4720 131.6000 59
131.6320 132.3680 61
132.7520 133.0080 66
133.0400 133.2640 63
133.3920 133.5520 63
133.5840 133.7760 61
134.0000 134.4800 63
134.6080 134.8000 66
134.9280 135.1200 63
135.1520 135.4080 66
135.4400 135.6960 63
135.8240 136.0480 66
136.0800 136.2080 63
136.4960 136.4960 65
136.5280 136.9760 68
137.0080 137.2000 66
137.3280 137.5840 63
137.9680 138.0960 63
138.2560 138.4160 61
138.5440 138.6720 58
138.7040 138.8960 59
139.1520 139.4080 61
139.6960 140.0160 63
140.0480 140.7200 61
141.7440 142.2240 61
142.3840 142.7360 68
142.9920 143.8240 63
143.8560 145.0720 66
147.1520 147.1840 67
147.2160 147.7280 70
147.7600 147.9520 68
147.9840 148.3360 63
148.3680 148.8800 66
148.9120 149.4880 63
149.5200 149.9040 61
150.1280 150.4800 61
150.5120 150.5120 63
150.5440 150.8640 66
151.0880 152.0160 66
152.5600 152.8160 63
152.8480 153.0720 66
153.2000 153.2640 66
153.2960 155.1840 68
155.2160 155.4400 71
155.6320 155.8880 61
155.9200 156.2400 63
156.4960 156.6560 63
156.7840 157.0400 61
157.0720 157.2000 63
157.3920 157.4240 65
157.4560 157.6160 66
157.6480 157.9040 63
157.9360 158.0000 62
158.0320 158.6720 61
158.9280 159.2160 59
159.2480 159.4080 58
159.8240 159.9840 56
160.1120 160.6880 61
161.2320 161.4240 63
161.4560 161.5520 60
161.5840 161.7120 61
161.7440 161.8080 62
161.8400 162.0320 63
162.2560 162.2560 63
162.2880 162.4480 66
162.4800 162.7360 63
162.7680 163.6000 61
163.7600 164.4640 59
164.6880 164.6880 65
164.7200 165.1680 68
165.2000 165.8080 66
166.3520 166.5760 71
166.7040 166.9280 70
166.9600 167.2160 68
167.2480 167.3440 62
167.3760 167.5040 63
167.6320 168.1120 66
168.1440 168.6880 63
168.8480 169.0720 61
169.2640 169.2960 60
169.3280 169.7440 61
169.7760 169.9040 64
169.9360 170.1600 66
170.3840 171.1520 66
171.8240 172.0480 63
172.0800 172.1760 66
172.4000 172.4960 67
172.5280 173.1680 68
173.2960 173.4560 68
173.5840 174.3840 68
174.5440 174.7040 71
174.7360 174.7360 67
174.7680 174.8000 63
174.8320 175.0240 61
175.0560 175.0880 62
175.1200 175.3440 63
175.7280 175.8880 63
175.9200 176.2400 61
176.2720 176.3040 62
176.3360 176.5280 63
176.5600 176.5920 65
176.6240 176.7520 66
176.9440 177.0400 63
177.2320 178.2880 61
178.3200 178.3520 60
178.3840 178.5760 59
178.6080 178.6400 58
178.6720 178.7040 57
178.8960 179.2160 56
179.3760 179.9520 61
180.4960 180.7520 63
180.7840 181.0400 61
181.0720 181.2000 63
181.4240 181.6160 66
181.6480 181.8720 63
181.9040 182.5120 61
182.5440 183.6640 59
183.7920 183.7920 64
183.8240 183.9520 68
184.2400 186.1600 66
187.8560 188.2400 66
188.2720 188.8480 63
188.8800 189.2320 61
189.2640 190.3200 63
191.7280 191.8240 60
192.4640 192.7200 63
192.7520 192.9760 66
193.0080 193.2320 63
193.3600 193.5520 66
193.5840 193.8400 62
193.9680 193.9680 65
194.0000 194.1280 68
194.2880 194.4800 68
194.5120 194.9920 66
195.2160 195.2800 62
195.3120 195.6640 63
195.8560 195.9840 61
196.1760 196.7520 59
197.6160 197.6160 59
197.6480 197.8080 63
197.8400 198.5440 61
198.7360 199.2800 59
199.3120 200.4320 61
202.0320 202.0640 62
202.0960 202.3200 63
202.3520 202.6400 61
202.6720 202.8640 63
203.0560 203.2160 61
203.2480 203.5680 63
203.6000 203.8560 66
203.8880 204.1120 63
204.1440 205.8400 61
206.8640 207.4400 59
207.4720 207.6320 58
207.7920 208.2400 56
208.3680 210.5120 59
