33.5200 33.5520 57
33.5840 33.5840 59
33.6160 33.6480 62
33.6800 33.9360 63
33.9680 34.1600 64
34.1920 35.6320 67
35.6640 35.7280 65
35.7600 35.8560 67
35.8880 35.9840 65
36.0160 36.5920 67
36.8800 37.2000 69
37.2320 37.4240 67
37.5840 37.6480 65
37.6800 37.7440 64
37.7760 38.5120 62
38.5440 38.5760 63
38.6080 39.0240 64
39.3440 39.4400 62
39.6640 39.8560 62
40.0800 40.4320 64
40.4640 40.5280 62
40.5600 41.2000 60
41.2320 41.9680 59
42.0000 42.1920 60
42.5760 42.8640 55
42.8960 42.9280 56
42.9600 43.2800 57
43.3120 43.3760 58
43.4080 43.8880 60
43.9200 44.2400 62
44.2720 44.3360 60
44.3680 44.5920 57
44.9440 45.0080 54
45.0400 45.2960 55
45.3280 45.3280 57
45.3600 45.3600 59
45.3920 45.3920 61
45.4240 45.4560 63
45.4880 45.5840 64
45.6160 46.0640 62
46.0960 46.1280 61
46.1600 46.4800 60
46.5120 46.6080 61
46.6400 46.6400 63
46.6720 46.7680 66
46.8000 46.9280 64
46.9600 48.1120 62
48.1440 48.2400 60
48.2720 48.3680 62
48.4000 48.4960 61
48.5280 48.6240 62
48.6560 48.9760 61
49.0080 49.3600 62
49.7760 49.8400 60
49.8720 50.1280 64
50.2560 50.6400 67
50.6720 50.6720 69
50.7040 50.7040 71
50.7360 50.9600 69
50.9920 51.3120 68
51.3440 51.8240 69
51.8560 51.9520 67
51.9840 52.4960 64
52.5280 52.5600 65
52.7840 53.4560 67
53.8400 53.9360 58
53.9680 54.2560 60
54.2880 54.5120 64
54.5440 54.5760 65
54.6080 54.6720 67
54.8320 55.0560 60
55.0880 55.4080 61
55.4400 55.6640 62
55.8880 56.0160 60
56.0480 56.2400 62
56.4000 57.0080 60
57.0400 57.0720 59
57.1040 57.5200 57
57.9360 57.9680 54
58.0000 58.0960 55
58.1280 58.2240 56
58.3520 58.3520 65
58.3840 58.6080 67
58.6400 58.8000 69
58.8320 60.6560 67
60.6880 60.9120 64
60.9440 60.9760 63
61.0080 61.2960 62
61.7120 61.8080 56
61.8400 61.9040 57
61.9360 61.9360 59
61.9680 62.1280 62
62.1600 62.6720 64
62.7040 63.1520 62
63.1840 63.2480 60
63.2800 63.3440 61
63.5040 65.1040 60
65.1360 65.4880 59
65.5200 65.6160 60
65.6480 65.7440 58
65.7760 65.9040 60
65.9360 66.0320 58
66.0640 66.1280 60
66.1600 66.2560 59
66.2880 66.6720 60
66.9280 67.3120 60
67.3440 67.4720 61
67.5040 67.8880 62
68.0480 68.4640 62
68.4960 68.7200 60
68.7520 68.9440 61
68.9760 69.0720 60
69.1040 69.1680 61
69.2000 69.5200 62
69.5520 69.6800 64
69.7120 70.2880 63
70.3200 70.7680 64
71.0560 71.0880 63
71.1200 71.3760 64
71.4080 71.4720 66
71.5040 71.7280 67
71.8880 71.9840 67
72.1440 72.3040 67
72.3360 72.6560 69
72.6880 72.7840 67
72.8160 73.2640 64
73.2960 73.6480 67
74.2560 74.6080 64
74.6400 74.8640 67
74.8960 74.9280 68
75.1840 75.3760 67
75.4080 75.4400 68
75.4720 76.5280 69
76.7520 77.1680 67
77.2000 77.8720 69
78.0960 78.5760 69
78.7040 78.9280 72
78.9600 79.1200 69
79.1520 79.2480 70
79.2800 79.3440 69
79.3760 79.4720 68
79.5040 79.5040 71
79.5360 79.6320 73
79.6640 79.6960 69
79.7280 81.9680 67
82.4480 82.5760 64
82.8000 82.9920 67
83.0240 83.0880 68
83.3120 83.5360 67
83.5680 83.7600 68
83.7920 83.9840 69
84.1120 84.4000 69
84.4320 84.5280 67
84.5600 84.6560 65
84.6880 84.7840 67
84.8160 84.8480 65
84.8800 85.2000 64
85.3600 86.0320 67
86.4480 86.5120 59
86.5440 86.7040 60
86.7360 86.8320 61
86.8640 87.2480 64
87.3760 87.9840 62
88.1440 88.2720 64
88.3040 88.3040 62
88.3360 88.6560 60
88.6880 88.7520 64
88.8800 89.1680 62
89.2000 89.2960 60
89.4240 90.0000 57
90.0320 90.0960 58
90.5440 90.6080 65
90.6400 90.7360 67
90.7680 90.8320 68
90.9600 91.1520 67
91.1840 91.8880 69
91.9200 91.9840 67
92.0160 92.3360 66
92.3680 92.7200 67
92.7520 92.8160 68
92.9440 93.2000 67
93.2320 93.6480 64
93.6800 94.0000 62
94.2560 94.3840 64
94.4160 94.4480 63
94.4800 94.8960 62
94.9280 95.2480 60
95.2800 95.3440 62
95.3760 95.4400 61
95.6000 95.6320 63
95.8240 97.6800 60
97.7120 98.5440 59
98.5760 99.5680 60
109.8720 109.9680 67
110.6720 110.7360 67
111.0240 111.0240 67
111.2800 111.7280 63
123.0880 123.1200 62
123.1520 123.4400 63
123.4720 123.6640 64
123.6960 125.1040 67
125.1360 125.2320 66
125.2640 125.3600 67
125.3920 125.4880 65
125.5200 126.0960 67
126.3840 126.6720 69
126.7040 126.8960 67
127.0560 127.1520 65
127.1840 127.2480 64
127.2800 128.0160 62
128.0480 128.0800 63
128.1120 128.4960 64
128.8160 128.9440 62
129.1360 129.3600 62
129.5840 129.9040 64
129.9360 130.0000 62
130.0320 130.7040 60
130.7360 131.4720 59
131.5040 131.6960 60
132.1120 132.3360 55
132.3680 132.4000 56
132.4320 132.7520 57
132.7840 132.8800 58
132.9120 133.3280 60
133.3600 133.3920 61
133.4240 133.7120 62
133.7440 133.8400 60
133.8720 134.0960 57
134.4480 134.5120 54
134.5440 134.8000 55
134.8320 134.8320 58
134.8640 134.8640 60
134.8960 135.0880 63
135.1200 135.5360 62
135.6640 135.9840 60
136.0160 136.1120 61
136.1440 136.2400 65
136.2720 136.4320 64
136.4640 137.3600 62
137.3920 137.4880 61
137.5200 137.6160 62
137.6480 137.7440 60
137.7760 137.8720 62
137.9040 137.9680 60
138.0000 138.1280 62
138.1600 138.4480 61
138.4800 138.8640 62
139.2480 139.3120 60
139.3440 139.3760 63
139.4080 139.6320 64
139.7600 140.1440 67
140.1760 140.2080 70
140.2400 141.3280 69
141.3600 141.4560 67
141.4880 142.0320 64
142.2560 142.9600 67
143.3760 143.4080 59
143.4400 143.6320 60
143.6640 143.7600 61
143.7920 144.0480 64
144.0800 144.1760 67
144.3040 144.5280 60
144.5600 144.9120 61
144.9440 145.1680 62
145.3600 145.5200 60
145.5520 145.7440 62
145.9040 146.5440 60
146.6720 147.0240 57
147.4400 147.5680 55
147.6000 147.6320 56
147.6640 147.7600 57
147.7920 147.7920 59
147.8240 147.8240 65
147.8560 148.0800 67
148.1120 148.2720 69
148.3040 150.1280 67
150.1600 150.3520 64
150.3840 150.4480 63
150.4800 150.7680 62
151.2160 151.3440 56
151.3760 151.4080 58
151.4400 151.4720 61
151.5040 151.6000 62
151.6320 151.8240 64
151.9520 152.1760 64
152.2080 152.4000 62
152.4320 152.5280 63
152.5600 152.6240 62
152.6560 152.8160 61
153.0080 154.6080 60
154.6400 155.5360 59
155.5680 155.6640 60
155.7920 156.1760 60
156.4320 156.8160 60
156.8480 156.9760 61
157.0080 157.3280 62
157.3600 157.4240 63
157.5520 157.9360 62
157.9680 158.2560 60
158.2880 158.3840 62
158.4160 158.4480 61
158.4800 158.5760 59
158.6080 158.6400 61
158.6720 158.9920 62
159.0240 159.7920 63
159.8240 160.2720 64
160.5280 160.5920 63
160.6240 160.8800 64
160.9120 161.2000 67
161.3920 161.4880 67
161.6160 161.7760 67
161.8080 162.1280 69
162.1600 162.2560 67
162.2880 162.7680 64
162.8000 163.1520 67
163.7280 164.0800 64
164.1120 164.3680 67
164.4000 164.4640 71
164.6880 164.9440 67
164.9760 166.0320 69
166.2240 166.6720 67
166.7040 167.4400 69
167.6000 168.0800 69
168.2080 168.4320 72
168.4640 168.8480 69
168.8800 168.9760 67
169.0080 169.1360 72
169.1680 171.4720 67
171.9200 172.1120 64
172.2720 172.4960 67
172.5280 172.5920 69
172.7840 173.1040 67
173.1360 173.9040 69
173.9360 174.0000 67
174.0320 174.7360 64
174.8640 175.0240 67
175.0560 175.2800 66
175.3120 175.5040 67
175.9840 176.2400 60
176.2720 176.3040 63
176.3360 176.7200 64
176.8480 177.0400 62
177.0720 177.4880 61
177.6160 177.7760 64
177.8080 177.8080 62
177.8400 178.1920 60
178.3840 178.6400 62
178.6720 178.8000 60
178.9280 179.4720 57
179.5040 179.6000 58
180.0800 180.1120 66
180.1440 180.6560 67
180.6880 181.3920 69
181.4240 181.4880 67
181.5200 181.6480 66
181.6800 182.2240 67
182.4160 182.6720 67
182.7040 183.1520 64
183.1840 183.4720 62
183.7280 183.8560 64
183.8880 183.9520 63
183.9840 184.4000 62
184.4320 184.7520 60
184.7840 184.8480 62
184.8800 185.0080 61
185.0720 185.0720 62
185.3280 185.3920 61
185.4240 188.5280 60
188.9760 189.3280 60
189.3600 189.5520 61
189.5840 189.9680 62
190.0960 190.4800 62
190.5120 190.8000 60
190.8320 190.9920 62
191.0240 191.1200 59
191.1520 191.5360 62
191.5680 192.4960 63
192.5280 192.8160 64
193.0720 193.1360 63
193.1680 193.4240 64
193.4560 193.5200 66
193.5520 193.7440 67
193.9360 194.0320 67
194.1600 194.3200 67
194.3520 194.7040 69
194.7360 194.8000 67
194.8320 195.2800 64
195.3120 195.6640 67
195.6960 195.6960 65
196.3040 196.6240 64
196.6560 196.9120 67
196.9440 197.0080 71
197.2000 197.3920 67
197.4240 197.4880 68
197.5200 198.5120 69
198.7680 199.1840 67
199.2160 199.9200 69
200.1440 200.5280 69
200.5600 200.6240 70
200.7520 200.9440 72
200.9760 201.3920 69
201.4240 201.5200 67
201.5520 201.6800 72
201.7120 203.9840 67
204.4640 204.6560 64
204.8160 205.0400 67
205.0720 205.1360 69
205.2960 205.5520 67
205.5840 205.6480 68
205.6800 206.4480 69
206.4800 206.5440 67
206.5760 206.7040 64
206.7360 206.8000 67
206.8320 207.2480 64
207.3760 208.0800 67
208.5280 208.7840 60
208.8160 209.3280 64
209.3600 210.1280 62
210.1600 210.3200 64
210.3520 210.7360 60
210.9280 211.1840 62
211.2160 211.3440 60
211.4720 212.1120 57
212.6240 212.7840 67
212.8160 212.9120 69
212.9440 213.2000 67
213.2320 213.9360 69
213.9680 214.7680 67
214.8000 214.8640 71
214.8960 215.2160 67
215.2480 215.6960 64
215.7280 216.0160 62
216.2720 216.4320 64
216.4640 216.9440 62
216.9760 217.2960 60
217.3280 217.5200 61
217.8720 219.6960 60
219.7280 220.8480 59
220.8800 221.8080 60
