20.8800 21.3920 59
21.4240 21.4560 60
21.4880 21.5200 63
21.5520 21.5840 65
21.6160 21.7760 66
22.0000 22.6720 68
22.7040 22.7680 67
22.8000 23.2480 66
23.3760 24.1440 71
25.0400 25.7120 59
25.7440 25.7760 61
25.8080 26.0000 63
26.2240 27.1200 63
27.1520 27.3760 64
27.5040 27.5680 62
27.6000 28.1120 61
28.8480 29.1040 61
29.3600 29.8400 59
29.8720 29.9360 62
29.9680 30.0320 66
30.0640 30.2560 68
30.4800 31.0880 68
31.2480 31.3120 67
31.3440 31.6000 68
31.6320 31.6640 66
31.6960 31.7280 63
31.7600 31.8240 62
31.8560 32.5280 61
33.5520 33.7760 59
33.8080 33.8720 60
33.9040 34.0320 62
34.1600 34.5440 68
34.6720 34.8320 68
35.0240 35.3120 68
35.4720 35.8560 69
36.0800 37.0720 66
37.6800 37.7760 59
37.9040 38.0000 59
38.4480 38.7680 66
38.9600 39.5360 68
39.7600 40.2400 66
40.2720 41.0400 71
41.9040 41.9680 59
42.1280 42.7040 59
42.7360 42.8000 62
42.8320 43.0240 63
43.2160 43.4400 63
43.4720 43.6960 62
43.7280 43.8240 63
44.0800 44.4640 63
46.3840 46.5760 59
46.7040 46.7680 60
46.9280 47.0560 66
47.0880 47.3120 68
47.5040 47.6960 68
47.7280 47.8880 67
47.9200 48.1440 68
48.3360 48.6240 61
48.6560 48.7200 62
48.8480 48.9120 62
48.9440 49.1040 63
49.1360 49.9680 64
50.6400 50.9600 61
50.9920 51.1200 62
51.1520 51.2160 66
51.2480 51.3760 67
51.4080 52.3680 68
52.4960 52.5920 68
52.6240 52.8480 69
52.8800 52.9120 68
52.9440 53.0720 67
53.1040 54.3840 66
55.4080 55.5360 67
55.5680 56.1440 68
56.1760 56.2400 67
56.2720 56.3040 65
56.3360 57.8720 64
58.9280 59.1840 62
59.2160 59.2800 64
59.3120 59.3760 65
59.4080 59.7280 66
59.7600 60.2400 67
60.4960 61.6800 64
62.8320 63.0240 59
63.0560 63.1520 60
63.3120 63.7600 64
63.8880 63.9520 64
63.9840 67.0560 66
67.6320 68.2400 64
68.2720 70.0640 66
71.8880 72.1760 59
72.2080 72.2720 60
72.4320 72.4320 65
72.4640 72.4640 67
72.4960 72.5600 70
72.5920 73.4560 71
73.7440 74.1280 64
74.2880 75.4400 66
76.0480 76.3360 63
76.3680 76.3680 61
76.6240 77.0080 63
77.2000 78.0960 63
78.1280 78.1600 65
78.1920 78.4800 66
78.5120 78.6720 65
78.7040 79.6320 64
80.3680 80.6880 59
80.7200 80.7840 60
80.9120 81.0400 67
81.0720 81.2960 68
81.4240 81.6800 69
81.7120 81.8400 68
81.8720 82.1280 69
82.2560 82.5440 62
82.8320 83.2800 63
84.1440 84.2400 59
84.2720 84.3360 60
84.6240 84.7520 68
84.7840 85.0080 69
85.1360 85.2640 68
85.2960 85.6480 69
85.6800 86.4480 68
86.4800 86.5440 67
86.5760 87.3120 66
87.3440 87.4400 67
87.4720 88.2400 68
88.5600 88.7520 59
88.7840 88.8160 60
88.8480 89.0080 61
89.1680 89.2640 60
89.3920 89.4240 67
89.4560 89.5200 70
89.5520 90.4800 71
90.8640 91.0880 64
91.1200 91.4400 65
91.4720 92.5600 66
93.6800 94.3200 63
94.4800 94.8000 63
94.9920 95.0880 65
95.1200 95.5040 66
95.5360 95.5680 65
95.6000 96.2400 64
97.1040 97.2640 59
97.2960 97.3280 60
97.3600 97.5520 61
97.5840 97.7120 60
97.9360 98.0320 67
98.0640 98.2880 68
98.4160 99.0880 69
99.8560 100.0800 63
101.1680 101.2000 69
101.2320 101.4240 71
101.4560 101.9680 69
102.1600 102.2880 67
102.3200 102.4800 68
102.5120 102.6080 67
102.8320 102.8960 65
102.9280 104.3360 64
111.4400 111.9200 68
112.2080 112.3040 67
112.9760 113.0080 63
113.1040 113.5520 63
113.5840 113.6800 64
114.5120 114.5440 64
114.5760 114.7040 65
114.8640 114.9280 65
115.0560 115.1200 64
115.1520 115.6960 63
115.7280 115.9840 64
116.0160 116.6880 63
119.1200 119.1840 66
119.4080 119.9520 67
120.1120 120.1760 68
120.4960 120.9440 66
121.1360 121.1360 63
121.2000 121.4240 64
121.4560 121.7760 63
121.8080 121.9360 64
122.0960 122.1280 67
122.1600 122.4480 68
122.5440 122.8640 67
123.1200 123.2480 67
123.2800 123.3440 68
123.6320 123.7920 68
127.3440 127.4400 68
129.5200 130.0320 61
130.0640 130.8320 60
133.2640 133.3920 60
133.7120 133.8720 60
134.3840 134.6720 60
143.9840 144.6560 59
144.6880 144.6880 63
144.7200 144.9440 66
145.1680 145.9680 68
146.0000 146.4480 66
146.5760 147.2160 71
148.2080 148.9120 59
148.9440 149.0080 62
149.0400 149.1360 63
149.3920 150.1600 63
150.4480 150.6400 63
150.6720 150.8640 64
150.9920 151.4400 61
152.5280 153.0720 59
153.1040 153.1680 63
153.2000 153.4240 68
153.6480 154.2560 68
154.4160 154.8960 68
154.9280 155.1520 63
155.1840 155.6000 61
155.7600 156.0480 61
156.8160 157.2320 59
157.3600 157.4560 66
157.4880 157.7440 68
157.9040 158.0960 68
158.2240 158.5440 68
158.7040 158.8000 68
158.8320 159.0560 69
159.2480 160.5280 66
161.1040 161.2640 59
161.3920 161.4560 59
161.6480 161.7120 63
161.7440 161.9360 66
162.1600 162.7680 68
162.9600 163.0240 67
163.0560 163.4720 66
163.5040 164.3360 71
165.0720 165.1680 59
165.3280 165.8720 59
165.9040 166.0640 63
166.2240 166.6400 63
166.6720 166.8000 61
166.8320 167.0240 63
167.2480 167.3440 63
167.3760 167.5360 64
167.7600 167.8560 62
167.8880 168.1120 61
169.5840 169.8720 59
169.9040 169.9680 60
170.0960 170.0960 63
170.1280 170.2560 67
170.2880 170.4800 68
170.6400 170.8640 68
170.8960 171.0240 67
171.0560 171.3120 68
171.4400 171.8240 62
172.0160 173.2000 64
173.8400 173.9680 61
174.0960 174.3200 61
174.3520 176.2400 68
176.2720 177.7760 66
178.5760 178.6720 67
178.7040 179.2800 68
179.3120 179.4400 66
179.4720 181.2640 64
182.0960 182.3200 62
182.3520 182.4800 64
182.5120 182.5760 65
182.6080 182.9280 66
182.9600 183.4720 67
183.6640 183.7280 65
183.7600 185.2320 64
185.6160 185.6800 62
186.1600 186.3200 61
186.5760 186.9920 64
187.1520 187.2480 65
187.2800 190.3840 66
190.5120 190.7680 65
190.8000 191.4080 64
191.4400 191.4720 65
191.5040 194.1920 66
195.0560 195.4720 59
195.6000 195.6000 66
195.6320 195.6960 69
195.7280 195.7600 70
195.7920 196.6560 71
196.6880 196.7520 70
196.9440 197.2960 64
197.4880 197.5200 64
197.5520 197.6160 65
197.6480 198.6400 66
199.1520 199.2800 60
199.3120 199.5360 63
199.5680 199.6000 61
199.6320 199.6640 60
199.8560 199.8880 61
199.9200 199.9520 62
199.9840 200.2400 63
200.3680 200.4320 64
200.4640 200.8480 63
200.8800 201.1360 65
201.1680 201.2960 64
201.3280 201.6480 66
201.7760 201.8720 65
201.9040 202.9280 64
202.9600 202.9920 63
203.5360 204.0800 59
204.1120 204.1120 65
204.1440 204.2400 67
204.2720 204.5600 68
204.5920 204.8480 69
204.8800 205.0400 68
205.0720 205.2960 69
205.3280 205.4560 62
205.4880 205.5840 61
205.6160 205.7440 60
205.7760 206.0000 61
206.2240 206.8640 63
207.3440 207.5360 59
207.8240 207.8560 67
207.8880 207.9520 68
207.9840 208.7840 69
208.8160 209.5840 68
209.6160 209.8400 67
209.8720 210.3840 66
210.4160 210.5440 67
210.5760 211.3440 68
211.7920 212.0160 59
212.0480 212.2080 61
212.5920 212.6560 69
212.6880 212.7200 70
212.7520 213.3600 71
213.3920 213.4880 70
213.5200 213.8080 71
213.8400 213.8400 69
214.0320 214.3520 64
214.3840 214.4480 65
214.7040 214.8000 65
214.8320 215.9840 66
216.7840 216.9440 62
216.9760 217.0720 63
217.1040 217.4240 64
217.6480 218.0000 64
218.1600 218.2560 65
218.2880 218.7040 66
218.7360 218.8000 65
218.8320 219.6320 64
220.3040 220.5280 59
220.5600 220.9440 61
221.1040 221.1680 67
221.2000 221.5520 68
221.5840 221.8400 69
221.8720 221.9680 68
222.0000 222.2240 69
222.4160 222.5120 62
222.5440 222.7040 61
222.9920 223.0560 64
223.0880 223.5360 63
224.3040 224.4000 70
224.4320 224.5600 71
224.5920 224.6880 70
224.7200 225.1040 69
225.2960 225.3920 67
225.4240 225.7760 68
225.9040 225.9680 65
226.0000 227.9520 64
234.3840 235.2480 68
235.2800 235.3440 67
235.4400 235.5680 66
236.2080 236.2080 63
236.3040 236.3360 63
236.3680 236.4320 64
236.5920 236.7520 63
236.7840 236.8480 64
237.2960 237.3600 64
237.5200 237.7760 64
237.8080 237.9040 65
238.0640 240.3680 63
242.4480 243.6000 55
243.6320 243.7600 54
243.9520 244.2080 54
244.4000 244.5600 55
244.5920 245.3600 56
245.3920 245.4560 55
245.4880 245.5200 54
246.1280 246.1920 54
246.3520 246.4480 55
246.4800 247.3760 56
247.5040 247.5680 56
251.4080 251.6960 58
253.0400 253.1680 60
254.0000 254.1600 60
254.4800 254.5440 60
258.7680 258.8640 60
274.2880 275.0880 65
288.3360 288.4640 65
288.8800 288.9760 66
293.3600 293.4560 69
295.8560 296.0160 70
298.0000 298.4160 68
298.4480 299.2160 69
299.4400 299.6320 69
299.6640 299.6960 68
306.4480 306.8000 60
306.9920 307.6320 60
313.5520 313.6800 59
314.4160 314.6080 64
314.6400 314.6720 65
314.7040 317.3600 66
318.2560 318.6080 59
318.6400 318.7680 60
318.8000 318.8000 65
318.8320 318.9280 69
318.9600 318.9920 70
319.0240 319.9840 71
320.1760 320.4960 64
320.6880 320.8160 64
320.8480 321.8400 66
322.3840 322.5120 61
322.5440 322.7680 63
322.8000 322.8640 60
323.0560 323.0880 61
323.1200 323.4400 63
323.5680 323.6320 64
323.6640 324.0480 63
324.0800 324.4960 65
324.5280 324.9120 66
324.9440 325.0720 65
325.1040 326.1280 64
326.1600 326.1920 63
326.7360 327.2800 59
327.3120 327.3120 65
327.3440 327.7920 68
327.8240 328.0480 69
328.0800 328.2400 68
328.2720 328.4960 69
328.6240 328.6880 62
328.7200 329.2000 61
329.4240 330.0640 63
330.5760 330.7360 59
331.0240 331.1520 68
331.1840 332.0160 69
332.0480 332.8160 68
332.8480 333.0400 67
333.0720 333.6480 66
333.6800 333.7440 67
333.7760 334.5760 68
334.9920 335.1520 59
335.1840 335.4080 61
335.7600 335.7600 67
335.7920 335.9200 69
335.9520 337.0080 71
337.1680 337.6480 64
337.9040 339.1840 66
340.0160 340.2720 62
340.3040 340.6240 64
340.8480 341.2320 63
341.3600 341.4880 65
341.5200 341.9360 66
341.9680 342.8320 64
343.5040 343.6960 59
343.7280 343.7600 60
343.7920 344.1440 61
344.3040 344.3680 67
344.4000 344.7520 68
344.7840 345.4240 69
345.6160 345.9040 62
346.1920 346.2560 64
346.2880 346.8320 63
347.4720 347.6320 70
347.6640 347.7600 71
347.7920 347.8240 70
347.9520 348.3040 69
348.4960 348.5920 67
348.6240 348.9760 68
349.1360 351.4080 64
351.9840 352.1440 59
352.1760 352.2400 60
352.2720 352.4640 61
352.4960 352.6240 60
352.8480 352.9120 67
352.9440 353.2640 68
353.2960 353.5520 69
353.5840 353.6800 68
353.7120 353.9680 69
354.1600 354.4800 62
356.7200 356.7840 66
356.8160 356.8800 67
358.2880 358.3200 69
358.3520 358.7360 70
358.7680 359.1840 69
359.4400 359.5680 67
359.6000 359.7280 68
359.7600 359.8880 67
360.1440 360.2080 65
360.2400 362.8000 64
362.8320 362.9920 65
