32.5280 32.5600 56
32.5920 32.7200 59
32.7520 32.9440 61
32.9760 33.1360 62
33.1680 33.2320 64
33.2640 33.3280 66
33.4560 33.7760 66
33.8080 33.8080 64
33.8400 33.8400 61
33.8720 34.0640 59
34.0960 34.2880 61
34.3200 34.9280 62
36.2080 36.2720 56
36.3040 36.3360 57
36.3680 36.5920 59
36.6240 36.7520 61
36.8800 36.9760 63
37.0080 37.4240 64
37.4560 37.4560 62
37.7760 37.8720 59
38.0000 38.8320 61
39.7920 39.9520 59
39.9840 40.1760 61
40.2080 40.3360 62
40.4640 41.0080 66
41.2000 41.3280 59
41.3600 41.4560 61
41.5840 42.4480 62
43.4080 43.6000 57
43.6320 43.8560 59
43.8880 44.0800 61
44.1120 44.7520 64
44.7840 44.7840 60
44.8160 45.0080 57
45.0400 45.4240 59
45.4560 46.3840 61
47.0880 47.0880 56
47.1200 47.2800 59
47.3120 47.7600 62
47.7920 48.2400 66
48.4640 48.6560 59
48.6880 49.5200 62
49.5520 49.9040 59
50.7040 50.8640 56
50.8960 51.2160 59
51.3760 51.4720 64
51.6640 51.9200 64
52.1120 52.2720 57
52.3040 52.4000 59
52.5280 53.4240 61
54.3840 54.4800 58
54.5120 54.6720 61
54.8000 54.9600 62
54.9920 55.0880 66
55.2480 55.6000 66
55.7280 55.7920 59
55.9200 56.0480 61
56.2080 56.9760 62
58.0000 58.1600 57
58.1920 58.3840 59
58.4160 58.7040 61
58.7360 59.2480 64
59.2800 59.2800 62
59.4080 59.6960 59
59.8240 59.9840 59
60.0160 61.2960 61
76.2080 76.3360 59
76.3680 76.5280 61
76.5600 76.7840 62
76.8160 76.8480 65
76.8800 77.4240 66
77.4560 77.4560 64
77.4880 77.4880 61
77.5200 77.6160 59
77.6480 77.6800 60
77.7120 77.9040 61
77.9360 78.7680 62
79.8560 79.9200 57
79.9520 79.9840 58
80.0160 80.2080 59
80.2400 80.4320 61
80.4640 80.5920 63
80.7200 81.0720 64
81.1040 81.1040 62
81.1360 81.3920 57
81.4240 81.5840 59
81.6160 82.7040 61
83.5040 83.6320 59
83.6640 83.8560 61
83.8880 84.1120 62
84.1440 84.6880 66
84.8480 85.0080 59
85.0400 85.2320 61
85.2640 85.4880 62
85.5200 85.9040 59
87.1200 87.2480 57
87.2800 87.3760 59
87.5680 87.6960 61
87.8240 88.3040 64
88.4320 88.6240 57
88.6560 88.7520 59
88.9120 89.9360 61
90.6080 90.8320 59
90.8640 91.0880 61
91.1200 91.3120 62
91.3440 91.4720 66
91.6000 91.9520 66
91.9840 91.9840 63
92.0160 92.2400 59
92.2720 92.4960 61
92.5280 93.5840 62
94.3520 94.5120 57
94.5440 94.6400 59
94.8320 94.9280 61
94.9600 95.5040 64
95.6640 95.8240 57
95.8560 95.8880 58
95.9200 96.0480 59
96.2080 96.8800 61
96.9120 97.0400 62
97.0720 97.1680 63
97.2000 97.4240 64
97.4560 97.4880 63
97.5200 97.5520 62
98.0000 98.1920 59
98.2240 98.3520 61
98.3840 98.6080 62
98.6400 98.6720 65
98.7040 99.2480 66
99.2800 99.2800 62
99.3120 99.5040 59
99.5360 99.6960 61
99.7280 100.8480 62
101.6800 101.7760 56
101.8080 102.0320 59
102.0640 102.2560 61
102.2880 102.7680 64
102.8000 102.8960 63
102.9280 102.9920 60
103.0240 103.1200 57
103.1520 103.5680 59
103.6000 104.2400 61
105.3600 105.6800 62
105.7120 105.7120 65
105.7440 105.7440 67
105.7760 109.0720 69
109.2000 109.2960 62
109.4880 111.1520 64
111.1840 111.6320 62
111.6640 111.7920 61
112.4960 112.5280 61
112.5600 112.6880 62
112.8480 113.0080 68
113.0400 116.0480 69
116.2080 116.4000 67
116.5280 116.7840 67
116.8160 118.3520 66
118.3840 118.4800 65
118.5120 118.5760 64
118.6080 118.6720 62
118.7040 118.8320 61
118.8640 119.1200 62
119.3440 119.5680 65
119.6000 120.0800 62
120.1120 120.2400 67
120.2720 123.2800 69
123.5040 123.6960 62
123.7280 125.2000 64
125.2320 126.2880 66
126.3840 126.3840 67
126.4480 126.5760 67
127.1200 127.3120 60
127.3440 127.5360 67
127.5680 130.6400 69
130.7680 130.9920 67
131.0240 131.1840 66
131.2160 131.3120 67
131.3440 133.2320 66
133.3600 133.8400 61
134.1280 134.2560 56
134.2880 134.2880 58
134.3200 134.4160 64
134.4480 134.6080 66
134.8320 135.6960 66
136.1440 136.7840 64
138.0000 138.1600 59
138.1920 138.3840 61
138.4160 138.5760 62
138.6080 138.7040 66
138.8960 139.2160 66
139.2480 139.2480 64
139.2800 139.5040 59
139.5360 139.6960 61
139.7280 140.2400 62
141.7120 141.8720 58
141.9040 142.0320 59
142.0640 142.2560 61
142.2880 142.3200 62
142.3520 142.8640 64
142.8960 142.9280 59
142.9600 143.1840 57
143.2160 143.6000 59
143.6320 144.2080 61
144.2400 144.3680 62
144.6240 144.6880 62
145.2000 145.3280 59
145.4560 145.6480 61
145.6800 145.9680 62
146.0000 146.4800 66
146.6080 146.6400 58
146.6720 146.8320 59
146.8640 147.0880 61
147.1200 147.9200 62
148.8800 148.9440 56
149.0720 149.2640 59
149.2960 149.5520 61
149.5840 149.6480 63
149.6800 149.9680 64
150.0000 150.0320 63
150.1920 150.4160 57
150.4480 150.5760 59
150.7040 150.7680 59
150.8000 150.8320 60
150.8640 151.4720 61
152.4960 152.6240 59
152.6560 152.8800 61
152.9120 153.0720 62
153.1040 153.1360 65
153.1680 153.7760 66
153.8080 153.8080 64
153.8400 153.8400 62
153.8720 154.0640 59
154.0960 154.2560 61
154.2880 155.0560 62
155.0880 155.2160 61
156.0480 156.0800 56
156.1120 156.2400 57
156.2720 156.3040 58
156.3360 156.5280 59
156.5600 156.6880 61
156.7200 156.7520 62
156.7840 157.3920 64
157.4240 157.9360 59
157.9680 158.9280 61
159.7600 159.8560 59
159.8880 160.1120 61
160.1440 160.3040 62
160.3360 160.3680 63
160.4000 161.0720 66
161.1040 161.1040 62
161.1360 161.2640 59
161.2960 161.4880 61
161.5200 162.3840 62
162.4160 162.4480 63
162.4800 162.5120 64
162.5440 162.5760 65
162.6080 162.6720 66
163.4400 163.5680 57
163.6000 163.8560 59
163.8880 164.0160 61
164.0480 164.0800 63
164.1120 164.6560 64
164.6880 164.7200 62
164.7520 164.9760 58
165.0080 165.2000 59
165.2320 165.2960 60
165.3280 166.3200 61
170.4480 171.3120 64
172.7520 173.1040 56
174.2880 174.8000 56
174.8320 175.7920 57
176.1120 176.6880 56
176.7200 176.8160 57
177.1360 177.1360 68
177.1680 177.2000 72
177.2320 177.9680 73
178.0000 178.2880 69
178.3200 179.6640 66
180.2720 180.4000 64
180.7200 180.7840 66
180.8160 180.9440 62
180.9760 181.1360 61
181.3280 181.6160 61
182.5440 182.6080 58
182.8000 182.9280 57
183.4400 183.5360 57
183.8240 184.0160 62
184.0480 184.5920 66
184.6240 184.8800 62
185.2320 185.6480 59
186.9280 187.1520 66
188.0480 188.2720 71
188.5280 188.6880 68
188.8160 189.2320 68
189.2640 189.4240 67
189.4560 189.4880 68
189.5200 190.0640 69
190.0960 190.3200 68
190.3520 190.3840 67
190.4160 191.2480 66
191.2800 191.3760 67
191.4080 191.4720 66
191.5040 191.5360 65
191.5680 191.6640 64
191.6960 191.7920 63
193.5200 193.6480 57
194.1280 194.1920 57
199.9520 200.2080 62
200.2400 200.2720 66
200.3040 200.3680 67
200.4000 202.0640 69
203.6000 203.7600 62
203.9840 204.0160 63
204.0480 205.6800 64
207.1520 207.2480 62
207.4400 207.4720 67
207.5040 207.6000 68
207.6320 210.3200 69
210.6720 210.8000 66
210.8320 210.9280 67
211.1520 211.4080 67
211.4400 213.3600 66
214.4160 214.5120 61
214.5440 214.6720 62
214.7040 214.7040 65
214.7360 214.8320 67
214.8640 217.9360 69
218.0640 218.1280 62
218.1600 218.1920 63
218.2240 219.7600 64
219.7920 219.8240 65
219.8560 219.9200 67
219.9520 220.6560 66
220.6880 220.7840 65
220.8160 220.9120 66
221.5840 221.8080 62
221.9360 222.0640 67
222.0960 225.0080 69
225.0400 225.2320 70
225.2640 225.3280 74
225.3600 225.5200 67
225.5520 225.6800 66
225.7120 225.8400 67
225.8720 228.3040 66
228.7840 228.8160 61
228.8480 229.0400 62
229.0720 229.1680 63
229.2000 229.2000 65
229.2320 229.3920 68
229.4240 232.2400 69
232.2720 232.2720 62
232.5920 232.6240 62
232.6560 232.7840 63
232.8160 233.8400 64
233.8720 234.0320 63
234.0640 234.1280 64
236.1760 236.3040 62
236.3360 236.4000 66
236.4320 236.5920 67
236.6240 239.8240 69
239.8560 239.9520 71
239.9840 240.0160 69
240.0480 240.0800 67
240.1120 240.2400 66
240.2720 240.3680 67
240.4000 242.6720 66
242.7040 242.7360 65
243.6640 243.8240 69
243.8560 246.7360 70
246.7680 246.8320 67
246.9920 247.0880 62
247.1200 247.2160 63
247.2480 249.0400 65
249.0720 249.6160 67
249.6480 249.7440 66
250.4800 250.5120 70
250.5440 250.6080 71
250.6400 250.7680 72
250.9600 251.0240 68
251.0560 253.9360 70
253.9680 254.1600 69
254.1920 254.3840 67
254.4160 254.5760 68
254.6080 257.1360 67
257.6160 257.6800 56
257.7120 257.7760 57
257.9040 258.0320 65
258.0640 259.6000 67
259.6320 259.8560 68
259.8880 260.0480 67
260.2720 260.4640 64
260.4960 262.0640 65
263.4720 263.6000 60
263.6320 263.8560 62
263.8880 264.0480 63
264.0800 264.2080 67
264.3360 264.6560 67
264.8480 264.9440 60
264.9760 265.1360 62
265.2960 265.8720 63
267.0880 267.2480 58
267.2800 267.4080 60
267.5360 267.6640 62
267.7920 267.8560 65
267.9840 268.3360 65
268.3680 268.5280 58
268.6880 268.7840 60
268.9440 269.6800 62
270.7360 270.8000 59
270.9280 271.2800 63
271.4080 271.9840 67
272.0160 272.0160 64
272.0480 272.1760 61
272.3360 272.4320 62
272.5920 273.2960 63
274.3200 274.5120 58
274.5440 274.7360 60
274.7680 275.0240 62
275.0560 275.1520 65
275.3120 275.5680 65
275.7600 275.9840 58
276.0160 276.2080 60
276.4000 276.4640 60
276.4960 277.1680 62
278.4800 280.1760 63
282.0320 282.5440 61
282.5760 283.4080 58
285.7120 286.0640 63
