13.4560 13.5200 59
13.9680 14.2560 59
14.3840 14.6400 59
14.8000 14.9600 59
15.2480 16.4000 59
18.7360 18.8320 54
18.8640 18.9280 55
19.1200 19.5680 56
19.8560 19.9840 54
20.2400 20.7200 54
21.8400 21.9680 49
22.2240 22.6080 51
22.6400 22.8640 52
23.3120 23.6320 52
23.8880 24.0160 52
24.0480 24.2080 53
24.4960 24.8800 51
26.7680 26.8640 49
27.1520 27.3440 51
27.5360 27.8880 52
27.9200 28.0800 51
28.7840 29.0720 49
29.1040 29.2320 50
29.2640 29.4560 51
29.6800 30.0320 52
30.7360 30.8640 54
30.8960 30.9280 55
30.9600 31.1200 56
31.2800 31.5040 56
31.5360 31.8240 55
31.8560 31.9840 56
32.2400 32.5280 54
32.8160 33.1680 54
35.5360 35.6000 53
35.6320 35.6960 55
35.8240 36.4960 56
36.6240 37.6480 59
37.6800 37.8720 61
37.9040 37.9360 60
38.7040 38.7040 53
38.7360 38.7360 55
38.7680 38.8640 58
38.9920 39.4400 59
39.4720 39.6320 61
39.7920 39.9840 61
40.1120 40.2080 59
40.2400 40.2720 60
40.3040 40.4000 61
40.5920 40.6560 59
40.6880 40.9760 58
41.2320 41.4240 59
41.4560 41.4880 60
41.5200 41.6160 61
41.6480 41.6800 60
41.7120 42.0320 59
42.0640 42.0960 58
42.8960 43.0240 49
43.1840 43.4400 51
43.4720 43.7600 52
43.8880 44.3680 54
44.4000 44.6560 56
45.2320 45.3600 54
45.5200 45.6800 54
45.7120 46.0000 56
46.0320 46.3520 59
46.5440 46.8000 61
46.8320 47.0880 63
47.4720 48.5600 59
48.5920 49.6800 61
51.0560 51.4400 59
51.6000 51.7280 66
51.7600 51.7600 63
51.7920 52.0800 61
52.1120 52.2720 63
52.4320 52.5280 61
52.7200 52.8800 61
52.9120 53.4880 59
53.7120 54.2560 61
55.2800 55.6320 58
55.7920 56.3040 59
56.3360 56.7520 61
56.9440 57.0720 59
57.1040 57.2960 61
57.4880 57.8080 58
58.0000 58.1600 61
58.1920 58.6080 59
59.4080 59.6000 59
59.7280 59.9520 61
59.9840 60.1760 66
60.2080 60.5280 61
60.5600 60.6560 63
60.7840 61.2000 61
61.3600 61.5520 61
61.5840 61.5840 59
61.8080 61.9680 54
62.3200 62.5120 61
62.5440 62.7360 63
62.7680 63.0240 61
63.1840 63.4720 61
63.5040 63.5040 59
63.6640 64.0800 54
64.2080 64.4640 61
64.4960 65.1040 63
67.8880 68.1440 59
68.1760 68.2720 61
68.4320 68.5600 66
68.5920 68.5920 64
68.6240 68.9120 61
68.9440 69.0720 63
69.2000 69.3600 61
69.5200 69.6800 61
69.7120 70.2880 59
70.5760 71.2160 61
72.0800 72.5600 58
72.5920 72.8160 59
72.8480 72.8800 63
72.9120 73.1040 65
73.1360 73.5200 66
73.7440 73.8720 64
73.9040 74.1600 65
74.2880 74.6400 58
74.8000 74.9920 61
75.0240 75.6320 59
76.3040 76.5600 59
76.5920 76.7520 61
76.7840 76.9440 66
76.9760 76.9760 63
77.0080 77.1040 59
77.1360 77.2640 61
77.2960 77.3280 62
77.3600 77.4560 63
77.4880 77.7440 61
77.9680 78.0640 59
78.0960 78.2560 61
78.4800 78.6720 59
78.9920 79.1200 58
79.1520 79.3440 59
79.3760 79.4080 58
79.4400 79.4720 57
79.6000 79.7280 57
79.7600 79.9520 58
80.6240 80.7840 56
81.0720 81.5200 58
81.7120 82.0000 58
82.0320 83.5360 59
84.7200 84.9760 59
85.0080 85.1360 61
85.2640 85.4240 66
85.4560 85.4560 63
85.4880 85.7120 61
85.7440 85.7760 62
85.8080 85.9040 63
86.0960 86.2240 61
86.4160 86.5760 61
86.6080 86.7680 59
86.8000 86.8960 58
86.9280 87.1200 59
87.4400 88.0480 61
88.9120 89.3920 58
89.4240 89.9040 59
89.9360 90.3200 61
90.5440 90.7360 59
90.7680 90.9600 61
90.9920 91.5680 58
91.6000 91.7920 59
91.8240 91.9840 61
92.0160 92.5280 59
93.1040 93.3600 59
93.3920 93.6160 61
93.6480 93.8080 66
94.0640 94.0960 61
94.1280 94.1920 62
94.2240 94.3520 63
94.3840 94.4800 60
94.5120 95.0240 61
95.0560 95.0880 60
95.3120 95.5040 54
96.0480 96.2080 61
96.2400 96.2720 62
96.3040 96.4320 63
96.4640 96.7520 61
96.7840 96.7840 58
96.8160 97.2640 54
97.3920 97.4560 61
97.4880 97.8080 63
97.9360 98.2560 61
98.2880 99.6320 63
101.5840 101.7120 59
101.8400 102.0320 61
102.0640 102.0640 64
102.0960 102.2240 66
102.4160 102.4480 61
102.4800 102.5760 62
102.6080 102.7360 63
102.7680 103.3760 61
103.4080 103.9520 59
104.2400 104.4320 61
104.4640 104.6240 63
104.6560 104.6880 62
104.7200 105.3280 61
105.8080 105.9360 58
106.0640 106.2880 58
106.3200 106.5440 59
106.5760 106.6080 62
106.6400 106.7680 65
106.8000 107.2480 66
107.2800 107.5680 64
107.6000 107.7600 66
107.7920 108.1120 57
108.1440 108.2400 58
108.4960 108.6560 59
108.6880 108.8480 61
108.8800 109.4560 59
110.0000 110.1280 59
110.2880 110.4160 61
110.4480 110.4800 62
110.5120 110.5440 65
110.5760 110.6720 66
110.8320 110.9280 61
110.9600 111.2160 63
111.2480 111.4720 61
111.5040 111.7600 60
111.7920 111.9840 61
112.1440 112.5280 59
112.6560 112.8160 58
112.8480 113.0400 59
113.2640 113.5520 57
113.5840 113.7760 58
114.9600 115.0560 54
115.0880 115.3760 56
115.4720 115.6960 58
115.9840 116.6880 59
116.8160 117.0080 59
139.6960 139.9200 59
141.7760 141.8400 59
143.6960 143.7600 59
148.2400 148.3040 59
149.9360 150.0000 55
150.8640 151.0560 56
151.2160 151.8240 56
152.0800 152.3680 61
152.4000 152.5280 63
152.6560 152.8800 68
152.9120 153.2320 63
153.2640 153.3920 65
153.4240 153.9360 63
153.9680 154.6080 61
154.8320 155.6320 63
156.3360 156.7200 60
156.8800 157.0080 61
157.0400 157.1040 59
157.1360 157.3920 61
157.4240 157.8080 63
157.9360 158.0960 61
158.1280 158.2880 63
158.4480 158.8000 60
158.9600 159.1840 61
159.2160 159.3440 63
159.3760 159.8880 61
160.4320 160.7200 61
160.7520 160.9760 63
161.0080 161.2000 68
161.2320 161.5840 63
161.6160 161.7440 65
161.8720 162.2560 63
162.4160 162.6080 63
162.8320 163.0560 56
163.3440 163.3760 60
163.4080 163.6640 63
163.6960 163.7920 65
163.8240 164.1120 63
164.2400 164.4960 63
164.7200 165.0720 56
165.2320 165.7440 63
165.7760 166.8960 65
166.9280 167.3760 63
167.4080 168.2080 65
168.2400 168.3680 64
168.9120 169.2000 61
169.2320 169.3280 63
169.4880 169.6800 68
169.7120 170.0000 63
170.0320 170.1600 65
170.1920 170.7360 63
170.7680 171.3760 61
171.6000 171.9200 63
171.9520 172.0800 65
172.1120 172.7840 63
173.1360 173.8720 60
173.9040 173.9680 62
174.0000 174.1600 66
174.1920 174.5760 68
174.8000 174.9600 66
174.9920 175.1840 68
175.2160 175.5680 60
175.6000 175.6000 57
175.7920 176.0160 63
176.0480 176.9440 61
177.3280 177.5840 61
177.6160 177.8080 63
177.8400 178.0320 68
178.0640 178.3840 63
178.4160 178.6080 65
178.6400 178.8000 63
178.9920 179.1200 61
179.1520 179.3120 63
179.3440 179.7600 61
179.9840 180.0160 59
180.0480 180.1760 60
180.2080 180.4320 61
180.4640 180.5280 58
180.5600 180.7200 59
180.7520 181.0080 60
181.0400 181.1040 59
181.5520 181.6800 58
181.9040 182.1280 60
182.3520 182.3840 62
182.4160 182.6080 61
182.6400 182.7360 63
182.7680 182.8640 62
182.8960 183.3120 61
183.6320 183.6320 60
183.6640 183.6960 62
183.7280 183.8560 63
183.8880 184.0480 62
184.0800 184.1760 68
184.2080 184.5280 64
184.5600 185.2960 65
185.3280 185.3600 63
185.7440 185.7760 60
185.8080 185.9680 61
186.0000 186.0320 62
186.0640 186.2240 63
186.2560 186.4480 68
186.4800 186.5120 65
186.5440 186.7040 63
186.7360 186.9920 65
187.0240 187.2160 63
187.3760 187.5360 63
187.5680 187.6000 62
187.6320 188.1440 61
188.4320 189.0720 63
189.1040 189.1360 62
189.9680 190.4480 60
190.4800 190.9280 61
190.9600 191.0240 62
191.0560 191.4720 63
191.5040 191.5680 60
191.6000 191.7920 61
191.8240 191.9840 63
192.0160 192.1120 59
192.1440 192.6560 60
192.6880 192.8800 62
192.9120 193.1360 63
193.1680 193.8080 61
194.1280 194.4480 61
194.4800 194.6400 63
194.6720 194.8640 68
195.0560 195.1840 63
195.2160 195.3760 65
195.4080 196.0160 63
196.3040 196.5920 57
197.0720 197.3280 63
197.3600 197.4880 65
197.5200 197.7440 63
197.7760 197.8080 59
197.8400 198.2880 56
198.3840 198.3840 59
198.4160 198.6080 65
198.6400 198.8960 66
198.9280 198.9920 69
199.0240 199.1840 65
199.2160 199.6320 66
199.6640 199.8880 68
199.9200 200.8160 65
200.8480 201.0720 63
201.1040 201.5840 65
201.6160 201.6800 64
201.7120 201.7760 63
202.6400 202.7680 61
202.8960 203.0880 63
203.1200 203.3120 68
203.3440 203.6640 63
203.6960 203.7920 65
203.8240 204.2080 62
204.2400 204.4320 63
204.4640 205.0400 61
205.2320 205.5200 63
205.5520 205.9680 65
206.0000 206.4480 63
206.8320 206.9600 60
207.0880 207.3120 60
207.3440 207.6000 61
207.6320 207.7920 66
207.8240 208.2400 68
208.3680 208.5600 66
208.5920 208.6880 68
208.7200 208.7520 67
208.8800 209.2640 60
209.4240 209.4880 62
209.5200 209.6480 61
209.6800 210.2240 63
210.2560 210.7680 61
210.8000 210.8640 63
211.0880 211.1840 61
211.3440 211.5360 62
211.5680 211.6960 68
211.8240 212.0480 63
212.0800 212.2080 65
212.2400 212.4960 63
212.6240 212.7520 62
212.7840 213.0400 63
213.1680 213.5200 61
213.6800 213.8400 60
213.8720 214.0960 61
214.1280 214.9600 60
216.0160 216.1120 55
216.1440 216.3680 58
216.4960 216.6880 60
217.0080 217.9040 61
219.5360 219.6960 61
219.8240 220.0480 63
220.0800 220.2720 67
220.4320 220.5920 63
220.6240 220.7520 65
220.7840 221.1040 63
221.2640 221.6480 62
221.6800 221.9680 61
222.2880 222.4160 60
222.4480 222.6720 61
222.8640 222.9920 58
223.0240 223.3760 60
224.5280 224.6560 56
224.6880 224.7200 57
224.7520 225.0080 58
225.4240 225.5840 60
226.0320 226.2880 60
226.3200 226.9280 61
