17.5520 17.7120 59
17.7440 17.8720 60
18.0000 18.3840 60
18.4160 18.4800 59
18.5120 18.6720 58
18.7040 18.8000 59
19.0240 19.3760 59
19.4080 19.7600 58
19.9200 20.4640 57
20.7520 21.5200 55
25.0400 25.1040 59
25.2320 25.8080 60
25.9360 26.0640 60
26.0960 26.2880 62
26.6400 26.8000 62
26.8320 29.1360 64
32.3360 33.4880 60
33.5200 34.1600 62
34.1920 34.4800 65
34.5120 34.7040 67
35.0560 35.2480 62
35.2800 35.5040 64
35.5360 35.8560 65
35.8880 36.0160 64
36.5920 37.7760 60
39.8240 40.8800 60
40.9120 42.0320 62
42.0640 43.3440 60
47.0880 47.2160 59
47.2480 47.4400 60
47.5680 47.9520 60
48.0800 48.5920 59
48.7200 49.3280 59
49.4560 49.5840 57
49.7440 49.9680 57
50.1600 50.8960 55
54.6400 55.6000 60
55.6320 55.7600 62
56.0800 56.3360 62
56.3680 56.4000 63
56.4320 56.6880 64
56.8480 57.2000 65
57.2320 58.6400 64
61.8720 61.9680 58
62.0000 62.0960 59
62.1280 62.6400 60
62.8320 63.0880 60
63.1200 63.5040 62
63.6640 63.7280 63
63.7600 64.0160 65
64.0480 64.2400 67
64.6240 64.7840 62
64.8160 65.5520 64
65.8720 67.4080 60
69.2640 70.3840 60
70.4160 70.6080 62
70.7360 70.8960 62
71.0240 71.4720 62
71.7600 72.8480 60
75.7600 75.8880 57
75.9200 76.1440 59
76.1760 77.4240 60
77.5840 77.7120 57
77.7440 78.1600 59
78.2880 78.4480 62
78.7360 78.9280 57
78.9600 79.1200 59
79.1520 79.2480 57
79.4720 79.7920 55
79.9200 80.2720 55
80.5600 82.2560 64
83.1520 83.2480 58
83.2800 84.7520 60
84.9440 85.1360 57
85.1680 85.3600 59
85.3920 85.6480 60
85.6800 85.8720 62
86.1280 86.2560 58
86.2880 86.5120 59
86.5440 86.7040 57
86.8320 87.6320 55
87.9840 88.2400 65
88.2720 88.4320 67
88.7200 89.1040 62
89.1360 89.6800 64
90.4800 91.0880 64
91.2160 91.6320 65
91.9520 93.9360 60
94.2560 94.8000 56
95.1840 95.3120 57
95.3440 95.6960 59
95.8880 96.4320 60
97.6160 97.6800 55
97.9040 98.0320 57
98.0640 98.4160 60
98.6400 98.8640 60
99.1200 99.5680 57
99.6960 99.8240 60
99.8560 100.9760 62
101.1360 101.2960 60
101.4880 103.3760 60
106.1920 106.6720 60
106.8000 106.9600 60
107.2800 107.9200 59
107.9520 108.1440 58
108.1760 108.3040 59
108.7840 108.9440 57
109.2320 109.8080 55
110.7040 110.7680 55
113.6800 114.3520 60
114.5440 114.6080 60
114.6400 114.8320 62
114.9920 115.1200 64
115.1520 115.4080 62
115.4400 115.4720 63
115.5040 115.7280 64
115.8880 116.1760 65
116.2080 117.8720 64
118.3200 118.4800 62
118.5440 118.8320 63
118.8640 119.0560 60
119.0880 119.6000 59
119.6640 119.7920 59
121.0720 121.6800 60
121.9040 122.1600 60
122.1920 122.5760 62
122.7680 123.1200 65
123.1520 123.3760 67
123.7280 123.8880 62
123.9200 124.0800 64
124.2400 124.4640 65
124.4960 124.8160 64
125.2320 126.2560 60
128.4000 129.3920 60
129.4240 129.8400 62
130.0320 130.6400 62
130.6720 131.9840 60
134.8320 136.4640 60
136.6880 136.8480 57
136.8800 137.0720 59
137.1040 137.2320 60
137.3600 137.6480 62
137.8400 137.9360 57
137.9680 138.2240 59
138.2560 138.3520 57
138.5760 139.3120 55
139.6960 141.4560 64
142.1920 142.4160 59
142.4480 143.8560 60
144.0160 144.1760 57
144.2080 144.2400 58
144.2720 144.4640 59
144.4960 144.6560 60
144.6880 144.9760 62
145.2000 145.3600 57
145.3920 145.6800 59
145.7120 145.8080 57
145.9360 146.7360 55
147.0880 147.3120 65
147.3440 147.5680 67
147.8560 148.2080 62
148.2400 148.7520 64
149.5840 150.2240 64
150.3520 150.7040 65
151.0240 153.0080 60
153.2960 153.6480 56
153.7760 153.8720 56
154.2560 154.3840 57
154.4160 154.7680 59
155.0560 155.7280 60
156.7200 156.7840 55
156.9760 157.1040 57
157.1360 157.5200 60
157.7120 157.9360 60
158.2560 158.6400 57
158.8000 158.9280 60
158.9600 158.9920 61
159.0240 159.9840 62
160.1760 160.3040 60
160.4960 161.5200 60
164.4000 164.4960 59
164.5280 164.9120 60
165.1040 165.1680 59
165.2000 165.6480 57
165.6800 166.6080 60
166.6400 166.7360 62
166.9280 167.4400 62
167.6000 167.6960 62
168.0800 168.1760 60
168.2080 168.6240 62
168.8480 169.3600 59
169.3920 170.3520 62
170.3840 171.1520 64
172.1760 172.5280 60
172.6560 173.4240 60
173.5840 173.7440 57
173.7760 173.9360 59
174.0640 174.2560 60
174.5120 174.7040 62
175.2160 175.6640 57
175.9840 177.2000 55
179.1200 179.2480 57
179.2800 179.4080 60
179.6000 179.7920 60
180.5280 181.1360 60
181.2640 181.3920 60
181.4240 181.5520 62
181.6800 182.2560 62
182.8000 182.9280 60
182.9600 183.1520 62
183.2800 183.4400 62
183.4720 184.1760 59
184.2080 184.4640 62
184.6240 184.7840 62
184.9440 185.0400 62
185.0720 185.2320 64
185.3920 185.5520 62
185.5840 185.7760 64
185.8080 186.2240 62
186.2560 186.4480 60
186.9920 187.2480 60
187.4080 188.9120 60
188.9440 189.2320 62
189.3600 189.5200 60
189.7760 189.8720 60
189.9040 191.7280 62
191.9840 192.2400 65
192.2720 192.9440 67
192.9760 194.3200 68
194.4800 194.5440 67
194.5760 195.5680 61
195.7280 195.8880 59
195.9200 196.0800 60
196.2400 196.2720 61
196.4640 196.6560 63
196.9120 197.0080 58
197.0400 197.3280 60
197.7760 197.9040 56
198.0320 198.1280 56
198.6080 198.7360 59
198.7680 199.1200 66
199.3760 200.0800 65
200.1120 200.2080 63
201.2960 201.4560 60
201.4880 202.9600 61
203.1200 203.1840 58
203.2160 203.2480 59
203.2800 203.5680 60
203.6000 203.7280 61
203.7600 204.0480 63
204.2720 204.6240 60
204.6560 204.8160 58
204.9440 205.7760 56
206.1600 206.3840 66
206.4160 206.4480 67
206.4800 206.6400 68
207.0240 207.2800 63
207.3120 207.7600 65
208.6880 209.5520 65
209.5840 209.7760 66
210.0960 212.1120 61
212.8160 212.8160 57
212.8800 212.9120 57
213.3600 213.4560 58
213.4880 213.8080 60
214.1920 215.0880 61
215.7600 215.8880 56
216.0800 216.6240 61
216.8160 217.0080 61
217.2640 217.7440 58
217.8720 219.0880 63
219.2480 219.4080 61
219.5680 220.7840 61
223.1840 223.3120 57
223.5040 223.6960 59
223.7280 224.1120 61
224.3360 224.5280 61
224.7840 225.2000 58
225.2320 226.5440 57
228.2400 228.4000 58
228.6240 228.8800 61
228.9120 230.5760 63
232.5920 233.3600 61
