24.2080 24.2720 74
24.7520 26.0000 74
26.1280 26.2560 74
30.8320 31.7600 69
32.0160 32.3360 58
32.3680 32.6560 59
32.6880 32.8800 61
33.0080 33.2320 61
33.6800 33.8400 58
34.0320 34.1600 59
34.4480 34.7680 61
35.0240 35.4080 65
35.6320 36.0480 61
37.2320 37.5520 59
37.5840 37.7760 61
37.9040 38.6400 63
38.8640 39.0560 59
39.2160 39.3760 61
39.6640 39.8880 63
40.3040 40.5920 70
40.8480 41.2320 66
42.1600 42.3520 63
42.4800 42.8000 68
42.8320 43.0240 70
43.0560 43.0560 67
43.0880 43.3440 63
43.5040 43.8240 68
44.1120 44.2400 67
44.2720 44.5600 68
44.7840 44.9760 66
45.0080 45.3600 65
45.5520 46.0320 65
46.0640 46.3520 66
46.7680 46.9280 63
46.9600 47.2800 61
47.4080 47.6320 58
47.6640 48.0480 61
50.0000 50.2560 58
50.2880 50.3520 60
52.5920 52.8800 59
52.9120 53.1680 58
53.2960 53.5200 59
53.5520 54.3520 61
54.5760 54.8960 58
54.9280 55.0880 59
55.2800 55.6960 61
55.9200 56.3360 65
56.5280 56.8160 61
57.8080 58.0960 58
58.1280 58.4480 59
58.4800 58.8960 61
58.9280 59.4080 63
59.7920 60.0800 59
60.1120 60.2720 61
60.4320 60.8800 63
61.1040 61.3920 70
61.7120 62.2880 66
62.3200 62.6400 63
63.0560 63.1200 63
63.3440 63.6640 68
63.6960 64.1120 70
64.1440 64.4000 71
64.4320 64.8480 70
64.9760 65.0720 68
65.1040 65.2640 70
65.2960 65.4880 68
65.6160 65.7440 66
65.9360 66.2880 68
66.9280 67.2160 66
67.6320 67.8880 63
67.9200 68.0800 65
68.2720 68.7200 66
68.7520 69.1040 68
70.8640 71.0560 66
71.0880 71.4400 68
74.4800 74.6720 70
74.7040 75.8880 68
75.9200 76.1120 70
76.4320 77.5520 68
77.7120 77.9360 70
77.9680 78.5120 66
78.6400 79.3120 66
79.9520 81.1040 68
81.1360 81.3280 70
81.6160 83.0240 68
83.0560 83.1840 70
83.2160 83.5360 66
83.5680 83.6960 71
83.7280 85.5520 73
85.8400 86.4160 70
86.4480 86.6720 68
86.7040 87.4400 66
87.4720 88.0800 68
88.1120 88.9120 70
88.9440 89.0720 68
89.1040 90.0640 66
90.0960 90.3520 70
90.3840 90.5120 67
90.5440 91.5360 68
91.5680 91.8240 70
91.9520 92.1440 66
92.1760 93.4560 68
93.4880 93.5840 70
93.6160 93.7120 67
93.7440 95.4400 66
97.1360 97.2000 61
97.8400 98.7360 55
100.0160 100.3360 56
100.6240 100.7520 56
101.8080 102.0320 62
102.2880 102.4480 62
102.6080 102.6720 67
102.8000 102.9600 68
103.3440 103.4400 71
104.0160 104.2080 71
106.1600 106.3520 62
114.8320 114.8640 63
114.8960 115.1200 67
115.4720 115.8880 59
116.0800 117.0720 60
117.2000 117.2640 61
117.3920 117.4560 61
118.1280 118.7680 58
118.8000 119.5680 61
119.7600 119.9520 58
120.0800 120.2400 59
120.4960 120.9120 61
121.1360 121.5840 65
121.7440 122.3200 61
123.3120 123.6960 59
123.7280 123.9520 61
123.9840 124.7520 63
124.9760 125.1360 59
125.2960 125.4560 61
125.7120 126.1280 63
126.3840 126.7680 70
126.9600 127.6000 66
128.2080 128.4000 63
128.5600 128.6880 66
128.7200 128.8800 68
128.9120 129.1040 70
129.2320 129.4880 63
129.5200 130.0320 68
130.0640 130.3200 66
130.3520 130.7360 68
130.7680 131.4400 65
131.6000 132.4960 65
132.8160 133.0720 63
133.1040 133.3600 61
133.3920 133.7440 59
133.7760 134.1600 61
135.7600 136.3680 61
136.4000 137.1680 62
138.6720 139.3120 58
139.3440 139.6320 59
139.6640 140.4960 61
140.6880 140.9440 58
140.9760 141.1680 59
141.2960 141.7440 61
141.9680 142.3200 65
142.6080 142.8640 61
143.8560 144.1120 58
144.2400 144.4960 59
144.5280 144.7520 61
144.8800 144.9120 61
144.9440 145.5520 63
145.9040 146.1280 59
146.1600 146.3520 61
146.5440 147.0240 63
147.1840 147.5680 70
147.8560 148.4000 66
148.4320 148.7520 63
149.0400 149.2000 63
149.4560 149.7440 68
149.7760 151.2800 70
151.3120 151.6000 68
151.7280 151.8880 66
152.0480 152.3360 68
152.5280 152.9120 68
152.9440 153.3280 66
153.7440 153.9680 63
154.0000 154.1920 65
154.3520 154.8320 66
154.8640 155.4720 68
156.6240 156.9120 66
156.9440 157.1680 70
157.2000 158.8640 71
158.8960 158.9600 72
160.4640 160.6560 65
160.7840 161.9680 68
162.0000 162.2560 70
162.5120 163.6320 68
163.7920 164.0480 70
164.0800 164.3040 66
164.3360 164.5920 65
164.6240 164.6560 63
164.7200 164.7520 63
164.7840 165.8080 66
166.0000 167.1840 68
167.2160 167.4080 70
167.7280 168.5600 68
168.6560 169.1040 68
169.1360 169.2640 70
169.2960 169.3280 67
169.3600 169.6160 66
169.6480 169.6480 68
169.6800 169.7440 71
169.7760 171.6320 73
171.9200 172.0480 69
172.0800 172.2080 71
172.2400 172.4960 70
172.5280 172.7520 68
172.9440 173.1360 65
173.1680 173.5520 66
173.5840 174.1600 68
174.1920 175.0240 70
175.0560 175.1200 68
175.1520 175.1840 67
175.2160 176.2080 66
176.3040 176.3040 63
176.3680 176.4960 64
176.5280 176.6240 66
176.6560 177.6480 68
177.6800 177.8720 70
178.1600 179.5360 68
179.5680 179.7280 70
179.7600 180.0800 66
180.1120 180.4000 65
180.4320 181.2960 66
183.0560 183.3120 68
183.5040 183.6960 62
183.7280 184.8160 59
185.0080 185.2640 60
185.2960 185.2960 65
185.3280 185.3280 68
185.3600 185.7440 74
185.7760 185.7760 71
186.0320 186.2880 66
186.8320 188.0480 68
188.0800 188.3360 70
188.5600 188.7520 68
188.9440 189.9680 68
190.0000 190.1280 70
190.1600 190.6720 66
190.7040 190.9920 65
191.0240 191.5680 66
191.6000 191.6640 67
192.1120 193.2640 68
193.2960 193.5200 70
193.7440 194.9600 68
195.0880 195.1840 68
195.2160 195.3760 70
195.4080 195.6960 66
195.7280 195.8880 73
195.9200 196.0800 75
196.1120 196.5920 73
196.7200 197.7120 73
198.0320 198.6080 72
198.6400 198.9280 70
198.9600 199.3120 66
199.3440 199.6320 68
199.6640 201.1360 70
201.1680 201.2640 68
201.2960 202.6720 66
202.7040 203.7280 68
203.7600 203.9840 70
204.0160 204.1120 64
204.1760 204.2080 63
204.2400 205.4240 68
205.5840 205.9360 69
206.0960 207.8560 66
213.3600 213.5520 66
213.6800 213.9360 66
214.4160 214.6080 56
215.0880 215.1520 57
215.7280 215.9520 61
216.3360 216.5920 59
221.9360 222.4160 66
222.8000 223.2480 56
223.5680 223.6320 56
223.8560 223.9520 56
225.9680 226.4480 59
