20.6880 21.0720 65
21.2640 21.5520 65
21.5840 22.9600 66
23.0880 23.3440 66
31.2480 31.5680 70
31.7600 32.7200 70
33.2960 33.3920 66
33.4240 33.6800 65
33.8400 34.1600 65
34.7680 34.9600 65
35.7280 36.2720 65
39.1200 39.2480 52
39.2800 39.5360 53
41.1040 41.4240 51
42.7040 42.8000 51
43.0560 43.2480 51
43.2800 43.3440 50
43.4720 43.8240 49
43.9520 44.2720 49
44.3040 44.4000 50
44.6880 44.7200 54
44.7520 44.8160 55
44.8480 45.2640 56
45.2960 45.3280 55
47.1200 47.6000 58
48.7200 48.8160 60
48.8480 48.9440 57
48.9760 49.6800 56
50.9600 50.9920 59
51.0240 51.0880 60
51.2160 51.3760 61
51.4080 51.7600 60
51.9840 52.4000 58
52.4320 52.4960 57
52.5280 52.7840 56
52.8160 52.9120 55
53.0400 53.3600 52
53.4880 53.6160 51
53.6480 53.7760 50
53.9680 54.0960 50
54.1280 54.3200 51
55.1520 55.2480 51
55.2800 55.3120 52
55.3440 55.6960 53
56.7200 57.0720 56
57.1040 57.2320 58
57.2640 57.7760 56
58.8640 58.9600 63
58.9920 59.0240 60
59.1520 59.2480 60
59.2800 59.3120 59
59.3440 59.8240 58
59.8560 60.0160 56
60.0480 60.0800 57
60.1120 60.3040 58
60.3360 60.3680 57
60.4000 60.4960 56
60.6560 60.7520 56
60.7840 60.8480 55
60.8800 61.0720 52
61.1040 61.3600 53
61.4880 61.7440 56
61.7760 61.8080 55
61.8400 61.9040 54
61.9360 61.9680 52
62.0000 62.0640 51
62.0960 62.1920 50
62.2240 62.4160 49
62.6720 62.7360 49
62.7680 62.8320 50
63.0880 63.1200 56
63.1520 63.2160 57
63.2480 63.7280 58
64.6880 64.8160 63
64.8480 64.9760 65
65.1360 65.2320 63
65.2640 65.2960 62
65.3280 66.0320 61
66.9280 67.1200 59
67.1520 67.3120 61
67.3440 67.3760 62
67.4080 67.7920 63
67.8240 68.1120 61
68.1440 68.4000 63
68.4320 68.4960 62
68.5280 68.5280 60
68.9120 69.0080 59
69.0400 69.2640 61
69.4240 69.7440 63
69.7760 69.8080 62
69.9360 70.1280 61
70.1600 70.2880 62
70.3200 70.6400 63
70.6720 71.0560 61
71.0880 71.8240 63
71.8560 71.9520 62
72.6880 72.8480 65
73.0400 73.1680 63
73.2000 73.3600 65
73.3920 73.4240 64
73.4560 73.8400 63
74.0000 74.1280 59
74.1600 74.6400 61
74.6720 74.7040 63
74.7360 74.8960 65
74.9280 74.9280 63
74.9600 75.1520 61
75.1840 75.3120 63
75.3440 75.4720 62
75.5040 75.7920 61
75.8240 76.4320 60
76.5920 76.6560 60
76.6880 76.7200 59
76.9120 77.1360 56
77.1680 77.8400 61
77.8720 77.9680 63
78.1600 78.2560 63
78.2880 78.4480 65
78.4800 78.5120 63
78.6720 78.8640 61
78.8960 79.1520 58
79.1840 80.3680 60
80.4000 80.4640 59
80.6240 80.7200 56
81.0080 81.2640 54
81.3920 81.5520 59
81.5840 82.0960 61
82.6080 82.7360 54
82.9600 83.1200 53
83.3760 83.5040 62
83.5360 83.6640 65
83.6960 83.7600 63
83.7920 84.3680 61
84.9440 84.9440 57
84.9760 85.0720 61
85.1040 85.1680 62
85.2000 85.8400 63
85.8720 86.1920 65
86.2240 86.4800 63
86.8000 86.9280 57
86.9600 87.0240 60
87.0560 87.3760 63
87.4080 87.6000 65
87.6320 87.7280 63
87.8560 88.1120 65
88.1440 88.4320 63
88.7200 88.8480 65
89.0720 89.1680 63
89.2000 89.4880 65
89.5200 89.9040 63
89.9360 90.0960 60
90.1280 90.3200 61
90.6400 90.8320 65
90.9600 91.0880 61
91.1200 91.4400 63
91.4720 91.8560 61
92.0480 92.6560 60
92.9120 93.1360 56
93.1680 93.2640 58
93.2960 93.3600 59
93.3920 93.5200 60
93.6480 93.9040 61
93.9360 94.0320 63
94.0640 94.1280 64
94.1600 94.4800 65
94.6400 94.7680 68
94.8000 94.9280 70
94.9600 95.8560 68
95.8880 96.0800 67
96.6880 96.9120 56
96.9440 97.2960 57
97.3280 97.4880 58
97.6480 97.8400 65
97.9680 98.0960 65
98.1280 98.6080 66
98.6400 98.8640 65
98.8960 98.9280 63
98.9600 99.0560 61
99.0880 99.2160 63
99.2480 100.0160 61
100.1760 100.2720 60
101.0400 101.2640 54
101.5200 101.6480 59
101.6800 102.1920 61
103.1520 103.2800 53
103.3120 103.5680 54
103.6000 103.6640 56
103.6960 103.6960 58
103.7280 103.8240 61
103.8560 103.9840 63
104.0160 104.3680 61
104.8160 105.0400 60
105.0720 105.0720 58
105.1040 105.1040 56
105.2320 106.9920 49
107.0240 107.2160 50
107.2480 107.4400 51
107.5680 108.1760 49
108.2720 108.5600 49
109.0720 109.1680 51
109.2000 109.2320 52
109.2640 109.6800 53
111.1200 111.4400 51
112.9760 113.2960 51
113.3280 113.4880 50
113.5200 113.7760 49
114.1280 114.3200 49
114.3520 114.4160 50
114.6080 114.6720 53
114.7040 114.7360 55
114.7680 115.4080 56
116.6560 116.8480 50
116.8800 116.9760 51
117.0080 117.0400 55
117.0720 117.1680 56
117.2000 117.4880 58
117.5200 117.5200 56
118.6720 118.8000 61
118.8320 118.8640 59
118.8960 119.2160 57
119.2480 120.0160 56
120.9440 120.9760 59
121.0080 121.0720 60
121.1040 121.3280 61
121.3600 121.4560 60
121.6480 121.8080 60
121.8400 122.3200 58
122.3520 122.3840 57
122.4160 122.8000 56
122.9920 123.1200 51
123.1520 123.2800 53
123.4720 123.6960 51
123.7280 123.9200 50
123.9520 124.2720 51
125.0400 125.0720 50
125.1040 125.1680 51
125.2000 125.6480 53
125.6800 125.7760 52
126.6720 127.0240 56
127.0560 127.1520 58
127.1840 127.2160 57
127.2480 128.0480 56
128.9440 129.0720 60
129.2000 129.4240 59
129.4560 129.7440 58
129.7760 130.1280 56
130.1600 130.4480 58
130.4800 130.8000 56
130.9920 131.0880 63
131.1200 131.7600 66
131.9520 132.4000 65
132.4320 132.6880 63
132.7200 132.9120 61
132.9440 133.2320 63
133.2640 133.3920 61
133.5840 133.6800 63
133.7120 133.8400 61
133.8720 134.0960 60
134.1280 134.1600 61
134.1920 134.4800 64
134.5120 134.6080 63
134.6400 134.8960 61
134.9280 135.0880 62
135.1200 135.2160 63
135.2480 135.3440 61
135.4720 135.6320 59
135.6640 135.8560 61
136.1440 136.5600 65
136.5920 136.6880 62
136.7200 137.0080 61
137.0400 137.0720 63
137.1040 137.5520 65
137.6800 138.1600 66
138.1920 138.3840 68
138.4160 138.4800 67
138.5120 138.6720 66
138.7360 139.1200 65
139.1520 139.2480 68
139.2800 139.7280 70
139.7600 141.3600 68
141.3920 141.7440 70
141.7760 141.9040 68
142.6720 142.8000 65
143.0240 143.1200 63
143.1520 143.4400 65
143.4720 143.8560 63
143.8880 143.9520 62
143.9840 144.1760 59
144.2080 144.5920 61
144.6240 144.6240 63
144.6560 144.9120 65
144.9440 145.3280 63
145.3600 145.4240 62
145.4560 145.8080 61
145.9360 146.5760 60
146.9280 147.1200 57
147.1520 147.1520 59
147.1840 147.9520 61
148.1760 148.2720 63
148.3040 148.4320 65
148.4640 148.5920 63
148.6240 148.8480 61
149.0080 149.0400 58
149.0720 149.3920 60
149.4240 149.5840 61
149.6160 150.3520 60
150.3840 150.5440 57
150.5760 150.7680 56
151.0240 151.3120 54
151.3440 151.4400 55
151.4720 151.5680 58
151.6000 152.1120 61
152.6240 152.7520 54
152.9440 153.2320 53
153.2960 153.3280 55
153.3600 153.3600 59
153.3920 153.7440 63
153.7760 154.5120 61
154.8960 154.9600 58
154.9920 155.1200 60
155.1520 155.8560 63
155.8880 156.0480 65
156.1760 156.4000 63
156.4320 156.5920 61
156.6880 156.9760 58
157.0080 157.1040 61
157.1360 157.3600 63
157.3920 157.5840 65
157.6160 157.7120 64
157.8720 158.0640 65
158.1280 158.3200 63
158.3520 158.4160 62
158.7360 158.8320 65
159.0560 159.1200 64
159.1520 159.4080 65
159.4400 159.7600 63
159.7920 159.8240 62
159.9840 160.1120 59
160.1440 160.4320 61
160.6560 160.7840 65
161.0080 161.2000 62
161.2320 161.4880 63
161.5200 161.6160 62
161.6480 161.8400 61
161.8720 161.9680 60
162.1600 162.4160 60
162.4480 162.5440 59
162.9280 163.1840 56
163.2160 163.3120 57
163.4720 163.6320 60
163.6640 163.7600 61
163.7920 163.8880 62
163.9200 164.1120 63
164.1440 164.7200 65
164.7520 164.8480 68
164.8800 165.0080 70
165.0400 165.8720 68
165.9040 166.0320 67
166.0640 166.0640 63
166.1920 166.3200 63
166.8960 166.9920 57
167.0240 167.5040 58
167.5360 167.6320 59
167.6640 167.6640 63
167.6960 168.1440 65
168.1760 168.5280 66
168.7200 168.7840 63
168.8160 168.9440 65
168.9760 169.0400 68
169.0720 169.1680 62
169.2000 169.3280 63
169.3600 170.0960 61
170.1280 170.1280 59
170.7360 170.8320 51
170.8640 171.0240 53
171.0560 171.2480 54
171.2800 171.3760 55
171.4080 171.4080 57
171.4400 171.5040 59
171.5360 172.0160 61
172.0480 172.1760 62
172.2080 172.4000 61
172.4320 172.4640 60
172.9440 173.0720 54
173.1040 173.2320 55
173.2640 173.4240 54
173.6160 173.7120 53
173.7440 173.8080 55
174.0320 174.1280 60
174.1600 174.3520 61
174.3840 174.6720 60
174.7040 174.8320 61
174.9920 175.0880 63
175.1200 175.2800 65
175.3120 175.3760 63
175.4080 178.7360 61
179.2800 179.8880 61
179.9200 180.1760 60
180.2080 180.3680 61
180.4640 180.4640 61
180.7200 180.8800 61
180.9120 181.1360 60
181.1680 181.2640 61
181.2960 181.3600 62
181.6160 181.9040 67
181.9360 182.1600 65
182.1920 182.3520 63
182.3840 182.5760 61
182.6080 182.7040 57
182.7360 182.8320 58
182.8640 183.1520 61
183.4400 183.6000 58
183.6320 183.7600 60
183.9200 183.9840 65
184.0160 184.2080 66
184.2400 184.3360 65
184.3680 184.4640 63
184.4960 184.5280 62
184.6560 184.9120 61
184.9440 184.9760 62
185.0080 185.1680 63
185.2000 185.7760 61
185.9680 186.0320 68
186.0640 186.3840 70
186.4160 186.8000 68
186.8320 186.9600 67
187.6000 187.7280 61
187.7600 188.1120 60
188.1440 188.3680 61
188.6560 188.8800 61
188.9120 189.1040 60
189.1360 189.3280 61
189.6480 189.7440 67
189.7760 189.9040 68
189.9360 190.0320 64
190.0640 190.1920 65
190.2240 190.2880 64
190.3200 190.3840 63
190.4160 190.5760 61
190.6080 190.8320 58
190.8640 191.0240 61
191.2160 191.3440 65
191.3760 192.3680 66
192.4960 192.6240 66
192.6560 192.8480 63
192.8800 193.0080 65
193.2000 193.2640 65
193.2960 193.9040 66
193.9360 194.4160 65
194.6720 194.8640 61
194.8960 194.8960 67
194.9280 194.9920 69
195.0240 195.1200 67
195.1520 196.1760 68
196.2080 196.8480 70
196.8800 196.9440 69
196.9760 197.0400 68
198.2560 199.0560 70
199.2480 199.9520 67
199.9840 200.0480 65
200.0800 200.1120 64
200.3680 200.8480 63
200.8800 200.9760 64
201.0080 201.3920 65
201.4240 201.4880 63
201.6160 201.9360 63
201.9680 202.5120 62
202.9280 202.9920 69
203.1840 203.5360 62
203.5680 203.8240 63
203.8560 203.9200 64
204.1440 204.2080 66
204.2400 204.4000 67
204.4320 204.7840 63
204.8160 204.8800 62
205.0400 205.0720 61
205.1040 205.3920 62
205.4240 205.5520 63
205.5840 205.6480 66
205.6800 205.6800 64
205.7120 205.8720 62
205.9040 206.0000 63
206.1920 206.3840 62
206.4160 206.4800 59
206.5120 206.7040 58
206.7360 206.8320 57
207.0240 207.2800 55
207.3120 207.4080 56
207.4400 207.5040 59
207.5360 207.6320 62
207.6640 207.9840 63
208.0160 208.1760 64
208.6560 208.8480 56
208.9760 209.1360 55
209.1680 209.2960 56
209.4240 209.4240 63
209.4560 209.5200 65
209.5520 209.6480 67
209.6800 209.7760 66
209.8080 210.5440 63
210.8960 210.9280 62
210.9600 211.2160 63
211.2480 211.3760 65
211.4080 211.6000 67
211.6320 211.7280 65
211.7600 211.8560 67
211.8880 212.0480 66
212.0800 212.3360 65
212.3680 212.4000 64
212.4320 212.4640 63
212.4960 212.5280 62
212.7200 212.7520 59
212.7840 212.8800 60
213.0080 213.1040 63
213.1360 213.3600 65
213.3920 213.6160 67
213.6480 213.6800 65
213.8720 214.0640 67
214.1920 214.3200 65
214.3520 214.5440 63
214.8320 214.9920 63
215.2160 215.3440 68
215.3760 215.5040 70
215.7280 215.7920 65
215.8240 216.5280 67
216.8160 216.8480 66
216.8800 217.0080 65
217.0400 217.2640 67
217.2960 217.4880 65
217.5200 217.6480 67
217.6800 218.3520 65
218.3840 218.4160 64
218.4480 218.5120 63
219.0240 219.1200 62
219.1520 219.3760 59
219.4080 219.4400 60
219.4720 219.6640 62
219.6960 219.7920 63
219.8240 219.8560 62
219.9840 220.1440 65
220.3040 220.6240 67
220.6560 220.7840 66
220.8160 220.8480 70
220.8800 220.9440 71
220.9760 221.1680 72
221.2000 222.0320 70
222.0640 222.1280 69
222.1600 222.1600 67
222.6080 222.6080 59
222.8320 222.9280 58
222.9600 223.0240 59
223.0560 223.6000 60
223.6320 223.6640 63
223.6960 223.6960 65
223.7280 224.2080 67
224.2400 224.5280 68
224.6880 224.7840 68
224.8160 224.9440 70
225.0720 225.1360 66
225.1680 225.2320 65
225.2640 226.1280 63
226.6400 226.8320 55
227.0240 227.3440 56
227.4720 227.5040 60
227.5360 227.6000 61
227.6320 228.3360 63
229.0080 229.1360 56
229.2640 229.5840 56
229.7440 229.8400 62
229.8720 230.0000 65
230.1280 230.6080 63
231.0880 231.1200 61
231.1520 231.3120 62
231.3440 231.3760 60
231.4080 231.4400 59
231.4720 232.3040 58
232.3360 232.4640 59
234.8000 235.3760 58
235.4080 235.6640 60
235.6960 235.7600 61
235.7920 235.8880 65
235.9200 236.2720 67
236.3040 236.7200 68
236.9760 237.0720 65
237.1040 237.2320 67
237.2640 237.2960 66
237.3280 237.4560 63
237.4880 237.6160 65
237.6480 238.1600 63
238.9600 239.2800 55
239.3120 239.4720 56
239.6960 239.7600 61
239.7920 239.9520 63
240.1760 240.6240 63
241.8720 242.1280 56
242.3840 242.4480 63
242.4800 242.8320 65
242.8640 243.3760 63
244.9120 245.0080 65
245.0400 245.1680 62
245.4240 245.7760 65
245.8080 246.2880 62
246.3200 247.6640 63
