34.2560 34.3200 50
34.3520 34.6080 49
34.6400 34.7360 51
34.9600 35.0240 54
35.0560 35.2480 56
35.2800 35.4400 57
35.4720 35.5040 56
35.6640 35.8560 56
35.9840 36.1440 56
36.1760 36.4000 57
37.0080 37.1360 54
37.1680 37.2000 55
37.2320 37.3600 56
37.3920 37.4560 55
37.4880 37.8400 54
37.8720 37.9680 53
38.0000 38.0960 52
41.5840 41.8720 48
41.9040 42.2240 49
42.2560 42.4480 50
42.4800 42.7040 49
42.7360 43.0880 50
43.3760 43.4400 55
43.6000 43.9520 57
44.7840 44.8160 49
44.8480 44.9760 50
45.2000 45.2320 50
45.2640 45.3280 51
45.3600 45.6160 52
45.6480 45.9040 49
49.2320 49.2960 46
49.4240 49.4560 48
49.4880 49.5520 49
49.6800 49.8080 48
49.9360 50.1280 49
50.1600 50.2560 50
50.4160 50.5760 49
50.6080 50.9600 50
51.1200 51.5360 52
51.5680 51.6000 53
51.6320 51.7920 54
51.8240 52.2400 51
53.9360 54.0000 50
54.0320 54.2240 49
54.2560 54.3200 50
54.3520 54.4800 52
54.5120 54.6080 53
54.6400 54.6720 54
54.7040 54.8320 55
54.9920 55.0880 53
55.1200 55.2800 54
55.3120 55.3440 55
55.3760 55.6320 56
55.6640 55.9200 57
57.4240 57.8720 54
59.2480 59.3120 56
59.5040 59.9200 54
61.0400 61.0720 55
61.1040 61.1680 56
61.2000 61.3600 57
61.3920 61.3920 55
61.4240 61.6160 53
61.6480 61.8720 54
61.9040 62.0320 52
63.5360 63.5680 47
63.6000 63.6320 48
63.6640 63.7280 49
63.7600 64.0480 50
64.0800 64.1120 51
64.1440 64.2400 52
64.4000 64.7840 52
65.7120 65.8080 50
65.8400 66.0000 49
66.0320 66.0640 50
66.0960 66.1280 51
66.1600 66.4480 52
66.4800 66.5440 55
66.5760 66.7360 56
66.7680 66.9600 57
67.0880 67.5680 56
67.6000 67.7280 57
68.3680 68.5600 54
68.5920 68.6880 56
68.7200 68.7520 55
68.7840 68.8800 54
69.0720 69.2000 54
69.2320 69.2640 53
69.2960 69.5840 52
73.0400 73.1040 48
73.1360 73.2320 49
73.2640 73.3920 50
73.5200 73.6480 49
73.6800 73.8720 50
73.9040 74.1920 49
74.2240 74.5760 50
74.8000 74.8960 57
75.0560 75.2160 56
76.2400 76.3040 47
76.3360 76.4000 48
76.4320 76.5280 50
76.6880 76.7520 50
76.7840 76.8800 51
76.9120 77.2960 49
80.7200 80.7840 46
80.8160 80.8480 47
80.8800 81.0400 48
81.1680 81.2000 48
81.2320 81.6160 49
81.6480 81.7760 50
81.8080 82.0000 49
82.0320 82.1600 48
82.1920 82.2560 49
82.2880 82.4800 50
82.5120 82.5440 51
82.5760 82.7680 52
82.9280 82.9920 52
83.0240 83.2800 53
83.3120 83.6320 52
85.5840 85.6800 48
85.7120 85.7440 49
85.7760 85.9680 52
86.0000 86.0640 53
86.0960 86.2240 54
86.2560 86.4160 55
86.5440 86.7040 54
86.8320 87.2160 56
87.2480 87.4400 57
88.8800 88.9120 53
88.9440 89.3280 54
89.4880 89.6800 59
89.7120 89.8400 61
90.0000 90.1920 61
90.2240 90.2240 58
90.2560 90.2880 56
90.3200 90.7680 54
90.8000 91.3120 57
91.9520 92.1760 57
92.2080 92.4000 59
92.4320 92.6240 57
92.6560 92.8800 56
92.9120 95.1520 57
96.0800 96.1760 51
96.2080 96.2720 52
96.4320 96.4320 57
96.4640 96.8480 62
96.8800 98.0320 61
98.0640 98.1920 59
98.3520 98.5440 59
98.5760 98.7680 62
98.8000 98.9920 61
99.0240 99.3760 59
99.4080 99.5360 58
99.5680 99.6000 61
99.6320 99.8240 62
99.8560 99.9200 61
99.9520 99.9840 60
100.0160 100.7520 59
100.7840 100.8480 56
100.8800 101.8400 57
101.8720 101.9680 56
102.5120 102.8000 57
102.8320 102.8640 62
102.8960 103.1520 64
103.2800 103.4400 60
103.4720 103.6640 62
103.6960 103.8560 58
103.8880 104.0160 60
104.0480 104.4960 54
104.5280 104.5600 56
104.5920 105.2960 57
106.4480 106.5440 56
106.7040 106.8640 57
106.8960 107.1200 56
107.1520 107.3440 57
107.4720 108.0480 57
108.0800 108.4960 56
108.6560 108.8480 57
108.8800 108.9760 59
109.0080 109.1040 58
109.1360 109.6160 61
109.6480 109.7760 62
109.8080 109.8080 59
109.8400 109.8400 56
109.8720 110.1600 54
110.1920 110.3840 56
110.4160 110.5760 57
110.6080 110.8960 56
111.7920 111.8880 50
111.9200 111.9840 52
112.1440 112.1440 58
112.1760 112.5600 62
112.5920 113.7760 61
113.8080 113.9360 59
113.9680 114.0640 58
114.0960 114.2560 59
114.2880 114.4160 62
114.5440 114.7680 61
114.8000 115.2480 59
115.2800 115.4080 62
115.5360 115.7280 61
115.7600 115.8880 59
115.9200 116.0160 58
116.0480 116.1440 59
116.3040 116.4000 56
116.4320 116.4960 57
116.5280 116.5280 60
116.5600 116.6560 62
116.6880 116.9120 63
117.0720 117.1360 60
117.1680 117.4560 61
117.4880 117.6800 60
117.7120 117.8400 61
118.0320 118.3200 54
118.3520 118.4160 58
118.4480 118.5760 59
118.6080 118.6720 60
118.7040 119.0560 61
120.1760 120.2400 55
120.2720 120.4000 56
120.4320 120.5920 57
120.6240 121.8720 56
121.9040 122.0640 57
122.0960 122.0960 55
122.1280 122.3840 52
122.4160 122.6080 53
124.1440 124.2080 56
124.3680 124.5280 57
124.5600 124.8480 56
124.8800 125.0400 57
125.0720 125.2640 56
125.3920 125.5520 57
125.5840 125.8400 56
125.8720 126.0960 57
126.1280 126.3840 59
126.4160 126.7360 61
126.7680 126.7680 59
127.4400 127.6000 59
127.6320 129.0080 57
129.0400 129.0720 56
149.6160 149.8080 55
149.8400 149.9360 54
152.2400 152.3360 50
152.3680 152.6560 49
152.6880 152.8160 51
152.8480 152.9760 50
153.0080 153.0400 55
153.0720 153.3280 56
153.3600 153.4880 57
153.5200 154.1920 56
154.2240 154.3200 57
154.9280 154.9920 54
155.0240 155.0880 55
155.1200 155.3440 56
155.3760 155.5040 54
155.6960 155.8560 54
155.8880 156.1120 52
159.6320 159.6640 48
159.6960 159.8240 49
159.8560 159.9840 50
160.1120 160.2400 49
160.2720 160.4640 50
160.4960 160.7520 49
160.7840 161.1040 50
161.3280 161.4560 57
161.6160 161.8400 57
161.8720 161.9040 56
162.8320 162.8640 48
162.8960 163.0240 49
163.2480 163.2800 50
163.3120 163.4080 51
163.4400 163.6000 50
163.6320 163.6640 49
167.3440 167.4080 46
167.4400 167.5680 48
167.6960 167.7280 48
167.7600 168.1440 49
168.1760 168.3680 50
168.4000 168.5280 49
168.6560 168.6880 49
168.7200 169.0720 50
169.1040 169.1360 51
169.1680 169.3920 52
169.5200 169.6480 52
169.6800 169.8720 54
169.9040 170.1920 52
171.8560 171.8880 46
171.9200 171.9840 47
172.1440 172.3040 48
172.3360 172.5920 52
172.6240 172.9440 55
173.0720 173.5520 54
173.5840 173.6800 56
173.7120 174.0000 57
175.4400 175.9200 54
176.0480 176.2400 59
176.2720 176.4000 61
176.5600 176.7840 60
176.8160 177.3280 54
177.3600 177.8400 57
178.5120 178.6720 56
178.7040 178.9280 59
178.9600 180.6240 57
182.6080 182.8320 52
182.9600 182.9920 58
183.0240 183.3760 62
183.4080 184.6240 61
184.6560 184.7520 59
184.8800 185.1040 59
185.1360 185.4240 62
185.4560 185.5520 61
185.5840 186.1280 59
186.1600 186.4160 62
186.4480 186.5440 61
186.5760 187.3120 59
187.3440 188.3040 57
189.0720 189.3920 57
189.4240 189.4240 62
189.4560 189.6800 64
189.8080 189.9040 60
189.9360 189.9680 61
190.0000 190.2240 62
190.2560 190.5440 60
190.5760 190.6080 56
190.6400 190.8960 54
190.9280 190.9600 53
191.0880 191.8880 57
192.7520 192.8160 51
192.8480 192.9120 52
193.0400 193.1360 56
193.2640 193.4240 57
193.4560 193.8720 56
194.0320 194.1920 56
194.2240 194.6400 57
194.6720 194.9280 56
194.9600 195.0240 57
195.1520 195.3440 57
195.3760 195.6320 59
195.6640 195.8560 61
195.9840 196.3680 61
196.4000 196.5280 53
196.5600 196.6880 54
196.7200 196.7840 55
196.8160 196.8800 57
196.9120 197.0080 56
197.0400 197.1680 57
197.2000 197.4560 56
198.4160 198.5440 51
198.7680 199.1200 62
199.1520 200.3680 61
200.4000 200.4960 59
200.5280 200.6240 58
200.6560 200.8480 59
200.8800 200.9760 62
201.1040 201.3280 61
201.3600 201.8080 59
201.8400 201.9680 62
202.0960 202.2880 61
202.3200 202.4480 59
202.4800 202.5760 58
202.6080 202.7360 59
202.8640 203.0560 56
203.0880 203.0880 59
203.1200 203.2800 62
203.3120 203.4080 64
203.4400 203.4720 63
203.6320 203.7920 60
203.8240 204.0160 62
204.0480 204.2720 59
204.3040 204.4000 61
204.5920 204.8160 54
204.8480 204.8480 56
204.8800 205.1040 59
205.1360 205.5520 61
205.5840 205.6480 59
206.7680 208.4320 56
208.4640 208.6240 57
208.6560 208.6560 55
208.6880 209.3600 52
210.6720 210.7680 55
210.9280 211.0880 57
211.1200 211.3120 56
211.4400 211.8560 56
211.8880 212.0800 57
212.1120 212.3680 56
212.4000 212.6560 57
212.6880 212.9120 59
212.9440 213.1360 61
213.1680 213.2640 60
213.2960 213.2960 57
213.9040 214.0960 58
214.1280 217.2640 57
218.7680 218.8320 58
218.8640 218.9600 59
218.9920 219.1840 61
219.2160 219.5680 59
219.7600 220.1760 59
220.2080 220.3680 57
220.5280 220.6560 58
220.6880 221.2320 59
221.2640 221.4240 61
221.5520 221.5520 57
221.5840 221.7440 61
221.7760 221.9680 62
222.0000 222.1280 61
222.1600 222.1920 60
222.2240 222.4480 59
222.4800 222.6400 57
222.7680 223.0880 63
223.2480 223.2480 60
223.2800 223.4080 62
223.4400 223.6320 64
223.6640 223.6640 62
223.6960 224.3360 59
224.3680 224.5920 62
224.6240 224.8800 61
224.9120 225.0080 59
225.0400 225.2960 57
225.3280 225.3920 56
225.8400 225.9040 49
225.9360 225.9360 52
225.9680 226.1280 54
226.1600 226.4160 56
226.4480 227.2480 57
227.9520 227.9840 53
228.0160 228.0480 54
228.0800 228.1440 55
228.1760 228.4000 56
228.4320 228.5600 57
228.5920 228.9120 56
228.9440 229.4560 57
229.6800 229.8080 51
229.8400 229.9040 52
229.9360 230.3200 53
230.3520 230.4800 52
230.6400 230.8640 52
231.1840 231.2480 52
233.8400 233.8720 48
233.9040 233.9360 49
233.9680 234.0960 50
234.1280 234.1280 53
234.1600 234.1600 56
234.1920 234.1920 59
234.2240 234.4160 61
234.4480 234.6720 62
234.7040 235.2160 61
236.0480 236.0800 58
236.1120 236.2400 59
236.2720 236.4640 62
236.4960 236.7200 61
236.7520 237.3600 59
237.3920 237.5840 62
237.6160 237.7120 61
237.7440 238.4800 59
238.5120 239.0240 57
240.2080 240.2720 56
240.3040 240.5280 57
240.5600 240.5600 60
240.5920 240.6560 63
240.6880 240.8480 64
240.9760 241.1040 60
241.1360 241.3600 62
241.3920 241.5840 59
241.6160 241.6800 61
241.7120 241.7120 59
241.7440 241.7760 57
241.8080 241.8400 55
241.8720 242.0960 54
242.2240 242.6080 57
243.8880 243.9520 51
243.9840 244.0480 52
244.1760 244.2720 56
244.4320 244.7520 56
244.8800 245.0400 57
245.1680 245.7440 57
245.7760 246.3200 56
246.3520 246.5120 57
246.5440 246.8000 59
246.8320 246.9920 61
247.0240 247.0880 59
247.1200 247.3120 60
247.3440 247.5040 62
247.5360 247.5360 57
247.5680 247.8560 54
247.8880 248.7200 56
249.5520 249.5840 59
249.6160 250.2880 62
250.3200 251.5040 61
251.5360 251.9840 59
252.0160 252.1760 61
252.3040 252.4960 61
252.5280 252.9120 59
253.0400 253.1360 61
253.2640 253.4560 61
253.4880 253.9360 59
254.0960 254.2560 56
254.4800 254.6720 62
254.7040 254.8640 64
254.9920 255.1520 62
255.1840 255.3440 58
255.3760 255.5360 61
255.7600 255.9200 54
256.0480 256.0480 56
256.0800 256.4000 59
256.4320 256.5600 61
257.9360 259.8240 56
259.8560 260.2720 52
261.8720 261.9680 55
262.1280 262.5120 56
262.6720 263.0240 56
263.1520 263.5040 57
263.6640 264.0480 57
264.0800 264.3360 59
264.3680 264.5280 61
266.0000 266.1920 58
266.2240 266.3840 56
266.4160 267.2800 57
