18.3200 18.9280 61
18.9600 19.1520 62
19.1840 19.2800 61
19.4720 19.5680 58
19.6000 19.7920 57
20.7520 21.6160 55
21.7760 21.9360 54
22.0960 22.1920 54
22.3840 22.5760 54
22.7360 23.5040 54
23.5360 23.6960 55
23.7280 23.8240 56
26.2880 26.9600 57
26.9920 27.0240 58
27.0560 27.1200 59
27.2480 27.4720 61
27.5040 27.8240 62
27.8560 27.9520 61
28.5280 28.7520 55
28.9120 29.5200 55
29.5520 29.7120 54
29.8400 29.9680 53
30.1920 30.5120 53
30.5440 30.7040 54
30.8320 30.8960 56
31.1840 31.6320 57
31.6640 31.7280 58
34.0640 34.0960 59
34.1280 34.1920 60
34.2240 34.2560 61
34.2880 34.3840 62
34.4160 34.4480 60
34.4800 34.7360 59
34.7680 35.0240 61
35.0560 35.1840 62
35.2160 35.2480 61
35.4400 35.6320 59
35.6640 35.7280 60
35.7600 36.0480 62
36.0800 36.4000 64
36.4320 36.6240 65
36.6560 36.8800 64
37.0400 37.1040 65
37.1360 37.4880 64
38.0000 38.1280 59
38.1600 38.3200 61
38.3520 38.6400 58
38.6720 39.0880 61
39.1200 39.1840 60
39.2160 39.2480 58
39.2800 39.5360 57
39.5680 39.6000 58
39.6320 39.8240 61
39.8560 39.9200 62
39.9520 39.9840 65
40.0160 40.2400 66
40.2720 40.4320 67
40.5920 41.1040 66
41.3280 41.3920 64
41.4240 41.5520 66
41.5840 41.6800 65
41.7120 41.9040 66
41.9360 42.0320 65
42.0640 42.0960 64
42.1280 42.1600 63
42.1920 42.8320 62
43.2480 43.2800 64
43.3120 43.7280 65
43.8560 43.9520 65
43.9840 44.0480 64
44.2080 45.1360 62
45.9360 45.9360 63
45.9680 46.1600 65
46.1920 47.0240 66
47.1520 47.3440 67
47.3760 47.6640 66
47.7920 47.9840 64
48.0160 48.1440 66
48.1760 48.2080 65
48.2400 50.5120 64
53.6800 53.8720 66
54.2880 54.8320 66
54.9600 55.1520 71
55.1840 55.3120 66
55.3440 55.4720 67
55.5040 55.7600 64
55.7920 55.8240 65
55.8560 56.2400 66
56.2720 56.4640 67
56.6240 57.0080 64
57.0400 57.1040 63
57.6160 57.6800 59
57.7120 57.7760 60
57.9040 58.0640 57
58.0960 58.1600 58
58.1920 58.2560 59
58.2880 58.7360 61
58.8960 59.1200 69
59.1520 59.4720 64
59.5040 59.6320 65
59.6640 60.0160 67
60.1760 60.4320 67
60.4640 60.7840 65
60.8160 60.9760 62
61.0080 61.1040 61
61.4880 61.5200 57
61.5520 61.7760 59
61.8080 62.0320 61
62.0640 62.7040 62
62.7360 63.0560 61
63.0880 63.4080 62
63.4400 63.6320 65
63.6640 63.9840 66
64.0160 64.0480 67
64.0800 64.4000 69
64.7520 64.8480 64
64.8800 65.0400 66
65.0720 65.5200 64
65.5520 65.8720 66
66.0320 66.3200 66
66.3520 66.5120 65
66.7040 66.7680 64
66.8000 66.9600 66
66.9920 67.6640 67
67.6960 68.8160 66
69.2960 69.4240 66
69.4560 69.4560 64
69.4880 69.8080 59
69.9360 69.9360 64
69.9680 70.4800 66
70.6080 70.8320 71
70.8640 71.1840 66
71.2160 71.4080 64
71.4400 71.8560 66
71.8880 72.1440 67
72.2720 72.7520 64
73.2000 73.3280 59
73.3600 73.4880 61
73.9040 74.4160 61
74.5440 74.6720 69
74.8640 74.8960 63
74.9280 75.1520 64
75.1840 75.3120 65
75.3440 76.0800 67
76.1120 76.4640 65
76.4960 76.7840 62
77.1360 77.2320 57
77.2640 77.4240 59
77.4560 77.6160 61
77.7760 78.3520 62
78.3840 78.7040 64
78.7360 79.2480 66
79.2800 79.6640 67
79.6960 80.2400 66
80.7200 81.0400 61
81.0720 81.2320 62
81.2640 81.3600 64
81.3920 81.4240 63
81.4560 83.0880 62
83.8240 84.2080 57
84.2400 84.3040 58
84.6240 84.7520 62
85.0080 85.3600 64
85.3920 85.7760 66
86.7680 87.8880 66
87.9200 88.0160 63
88.2080 88.3360 59
88.3680 88.5280 58
88.5600 88.7520 59
89.8080 90.8000 64
90.8320 91.1840 63
91.2160 92.4640 62
95.1840 95.2480 62
100.6240 100.6880 60
100.7200 100.9120 62
100.9440 101.0080 60
101.0400 101.2640 59
101.2960 101.5520 61
101.5840 101.7760 62
101.9360 102.1280 59
102.2560 102.5120 62
102.5440 102.5760 63
102.6080 102.7040 64
102.7360 102.9920 65
103.2480 104.0480 64
104.5280 104.5920 59
104.6240 104.8160 60
104.8480 105.1680 59
105.2000 105.2320 60
105.2640 105.6480 61
105.6800 105.7120 59
105.7440 105.9680 57
106.0000 106.0960 58
106.1280 106.1600 60
106.1920 106.3200 61
106.4480 106.7680 66
106.8000 107.3440 67
107.3760 107.5040 64
107.5360 107.6640 65
107.8240 108.1760 65
108.2080 108.4320 66
108.4640 108.5280 64
108.5600 108.6880 63
108.7200 108.9440 62
109.1040 109.3600 62
109.7440 109.8400 64
109.8720 109.9680 66
110.0000 110.2560 65
110.4160 110.5760 64
110.6080 110.6400 63
110.6720 110.9280 62
111.0560 111.6640 62
112.5280 113.6480 66
113.6800 113.8400 67
113.8720 114.1280 66
114.3200 114.3840 64
114.4160 114.4480 65
114.4800 114.5760 66
114.6080 117.2640 64
118.2240 118.4160 66
118.5440 118.7680 59
118.8960 119.3440 66
119.3760 119.4400 68
119.4720 119.7280 71
119.7600 120.0480 67
120.0800 120.4000 64
120.4320 120.7840 66
120.8160 121.0400 67
121.1680 121.7120 64
122.1600 122.2240 60
122.2560 122.3200 61
122.7360 123.2800 61
123.4400 123.5680 69
123.6000 123.6640 68
123.6960 123.7280 66
123.7600 124.0800 64
124.1120 124.2400 66
124.2720 124.5920 67
124.7520 124.9440 67
124.9760 125.3600 65
125.3920 125.6480 62
126.1280 126.3520 59
126.3840 126.6080 61
126.6400 126.8960 62
127.0240 127.3440 62
127.3760 127.6320 61
127.6640 127.9520 62
127.9840 128.0160 63
128.0480 128.0800 64
128.1120 128.4320 66
128.4640 128.5600 67
128.5920 129.0080 69
129.2960 129.3280 64
129.3600 129.3920 65
129.4240 129.5840 66
129.6160 130.0320 64
130.0640 130.4800 66
130.6400 130.9920 66
131.2480 131.3440 64
131.3760 131.5360 66
131.5680 132.2080 67
132.2400 133.4560 66
133.8720 134.0320 66
134.0640 134.0640 63
134.0960 134.0960 61
134.1280 134.3840 59
134.5120 134.9280 66
134.9600 135.0560 67
135.1840 135.3760 71
135.4080 135.6960 67
135.7280 136.0160 64
136.0480 136.6560 66
136.8160 137.3280 64
137.7440 138.0320 60
138.0640 138.2240 58
138.4480 139.0240 61
139.0560 139.2160 69
139.4080 139.8560 64
139.8880 140.5600 67
140.7200 141.0400 64
141.0720 141.2960 62
141.6800 141.7760 58
141.8080 141.9680 59
142.0000 142.1920 61
142.3520 142.8640 62
142.8960 142.9600 63
142.9920 143.2800 64
143.3120 143.7920 66
143.8240 144.2080 67
144.2400 144.4320 65
144.4640 144.7840 66
145.2960 145.4560 61
145.7120 145.7760 62
145.8080 145.9680 64
146.0000 146.9920 62
153.4560 153.6160 66
153.6480 153.6480 63
153.6800 153.7120 61
153.7440 153.9360 59
154.0960 154.5440 66
154.5760 154.7040 67
154.7360 154.9600 71
154.9920 155.1200 66
155.1520 155.2480 68
155.2800 155.5360 64
155.5680 155.6320 65
155.6640 155.9520 66
155.9840 156.2400 67
156.4000 156.5280 63
156.5600 156.7840 64
156.8160 156.8800 63
157.3280 157.4240 59
157.4560 157.5840 61
157.6160 157.8400 58
158.0320 158.6080 61
158.6400 158.8000 69
158.9920 159.3440 64
159.3760 159.8240 67
159.9520 160.1760 67
160.3040 160.6240 64
160.6560 160.8800 62
161.8720 162.3840 62
162.5760 162.8320 61
162.8640 163.0880 62
163.2480 163.3440 64
163.3760 163.6640 66
163.8880 164.0160 67
164.0480 164.1760 69
164.5280 164.6240 64
164.6560 164.7200 66
164.7520 164.7840 65
164.8160 164.9760 64
165.2320 165.3280 64
165.3600 165.6480 66
165.8400 165.9680 66
166.1920 166.2880 64
166.3200 166.6400 66
166.8000 166.8960 66
166.9280 167.4400 67
167.4720 168.6240 66
169.0720 169.2960 66
169.4240 169.5520 60
169.7120 169.9040 66
170.0640 170.2560 66
170.3840 170.5120 71
170.5440 170.5440 69
170.5760 170.7360 66
170.7680 170.8320 67
171.0240 171.0560 64
171.0880 171.1520 65
171.1840 171.6000 66
171.6320 171.8560 67
172.0160 172.1440 63
172.1760 172.4320 64
172.4640 172.5280 63
172.9440 173.2000 61
173.6480 173.8400 61
174.0000 174.1280 61
174.2880 174.4480 69
174.6400 174.6720 63
174.7040 174.8320 64
174.9920 175.1520 65
175.1840 175.7920 67
175.8240 176.0160 64
176.0480 176.1440 65
176.1760 176.2720 64
176.3040 176.4320 62
176.4640 176.4960 61
176.8800 177.0080 56
177.0400 177.0720 58
177.1040 177.2000 59
177.2320 177.3920 61
177.5840 178.1920 62
178.2240 178.4800 64
178.5120 179.0240 66
179.0560 179.4720 67
179.5040 179.6640 65
179.6960 179.9840 66
180.5600 180.7200 61
180.9440 182.7680 62
