6.8000 7.1840 63
7.3120 7.5680 65
7.7920 7.8240 65
7.8560 7.9200 66
7.9520 8.1440 67
8.3040 8.7200 63
10.2880 10.4160 62
10.4480 11.0240 63
14.4160 14.8960 63
14.9280 15.1840 65
15.4080 15.4400 65
15.4720 15.5360 66
15.5680 15.7280 67
15.9840 16.4640 63
18.0000 18.8000 63
21.5840 21.9680 63
22.1920 22.3520 60
22.5440 22.7360 58
22.8960 22.9920 55
23.6000 23.6640 51
23.9200 25.2640 51
25.4880 25.5840 55
25.6160 25.7440 56
25.7760 26.0320 55
26.0640 26.1920 53
27.3760 27.9200 55
29.2000 29.5520 63
29.6800 29.8080 71
29.8400 29.9680 72
30.1600 30.3520 70
30.3840 30.4800 69
30.5120 30.6080 67
30.9280 31.5360 65
31.5680 31.7280 63
31.8560 33.6480 63
34.7680 35.5360 63
35.5680 36.1440 62
36.1760 36.4000 63
37.3920 37.5200 62
38.2880 38.3840 60
39.2160 39.3120 63
39.6320 39.6960 61
39.7280 39.7600 60
40.1440 40.2720 60
40.4000 40.5600 59
40.6560 40.6880 62
41.2320 41.3280 68
41.4560 41.6800 68
41.7760 41.7760 69
42.1280 42.2880 67
42.3200 42.4160 69
42.4480 42.4480 67
42.6080 42.9920 59
43.0240 43.3120 62
43.5360 43.6640 62
43.8240 43.9840 62
44.0160 44.1760 59
44.2080 44.3040 58
44.3360 44.4320 57
44.4640 44.5920 56
44.6240 45.1040 55
46.1280 46.2240 55
46.2560 46.4160 54
46.5760 46.6720 53
46.8320 46.9600 53
47.1200 47.2160 53
47.2480 47.4080 52
47.6000 48.1440 52
48.5600 48.9440 55
49.6800 49.8720 58
49.9040 50.0960 59
50.1280 50.1920 58
50.4480 50.5440 58
50.5760 50.6720 57
51.6000 51.7280 58
51.7600 52.0480 59
52.0800 52.1440 58
52.3680 52.4640 58
52.4960 52.5920 57
52.6240 52.6880 56
52.8800 52.9120 53
53.0080 53.0080 53
53.6480 53.9680 53
54.0000 54.1920 54
54.2240 54.7040 55
57.3920 57.5840 58
57.7120 58.1280 58
58.2880 58.5440 62
58.5760 58.8960 63
59.0240 59.6000 62
59.7280 59.8880 58
59.9200 59.9840 57
60.0160 60.2400 56
60.2720 60.7520 55
61.2960 61.5200 55
61.5520 61.6160 54
61.6480 61.7120 53
62.0640 62.4800 53
62.5120 63.0560 52
63.2480 63.2800 56
63.3120 63.6320 58
63.7600 64.3040 56
64.9120 65.4560 59
65.6800 65.9360 58
65.9680 66.0640 56
66.3520 66.4800 54
66.8960 67.0560 58
67.0880 67.2800 59
67.3120 67.7920 58
67.8240 67.8560 57
68.1760 68.2400 53
69.2000 69.5840 51
73.4560 73.8400 63
73.9680 74.2880 65
74.4480 74.5760 66
74.6080 74.8000 67
75.0240 75.4400 63
75.8560 76.0160 60
76.0480 76.1120 59
76.1440 76.4000 58
76.5920 76.6560 58
76.6880 76.7520 59
76.8800 76.9760 62
77.0080 77.9360 63
81.0720 81.5520 63
81.5840 82.0320 65
82.0640 82.0960 66
82.1280 82.4160 67
82.5760 82.6400 64
82.6720 83.0880 63
83.4400 83.5040 61
83.5360 83.6640 60
83.6960 83.7920 59
83.8240 83.9840 58
84.2080 84.3680 58
84.4000 84.4320 59
84.4640 84.6240 62
84.6560 85.5840 63
87.8880 88.0160 63
88.2080 88.6560 63
88.7840 88.8800 70
88.9120 89.0400 72
89.2000 89.5520 70
89.6800 89.8080 65
89.9360 90.2880 65
90.4480 90.5760 65
90.6080 91.7920 63
92.0480 92.6880 67
92.7200 92.8800 65
95.8560 96.2400 63
96.3680 96.4960 70
96.5280 96.6560 72
96.8160 97.1680 70
97.2960 98.2560 65
98.2880 99.0560 63
99.2480 99.3120 63
99.3760 99.3760 63
99.7920 101.0080 63
110.7680 111.5680 58
111.6000 112.5920 62
112.6240 112.9120 59
112.9440 113.1680 56
113.3600 113.4880 55
113.5200 113.6480 53
113.6800 113.9040 52
114.7360 115.1200 53
115.2800 115.4720 51
115.5040 115.5680 52
115.7600 116.0480 53
116.0800 116.2080 54
116.6240 116.6560 57
116.6880 116.7840 58
116.8160 117.0080 59
117.0400 117.1040 58
117.1360 117.4880 56
118.2560 118.4160 58
118.4480 118.7680 59
119.0240 119.2160 58
119.2480 119.3440 57
119.3760 119.4080 56
119.8560 119.8560 54
120.2720 120.4000 58
120.4320 120.7200 59
120.9120 121.0400 57
121.0720 121.1360 56
121.1680 121.2000 54
121.2320 121.3600 52
121.3920 122.2240 51
122.2560 122.3840 52
122.4160 122.5760 53
122.6080 122.6720 54
122.7040 123.2800 55
123.3120 123.3760 56
125.9040 125.9680 57
126.0960 126.8000 58
126.8320 126.8640 61
126.8960 127.1520 62
127.1840 127.3440 63
127.3760 127.7920 62
127.8240 127.8560 60
127.8880 128.1760 58
128.2080 128.2720 57
128.3040 128.3680 56
128.5920 129.0080 55
130.0000 130.0000 53
130.0640 130.1920 53
130.2240 130.4160 52
130.4480 130.5760 51
130.6080 130.7360 52
130.8960 131.1200 53
131.1520 131.5360 52
131.8560 131.9520 58
131.9840 132.1440 59
132.3680 132.4320 56
132.4640 132.8480 55
133.4560 133.6800 58
133.7120 133.9360 59
133.9680 134.3200 58
134.3520 134.4480 57
134.8320 134.8960 54
135.4080 135.4720 57
135.5040 135.6320 58
135.6640 135.7920 60
135.8240 135.9200 59
136.1440 136.2400 58
136.4320 136.5280 52
136.5600 136.8160 51
137.2960 137.4240 51
137.9040 138.2880 51
141.8080 142.4160 63
142.5440 142.8640 65
142.9920 143.3440 67
143.5360 144.0160 63
144.0480 144.0800 62
144.4000 144.5600 60
144.5920 144.6880 59
144.7200 144.9440 58
145.0720 145.2000 59
145.4240 145.5520 62
145.5840 146.3520 63
149.4240 149.5200 63
149.6800 150.1280 63
150.1600 150.6080 65
150.6400 150.7680 66
150.8000 150.9920 67
151.1520 151.2160 64
151.2480 151.6320 63
152.0160 152.1760 60
152.2080 152.2400 59
152.2720 152.4960 58
152.7840 152.8800 59
153.0080 153.0400 61
153.0720 153.1680 62
153.2000 154.0000 63
156.4320 156.6560 63
156.8480 157.2000 63
157.3600 157.3920 70
157.4240 157.4560 71
157.4880 157.6480 72
157.7760 158.1280 70
158.1600 158.3840 65
158.5120 158.8320 65
158.9920 159.1520 65
159.1840 160.4320 63
160.5920 160.6560 66
160.6880 161.2960 67
161.3280 161.4880 65
161.5200 161.5200 63
164.0160 164.2720 63
164.4320 164.5600 62
164.5920 164.8480 63
164.9760 165.0720 71
165.1040 165.2320 72
165.4240 165.7440 70
165.7760 165.8080 67
165.8400 166.7680 65
166.8000 167.6000 63
167.9840 168.0480 63
168.2720 168.4000 63
168.5280 168.7840 70
168.8160 172.9760 72
173.0080 173.2640 74
174.5120 174.6080 63
174.8000 175.6320 62
175.9200 176.7200 60
176.8480 177.1040 60
178.1920 178.2560 62
178.3840 178.4160 63
178.4480 178.7680 65
178.8960 179.1520 63
179.4400 179.6320 60
179.9520 180.3040 60
180.7840 181.1360 58
181.5520 181.9040 58
182.1600 182.4480 58
182.9280 183.0560 57
183.2160 183.9200 55
186.3200 186.5120 60
186.8320 187.2160 60
187.5680 187.8880 60
190.2880 190.9600 65
191.1520 191.2480 65
191.6000 192.0480 66
192.1760 192.2720 66
192.6880 192.7200 66
192.7840 192.8160 66
192.8800 193.7120 66
194.0320 194.3520 67
194.5120 194.6720 65
195.4080 198.9600 67
199.6320 200.3360 58
200.3680 200.4960 56
200.6240 200.9120 56
201.1360 201.2320 58
201.2640 201.5520 59
201.5840 201.6800 58
201.9040 202.2880 58
202.5440 202.8320 57
203.0880 203.7920 55
207.3440 207.5680 59
207.7280 207.9200 58
207.9520 208.0480 56
208.2400 208.5600 56
208.7200 208.8800 58
208.9120 209.2320 59
209.2640 209.8080 58
209.8400 210.3200 57
210.3520 210.6080 58
210.6400 210.7040 57
210.7360 210.8000 56
210.8320 211.2480 55
211.2800 211.3760 56
211.5680 211.6320 56
211.6640 211.7280 57
212.4960 212.5600 59
212.5920 212.8480 58
212.8800 212.9120 59
212.9440 214.3520 60
214.3840 214.7680 62
214.8000 216.7840 63
216.8160 216.9120 62
217.1360 217.1680 62
217.3280 217.4560 62
217.4880 218.1920 63
218.4160 218.5120 70
218.5440 218.7680 72
218.9600 219.3120 70
219.3440 219.3440 68
219.3760 219.5360 65
219.6640 219.8560 65
219.9840 220.1120 65
220.1440 221.3600 63
221.6160 221.7440 67
221.8720 222.2560 67
222.2880 222.4480 65
223.4720 223.5680 67
223.7280 223.8240 68
223.8560 224.1440 67
224.1760 224.3360 65
225.1360 225.7440 63
225.9040 226.1280 70
226.1600 226.4480 72
226.6080 226.7040 71
226.7360 227.7280 70
228.2400 228.4000 63
228.4320 228.4640 62
228.6880 229.6800 63
229.9040 230.4160 63
230.6080 230.7360 64
230.7680 230.9600 65
230.9920 231.1200 64
231.1520 231.3440 63
231.8240 231.8880 63
231.9200 232.1440 64
232.2720 232.3360 64
232.3680 232.4640 63
232.6240 232.8800 63
233.0080 233.3600 63
233.5520 233.7760 70
233.8080 234.0320 72
234.2560 234.5440 70
234.7040 235.3440 65
235.3760 235.4720 63
235.6640 236.5600 63
236.7840 237.1360 70
237.1680 237.4880 67
237.5200 237.7120 65
237.8720 237.9680 64
238.2880 238.4800 61
238.7040 239.0240 63
239.0560 239.5040 62
240.3360 240.4640 63
240.6240 240.8800 62
240.9120 241.0720 63
241.1040 241.1040 67
241.1360 241.1360 69
241.1680 241.4240 71
241.4560 241.9040 72
241.9360 242.2240 70
242.2560 242.2880 67
242.3200 242.3840 65
242.8000 242.9600 53
242.9920 246.0320 51
246.1600 246.2240 51
246.3840 246.7360 52
249.6800 249.7760 60
249.8080 249.8720 61
249.9040 250.0000 62
250.0320 250.1600 63
250.4160 251.5040 63
