22.3520 22.4160 50
22.4480 23.6000 52
24.2080 24.3360 52
24.3680 24.6240 53
24.6560 24.7200 50
24.7520 25.1360 49
26.5440 26.6720 49
26.8000 27.1520 51
27.1840 27.3760 54
27.4080 27.5040 55
27.5360 27.8240 57
27.9840 28.0480 57
28.0800 28.2720 59
28.4960 28.6560 59
28.6880 29.0720 57
30.3840 30.5440 52
30.7040 30.8640 57
30.8960 31.2800 59
31.3120 31.4720 57
31.6320 31.7920 59
31.9200 32.2400 61
33.4560 33.5200 59
33.5520 34.0320 61
34.0640 34.3840 59
34.4160 34.7040 62
34.7360 36.4000 61
37.5200 37.5840 58
37.6160 37.7760 60
37.8080 38.0000 61
38.0320 38.2560 60
38.2880 38.5760 61
38.7680 39.2480 59
39.4720 39.6640 55
39.6960 39.7600 56
39.7920 39.9840 58
40.0160 40.3360 59
41.7440 41.9360 59
41.9680 42.1280 58
42.2880 42.5760 56
42.6080 42.6080 54
42.6400 42.7040 51
42.7360 42.8960 52
42.9280 43.0240 53
43.1840 43.3440 59
43.6000 43.9840 57
45.4560 45.6480 55
45.6800 46.0000 57
46.1280 46.5760 56
46.6080 46.6400 54
46.7680 46.9920 50
48.2720 48.3040 51
48.3360 48.4960 54
48.5280 49.0080 57
49.1680 49.3920 59
49.4240 50.4800 61
50.5120 52.3360 56
52.3680 52.3680 54
52.4000 52.9440 52
53.7440 53.8720 51
53.9040 54.1280 54
54.1600 54.7680 49
56.0480 56.1120 49
56.1440 56.6560 52
56.6880 56.9120 54
56.9440 57.3280 57
57.4880 58.2240 57
58.2560 58.3200 56
59.9520 60.2400 52
60.2720 60.3680 56
60.4000 60.7520 59
60.7840 61.0720 57
61.1040 61.3920 59
61.4240 61.9040 61
62.7360 62.8640 52
62.9920 63.0560 58
63.0880 63.0880 60
63.1200 63.2800 62
63.3120 63.5680 61
63.8240 64.1760 59
64.2720 64.5600 62
64.5920 66.3520 61
67.0880 67.1840 59
67.2160 67.5040 61
67.5360 67.7280 60
67.7600 68.1760 61
68.2080 68.8160 59
68.9440 69.1040 54
69.3280 70.2560 59
71.2800 71.4080 59
71.4400 71.6640 58
71.6960 72.1120 56
72.2400 72.5280 52
72.7200 72.8800 59
73.0720 73.7760 57
74.9280 74.9920 46
75.0240 75.0240 48
75.0560 75.0560 51
75.0880 75.0880 54
75.1200 75.1520 56
75.1840 75.4080 57
75.4400 75.4720 58
75.5040 76.2400 59
76.4640 77.3600 57
77.7760 78.0640 51
78.2560 78.4480 64
78.4800 78.5440 63
78.5760 78.5760 61
78.6080 78.6400 59
78.6720 79.1200 57
79.1520 81.2320 59
82.0320 82.1280 51
82.1600 82.1920 52
82.2240 82.3200 53
82.3520 82.3520 59
82.3840 82.5120 62
82.5440 82.7040 64
82.8640 83.5040 61
83.5360 84.2080 59
84.2400 85.2960 57
85.3280 85.3280 55
85.3600 85.6480 52
86.0320 86.1600 62
86.1920 86.3840 64
86.5120 86.5440 58
86.5760 86.8640 59
86.9920 87.0880 59
87.1200 87.1520 58
87.1840 87.5360 57
87.5680 87.5680 55
87.6960 88.1120 56
88.1440 88.7520 57
88.7840 88.8160 58
88.8480 89.0400 59
89.0720 89.2320 61
89.2640 89.4880 57
89.5200 89.6480 54
89.6800 89.7760 55
89.8080 89.9040 57
89.9360 90.0000 56
90.0320 90.2880 52
90.3200 92.1440 54
92.7520 92.8160 53
92.8480 92.9760 54
93.0080 93.2000 55
93.2320 93.3600 54
93.4880 93.6160 52
93.6480 93.9040 53
93.9360 94.0960 57
94.1280 94.5440 59
94.5760 94.5760 57
94.7040 94.9920 52
95.2160 95.3760 61
95.4080 96.3040 59
96.8160 97.0400 64
97.0720 97.2320 62
97.2640 97.4560 64
97.4880 98.0000 61
98.0320 98.1600 59
98.1920 98.3520 61
98.4800 98.6400 59
98.7680 98.9600 59
98.9920 99.0560 58
99.0880 99.3120 57
99.4400 99.8240 57
99.9520 100.1120 59
100.1440 100.5280 61
100.8480 100.9440 62
100.9760 101.1360 64
101.2960 101.9360 59
101.9680 102.3520 57
102.3840 102.8000 56
102.9280 103.1200 57
103.3440 103.6000 57
103.6320 103.8240 59
103.8560 104.0160 61
104.0480 104.2720 57
104.3040 104.5600 54
104.5920 104.8160 57
104.8480 105.1040 52
105.1360 106.9280 54
107.2160 107.5360 54
107.9520 108.6560 54
108.6880 109.4560 52
109.5840 110.0960 59
111.4080 111.6000 59
111.6320 112.3360 61
112.3680 112.5600 59
112.5920 114.6400 57
121.8400 121.9680 49
131.2160 131.2480 52
131.2800 131.4080 55
131.4400 131.6320 57
131.7600 132.4960 51
132.5280 132.9440 52
133.1040 133.2640 52
133.2960 133.3600 53
133.3920 133.4880 54
133.5200 133.5840 51
133.6160 134.2560 49
134.2880 134.3520 48
135.4080 135.4720 48
135.5040 135.9200 51
135.9520 136.0800 52
136.1120 136.3040 54
136.3360 136.7520 57
136.8800 136.9440 57
136.9760 137.0720 58
137.1040 137.7440 57
137.7760 137.8400 56
139.3120 139.4400 51
139.4720 139.6000 52
139.6320 139.7280 56
139.7600 140.1440 59
140.1760 140.4640 57
140.4960 140.7840 59
140.8160 141.3600 61
142.0960 142.1600 51
142.1920 142.2880 52
142.4160 142.4800 58
142.5120 142.5120 60
142.5440 142.7040 62
142.8320 143.0560 61
143.2800 143.5680 59
143.7280 143.9840 62
144.0160 145.7760 61
146.4480 146.5120 58
146.5440 146.8960 61
146.9280 147.1200 60
147.1520 147.5040 61
147.5360 147.6000 60
147.6320 148.2080 59
148.2400 148.2400 56
148.2720 148.4960 54
148.7200 149.2640 59
150.6720 150.8640 59
150.8960 150.9600 58
150.9920 151.0560 57
151.0880 151.4400 56
151.6320 151.8560 52
151.8880 152.0480 53
152.0800 152.2400 59
152.4320 153.0720 57
154.2240 154.2240 45
154.2880 154.3520 45
154.3840 154.3840 49
154.4160 154.4800 54
154.5120 154.8000 57
154.8320 155.5680 59
155.7600 156.6560 57
157.1680 157.4880 52
157.6160 157.9040 63
157.9360 158.4160 57
158.5760 159.1840 59
159.2160 159.2800 64
159.3120 160.6880 59
161.3920 161.5840 52
161.6160 161.6800 54
161.7120 161.7120 56
161.7440 161.8720 62
161.9040 162.0640 64
162.2560 162.5440 61
162.5760 162.6720 58
162.7040 162.8960 61
162.9280 163.6000 59
163.6320 164.4000 57
164.5280 164.6560 57
164.6880 164.6880 55
164.7200 165.0400 52
165.3920 165.5200 62
165.5520 165.7760 64
165.9040 166.2240 59
166.3520 166.5440 59
166.5760 166.9600 57
167.0880 167.5040 56
167.5360 168.1120 57
168.2400 168.3360 59
168.3680 168.4000 60
168.4320 168.4960 62
168.5280 168.5600 61
168.6880 168.8800 56
168.9120 169.0720 55
169.1040 169.2320 56
169.6480 171.6000 54
172.1120 172.1440 53
172.1760 172.3360 54
172.3680 172.5600 55
172.5920 172.6880 54
172.7200 172.8160 53
172.8480 173.2640 52
173.2960 173.4240 57
173.4560 173.9360 59
174.1280 174.3520 52
174.5760 174.7360 61
174.7680 175.6960 59
176.2080 176.8800 64
176.9120 177.3280 61
177.3600 177.5520 59
177.5840 177.7760 61
177.8720 178.5760 59
178.6080 178.7040 57
178.8640 179.2800 57
179.3120 179.5040 59
179.5360 179.8880 61
180.2400 180.3360 62
180.3680 180.5280 64
180.7520 181.3280 59
181.3600 181.7440 57
181.7760 182.1920 56
182.3200 182.5120 57
182.7360 182.9600 57
182.9920 183.1840 59
183.2160 183.3440 61
183.3760 183.6000 57
183.6320 183.7920 54
183.8240 183.8880 55
183.9200 184.1120 57
184.1440 184.1440 55
184.1760 184.4000 53
184.4320 186.0000 54
186.0320 186.1920 53
187.3120 187.3760 53
187.4080 188.0160 54
188.0480 188.8480 52
189.0080 189.8400 59
190.8000 191.0240 59
191.0560 191.7280 61
191.7600 191.9200 59
191.9520 194.0320 57
211.2480 211.4720 54
211.6000 211.6960 63
211.7280 211.8880 65
212.0480 212.3680 62
212.4960 212.6560 62
212.6880 213.3600 60
213.3920 214.2560 58
214.4160 214.5440 58
214.5760 214.8960 53
215.2800 215.4080 51
215.4400 215.5680 53
215.7600 216.0800 60
216.2080 216.4000 60
216.4320 216.7520 58
216.9760 217.3600 57
217.3920 217.9040 58
218.0960 218.2880 60
218.3200 218.4480 62
218.4800 218.7360 57
218.7680 218.8960 55
218.9280 219.0240 57
219.0560 219.1520 63
219.1840 219.1840 58
219.2160 219.5040 53
219.5360 221.3600 55
221.9360 222.1920 54
222.2240 222.3840 56
222.4160 222.5760 55
222.6080 223.1200 53
223.1520 223.2800 58
223.3120 223.7600 60
223.9840 224.1760 53
224.4000 224.5600 62
224.5920 225.6480 60
225.6800 225.7760 64
226.0640 226.7360 65
226.7680 227.2480 62
227.2800 227.4400 60
227.4720 227.5680 62
227.6960 228.1760 60
228.2080 228.2400 59
228.4000 228.5280 58
228.6560 229.1040 58
229.1360 229.2320 60
229.3920 229.5840 50
230.0640 230.1600 63
230.1920 230.3520 65
230.5120 231.1520 60
231.1840 231.6000 58
231.6320 232.0480 57
232.1760 232.3680 58
232.5600 232.8160 58
232.8480 233.0080 60
233.0400 233.2000 62
233.2320 233.4560 58
233.4880 233.7440 55
233.7760 234.0000 58
234.0320 234.2880 54
234.3200 236.1120 55
237.1680 237.7760 55
237.8080 237.8400 54
237.8720 238.6720 53
238.8320 239.6640 60
240.6560 240.9120 63
240.9440 244.2080 62
