17.3280 17.3920 57
17.4240 17.4560 56
27.4720 27.5680 57
27.6000 27.7280 59
28.1440 28.2080 56
28.2400 28.3360 59
28.4960 28.9120 55
29.1680 29.2000 54
29.2320 29.2960 55
29.3280 29.3600 56
29.3920 29.6800 57
32.9120 32.9760 56
33.0080 33.1040 59
33.1360 33.1680 58
33.5840 33.6480 56
33.6800 33.7760 59
33.8080 33.8720 58
33.9040 34.3200 55
34.6080 34.7360 59
34.7680 34.8000 61
34.8320 35.1200 62
37.8720 37.9360 53
37.9680 38.1280 54
38.1600 38.3200 55
38.3520 38.3520 60
38.3840 38.4480 62
38.4800 38.6400 63
38.6720 38.6720 60
38.7040 38.8320 57
39.0240 39.0560 62
39.0880 39.1200 63
39.1520 39.2800 64
39.4080 39.9520 60
39.9840 40.1440 59
40.1760 40.6560 62
40.7840 40.9120 65
40.9440 41.3600 67
43.4720 43.8240 55
43.8560 43.8880 56
43.9200 44.0480 57
44.1760 44.4640 59
44.4960 44.9440 60
44.9760 45.1360 62
45.5200 45.5520 56
45.5840 45.6480 57
45.6800 45.7760 59
45.8080 45.8720 58
46.1600 46.6720 57
49.2640 49.3280 57
49.3600 49.4880 58
49.9680 50.0640 57
50.0960 50.1920 59
50.2240 50.2880 58
50.3200 50.3520 56
50.3840 50.6400 55
50.6720 50.7360 54
50.9280 51.0560 55
51.0880 51.4080 57
54.4480 54.6080 50
54.6400 54.6720 51
54.7040 54.7040 55
54.7360 54.8000 58
54.8320 54.9280 59
54.9600 54.9920 58
55.0240 55.1520 57
55.1840 55.2160 56
55.3760 55.4720 58
55.5040 55.6320 59
55.7600 56.1440 55
56.4000 56.4320 58
56.4640 56.4960 59
56.5280 56.5600 60
56.5920 57.0400 62
57.8400 57.9360 57
57.9680 58.1920 59
58.2240 58.2880 57
58.3200 58.8000 55
59.5680 59.9200 55
60.1760 60.2720 62
60.3040 60.4320 64
60.8480 60.9440 62
60.9760 61.0400 64
61.2320 61.3920 59
61.4240 61.9360 60
61.9680 62.4480 62
62.5760 62.6080 65
62.6400 62.7040 66
62.7360 63.4720 67
65.2960 65.7120 55
65.7440 65.8400 57
65.8720 65.9360 58
65.9680 66.2240 59
66.2560 66.4160 58
66.4480 66.6720 60
66.7040 66.8640 61
66.8960 67.0880 62
67.1200 67.1200 60
67.3760 67.4720 65
67.5040 68.1440 67
68.1760 68.2400 68
68.2720 68.6560 69
69.8720 69.9680 65
70.0960 70.1920 59
70.2240 70.5760 62
70.6080 71.2480 59
71.2800 71.9520 57
72.1120 72.3360 55
72.3680 72.4000 56
72.4320 72.8800 57
72.9120 73.0080 58
73.1040 73.2000 58
73.2320 73.7120 57
73.7440 73.9360 55
75.5680 75.6320 59
75.6640 75.7600 62
75.8880 75.9840 62
76.0160 76.5280 59
76.5600 76.7200 58
76.7520 77.3280 57
77.3600 77.3920 56
77.5840 77.7120 55
77.9040 78.0640 62
78.2240 78.3840 62
78.4160 78.4800 64
78.5120 78.9920 62
79.0240 79.1200 61
80.4960 80.7840 62
80.9760 81.0080 62
81.0400 81.0720 63
81.1040 81.2320 64
81.2640 81.5200 62
81.6480 81.7760 62
81.8080 81.9360 64
81.9680 82.0000 63
82.0320 82.1280 62
82.3200 82.4480 59
82.6720 82.8000 60
82.8320 83.1520 62
83.3760 83.4400 58
83.7280 83.7920 59
83.8240 83.9840 62
84.0160 84.4640 59
84.4960 84.6560 62
84.6880 84.8160 59
85.0400 85.1040 52
85.1360 85.2000 51
85.2320 85.3920 52
85.4240 85.5520 53
85.5840 85.9360 55
86.4480 86.5440 56
86.5760 86.5760 58
86.6080 86.9600 60
87.1200 87.2480 59
87.2800 87.4080 60
87.4400 87.4720 59
87.6320 87.6640 59
87.6960 87.8560 60
87.8880 88.1120 59
88.1440 88.3040 60
88.4320 88.6240 59
88.6560 88.7840 60
88.8160 88.9760 62
89.1040 89.2960 62
89.3280 89.4240 64
89.4560 90.0000 62
90.0320 90.0640 59
90.2560 90.5120 55
90.5440 90.6080 56
90.6400 90.7040 57
91.1840 91.3120 68
91.3440 91.4080 65
91.4400 91.4720 63
91.9840 92.0160 59
92.0480 92.3360 62
92.3680 92.5920 59
92.7520 93.0720 59
93.1040 93.2640 57
93.4240 93.7440 57
93.9360 93.9680 54
94.0000 94.1280 55
94.2560 94.3200 56
94.3520 94.7040 57
94.7360 94.8000 59
94.8320 94.8640 58
94.8960 95.4720 57
95.5040 95.7280 55
95.9840 96.2720 55
96.5920 97.1360 55
97.1680 97.2320 56
97.5200 97.8400 62
97.8720 97.9040 60
97.9360 98.4800 59
98.5120 98.5440 58
98.7360 99.1520 57
99.3760 99.6640 55
99.6960 99.6960 57
99.7280 99.9200 62
100.0160 100.1760 62
100.2080 100.3040 64
100.3360 100.8480 62
100.8800 100.9440 59
101.4560 101.5520 59
101.5840 101.8400 60
101.8720 102.0960 62
102.4480 102.6400 62
102.8000 102.8320 62
102.8640 102.8960 63
102.9280 103.0240 64
103.0560 103.1200 63
103.1520 103.3120 62
103.4720 103.5040 62
103.5360 103.6640 63
103.8240 103.9520 62
103.9840 104.3360 59
104.4960 104.5920 60
104.6240 104.8800 62
105.1680 105.4880 59
105.5200 105.5840 60
105.6160 105.7440 62
105.7760 106.2560 59
106.2880 106.4800 62
106.5120 106.7360 59
106.8640 106.9600 67
106.9920 107.1520 69
107.1840 107.7280 67
107.7600 107.7920 65
108.3680 108.3680 58
108.4000 108.7520 60
108.9440 109.0400 59
109.0720 109.2640 60
109.4240 109.7440 60
109.7760 109.8720 59
109.9040 110.0960 60
110.2560 110.4160 59
110.4480 110.5760 60
110.6080 111.0560 62
111.0880 111.2160 64
111.2480 111.7600 62
111.7920 111.8560 60
112.3680 112.4320 68
112.4640 112.6560 71
112.6880 112.7840 70
112.8160 112.8480 69
112.8800 113.3920 67
113.5200 113.5840 67
113.7120 113.7440 57
113.7760 113.8080 58
113.8400 113.9680 59
114.0000 114.0320 58
114.0640 114.3520 57
114.5760 115.1840 57
115.2160 115.3120 59
115.3440 115.4080 58
115.4400 115.8560 57
116.0480 116.5600 57
116.5920 116.6880 59
116.7200 116.7520 58
116.7840 117.2320 57
117.2640 117.3920 55
117.4240 117.5840 57
117.6160 117.7760 55
117.8080 117.9360 57
117.9680 118.0960 59
118.1280 118.3840 57
118.4160 118.6080 58
118.6400 118.8000 59
118.8320 118.9920 62
119.1520 119.2480 62
119.2800 119.3760 64
119.4080 119.7280 62
119.7600 119.8240 61
119.8560 119.8880 62
119.9200 119.9520 63
119.9840 120.0800 64
120.1120 120.3680 62
120.4320 120.5920 62
120.6240 120.7200 63
120.8800 121.2320 62
121.2640 121.3600 63
121.5200 122.0320 62
122.7040 122.8320 60
122.8640 123.1200 62
123.2480 123.3120 65
123.3440 123.7920 67
123.8240 123.9200 66
123.9520 124.0160 65
131.0560 131.1200 58
131.1520 131.2480 57
131.2800 131.4080 56
132.3360 132.5280 57
132.5600 132.6240 58
132.6560 132.7520 59
141.6800 141.7760 50
142.0000 142.0960 57
142.1280 142.2240 59
142.6400 142.7040 56
142.7360 142.8640 59
143.0240 143.4720 55
143.7920 143.8240 56
143.8560 143.9200 57
143.9520 144.0480 58
144.0800 144.2400 57
145.5840 145.7120 54
145.7440 146.1280 55
147.1840 147.4080 50
147.4400 147.4400 54
147.4720 147.5360 57
147.5680 147.7280 59
148.1120 148.1760 57
148.2080 148.3360 58
148.4960 148.7840 55
149.1680 149.2000 59
149.2320 149.2960 60
149.3280 149.8400 62
150.5120 150.6080 57
150.6400 150.8640 59
150.8960 150.9920 57
151.0240 151.3120 55
152.4000 152.6880 55
152.8800 152.9440 61
152.9760 153.1040 64
153.1360 153.1360 62
153.1680 153.1680 60
153.2000 153.4240 55
153.5520 153.6480 62
153.6800 153.8400 64
153.8720 153.9680 61
154.0000 154.6720 60
154.7040 155.0880 62
155.2800 155.3120 67
155.3440 155.3760 68
155.4080 155.8240 69
155.8560 156.4000 67
156.4320 156.4640 66
156.4960 156.5280 65
158.3520 158.4160 56
158.4480 158.6400 57
158.6720 159.0880 59
159.1200 159.3120 60
159.3440 159.6640 62
160.0160 160.1120 66
160.1440 160.4640 67
160.6880 160.7840 69
160.8160 161.3280 71
161.3600 161.7120 69
161.7440 161.9680 71
162.0000 162.0320 70
162.0640 162.0960 69
162.7680 162.8640 59
162.8960 162.9280 60
162.9600 163.2800 62
163.3120 163.9520 59
163.9840 164.6880 57
164.8160 165.0400 55
165.1680 165.6480 57
165.8400 165.9040 58
165.9360 166.4160 57
166.4480 166.4800 55
166.5120 166.6080 54
166.6400 166.7040 55
166.8960 166.9600 55
166.9920 167.1200 54
167.4400 167.5680 54
167.6000 167.7280 55
168.0160 168.0480 55
168.2720 168.3360 59
168.3680 168.4640 62
168.5920 168.7200 62
168.7520 168.8160 59
168.9440 169.2640 59
169.2960 169.4240 58
169.4560 170.0960 57
170.2880 170.4160 55
170.6400 170.7360 62
170.9600 171.0880 62
171.1200 171.2160 64
171.2480 171.6960 62
171.7280 171.7600 61
171.7920 171.8240 60
173.2640 173.4880 62
173.6800 173.7120 62
173.7440 173.7760 63
173.8080 173.9360 64
173.9680 174.2240 62
174.3520 174.4800 62
174.5120 174.6400 64
174.6720 174.7040 63
174.7360 174.8320 62
175.0240 175.1840 59
175.3760 175.5040 60
175.5360 175.8560 62
176.0480 176.1760 58
176.4320 176.4960 59
176.5280 176.6880 62
176.7200 177.1680 59
177.2000 177.3600 62
177.3920 177.4880 59
177.5200 177.5520 58
177.7440 178.0640 52
178.0960 178.2560 53
178.2880 178.6400 55
179.1200 179.2480 56
179.2800 179.2800 58
179.3120 179.6640 60
179.8560 179.9520 59
179.9840 180.1760 60
180.3360 180.3680 59
180.4000 180.6240 60
180.6560 180.8160 59
180.8480 181.0400 60
181.1680 181.3280 59
181.3600 181.5200 60
181.5520 181.7120 62
181.8400 182.0000 62
182.0320 182.1280 64
182.1600 182.7040 62
182.7360 182.7680 59
182.8320 183.1200 57
183.1520 183.3120 56
183.8560 183.8560 65
183.8880 184.0160 68
184.0480 184.1440 65
184.1760 184.1760 63
184.6880 184.7200 59
184.7520 185.0400 62
185.0720 185.2960 59
185.4560 185.7760 59
185.8080 185.9680 57
186.1600 186.4480 57
186.6720 186.7040 54
186.7360 186.8960 55
186.9280 187.0240 56
187.0560 187.3760 57
187.4080 187.4400 58
187.4720 187.5360 59
187.5680 187.6000 58
187.6320 188.1760 57
188.2080 188.4320 55
188.6880 189.0400 55
189.3600 189.8400 55
189.8720 189.9680 56
190.1600 190.1920 59
190.2240 190.5440 62
190.5760 190.6080 60
190.6400 191.1840 59
191.2160 191.2480 58
191.4400 191.8880 57
192.0800 192.3680 55
192.4000 192.4000 57
192.4320 192.6240 62
192.7200 192.8480 62
192.8800 192.9120 63
192.9440 193.0080 64
193.0400 193.5520 62
194.1920 194.2560 59
194.2880 194.5440 60
194.5760 194.8640 62
195.1520 195.3440 62
195.5040 195.6000 62
195.6320 195.7600 64
195.7920 195.8240 63
195.8560 196.0160 62
196.1760 196.2400 62
196.2720 196.4000 63
196.5280 196.6560 62
196.6880 197.0720 59
197.2000 197.2960 60
197.3280 197.6160 62
197.8720 198.2560 59
198.2880 198.3200 61
198.3520 198.4480 62
198.4800 198.9600 59
198.9920 199.1840 62
199.2160 199.4400 59
199.5680 199.5680 65
199.6000 199.6640 67
199.6960 199.8880 69
199.9200 200.4000 67
200.4320 200.4960 66
200.5280 200.5600 65
201.1360 201.4560 60
201.6480 201.9680 59
202.1600 202.4480 60
202.4800 202.6080 59
202.6400 202.8320 60
202.9600 203.1200 59
203.1520 203.2800 60
203.3120 203.7920 62
203.8240 203.9200 64
203.9520 204.5280 62
204.6880 204.9120 62
205.0720 205.1360 68
205.1680 205.2960 71
205.3280 205.5520 70
205.5840 206.0640 67
206.4480 206.5120 57
206.5440 206.6720 59
206.7040 206.8000 58
206.8320 207.0560 57
207.2800 207.6640 57
207.7920 207.8880 57
207.9200 208.0480 59
208.0800 208.1120 58
208.1440 208.5600 57
208.7520 209.0400 57
209.1680 209.2640 57
209.2960 209.3920 59
209.4240 209.4880 58
209.5200 209.7760 57
209.8080 209.9040 56
209.9360 210.0960 55
210.1280 210.2880 57
210.3200 210.4160 55
210.5440 210.6400 57
210.6720 210.8000 59
210.8320 211.1200 57
211.1520 211.2160 58
211.2800 211.3120 58
211.3440 211.5040 59
211.5360 211.6960 62
211.8240 211.9520 62
211.9840 212.1120 64
212.1440 212.4640 62
212.5920 212.6560 63
212.6880 212.8160 64
212.8480 213.2960 62
213.3280 213.4560 63
213.5840 213.9360 62
213.9680 214.0640 63
214.2240 214.7680 62
215.3440 215.4400 59
215.4720 215.5040 60
215.5360 215.5680 61
215.6000 215.9200 62
215.9520 216.0160 65
216.0480 216.4960 67
216.5280 216.6560 66
216.6880 216.7200 64
216.9120 216.9440 56
216.9760 217.1040 57
217.3280 217.4240 57
217.4560 217.5840 59
217.6160 217.6480 58
217.6800 218.0320 57
218.2240 218.8000 57
218.8320 218.9280 59
218.9600 219.0880 58
219.1200 219.4720 57
219.6320 219.9200 57
220.0480 220.1760 57
220.2080 220.3040 59
220.3360 220.4000 58
220.4320 220.6560 57
220.6880 220.7200 56
220.8160 221.0080 55
221.0400 221.1680 57
221.2000 221.2320 56
221.2640 221.2960 55
221.4240 221.5520 57
221.5840 221.7120 59
221.7440 222.0000 57
222.4160 222.6080 62
222.7040 222.8000 62
222.8320 222.8640 63
222.8960 222.9920 64
223.0240 223.3440 62
223.3760 223.4400 61
223.4720 223.5040 62
223.5360 223.5680 63
223.6000 223.6640 64
223.6960 223.7280 63
223.7600 224.2080 62
224.2400 224.3360 63
224.4960 224.8480 62
224.8800 224.9760 63
225.1360 225.7120 62
226.1280 226.3200 59
226.3520 226.4480 60
226.5760 226.8320 62
226.8640 227.0560 59
227.1840 227.3120 67
227.3440 227.5040 69
227.5360 227.7920 67
227.8240 227.8880 65
227.9200 228.0480 66
228.0800 228.7200 67
232.6240 232.6880 69
255.1520 255.2480 68
