17.8720 17.9680 50
18.1600 18.2240 50
22.2880 22.6080 50
22.6400 22.7040 51
23.1840 23.3440 57
23.3760 23.4080 56
23.4400 23.6640 55
23.6960 23.7600 56
23.7920 24.1440 57
24.1760 24.2080 58
24.4320 24.7520 62
24.7840 24.8480 61
25.0080 25.3600 57
25.6480 25.8080 53
25.8400 25.9040 54
25.9360 26.0960 57
26.1280 26.1920 56
26.2240 26.6400 55
27.4720 27.7600 55
27.7920 27.8240 54
27.8560 27.9200 53
27.9520 27.9840 52
28.0160 28.1440 51
28.1760 28.4960 50
28.5280 28.5920 51
28.8480 29.2000 53
29.7440 30.0000 55
30.0320 30.0640 56
30.0960 30.8640 57
30.8960 30.9600 58
30.9920 31.1520 60
31.1840 31.2160 59
31.3440 31.7600 57
32.5600 32.9440 62
33.1680 33.4560 60
33.4880 33.6800 62
33.8720 34.3520 57
34.7360 34.9600 55
35.1520 35.4080 53
35.4400 35.5040 54
35.7280 35.9520 60
35.9840 36.0160 59
36.0480 36.2400 57
36.3680 36.7520 57
37.6800 37.9040 50
38.0960 38.3840 53
38.4160 38.4480 55
38.4800 38.6720 57
38.7040 39.0560 55
39.1840 39.3760 53
39.5040 39.7920 52
39.8240 39.9840 53
40.1120 40.8480 50
42.7360 43.0880 50
43.3440 43.6000 57
43.6320 43.8560 55
44.5920 44.9440 62
45.2640 45.5200 57
45.5520 45.6480 56
45.8400 46.3520 53
46.3840 46.4480 54
46.4800 46.8960 55
47.6640 48.2080 55
48.3680 48.5600 57
48.5920 48.6560 56
48.6880 48.7520 55
49.0080 49.4240 50
50.2880 50.6720 50
50.8960 51.0880 57
51.1200 51.2800 60
51.3120 51.3760 59
51.4080 51.9840 57
52.7520 53.1360 62
53.4240 53.6480 60
53.6800 53.9040 62
53.9360 53.9680 60
54.0000 54.7360 57
54.9600 55.2160 55
55.3440 55.8240 53
55.9840 56.4640 55
56.6560 57.1040 57
57.9360 58.2560 50
58.2880 58.6080 53
58.6400 58.7680 55
58.8000 58.9920 57
59.0240 59.0560 56
59.0880 59.2480 55
59.4400 59.6320 53
59.6640 60.3040 52
60.3360 62.2880 53
63.5680 64.1760 57
64.2080 64.3040 63
64.3360 64.5920 65
64.7840 65.0080 64
65.0400 65.0400 59
65.0720 65.7440 57
65.7760 65.9360 60
65.9680 67.7280 62
68.2720 68.3680 63
68.4000 68.8480 64
68.8800 69.0400 65
69.0720 69.1680 64
69.2000 69.2960 65
69.3280 69.5200 67
69.6160 69.7440 63
69.7760 69.9040 64
70.1280 70.6400 62
70.6720 70.7040 61
70.8960 71.5680 60
71.7280 71.9200 60
71.9520 72.0160 59
72.0480 72.0800 57
72.1120 72.1760 55
72.2080 72.2720 53
72.3040 72.5600 52
72.5920 73.1680 53
74.3200 74.7040 57
74.7360 74.8000 58
74.8320 75.0240 60
75.0560 75.0880 58
75.1200 75.1520 54
75.1840 75.4400 53
75.4720 76.6240 50
77.0400 77.2000 50
77.3600 77.5520 60
77.5840 77.7760 62
77.8080 78.0640 60
78.3840 78.9600 60
79.7920 80.1760 55
80.3040 80.4320 53
80.4640 80.5600 54
80.5920 80.7840 55
80.9760 81.1040 53
81.2320 81.4240 55
81.5520 81.7120 53
81.9040 82.1280 55
82.1600 82.3200 57
82.5120 83.3440 57
83.5680 83.6960 60
83.8240 84.4000 57
84.4320 84.4960 64
84.5280 84.9120 65
85.1680 85.3920 64
85.4240 86.0960 57
86.1280 86.2880 60
86.3200 88.0480 62
88.4960 89.2320 64
89.2640 89.3280 61
89.3600 89.4560 65
89.4880 89.6480 67
89.8400 89.9680 62
90.0000 90.1600 64
90.3200 90.8960 62
91.2160 91.4720 59
91.6000 92.0800 60
92.2400 92.3680 65
92.4000 92.7520 67
92.7840 93.8080 65
94.5760 94.7040 55
94.7360 94.8640 57
94.8960 95.3440 55
95.3760 95.7600 53
95.7920 96.7520 50
97.2640 97.4880 50
97.6160 97.7760 60
97.8080 98.1600 62
98.1920 98.4480 60
98.7040 99.3760 60
99.9520 99.9840 53
100.0160 100.4000 55
100.5600 100.7520 53
100.9440 101.1040 55
101.3280 101.5840 57
101.8400 102.5760 57
103.2480 103.3440 55
103.3760 103.6000 57
103.6320 103.7920 58
103.8240 104.3040 57
104.3360 104.4640 56
104.4960 104.5600 55
104.8480 105.4560 53
105.8400 106.0640 50
106.0960 106.1920 51
106.2240 106.3840 52
106.4160 106.4800 51
106.5120 107.9840 50
118.9600 119.0240 52
119.1520 119.5040 50
131.1840 131.3120 50
131.3440 131.4400 51
131.4720 131.5360 52
131.7920 131.9840 57
132.0160 132.0800 56
132.1120 132.2400 55
132.4320 132.9120 57
132.9440 132.9440 59
132.9760 133.3280 62
133.3600 133.3920 61
133.6480 133.9680 57
134.0000 134.0640 56
134.2240 134.7360 53
134.7680 134.8000 54
134.8320 135.3440 55
136.1440 136.6240 55
136.7840 137.0720 57
137.1040 137.2000 56
137.3920 137.5200 51
137.5520 137.7760 50
138.7040 139.0880 50
139.2800 139.3760 58
139.4080 139.4400 59
139.4720 139.6000 60
139.6320 139.7600 59
139.8880 140.4960 57
141.1680 141.5840 62
141.8080 142.0000 60
142.0320 142.0640 61
142.0960 142.2880 62
142.3200 142.3840 59
142.4160 142.9920 57
143.4080 143.5680 55
143.7600 144.1760 53
144.3680 144.8480 55
145.0400 145.6160 57
145.6480 145.6800 56
146.3200 146.4800 50
146.5120 146.6080 51
146.6400 146.9920 53
147.0240 147.1520 55
147.1840 147.3760 57
147.4080 147.6320 55
147.8560 148.0800 53
148.1120 148.7200 52
148.7520 150.8960 53
151.9520 152.5600 57
152.5920 152.6560 63
152.6880 152.9760 65
153.1360 153.3280 64
153.3600 153.3600 62
153.3920 153.3920 60
153.4240 154.2880 57
154.3200 154.4480 60
154.4800 156.2400 62
156.6240 156.6560 63
156.6880 157.2000 64
157.2320 157.3920 65
157.4240 157.5200 64
157.5520 157.8720 67
157.9040 158.0640 62
158.0960 158.2880 64
158.4480 159.0880 62
159.3120 159.7920 60
160.0480 160.2720 60
160.3040 160.3680 57
160.4000 161.0720 52
161.1040 161.5520 53
162.7680 163.2800 57
163.3120 163.5680 60
163.6000 163.6000 56
163.6320 163.9520 53
163.9840 165.1040 50
165.3600 165.5200 50
165.6800 165.8720 60
165.9040 166.2880 62
166.3200 166.5120 60
166.8320 167.4080 60
168.3040 168.6880 55
168.8160 169.0720 53
169.1040 169.2320 55
169.4240 169.5200 53
169.6800 169.8720 55
170.0320 170.1280 53
170.3520 170.5760 55
170.6080 170.7360 57
170.9600 171.7600 57
172.2400 172.8160 57
172.8480 173.2960 65
173.4880 173.7120 64
173.7440 173.7760 59
173.8080 174.5120 57
174.5440 174.6720 60
174.7040 176.4640 62
176.8800 177.8720 64
177.9040 178.1280 67
178.2560 178.3520 62
178.3840 178.5440 64
178.5760 179.3440 62
179.6320 180.4640 60
180.6240 180.7520 65
180.7840 181.2000 67
181.2320 182.2880 65
182.9280 183.0880 56
183.1200 183.2800 57
183.3120 183.7280 55
183.7600 184.0800 53
184.1120 185.0400 50
185.6480 185.8720 50
186.0000 186.1280 60
186.1600 186.5120 62
186.5440 186.7360 60
186.8640 187.6320 60
188.2720 188.3680 53
188.4000 188.8160 55
188.9440 189.1040 53
189.2640 189.4560 55
189.7120 190.0000 57
190.2560 191.0240 57
191.7600 191.8240 56
191.8560 192.7840 57
192.8160 193.0080 55
193.3280 194.0320 53
194.0640 194.1920 52
194.2240 194.2560 51
194.5120 194.7360 50
194.7680 194.8320 51
194.8640 195.0880 52
195.1200 195.3120 51
195.6640 195.6960 51
196.0800 196.4960 50
