23.6320 23.7600 48
23.7920 24.1120 49
24.2400 24.4640 48
24.4960 24.6240 49
24.6560 24.8160 50
25.0400 25.2320 55
25.2640 26.4480 56
26.4800 26.5440 55
27.4400 27.5680 47
27.7280 28.0160 48
28.1440 28.3360 47
28.4640 28.5920 48
28.6240 28.7840 49
28.9440 29.1360 54
29.1680 29.4560 55
29.4880 29.5520 54
29.5840 29.8080 53
29.8400 29.9040 52
29.9360 30.5760 51
31.2800 31.4720 48
31.5040 31.8880 49
32.0160 32.1760 48
32.3360 32.6560 49
32.6880 32.8800 50
32.9120 32.9760 53
33.0080 33.0400 55
33.0720 33.2320 56
33.2640 33.4240 55
33.7440 33.7760 53
33.8080 33.8400 54
33.8720 34.6720 55
34.7040 34.8640 56
34.8960 34.9280 57
34.9600 35.0880 58
35.2160 35.3120 60
35.3440 35.4080 59
35.4400 35.8240 58
35.8560 35.8880 59
35.9200 36.0800 60
36.1120 36.1440 59
36.1760 36.8480 58
36.8800 37.0400 59
37.0720 37.0720 57
37.1040 37.1360 54
37.1680 37.2960 52
37.3280 37.9040 51
38.9920 39.1840 48
39.2160 39.6640 49
39.6960 39.9840 48
40.0160 40.2080 49
40.2400 40.3360 50
40.5280 40.6560 55
40.6880 40.8480 56
41.0400 42.0000 56
42.0320 42.0640 55
42.8320 42.9600 47
43.2800 43.5040 48
43.6320 43.8560 47
43.8880 44.0800 48
44.1120 44.2400 49
44.4000 44.4640 53
44.4960 44.5600 54
44.5920 44.8160 55
44.8480 45.0080 54
45.0400 45.2960 53
45.3280 45.4240 52
45.4560 46.1280 51
47.0560 47.4400 49
47.5360 48.1760 49
48.2080 48.3040 50
48.3360 48.3680 51
48.4000 48.4640 52
48.4960 48.5280 54
48.5600 48.8800 55
49.2000 49.2320 53
49.2640 49.2960 54
49.3280 50.0960 55
50.1280 50.3840 56
50.4160 50.6080 58
50.6400 50.7680 60
50.8000 50.8320 59
50.8640 51.1840 58
51.2160 51.3440 59
51.3760 51.5360 60
51.5680 51.6000 59
51.6320 52.3040 58
52.3360 52.5280 59
52.5600 52.5600 57
52.5920 52.6240 55
52.6560 52.7200 53
52.7520 53.1360 52
53.7760 53.8080 57
53.8400 54.0000 60
54.0320 54.4480 63
54.4800 54.6720 60
54.7040 55.4400 58
55.4720 55.6960 56
55.7280 56.0800 58
56.2400 56.4640 60
56.4960 57.0400 58
57.6800 57.7440 58
57.7760 57.8400 60
57.8720 58.2880 63
58.3200 58.5760 60
58.6080 59.3120 58
59.3440 59.5040 56
59.5360 59.7920 58
59.8240 59.9520 59
59.9840 60.0160 62
60.0480 60.2400 65
60.2720 60.4640 66
60.4960 61.3600 63
61.7760 62.0000 63
62.0320 62.2240 65
62.2560 62.4160 63
62.5440 62.6400 57
62.6720 62.9920 56
63.6960 63.7280 51
63.7600 63.8880 52
63.9200 63.9520 57
63.9840 63.9840 60
64.0160 64.5600 63
64.5920 64.5920 61
64.6240 64.6560 59
64.6880 65.1040 55
65.4240 65.5200 56
65.5520 65.5840 57
65.6160 66.0000 58
66.1280 66.2240 56
66.3520 66.4480 59
66.4800 66.8320 61
66.8640 67.3440 60
67.5680 68.0800 58
68.1120 68.7840 60
69.2320 69.2960 59
69.3280 69.4560 60
69.4880 69.9040 63
69.9360 70.1280 60
70.2560 70.8960 58
70.9280 71.1520 56
71.1840 71.5360 58
71.6960 71.8880 60
71.9200 72.6240 58
73.0080 73.1040 54
73.1360 73.1680 57
73.2000 73.2960 59
73.4240 73.8400 63
73.8720 74.0320 60
74.0640 74.7360 58
74.7680 74.9280 56
75.0880 75.3760 58
75.5360 75.7600 65
75.7920 75.9520 67
75.9840 77.8080 63
79.1520 79.3760 63
79.4080 79.6000 65
79.6320 79.7920 63
79.8240 79.9520 57
79.9840 80.4000 56
81.1680 81.2960 51
81.3280 81.6480 52
81.6800 82.0320 51
82.1600 82.5440 55
82.5760 82.7360 52
82.8640 82.8960 54
82.9280 82.9920 55
83.1200 83.2160 56
83.3760 83.5360 58
83.5680 83.6000 59
83.6320 83.6960 60
83.8240 84.0160 58
84.2080 85.3920 56
87.4720 87.6640 48
87.6960 87.7600 49
88.1440 88.3680 49
88.4000 88.5600 50
88.8800 89.0400 55
89.0720 90.4800 56
91.6000 91.8560 49
92.7520 92.9120 53
92.9440 92.9760 54
93.0080 93.2640 55
93.2960 93.3600 54
93.3920 93.6160 53
93.6480 93.7440 52
93.7760 94.3840 51
95.1520 95.3760 48
95.4080 95.7280 49
95.8560 96.0160 49
96.1440 96.2720 49
96.4640 96.6560 50
96.6880 96.7520 51
96.7840 96.8160 54
96.8480 96.8800 55
96.9120 97.1360 56
97.1680 97.2640 55
97.5840 97.6160 54
97.6480 98.4800 55
98.5120 98.6720 56
98.7040 98.7680 57
98.8000 98.9280 58
99.0560 99.1840 60
99.2160 99.6640 58
99.6960 99.7280 59
99.7600 99.8880 60
99.9200 99.9840 59
100.0160 100.6560 58
100.6880 100.8160 59
100.8480 100.8800 58
101.0080 101.1040 52
101.1360 101.7120 51
102.8960 103.0880 48
103.1200 103.3440 49
103.6320 103.8240 49
103.8560 103.9200 50
104.4000 104.4960 55
104.5280 104.6880 56
104.8800 105.8720 56
105.9040 105.9680 55
106.6720 106.8640 47
107.1520 107.4080 48
107.4400 107.6960 47
107.7280 107.9200 48
107.9520 108.0800 49
108.2400 108.3360 53
108.3680 108.4320 54
108.4640 108.7520 55
108.7840 108.8480 54
108.8800 109.1040 53
109.1360 109.2000 52
109.2320 110.0000 51
110.6400 110.7360 49
110.8960 111.2800 49
111.3120 111.6000 48
111.6320 111.7600 49
111.8880 112.0480 50
112.0800 112.2400 51
112.2720 112.3360 54
112.3680 112.6240 56
112.6560 112.7520 55
113.0720 113.1360 53
113.1680 113.2000 54
113.2320 113.9680 55
114.0000 114.1600 56
114.1920 114.2240 57
114.2560 114.3840 58
114.4160 114.4800 59
114.5120 114.6400 60
114.6720 114.7360 59
114.7680 115.1840 58
115.2160 115.3760 60
115.4080 115.4720 59
115.5040 116.1440 58
116.1760 116.3680 59
116.6560 116.7200 54
117.6800 117.7120 59
117.7440 117.8080 60
117.8400 117.9040 61
117.9360 118.2880 63
118.3200 118.3840 62
118.4160 118.5440 60
118.5760 118.6400 59
118.6720 119.2800 58
119.3120 119.5040 57
119.5360 119.9520 58
120.0800 120.2400 60
120.2720 120.3040 59
120.3360 120.9440 58
121.5520 121.7120 60
121.7440 122.1600 63
122.1920 122.4480 60
122.4800 123.2160 58
123.2480 123.4080 56
123.4400 123.7600 58
123.7920 123.8560 59
123.8880 123.9200 63
123.9520 124.1120 65
124.1440 124.1760 66
124.2080 124.3360 67
124.3680 125.1680 63
125.6480 125.8400 63
125.8720 126.0640 65
126.0960 126.2560 63
126.2880 126.2880 61
126.3200 127.0240 56
127.8560 127.8560 61
127.8880 128.0800 65
128.1120 128.4320 63
128.4640 128.4640 61
128.4960 128.4960 59
128.5280 128.9760 55
129.2960 129.3920 56
129.4240 129.8720 58
130.0000 130.1280 56
130.2560 130.3200 59
130.3520 130.7040 61
130.7360 131.1520 60
131.3760 131.7920 58
131.9200 132.6560 60
133.0720 133.2000 59
133.2320 133.2960 60
133.3280 133.3600 62
133.3920 133.7760 63
133.8080 134.0000 60
134.1280 134.7360 58
134.7680 134.8000 57
134.8320 134.9600 56
134.9920 135.0240 57
135.0560 135.4080 58
135.5360 135.7600 60
135.7920 136.4320 58
136.8160 136.9120 56
137.0400 137.0720 59
137.1040 137.1680 60
137.2960 137.7120 63
137.7440 137.8720 60
137.9040 138.6720 58
138.7040 138.8320 56
138.9920 139.3120 58
139.4400 139.6640 65
139.6960 139.8880 67
139.9200 139.9840 65
140.0160 141.9360 63
143.0880 143.3120 63
143.3440 143.5360 65
143.5680 143.6960 63
143.7280 143.7280 61
143.7600 144.3360 56
145.0080 145.8400 51
145.9680 146.3520 55
146.3840 146.5760 53
146.7360 146.8640 55
146.8960 147.1200 56
147.1520 147.3440 58
147.3760 147.6000 60
147.6320 147.8240 58
148.0160 148.2400 56
148.2720 148.5280 55
148.5600 150.5120 56
154.6720 154.8960 60
159.1520 159.2160 59
162.3200 162.4480 60
163.1520 163.3120 62
163.3440 163.9520 63
164.1440 164.2080 59
164.2400 164.3680 60
164.4000 164.8160 63
164.8480 165.0400 60
165.0720 165.7440 58
165.7760 166.0000 56
166.0320 166.3840 58
166.5440 166.6720 60
166.7040 166.7360 59
166.7680 167.4400 58
168.0480 168.2080 60
168.2400 168.6240 63
168.6560 168.8480 60
168.8800 168.9120 59
168.9440 169.6160 58
169.6480 169.8400 56
169.8720 170.1920 58
170.2240 170.2880 59
170.3200 170.3520 63
170.3840 170.6080 65
170.6400 170.7680 67
170.8960 171.6320 63
171.6640 171.8240 62
172.1120 172.3040 63
172.3360 172.5280 65
172.5600 172.7200 63
172.7520 172.7520 60
172.7840 173.4240 56
174.0320 174.0960 52
174.1600 174.1600 52
174.2240 174.2240 53
174.2560 174.2560 55
174.2880 174.2880 58
174.3200 174.3200 61
174.3520 174.8960 63
174.9280 174.9280 59
174.9600 174.9600 57
174.9920 175.4080 55
175.7920 175.9520 56
175.9840 176.3680 58
176.4000 176.5600 56
176.7200 176.7520 60
176.7840 177.1680 61
177.2000 177.5840 60
177.8080 178.3200 58
178.3520 179.0560 60
179.6000 179.6320 59
179.6640 179.7920 60
179.8240 180.2080 63
180.3360 180.4640 60
180.5920 181.2320 58
181.2640 181.5200 56
181.5520 181.8720 58
182.0000 182.2240 60
182.2560 182.8960 58
183.5360 183.6960 60
183.7280 184.1760 63
184.2080 184.3360 60
184.3680 184.4000 59
184.4320 185.1360 58
185.1680 185.2960 56
185.4560 185.7440 58
185.9040 186.1600 65
186.1920 186.3840 67
186.4160 187.2160 63
187.3440 187.3440 63
187.5680 187.7920 63
187.8240 187.9840 65
188.0160 188.2080 63
188.2400 188.8480 56
189.4560 189.6800 52
189.8080 189.8080 61
189.8400 189.8400 63
189.8720 189.9680 65
190.0000 190.3840 63
190.4160 190.4160 61
190.4480 190.8960 55
190.9280 191.0880 53
191.2480 191.3120 53
191.3440 191.6960 56
191.7280 191.9200 58
191.9520 192.1440 60
192.1760 192.4640 58
192.6240 192.9120 56
192.9440 193.1360 54
193.1680 194.0000 56
213.2320 213.2960 56
213.8720 213.9360 56
214.7360 214.8640 56
