24.8160 24.9760 62
25.0080 25.2320 65
25.2640 25.4560 62
25.6800 26.6080 62
28.5920 28.5920 56
28.6240 28.7840 60
28.9120 29.2320 62
29.2640 29.6800 65
30.4480 30.7040 53
30.9920 31.2480 55
35.7920 35.9200 60
35.9520 35.9840 61
36.0160 36.2080 62
36.2400 36.4000 60
36.5600 37.8400 60
39.4720 39.5360 58
39.5680 39.6960 60
39.7280 39.7920 59
39.8240 40.0800 62
40.2080 40.8160 65
41.3280 41.3600 57
41.3920 41.7440 58
41.9040 42.5120 60
42.5440 42.7680 59
42.8000 42.8960 60
46.6080 46.8320 65
46.8640 47.1200 67
47.1520 47.4400 65
47.5680 48.7840 65
50.4480 50.6400 60
50.8000 50.9920 62
51.1840 51.7600 65
52.1760 52.4000 65
52.4320 52.7520 67
53.0720 53.5520 55
57.5840 57.7760 60
57.8080 58.0000 62
58.0320 59.5040 60
61.4560 61.6480 60
61.8080 62.1280 62
62.1600 62.4480 65
63.4400 63.7280 55
63.9520 64.1440 60
64.1760 64.8480 58
68.4960 68.6880 63
68.7200 68.9120 65
68.9440 70.4480 62
72.2720 72.5280 60
72.5600 72.9120 62
72.9440 73.4880 65
74.3520 74.5760 53
74.7680 74.8000 56
74.8320 74.8960 55
74.9280 75.0880 54
79.4400 79.5680 60
79.6000 79.6640 61
79.6960 79.8560 62
79.8880 80.1120 60
80.3040 80.6240 59
80.6560 81.0400 60
81.0720 81.2640 59
83.1520 83.3120 60
83.3440 83.4080 58
83.4400 83.6320 62
83.8880 84.4000 65
84.9760 85.2960 65
85.3280 85.5520 67
85.5840 85.5840 65
85.6160 86.8960 60
90.1920 90.5120 65
90.5440 90.7680 67
90.8000 91.0560 65
91.2480 92.8160 65
94.1280 94.3200 60
94.3520 94.4160 59
94.4480 94.7040 62
94.7360 94.7680 63
94.8000 95.5360 65
95.8240 96.1120 65
96.1440 96.6880 67
97.0080 97.5200 55
98.4480 98.4480 58
98.4800 98.6720 60
98.7040 98.8960 62
98.9280 99.0560 60
99.0880 99.5680 58
99.9840 100.1120 58
101.2640 101.4560 60
101.4880 101.6480 62
101.6800 101.9040 60
102.0960 103.2160 60
104.7840 105.1360 60
105.1680 105.1680 58
105.3280 105.5520 62
105.5840 105.6480 61
105.6800 106.2880 65
107.0880 107.1520 53
107.1840 107.4720 55
107.5040 107.5040 57
107.5360 107.7920 60
107.8240 108.5600 58
112.3360 112.7840 60
112.8160 113.5840 62
113.6160 113.7760 65
113.9360 114.3840 62
114.6080 114.7680 60
114.8000 114.8320 59
114.8640 115.0880 58
115.2160 116.0480 60
116.2720 116.3360 66
116.3680 116.5280 65
116.5600 116.7840 67
116.8160 117.4240 65
117.8720 117.9040 68
117.9360 117.9680 69
118.0000 118.1600 70
118.1920 118.5120 69
118.5440 118.8320 67
118.9600 119.3120 65
119.3440 119.5040 67
119.6320 119.8240 65
119.8560 120.1440 62
120.1760 120.4320 60
120.4640 120.5920 59
120.6240 120.7520 63
120.7840 121.0400 65
121.2320 121.8720 62
122.4800 122.9600 60
122.9920 123.2800 62
123.3120 123.5680 65
123.6000 123.7920 67
123.9200 124.2080 65
124.4000 124.6880 58
124.7200 125.5200 60
126.0320 126.0640 60
126.0960 126.1600 63
126.1920 126.3520 65
126.3840 126.6080 62
126.6400 126.9280 60
126.9600 127.1200 58
127.1520 127.1840 61
127.2160 127.3760 62
127.5040 127.5360 55
127.5680 127.6320 56
127.6640 127.6960 57
127.7280 127.9200 58
128.1120 128.5280 55
129.8720 130.1280 58
130.1600 130.1920 59
130.2240 130.4160 60
130.5760 130.8640 62
130.8960 131.3440 65
131.9840 132.1440 58
132.3360 132.5600 62
132.5920 132.5920 60
132.7200 133.5200 60
134.1920 134.5760 60
134.6080 135.3440 62
135.3760 135.5360 65
135.6640 136.1760 62
136.3680 136.5920 60
136.6240 136.8800 58
137.0720 137.8720 60
138.0640 138.3200 65
138.3520 138.6080 67
138.6400 139.1200 65
139.7280 140.2400 69
140.4320 140.6560 67
140.6880 141.0400 65
141.0720 141.4240 67
141.4560 141.6800 65
141.7120 142.0000 62
142.0320 142.3200 60
142.5120 142.7680 65
142.9600 143.7280 62
144.4640 144.6880 60
144.8160 145.1360 62
145.1680 145.3920 65
145.4240 145.6160 67
145.6480 145.7760 66
146.1920 146.4480 58
146.6080 147.1840 60
147.8560 147.8880 58
147.9200 147.9840 61
148.0160 148.1760 65
148.2080 148.4960 62
148.5280 148.7840 60
149.0080 149.1040 60
149.1360 149.3280 62
149.3600 149.3920 59
149.4240 149.6160 55
149.6480 149.8400 58
150.0640 150.7360 55
152.1760 152.4640 53
152.4960 152.6880 55
152.8800 153.1040 58
153.2320 153.5840 60
153.6160 153.7760 62
153.9360 154.1600 65
154.3520 154.5760 55
154.7360 154.9920 60
155.1520 155.7280 58
157.0400 157.2320 62
157.2640 157.4880 65
157.5200 159.1200 62
159.1520 159.3440 61
160.8160 161.2000 60
161.2320 161.5200 62
161.5520 162.1280 65
163.0240 163.1200 53
163.4080 163.5040 55
163.5360 163.5680 54
168.0160 168.1760 60
168.2080 168.2400 61
168.2720 168.4320 62
168.4640 168.7200 60
168.8480 170.1600 60
171.5360 171.6640 59
171.6960 171.7280 60
171.7600 171.8880 61
171.9200 171.9520 60
172.0800 172.2720 62
172.4960 173.0720 65
173.4560 173.8080 65
173.8400 174.0640 67
174.0960 174.0960 65
174.1280 174.7360 60
174.7680 175.7920 59
178.7680 179.1200 65
179.1520 179.3760 67
179.4080 179.6640 65
179.8880 181.8720 65
182.5120 182.6400 57
182.6720 182.7360 58
182.7680 182.9600 60
182.9920 183.3120 62
183.3440 183.7920 65
184.0160 184.3040 65
184.3360 184.9440 67
184.9760 185.0400 66
185.3600 185.5200 54
185.5520 185.8400 55
185.8720 185.8720 53
186.4160 187.0240 58
187.0560 187.1840 61
187.2160 187.3440 60
187.3760 187.5360 62
187.5680 187.6000 61
187.6320 187.7280 60
187.7600 188.1120 58
188.1440 188.4320 57
188.4640 188.5280 58
189.8720 190.0640 60
190.0960 190.2560 62
190.2880 190.5120 60
190.7680 191.8880 60
191.9200 192.0800 59
193.4560 193.5840 59
193.6160 193.8080 60
193.8400 193.8400 58
193.9680 194.2560 62
194.2880 194.9600 65
195.4080 195.8560 55
195.8880 195.8880 57
195.9200 196.2400 60
196.2720 197.4880 58
197.5200 197.7120 57
200.9760 201.3920 60
201.4240 202.1600 62
202.1920 202.3520 65
202.4800 202.9920 62
203.1520 203.3760 60
203.4080 203.6640 58
203.8560 204.6560 60
204.8480 205.0720 65
205.1040 205.3920 67
205.4240 205.9680 65
206.5120 206.6080 69
206.6400 206.8000 70
206.8320 207.1520 69
207.1840 207.4720 67
207.6000 207.9520 65
207.9840 208.1440 67
208.2720 208.4960 65
208.5280 208.5920 63
208.6240 208.8480 62
208.8800 209.2320 60
209.2640 209.3920 63
209.4240 209.6800 65
209.8400 210.6080 62
211.3120 211.5680 60
211.6000 211.8560 62
211.8880 211.9200 63
211.9520 212.1440 65
212.1760 212.4640 67
212.4960 212.9760 65
213.0080 213.2640 58
213.3920 213.4240 58
213.4560 213.7760 59
213.8080 213.9040 58
214.2240 214.5120 65
214.7040 214.7680 62
214.8000 214.9280 65
214.9600 215.2160 62
215.3760 215.8240 60
215.8560 215.9840 62
216.0160 216.0480 60
216.0800 216.2720 55
216.3040 216.4960 58
216.6880 216.8160 54
216.8480 216.9120 55
218.1920 218.3200 55
218.5120 218.8000 58
218.8320 219.0240 60
219.1520 219.4720 62
219.5040 219.9840 65
220.6240 220.7520 58
220.8800 221.1360 62
221.1680 221.2320 57
221.2640 221.3280 59
221.3600 221.6160 60
221.6480 221.8400 59
221.8720 222.0000 57
222.7360 223.1520 60
223.1840 223.9200 62
223.9520 224.1120 65
224.1440 224.2080 61
224.2400 224.7520 62
224.9120 225.1040 60
225.1360 225.2000 59
225.2320 225.4560 58
225.6160 226.4800 60
226.6720 226.8640 65
226.8960 227.2160 67
227.2480 227.7920 65
228.2720 228.3040 69
228.3360 228.6240 70
228.6560 228.8480 69
229.0080 229.2000 67
229.2320 229.4880 65
229.5200 229.5520 64
229.6800 229.9040 67
229.9360 230.2240 65
230.2560 230.5440 62
230.5760 230.5760 60
230.7040 230.8960 60
231.0880 231.3440 65
231.5040 232.3040 62
233.0720 233.3280 60
233.3600 233.3920 61
233.4240 233.7440 62
233.7760 233.9680 65
234.0000 234.4160 67
234.6720 234.7040 56
234.7360 234.7680 57
234.8000 235.0240 58
235.1840 235.2160 59
235.2480 235.6320 60
235.6640 235.6960 59
236.4000 236.4320 60
236.4640 236.5280 62
236.5600 236.7520 65
236.7840 237.0720 62
237.1040 237.3600 60
237.5520 237.6480 60
237.6800 237.8080 62
237.9680 238.0960 56
238.1280 238.2880 58
238.4800 238.9920 54
239.0240 239.1200 55
241.2320 241.3600 52
241.3920 241.5520 53
241.5840 241.8080 55
241.9680 242.1920 58
242.3200 242.6720 60
242.7040 242.9280 62
243.1200 243.3440 65
243.5360 243.7280 55
243.8880 244.1440 60
244.2720 244.6880 58
244.7200 244.7840 57
246.9600 247.0240 55
247.3760 247.6320 53
247.6640 247.9840 55
248.2080 248.4640 58
248.6240 249.0080 60
249.0400 249.3600 62
249.5840 250.2880 65
252.1440 252.4000 55
252.5920 252.9120 60
253.1040 254.1920 58
