13.5520 13.7120 49
13.7440 13.8080 50
13.8400 13.8720 51
13.9040 14.0640 52
14.1920 14.2560 52
14.2880 14.3200 53
14.3520 15.0240 54
15.7280 15.7920 49
15.8240 15.9520 52
15.9840 16.0160 53
16.0480 16.2720 54
16.3040 16.4000 53
16.4320 16.4640 54
16.4960 17.1680 55
17.7760 18.0320 54
18.0640 18.4480 55
18.4800 18.6720 57
18.8320 19.0240 57
19.0560 19.1520 56
19.1840 19.1840 54
19.2800 19.7280 50
20.1120 20.3040 49
20.3360 20.6560 50
20.8480 21.1680 50
21.3280 21.4240 50
21.4560 21.4880 51
21.5200 21.7120 52
21.8400 21.9680 50
22.0960 22.4480 52
22.4800 22.5120 53
22.5440 22.7360 54
22.8640 23.1520 54
23.8880 24.0480 52
24.0800 24.4320 53
24.4640 24.5280 54
24.5600 24.7520 55
24.9120 25.3280 55
25.9360 26.1920 54
26.2240 26.4800 55
26.5120 26.5440 56
26.5760 27.3120 57
27.4720 27.5040 60
27.5360 27.6000 61
27.6320 27.8880 62
27.9200 28.7200 59
28.9120 29.0720 59
29.1040 29.7440 61
29.9040 30.0640 61
30.0960 30.5440 62
30.8960 30.9280 60
30.9600 31.0240 61
31.0560 31.6000 62
31.6320 31.7920 61
31.9200 32.2720 61
32.4320 32.5600 65
32.5920 32.8160 66
32.9440 33.0720 60
33.1040 33.6480 61
33.6800 34.3200 59
34.4800 34.6400 63
34.6720 35.2800 64
35.3120 35.3440 63
35.5040 35.7920 58
35.8240 36.1120 57
36.1440 36.1760 56
36.2080 36.2720 55
36.3040 36.9120 54
38.0000 38.0320 52
38.0640 38.1280 53
38.1600 38.1920 54
38.2240 38.4800 55
38.5120 38.8000 54
38.8320 38.9280 55
39.0880 39.2160 56
39.2480 39.8240 57
40.0480 40.2080 57
40.2400 40.4960 58
40.5280 40.7520 57
40.7840 41.2000 58
41.2320 41.4880 60
41.6160 42.1600 60
42.1920 42.2240 61
42.2560 42.5760 62
42.6080 42.8640 60
43.1520 43.3760 58
43.4080 43.5680 57
43.6000 43.6320 56
43.6640 43.8240 55
43.8560 43.9200 56
43.9520 44.0480 57
44.2400 44.3680 56
44.4000 45.2000 57
45.7120 45.7760 55
45.8080 45.8400 56
45.8720 46.3840 57
46.4160 46.5440 55
46.7360 46.8640 52
46.8960 46.9280 53
46.9600 47.1200 54
47.2480 47.6640 57
47.7920 47.9200 60
47.9520 48.1760 62
48.3040 48.4320 65
48.4640 48.8800 66
48.9120 49.1040 67
49.1360 49.2320 66
49.2640 49.3280 65
49.3600 49.4560 64
49.4880 49.7440 62
49.7760 49.9040 65
49.9360 50.5440 66
50.5760 50.6720 64
50.7040 50.7360 63
50.7680 50.9920 62
51.2800 51.5040 61
51.5360 51.8240 62
51.8560 51.9520 63
51.9840 52.2720 62
52.3040 52.3680 61
52.4000 52.4320 60
52.4640 52.6240 59
52.7520 52.9120 59
52.9440 53.6480 60
53.7760 53.9040 61
53.9360 54.0960 62
54.3200 54.5120 61
54.5440 54.7040 59
54.8320 55.2160 59
55.2480 55.3120 58
55.8240 55.8880 57
55.9200 56.0800 59
56.1120 56.3040 61
56.3360 56.6880 62
56.8160 56.9120 65
56.9440 57.0400 66
57.0720 57.2320 67
57.3600 57.7120 65
57.8400 57.9360 65
57.9680 58.2880 62
58.8640 59.1200 55
59.1520 59.4720 57
59.5040 60.1120 59
60.1440 60.4960 61
60.5280 60.6240 62
60.9440 61.0080 59
61.0400 61.1040 60
61.1360 61.6160 61
61.6480 61.9040 62
61.9360 62.0320 64
62.0640 62.1280 63
62.1600 62.1600 59
62.1920 62.1920 57
62.2240 62.2880 55
62.3200 62.3520 56
62.3840 62.6720 57
62.7040 62.8640 55
63.0240 63.0880 52
63.1200 63.1840 53
63.2160 63.3120 54
63.3440 63.4400 55
63.4720 63.6960 57
63.9840 64.0160 60
64.0480 64.0800 61
64.1120 64.4640 62
64.4960 64.5600 64
64.5920 64.6240 65
64.6560 65.0400 66
65.0720 65.1360 67
65.2640 65.4240 66
65.4560 65.6800 67
65.7120 65.9360 68
65.9680 66.1280 65
66.1600 66.8320 66
66.8640 66.9920 64
67.0240 67.2480 62
67.5680 67.7280 61
67.7600 68.1120 62
68.1440 68.2080 64
68.2400 68.2720 63
68.3040 68.5600 62
68.5920 68.7200 61
68.8480 69.0720 59
69.1040 69.4240 60
69.5840 69.6480 69
69.6800 69.7120 70
69.7440 70.0000 71
70.0320 70.4480 69
70.4800 70.5120 67
70.5440 70.6080 65
70.6400 70.9280 64
70.9600 70.9920 63
71.0240 71.5040 62
71.5360 71.5360 64
71.5680 71.7280 69
71.7600 71.9520 71
72.0800 72.4960 69
73.1680 73.3920 59
73.4240 73.5840 61
73.6160 73.8400 62
73.8720 73.9040 63
73.9360 74.1920 64
74.2240 74.2560 65
74.2880 74.4800 66
74.6720 74.8640 61
74.8960 75.0560 62
75.3120 75.4720 61
75.5040 78.1920 62
80.8800 80.9760 65
81.0080 81.2000 66
81.3600 81.6160 64
82.1280 82.7360 64
82.9280 83.0240 64
85.3600 85.4560 49
85.4880 85.5840 50
85.8400 85.9040 59
85.9360 85.9680 60
86.0000 86.1600 61
86.1920 86.4160 59
86.4480 86.5440 58
86.5760 87.0240 57
87.0560 87.1520 56
91.5040 91.5680 49
91.6000 91.6640 50
91.6960 91.7280 51
91.7600 91.8560 52
92.0160 92.0800 52
92.1120 92.3680 54
92.4960 92.9120 54
93.5200 93.7120 51
93.7440 93.9040 54
94.0320 94.1280 54
94.1600 94.3520 55
94.5120 94.7680 55
95.5360 95.6320 53
95.6640 95.7920 54
95.8240 96.1120 55
96.1440 96.1760 56
96.2080 96.4320 57
96.5600 96.8800 57
97.0720 97.3600 51
97.6800 98.2240 49
98.5760 99.2480 50
99.2800 99.5360 52
99.5680 99.8240 50
99.8560 100.2080 52
100.2400 100.4640 54
100.5920 100.9120 54
101.6800 101.8720 51
101.9040 102.2880 54
102.3200 102.9920 55
103.6320 103.8560 54
103.8880 104.2720 55
104.3040 104.3360 56
104.3680 105.1040 57
105.1360 105.2640 60
105.2960 105.5200 62
105.6480 105.8080 58
105.8400 106.3840 59
106.6720 106.8000 59
106.8320 106.8640 60
106.8960 107.5040 61
107.7280 107.8880 61
107.9200 108.2400 62
108.6560 108.7520 59
108.7840 108.8800 60
108.9120 109.4240 62
109.4560 110.0960 61
110.2240 110.2560 64
110.2880 110.3840 65
110.4160 110.6080 66
110.7360 110.8320 60
110.8640 111.4720 61
111.5040 112.1440 59
112.2720 112.4000 62
112.4320 112.4640 63
112.4960 113.1680 64
113.2960 113.5840 58
113.6160 113.9360 57
113.9680 114.0000 56
114.0320 114.1280 55
114.1600 114.7360 54
115.6960 115.9520 54
115.9840 116.2400 55
116.2720 116.5280 54
116.5600 116.7200 55
116.8480 116.9760 56
117.0080 117.5840 57
117.7760 118.0320 57
118.0640 118.2880 58
118.3200 118.5760 57
118.6080 118.9920 58
119.0240 119.2480 60
119.3760 119.7920 60
119.8240 120.0160 61
120.0480 120.3360 62
120.3680 120.4000 61
120.4320 120.6240 60
120.8800 121.1040 58
121.1360 121.3280 57
121.3600 121.5840 55
121.6160 121.6480 56
121.6800 121.8080 57
122.0000 122.1280 56
122.1600 124.2720 57
125.2320 125.3600 56
125.3920 125.7760 57
125.8080 125.9360 55
125.9680 126.1600 53
126.1920 126.4160 54
126.5440 127.0240 57
127.0560 127.1520 60
127.1840 127.5040 62
127.5360 127.6640 65
127.6960 128.1760 66
128.2080 128.3680 67
128.4000 128.5280 66
128.5600 128.5920 65
128.6240 128.7200 64
128.8480 128.9760 62
129.1040 129.2000 65
129.2320 129.8400 66
129.8720 130.0000 64
130.0320 130.2880 62
130.5760 130.7680 61
130.8000 131.6000 62
131.6320 131.7600 61
131.7920 131.9840 59
132.1440 132.2720 58
132.4320 132.9440 60
133.1040 133.2320 61
133.2640 133.4880 62
133.6480 133.8720 61
133.9040 134.6080 59
135.2160 135.2800 58
135.3120 135.4400 59
135.4720 135.6320 61
135.6640 136.0160 62
136.1760 136.2720 65
136.3040 136.4320 66
136.4640 136.6240 67
136.7520 137.3920 65
137.4240 137.8080 62
138.2240 138.4160 55
138.4480 138.8640 57
138.8960 139.4400 59
139.4720 139.7920 61
139.8240 139.9520 62
140.2400 140.2720 60
140.3040 140.9440 61
140.9760 141.2320 62
141.2640 141.4560 64
141.4880 141.8080 56
141.8400 142.0640 57
142.0960 142.1920 55
142.2240 142.2880 54
142.3200 142.4160 52
142.4480 142.7360 54
142.7680 142.8320 55
142.8640 142.9920 57
143.3120 143.4080 61
143.4400 143.6960 62
143.8240 143.9200 65
143.9520 144.3680 66
144.4000 144.4640 67
144.6240 144.7840 66
144.8160 145.0400 67
145.0720 145.2640 69
145.2960 146.1280 66
146.1600 146.2560 64
146.2880 146.6080 62
146.8000 147.8560 62
147.8880 148.0480 61
148.0800 148.3360 59
148.3680 148.7200 60
148.9120 148.9440 69
148.9760 149.0720 70
149.1040 149.3280 71
149.3600 149.8080 69
149.8400 150.3520 64
150.3840 150.8320 62
150.8640 150.9280 67
150.9600 150.9920 69
151.0240 151.2480 71
151.4080 151.7920 69
152.4640 152.6880 59
152.7200 152.9120 61
152.9440 153.2000 62
153.2320 153.5520 64
153.5840 153.7760 66
153.9680 154.1600 61
154.1920 154.3520 62
154.5120 154.6720 61
154.7040 156.8480 62
157.5520 157.6160 60
157.6480 157.7120 62
157.8400 158.0000 64
158.0320 158.1920 65
158.2240 158.4160 62
158.5440 158.5760 67
158.6080 158.6720 68
158.7040 159.2480 69
159.2800 159.3120 68
159.3440 159.4720 67
159.5040 159.8240 69
160.0480 160.7840 69
160.8160 161.2640 67
161.2960 161.6800 65
161.8720 162.6080 64
162.6400 164.3680 62
164.4000 164.5600 61
164.5920 164.6560 60
165.6160 165.6160 59
165.6480 165.8720 62
165.9040 166.0320 64
166.1600 166.2560 65
166.2880 166.5120 62
166.6720 166.7680 68
166.8000 167.3120 69
167.3440 167.5040 68
167.5360 167.6640 69
168.2080 168.3040 67
168.3360 168.4320 68
168.4640 168.5600 70
168.5920 169.1680 72
169.2000 169.3280 73
169.4560 169.6480 69
170.0000 170.1280 69
170.1600 170.3200 70
170.4800 170.6400 69
170.6720 170.6720 67
170.7040 170.8000 65
170.8320 172.7520 66
172.9120 172.9760 67
173.0080 173.0400 66
173.8080 173.9680 65
174.0960 174.3200 64
174.3520 174.4800 62
174.5120 174.7680 61
174.8000 175.2480 59
175.2800 175.3120 62
175.3440 175.4080 64
175.4400 175.6960 66
175.8560 176.2720 62
176.3040 176.3040 60
176.3360 176.4640 57
176.4960 176.7840 59
176.8160 177.2000 57
177.4560 177.4880 62
177.5200 177.8400 64
177.8720 178.1600 65
178.1920 178.3200 64
178.3520 178.3840 63
178.4160 178.5440 62
178.5760 178.8000 61
178.9280 179.3120 59
179.3440 179.3760 60
179.4080 179.5040 65
179.5360 179.6960 66
179.7280 179.7600 65
179.9520 180.0160 61
180.0480 180.5920 62
180.9120 181.0400 68
181.0720 181.5200 69
181.6800 181.8720 69
181.9040 182.0000 68
182.0320 182.0960 67
182.1280 182.5120 66
182.7040 182.7360 66
182.7680 182.8640 67
182.8960 183.2160 68
183.2480 183.3120 66
183.3440 183.6320 64
183.6640 184.0480 65
184.0800 184.5280 64
184.5600 184.8160 65
184.8480 184.9760 64
185.0080 185.1040 65
185.1360 185.4880 64
185.9360 186.0640 60
186.0960 186.3840 62
186.4160 186.5760 61
186.7040 186.8640 59
186.9920 187.1200 64
187.1520 187.1840 65
187.2160 188.8160 66
189.0720 189.2000 70
189.2320 189.6480 71
189.6800 189.7440 69
189.7760 190.1280 70
190.1600 190.1920 68
190.2240 190.8960 66
191.2480 191.2800 57
192.1440 192.2720 49
192.3040 192.4640 51
192.6240 192.8480 54
193.1360 193.2320 57
193.2640 193.4240 59
193.6160 193.6480 61
193.6800 193.7760 62
193.8080 194.5760 63
194.6080 194.7040 62
194.7360 194.8000 61
194.8320 195.0240 59
195.1520 195.2480 62
195.2800 195.8240 63
195.8560 195.9200 62
195.9520 196.0480 61
196.0800 196.3360 59
196.6240 196.8480 58
196.8800 197.2640 59
197.2960 197.3600 61
197.3920 197.8400 59
197.8720 198.3200 56
198.3520 198.5760 57
198.7040 198.9600 57
198.9920 199.0560 59
199.2160 199.3440 57
199.3760 199.5360 59
199.8240 199.9840 58
200.0160 200.6240 56
201.2320 201.2640 53
201.2960 201.5200 56
201.5520 201.7120 58
201.7440 202.1280 59
202.2880 202.3520 62
202.3840 202.9920 63
203.0240 203.1840 61
203.3120 203.4400 61
203.4720 203.9520 59
204.3680 204.5600 52
204.5920 204.8160 54
204.8480 205.5840 56
205.6160 205.8080 58
205.8400 206.0640 59
206.3520 206.3840 56
206.4160 206.5120 57
206.5440 207.0880 58
207.1200 207.3120 59
207.3440 207.5040 61
207.6320 207.6640 52
207.6960 207.7280 53
207.7600 208.1440 54
208.1760 208.2720 52
208.4320 208.5920 50
208.6240 208.8800 51
208.9120 209.0720 54
209.3600 209.5520 57
209.5840 209.9040 59
209.9360 210.0320 62
210.0640 210.5760 63
210.7040 211.0240 63
211.1520 211.3760 66
211.4080 211.4080 63
211.5680 212.2080 63
212.2400 212.4000 61
212.4320 212.6880 59
212.9760 213.0080 57
213.0400 213.2000 58
213.2320 213.5520 59
213.5840 213.6800 61
213.7120 213.9680 59
214.0000 214.1920 58
214.2240 214.4800 56
214.5120 214.8320 57
214.9920 215.0560 66
215.0880 215.1200 67
215.1520 215.4400 68
215.4720 215.6640 66
215.9520 216.0480 62
216.0800 216.4320 61
216.4640 216.7200 59
216.9760 217.0400 66
217.0720 217.1040 67
217.1360 217.4240 68
217.6160 217.7760 66
217.8080 217.9040 65
217.9360 217.9680 63
218.5440 218.6080 54
218.6400 218.7040 56
218.8320 219.0240 58
219.0560 219.2800 59
219.3120 219.6640 61
219.6960 219.8560 63
219.8880 219.9200 62
220.0800 220.2720 58
220.3040 220.4640 59
220.6560 220.8480 58
220.8800 222.7360 59
223.6640 223.8560 61
223.9840 224.1120 61
224.1440 224.3360 59
224.3680 224.4960 56
224.5280 224.6880 58
224.7200 225.1040 56
225.2960 225.7120 68
225.8720 226.1600 66
227.1520 227.2160 53
227.2480 227.4080 56
227.5360 227.7280 58
227.7600 227.9520 59
228.0800 228.4320 61
228.4640 228.7200 63
229.3920 230.0640 59
230.7360 230.9600 59
230.9920 231.6640 61
231.6960 235.2800 59
