49.0720 49.3600 55
49.5200 49.8080 55
49.9680 50.2880 57
50.4480 50.5440 57
50.5760 50.9280 58
50.9600 51.0560 57
51.3120 51.5680 55
51.6960 51.8240 55
51.8560 51.9200 56
51.9520 52.0800 57
52.8160 52.9760 54
53.0080 53.6160 55
53.7440 53.7760 56
53.8080 54.3520 57
54.3840 54.6400 58
54.6720 54.9600 57
55.1840 55.3440 55
55.3760 55.4080 54
55.4400 56.0160 53
56.7200 57.4560 60
57.5840 57.8720 60
57.9040 57.9680 59
58.0000 58.3840 58
58.5440 58.5760 56
58.6080 58.8640 57
59.0240 59.1840 55
59.2160 59.3760 53
59.5360 59.6960 53
59.7280 59.7920 54
60.4640 60.5600 59
60.5920 61.2000 60
61.4240 61.5200 60
61.5520 61.7440 61
61.7760 61.8080 60
61.8400 61.9680 59
62.0000 62.2240 60
62.3840 62.7360 58
62.8960 63.5360 58
63.5680 63.7920 57
64.3680 65.0400 55
65.2000 65.5520 57
65.7120 65.7440 57
65.7760 66.0640 58
66.0960 66.3200 57
66.3520 66.4160 56
66.4480 66.7680 55
66.9280 67.0240 55
67.0560 67.1200 56
67.1520 67.4080 57
68.2400 68.8160 55
69.0080 69.5520 57
69.5840 69.8400 58
69.8720 70.0640 57
70.2240 70.3840 55
70.4160 70.4480 54
70.4800 71.1200 53
71.9520 72.0160 59
72.0480 73.1040 60
73.1360 73.6160 58
73.7440 73.8720 56
73.9040 74.1280 57
74.1600 74.2240 56
74.2560 74.3520 55
74.3840 74.4480 54
74.4800 74.9280 53
74.9600 75.0560 54
75.6640 75.7280 57
75.7600 76.6560 60
76.6880 76.9120 61
77.0720 77.2320 59
77.2640 77.4560 60
77.4880 77.5200 59
77.5520 77.8080 58
78.1600 78.2240 57
78.2560 78.7360 58
78.7680 78.8320 59
78.8640 80.2080 60
81.4240 81.7760 57
81.8080 81.8400 59
81.8720 82.2240 60
82.2560 82.8640 64
82.8960 83.6320 65
83.6640 83.9520 63
83.9840 84.7200 62
85.1680 85.2640 58
85.2960 86.0640 62
86.0960 86.4800 64
86.6400 86.6720 64
86.7040 87.5040 65
87.5360 87.8880 64
87.9200 88.0160 62
88.0480 88.1440 64
88.1760 88.5920 65
89.1360 89.8400 62
89.8720 90.4800 65
90.5120 91.1840 67
91.3120 91.6320 65
91.7920 91.9520 65
91.9840 92.7200 67
93.3600 93.6480 60
93.6800 93.7440 63
93.7760 93.8400 65
93.8720 94.0960 67
94.1280 94.1600 66
94.1920 94.2560 65
94.2880 94.5120 67
94.6720 94.9920 65
95.2160 95.3120 67
95.4400 95.6640 67
95.6960 95.9200 65
96.1120 96.4640 67
96.5920 96.7520 67
96.7840 97.0400 69
97.5200 97.5520 59
97.5840 97.6480 60
97.7760 97.8720 65
98.0320 98.0640 65
98.0960 98.1280 66
98.1600 98.3840 67
98.5120 98.8000 65
99.0240 99.4400 67
99.4720 99.7920 65
99.8240 99.8560 66
99.8880 100.0800 67
100.1120 100.3360 69
100.8480 100.9440 67
100.9760 101.1680 69
101.2000 101.2000 67
101.2960 101.2960 67
101.3280 101.6480 70
101.7760 101.8080 70
101.8400 101.9360 71
101.9680 102.2560 72
102.2880 102.6080 70
102.6400 102.7040 72
102.7360 102.7360 69
102.7680 102.8960 67
102.9280 102.9920 69
103.0240 103.0560 67
103.0880 104.1440 65
104.7840 105.0080 62
105.1360 105.5520 65
105.5840 105.6480 70
105.6800 105.7440 71
105.7760 106.0640 72
106.0960 106.3840 70
106.4160 106.4800 72
106.5120 106.6720 67
106.7040 106.9920 69
107.0240 107.2160 70
107.3440 107.4720 67
107.5040 108.5600 69
108.5920 108.9440 65
109.1680 109.2640 65
109.4240 109.5200 65
109.5520 109.7760 67
109.9680 110.4480 65
110.4800 110.7360 67
110.7680 111.2160 65
111.3440 111.5040 67
111.6320 111.9520 65
112.0800 112.2720 67
112.6880 112.9760 60
113.0080 113.1040 65
113.2960 113.5840 67
113.6160 114.0320 65
114.2240 114.6400 67
114.6720 114.9920 65
115.2800 115.7600 67
115.7920 116.0800 69
116.1120 116.2080 67
116.5920 116.7520 69
116.7840 117.1040 70
117.1360 117.4880 72
117.5200 117.7760 70
117.9360 118.1920 68
118.2240 119.4400 65
120.0480 120.3360 62
120.3680 120.7200 65
120.8480 120.9760 70
121.0080 121.2320 72
121.2640 121.6800 70
121.7120 121.9040 67
121.9360 122.9280 69
122.9600 123.8240 65
123.8560 124.3360 67
124.5920 124.6880 67
124.7200 126.6400 65
140.4960 141.2320 55
141.3600 141.6800 57
141.9040 142.2880 58
142.3200 142.4160 57
142.6720 142.7360 56
142.7680 142.9280 55
143.0560 143.2800 55
143.3120 143.7600 57
144.3040 145.1040 55
145.1360 145.4880 57
145.6800 145.7440 56
145.7760 146.0320 58
146.0640 146.3520 57
146.5760 146.8000 55
146.8320 147.4400 53
148.0480 148.1440 59
148.1760 149.2960 60
149.3280 149.3600 59
149.3920 149.7760 58
149.8080 149.8400 57
149.8720 150.0320 56
150.0640 150.2560 57
150.4160 150.5120 55
150.5440 150.5760 54
150.6080 151.2800 53
151.8880 151.9520 58
151.9840 152.6240 60
152.8480 152.8800 60
152.9120 153.2000 61
153.2320 153.3280 59
153.3600 153.6160 60
153.7760 154.0960 58
154.1280 154.1920 57
154.3200 154.6400 58
154.6720 154.7040 56
154.8320 154.9920 58
155.0240 155.2480 57
155.7920 155.8240 54
155.8560 156.4960 55
156.6240 156.9440 57
156.9760 157.0080 56
157.1360 157.2000 57
157.2320 157.4880 58
157.5200 157.7760 57
157.8080 157.8400 56
157.8720 158.4480 55
158.4800 158.5120 56
158.5440 158.8640 57
159.5360 159.5680 53
159.6000 159.6640 54
159.6960 160.2080 55
160.4000 160.9760 57
161.0080 161.2640 58
161.2960 161.4240 57
161.6480 161.8080 55
161.8400 161.8720 54
161.9040 162.5760 53
163.3760 163.4080 59
163.4400 164.5600 60
164.5920 164.7520 57
164.7840 165.0400 58
165.0720 165.1040 57
165.1360 165.2320 56
165.2640 165.5520 57
165.5840 165.6160 56
165.6480 165.7760 55
165.8080 165.8720 54
165.9040 166.5120 53
167.1520 167.1520 56
167.1840 167.2160 59
167.2480 168.1120 60
168.1440 168.3360 61
168.4960 168.5920 59
168.6240 168.9440 60
168.9760 169.2960 58
169.5200 169.9040 58
169.9360 170.0320 57
170.0640 170.2880 58
170.3200 172.0160 60
172.7840 172.8800 56
172.9120 173.1360 57
173.1680 173.2320 58
173.2640 173.6480 60
173.6800 174.2880 64
174.3200 174.5440 65
174.6720 175.0880 65
175.1200 175.2160 62
175.2480 175.3440 63
175.3760 175.5040 62
175.6320 176.0800 62
176.6880 177.4880 62
177.5200 177.8720 64
177.9040 177.9040 62
177.9360 178.0320 60
178.0640 178.0640 62
178.0960 178.9920 65
179.0240 179.3120 64
179.3440 179.4400 62
179.4720 179.5680 64
179.6000 180.0800 65
180.5600 180.5920 61
180.6240 180.7520 62
180.8800 181.2320 62
181.2640 181.2960 63
181.3280 181.8400 65
181.8720 182.6400 67
182.7680 183.4080 65
183.4400 184.4000 67
184.7520 185.0720 60
185.1040 185.1040 62
185.1360 185.2640 65
185.2960 185.5840 67
185.6160 185.6800 65
185.7120 186.0320 67
186.0640 186.4160 65
186.6400 187.0560 67
187.0880 187.3440 65
187.3760 187.8880 67
188.0160 188.2080 67
188.2400 188.4320 69
188.9440 189.0720 60
189.2000 189.2960 65
189.4560 189.8080 67
189.9360 190.1920 65
190.4480 190.8640 67
190.8960 191.2480 65
191.2800 191.5040 67
191.5360 191.8240 69
191.8560 191.8560 67
192.3040 192.4000 67
192.4320 192.6880 69
192.7200 193.3600 70
193.3920 193.6480 72
193.6800 194.0000 70
194.0320 194.1600 72
194.1920 194.4480 68
194.4800 195.5680 65
196.1760 196.4960 62
196.5280 196.9120 65
197.0400 197.1680 70
197.2000 197.4880 72
197.5200 197.8400 70
198.0000 198.0320 67
198.0640 198.6400 69
198.6720 198.8000 67
198.8320 198.8640 68
198.8960 199.3120 69
199.3440 199.5680 70
199.6000 199.9840 69
200.0160 200.2720 65
200.3040 200.4320 61
200.6240 200.7200 65
200.8480 201.2640 67
201.2960 201.9040 65
201.9360 202.1920 67
202.2240 202.5120 65
202.6720 202.7040 65
202.7360 202.9600 67
202.9920 203.2800 65
203.3120 203.4400 66
203.4720 203.6320 67
203.6640 203.7600 69
203.7920 203.8240 67
204.0480 204.4000 60
204.4320 204.5280 65
204.6880 204.7520 65
204.7840 205.0400 67
205.1680 205.4560 65
205.6480 205.6480 63
205.6800 205.7120 66
205.7440 206.0960 67
206.1280 206.4160 65
206.6400 207.1840 67
207.2160 207.5360 69
207.7600 207.8240 69
208.0160 208.0480 68
208.0800 208.2080 69
208.2400 208.5600 70
208.5920 208.6240 71
208.6560 208.8480 72
208.8800 209.2320 70
209.4240 209.6800 68
209.7120 210.8320 65
211.4400 211.7280 62
211.7600 212.1440 65
212.3040 212.4320 70
212.4640 212.6880 72
212.7200 213.1360 70
213.1680 213.3280 68
213.3600 213.6800 69
213.7120 213.9040 70
213.9360 214.4480 69
214.4800 215.2480 65
215.2800 215.7280 67
215.7600 215.8560 63
215.8880 215.9840 65
216.0160 216.1120 67
216.1440 218.6400 65
219.3760 219.6000 65
220.8480 221.0080 69
222.2560 222.6400 67
222.6720 222.9280 65
222.9600 223.3120 67
223.3440 223.4400 65
223.4720 223.6320 67
223.6640 227.3120 69
227.5040 227.5360 68
227.5680 227.6640 71
227.6960 230.0000 72
261.6160 261.8400 60
261.8720 261.9040 63
261.9360 262.4800 65
262.5120 262.7360 67
262.8960 263.2160 65
263.3440 263.4080 65
263.4400 263.5360 67
263.6640 263.8560 67
263.8880 264.1440 65
264.3680 264.6880 67
264.8160 265.0080 67
265.0400 265.2000 69
265.7120 265.8400 60
265.9680 266.0640 65
266.2240 266.2560 65
266.2880 266.5760 67
266.7040 267.0240 65
267.2160 267.6960 67
267.7280 268.0480 65
268.0800 268.3040 67
268.3360 268.5600 69
269.1040 269.1680 66
269.2000 269.4240 69
269.5840 269.8720 70
270.0320 270.4800 72
270.5120 270.8320 70
270.9600 271.2160 68
271.2480 272.4640 65
272.9760 273.2320 62
273.3600 273.6800 65
273.8080 273.9360 70
273.9680 274.2560 72
274.2880 274.5760 70
274.7360 274.8960 68
274.9280 275.1200 69
275.2480 275.4080 70
275.5360 275.5680 67
275.6000 275.6640 68
275.6960 276.1440 69
276.1760 276.4000 70
276.4320 276.5600 67
276.5920 276.8160 69
276.8480 277.1040 65
277.3920 277.4560 65
277.6160 277.7120 65
277.7440 277.9360 67
277.9680 278.0320 63
278.0640 278.6720 65
278.7040 278.9600 67
278.9920 279.4400 65
279.4720 279.7280 67
279.7600 280.2400 65
280.2720 280.4320 67
280.4640 280.6240 69
280.9760 281.1680 60
281.2000 281.3280 65
281.4560 281.5520 65
281.5840 281.8400 67
281.8720 282.2560 65
282.4160 282.4800 63
282.5120 282.8960 67
282.9280 283.1840 65
283.4080 283.9840 67
284.0160 284.2720 69
284.4960 284.5600 69
284.7840 284.8160 68
284.8480 285.4240 70
285.4560 285.7440 72
285.7760 286.0320 70
286.2240 286.5120 68
286.5440 287.5360 65
288.1760 288.5600 62
288.5920 288.9440 65
289.0720 289.2000 70
289.2320 289.4880 72
289.5200 290.0000 70
290.0320 291.1520 69
291.1840 291.8240 65
291.9200 291.9840 65
292.0160 292.4640 67
292.4960 292.5280 65
292.5920 292.6880 65
292.7200 292.8480 67
292.8800 294.0960 65
294.1280 294.2560 67
294.2880 294.7680 65
294.8000 295.3760 67
295.4080 295.6320 69
295.6640 295.7920 68
296.1440 296.3040 60
296.4320 296.5600 65
296.6880 296.7520 65
296.7840 297.0080 67
297.0400 297.4560 65
297.6800 298.0960 67
298.1280 298.5120 65
298.5440 298.6720 67
298.7040 302.0000 69
307.5680 307.9200 60
308.1120 308.2080 65
308.2400 308.4640 67
308.5920 309.1360 65
309.1680 309.4880 67
309.5200 309.9040 65
310.0320 310.1920 67
310.4160 310.6400 65
310.8000 310.9280 67
310.9600 311.0880 69
311.5040 311.6640 60
311.6960 311.7920 65
311.9840 312.3040 67
312.4640 312.7840 65
312.9760 313.5200 67
314.3200 314.6400 67
314.8640 315.6960 69
316.3040 316.5280 69
