14.1600 14.2240 70
14.3840 14.4480 70
14.5760 14.6400 70
15.2160 15.2800 74
15.5360 15.6000 74
15.7280 15.7920 74
23.7920 23.9520 65
23.9840 24.1120 67
24.2400 24.5600 65
24.5920 24.6240 63
24.6560 24.6560 60
24.6880 24.7840 57
24.8160 24.9120 58
24.9440 25.1040 60
25.1360 25.1680 59
25.2000 25.8400 58
26.0960 26.2880 63
26.4160 26.5760 61
26.6080 26.7680 63
26.8000 26.8640 62
26.8960 26.9920 60
27.0240 27.0560 62
27.0880 27.4720 63
27.5040 27.8240 65
27.9520 28.1120 65
28.1440 28.3680 67
28.4000 28.4640 66
29.2960 29.4560 65
29.4880 29.6480 67
29.6800 30.0320 65
30.2240 30.3200 58
30.3520 30.3840 59
30.4160 30.5120 60
30.6720 30.8320 58
31.2800 31.3440 59
31.3760 31.4720 60
31.5040 31.6960 63
31.8240 31.8880 60
32.0160 32.5600 63
32.5920 32.7200 65
32.9440 33.0720 58
33.1040 33.1360 59
33.1680 33.4560 60
33.4880 34.0960 58
35.1840 35.3120 58
35.3440 35.4400 59
35.6320 36.0480 63
36.0800 36.3360 65
36.4960 36.5920 66
36.6240 36.6880 65
36.7200 36.9440 67
37.1040 37.1360 65
37.1680 37.2320 66
37.2640 37.4880 67
37.6480 37.7440 64
37.7760 37.8400 65
37.9680 38.7040 65
40.4320 40.4960 56
40.5280 40.6880 58
40.7200 40.8800 60
41.0400 41.1360 62
41.1680 41.4880 63
41.5200 41.8720 65
42.0000 42.1280 65
42.1600 42.3200 67
42.5760 42.7040 65
42.7360 43.0880 67
43.1200 43.4080 63
43.4400 44.0800 65
45.5200 45.7760 65
45.8080 45.9360 67
45.9680 46.3200 65
46.5440 46.6720 58
46.7040 46.7360 59
46.7680 46.9600 60
46.9920 47.6960 58
47.7280 47.7920 60
47.9200 48.1760 63
48.2080 48.3680 61
48.4000 48.6560 62
48.6880 48.8480 61
48.8800 49.4240 63
49.4560 49.9360 65
49.9680 50.1280 67
50.1600 50.2880 66
51.0880 51.2480 65
51.2800 51.5040 67
51.5360 51.7920 65
52.0160 52.1440 58
52.1760 52.2400 60
53.1040 53.1680 59
53.2000 53.3280 60
53.3600 53.3920 62
53.4240 53.5520 63
53.5840 53.6160 62
53.6480 53.8080 60
53.8400 54.0960 63
54.1280 54.3840 62
54.4160 54.7680 63
54.8000 54.8640 64
54.8960 55.0880 65
55.2160 55.3760 65
55.4080 55.5680 67
56.1120 56.2720 65
56.3040 57.2960 67
57.4880 57.7440 65
57.9360 58.0960 65
58.1280 58.3200 67
58.8320 58.9280 66
58.9600 59.1520 67
59.1840 59.2800 66
59.3120 59.9520 67
60.1760 60.7840 65
60.8160 61.0080 67
61.5840 61.6800 65
61.7120 62.8640 67
62.8960 63.0880 70
63.1200 63.7600 67
63.7920 64.0160 70
64.0480 64.4640 67
64.4960 64.6880 70
64.7200 65.1360 67
65.1680 65.4240 70
65.4560 65.9040 67
65.9360 66.3520 65
66.5440 66.5760 66
66.6080 66.8640 67
67.0240 67.2160 70
67.2480 67.3760 67
67.5040 67.6960 67
67.7280 67.8560 65
68.4640 68.4960 60
68.5280 68.5920 62
68.6240 68.6880 60
68.7200 68.8160 63
68.8480 69.0080 65
69.0400 69.0400 63
69.2640 69.3920 67
69.4240 69.5200 66
69.5520 69.7120 67
69.7440 69.9040 70
69.9360 70.0320 67
70.0640 70.0960 66
70.2240 70.4160 67
70.4480 70.5760 65
71.1200 71.2800 65
71.3120 71.5360 67
71.5680 71.6960 65
71.7280 71.8880 67
71.9200 72.0800 66
72.1120 72.2080 65
72.2400 72.2720 63
72.3040 72.4640 62
72.4960 72.8160 63
72.8480 72.8800 62
72.9120 73.0080 61
73.0400 73.0720 60
73.1040 73.2000 59
73.8400 73.8400 62
73.8720 73.9360 65
73.9680 74.0000 66
74.0320 74.1920 67
74.2240 74.3520 65
74.3840 74.4160 66
74.4480 74.6080 67
74.6400 74.7680 66
74.8000 74.8960 65
74.9280 75.0880 62
75.2160 75.7600 62
75.7920 75.9520 60
76.5600 76.7200 65
76.7520 77.7440 67
77.9360 78.1920 70
78.2240 78.5760 67
78.6080 78.6720 66
78.7040 78.7360 65
79.3120 79.5040 65
79.5360 80.6240 67
80.6560 80.8480 70
80.8800 81.0080 67
81.1680 81.3280 67
81.3600 81.5200 65
82.0000 82.1600 65
82.1920 82.4160 67
82.4480 82.5120 65
82.5440 82.6080 66
82.6400 82.7680 67
82.8960 83.0240 67
83.0560 84.4640 65
84.4960 85.9360 67
85.9680 87.0560 68
89.2640 89.4560 65
89.4880 89.7120 63
89.7440 89.9040 65
90.0320 90.2240 63
90.2560 90.4480 65
90.4800 90.6400 63
90.6720 90.8640 65
90.8960 91.0240 63
91.0560 91.0880 64
91.1200 91.3120 65
91.3440 91.4080 63
91.6000 91.7920 65
91.8240 91.9200 63
92.0480 92.2400 65
92.2720 92.4640 63
92.4960 92.6560 65
92.9440 93.0720 65
93.1040 93.3920 67
93.4240 93.5200 66
93.5520 93.7120 67
93.7440 93.8080 65
94.7360 94.8000 65
94.8320 94.9280 63
95.1520 95.4080 65
95.4400 95.6000 63
95.6320 95.8880 65
95.9200 96.0480 63
96.0800 96.3040 65
96.3360 96.5280 63
96.5600 96.7200 65
96.8480 96.9760 63
97.0080 97.2320 65
97.2640 97.4560 63
97.4880 97.6800 65
97.7120 97.8720 63
97.9040 98.5120 65
98.5440 98.7040 67
98.8320 98.9920 65
99.0240 99.2800 67
100.1760 100.2080 69
100.2400 100.3680 66
100.4000 100.5280 67
100.7520 101.1360 60
101.1680 101.2000 62
101.2320 101.5840 63
101.6160 101.8720 65
102.9600 103.0240 65
103.0560 103.2160 67
103.4080 103.6320 60
103.8560 103.8880 62
103.9200 104.3040 63
104.3360 104.4960 65
105.4880 105.6160 67
105.6480 105.7440 65
105.7760 106.0000 67
106.1280 106.5120 60
106.5440 106.6080 62
106.6400 106.9600 63
106.9920 107.0560 65
107.5040 107.6960 68
107.7280 107.9520 70
107.9840 108.0480 69
108.0800 108.2400 68
108.2720 108.4000 69
108.4320 108.6240 66
108.8480 109.0080 65
109.0400 109.1360 66
109.1680 109.2640 65
109.2960 109.9040 63
111.0560 111.2480 65
111.2800 111.5040 63
111.5360 111.7600 65
111.7920 111.9520 63
111.9840 112.1440 65
112.1760 112.4000 63
112.4320 112.6560 65
112.6880 112.7840 63
112.9120 113.1360 65
113.1680 113.3600 63
113.3920 113.5840 65
113.6160 113.6800 62
113.7120 113.7760 63
113.8080 114.0320 65
114.0640 114.1280 64
114.1600 114.2560 63
114.2880 114.8960 65
114.9280 115.2160 67
115.2480 115.3760 66
115.4080 115.6000 67
115.6320 115.6960 65
116.5280 116.5600 63
116.5920 116.6240 64
116.6560 116.7200 65
116.7520 116.9760 63
117.0080 117.2320 65
117.2640 117.3280 63
117.3600 117.4240 62
117.4560 117.6480 65
117.6800 117.7440 63
117.9040 118.0960 65
118.1280 118.2560 63
118.2880 118.5440 65
118.5760 118.7360 63
118.7680 118.9600 65
118.9920 119.0880 62
119.1200 119.1840 63
119.2160 119.4080 65
119.4400 119.6960 63
119.7280 120.0480 65
120.1760 120.3040 65
120.3360 120.5920 67
120.6240 120.7840 66
120.8160 121.0080 67
121.0400 121.2000 66
121.9360 122.0000 65
122.0320 122.0640 66
122.0960 122.3200 67
122.3520 122.3520 65
122.4800 122.5120 59
122.5440 122.7680 60
122.9280 122.9280 60
122.9600 123.0880 62
123.1200 123.4400 63
123.4720 123.5040 61
123.5360 123.8560 60
124.7520 124.8160 65
124.8480 124.8800 66
124.9120 125.1360 67
125.2640 125.2960 59
125.3280 125.5840 60
125.7120 125.8400 62
125.8720 126.2240 63
126.2560 126.2880 61
126.3200 126.4800 60
127.4400 127.5360 65
127.5680 127.7920 67
127.9200 128.0160 65
128.0480 128.3360 67
128.3680 128.4960 66
128.5280 129.1680 67
129.2960 129.3280 65
129.3600 129.4240 66
129.4560 129.6160 67
129.6480 129.7120 66
129.7440 129.8720 65
129.9040 130.0320 67
130.2240 130.2560 65
130.2880 130.3200 66
130.3520 130.6400 67
130.6720 130.8000 65
130.8320 131.0240 67
131.0560 131.2800 65
131.3120 131.5360 67
132.2720 133.1040 63
137.2960 137.3600 67
154.6400 154.8960 65
154.9280 155.0560 67
155.1840 155.4720 65
155.6640 155.8240 58
155.8560 156.0160 60
156.0480 156.0800 59
156.1120 156.4640 58
156.4960 156.5920 57
156.6240 156.7840 58
156.8160 156.8800 59
157.0080 157.2000 63
157.2320 157.2640 62
157.2960 157.4240 61
157.4560 157.4880 62
157.5200 157.7440 63
157.7760 157.8080 60
157.9360 158.0000 62
158.0320 158.5120 63
158.5440 158.9920 65
159.0240 159.2800 67
160.2080 160.4000 65
160.4320 160.6240 67
160.6560 160.9440 65
160.9760 160.9760 63
161.1360 161.2960 58
161.3280 161.4880 60
161.5200 161.9360 58
162.0960 162.2560 58
162.2880 162.4480 60
162.4800 162.6080 63
162.6400 162.6720 62
162.7040 162.8960 60
162.9280 162.9920 62
163.0240 163.2160 63
163.2480 163.4080 62
163.4400 163.7600 63
163.7920 164.1120 65
164.2400 164.4320 65
164.4640 164.6560 67
165.1680 165.3280 65
165.3600 166.2880 67
166.5440 166.7680 65
166.9920 167.1520 65
167.1840 167.3760 67
167.8880 167.9200 65
167.9520 168.0160 66
168.0480 169.0400 67
169.2640 169.9040 65
169.9360 170.1280 67
170.7040 171.9520 67
171.9840 172.2080 70
172.2400 172.7840 67
172.8160 172.8480 69
172.8800 173.0400 70
173.0720 173.5200 67
173.5520 173.7120 70
173.7440 174.1280 67
174.1600 174.4480 68
174.4800 174.5760 70
174.6080 174.9920 67
175.0240 175.7280 65
175.7600 176.0160 67
176.1760 176.3680 70
176.4000 176.7840 67
176.8160 176.9760 66
177.4880 177.6160 62
177.6480 177.9040 63
177.9360 178.1280 65
178.3520 178.7360 67
178.7680 178.8000 68
178.8320 178.9920 70
179.0240 179.1520 67
179.2800 179.4720 67
179.5040 179.5680 65
179.6000 179.6960 67
179.7280 179.7600 65
180.2080 180.3040 66
180.3360 180.5920 67
180.6240 180.7200 65
180.7520 180.9440 67
180.9760 181.1360 66
181.1680 181.2640 65
181.2960 181.3600 61
181.3920 181.9040 63
181.9360 182.1600 61
182.1920 182.3840 60
182.8960 182.8960 58
182.9280 182.9280 62
182.9600 183.0880 65
183.1200 183.2800 67
183.3120 183.4080 65
183.4400 183.5040 66
183.5360 183.8880 67
183.9200 184.0160 65
184.0480 184.2400 62
184.2720 184.6240 63
184.7520 184.8480 62
184.8800 184.9120 61
184.9440 185.2640 60
185.6800 185.7760 64
186.0320 186.8320 67
187.0240 187.2160 70
187.2480 187.6640 67
187.6960 187.7600 65
187.7920 187.8560 69
188.3360 188.4960 67
188.7200 189.5840 67
189.7120 189.9040 70
189.9360 190.0320 67
190.1920 190.3520 67
190.3840 190.5760 65
191.0240 191.0880 70
191.1200 191.1840 65
191.2160 191.4400 67
191.4720 191.6640 65
191.6960 191.8560 67
191.9840 193.5200 65
193.5520 195.0240 67
195.0560 196.0160 68
198.3200 198.5760 65
198.6080 198.7360 63
198.7680 199.0240 65
199.0560 199.1840 63
199.2160 199.9520 65
199.9840 200.1440 63
200.1760 200.3680 65
200.4000 200.5280 64
200.5600 200.8480 65
200.8800 201.0720 63
201.1040 201.2960 65
201.3280 201.5200 63
201.5520 201.7760 65
202.0000 202.1600 65
202.1920 202.8000 67
202.8320 202.9920 69
203.7920 203.8880 68
203.9200 204.0800 65
204.3040 204.5280 65
204.5600 204.6880 63
204.7200 204.9760 65
205.0080 205.0720 63
205.1040 205.3920 65
205.4240 205.5840 63
205.6160 206.2880 65
206.3200 206.5120 63
206.5440 206.7040 65
206.7360 206.9920 63
207.0240 207.6000 65
207.6320 207.7600 67
207.8880 208.0480 66
208.0800 208.4640 67
209.2320 209.3600 66
209.3920 209.6160 67
209.7760 210.0960 60
210.1280 210.1920 61
210.2240 210.6400 63
210.6720 210.7360 65
211.9840 212.0160 65
212.0480 212.1120 66
212.1440 212.3360 67
212.4640 212.7520 60
212.9440 213.3600 63
213.3920 213.4880 65
214.6720 214.8320 66
214.8640 215.0880 67
215.1200 215.1200 64
215.1520 215.1840 62
215.2160 215.6000 60
215.6320 215.6960 62
215.7280 216.0480 63
216.3360 216.4320 63
216.5920 216.6560 68
216.6880 216.7200 69
216.7520 217.0080 70
217.0400 217.3920 68
217.4240 217.5840 65
217.6160 217.7440 67
217.9040 218.3840 65
218.4160 218.8320 63
218.8640 218.9920 60
220.1440 220.3360 65
220.3680 220.5920 63
220.6240 220.8480 65
220.8800 221.0400 63
221.0720 221.2640 65
221.2960 221.4240 63
221.4560 221.5200 62
221.5520 221.7120 65
221.7440 221.9680 63
222.0000 222.2560 65
222.2880 222.2880 63
222.4800 222.6720 65
222.7040 222.8640 63
222.8960 223.1200 65
223.1520 223.3440 63
223.3760 223.9840 65
224.0160 224.6560 67
224.6880 224.7520 66
225.6160 225.7760 65
225.8080 226.0000 63
226.0320 226.3200 65
226.3520 226.4160 63
226.5440 226.7360 65
226.7680 226.8960 63
226.9280 227.2480 65
227.2800 227.3760 63
227.4080 227.6640 65
227.6960 227.8560 63
227.8880 228.0800 65
228.1120 228.1760 62
228.2080 228.3040 63
228.3360 228.5920 65
228.6240 228.7520 66
228.7840 228.9440 63
228.9760 229.1040 65
229.2640 229.3920 65
229.4240 229.4880 67
229.5200 229.5840 68
229.7120 229.7440 65
229.7760 229.8080 66
229.8400 229.9360 67
229.9680 230.3200 70
230.9920 231.0560 62
231.0880 231.1520 65
231.1840 231.2160 66
231.2480 231.4720 67
231.6000 231.6640 59
231.6960 231.8880 60
232.0480 232.0800 61
232.1120 232.1760 62
232.2080 232.5600 63
232.5920 232.8480 60
233.8400 233.9680 65
234.0000 234.1920 67
234.3200 234.6080 60
234.7680 234.8000 62
234.8320 235.3120 63
235.3440 235.7600 65
236.5280 236.6880 65
236.7200 236.9760 67
237.0080 237.1680 65
237.2000 237.3920 67
237.4240 237.5840 65
237.6160 238.2240 67
238.3840 238.7680 65
238.8000 238.8320 67
238.8640 238.9920 65
239.0240 239.1520 67
239.3120 239.7600 67
239.7920 239.8880 65
239.9200 240.2080 67
240.2400 240.3680 66
240.4000 240.5920 67
240.9120 241.1040 58
241.3600 241.4560 62
241.4880 242.1920 63
245.1680 245.3280 61
245.3600 245.5840 62
245.6160 246.1600 63
246.1920 246.5760 65
246.6080 247.8560 62
247.8880 249.1680 58
251.5360 251.6640 65
251.6960 252.6880 67
252.7200 252.9440 70
252.9760 253.7120 67
253.7440 253.8080 65
