27.8880 27.9840 54
28.0160 28.0480 55
28.0800 28.2720 56
28.4000 28.4960 57
28.6560 29.1040 59
29.2320 30.2560 61
31.5040 31.6320 54
31.6640 31.6960 55
31.7280 31.8240 56
32.2720 32.5920 59
32.6240 32.6880 60
32.7200 32.9440 61
33.1360 33.2960 61
33.3280 33.6480 62
33.8080 33.9040 59
33.9360 34.0960 61
34.1280 34.1920 58
34.2240 34.4800 57
34.5120 34.7040 59
35.0880 35.3120 55
35.3440 35.6320 56
35.6640 35.8240 57
35.8560 36.2720 59
36.4320 36.6240 59
36.6560 37.3280 61
38.5440 38.6400 54
38.6720 38.7680 55
38.8000 38.9280 56
39.1200 39.1840 58
39.3440 39.7600 59
39.7920 40.3360 61
40.3680 40.7520 62
40.8800 41.0080 60
41.0400 41.2320 61
41.2640 41.2960 59
41.3280 41.5520 57
41.7120 42.0640 59
42.5120 42.7680 61
42.8000 43.4400 64
43.5680 43.6640 61
43.8240 43.9840 64
44.0160 44.1120 62
44.3040 44.4960 64
44.5280 44.8160 65
45.4240 45.4880 61
45.6160 45.7440 66
45.7760 45.9680 68
46.0000 46.0640 67
46.0960 46.3520 66
46.5440 46.5760 59
46.6080 46.6720 60
46.7040 46.8320 61
46.9920 47.1520 60
47.1840 47.7600 61
47.7920 48.1120 59
49.1360 49.2320 54
49.2640 49.3280 55
49.3600 49.4560 56
49.6160 49.6480 56
49.6800 49.8080 57
49.8400 49.8720 58
49.9040 50.2560 59
50.2880 50.5760 61
50.9280 51.4720 56
51.6960 51.9520 59
52.0800 52.3680 61
52.6240 52.6880 59
52.7200 52.8480 60
52.8800 53.6480 61
53.9040 54.1600 59
54.2880 54.5120 58
54.5440 54.9920 59
55.0240 55.2480 58
56.3360 56.4320 58
56.4640 56.7200 56
56.7520 56.9760 57
57.0080 57.0720 58
57.1040 57.4880 59
57.6480 57.8400 59
57.8720 58.7680 61
59.7600 59.8560 54
59.8880 59.9200 55
59.9520 60.0800 56
60.2400 60.3040 57
60.4960 60.7840 59
60.9120 61.1680 61
61.3920 61.5520 61
61.5840 61.8720 62
61.9040 62.0000 60
62.0320 62.1920 61
62.2240 62.2560 59
62.2880 62.3520 57
62.4800 62.6720 57
62.7040 62.7360 58
62.7680 62.9600 59
63.2800 63.4720 55
63.5040 63.7600 56
63.7920 64.0160 57
64.0480 64.4000 59
64.5280 64.6560 62
64.6880 64.8160 64
64.8480 65.0080 60
65.0400 65.7760 61
66.8000 66.9600 54
66.9920 67.0240 55
67.0560 67.1520 56
67.3120 67.5360 57
67.5680 67.6320 58
67.6640 67.8560 59
68.0160 68.2720 61
68.4960 68.5920 61
68.6240 68.9120 62
69.0720 69.1360 60
69.1680 69.3600 61
69.3920 69.7440 57
69.7760 70.1920 59
70.8000 70.8960 61
71.0560 71.7280 64
71.8880 71.9840 61
72.0160 72.0800 62
72.1120 72.2400 64
72.2720 72.5600 61
72.5920 72.7520 64
72.7840 73.1040 65
73.6160 73.6800 61
73.7120 73.8080 62
73.8400 73.8720 66
73.9040 73.9680 67
74.0000 74.1920 68
74.2240 74.2880 67
74.3200 74.5760 66
74.8320 74.8960 60
74.9280 75.0560 61
75.3120 75.4080 59
75.4400 75.4720 60
75.5040 76.1760 61
76.2080 76.3360 59
76.3680 76.5600 57
77.4240 77.5200 54
77.5520 77.7120 56
77.9040 78.0640 57
78.0960 78.1280 58
78.1600 78.5120 59
78.5440 78.8320 61
79.2160 79.3120 53
79.3440 79.3760 55
79.4080 79.6000 56
79.6320 79.7920 57
79.9200 79.9520 58
79.9840 80.2720 59
80.3040 80.3360 60
80.3680 80.5920 61
80.7520 80.7840 61
80.8160 80.8480 60
80.9760 81.1040 58
81.1360 81.2640 59
81.3920 81.4560 61
81.4880 81.5520 62
81.7760 82.0640 62
82.2240 82.4160 63
82.4480 84.3680 64
86.2240 86.4480 61
86.4800 86.5120 63
86.5440 86.8000 64
86.8320 86.8640 62
86.8960 87.0560 61
87.0880 87.1520 63
87.1840 87.3440 64
87.5680 87.6640 60
87.7920 87.8240 66
87.8560 87.9200 67
87.9520 88.3360 68
88.3680 88.7200 66
88.7520 89.0720 64
89.1040 89.1360 63
89.3280 89.4560 60
89.7120 89.7440 61
89.7760 89.9680 62
90.0000 90.0640 65
90.0960 90.3520 66
90.3840 90.5760 62
90.6080 90.8320 66
90.8640 90.8960 65
91.0240 91.2160 62
91.2480 91.2480 64
91.2800 91.4720 71
91.5040 91.6640 73
91.6960 91.7920 71
91.9520 92.0800 71
92.1120 92.5280 69
92.5600 92.9120 68
93.2320 93.5200 61
93.5520 93.5520 63
93.5840 93.6480 66
93.6800 93.8080 67
93.8400 94.1280 68
95.0240 95.1840 61
95.2160 95.2800 62
95.3120 95.3120 65
95.3440 95.5680 68
95.6000 96.0480 69
96.5600 96.9760 64
97.1360 97.2960 71
97.3280 97.4240 73
97.4560 97.5840 72
97.6160 97.8080 73
97.9360 98.2560 71
98.2880 98.4480 70
98.4800 99.3440 71
100.2720 100.3680 60
100.4000 100.5600 61
100.5920 100.8480 64
100.8800 100.9120 63
100.9440 101.1360 61
101.1680 101.4560 64
101.4880 101.5200 63
101.9040 102.0320 66
102.0640 102.1280 67
102.1600 102.4160 68
102.5440 102.8000 66
102.8320 102.8640 65
102.9920 103.1840 64
103.2160 103.5680 61
103.8240 104.0800 62
104.1120 104.1120 64
104.1440 104.4320 66
104.4640 104.4960 64
104.5280 104.5920 62
104.7200 105.0080 66
105.2000 105.2960 62
105.4880 105.6160 71
105.6480 105.8720 73
105.9040 106.2560 71
106.2880 106.6400 69
106.7680 106.9600 71
106.9920 107.1520 73
107.1840 107.2160 72
107.2480 107.3760 71
107.4080 107.5680 73
107.6000 108.3040 71
108.7520 108.9760 73
109.0080 109.0080 71
109.0400 109.2320 69
109.2640 109.4240 71
109.5840 110.4160 69
110.8640 111.0240 67
111.0560 111.1840 66
111.2160 111.5360 68
111.5680 111.6640 69
111.8560 112.1440 69
112.2720 112.3360 66
112.5600 112.5920 71
112.6240 112.6880 72
112.7200 112.9440 73
112.9760 112.9760 71
113.0080 113.2960 69
113.3280 113.3600 68
113.3920 113.8080 66
113.9680 114.1280 68
114.3200 114.4480 68
114.4800 117.2000 69
117.2320 117.3280 70
118.2880 118.8320 59
119.0240 119.3760 61
121.8080 121.8720 64
123.9200 124.0800 62
125.2320 125.3280 59
130.0960 130.1600 63
132.3040 132.9120 59
134.3520 134.4480 60
134.9920 135.1200 59
136.0160 136.1440 64
137.7760 137.9040 57
138.8960 139.1200 59
142.7040 142.8320 55
142.8640 143.0880 56
143.1200 143.3120 57
143.3440 143.5360 58
143.5680 143.8560 59
144.0480 144.2400 59
144.2720 145.1040 61
145.1360 145.1680 60
145.3920 145.4560 57
146.2240 146.3520 55
146.3840 146.5120 56
146.6720 146.7360 57
146.9280 147.1840 59
147.3120 147.5680 61
147.8240 147.9520 61
147.9840 148.2080 62
148.2400 148.5280 61
148.5600 148.5920 59
148.6240 149.1360 57
149.1680 149.3600 59
149.6800 149.8720 54
149.9040 150.0640 56
150.2240 150.4800 57
150.5120 150.8320 59
151.0240 151.1200 62
151.1520 151.3120 64
151.3440 151.3440 61
151.3760 151.5360 59
151.5680 152.3040 61
153.2640 153.3920 54
153.4240 153.5520 56
153.7120 153.9040 57
153.9360 154.2560 59
154.3840 154.6720 61
154.8640 154.9920 61
155.0240 155.3120 62
155.3440 155.4720 61
155.5040 155.6000 60
155.6320 155.7600 61
155.7920 156.2400 57
156.2720 156.6880 59
157.2640 157.4240 61
157.4560 158.0960 64
158.3520 158.5120 61
158.5440 158.7040 64
158.7360 158.9920 61
159.0240 159.2160 64
159.2480 159.5360 65
160.1120 160.3040 61
160.3360 160.3360 65
160.3680 160.4640 67
160.4960 160.6560 68
160.6880 160.8800 67
160.9120 161.0400 66
161.0720 161.1360 65
161.1680 161.2000 62
161.2320 161.3600 59
161.3920 161.5200 61
161.7120 161.8720 60
161.9040 162.6400 61
162.6720 162.7680 59
162.8000 163.0560 57
163.0880 163.1200 56
163.8880 164.0160 55
164.0480 164.2080 56
164.4000 164.5600 57
164.5920 164.6240 58
164.6560 164.9760 59
165.0080 165.0400 60
165.0720 165.3280 61
165.3600 165.3920 60
165.6160 165.7440 55
165.7760 166.0320 56
166.0640 166.2560 57
166.3840 166.7040 59
166.7360 166.8960 61
167.1840 167.2800 61
167.4080 167.5680 58
167.6000 167.7920 59
167.8240 167.9840 61
168.1440 168.6240 62
168.6560 168.7200 64
168.7520 168.9120 62
168.9440 170.3840 64
170.4160 170.4800 69
170.8960 170.9280 60
170.9600 170.9920 61
171.0240 171.1520 62
171.1840 171.4720 63
171.5040 171.7600 61
171.7920 172.0800 64
172.2400 172.3040 61
172.4960 172.6240 66
172.6560 172.8480 68
172.8800 172.9760 66
173.1040 173.2960 66
173.3280 173.8400 64
174.0000 174.1280 61
174.4160 174.6400 62
174.6720 174.9920 66
175.0240 175.2480 62
175.2800 175.3120 64
175.3440 175.5680 66
175.7280 175.7920 60
175.9200 175.9520 68
175.9840 176.1440 71
176.1760 176.3360 73
176.3680 176.8160 71
176.8480 177.2640 69
177.2960 177.7440 68
177.9360 178.2560 61
178.2880 178.3840 66
178.4160 178.5440 67
178.5760 179.1840 68
179.5680 179.6320 67
179.6640 179.8560 61
179.8880 180.0160 62
180.0480 180.2400 68
180.2720 180.9440 69
181.2640 181.6480 64
181.8080 182.2880 72
182.3200 182.4800 73
182.5120 182.6400 72
182.6720 182.9920 71
183.0240 183.2160 70
183.2480 184.4000 71
184.4320 184.4960 72
185.0720 185.2960 61
185.3280 185.6480 64
185.6800 185.8400 61
185.8720 186.2880 64
186.6400 186.8000 66
186.8320 187.1520 68
187.1840 187.3440 67
187.3760 187.4720 66
187.5040 187.5680 64
187.6960 187.8240 64
187.8560 187.9200 63
187.9520 188.2720 61
188.5280 188.7520 62
188.7840 189.1680 66
189.2000 189.3280 62
189.4240 189.7120 66
189.9040 190.0000 62
190.1280 190.1280 68
190.1600 190.2880 71
190.3200 190.5120 73
190.5440 190.8960 71
190.9280 191.4080 69
191.4400 191.6640 71
191.6960 191.8560 73
191.8880 192.0480 71
192.0800 192.2080 73
192.2400 192.9120 71
193.3920 193.6480 73
193.6800 193.8400 70
193.8720 194.0000 71
194.1920 195.2160 69
195.5680 195.8560 66
195.8880 196.3360 68
196.5280 196.8800 69
196.9120 197.0400 72
197.2320 197.3920 71
197.4240 197.6160 73
197.6480 198.0000 69
198.0320 198.5440 66
198.6720 198.8320 68
199.0560 199.1520 69
199.1840 199.3440 71
199.3760 202.6080 69
204.4960 204.7200 61
204.7520 205.0720 63
205.1040 205.3600 61
205.3920 205.8080 64
205.8400 206.0000 61
206.1280 206.3520 67
206.3840 206.6080 68
206.7360 207.0560 66
207.1840 207.4080 64
207.4400 207.6960 61
208.0480 208.2720 62
208.3040 208.3680 65
208.4000 208.6240 66
208.6560 208.9120 62
208.9440 209.2320 66
209.2640 209.6160 62
209.6480 209.7760 71
209.8080 209.9680 73
210.0000 210.3840 71
210.4160 210.9280 69
211.1200 211.4080 68
211.4400 211.7600 61
211.7920 212.0800 66
212.1120 212.7840 68
213.1680 213.5200 61
213.5520 213.5520 66
213.5840 214.4480 69
214.7040 215.2480 64
215.2800 215.2800 66
215.3120 215.3760 71
215.4080 216.2400 73
216.2720 216.5600 74
216.5920 216.6880 72
216.7200 216.8800 73
216.9120 218.0320 71
218.5120 218.7680 61
218.8000 219.2160 63
219.2480 219.3760 61
219.4080 219.5040 63
219.5360 219.7280 64
220.1120 220.2720 66
220.3040 220.4320 68
220.4640 220.5920 67
220.8160 221.0400 66
221.1680 221.3920 64
221.4240 221.7120 61
221.7440 221.8080 63
222.0640 222.3200 62
222.3520 222.4160 65
222.4480 222.6720 66
222.7040 222.8000 62
222.9280 223.1200 66
223.3120 223.3760 64
223.4080 223.5680 62
223.6000 223.6320 67
223.6640 223.7920 71
223.8240 223.9520 73
223.9840 224.1440 71
224.1760 224.2400 69
224.2720 224.6240 71
224.6560 224.8160 67
224.8480 225.0080 69
225.0400 225.1360 71
225.2640 225.3920 73
225.6160 225.7120 71
225.7440 225.8720 73
225.9040 226.5440 71
226.8960 227.1200 74
227.2800 227.7280 71
227.7600 228.4640 69
228.4960 228.5920 67
228.6240 228.9440 68
229.0720 231.8560 69
232.5920 232.7200 65
232.7520 233.0080 66
233.0400 233.4240 68
233.4560 233.5840 69
233.8080 234.0960 69
234.3200 234.5440 66
234.7040 235.1840 73
235.3120 235.6000 69
235.6320 235.7920 66
235.9200 236.0800 66
236.3360 236.4640 67
236.4960 237.0400 68
237.2960 240.4000 69
