1.8720 2.0960 76
3.0240 3.0880 70
3.1200 3.1840 71
3.2160 3.4400 73
3.4720 3.9840 75
4.0160 4.2720 73
4.3040 4.9440 71
4.9760 5.2000 72
5.2320 5.2320 70
5.6160 6.9920 64
8.2080 9.0080 73
9.0400 9.1680 72
9.2000 9.2000 67
9.2960 9.3920 65
9.5840 9.7440 69
9.7760 9.8080 67
9.8400 9.9360 66
10.1280 11.6320 66
12.6560 12.7520 73
12.7840 12.9760 71
13.0080 13.2960 72
13.3280 13.4240 71
13.6800 13.7440 66
14.0640 14.8320 71
14.9920 16.2400 66
17.2000 17.2640 63
17.2960 17.6800 66
17.7120 17.8720 68
18.0320 18.1600 73
18.1920 18.5120 71
18.5440 18.6720 72
18.7040 18.8640 73
18.8960 19.0880 71
19.1200 19.2480 72
19.2800 19.3440 71
19.6000 19.8560 64
19.8880 21.0080 63
21.0400 21.1040 64
22.2560 22.4160 71
22.4480 22.7040 73
22.7360 22.8000 75
22.8320 22.9600 76
22.9920 23.1200 75
23.1520 23.2800 74
23.3120 23.6000 73
23.6320 24.2720 71
24.3040 24.4960 72
24.5280 24.5280 70
24.8160 24.8160 62
24.8480 26.2240 64
26.7680 26.9280 72
26.9600 27.4720 73
27.5040 27.5360 72
27.5680 27.7280 71
27.7600 27.8240 72
27.8560 28.0160 73
28.0480 28.1760 72
28.2080 29.1360 71
29.2640 29.4240 64
29.7760 30.0000 66
30.0320 30.2240 64
30.2560 30.2880 65
30.3200 31.2800 66
32.1440 32.1440 58
32.1760 32.1760 60
32.2080 32.2720 63
32.3040 32.3680 66
32.4000 32.6560 67
32.6880 32.8800 69
32.9120 33.1360 67
33.1680 33.2320 68
33.2640 33.3280 69
33.3600 33.7760 71
33.8080 34.0000 73
34.0320 34.1600 71
34.1920 34.1920 69
34.2240 34.2560 67
34.2880 35.3120 66
35.4400 35.5040 66
36.0480 36.1120 63
36.1440 36.2720 64
36.4320 36.5280 67
36.5600 36.6560 66
36.8160 37.3280 69
37.3600 37.5520 71
37.5840 37.6160 70
37.6480 37.7440 69
37.7760 37.8720 70
38.0640 38.1920 66
38.2240 38.4160 67
38.4480 40.6240 69
40.6560 40.9440 68
41.2000 42.2560 57
43.8560 44.4640 57
59.4080 59.4400 58
59.4720 59.5360 59
59.5680 59.6640 61
59.6960 59.7600 62
59.7920 59.8560 64
59.8880 59.9840 65
60.0160 60.1440 66
60.3360 60.4640 69
60.5920 60.6240 65
60.6560 60.9760 66
61.1680 61.7440 64
61.7760 61.8720 58
61.9040 62.1280 59
62.1600 62.1920 60
62.2240 63.0240 61
64.1760 64.4960 64
64.5280 64.6880 65
64.7200 64.9760 66
65.0080 65.0400 65
65.0720 65.5200 64
65.5520 65.9040 65
65.9360 66.3840 64
66.4160 66.4480 63
66.4800 66.5120 62
66.7040 67.3440 57
68.9440 69.0720 60
69.3920 69.9040 59
69.9360 69.9680 58
70.1920 70.3200 57
71.3120 71.5360 64
71.5680 71.7280 62
71.7600 72.0480 61
72.3040 72.6880 64
72.9120 73.1040 66
73.1360 73.2000 65
73.2320 73.3280 64
73.3600 73.3920 63
73.4240 73.7440 62
73.7760 73.8080 63
73.8400 74.6720 64
74.8000 75.1520 64
75.1840 75.2480 63
75.2800 75.3760 62
75.4080 75.7600 61
75.9200 75.9840 58
76.0160 76.1120 57
76.1440 76.1760 58
76.2080 77.0400 59
78.5760 78.6080 60
78.6400 78.6720 61
78.7040 78.8320 62
78.8640 78.9920 64
79.0240 79.0880 65
79.1200 79.2800 66
79.4400 79.6320 69
79.7600 80.2400 66
80.2720 80.3360 65
80.3680 80.5920 64
80.6240 80.8480 65
80.8800 81.1360 64
81.1680 81.2000 63
81.2320 81.3600 62
81.3920 82.1600 61
83.3120 83.3440 63
83.3760 83.5040 64
83.5360 83.6320 65
83.6640 84.0800 66
84.1120 84.1760 65
84.2080 84.3040 63
84.3360 84.9120 64
84.9440 85.0400 65
85.0720 85.4240 64
85.5520 85.6480 64
85.6800 85.7440 63
85.9360 86.8640 57
87.7920 87.8560 60
88.1120 88.2080 60
88.2400 88.3680 59
88.5280 88.6560 61
88.6880 88.8800 60
88.9120 88.9440 59
89.0720 89.1360 63
89.3920 89.5840 61
89.6160 89.6800 58
89.7120 89.8720 57
89.9040 90.0000 58
90.5760 90.7680 65
90.9920 91.2800 61
91.4720 91.6000 67
91.7920 91.9520 66
91.9840 92.0160 65
92.0480 92.1760 64
92.4640 92.5920 61
92.7520 93.0400 61
93.0720 93.1040 62
93.1360 93.1680 63
93.2000 94.3840 64
94.4160 95.1200 63
97.7120 97.8400 59
97.8720 97.9360 60
97.9680 98.0320 62
98.0640 98.2240 64
98.3520 98.5440 64
98.5760 98.6080 62
98.6400 99.0560 61
99.0880 99.3120 64
99.5040 99.6960 66
99.8880 102.0000 69
102.5120 102.5440 64
102.5760 102.6720 65
102.7040 103.8880 66
103.9200 103.9520 65
103.9840 104.4640 64
104.4960 104.5600 63
104.5920 105.1680 61
105.2000 105.2640 62
105.2960 106.3840 64
107.6960 107.6960 64
107.9200 107.9840 64
108.0160 108.0480 63
108.2080 108.6560 61
108.6880 108.7200 62
108.7520 108.8160 63
108.8480 109.0080 64
109.1040 109.3600 64
109.3920 109.5840 65
109.6160 109.8400 63
109.8720 109.9040 62
109.9360 109.9360 60
110.1600 110.8960 56
110.9280 111.1200 57
112.0160 112.0800 65
112.1120 112.3360 66
112.4960 112.8480 69
112.8800 112.9440 68
112.9760 113.0080 67
113.0400 113.2960 66
113.4240 113.5840 73
113.6160 113.6480 72
113.6800 113.9360 71
113.9680 114.0640 72
114.0960 114.2560 71
114.2880 114.3840 70
114.4160 114.8960 69
114.9280 117.5520 71
118.1600 118.3200 72
118.3520 118.5120 73
118.5440 118.9280 76
118.9600 119.2480 75
119.2800 119.3120 74
119.3440 119.6000 73
119.6320 120.2400 71
120.2720 120.3680 73
120.4000 120.4960 72
120.5280 120.5280 69
120.5600 120.5600 67
120.7520 121.0720 64
121.1040 121.5840 63
121.6160 121.6800 64
121.8080 122.0000 64
122.7680 122.9280 73
122.9600 123.2800 74
123.3120 123.6640 73
123.6960 123.7280 67
123.7600 123.8880 65
123.9200 124.0160 64
124.0480 124.1120 65
124.2400 124.4320 69
124.4640 124.6240 67
124.6560 124.7840 69
124.8160 124.9120 67
124.9440 126.7360 66
127.7280 127.7920 73
127.8240 127.8560 72
127.8880 128.0480 71
128.0800 128.2400 74
128.2720 128.3360 72
128.3680 128.4000 70
128.4320 128.5280 67
128.5600 128.7200 66
128.9120 129.2000 71
129.2320 129.5520 72
129.5840 129.6160 71
129.7440 130.9600 66
130.9920 131.0880 65
131.1200 131.3440 66
131.3760 131.5360 65
132.4000 132.5280 68
132.5600 132.7200 66
132.8800 133.1040 66
133.1360 133.3920 69
133.4560 133.4880 70
133.5200 133.5840 72
133.6160 133.8400 71
133.8720 134.2560 73
134.2880 134.7360 71
134.7680 134.9600 66
134.9920 135.2480 64
135.2800 135.3120 63
135.4400 136.2720 64
137.3600 137.5200 71
137.5520 137.8080 73
137.8400 138.1280 76
138.1600 138.3520 75
138.3840 138.4480 74
138.4800 138.7360 73
138.7680 139.3760 71
139.4080 139.6000 73
139.6320 139.6320 71
139.6640 139.6640 68
139.6960 139.7600 65
139.7920 141.1360 64
141.1680 141.2000 63
141.7760 141.8720 73
141.9040 142.0000 74
142.0320 142.1600 73
142.1920 142.3520 74
142.3840 142.4480 73
142.4800 142.6080 72
142.8000 143.0240 73
143.0560 143.1520 72
143.1840 143.3440 71
143.4720 144.1760 71
144.2080 144.3680 67
144.6560 144.8480 66
144.8800 144.9120 65
145.0400 145.1360 64
145.1680 146.0960 66
147.0240 147.0240 63
147.0560 147.2800 66
147.3120 147.4400 67
147.4720 147.6320 69
147.6640 147.9520 67
147.9840 148.0800 68
148.1120 148.4640 71
148.4960 148.6240 72
148.6560 148.8480 73
148.8800 148.9760 72
149.0080 149.0400 70
149.0720 149.1040 67
149.1360 150.3200 66
151.0240 151.2800 64
151.3120 151.3440 63
151.5040 151.6640 66
151.8240 152.3680 69
152.4000 152.6240 70
152.6560 152.7520 69
152.7840 152.9440 68
152.9760 153.2320 66
153.2640 153.3280 67
153.3600 153.4560 69
153.6160 155.6640 69
156.4960 156.5280 70
156.5600 156.7200 71
156.7520 156.8160 73
156.8480 156.9120 74
156.9440 157.0720 75
157.1040 157.1680 77
157.2000 157.3600 76
157.3920 157.5520 75
157.5840 157.6480 74
157.6800 157.9360 73
157.9680 158.5760 71
158.6080 158.6400 72
158.6720 158.8960 73
158.9280 158.9280 71
159.0240 159.0240 65
159.0880 159.6320 64
159.6640 160.3040 63
160.3360 160.5920 64
161.2320 161.6480 74
161.6800 162.0960 73
162.1280 162.1280 67
162.1600 162.4480 65
162.4800 162.5120 64
162.6720 162.8320 69
162.8640 162.9920 66
163.0240 163.1200 68
163.1520 163.2800 67
163.3120 165.1680 66
166.0640 166.1280 73
166.1600 166.2560 72
166.2880 166.5120 71
166.5440 166.7040 73
166.7360 166.8000 72
166.8320 166.8960 69
166.9280 167.0240 67
167.0560 167.1840 66
167.4720 167.5360 72
167.5680 167.9840 71
168.0160 168.1760 72
168.2080 168.2720 71
168.4320 168.4640 65
168.4960 168.6560 66
168.6880 168.7520 65
168.7840 168.8480 67
168.8800 169.3280 66
169.3600 169.5520 67
169.5840 169.7120 66
170.8640 170.9280 59
170.9600 171.0240 62
171.0560 171.3760 65
171.4080 171.5360 66
171.5680 171.6320 67
171.6640 171.8560 69
171.9520 171.9840 69
172.0160 172.0800 72
172.1120 172.2720 71
172.3040 172.4640 72
172.4960 172.7200 73
172.7520 172.8800 71
172.9120 173.0080 72
173.1680 173.2320 65
173.2640 174.5120 64
174.5440 174.8320 65
175.7600 175.8880 71
175.9200 175.9840 74
176.0160 176.2720 73
176.3040 176.3680 74
176.4000 176.5920 76
176.6240 176.8160 75
176.8480 176.9760 74
177.0080 177.2640 73
177.2960 177.7120 71
177.7440 177.7760 72
177.8080 178.1600 74
178.1920 178.2560 71
178.4480 179.3440 64
179.3760 179.7280 65
180.3360 180.4000 72
180.4320 180.6560 73
180.6880 180.8480 74
180.8800 181.0080 72
181.0400 181.1360 73
181.2960 181.4560 73
181.4880 181.6480 72
181.6800 182.4160 71
182.4480 182.6720 64
182.9280 183.1520 66
183.1840 183.4080 64
183.4400 184.5280 66
185.4880 185.5520 66
185.5840 185.8080 67
185.8400 186.0000 69
186.0320 186.2880 66
186.3200 186.4800 68
186.5120 186.9280 71
186.9600 187.1520 74
187.1840 187.2800 71
187.3120 187.3120 68
187.3440 188.6560 66
189.3920 189.6800 64
189.8080 190.0320 66
190.1920 190.1920 67
190.2240 190.8000 69
190.8320 190.9600 71
190.9920 191.0560 68
191.5680 192.1760 67
192.2080 195.7600 69
202.2560 202.8640 57
