50.7680 50.8960 56
51.0240 51.0880 56
51.3120 51.3440 56
51.3760 51.4720 57
51.5040 51.5680 58
51.6000 51.6960 61
51.7280 51.8240 62
52.6560 52.7840 62
52.8160 52.8800 63
53.1680 53.2640 63
53.2960 53.3600 62
53.5520 53.6480 57
54.8640 55.1520 57
55.1840 55.2800 58
55.3120 55.4080 59
55.4400 55.6640 60
58.1920 58.2880 56
58.4800 58.5120 56
58.5440 58.6080 57
58.7680 58.8000 61
58.8320 58.8960 62
58.9280 59.1200 63
59.6960 59.7920 61
59.8240 59.8880 62
59.9200 60.0160 63
60.2080 60.3040 65
60.3360 60.4000 62
60.4320 60.8480 59
60.8800 61.4240 58
61.8400 62.2560 56
62.2880 62.3840 57
62.4160 62.7040 58
65.1040 65.2960 56
65.3280 65.4560 55
65.4880 65.6800 56
65.8400 65.9040 61
65.9360 66.0640 62
66.0960 66.2560 63
66.8640 66.9600 61
67.3760 67.5040 62
67.7600 67.8240 57
67.8560 67.9840 56
68.6240 68.7840 56
69.2000 69.2960 56
69.3280 69.3600 57
69.3920 69.5200 59
69.5520 69.7440 60
70.5120 70.6080 58
70.6400 70.6720 59
70.7040 70.7680 60
70.9600 71.0560 61
71.2160 71.5680 63
71.6000 71.6960 65
72.3360 72.5280 65
72.5600 72.5920 68
72.6240 72.7200 70
72.7520 72.8800 72
73.1040 73.3600 70
73.6160 73.6800 65
73.7120 73.8080 66
74.0000 74.0960 63
74.6400 74.8000 60
75.0560 75.2160 61
75.3760 75.7600 63
75.7920 75.9200 65
76.0480 76.3040 63
76.3360 76.4000 62
76.4320 76.4960 59
76.5280 76.8800 58
78.2240 78.9280 58
78.9600 79.1520 60
79.1840 79.2800 58
79.4080 79.6640 60
79.6960 79.8240 63
79.8560 80.0160 65
80.0480 80.0480 62
80.0800 80.2400 59
80.2720 80.6560 60
82.0960 82.2240 59
82.2560 82.4160 58
82.4480 82.5120 59
82.5440 82.6400 60
82.8320 82.9600 59
82.9920 83.1520 60
83.3120 83.4080 66
83.4400 83.6960 68
83.7280 83.8560 67
83.8880 84.2400 65
85.1040 85.1680 59
85.2000 85.2320 62
85.2640 85.3280 63
85.3600 85.3920 65
85.4240 85.7760 67
85.8080 85.9680 68
86.1600 86.4160 60
86.4480 86.6400 61
87.1200 87.2480 65
87.2800 87.5680 67
87.6000 87.7920 68
87.8240 87.8240 66
87.9520 88.4320 63
88.6880 88.9120 68
89.0720 89.2000 68
89.2320 90.5120 70
91.5040 91.5360 59
91.5680 91.8240 60
91.8560 91.8880 63
91.9200 92.0160 66
92.0480 92.3360 68
92.3680 92.7520 67
92.7840 93.2000 65
93.2320 93.2320 67
93.2640 93.3920 70
93.4240 93.7440 72
93.7760 94.0960 70
94.1280 94.5120 68
94.6400 94.9600 61
94.9920 95.1200 60
95.9520 96.0160 67
96.0480 96.2400 68
96.2720 96.6240 67
96.8160 97.4560 63
97.4880 97.5200 67
97.5520 97.6480 68
97.6800 98.0960 70
98.1280 98.3200 72
98.6720 98.9280 60
98.9600 98.9600 63
98.9920 99.1200 66
99.1520 99.4400 68
99.4720 99.8240 67
99.9520 100.3680 65
100.4000 100.4960 70
100.5280 100.9120 72
100.9440 101.2960 70
101.3280 101.5200 68
101.7440 102.3520 61
103.0880 103.1520 65
103.1840 103.2480 67
103.4400 103.6960 67
104.1120 104.4960 63
104.6880 104.8480 73
104.8800 105.3280 75
105.7440 105.7440 68
105.7760 105.9040 73
105.9360 106.0640 75
106.2240 106.6400 73
106.6720 106.8960 71
106.9280 107.2160 68
107.3440 107.4720 70
107.6000 107.6960 70
107.7280 108.2080 72
108.5280 109.0720 68
109.1040 109.4560 70
109.4880 109.6480 72
109.8080 109.9360 72
110.2560 110.3520 68
110.5120 110.5760 73
110.6080 110.8640 75
110.8960 111.6960 73
111.8560 111.9520 70
111.9840 112.5280 72
112.9760 113.7120 67
113.7440 114.1280 68
114.2880 114.5760 65
114.7360 114.8640 70
114.8960 115.0560 72
115.0880 115.2160 71
115.2480 115.3760 70
115.4080 115.4720 72
115.6000 115.7920 68
115.9200 116.0480 68
116.0800 116.8800 70
117.6480 118.0640 68
118.0960 119.4080 70
121.8400 121.9360 67
122.2240 122.3520 62
122.3840 122.4480 58
123.3120 123.3760 57
123.4080 123.6320 56
124.2080 124.2080 60
124.2400 124.3360 63
124.3680 124.3680 60
124.4960 124.8160 60
125.9360 126.0320 59
126.0640 126.2880 63
126.3200 126.6720 59
136.7200 137.0720 55
137.2000 137.2960 56
137.5200 137.6480 61
137.6800 137.9040 63
138.4800 138.6080 61
138.6400 139.0880 63
139.2160 139.6960 56
140.2080 140.2400 57
140.4320 140.4640 56
140.4960 140.7840 55
140.9440 141.1360 58
141.1680 142.3200 60
142.3520 142.4800 59
142.5120 142.6080 56
143.8880 144.0160 56
144.0480 144.2080 55
144.3360 144.4960 57
144.5280 144.7200 61
144.7520 145.2000 63
145.5200 145.7120 60
145.7440 146.0000 63
146.0320 146.2240 65
146.4160 146.5760 59
146.6080 146.8320 60
146.9920 147.4080 61
147.4400 147.7280 63
147.8560 147.9840 60
148.2080 148.3040 58
148.3360 148.3680 59
148.4000 148.5600 60
148.5920 149.5200 58
151.1520 151.3440 55
151.4720 151.6320 56
151.6640 151.6640 58
151.6960 151.8560 61
151.8880 152.2720 63
152.7840 153.1040 63
153.2320 153.3600 63
153.3920 154.0320 56
154.6720 155.1840 56
155.3120 155.4720 58
155.5040 155.8560 60
155.8880 156.4640 59
156.4960 156.7200 58
156.7520 156.9760 61
157.0080 157.4240 63
157.4560 158.4160 65
158.4480 158.5760 70
158.6080 158.7680 72
158.8000 159.1520 70
159.2480 159.4400 65
159.4720 159.6640 67
159.6960 159.7600 65
159.7920 160.0480 63
160.2080 160.7520 60
160.7840 161.0720 61
161.1040 161.3920 63
161.5840 161.6800 63
161.7120 161.9360 65
161.9680 162.2880 63
162.4480 163.1200 58
163.8240 163.9200 56
164.2080 164.7520 58
164.9120 165.0400 60
165.0720 165.1680 58
165.3280 165.5840 60
165.6160 165.7760 63
165.8080 165.9360 65
165.9680 165.9680 63
166.0000 166.0000 61
166.0320 166.1920 58
166.2240 166.3840 60
166.4160 166.5760 58
166.6080 167.1200 60
168.0480 168.1440 59
168.1760 168.4000 58
168.4320 168.5600 59
168.7520 168.8800 58
168.9120 169.0400 60
169.2000 169.2960 67
169.3280 169.7440 68
169.7760 169.8400 67
169.8720 170.3840 65
171.1200 171.1840 63
171.2160 171.3120 65
171.3440 171.6640 67
171.6960 171.8880 68
172.0800 172.3040 60
172.3360 172.5600 61
173.0080 173.1040 64
173.1360 173.1680 65
173.2000 173.5200 67
173.5520 173.7440 68
173.7760 173.9040 63
173.9360 174.3520 62
174.5120 174.8000 68
174.9600 175.0880 68
175.1200 176.8480 70
177.2640 177.3600 61
177.4880 177.7440 60
177.7760 177.8400 63
177.8720 178.7360 68
178.7680 179.1840 65
179.2160 179.3440 70
179.3760 179.6320 72
179.6640 180.0480 70
180.0800 180.4640 68
180.6240 181.0720 61
181.8720 182.0000 67
182.0320 182.2880 68
182.3200 182.6080 67
182.6400 183.3440 63
183.4720 183.6000 68
183.6320 184.0160 70
184.0480 184.2400 72
184.2720 184.2720 70
184.6560 184.6880 59
184.7200 184.9760 60
185.0080 185.1040 67
185.1360 185.4240 68
185.4560 185.6800 67
185.7120 185.7760 65
185.9040 186.2880 65
186.3200 186.3200 67
186.3520 186.4800 70
186.5120 186.8320 72
186.8640 187.1200 70
187.1520 187.1840 69
187.2160 187.4720 68
187.7600 188.1440 61
188.7840 188.8160 67
188.8480 189.0080 66
189.1360 189.2320 68
189.3920 189.6800 67
189.7120 189.7760 69
189.9680 190.4480 63
190.6400 190.6400 71
190.6720 190.8000 74
190.8320 191.4400 75
191.7280 191.7280 70
191.7600 191.8560 74
191.8880 192.0160 75
192.1760 192.2720 71
192.3040 192.5600 73
192.5920 192.8480 72
192.8800 193.2960 68
193.3280 193.4240 70
193.5520 193.6800 70
193.7120 194.1600 72
194.5120 194.5760 69
194.6080 195.0560 68
195.0880 195.4400 70
195.4720 195.6320 72
195.7600 195.9520 72
196.2080 196.3040 68
196.4640 196.5920 73
196.6240 196.8480 75
196.8800 196.9760 73
197.1360 197.3920 73
197.4240 197.6800 72
197.8080 197.9360 70
197.9680 198.5760 72
198.9280 199.1200 68
199.1520 199.6640 67
199.6960 200.0480 68
200.2400 200.5280 65
200.6880 200.8160 70
200.8480 201.0400 72
201.0720 201.1360 71
201.1680 201.3280 70
201.3600 201.3600 68
201.5840 201.6160 67
201.6480 202.0320 68
202.0640 202.9600 70
202.9920 203.1520 69
203.1840 203.4080 70
203.5360 203.8560 68
203.8880 205.8080 70
206.9600 207.1200 67
207.1520 207.3760 68
207.4080 207.5360 70
207.5680 207.6320 69
207.6640 207.6960 68
207.7280 207.8880 65
207.9200 208.9120 68
208.9440 208.9440 70
208.9760 209.0400 73
209.0720 209.1360 71
209.1680 209.3600 72
209.3920 209.4560 70
209.4880 210.1280 68
210.1600 210.2560 67
210.2880 211.3120 63
211.9520 212.0480 63
212.0800 212.1760 65
212.2080 212.4000 63
212.4320 213.2640 65
213.7440 213.8080 65
213.8400 213.9680 67
214.0000 214.1600 65
214.1920 215.1520 67
215.1840 215.2480 65
215.2800 215.9200 63
215.9520 215.9520 66
215.9840 216.1120 68
216.1440 216.5600 70
216.5920 216.6240 68
216.6560 216.8480 65
216.8800 216.9440 67
216.9760 217.9360 68
217.9680 218.1600 65
218.5760 218.8000 69
218.8320 218.9280 67
219.1200 219.1520 73
219.1840 219.2160 74
219.2480 220.5920 75
220.6240 220.7200 74
220.7520 220.8800 73
220.9120 221.2960 72
221.3280 221.4880 73
221.5200 221.6160 74
221.6480 221.7440 75
221.7760 221.9360 77
221.9680 223.5680 75
223.6000 223.6640 74
223.6960 223.8880 72
223.9200 224.0800 74
224.1120 225.1040 72
225.9680 226.5440 67
226.6720 226.7680 67
227.6000 227.6320 59
227.6640 227.8240 60
228.0160 228.1120 67
228.1440 228.3360 68
228.4640 228.6560 67
228.6880 229.2640 65
229.2960 229.3600 68
229.3920 229.4240 70
229.4560 229.4880 71
229.5200 229.7120 72
229.7440 229.8080 71
229.8400 230.0320 70
230.1920 230.4160 68
230.7040 231.1200 61
232.0480 232.1440 66
232.1760 232.2080 67
232.2400 232.4000 68
232.4320 232.7200 67
232.7520 232.7840 66
232.8160 232.8800 65
232.9120 233.4240 63
233.6160 233.7440 68
233.7760 234.2240 70
234.2560 234.4160 72
234.8960 235.0240 61
235.1520 235.2480 65
235.2800 235.5040 68
235.5360 235.9200 67
236.0480 236.1120 66
236.1440 236.4000 65
236.4320 236.4960 67
236.5280 236.5600 70
236.5920 236.6560 71
236.6880 236.9440 72
236.9760 237.0080 71
237.0400 237.2320 70
237.3920 237.5520 68
237.9040 238.3200 61
239.1520 239.2160 65
239.2480 239.4720 68
239.5040 239.7600 67
239.7920 240.5600 63
240.7520 240.8160 73
240.8480 240.8800 74
240.9120 241.0720 75
241.2000 241.3920 75
241.4240 241.4560 74
241.4880 241.6160 73
241.8400 241.8720 69
241.9040 241.9680 73
242.0000 242.1600 75
242.3520 242.4480 72
242.4800 242.8000 73
242.8320 242.9920 71
243.0240 243.2160 70
243.2480 243.4080 68
243.4400 243.5360 70
243.6960 243.7920 70
243.8240 244.3040 72
244.6560 245.1680 68
245.2000 245.2320 69
245.2640 245.5840 70
245.6160 245.7760 72
245.9040 246.0960 72
246.3840 246.5120 68
246.6720 246.6720 71
246.7040 246.8000 73
246.8320 246.9920 75
247.0240 247.1840 73
247.3120 248.1120 73
248.1440 248.3040 75
248.3360 248.3360 73
248.3680 248.5600 70
248.5920 248.7520 72
248.7840 248.7840 70
249.1360 249.9040 67
249.9360 250.1920 68
250.2240 250.2880 67
250.4160 250.7360 65
250.8960 250.9600 70
250.9920 251.3120 72
251.3440 251.4720 70
251.5040 251.5680 68
251.6000 251.6960 70
251.7280 251.9200 68
252.0800 252.2400 68
252.2720 253.0400 70
253.2960 253.3920 75
253.5520 253.6160 73
253.6480 253.7120 72
253.7440 254.1280 68
254.1600 257.2000 70
259.3120 260.0800 67
260.1120 260.2400 68
260.2720 260.4320 70
260.4640 261.6160 68
262.7040 263.4720 68
267.6320 267.7280 70
267.7600 267.9840 72
268.2400 268.3680 68
268.6880 268.7840 68
268.8160 269.0400 70
269.0720 271.6320 68
