25.3280 25.4880 57
25.6160 25.6800 58
25.8720 25.9360 58
25.9680 26.0320 59
26.0640 26.2560 60
26.6720 27.0240 60
27.1840 27.3440 59
27.3760 27.4720 60
27.5040 27.5680 59
27.7600 27.8240 57
27.9840 28.2400 56
28.2720 28.4000 55
28.4320 28.8480 54
29.8720 30.2240 58
30.2560 30.3200 59
30.3520 30.4160 60
30.4480 30.7040 61
30.9600 31.2480 61
31.2800 31.3440 60
31.3760 31.4720 59
31.5040 31.5360 60
31.5680 31.6960 61
31.7280 31.7920 62
31.9520 32.1120 66
32.1440 32.1760 65
32.2080 32.2400 64
32.2720 32.3680 63
32.4000 32.5920 65
32.6240 32.6880 64
32.7200 32.8480 62
32.8800 33.0400 61
34.0960 34.5120 61
34.5440 34.6720 62
34.7040 35.0240 63
35.3760 35.5360 62
35.5680 36.1760 63
36.2080 36.2400 62
36.2720 36.3360 61
36.3680 36.4000 59
36.4320 36.7200 58
36.7520 36.8480 59
36.8800 36.9120 60
36.9440 37.1040 61
38.0000 38.0640 57
38.0960 38.3520 58
38.5120 38.6400 59
38.8000 38.8960 56
38.9280 39.3440 55
39.7600 39.7920 56
39.8240 39.9200 57
39.9520 40.0800 58
40.2080 40.3040 58
40.3360 40.4320 59
40.5600 40.6880 60
40.7200 40.7520 59
40.7840 40.8160 58
40.8480 41.1360 57
41.1680 41.4560 56
41.4880 41.5840 57
42.2240 42.4160 58
42.4480 42.8320 59
42.8640 43.1200 61
43.2800 43.3760 61
43.5360 43.8560 61
44.0160 44.1440 59
44.1760 44.3360 60
44.3680 44.4000 59
44.5600 44.6560 57
44.8800 45.0400 56
45.0720 45.2000 55
45.2320 45.8400 54
46.3840 46.9600 58
46.9920 47.0560 59
47.0880 47.1840 60
47.2160 47.3120 61
47.3440 47.5040 60
47.5360 48.0800 61
48.1120 48.2080 60
48.2400 48.3680 59
48.4000 48.5920 61
48.6240 48.6880 62
48.7200 48.7520 65
48.7840 49.1040 66
49.1360 49.8400 65
49.8720 50.1920 66
50.2240 50.3840 65
50.8320 51.3120 66
51.3440 51.5360 67
51.5680 52.2400 66
52.3680 52.4640 62
52.4960 52.5920 61
52.6240 53.2000 59
53.2320 53.5840 61
53.7760 53.8400 69
53.8720 54.0960 70
54.2880 54.3200 68
54.3520 54.4160 69
54.4480 54.7360 70
54.7680 54.8320 69
55.4400 55.5360 60
55.5680 55.6960 58
55.7280 56.1440 59
56.4000 56.7200 59
56.9440 57.0080 68
57.0400 57.3280 70
57.3600 57.6160 69
57.6480 58.1280 68
58.1600 58.1600 66
58.4160 58.4800 60
58.5120 58.6720 61
58.7040 58.7040 63
58.7360 58.7360 68
58.7680 58.8320 70
58.8640 58.9600 72
59.0880 59.2160 71
59.3440 59.7920 68
59.8240 60.4960 70
60.5280 60.5920 68
60.6240 60.7200 69
60.7520 61.0720 71
61.1040 61.2960 70
61.3280 61.3280 68
61.3600 61.7760 66
61.8080 61.9040 67
61.9360 62.2560 66
62.2880 62.3840 65
62.7040 62.8320 63
62.8640 62.8960 64
62.9280 63.1200 65
63.2480 63.3760 66
63.4080 63.4080 64
63.4400 63.6000 61
63.7920 63.9200 61
63.9520 64.1760 62
64.2080 64.4640 63
64.6240 64.7200 62
64.7520 65.1680 61
65.2000 65.2320 60
65.2640 65.4880 59
65.5200 65.7120 60
65.8720 65.9680 59
66.0000 66.0320 60
66.0640 66.4160 61
66.9600 67.0880 60
67.1200 67.2800 61
67.4720 67.5360 68
67.5680 67.7920 70
67.9520 67.9840 68
68.0160 68.0800 69
68.1120 68.5600 70
68.5920 68.6240 69
68.9760 69.0080 67
69.0400 69.1680 68
69.2000 69.3920 70
69.5520 69.6800 68
69.7120 69.7760 67
69.8080 69.9040 66
69.9360 70.0640 65
70.0960 70.1600 66
70.1920 70.2560 67
70.2880 70.4160 68
70.4480 70.5120 67
70.6720 70.7360 61
70.7680 70.8000 60
70.8320 70.8640 59
71.1520 71.2160 66
71.2480 71.3440 67
71.3760 71.8560 66
72.2400 72.2400 61
72.4320 72.5920 61
72.6240 73.1360 59
73.2640 73.5520 59
73.7760 74.5120 66
74.5440 74.9280 68
74.9600 74.9920 67
75.3440 75.4720 61
75.6000 75.6640 71
75.6960 75.7920 73
75.8240 76.0160 71
76.1440 76.5280 68
76.5600 76.5920 69
76.6240 77.4560 70
77.4880 77.5840 69
77.6160 77.8400 71
77.9680 78.1280 70
78.1600 78.2240 67
78.2560 79.0560 66
79.0880 79.1200 65
79.6000 79.7600 63
79.7920 79.9520 65
80.0800 80.1440 66
80.1760 80.2400 65
80.2720 80.5280 61
80.6240 80.7520 61
80.7840 80.8800 62
80.9120 81.1680 63
81.4880 81.5840 63
81.6160 81.6800 62
81.7120 82.0000 61
82.2240 82.3520 69
82.3840 82.7360 71
82.7680 83.3760 70
83.7920 83.9200 68
83.9520 84.2400 70
84.3680 84.5920 71
84.6240 84.7520 72
84.7840 84.8800 73
84.9120 85.5840 72
85.6160 86.0640 73
86.0960 86.2560 72
86.6720 86.8000 65
86.8320 86.8640 66
86.8960 87.0560 67
87.0880 87.4080 68
87.4400 87.5680 70
87.9520 88.0160 63
88.0480 88.1760 64
88.2080 88.4000 63
88.4320 88.5280 62
88.5600 88.8480 63
88.8800 88.9440 64
88.9760 89.1040 66
89.2960 89.3920 66
89.4240 89.4560 64
89.4880 89.5520 62
89.5840 90.3200 61
90.3520 90.4480 62
90.6080 90.7040 68
90.7360 90.9280 70
91.1520 91.8560 68
92.4640 92.7840 66
93.0080 93.0720 66
93.1040 93.3280 65
93.4880 93.6480 65
93.6800 95.1840 66
96.9440 97.0400 56
97.2000 97.3280 58
97.4560 97.5200 58
97.5520 97.5840 59
97.6160 98.0320 60
98.2560 98.2880 60
98.3200 98.5760 61
98.6080 98.6400 60
98.7680 98.8960 59
98.9280 99.1200 60
99.1520 99.1840 59
99.2160 99.4080 57
99.5680 99.8880 56
99.9200 100.0160 55
100.0480 100.4960 54
101.3920 101.5200 59
101.6480 101.7760 59
101.8080 101.8400 60
101.8720 102.2880 61
102.5120 102.9600 61
102.9920 103.0880 59
103.1200 103.1520 60
103.1840 103.3120 61
103.5040 103.6640 66
103.6960 104.2080 65
104.2400 104.3680 62
104.4000 105.0720 61
105.6800 106.2880 61
106.3200 106.8000 63
106.9920 107.0880 61
107.1200 107.1840 62
107.2160 107.8240 63
107.8560 107.8560 61
107.8880 108.2720 58
108.3040 108.3680 59
108.4000 108.7840 61
109.5520 109.6800 56
109.7120 109.7760 57
109.8080 109.8720 58
110.0000 110.1600 60
110.3520 110.4160 56
110.4480 110.5120 55
110.5440 110.8640 54
111.4080 111.4400 56
111.4720 111.5360 57
111.5680 111.7600 58
111.7920 112.1120 59
112.1440 112.2720 61
112.3040 112.3680 59
112.4000 112.4320 57
112.4640 112.5600 56
112.5920 112.7200 57
112.7520 113.1680 56
113.8080 114.1920 58
114.2240 114.4160 59
114.4480 114.6400 61
114.8960 114.9600 60
115.0880 115.4080 61
115.6320 115.6640 59
115.6960 115.7600 60
115.7920 115.8880 61
115.9200 115.9840 60
116.4320 116.4960 57
116.5280 116.6880 56
116.7200 116.7840 55
116.8160 117.4560 54
118.0000 118.3840 58
118.4160 118.6080 59
118.6400 118.9280 61
118.9600 119.2160 60
119.2480 119.6000 61
119.6320 119.6960 60
119.8240 119.9200 59
119.9520 119.9840 60
120.0160 120.2400 61
120.2720 120.3040 64
120.3360 120.6560 66
120.6880 121.2960 65
121.3280 121.7440 66
121.7760 121.8400 65
122.3840 122.4160 64
122.4480 122.4800 65
122.5120 122.9280 66
122.9600 123.0880 67
123.1200 123.8240 66
123.9840 124.1760 62
124.2080 124.7520 59
124.7840 124.9760 61
125.0080 125.1040 62
125.3280 125.4240 69
125.4560 125.6480 70
125.8720 125.9680 68
126.0000 126.4800 70
126.9920 127.0560 61
127.0880 127.1520 60
127.1840 127.7280 59
127.9840 128.2400 59
128.4960 128.5920 68
128.6240 128.9120 70
129.0400 129.1360 68
129.1680 129.2640 69
129.2960 129.6480 68
129.9040 130.0320 60
130.0640 130.2560 61
130.2880 130.2880 66
130.3200 130.3200 68
130.3520 130.4160 71
130.4480 130.5120 73
130.6400 130.7680 71
130.8960 131.2480 68
131.2800 131.8240 70
131.8560 131.8880 69
132.1120 132.1760 68
132.2080 132.3040 69
132.3360 132.5920 71
132.6880 132.8160 70
132.8480 132.8800 69
132.9120 133.3280 66
133.3600 133.4880 67
133.5200 133.8400 66
133.8720 133.9360 65
134.2880 134.5120 63
134.5440 134.7040 65
134.8320 134.8960 66
134.9280 134.9600 65
134.9920 135.0240 63
135.0560 135.1840 61
135.3440 135.4720 61
135.5040 135.5360 62
135.5680 136.0800 63
136.1120 136.3360 62
136.3680 136.8160 61
136.8480 137.1360 59
137.1680 137.2960 61
137.4560 137.6160 59
137.6480 137.9680 61
138.0000 138.0320 60
138.5440 138.7360 60
138.7680 138.8960 61
139.0560 139.1200 67
139.1520 139.3120 70
139.3440 139.4080 71
139.5680 139.6640 69
139.6960 140.5920 70
140.6240 140.7840 68
140.8160 141.0080 70
141.1360 141.2960 68
141.3280 141.6480 66
141.6800 141.7440 67
141.7760 141.9360 68
141.9680 142.0000 67
142.0320 142.0320 65
142.1920 142.2240 59
142.2560 142.3840 60
142.4160 142.5440 58
142.7360 142.8000 66
142.8320 143.1840 68
143.2160 143.4080 66
143.8880 144.1440 61
144.1760 144.2080 60
144.2400 144.6880 59
144.8160 145.1360 59
145.3280 145.9680 66
146.0000 146.4160 68
146.8640 146.8960 60
146.9280 147.0240 61
147.1840 147.2480 70
147.2800 147.3760 72
147.4080 147.5360 71
147.5680 147.6000 70
147.7280 147.7600 67
147.7920 148.1120 68
148.1440 149.1360 70
149.1680 149.4240 71
149.5520 149.6800 70
149.7120 149.7120 68
149.7440 150.1280 66
150.1600 150.4160 67
150.4480 150.7680 66
151.1840 151.3440 63
151.3760 151.5040 65
151.6320 151.7280 66
151.7600 151.7920 65
151.9200 151.9840 61
152.0160 152.0480 60
152.2080 152.2720 61
152.3040 152.3360 62
152.3680 152.4960 63
152.5280 152.5920 62
153.1680 153.5520 61
153.7760 153.8400 69
153.8720 154.2560 71
154.2880 155.0240 70
155.3440 155.4720 68
155.5040 155.8240 70
155.8560 156.0800 71
156.1120 156.2080 72
156.2400 156.3680 73
156.4000 156.5920 72
156.6240 157.7120 73
157.7440 157.7760 72
158.2560 158.3520 65
158.5120 158.6080 66
158.6400 158.9600 68
158.9920 159.1200 70
159.1520 159.1520 68
159.3120 159.3760 62
159.5360 159.5680 63
159.6000 159.7280 64
159.7600 160.3040 63
160.4960 160.5600 65
160.5920 160.8800 66
160.9120 160.9440 65
160.9760 161.0080 63
161.0400 161.4880 61
161.6480 162.0320 61
162.1920 162.2560 68
162.2880 162.5120 70
162.6720 162.8640 69
162.8960 163.4720 68
164.1440 164.3040 66
164.3360 164.5280 65
164.5600 164.9440 66
164.9760 165.2000 65
165.2320 166.0320 66
166.0640 166.1600 65
166.1920 166.1920 63
166.3840 166.4480 59
166.4800 166.5120 62
166.5440 166.6400 63
166.6720 166.9280 65
166.9600 167.0560 64
167.0880 168.0480 66
168.2080 168.3360 66
168.5920 168.6880 65
168.7200 168.9760 66
169.0080 169.2640 67
169.2960 169.3600 68
169.3920 169.6800 70
169.8080 169.9680 71
170.0000 170.1600 68
170.1920 170.4800 70
170.5120 170.5440 63
170.5760 171.2160 61
171.2480 171.2800 62
171.3120 172.3680 63
173.0400 173.2000 63
173.2320 173.3280 65
173.4880 173.6800 65
173.7120 173.9360 63
173.9680 174.3520 65
174.3840 174.5760 66
174.6080 174.6720 65
174.8960 175.2160 65
175.2480 175.3440 64
175.3760 175.5040 65
175.5360 175.8240 66
175.8560 176.6880 61
176.9120 177.0080 68
177.0400 177.2960 70
177.4560 177.5520 69
177.5840 179.8240 70
179.8560 179.9520 71
179.9840 180.5600 70
182.7040 182.8320 61
182.9920 183.0880 71
183.1200 183.2480 74
183.4080 183.6320 71
183.7920 184.2080 68
184.2400 184.5600 70
184.9760 185.0080 69
185.0400 185.1040 70
185.1360 185.3600 71
185.4880 185.6480 70
185.6800 185.6800 68
185.7120 186.3520 66
186.3840 186.6080 65
187.0240 187.1200 63
187.1520 187.1840 64
187.2160 187.3760 65
187.5040 187.6640 66
187.6960 187.6960 64
187.7280 187.8880 61
188.0160 188.1760 61
188.2080 188.3040 62
188.3360 188.7200 63
188.9120 189.0080 62
189.0400 189.3600 61
189.3920 189.4560 60
189.4880 189.8080 59
189.8400 190.0000 60
190.1600 190.3200 59
190.3520 190.7360 61
191.2160 191.5360 61
191.6960 191.7920 67
191.8240 192.1440 70
192.1760 192.2720 72
192.3040 193.0080 70
193.2640 193.4240 68
193.4560 193.7120 70
193.7440 193.9360 68
193.9680 194.0000 67
194.0320 194.1920 66
194.3520 194.3840 65
194.4160 194.4480 66
194.4800 194.7360 67
194.9600 195.0560 60
195.0880 195.1840 58
195.4080 195.5040 66
195.5360 195.7920 68
195.8240 196.0800 66
196.6240 196.8480 61
196.8800 196.9120 60
196.9440 197.8080 59
198.0000 198.4800 66
198.5120 199.1520 68
199.1840 199.2160 66
199.4400 199.6640 62
199.8240 199.8560 70
199.8880 199.9520 71
199.9840 200.2720 74
200.3040 200.3680 72
200.4000 200.4640 71
200.6240 201.0080 69
201.0400 201.3280 71
201.3600 201.8400 70
201.8720 202.1920 72
202.2240 202.3520 71
202.4800 203.3120 67
203.8560 204.0160 64
204.0480 204.1760 66
204.3360 204.4960 67
204.6240 204.7520 62
204.9120 205.0080 62
205.0400 205.2320 63
205.6480 205.7760 64
205.9040 206.2240 62
206.4160 206.4800 69
206.5120 206.9280 72
206.9600 207.6000 71
207.9840 208.1120 69
208.1440 208.5280 71
208.5600 208.7840 72
208.8160 210.5120 74
210.8960 210.9600 67
211.1840 211.2800 67
211.3120 211.6640 69
211.6960 211.8240 71
212.2080 212.2720 64
212.3040 212.4000 66
212.4320 212.5920 64
212.6240 212.7200 63
212.7520 213.0400 64
213.3600 213.3920 66
213.4240 213.6480 67
213.6800 213.6800 65
213.7120 214.1600 62
214.3200 214.6400 62
214.8640 214.9920 69
215.0240 215.1840 71
215.3760 216.0800 69
216.8480 217.6800 67
217.7120 217.8400 65
217.8720 220.8480 67
224.9440 225.2320 62
225.3600 225.4560 69
225.4880 225.7440 71
225.8720 227.3440 71
227.4720 227.6320 69
227.6640 227.8560 67
227.8880 227.8880 65
228.0160 228.1120 67
228.1440 228.4640 69
228.4960 228.4960 66
228.5920 228.9120 59
229.0720 229.1360 67
229.1680 229.5200 69
229.5520 229.7760 67
230.3200 230.5120 62
230.5440 231.4080 60
231.4400 231.5040 61
231.6960 232.1440 67
232.1760 232.2080 69
232.2400 232.5280 70
232.5600 232.8160 69
233.1680 233.3280 62
233.5200 233.5840 71
233.6160 233.6480 72
233.6800 233.9360 74
233.9680 234.1600 72
234.2880 234.6080 69
234.6400 234.6720 70
234.7040 235.1520 71
235.3440 235.4400 70
235.4720 235.5040 71
235.5360 235.8880 72
235.9200 236.0800 71
236.1120 237.2000 67
237.5520 237.6160 64
237.6480 237.8720 66
238.0000 238.1920 67
238.2240 238.4480 62
238.5440 238.7040 62
238.7360 238.9920 64
239.4400 239.5040 64
239.5360 239.9200 62
240.1120 240.2080 70
240.2400 240.5280 72
240.5600 240.6880 70
240.7200 240.7520 71
240.7840 241.5200 72
241.5520 241.7760 71
241.9360 242.0640 70
242.0960 242.3520 71
242.3840 242.7680 72
242.8000 242.9920 74
243.0240 243.3120 73
243.3440 244.3680 74
244.8480 244.9760 67
245.1040 245.2000 67
245.2320 245.5520 69
245.5840 245.6160 70
245.6480 245.8080 71
246.2240 246.4800 65
246.5120 247.0560 64
247.3760 247.4080 65
247.4400 247.4720 66
247.5040 247.7920 67
247.8240 247.8240 64
247.8560 248.2720 62
248.4320 248.7520 62
248.9760 249.0400 69
249.0720 249.2960 71
249.4880 250.6400 69
252.8160 252.8800 66
252.9120 253.8080 67
253.8400 254.0960 65
254.1280 254.1280 66
254.1600 256.3040 67
