14.4160 14.4800 55
14.5120 14.6400 56
14.6720 14.7360 57
14.7680 14.9920 58
15.0240 15.1200 57
15.1520 15.4400 56
15.4720 15.5680 57
15.6000 15.8880 58
15.9200 16.2080 59
16.3680 16.4000 59
16.4320 16.4960 60
16.5280 16.7200 61
16.7520 16.8160 60
16.8480 17.0080 59
17.0400 17.3920 58
18.1600 18.2880 57
18.3200 18.4800 58
18.5120 18.7040 57
18.8320 19.0560 58
19.2480 19.5040 59
19.6960 19.7280 59
19.7600 19.8240 60
19.8560 20.3040 61
21.6160 21.6800 61
21.7120 22.0320 62
22.0640 22.5120 61
22.5440 22.8960 63
22.9280 23.2160 65
23.3760 23.5040 65
23.5360 23.7920 66
23.8240 23.8880 65
23.9200 23.9520 64
23.9840 24.1120 63
24.1440 24.3680 61
24.9440 25.0080 59
25.2320 25.5200 62
25.5520 25.7440 61
26.0960 26.3200 58
26.3520 26.4160 57
26.5440 26.7040 56
26.8960 27.6640 56
28.6560 28.7200 56
28.7520 28.8480 57
28.8800 29.0080 58
29.1360 29.4240 56
29.5840 29.7120 57
29.7440 29.8720 58
30.0960 30.3520 59
30.3840 30.4480 60
30.4800 30.7040 61
30.9280 31.0560 59
31.0880 31.4080 58
32.2720 32.3680 57
32.4000 32.5600 58
32.7200 32.7840 57
32.8160 33.0400 56
33.0720 33.1360 57
33.1680 33.3600 58
33.4880 33.7120 59
33.9040 33.9360 59
33.9680 34.0320 60
34.0640 34.9600 61
35.7600 35.8240 61
35.8560 35.8880 62
35.9200 36.1760 63
36.2080 36.3040 62
36.3360 36.6560 61
36.6880 36.7840 62
36.8160 37.0080 63
37.0400 37.0720 64
37.1040 37.3600 65
37.5520 37.6480 65
37.6800 38.0000 66
38.0320 38.1280 65
38.2560 38.3200 62
38.3520 38.5440 61
39.0560 39.1520 59
39.2800 39.5360 62
39.5680 39.8880 61
40.2080 40.4640 56
40.6240 40.7520 54
40.9760 41.4880 54
43.8880 43.9840 58
44.1440 44.1760 62
44.2080 44.3040 63
44.3360 44.4320 66
44.5920 44.6560 65
44.6880 44.9760 66
45.0080 45.1360 65
45.2960 45.4560 63
45.7440 46.0000 66
46.3200 46.6720 67
46.7040 47.0240 66
47.0560 47.3760 65
47.4080 47.5040 62
47.5360 47.7280 61
47.8880 48.0160 61
48.0480 48.4640 59
48.9760 49.0080 59
49.0400 49.2320 60
49.2640 49.6160 59
49.6480 50.0000 58
50.0320 50.1280 59
50.2880 50.3840 60
50.9920 51.0560 58
51.2160 51.2800 62
51.3120 51.3760 63
51.4080 51.5040 65
51.6320 52.3040 65
52.3360 52.6240 63
52.8160 53.2000 66
53.3600 53.3920 66
53.4240 53.4560 67
53.4880 53.7120 68
53.7440 53.8400 67
53.8720 54.0000 66
54.0320 54.2240 65
54.2560 54.3200 64
54.5120 54.6080 61
54.9600 55.0880 61
55.1200 55.6960 59
55.8560 55.9840 57
56.0160 56.1760 59
56.3040 56.4320 61
56.8480 56.8800 63
56.9120 56.9440 64
56.9760 57.2000 66
57.3920 57.5840 63
57.6160 57.9040 66
58.0640 58.1600 68
58.1920 58.3840 70
58.4160 60.2400 68
61.2960 61.3920 68
61.4240 61.6160 70
61.7760 61.9040 68
61.9360 63.4400 66
63.4720 63.6320 64
63.7920 64.0480 68
64.1760 64.6560 70
64.8160 64.9120 68
64.9440 65.1360 70
65.2960 65.3920 69
65.4240 65.4880 68
65.5200 66.5120 65
66.5440 66.7360 63
66.7680 66.9280 65
67.0560 67.1840 61
67.2160 67.2480 62
67.2800 67.4080 63
67.4400 67.6960 65
67.7280 67.9840 66
68.3680 68.4960 69
68.5280 68.7520 70
68.7840 68.8800 69
68.9120 68.9440 68
68.9760 70.0000 66
70.1280 70.1920 69
70.2240 70.2880 71
70.3200 70.5440 73
70.5760 70.7360 75
70.8960 70.9600 69
70.9920 71.1200 68
71.3440 71.4400 67
71.4720 71.6960 68
72.3680 72.5600 66
72.5920 72.7840 68
72.8160 73.2000 71
73.2320 73.3280 70
73.4560 73.6160 67
73.6480 73.7120 70
73.7440 74.0000 71
74.0320 74.2240 70
74.2560 74.5440 67
74.5760 74.6080 71
74.6400 74.9600 73
75.4720 75.7600 70
75.9200 76.1120 68
76.1440 76.2080 66
76.3680 77.5840 66
77.6160 77.6800 65
77.9040 78.0320 66
78.0640 78.3200 68
78.3520 78.6080 70
78.9600 78.9920 68
79.0240 79.0560 69
79.0880 79.4400 70
79.4720 79.6960 68
79.8880 79.9200 71
79.9520 81.1040 73
81.1360 81.3600 75
81.3920 81.8400 68
81.8720 82.3200 70
82.7680 83.1200 66
83.1520 83.3440 68
83.3760 83.4400 70
83.4720 83.8880 71
83.9200 83.9520 69
83.9840 84.1760 66
84.3040 84.4960 66
84.5280 84.8160 64
84.9440 85.0720 69
85.1040 85.3280 71
85.4560 85.7120 70
86.3520 86.5120 66
86.7040 86.8000 68
86.8320 86.8960 67
86.9280 88.1760 66
93.9040 93.9680 58
94.0960 94.2880 58
94.4800 94.8640 56
94.8960 94.9920 57
95.0240 95.2480 58
95.2800 95.7920 59
95.8240 95.8560 60
95.8880 96.0160 61
96.1760 96.3360 59
96.4960 96.7520 58
97.4880 97.6480 55
97.6800 98.0320 58
98.0640 98.4480 56
98.4800 98.8320 58
98.9600 99.0880 59
99.3120 99.3760 59
99.4080 100.0480 61
100.9760 101.0080 58
101.0400 101.0720 61
101.1040 101.3600 63
101.4880 101.5840 62
101.6160 101.8400 61
101.8720 101.9360 62
101.9680 102.2240 63
102.2560 102.4800 65
102.6400 102.7360 65
102.7680 103.3440 66
103.5040 103.7280 61
104.3040 104.5280 58
104.5600 104.5920 60
104.6240 104.8800 62
104.9120 105.2640 61
105.4880 106.0320 57
106.0640 106.3840 54
106.4160 106.5120 55
106.5440 107.0560 56
108.0480 108.1440 56
108.1760 108.5600 57
108.5920 109.0080 56
109.0400 109.1040 57
109.1360 109.3920 58
109.4240 109.8720 59
109.9040 109.9360 60
109.9680 110.1600 61
110.3200 110.4800 59
110.5120 110.8320 58
111.5360 111.7600 56
111.7920 112.0160 57
112.0480 112.4320 56
112.4640 112.6880 58
112.8800 113.0080 59
113.2320 113.3920 59
113.4240 114.1920 61
115.1840 115.6960 63
115.7280 115.8560 61
116.0480 116.1440 62
116.1760 116.4320 63
116.4640 116.7520 65
116.8800 116.9760 65
117.0080 117.3920 66
117.4880 117.5840 62
117.6160 117.7760 61
118.4160 118.6400 58
118.6720 119.3760 61
119.6640 119.8240 56
120.1120 120.9760 55
121.7760 121.9360 63
121.9680 122.2560 65
122.2880 122.5120 66
122.6400 122.8320 65
122.9600 123.2800 63
123.3120 123.7600 66
123.9520 124.0480 66
124.0800 124.2080 68
124.4000 124.6240 66
124.6560 125.0080 65
125.0400 125.6800 61
125.7120 126.0640 59
126.5440 126.7040 59
126.7360 126.8640 61
126.8960 127.2800 59
127.3120 127.6640 58
127.6960 127.7600 59
127.7920 127.9840 60
128.5920 128.7200 58
128.8480 128.9760 63
129.0080 129.1360 65
129.2640 129.3280 65
129.3600 129.7120 66
129.7440 129.9040 65
129.9360 130.3200 63
130.3520 130.7680 66
131.0240 131.0880 67
131.1200 131.3760 68
131.4080 131.7280 66
131.7600 131.9840 65
132.1440 132.3360 61
132.5280 132.6880 61
132.7200 133.0400 59
133.0720 133.3280 58
133.4880 133.5840 58
133.6160 133.8080 59
133.8400 133.8720 60
133.9040 134.1280 61
134.3840 134.4160 64
134.4480 134.6080 65
134.6400 134.8320 66
134.9920 135.1200 63
135.4080 135.6960 66
135.7280 135.7920 69
135.8240 135.9520 70
136.1440 136.2080 69
136.2400 136.3680 70
136.4000 138.5760 68
138.9600 139.0240 67
139.0560 139.2480 70
139.4080 139.4720 69
139.5040 139.5680 68
139.6000 141.1040 66
141.1360 141.2640 63
141.3920 141.4880 66
141.5200 141.7760 68
141.8080 142.0960 70
142.4800 142.5760 68
142.6080 142.7680 70
142.9280 143.0880 68
143.1200 144.0160 65
144.2080 144.3360 63
144.3680 144.5600 65
144.6880 144.7520 61
144.9440 145.0080 64
145.0400 145.2960 65
145.3280 145.7440 66
146.0000 146.1280 69
146.1600 146.4160 70
146.4480 146.5120 69
146.5440 146.6080 68
146.6400 146.6720 67
146.7040 147.6000 66
147.7600 147.8240 71
147.8560 148.1440 73
148.1760 148.3680 75
148.4960 148.7200 68
148.9120 149.4560 66
150.0000 150.1920 66
150.2240 150.4160 68
150.4480 150.7680 71
150.8000 151.0240 70
151.0560 151.2160 66
151.2480 151.2800 67
151.3120 151.3760 70
151.4080 151.6320 71
151.6640 151.8240 70
151.9200 151.9200 66
151.9840 152.1760 67
152.2080 152.6880 73
152.7200 152.7840 71
153.0720 153.1680 68
153.2000 153.3600 70
153.5200 153.8400 68
153.9680 154.3520 66
154.3840 154.6080 67
154.6400 155.1840 66
155.2160 155.3120 65
155.5680 155.6320 66
155.6640 155.9200 68
155.9520 156.1760 70
156.5600 156.6880 68
156.7200 156.9120 70
156.9440 157.1360 69
157.1680 157.3280 68
157.4880 157.5840 71
157.6160 158.7680 73
158.8000 158.8960 75
159.0560 159.4720 68
159.5040 160.0480 70
160.4000 160.7840 66
160.8160 160.9760 68
161.0080 161.2640 71
161.2960 161.4880 70
161.5200 161.5840 69
161.6160 161.8080 66
162.0000 162.1600 66
162.1920 162.5120 63
162.6080 162.6080 65
162.6400 162.7360 69
162.7680 162.9280 71
163.0880 163.3440 70
163.8880 163.9840 66
164.0160 164.0160 64
164.2400 164.4960 56
164.5280 166.0000 54
167.6640 167.7280 61
167.7600 168.1440 63
168.1760 168.2400 62
168.2720 168.7200 61
168.8480 168.9120 61
172.4640 172.5600 67
172.5920 172.6240 68
172.6560 172.8800 69
172.9120 173.0400 68
173.0720 173.3600 67
173.3920 173.4560 69
173.4880 173.5520 68
173.5840 173.9680 66
174.0000 174.2560 65
174.2880 174.5120 66
174.5440 174.5760 67
174.6080 174.8960 69
174.9280 177.5520 68
177.7440 177.9040 68
178.3840 178.5760 62
178.8640 180.1440 54
181.2960 181.3920 68
181.4240 181.5520 70
181.7440 181.8400 68
181.8720 181.9360 67
181.9680 182.9280 66
183.0880 183.2480 66
183.7920 183.8880 67
183.9200 184.1440 68
184.1760 184.4640 70
185.1360 185.2320 69
185.2640 185.3920 70
185.5520 185.6480 68
185.6800 185.7440 67
185.7760 186.5760 65
186.6080 186.8000 63
186.8320 187.0240 65
187.0560 187.2800 66
187.3120 187.5360 67
187.5680 187.7600 66
188.3680 188.4640 69
188.4960 188.6560 70
188.6880 188.7520 69
188.7840 188.8800 68
188.9120 188.9440 67
188.9760 190.0000 66
190.1280 190.2240 71
190.2560 190.5440 73
190.5760 190.7360 75
190.7680 191.0560 69
191.3120 191.6960 66
192.3360 192.3360 62
192.3680 192.3680 64
192.4000 192.5280 66
192.5600 192.8160 68
192.8480 193.1360 71
193.1680 193.3280 70
193.4560 193.5520 66
193.6800 193.7440 70
193.7760 194.1920 71
194.2240 194.3520 66
194.5760 195.0560 73
195.0880 195.1520 72
195.4080 195.4720 69
195.5040 195.6640 70
195.8560 195.9200 69
195.9520 195.9840 68
196.0160 196.0480 67
196.0800 196.1440 66
196.3040 197.5520 66
197.9360 198.3200 68
198.3520 198.4160 69
198.4480 199.4400 70
199.4720 199.7280 68
199.8560 199.9520 71
199.9840 201.0720 73
201.1040 201.2640 75
201.2960 201.2960 70
201.3280 201.5840 68
201.6160 201.8720 66
201.9040 202.0000 68
202.0320 202.4800 70
202.8960 203.0240 66
203.1520 203.3440 68
203.3760 203.6000 71
203.6320 203.7600 70
203.9840 204.0160 66
204.2400 204.3680 65
204.9120 205.3920 71
205.4240 205.9680 70
206.2560 206.7360 66
206.7680 207.0240 67
207.0560 207.3120 66
207.3440 207.4720 67
207.5040 207.6000 68
207.6320 207.6960 67
207.7280 208.4960 66
208.5280 208.6240 65
208.9120 209.7760 54
210.0000 210.3200 54
212.6560 212.7840 67
212.8160 213.1680 70
213.2000 213.2640 72
213.2960 213.6480 74
213.6800 213.7760 73
213.8080 213.8720 72
213.9040 214.0960 69
214.1280 214.3840 68
214.5760 215.6000 68
217.2320 217.2960 66
217.3280 217.6160 65
217.6480 219.7600 67
