29.8400 29.9680 58
30.0000 30.0320 59
30.0640 30.1600 60
30.3200 30.9600 60
30.9920 31.1520 59
31.1840 31.3440 60
31.3760 31.4080 59
31.4400 31.5680 58
31.7600 31.9200 56
32.1440 32.2720 60
32.3040 32.7520 61
32.9120 33.0720 59
33.1040 33.3920 60
33.6480 34.1280 56
34.3840 35.2160 58
35.2480 35.2800 59
35.3120 35.4400 60
35.8880 36.0480 59
36.2400 36.8800 60
36.9120 37.0400 58
37.0720 37.2640 59
37.2960 37.6160 58
37.6480 38.0320 56
38.0640 38.0640 59
38.0960 38.1280 63
38.1600 38.2240 64
38.2560 38.5440 65
38.7360 38.8960 58
38.9280 38.9600 59
38.9920 39.1520 60
39.5360 40.0800 58
40.1120 40.3040 57
40.3360 40.4640 56
40.6560 40.7840 58
40.8160 40.9440 60
41.1680 41.7120 56
44.1120 44.2080 56
44.3360 44.5600 56
44.7200 45.0400 56
45.0720 45.2320 58
45.4560 45.5200 61
45.5520 45.5840 62
45.6160 45.8400 63
46.1920 46.3840 56
46.5760 46.7360 56
46.9280 47.6000 56
49.2960 49.3600 56
49.5520 49.5840 58
49.6160 49.8080 59
49.9680 50.0640 59
50.0960 50.9920 58
53.5200 53.5840 62
53.6160 53.9040 59
53.9360 54.5120 60
54.7040 54.8320 58
54.8640 54.9600 60
54.9920 55.0560 59
55.0880 55.3440 58
55.3760 55.4400 57
55.4720 55.6960 56
55.8560 55.9520 60
55.9840 56.4000 61
56.5920 56.6240 58
56.6560 56.7200 59
56.7520 57.0720 60
57.2320 57.2960 57
57.3280 57.4560 56
57.6800 58.0000 56
58.0320 58.0640 57
58.0960 58.6080 58
58.7680 58.9280 59
58.9600 59.1200 60
59.5360 59.6640 59
59.6960 60.5920 60
60.6240 60.7520 59
60.7840 60.8800 60
60.9120 60.9760 59
61.0080 61.2640 58
61.2960 61.3280 57
61.3600 61.6480 56
61.6800 61.6800 58
61.7120 61.7120 60
61.7440 61.8720 65
61.9040 62.5440 67
62.5760 62.8000 68
63.2480 63.2800 58
63.3120 63.3440 59
63.3760 63.7920 60
63.9840 64.1440 58
64.3680 64.6880 58
64.7200 65.1680 56
66.2240 66.4800 56
66.5120 66.5760 57
66.6080 66.6080 60
66.6400 66.6400 62
66.6720 66.8960 65
66.9280 67.2800 67
67.3120 67.6000 68
67.7280 67.8240 65
67.8560 68.2720 67
68.4320 68.7200 63
68.7520 68.8800 67
68.9120 69.2320 70
69.2640 69.7760 68
70.2880 70.3840 62
70.4160 70.8320 63
70.9920 71.1200 62
71.1520 71.2800 63
71.4080 71.6000 61
71.7920 71.9840 60
72.0160 72.1120 59
72.1440 72.6240 61
72.6560 72.6880 60
72.9440 73.2320 63
73.6800 73.7760 71
73.8080 74.5760 72
74.7360 74.8320 71
74.8640 74.9280 72
75.1200 75.5360 72
75.5680 75.7920 70
75.8240 76.4320 68
76.5920 77.2000 68
78.0000 78.0640 60
78.0960 78.2240 59
78.4480 78.5120 63
78.5440 78.7680 65
78.8000 79.6960 67
79.7280 79.9520 68
79.9840 80.8160 67
80.8480 80.9120 65
81.0400 81.5520 65
81.5840 81.7120 64
81.7440 81.8720 65
81.9040 82.2240 67
82.2560 82.5440 66
82.5760 83.1520 63
83.9840 84.1760 63
84.3360 84.4000 65
84.4320 84.4640 66
84.4960 84.6240 67
84.6560 84.7200 66
84.7520 85.0720 68
85.1040 85.2960 70
85.5200 85.5520 68
85.5840 85.6160 69
85.6480 85.8400 70
85.8720 86.8000 68
86.9280 86.9600 65
86.9920 87.5680 67
87.7280 87.8240 67
87.8560 87.9840 68
88.1120 88.1760 68
88.2080 88.3680 67
88.5600 89.1680 65
89.9040 90.1280 65
90.2880 90.3840 66
90.4160 90.6400 68
90.6720 91.1520 70
91.1840 91.3760 72
91.4080 91.5680 71
91.6000 91.9200 72
92.8800 93.1040 63
93.2960 93.3600 65
93.3920 93.5840 68
93.6160 93.8400 70
94.0000 94.3200 72
94.3520 94.5760 71
94.6080 95.0560 72
95.1840 95.2480 72
95.4720 96.0480 72
96.2400 96.3360 70
96.3680 96.6880 72
96.7200 96.9440 70
96.9760 97.1040 68
97.1360 97.2640 70
97.5520 100.5600 70
102.1280 102.7040 60
102.7360 102.9920 61
103.1200 103.3440 63
103.5680 103.6320 68
103.6640 103.6960 69
103.7280 104.2080 70
104.3680 105.6480 70
105.6800 106.0640 68
106.2880 106.4160 70
106.4480 107.0560 72
107.6960 107.9520 59
108.0800 108.3040 60
108.4640 108.7840 61
108.8160 109.1680 63
109.2000 109.2000 65
109.2320 109.3600 68
109.3920 109.7440 70
109.8720 110.0640 70
110.2880 110.9280 70
110.9600 111.1200 72
111.1520 111.6320 73
111.7920 111.8240 71
111.8560 112.1760 72
112.2080 112.2400 71
112.2720 112.8160 70
112.8480 113.0720 68
113.5520 113.7440 68
113.9360 114.3200 68
114.3520 114.5440 70
114.7040 114.8000 71
114.8320 114.9600 72
114.9920 114.9920 69
115.0240 115.0240 67
115.0560 115.4400 65
115.7920 115.8240 70
115.8560 115.9200 71
115.9520 116.0160 72
116.1760 116.7520 72
116.9760 117.0720 71
117.1040 117.2640 72
117.2960 117.6800 70
118.0960 118.2240 69
118.2560 119.0560 70
119.1840 119.5040 70
119.5360 119.8560 68
119.8880 119.9520 70
119.9840 120.2400 72
120.2720 120.7840 68
121.3920 121.5200 70
121.5520 121.6160 72
121.7760 122.7680 72
122.8960 123.3760 73
123.5040 123.7920 72
123.8240 124.8160 70
125.4880 125.6160 58
125.6480 125.7120 60
125.8720 126.0960 60
126.2560 126.6080 61
126.6400 126.9600 63
126.9920 127.0560 66
127.0880 127.2160 69
127.2480 128.3360 70
128.4960 128.7520 70
128.7840 129.0080 69
129.0400 129.3600 70
129.3920 130.0000 68
130.0320 130.1600 70
130.1920 130.7680 72
131.3440 131.5040 59
131.5360 132.1440 60
132.1760 132.5280 61
132.5600 132.8160 63
133.0080 133.1680 68
133.2000 133.9040 70
134.0320 134.2240 70
134.4160 134.7040 70
134.7360 134.8320 71
134.8640 135.5040 73
135.5360 135.6320 71
135.6640 135.8240 72
136.0160 136.5920 70
136.6240 136.8800 68
137.2640 137.5200 68
137.7120 138.0640 68
138.0960 138.3200 70
138.4480 138.7360 71
138.8640 139.1520 65
139.5680 139.6640 70
139.6960 139.7920 72
139.9840 140.5600 72
140.5920 140.8160 71
140.8480 141.0400 72
141.0720 141.4560 70
141.8720 141.9040 68
141.9360 142.0000 69
142.0320 142.4160 70
142.5440 143.2480 70
143.2800 143.6000 68
143.6320 143.7920 70
143.8240 143.9840 72
144.0160 144.1120 68
144.3040 144.7200 68
145.0720 145.3920 71
145.5200 147.4720 72
147.5040 148.5600 70
149.1360 149.8720 72
149.9040 150.1920 68
150.3200 154.9280 68
163.5680 163.7600 63
163.9840 165.0720 63
165.6160 165.8080 63
166.0640 166.5120 61
175.6960 176.1760 63
181.0080 181.5840 60
181.7440 182.3840 60
182.5120 182.8320 58
182.8640 183.0240 56
183.1840 183.2800 59
183.3120 183.8880 61
183.9200 184.1440 58
184.1760 184.6240 60
184.6560 185.2640 56
185.4880 186.3200 58
186.3520 186.5440 60
187.0560 187.1200 59
187.3120 187.9520 60
187.9840 188.1760 58
188.2080 188.4000 60
188.4320 188.7200 58
188.7520 189.1360 56
189.1680 189.1680 59
189.2000 189.3280 62
189.3600 189.6160 65
189.8080 190.0000 58
190.0320 190.0640 59
190.0960 190.6080 60
190.6400 190.7360 59
190.7680 191.2480 58
191.2800 191.5680 56
191.7280 191.7920 58
191.8240 191.8560 59
191.8880 192.0160 60
192.1440 192.7200 56
195.0560 195.3120 56
195.4400 195.6640 56
195.8240 196.1760 56
196.2080 196.3680 58
196.5920 196.7200 62
196.7520 197.0400 63
197.3600 197.5520 56
197.6800 197.8720 56
198.0320 199.5360 56
200.6240 200.6560 58
200.6880 200.7520 59
200.7840 200.8800 60
201.0400 201.1360 60
201.1680 202.9600 58
203.2160 203.6960 56
204.6880 204.7200 58
204.7520 205.0720 59
205.1040 205.6480 60
205.8400 205.9360 59
205.9680 206.0960 60
206.1280 206.1600 59
206.1920 206.4800 58
206.5120 206.5440 57
206.5760 206.8320 56
206.9920 207.0880 60
207.1200 207.5040 61
207.5360 207.5680 60
207.7280 207.8560 59
207.8880 208.2080 60
208.3680 208.5920 56
208.8160 209.1360 56
209.1680 209.2320 57
209.2640 209.7440 58
209.9360 210.0640 58
210.0960 210.2560 60
210.6720 210.7680 59
210.8000 211.7280 60
211.7600 211.8560 59
211.8880 212.0480 60
212.0800 212.3680 58
212.4000 212.4320 57
212.4640 212.7840 56
212.8160 212.8160 59
212.8480 212.8480 62
212.8800 213.0080 65
213.0400 213.6800 67
213.7120 213.9040 68
214.3200 214.3520 58
214.3840 214.4800 59
214.5120 214.8960 60
215.0880 215.1520 59
215.1840 215.2800 58
215.4720 215.5360 59
215.5680 215.7600 58
215.7920 216.3680 56
217.3600 217.4240 56
217.4560 217.6800 57
217.7120 217.7120 59
217.7440 217.7440 62
217.7760 218.0640 65
218.0960 218.4160 67
218.4480 218.6720 68
218.7040 218.7360 67
218.8640 218.9920 65
219.0240 219.4400 67
219.5680 219.8880 63
219.9200 219.9200 65
219.9520 219.9840 67
220.0160 220.0480 68
220.0800 220.3680 70
220.4000 220.9120 68
221.4240 221.4880 62
221.5200 222.0000 63
222.1280 222.2560 62
222.2880 222.4160 63
222.5440 222.7360 61
222.9280 223.0880 60
223.1200 223.2160 59
223.2480 223.6960 61
223.7280 223.7600 60
223.9840 224.3040 63
224.7520 224.7840 70
224.8160 224.8480 71
224.8800 225.3280 72
225.4560 225.6800 72
225.8080 225.9360 70
225.9680 226.0320 72
226.1920 226.2880 71
226.3200 226.6400 72
226.6720 226.8960 70
226.9280 227.5360 68
227.6320 228.5920 68
229.2000 229.4240 60
229.5520 229.6160 62
229.6480 229.9040 65
229.9360 230.8000 67
230.8320 231.0560 68
231.0880 231.9200 67
231.9520 232.8480 65
232.8800 232.9760 66
233.0080 233.3280 67
233.3600 233.6800 66
233.7120 234.0320 63
234.0640 234.2880 62
234.3200 234.4160 63
235.0880 235.2800 63
235.4080 235.5040 64
235.5360 235.7920 67
235.8240 236.1440 68
236.1760 236.4000 70
236.5920 236.6240 68
236.6560 236.6880 69
236.7200 236.9440 70
236.9760 237.9040 68
237.9360 237.9680 67
238.0000 238.1280 66
238.1600 238.6080 67
238.7680 238.8000 67
238.8320 239.2160 68
239.2480 239.4400 67
239.5680 240.1760 65
240.9440 241.1680 65
241.3280 241.3600 66
241.3920 241.4240 67
241.4560 241.6800 68
241.7120 242.2240 70
242.2560 242.4480 72
242.4800 242.6720 71
242.7040 243.1840 72
243.9200 244.1760 63
244.3360 244.4000 65
244.4320 244.6560 68
244.6880 244.9120 70
245.0720 245.3920 72
245.4240 245.4560 71
245.4880 245.5840 70
245.6160 245.6480 71
245.6800 246.2240 72
246.8640 247.0880 72
247.2800 247.3120 70
247.3440 247.4080 71
247.4400 247.6320 72
247.6640 247.7280 71
247.7600 248.0160 70
248.0480 248.1440 68
248.1760 248.2720 70
248.4960 251.7920 70
252.9760 253.2320 59
253.2640 253.5840 60
253.6160 253.8720 61
254.0000 254.2240 63
254.4800 254.5120 68
254.5440 254.6400 69
254.6720 255.2800 70
255.5040 256.1760 70
256.2080 256.3040 69
256.3360 256.7520 70
256.7840 257.1360 68
257.3600 257.4880 71
257.5200 258.0000 72
258.6080 258.7680 60
258.8000 258.9280 59
258.9600 259.4080 60
259.5680 259.9200 61
259.9520 260.2720 63
260.3040 260.3040 65
260.3360 260.4640 68
260.4960 260.8800 70
261.0080 261.2000 70
261.3920 262.0640 70
262.0960 262.1600 71
262.1920 262.2560 72
262.2880 262.7040 73
262.7360 262.8320 74
262.8640 263.0240 71
263.0560 263.3440 72
263.3760 263.9200 70
263.9520 264.2080 68
264.6880 264.8160 67
264.8480 264.9120 68
265.0720 265.4560 68
265.4880 265.7120 70
265.8400 265.9040 71
265.9360 266.0960 72
266.1280 266.1920 67
266.2240 266.5760 65
266.9280 267.0240 71
267.0560 267.8240 72
268.0480 268.1440 71
268.1760 268.3680 72
268.4000 268.8160 70
269.2000 269.3280 68
269.3600 270.5760 70
270.6080 270.6400 69
270.6720 270.9600 68
270.9920 271.0880 70
271.1200 271.1520 71
271.1840 271.3760 72
271.4080 271.9840 68
272.4640 272.5920 71
272.6240 272.6880 72
272.8480 273.8080 60
273.9680 274.0960 74
274.1280 274.3200 75
274.3520 274.4480 72
274.6080 274.8960 72
274.9280 276.1120 70
276.5920 276.8480 60
276.9760 277.2000 60
277.3920 277.8080 61
277.8400 278.0640 63
278.0960 278.1280 66
278.1600 278.2240 68
278.2560 279.4400 70
279.6000 280.4320 70
280.4640 281.0400 68
281.0720 281.1680 70
281.2000 281.8080 72
282.4800 282.5120 58
282.5440 283.2160 60
283.2480 283.6000 61
283.6320 283.8880 63
284.0800 284.2400 68
284.2720 285.2960 70
285.4560 285.7440 70
285.7760 285.8080 71
285.8400 285.9360 72
285.9680 286.5120 73
286.5440 286.8960 72
287.1200 287.1840 72
287.2160 287.7600 70
287.7920 288.0800 68
288.3680 288.6240 68
288.7840 289.1360 68
289.1680 289.3920 70
289.5520 289.8080 71
289.9360 290.2880 65
290.6720 290.8960 71
291.0560 292.1120 72
292.1440 292.5280 70
292.5600 292.6240 68
292.9120 293.4880 70
293.6160 294.3200 70
294.3520 294.7040 68
294.7360 294.8640 70
294.8960 295.0560 72
295.0880 295.0880 70
295.1200 295.2160 68
295.3760 295.7920 68
296.1120 296.3040 70
296.3360 296.4320 72
296.6240 297.8400 72
297.8720 298.0960 73
298.2880 298.3520 74
298.3840 298.5760 72
298.6080 299.8240 70
300.3360 300.5600 72
300.6880 300.8160 70
300.8480 300.9760 72
301.0080 301.7120 68
301.8720 308.4320 68
308.4640 308.6560 64
314.0960 317.1360 72
317.1680 317.6480 68
317.9040 320.5280 68
320.7200 320.8160 68
