8.4320 8.5280 61
8.5600 9.1680 62
9.5520 9.7440 61
9.7760 9.9360 62
9.9680 10.0960 61
10.1280 10.2560 60
10.2880 10.3840 62
10.4160 10.7040 61
10.7360 11.0880 62
11.1200 11.2160 65
11.2480 11.4080 66
12.1760 12.4960 54
15.3120 15.5040 61
15.5360 15.6640 59
16.3680 16.5600 59
16.5920 16.6240 60
16.6560 16.8160 61
16.8480 17.0400 59
17.0720 17.2320 61
17.2640 17.3920 59
17.5200 17.5200 59
17.5520 17.9040 61
17.9360 18.1600 62
18.3200 18.4800 64
18.5120 18.5440 63
18.9920 19.1200 56
19.1520 19.5680 57
22.2560 22.4160 62
22.4480 22.5440 61
22.5760 22.8640 62
23.1840 23.2480 61
23.7280 23.8240 61
23.8560 24.0160 62
24.1440 24.3360 61
24.3680 24.7520 62
24.7840 24.8480 63
24.8800 25.3600 66
25.7440 25.9040 66
25.9360 26.5440 67
27.4720 27.5040 58
27.5360 27.6320 59
27.8240 27.8240 64
27.8560 27.9200 66
27.9520 28.1760 67
28.2080 28.3360 66
28.3680 28.5600 62
28.9440 29.3600 64
30.0640 30.1920 64
30.3520 30.4800 64
31.1520 31.2480 66
31.3760 31.5680 61
31.6000 31.8560 62
31.8880 31.9840 61
32.0160 33.0400 59
34.4160 34.5440 61
34.7040 34.8320 59
34.8640 34.8960 60
34.9280 35.6640 61
36.3040 36.7520 59
36.7840 36.9120 58
37.1040 37.2960 61
38.0000 38.0640 57
38.0960 38.1920 59
38.2240 38.4160 61
38.4480 39.0880 62
39.2800 39.4080 62
39.8240 39.9200 58
39.9520 40.0480 59
40.1760 40.3360 62
40.4640 40.5920 65
40.6240 40.9440 66
41.0080 41.2000 64
41.2320 41.2640 62
41.4880 41.7120 59
41.7440 41.9040 62
41.9360 42.0960 65
42.2880 43.5360 64
44.9120 45.0400 64
45.0720 45.1040 65
45.1360 45.2320 66
45.2640 45.6480 67
45.6800 45.9360 66
45.9680 46.0640 64
46.2240 46.2880 65
46.3200 46.7680 64
46.9920 47.5680 62
47.6960 47.7920 62
47.9200 48.4000 64
48.4320 48.5280 66
48.6560 48.6560 67
48.6880 49.0080 69
49.0400 49.2640 70
49.2960 50.3520 71
50.7040 50.7680 62
50.8000 50.8320 65
50.8640 50.8960 66
50.9920 50.9920 62
51.0560 51.0880 62
51.1200 51.2480 64
51.2800 51.5360 62
51.6000 51.6320 64
51.6640 52.1120 69
52.1440 52.1760 65
52.2080 52.4320 64
52.4640 53.0400 66
53.2960 53.3280 66
54.0960 54.4800 62
54.6080 54.7680 62
54.8000 54.9280 63
54.9600 55.0240 62
55.1840 55.2800 64
55.3120 55.4720 66
55.5040 55.6640 69
55.8240 56.1120 69
56.1440 57.3280 71
57.4560 57.5840 62
57.7120 57.7760 63
57.8080 57.9040 59
57.9360 58.1280 61
58.1600 58.2880 59
58.3200 58.5120 62
58.6080 58.7040 60
58.7360 58.8000 61
59.0880 59.0880 59
59.1200 59.2800 61
59.3120 60.2400 62
60.9120 61.5520 62
61.5840 61.6160 63
61.6480 61.9360 64
61.9680 62.1600 66
62.1920 62.2880 67
62.3200 62.6080 69
62.6400 62.7040 66
62.7360 62.9280 69
62.9600 64.2400 71
64.4000 64.8480 71
64.8800 65.4240 73
65.4560 65.5840 72
65.6160 65.7120 73
65.7440 65.8400 72
65.8720 65.9360 71
65.9680 66.8000 69
67.5040 67.5360 65
67.5680 67.6960 67
68.3360 68.3680 62
68.4000 68.5920 66
68.7840 68.9440 64
69.1680 69.2640 59
69.2960 69.4240 61
69.6480 69.8080 62
69.8400 70.2560 59
71.0240 71.1840 57
71.2160 71.3440 60
71.4720 71.5680 64
71.9840 72.1120 64
72.2400 72.4320 62
72.4640 72.6240 64
72.6560 72.7840 63
72.8160 73.0400 64
73.2640 73.7760 62
78.2880 78.4160 62
78.8000 78.9600 59
78.9920 79.1200 58
82.0000 82.1280 59
82.1600 82.2880 58
82.3200 82.3520 57
82.3840 82.4480 56
82.8320 82.9600 53
82.9920 83.1520 52
83.1840 83.2800 53
83.8560 84.0800 62
84.1120 84.2720 61
84.3040 84.4960 62
84.9440 85.0400 61
85.1680 85.5200 61
85.5520 86.1920 62
86.3840 86.5760 66
86.8320 87.2160 64
87.5040 88.0480 55
90.7040 90.7680 59
90.8000 90.9920 61
91.0240 91.1200 59
91.2480 91.5040 61
91.8240 91.8560 59
92.0160 92.1760 61
92.3040 92.4640 59
92.4960 92.6240 61
92.6560 92.8160 60
92.8480 93.1680 61
93.2000 93.2640 62
93.2960 93.4240 64
93.5520 93.6160 63
93.6480 93.9040 64
94.1280 94.2880 65
94.3200 94.8000 66
94.8320 94.8640 65
94.8960 94.9600 64
94.9920 95.0240 63
95.0560 95.2480 62
95.2800 95.8240 61
97.5840 97.8400 62
97.8720 98.0640 61
98.0960 98.3520 62
98.9600 99.0240 62
99.0560 99.2480 61
99.2800 99.4720 62
99.5040 99.6960 61
99.7280 100.1440 62
100.1760 100.3360 66
100.4960 100.4960 63
100.5280 100.9120 66
101.0080 101.2320 66
101.2640 101.9360 67
102.0640 102.1280 67
102.9280 102.9600 58
102.9920 103.0880 59
103.2160 103.3440 66
103.3760 103.6320 67
103.6640 103.7600 66
103.7920 103.9840 62
104.1440 104.2080 63
104.2400 104.5280 64
105.3600 105.4560 69
105.4880 105.4880 67
105.5200 105.8720 64
105.9040 106.0320 66
106.6080 106.7680 59
106.8000 106.8640 61
107.0240 107.1840 62
107.4400 108.0800 59
108.1120 108.1440 58
110.0640 110.3200 59
110.3520 110.6720 61
110.7040 110.8000 59
110.8320 111.1200 61
111.7280 112.0160 59
112.1440 112.4000 58
112.4320 112.4960 59
112.5280 112.7520 61
113.4560 113.6160 59
113.6480 113.7760 61
113.9040 114.7680 62
115.2800 115.4080 58
115.4400 115.5680 59
115.6000 115.7280 62
115.9200 115.9520 64
115.9840 116.0160 65
116.0480 116.3360 66
116.4640 116.5920 64
116.6240 116.7520 62
116.9120 116.9760 61
117.1040 117.2000 62
117.3280 117.3600 64
117.3920 117.5200 65
117.6480 118.3200 64
118.3520 118.4160 62
118.4480 118.5120 60
118.6720 119.2800 62
120.3680 120.3680 62
120.4000 120.4320 64
120.4640 120.7200 66
120.7520 120.8800 67
120.9120 120.9760 71
121.0080 121.7440 66
121.7760 122.1920 64
122.4480 122.9600 62
123.0880 123.2800 62
123.3120 123.7280 64
123.7600 123.8240 65
123.8560 123.9200 66
124.0480 124.6880 69
124.7200 125.7440 71
126.1600 126.2560 62
126.2880 126.2880 60
126.4800 126.5120 62
126.5440 126.6720 64
126.7680 126.9600 62
126.9920 126.9920 60
127.2480 127.4080 59
127.6640 127.9200 64
127.9520 128.7840 66
129.5520 129.9040 62
130.0320 130.1920 62
130.2240 130.6720 64
130.7040 130.8320 66
130.8640 131.5040 69
131.5360 132.4320 71
132.8480 133.0400 62
133.2640 133.4880 59
133.5520 134.0960 59
134.1280 134.3200 61
134.5440 134.7360 61
134.7680 135.0560 62
135.1840 135.2480 62
136.3680 137.0080 62
137.0400 137.4560 64
137.4880 137.7440 66
137.7760 138.1920 69
138.2240 138.3520 70
138.3840 139.6640 71
139.8560 140.2720 71
140.3040 140.8480 73
140.8800 140.9760 72
141.0080 141.1360 73
141.1680 141.2320 72
141.2640 141.3600 71
141.3920 142.2880 69
142.3200 142.3200 65
142.6400 142.7040 66
142.9600 143.0880 66
143.7600 143.7920 64
143.8240 143.8880 65
143.9200 144.0160 66
144.1760 144.3360 64
144.5920 144.6240 60
144.6560 144.9760 62
145.0400 145.2640 61
145.2960 145.7760 59
146.4800 146.6720 60
146.7040 146.8640 62
146.8960 147.0240 64
147.0560 147.1520 65
147.1840 147.2160 63
147.3440 147.5040 64
147.6000 148.1440 64
148.1760 148.5600 65
148.5920 148.6880 64
148.7200 150.4480 62
152.4000 152.5600 62
152.5920 152.9120 59
152.9440 153.1360 62
153.5200 153.6160 71
153.7760 153.9040 69
153.9360 154.0000 71
154.0320 154.3840 69
154.4160 155.3120 67
155.8560 156.0160 61
156.0480 156.3680 59
156.4000 156.6880 61
156.8800 157.0080 67
157.1680 157.2640 66
157.2960 157.6480 67
157.6800 157.8080 66
157.8400 158.0640 64
158.1920 158.3520 64
158.3840 158.4800 66
158.5120 158.6080 65
158.6400 159.1200 67
159.1520 160.0160 69
160.0480 160.1120 70
160.1440 160.4640 71
160.4960 160.5920 72
160.6240 161.1360 69
161.4240 161.6160 62
161.6480 161.9360 64
161.9680 162.2880 65
162.3200 162.5440 62
162.7680 163.7600 62
164.8480 164.9760 66
165.0080 165.0720 62
165.1360 165.2960 62
165.3280 165.4880 64
165.5200 165.8080 66
165.8400 166.0000 64
166.0320 166.0640 63
166.0960 166.3520 62
166.3840 166.4800 61
166.6400 166.9280 62
166.9600 167.1520 59
167.1840 167.2480 61
167.2800 167.4080 62
167.4400 168.4640 59
168.8160 168.8480 59
168.8800 168.9440 57
169.1360 169.1360 67
169.1680 169.2320 70
169.2640 169.3920 71
169.4240 169.5200 69
169.5520 169.6160 71
169.6480 169.6800 70
169.7120 169.7440 69
169.7760 169.8080 67
169.8400 169.9360 66
169.9680 170.1600 69
170.1920 170.6400 66
170.6720 171.3120 69
171.3440 172.2720 71
174.3520 174.4800 62
174.6080 174.7040 62
174.8320 174.9600 64
175.1840 175.2800 64
175.3120 175.3760 66
175.5680 175.8560 69
175.8880 176.1120 70
176.1440 176.6880 71
177.5520 177.6480 62
177.6800 177.7760 64
177.8080 177.9040 62
177.9360 178.0320 64
178.0640 178.0960 63
178.1280 178.2880 62
178.3200 178.4480 59
178.6080 178.8320 59
179.0880 179.2480 64
179.2800 180.0800 66
180.9760 181.0400 62
181.1680 181.2960 62
181.4240 181.6480 62
181.6800 181.8400 64
182.0000 182.1280 64
182.1600 182.2880 66
182.4160 182.5440 69
182.6720 183.0240 69
183.0560 183.6960 71
184.3680 184.4640 62
184.7200 185.5840 59
185.6160 185.7120 61
185.9360 186.0000 62
186.0320 186.4160 61
186.6080 187.5040 62
187.5360 187.8880 64
187.9200 187.9840 66
188.0160 188.1760 65
188.2080 188.9760 62
189.1360 189.2640 69
189.2960 189.5200 71
189.5520 189.9040 69
189.9360 190.8000 67
190.8320 191.0880 66
191.2160 191.5680 69
191.6000 192.4320 67
192.4640 192.9440 66
192.9760 193.7440 69
193.7760 194.0000 66
194.0320 194.2880 69
194.3200 194.4160 72
194.4480 194.6080 73
194.6720 194.9280 71
194.9600 195.1200 73
195.1520 195.5040 71
195.6640 195.7920 64
195.8240 195.8880 65
195.9200 196.0800 66
196.1120 196.1760 64
196.3360 196.3680 59
196.4000 196.5280 60
197.0400 197.1360 58
197.1680 197.2960 59
197.9360 198.0320 59
198.0640 198.1280 60
198.3520 198.4800 64
198.6080 198.6720 62
198.8000 198.9600 64
198.9920 199.1840 62
199.2160 199.3760 64
199.6000 199.7280 64
199.7600 199.8560 66
199.9840 200.2080 64
200.2400 201.1680 66
202.3520 202.4800 70
202.5760 202.7680 64
202.8000 202.9600 66
202.9920 203.0880 64
203.2800 203.3440 59
203.3760 203.4720 61
203.9520 204.0160 58
204.0480 204.2080 59
204.8160 204.8800 59
204.9120 205.0080 62
205.2320 205.3600 64
205.3920 205.3920 62
205.4880 205.6800 62
205.9360 206.0640 62
206.0960 206.1920 63
206.5120 206.6720 62
206.8960 206.9600 61
206.9920 207.1520 62
207.1840 207.6640 64
207.7920 207.8880 64
208.0160 208.0800 64
209.9680 210.0640 68
210.0960 210.2560 64
210.8640 211.5680 62
