28.6560 28.7200 59
28.7520 28.8160 62
28.8480 28.9120 64
28.9440 29.1360 66
29.2960 29.6160 66
29.7440 30.3200 66
30.8000 30.9600 64
30.9920 31.1200 66
31.3120 31.7280 66
31.7600 32.1440 67
32.7840 32.8480 65
32.8800 33.0720 67
33.1040 33.2320 66
33.2640 34.0000 67
34.0320 34.2240 66
34.2560 34.5440 67
34.5760 34.7360 66
34.7680 35.4400 67
35.5680 35.6640 69
35.7920 35.8880 67
35.9200 36.3680 66
38.0640 38.1280 61
38.2880 38.5440 61
38.7680 39.0880 61
39.2800 39.4080 61
39.4400 39.5040 60
39.5360 39.6640 59
39.7920 40.5920 59
40.9120 40.9760 59
44.7520 44.7840 62
44.8160 44.8800 63
44.9120 45.1360 66
45.2640 46.2560 66
46.8640 46.8960 64
46.9280 47.1200 66
47.2480 47.6000 66
47.7600 48.2400 67
48.7840 48.8800 65
48.9120 49.0720 67
49.1040 49.1360 66
49.2640 49.5520 67
49.5840 49.6160 66
49.7760 49.9680 67
50.0000 50.2240 66
50.2560 50.4800 67
50.5120 50.6400 66
50.7680 51.0880 67
51.1200 51.2480 69
51.2800 51.5680 67
51.8880 52.5600 66
54.0640 54.1280 58
54.2880 54.6080 61
54.7680 54.9600 61
55.3120 55.5680 61
55.6000 56.3040 59
56.8800 57.0080 59
57.1360 57.2000 59
60.2720 60.3360 64
60.3680 60.9440 66
61.0720 61.6800 69
61.7760 62.0640 66
62.2880 62.2880 63
62.3200 62.6400 66
62.8000 62.8640 66
63.0880 63.5360 69
63.7280 63.9840 66
64.2720 64.9440 66
65.1040 65.8080 69
65.8400 66.1280 71
66.1600 66.6400 66
67.0240 67.1200 68
67.2800 67.4720 71
67.5040 67.7280 69
67.7600 68.3040 71
68.3360 68.7840 74
68.8160 69.8720 71
71.0560 71.2480 69
71.2800 71.4720 71
71.5040 71.5680 67
71.6000 71.7280 69
71.7600 72.1440 71
72.2400 72.2720 68
72.3040 72.4000 71
72.4320 72.7840 74
72.8160 74.2880 71
75.0240 75.2160 70
75.2480 75.5680 71
75.6000 75.6000 69
75.9200 77.6800 66
77.7120 77.9040 67
77.9360 79.4720 66
79.6000 79.6960 66
79.7280 80.1120 67
80.1440 80.7200 66
81.2320 81.2960 66
81.3280 81.3600 68
81.3920 81.5520 69
81.5840 81.6160 70
81.6480 81.8400 71
82.0640 82.1600 70
82.1920 82.6720 71
82.7040 82.8640 69
83.1200 83.1200 68
83.1520 83.5040 71
83.5360 83.6320 69
83.8240 84.3040 71
84.3360 84.8160 74
84.8480 86.2240 71
86.2560 86.2560 69
87.2160 87.4400 71
87.4720 87.6960 69
87.7280 88.1120 71
88.2720 88.7840 74
88.8160 89.6800 71
89.7120 89.9360 72
89.9680 90.2560 71
91.0880 91.2160 58
91.2480 91.5360 59
91.5680 91.7280 58
91.9520 92.0800 64
92.1120 93.5200 66
93.5520 93.6480 65
93.7760 94.3200 66
94.4480 94.8000 66
94.9280 95.5680 66
95.6000 95.6640 64
95.8240 96.0800 62
96.1120 96.7840 64
96.8160 97.1040 65
97.1360 97.6480 66
98.0320 98.2560 62
98.2880 98.4160 64
98.4480 98.5440 67
98.5760 98.7040 62
98.8320 99.0560 64
99.0880 99.2160 66
99.2480 99.5040 62
99.5360 99.5360 64
99.5680 99.6640 66
99.6960 99.8240 65
100.0800 100.0800 67
100.1760 100.3040 71
100.7520 100.9440 69
101.1040 101.2320 69
101.2640 101.7760 66
101.8080 101.9360 69
102.1280 102.3520 69
102.5440 102.9280 69
103.0880 103.2480 69
103.2800 103.4720 66
104.0800 104.2400 69
104.2720 104.3360 73
104.3680 104.4000 72
104.5280 104.6560 72
104.6880 104.7200 70
104.8160 104.9440 69
105.1360 105.2320 69
105.2640 105.7760 66
105.8080 105.9040 69
106.1920 106.3200 69
106.5440 106.9600 69
107.1200 107.2480 69
107.2800 107.5360 66
107.6000 107.6320 66
108.0160 108.0800 69
108.2400 108.2400 69
108.2720 108.5920 72
108.6240 108.6560 71
108.7200 108.9440 69
109.2000 109.2000 69
109.3920 109.8080 66
110.0960 110.3200 69
110.5440 110.8640 69
111.0880 111.2480 69
111.2800 111.3120 67
111.4400 111.7600 66
111.7920 111.9840 64
112.0800 112.2080 62
112.2400 112.3040 61
112.9760 113.1040 66
113.9040 114.0000 64
116.6560 116.7200 62
116.7520 116.8160 63
116.8480 116.9120 65
116.9440 117.0720 66
117.2960 118.4800 66
118.7680 118.8320 63
118.8640 119.0880 66
119.2800 119.5680 66
119.7920 120.2720 67
120.7520 120.8160 64
120.8480 121.1040 67
121.2960 121.6480 67
121.7760 122.3520 67
122.7680 122.9600 67
122.9920 123.1200 69
123.2800 123.4080 67
123.4400 124.6560 66
125.4880 125.7120 62
125.7440 125.7760 63
125.8080 126.0000 64
126.2880 126.6400 64
126.7680 126.8320 64
126.8640 127.1200 66
127.2480 127.6960 62
127.7280 127.9520 59
127.9840 128.2400 58
128.7520 128.8160 66
128.8480 129.1040 69
129.1360 129.6160 70
129.6480 131.3120 71
132.0480 132.1120 60
132.2400 132.2720 63
132.3040 132.6240 66
132.7520 132.8800 65
133.1040 133.5840 57
133.7440 134.0000 66
134.2880 134.8960 66
135.0880 135.5360 57
135.7600 135.9520 66
136.2400 136.6240 66
137.0400 137.7440 69
137.9040 138.0640 71
138.1920 138.7680 66
139.0880 139.2480 68
139.2800 139.4400 71
139.6000 139.8240 69
139.8560 140.0160 71
140.0480 140.2080 77
140.2400 140.7840 74
140.8160 141.8720 71
143.0240 143.2480 69
143.2800 143.4720 71
143.5040 143.5680 67
143.6000 143.7280 69
143.7600 144.1120 71
144.1440 144.1440 69
144.2400 144.2720 68
144.3040 144.4000 71
144.4320 144.7840 74
144.8160 146.2880 71
147.0240 147.2160 70
147.2480 147.5680 71
147.6000 147.6000 69
147.9200 149.6800 66
149.7120 149.9040 67
149.9360 151.6960 66
151.7280 152.1440 67
152.1760 152.6880 66
152.7840 152.9760 66
153.2320 153.2960 66
153.3280 153.3600 68
153.3920 153.5520 69
153.5840 153.6160 70
153.6480 153.9040 71
154.0000 154.1600 70
154.1920 154.6080 71
154.6400 154.6720 70
154.7040 154.8000 69
155.0880 155.2480 70
155.2800 155.4400 71
155.4720 155.5360 70
155.5680 155.6320 69
155.8240 156.3040 71
156.3360 156.8160 74
156.8480 158.2240 71
159.0880 159.1200 70
159.1520 159.3760 71
159.4080 159.4400 70
159.4720 159.6960 69
159.7280 160.1120 71
160.1440 160.2720 70
160.3040 160.3680 73
160.4000 160.7840 74
160.8160 161.7440 71
162.0000 162.1600 71
162.1920 162.2240 68
162.2560 162.3200 67
162.3520 162.8320 66
162.8640 162.9920 67
163.0240 163.0880 66
163.1200 163.2160 70
163.2480 163.5360 71
163.5680 164.0160 70
164.0480 165.6480 66
165.7760 165.8720 67
165.9040 166.3200 66
166.4480 166.8000 66
166.9280 167.5040 66
167.5360 167.6640 64
167.8240 168.0800 62
168.1120 168.7840 64
168.8160 169.1040 65
169.1360 169.6800 66
170.0320 170.2240 62
170.2560 170.3200 64
170.3520 170.4160 65
170.4480 170.5760 67
170.6080 170.7040 62
170.8320 171.0560 64
171.0880 171.2160 66
171.2480 171.5360 62
171.5680 172.0480 59
179.8880 179.8880 69
179.9520 179.9520 70
180.0160 180.0160 70
180.2720 180.3040 71
181.2960 181.8080 74
181.9360 182.1280 74
182.3200 182.4160 72
182.4480 182.5120 71
182.5440 182.9600 70
182.9920 183.1200 71
183.2480 183.3440 72
183.3760 183.5680 66
183.6320 183.6320 66
183.8240 183.9200 68
183.9520 184.1120 69
184.2720 184.3680 73
184.4000 184.6880 71
184.7200 184.7520 70
184.7840 184.9440 69
185.1040 185.2320 69
185.4240 185.6800 66
185.8080 186.0000 71
186.0320 186.3200 69
186.5120 186.5760 70
186.6080 186.9280 69
187.0880 187.2800 69
187.3120 187.7280 66
188.0800 188.2400 69
188.2720 188.3360 73
188.3680 188.4640 72
188.4960 189.7440 74
190.1600 190.4160 74
190.4480 190.5120 71
190.5440 190.6400 70
190.7680 190.9600 69
190.9920 191.0880 71
191.8240 192.0480 71
192.0800 192.1120 70
192.2720 192.3360 73
192.3680 192.4000 72
197.2960 197.5200 71
197.5520 197.6160 70
197.6480 197.7120 69
197.7440 198.1280 71
198.2560 198.2880 72
198.3200 198.5120 73
198.5440 198.7680 74
198.8000 199.5360 71
199.7920 199.7920 70
200.0480 200.0800 70
200.1120 200.6240 71
200.6560 200.7200 69
200.7520 200.7840 66
201.0400 201.0720 68
201.1040 201.2640 69
201.2960 201.5200 71
201.5520 201.6480 69
201.7760 202.0960 71
202.1280 202.1600 69
202.2240 202.2880 69
202.3200 202.3520 72
202.3840 202.4480 73
202.4800 203.1520 74
203.1840 204.4640 71
204.9120 204.9440 69
204.9760 205.0720 70
205.1040 205.3920 71
205.4240 205.5200 69
205.5520 205.5840 67
205.6160 205.6480 66
205.9040 207.7280 66
207.7600 207.9200 67
207.9520 209.3920 66
209.6160 209.7120 66
209.7440 210.1600 67
210.1920 210.9920 66
211.2480 211.3120 78
211.3440 211.4080 80
211.6320 211.8880 71
211.9840 212.0800 71
212.1120 212.2080 72
212.2400 213.2960 73
213.3280 213.6160 74
213.7440 214.0640 71
214.0960 214.4160 73
214.4480 214.6720 74
214.7040 214.7040 69
214.7360 214.7360 65
214.7680 214.8000 62
214.8320 215.7920 59
215.8240 215.8560 62
215.8880 215.8880 65
215.9200 215.9200 69
215.9520 216.7840 74
216.8160 216.8160 69
216.8480 216.9120 65
216.9440 217.0720 66
217.1040 217.2320 65
217.2640 217.6160 69
217.8080 218.0640 70
218.1600 218.3200 71
218.3520 218.5120 73
218.5440 218.6400 77
218.6720 218.6720 74
218.7040 220.2080 71
220.2400 221.0400 69
221.0720 221.2000 70
221.2320 221.5520 71
221.5840 221.7760 70
222.0960 223.6320 66
223.7920 224.2720 66
224.4640 225.5840 66
225.6160 225.6480 64
225.7760 226.1600 62
226.1920 226.6720 64
226.7040 227.0880 65
227.1200 227.6640 66
227.6960 227.7600 67
228.0480 228.2400 62
228.2720 228.4320 64
228.4640 228.5600 67
228.5920 228.7840 62
228.8160 229.0080 64
229.0400 229.1680 66
229.2960 229.5200 62
229.5840 229.7760 59
229.8080 229.9680 58
230.1280 230.3200 59
230.8000 230.9600 69
231.2800 231.3760 66
231.5360 231.7600 66
232.1760 232.1760 69
232.2400 232.2720 69
232.5600 232.7520 69
232.8160 232.9440 69
233.1040 233.2000 69
233.2320 233.3280 64
233.3600 233.6160 66
233.6480 234.2240 69
234.2560 236.1440 71
236.3040 236.5920 71
236.6240 236.9440 69
237.1360 237.2320 69
237.2640 237.7440 66
237.7760 242.3200 73
242.3520 242.4480 72
242.4800 242.9600 73
244.8480 244.9760 79
