59.7920 59.9520 61
59.9840 60.0800 62
60.1120 60.1440 63
60.1760 60.7520 64
60.7840 61.0400 61
61.2960 61.6480 59
61.9040 62.1600 61
62.3520 62.4480 64
62.4800 62.5120 63
62.5440 62.7040 62
62.7360 62.8640 63
65.2640 65.2960 61
65.3280 65.4240 62
65.4560 65.4880 63
65.5200 65.7760 64
66.0320 66.1600 64
66.1920 66.2880 62
66.3200 66.5120 61
66.5440 67.1200 59
67.3120 67.4400 61
67.4720 67.5680 62
67.6000 67.6320 65
67.6640 67.7920 66
67.9840 68.4000 66
70.7040 70.8960 67
70.9280 71.2160 68
71.4080 71.5680 64
71.6000 71.6320 63
71.6640 71.8560 62
72.0480 72.1120 66
72.1440 72.2720 67
72.3040 72.4960 68
72.7200 72.7840 64
72.8160 73.2000 63
73.2320 73.3600 62
73.3920 73.6160 64
73.6480 74.6080 66
76.1760 76.5920 69
76.8160 77.0720 69
77.1040 77.2000 66
77.4880 77.6480 62
77.8400 78.1280 64
78.1600 78.4160 61
78.4480 78.6400 64
78.6720 78.8640 65
78.8960 79.1200 66
81.4560 81.5200 59
81.5520 81.8720 62
81.9040 82.4480 64
82.6080 82.7680 62
82.8000 82.8320 60
83.0240 83.2800 59
83.4400 83.6320 59
83.6640 83.9520 61
83.9840 84.1440 64
84.3360 84.5920 64
86.9920 87.0560 61
87.2480 87.5360 64
87.6960 87.9200 64
88.0800 88.2400 62
88.2720 89.1360 59
89.1680 89.2320 61
89.3920 89.4880 68
89.5200 90.0320 67
90.0640 90.1920 68
90.7040 90.8320 62
92.4320 92.6240 66
92.6560 92.6880 67
92.7200 93.0400 68
93.2000 93.3600 64
93.3920 93.6800 62
93.8080 93.9040 66
93.9360 94.0000 67
94.0320 94.2880 68
94.5120 94.7040 64
94.7360 94.8320 61
95.1840 95.2480 64
95.2800 95.3760 65
95.4080 96.1440 66
96.1760 96.2080 65
97.9680 98.0320 68
98.0640 98.4160 69
98.4480 98.5440 70
98.5760 98.6720 68
98.7040 98.9280 69
98.9600 99.0560 68
99.0880 99.0880 66
99.1200 99.1520 63
99.1840 99.5360 61
99.7920 100.5600 64
100.5920 101.2960 65
103.2800 103.4080 64
103.4400 103.5360 65
103.5680 103.7920 66
104.1120 104.4640 64
104.4960 104.5600 63
104.7840 104.9120 62
104.9440 105.1680 63
105.2000 105.4240 61
105.4560 105.6160 60
105.8080 105.8080 64
105.8400 105.9040 66
105.9360 106.8960 64
107.5360 107.8880 64
111.4720 111.5360 66
111.5680 111.6320 67
111.6640 111.8560 68
111.8880 112.3040 67
112.3360 112.4320 68
112.4640 112.5920 67
112.6240 112.9440 66
112.9760 113.0080 67
113.0400 113.4240 68
113.5840 113.8080 64
113.9040 113.9360 64
114.1920 114.1920 66
114.2240 114.7680 69
114.8000 115.1840 71
115.2160 115.7920 69
115.8240 115.8560 68
115.8880 116.0160 67
116.0480 116.1760 66
116.2080 116.2720 64
116.3040 116.4000 63
116.4320 116.9440 64
116.9760 117.4560 66
118.2560 118.3840 71
118.9600 119.0880 72
119.1200 119.2160 74
119.2480 119.4400 72
119.4720 119.5040 71
119.6320 121.2960 66
122.3520 122.4480 67
122.4800 122.7040 68
122.7360 123.0560 67
123.0880 123.1520 69
123.1840 123.3440 68
123.3760 123.4080 67
123.4400 123.8560 66
123.8880 124.0160 68
124.0480 124.2080 67
124.2400 124.2720 66
124.4320 124.8800 64
125.0720 125.0720 66
125.1040 125.5200 69
125.7760 125.9040 71
125.9360 125.9360 69
126.0640 126.2880 69
126.4800 126.6720 69
126.7040 126.7680 68
126.8960 127.7920 64
127.8240 128.1760 65
129.6480 129.9040 71
129.9360 130.0640 73
130.0960 130.2560 72
130.2880 130.3840 71
130.4160 130.4160 68
130.4480 132.6880 66
135.8560 136.1120 61
136.1440 136.2400 63
136.2720 136.9120 64
136.9440 137.2000 61
137.3600 138.0320 59
138.0640 138.3840 66
138.4160 138.5120 65
138.8000 138.9280 62
138.9600 139.0560 63
141.3600 141.4880 63
141.5200 141.6800 62
141.7120 141.9680 63
142.0000 142.3200 64
142.3520 142.5760 62
142.6080 142.6400 61
142.8640 143.4400 59
143.4720 143.6640 61
143.6960 143.7600 62
143.7920 144.0160 67
144.2080 144.6240 66
146.8960 147.0880 66
147.1200 147.3120 68
147.5360 147.6000 65
147.6320 147.6960 64
147.7280 148.0160 61
148.2080 148.3040 66
148.3360 148.4320 67
148.4640 148.7520 68
148.7840 148.8480 65
148.8800 149.0400 64
149.0720 149.3600 61
149.5520 149.7120 64
149.7440 149.8080 65
149.8400 150.4800 66
150.5120 150.7680 65
152.2720 152.5280 67
152.5600 153.2640 69
153.2960 153.2960 67
153.4240 153.5200 62
153.5520 153.6160 60
153.6480 153.9680 61
154.0000 154.4160 64
154.4480 154.5760 65
154.7360 154.8960 64
154.9280 155.0880 65
155.1200 155.6640 66
157.8080 158.0640 66
158.0960 158.0960 62
158.1280 158.9280 59
159.0880 159.3440 62
159.5040 159.9840 61
160.0160 160.2720 63
160.4000 160.5280 66
160.5600 161.2640 64
161.3600 162.7360 64
163.7600 164.3360 56
164.4640 165.0400 56
165.0720 165.2320 54
176.4000 176.4640 54
183.8240 183.9200 56
189.0080 189.4240 56
190.2880 190.3520 56
195.7280 196.0480 61
196.0800 196.6240 64
196.8480 197.0720 61
197.2000 197.8080 59
197.8400 198.1920 61
198.2240 198.3520 63
198.5760 198.8320 65
198.8640 199.1840 64
201.1680 201.2640 61
201.4560 201.5520 66
201.5840 201.7440 64
201.9040 202.1280 64
202.3200 202.4800 62
202.5120 203.0560 59
203.0880 203.1200 58
203.1520 203.2800 57
203.5680 203.6640 69
203.6960 203.7920 68
203.8240 204.6880 67
206.1600 206.2240 64
206.7040 206.8640 66
206.8960 207.2480 68
207.3760 207.6000 64
207.6320 207.7600 61
207.7920 207.8880 62
208.0480 208.2080 66
208.2400 208.4960 68
208.7200 208.8800 64
208.9120 209.0080 62
209.0400 209.2320 61
209.4560 209.4880 64
209.5200 209.5840 65
209.6160 210.3200 66
210.4800 210.5440 65
210.5760 210.8000 66
212.1760 212.2720 68
212.3040 212.6880 69
212.7200 212.8800 68
212.9120 213.0720 69
213.1040 213.1680 68
213.2000 213.2000 66
213.2320 213.2640 62
213.2960 213.7440 61
213.9680 214.0960 63
214.1280 214.7360 64
214.7680 214.8000 65
214.8320 215.0880 66
215.1200 215.4720 65
217.7440 217.9680 59
218.2880 218.3520 60
218.3840 218.7360 63
219.0560 219.0880 62
219.1840 219.4400 63
219.4720 219.8240 61
219.9520 220.0800 65
220.1120 220.3680 66
220.4000 220.6880 64
220.8800 221.2960 56
221.3280 221.3920 61
225.6800 225.8400 67
225.8720 226.2560 68
226.4160 226.5120 66
226.5440 226.6720 68
226.7040 226.8320 67
226.8640 227.1520 66
227.1840 227.2160 67
227.2480 227.6960 68
227.7280 227.7600 66
227.7920 228.2720 64
228.4640 228.9760 69
229.0080 229.3920 71
229.4240 230.0000 69
230.0320 230.1600 67
230.1920 230.3200 66
230.3520 231.1200 64
231.1520 231.8240 66
232.8480 233.6800 71
233.7120 233.7120 69
233.7440 235.8880 66
236.5600 238.4800 67
238.6080 238.9920 64
239.3120 239.7600 69
239.9840 240.1440 71
240.1760 240.5280 69
240.6880 240.8800 68
240.9120 241.1680 67
241.2000 241.2960 66
241.3280 242.0000 64
242.0320 242.2240 66
243.7600 244.0480 71
244.0800 244.2400 73
244.2720 244.4320 72
244.4640 244.5920 71
244.6240 247.4080 66
247.4400 247.8240 64
247.8560 248.7200 66
249.5200 249.8080 68
249.8400 250.0960 65
250.1280 250.3520 64
250.3840 250.4160 65
250.4480 252.4960 66
252.5280 252.9440 65
252.9760 256.4960 66
258.4160 258.5120 62
258.5440 259.3440 64
259.3760 259.5680 62
259.7920 260.3360 59
260.3680 260.3680 61
260.4000 260.6880 63
260.7200 260.8480 67
260.8800 260.9120 65
261.1040 261.2000 66
261.2320 261.4880 63
264.3680 264.3680 63
264.4320 264.7200 64
264.7520 265.0400 62
265.2320 265.8080 59
265.8400 266.0960 61
266.1280 266.1280 63
266.1600 266.3840 66
266.5760 267.0560 66
269.2640 269.4880 66
269.5200 269.7120 68
269.9360 270.0960 64
270.1280 270.4160 61
270.5760 270.7360 66
270.7680 271.1520 68
271.1840 271.2800 65
271.3120 271.4400 64
271.4720 271.7280 61
271.9200 272.2080 64
272.2400 272.8800 66
272.9120 273.0400 65
273.0720 273.2000 64
274.6400 274.8320 67
274.8640 274.8960 68
274.9280 275.7280 69
275.7600 275.8240 66
275.8560 275.8880 62
275.9200 276.3040 61
276.4960 276.6560 63
276.6880 276.9760 64
277.1680 277.3280 64
277.3600 277.4560 65
277.4880 278.0320 66
279.7600 279.8560 64
280.1440 280.3680 66
280.4000 280.4320 65
280.4640 280.4640 63
280.4960 280.5600 60
280.5920 280.8160 59
280.8480 281.1360 60
281.1680 281.3280 59
281.4560 281.4560 60
281.4880 281.4880 61
281.5200 281.5840 62
281.6160 281.7440 63
281.9680 282.3200 61
282.3520 282.3520 62
282.3840 282.6720 63
282.8320 282.8320 65
282.8640 282.9600 67
282.9920 283.3120 64
283.5040 283.5680 64
283.7600 284.3680 64
284.4640 285.3920 64
291.3760 292.2080 73
292.8160 292.9120 71
