2.2240 2.6720 69
2.8320 3.5040 67
3.5360 3.5680 68
3.6000 3.7280 69
3.9200 4.0160 69
4.0480 4.0800 70
4.1120 4.2400 71
4.2720 4.3040 70
4.3360 5.6480 69
7.2480 7.4400 62
7.6320 7.7280 72
7.7600 7.9520 74
8.0800 8.2720 72
8.3040 8.4640 70
8.4960 8.7520 71
8.7840 9.1360 69
9.1680 9.2320 67
9.2640 9.4880 69
9.5200 10.0000 71
10.0320 10.2560 72
10.2880 10.4800 71
10.5120 10.9920 72
11.0240 12.4960 71
12.9760 13.0720 70
13.1040 13.2960 71
13.3280 13.8400 72
13.8720 14.2880 74
14.4160 14.6400 72
14.8000 15.4080 64
15.5680 15.8560 66
15.9840 16.4640 67
16.4960 16.6560 69
17.0720 17.5200 71
18.2240 18.4800 66
18.9600 19.5040 67
19.5360 19.7280 69
20.0480 20.1120 67
20.1440 20.4000 69
20.4320 21.3280 67
46.3200 46.5760 66
46.6080 47.0560 67
47.4080 47.5360 64
47.5680 47.9520 66
48.5920 48.9440 62
49.3920 49.5200 58
49.7120 49.9040 59
50.0640 50.1280 60
50.1600 50.4160 62
50.6400 51.0560 59
52.3040 52.5600 66
52.5920 53.0080 67
53.4880 53.6160 64
53.6480 54.0640 66
54.6080 54.9600 62
55.3440 55.6000 57
55.6320 55.8560 59
56.0800 56.5600 61
56.5920 56.7520 59
57.2640 57.4560 59
57.5840 57.7440 62
58.0000 58.0960 62
58.1280 58.7040 64
59.0880 59.2480 62
59.2800 59.4720 64
59.6000 60.2080 62
60.9440 61.0400 60
61.0720 61.5200 62
61.7760 61.8400 57
62.0640 62.1920 60
62.2240 62.3840 62
62.5120 62.6720 62
62.7040 63.1520 59
63.9840 64.2080 62
64.3360 64.6560 62
65.0720 65.3920 60
65.4240 66.0000 59
66.2880 66.4480 60
66.7040 66.8000 57
66.8320 66.8640 58
66.8960 67.0560 59
67.3760 67.6960 57
70.3520 70.5120 66
70.5440 70.9920 67
71.4400 71.9520 66
71.9840 72.0160 65
72.2400 72.7840 62
72.9760 73.2000 57
73.3600 73.5840 57
73.6160 73.9360 59
74.0960 74.2560 60
74.2880 74.5120 62
74.5440 75.0560 59
76.3040 76.5600 66
76.5920 77.3600 67
77.3920 77.6160 65
77.6480 78.1280 66
78.5120 79.0560 62
79.4080 79.5680 58
79.6960 79.8560 59
80.0800 80.3040 62
80.4960 80.7840 59
81.2640 81.5520 59
81.5840 82.1920 62
82.2240 82.6720 64
83.2800 83.3760 56
83.6000 83.6640 56
83.6960 84.1760 55
85.0080 85.1040 62
85.1360 85.2320 64
85.4560 85.9680 62
86.1600 86.2560 65
86.2880 86.6720 66
86.7040 87.3440 67
88.0160 89.1680 62
89.2000 89.3280 64
89.4880 90.0000 60
90.2240 90.6720 60
90.7040 90.9920 59
91.0240 91.0560 58
91.0880 91.6000 57
91.7920 92.7200 55
93.7760 93.8400 55
93.8720 93.9040 56
93.9360 94.0960 57
94.2560 94.3840 57
94.5120 94.7040 57
94.7360 94.7680 56
94.8000 95.1840 55
99.9840 100.2400 62
100.3680 100.4640 69
100.4960 100.5920 71
100.7840 101.3280 69
101.4560 102.1280 67
102.1600 102.3520 69
102.4800 102.6720 69
102.7040 102.8960 71
102.9280 104.3360 69
105.9680 106.0960 62
106.3200 106.3840 71
106.4160 106.5760 74
106.6080 106.9920 72
107.0240 107.1520 69
107.1840 107.3760 71
107.4080 107.6960 69
107.8240 108.3040 69
108.3360 108.4960 70
108.6560 108.8480 64
109.0400 109.1680 65
109.2000 110.2880 67
111.5040 111.6320 70
111.6640 111.8880 71
111.9200 112.4640 72
112.4960 112.8480 74
113.0400 113.2640 72
113.5520 114.1920 64
114.5440 114.8320 66
114.9600 115.8240 67
115.8560 116.0480 69
116.4000 116.4320 61
116.4640 116.6240 62
116.8160 116.8480 63
116.8800 117.4560 67
117.4880 118.3200 69
118.3520 118.4480 71
118.4800 118.9920 72
119.0240 119.0880 71
119.1200 119.2480 69
119.2800 119.9200 71
119.9520 120.1440 69
120.1760 120.9440 67
120.9760 121.2960 71
121.3280 122.0960 69
122.1280 123.3440 67
123.9200 124.3040 62
124.3360 124.5920 71
124.7840 125.4240 69
125.4560 126.2240 67
126.2560 126.7680 69
126.8000 126.9600 71
126.9920 128.5600 69
129.9680 130.1280 62
130.3200 130.4160 72
130.4480 130.6720 74
130.7040 130.9920 72
131.0240 131.1520 69
131.1840 131.3760 71
131.4080 132.1760 69
132.2080 133.1680 71
133.2000 133.7120 72
133.7440 135.2480 71
135.6640 135.7600 69
135.7920 135.9840 71
136.0160 136.4960 72
136.5280 136.8800 74
137.1040 137.3280 72
137.5200 138.0000 64
138.2240 138.4800 66
138.6400 139.1200 67
139.1520 139.3440 69
139.7280 139.7920 71
139.8240 140.0160 72
140.0480 140.2400 71
140.4640 140.7840 69
140.8160 141.0080 67
141.2000 141.3920 64
141.6160 141.9680 66
142.0000 142.1280 67
142.1600 142.5120 69
142.7360 142.8320 67
142.8640 143.0560 69
143.0880 143.8240 67
169.6160 169.7120 58
169.7440 170.3840 57
178.3520 178.6080 66
178.6400 179.2480 67
179.4720 179.6640 65
179.6960 180.2080 66
180.5600 181.0400 62
181.0720 181.1040 61
181.3280 181.5520 57
181.6800 181.9040 59
182.0640 182.1920 60
182.2240 182.4480 62
182.5760 183.3440 59
184.2720 184.5600 66
184.5920 185.0400 67
185.3920 185.5520 65
185.5840 186.2240 66
186.6080 187.1200 62
187.1520 187.1520 60
187.3440 187.5040 57
187.5360 187.6320 58
187.6640 187.9200 59
188.0800 188.1760 60
188.2080 188.4640 62
188.5920 188.8480 59
189.2320 189.3600 59
189.5840 190.1600 62
190.1920 190.2240 63
190.2560 190.6720 64
191.1520 191.3760 55
191.5680 191.8240 55
192.9440 193.0080 62
193.0400 193.2000 64
193.3280 193.9360 62
194.0960 194.1920 65
194.2240 194.5760 66
194.6080 195.4080 67
195.9200 195.9840 59
196.0160 197.0080 62
197.0400 197.1360 63
197.1680 197.3280 64
197.3600 197.4560 61
197.4880 198.6400 60
198.6720 198.8000 59
198.9280 199.4400 60
199.6960 199.8240 60
199.8560 200.1120 62
200.1440 200.2400 58
200.2720 201.1360 57
201.1680 201.4560 56
201.7440 201.8400 55
202.0640 202.3840 57
202.4160 202.9920 55
207.8240 208.2720 62
208.3040 208.4320 69
208.4640 208.5920 71
208.7520 209.3920 69
209.4240 210.1600 67
210.1920 210.4160 69
210.5440 210.6720 69
210.7040 210.8960 71
210.9280 212.7200 69
213.9680 214.1280 62
214.3200 214.4160 72
214.4480 214.6720 74
214.7040 215.0560 72
215.0880 215.1840 70
215.2160 215.4080 71
215.4400 216.3040 69
216.3360 216.4960 71
216.6240 216.8800 64
217.0080 217.1360 65
217.1680 218.7360 67
219.5040 219.6320 70
219.6640 219.9200 71
219.9520 220.4960 72
220.5280 220.8800 74
221.0720 221.2320 72
221.5520 222.3840 64
222.5760 222.8960 66
222.9280 223.8240 67
223.8560 224.0480 69
224.3360 224.6240 62
224.8160 224.8800 65
224.9120 225.4240 67
225.4560 226.2880 69
226.3200 226.4160 71
226.4480 227.0240 72
227.0560 227.1520 70
227.1840 227.7920 71
227.8240 228.1120 69
228.1440 228.8160 67
228.9440 229.0720 70
229.1040 229.3280 71
229.3600 230.0320 69
230.0640 231.4720 67
231.8880 232.1760 62
232.3040 232.4000 70
232.4320 232.5920 71
232.8160 233.4240 69
233.4560 234.1600 67
234.1920 234.7040 69
234.7360 234.8960 71
234.9280 237.0080 69
237.9680 238.1280 62
238.3200 238.3840 73
238.4160 238.6400 74
238.6720 238.9920 72
239.0240 239.1520 69
239.1840 239.3440 71
239.3760 240.1760 69
240.2080 240.6560 71
240.6880 241.7120 72
241.7440 243.1840 71
243.5360 243.6640 69
243.6960 243.9200 71
243.9520 244.4960 72
244.5280 244.8800 74
245.1040 245.3280 72
245.4880 246.1280 64
246.1600 246.5440 66
246.5760 247.0880 67
247.1200 247.3760 69
247.6960 247.7920 71
247.8240 248.0480 72
248.0800 248.2720 71
248.4640 248.7200 69
248.7520 248.7520 67
248.7840 248.9120 64
248.9440 249.1360 67
249.1680 249.3600 64
249.3920 249.4560 65
249.5840 249.6800 64
249.7120 249.9680 66
250.0000 250.1280 67
250.1600 250.6720 69
250.7040 250.8000 67
250.8320 251.0560 69
251.0880 253.1680 67
255.8560 256.1760 62
256.3040 256.4000 70
256.4320 256.5600 71
256.7520 257.3920 69
257.4240 258.1920 67
258.2240 258.4160 69
258.6080 258.7680 69
258.8000 258.8320 70
258.8640 259.1200 71
259.1520 260.0160 69
262.0000 262.1280 62
262.3520 262.4160 73
262.4480 262.6400 74
262.6720 263.0240 72
263.0560 263.1840 69
263.2160 263.3760 71
263.4080 263.4400 70
263.4720 263.6640 69
263.7920 264.2720 69
264.3040 264.4000 70
264.6240 264.8160 64
265.0080 265.1040 66
265.1360 265.6800 67
265.7120 265.8080 65
265.8400 266.0000 66
266.0320 266.1600 65
266.1920 266.2240 64
266.2560 266.2880 63
266.3200 266.5760 62
266.6080 267.1200 64
267.5680 267.6640 69
267.6960 267.8880 71
267.9200 268.4960 72
268.5280 268.8480 74
269.1040 269.3280 72
269.3600 269.3600 69
269.3920 269.3920 67
269.4240 270.3840 64
270.5440 270.8640 66
271.1200 271.8560 67
271.8880 272.0480 69
272.4000 272.5600 62
272.8480 272.8480 63
272.8800 273.4880 67
273.5200 273.7440 69
273.9680 274.1280 71
274.1600 274.9600 72
274.9920 275.6000 71
275.6320 275.8560 70
275.8880 276.0800 69
276.1120 276.9440 67
276.9760 277.0720 69
277.1040 277.3280 71
277.3600 278.2240 69
278.2560 279.5360 67
279.9200 280.0480 72
280.0800 280.5280 74
280.6880 280.7840 69
280.8160 281.0080 71
281.0400 281.2960 69
281.4240 282.1280 67
282.1600 282.3840 69
282.5120 282.7040 69
282.7360 282.9280 71
282.9600 285.3280 69
285.9360 286.0960 62
286.3200 286.3840 72
286.4160 286.6080 74
286.6400 287.0240 72
287.0560 287.1840 70
287.2160 287.3760 71
287.4080 287.4400 70
287.4720 287.7280 69
287.7600 287.8880 67
287.9200 288.1120 69
288.1440 288.1760 70
288.2080 288.6560 71
288.6880 288.8480 72
288.9760 288.9760 69
289.0080 289.1040 71
289.1360 289.6800 72
289.7120 289.9040 74
290.0640 290.2560 71
290.2880 290.5440 70
290.5760 291.2480 71
291.6000 291.6960 69
291.7280 291.9200 71
291.9520 292.4640 72
292.4960 292.7520 74
292.7840 292.9760 72
293.1360 293.3280 72
293.3600 293.3600 70
293.4880 294.1920 64
294.2240 294.6080 66
294.6400 295.1200 67
295.1520 295.1840 68
295.2160 295.5680 69
295.7600 295.8240 70
295.8560 296.0800 72
296.1120 296.3040 71
296.4960 296.8160 69
296.8480 296.9760 65
297.0080 297.1680 67
297.2000 297.6480 64
297.6800 298.0640 66
298.0960 298.1920 67
298.2240 298.6400 69
298.7680 298.8960 67
298.9280 299.1200 69
299.1520 300.4640 67
303.5680 303.6640 70
303.6960 303.9200 71
303.9520 304.4640 72
304.4960 304.8480 74
305.1040 305.3600 72
305.5520 305.9680 64
306.3520 306.6080 66
306.8000 307.0880 67
307.2160 307.3120 67
307.3440 307.5360 69
308.1120 308.1760 71
308.2080 308.4000 72
308.4320 308.6560 71
308.8800 309.1680 69
309.3280 309.5200 67
309.9360 310.1920 64
310.8320 311.4080 66
311.7280 311.8560 67
311.8880 312.4320 69
312.9760 313.1040 67
313.1360 313.3280 69
313.3600 314.6400 67
318.5760 318.8320 71
318.8640 319.3760 72
319.4080 319.7920 74
320.0160 320.2720 72
320.5600 321.1360 64
321.2640 321.3920 67
321.4240 321.5520 66
321.7120 322.0320 67
322.1600 322.2240 67
322.2560 322.2880 68
322.3200 322.4160 69
322.9600 323.0880 70
323.1200 323.3120 72
323.3440 323.6000 71
323.8240 324.0480 69
324.2400 324.2720 65
324.3040 324.5280 67
324.5600 324.5920 66
325.8720 326.2560 66
326.8000 327.5680 69
327.9840 328.3360 69
328.3680 329.3280 67
329.4560 329.5520 67
