7.3120 7.3760 55
7.5040 7.5680 55
7.8880 7.9840 56
8.0160 8.1120 55
8.2720 8.3680 56
8.5920 8.8800 56
9.2960 9.3600 62
9.9360 10.0000 63
10.1920 10.3520 63
10.6080 11.0560 63
11.2480 11.3760 58
11.7920 12.3040 58
12.3360 12.4320 59
12.4640 12.6240 58
12.9440 13.2000 55
13.6160 13.7120 67
13.7440 13.8080 65
13.8400 13.9360 63
13.9680 14.0000 60
14.0320 14.0640 56
14.0960 14.1600 54
14.2880 14.3200 53
14.3520 14.4800 54
14.5120 15.5680 55
15.6000 15.7920 58
15.8240 15.9840 55
16.0160 16.2080 58
16.2400 16.2400 60
16.2720 16.4320 63
16.4640 16.6560 65
16.6880 16.6880 62
16.7200 16.7520 60
16.7840 17.4880 58
17.8400 18.1920 60
18.2240 18.7680 62
18.8000 18.9280 61
19.1200 19.6960 63
19.7280 19.9520 62
20.2400 20.6880 60
20.7200 20.8480 61
21.1040 21.2960 58
21.3280 21.5200 57
21.5520 22.5120 55
22.6720 22.8640 58
22.8960 23.0240 55
23.0560 23.2800 58
23.3120 23.5040 63
23.5360 23.7280 65
23.7600 24.5280 58
24.8480 24.8800 60
24.9120 24.9760 62
25.0080 25.0720 60
25.1040 25.8720 62
25.9040 26.0640 60
26.3840 26.6080 60
26.6400 27.1840 57
27.7600 28.1440 58
28.1760 28.3040 60
28.6240 28.7520 61
28.7840 29.7120 62
29.9360 29.9680 68
30.0000 30.0640 69
30.0960 30.3200 70
30.3520 30.3520 66
30.3840 30.5760 62
30.6080 31.4080 63
31.7280 31.8560 69
31.8880 32.0480 70
32.0800 32.0800 66
32.1120 32.3360 63
32.3680 33.0080 65
33.0400 33.0400 63
33.2320 33.4240 63
33.4560 33.6480 62
33.6800 33.8400 63
33.8720 34.0320 62
34.3520 34.3840 59
34.4160 34.9920 60
35.2480 35.3760 58
35.4080 35.6640 57
35.6960 36.5600 55
36.7840 37.0080 58
37.0400 37.0400 56
37.2000 37.3920 58
37.4240 37.4240 60
37.4560 37.4880 62
37.5200 37.6160 63
37.6480 37.8400 65
37.8720 37.8720 62
37.9040 37.9040 60
37.9360 38.6720 58
39.1840 39.3760 60
39.4080 40.0160 62
40.0480 40.2400 61
40.2720 40.4320 62
40.4640 40.7200 60
40.7520 40.8480 58
40.8800 41.8080 57
43.6000 43.6640 70
43.6960 43.7600 68
43.7920 43.9840 69
44.0160 44.2080 67
44.2400 44.6880 69
44.7200 45.8080 70
45.8400 47.4720 69
47.5040 47.5360 71
47.5680 48.0480 65
48.1760 48.3040 63
48.4000 48.4320 63
48.4640 48.9440 65
50.7040 50.9600 69
51.1200 51.3120 67
51.3440 51.7280 69
51.7600 52.8480 70
52.8800 54.5440 69
54.5760 55.1520 65
55.5040 56.0480 65
57.7440 57.8400 70
57.9680 58.0960 69
58.1280 58.3520 67
58.3840 58.7680 69
58.8000 60.1440 70
60.1760 60.3680 71
60.4000 61.4240 72
61.4560 61.9040 70
61.9360 62.0960 72
62.1280 63.2160 74
63.2480 63.6000 72
63.6320 63.6960 70
63.7280 63.8880 69
64.2400 64.3680 75
64.4000 64.4000 72
64.5600 65.1680 69
65.2000 65.3920 67
65.4240 65.7120 69
65.7440 66.0000 70
66.1280 66.5760 70
66.9920 67.3760 69
67.4080 67.4400 70
67.8560 68.4000 69
68.7520 69.2000 65
69.6160 70.1600 65
70.5120 70.9920 65
71.6320 71.7280 63
71.7600 72.0480 65
72.0800 72.2720 63
72.3040 72.4640 62
72.4960 72.6240 60
72.6560 72.6880 59
72.7200 73.0400 58
73.0720 73.1360 59
73.5840 73.8080 69
73.8400 74.4160 70
74.4480 74.6400 69
75.1200 75.1520 64
75.1840 75.5040 65
75.5360 75.5680 64
75.6000 75.7920 63
75.8240 76.0480 62
76.0800 76.2080 60
76.2400 76.2720 59
76.3040 76.7520 58
77.1360 77.2000 56
77.5520 77.6800 60
77.7120 77.8080 62
77.8400 78.1920 60
78.2240 78.2560 58
78.2880 78.4160 57
78.7040 78.7360 62
78.7680 79.1200 65
79.1520 79.3120 63
79.3440 79.5360 62
79.5680 79.7280 60
79.7600 79.7920 59
79.8240 80.1120 58
80.1440 80.1760 59
80.6560 80.8480 69
80.8800 81.4880 70
81.5200 81.7120 69
82.1920 82.3200 64
82.3520 82.6080 65
82.6400 82.8640 63
82.8960 83.0560 62
83.0880 83.2160 60
83.2480 83.3120 59
83.3440 83.8240 58
84.6560 84.7200 60
84.7520 84.8800 61
84.9120 85.2640 60
85.2960 85.3280 58
85.3600 85.5200 57
86.8640 87.9200 55
87.9520 88.1120 58
88.1440 88.2080 57
88.3680 88.5600 58
88.5920 88.5920 60
88.6240 88.8160 63
88.8480 89.0080 65
89.0400 89.0400 62
89.0720 89.6800 58
89.7120 89.8080 57
90.3840 90.5440 60
90.5760 91.0560 62
91.0880 91.1200 61
91.3120 91.3440 61
91.3760 91.8880 62
91.9200 92.1120 63
92.1440 92.2400 62
92.5280 92.5920 61
92.6240 93.1680 60
93.4240 93.6160 58
93.6480 93.8080 57
93.8400 93.9040 56
93.9360 94.0000 55
94.3520 94.9600 55
94.9920 95.2160 58
95.2480 95.2800 56
95.3120 95.3440 55
95.4720 95.6320 58
95.6640 95.6640 60
95.6960 95.8560 63
95.8880 96.0160 65
96.0480 96.0480 61
96.0800 96.7840 58
97.1680 97.2320 60
97.4560 97.6160 60
97.6480 98.2240 62
98.2560 98.4480 61
98.4800 98.6400 62
98.8000 98.9600 60
98.9920 99.0240 59
99.0560 99.1840 58
99.2160 99.5680 57
100.1120 100.2400 56
100.2720 100.4000 58
100.5600 100.6240 60
101.0400 101.1360 61
101.1680 101.7120 62
101.8400 102.0000 62
102.3200 102.4480 69
102.4800 102.6720 70
102.7040 102.7040 66
102.7360 102.9280 62
102.9600 103.6960 63
104.0800 104.2080 69
104.2400 104.4640 70
104.4960 104.4960 67
104.5280 104.6880 63
104.7200 105.2320 65
105.3920 105.4880 63
105.5200 105.6160 65
105.6480 105.7760 63
105.8080 106.0320 62
106.0640 106.2240 63
106.2560 106.4160 62
106.7040 106.7360 59
106.7680 107.2800 60
107.5680 107.7920 58
107.8240 107.9840 57
108.0160 108.9760 55
109.1360 109.2960 58
109.3280 109.4560 55
109.4880 109.5200 56
109.5520 109.7440 58
109.7760 109.8080 62
109.8400 109.9680 63
110.0000 110.1280 65
110.1600 110.1600 63
110.1920 110.8320 58
111.3120 111.3440 59
111.3760 111.4400 60
111.4720 111.6320 61
111.6640 112.2720 62
112.3040 112.4000 63
112.4320 112.5280 60
112.5600 112.6560 62
112.8800 113.1040 60
113.1360 113.2960 58
113.3280 113.6480 57
114.1600 114.5760 69
114.6080 114.8000 67
114.8320 115.2480 69
115.2800 116.3040 70
116.4640 118.0960 69
118.1280 118.6400 65
119.0560 119.5360 65
121.2960 121.3600 70
121.3920 121.5520 69
121.7120 121.9040 67
121.9360 122.3200 69
122.3520 123.3440 70
123.4720 125.1360 69
125.1680 125.2000 66
125.2320 125.6160 65
126.0960 126.6400 65
128.3360 128.4320 70
128.5600 128.6880 69
128.7200 128.9440 67
128.9760 129.3600 69
129.3920 130.7040 70
130.7360 130.9280 71
130.9600 132.0160 72
132.0480 132.4640 70
132.4960 132.6880 72
132.7200 133.8080 74
133.8400 134.1920 72
134.2240 134.2880 70
134.3200 134.5120 69
134.8960 134.9920 74
135.1520 135.2160 69
135.4400 135.7600 69
135.7920 135.9840 67
136.0160 136.3040 69
136.3360 136.4960 70
136.7200 137.1680 70
137.5840 137.9680 69
138.0000 138.0960 74
138.4480 138.8960 69
139.3440 139.7600 65
140.2080 140.6880 65
141.1040 141.5520 65
141.5840 141.6480 69
142.1920 142.3200 63
142.3520 142.6400 65
142.6720 142.8320 63
142.8640 143.0560 62
143.0880 143.2160 60
143.2480 143.2800 59
143.3120 143.7280 58
143.7600 143.7600 61
143.7920 143.7920 66
143.8240 143.9200 69
143.9520 144.1440 66
144.1760 144.4000 69
144.4320 145.0400 70
145.0720 145.2320 69
145.7120 145.7440 64
145.7760 145.9360 65
145.9680 146.0640 66
146.0960 146.1280 64
146.1600 146.3840 63
146.4160 146.6080 62
146.6400 146.8000 60
146.8320 147.1840 58
147.2480 147.3440 59
147.3760 147.8560 65
148.1760 148.2720 60
148.3040 148.4000 62
148.4320 148.7520 60
148.7840 149.0080 57
149.2640 149.2640 61
149.2960 149.3600 63
149.3920 149.6800 65
149.7120 149.8720 63
149.9040 150.0960 62
150.1280 150.3200 60
150.3520 150.3840 59
150.4160 150.7040 58
150.8640 150.9600 67
151.1520 151.1840 67
151.2160 151.2480 68
151.2800 151.4400 69
151.4720 152.0800 70
152.1120 152.3040 69
152.7840 152.9120 64
152.9440 153.2000 65
153.2320 153.4560 63
153.4880 153.6480 62
153.6800 153.8400 60
153.8720 153.9040 59
153.9360 154.6720 58
155.2160 155.8560 60
155.8880 155.9200 58
155.9520 156.1120 57
157.8400 157.9360 65
157.9680 158.6400 67
158.9920 159.3760 69
159.4080 160.2720 70
160.5280 160.5920 69
160.7520 161.0720 69
161.2000 161.7440 70
161.8720 162.0320 70
162.3200 162.3840 69
162.5440 162.8320 69
162.8640 162.9280 70
163.0880 163.4080 65
163.5680 163.8240 65
163.8560 163.9840 63
164.0160 164.2080 62
164.2400 164.4640 60
164.7520 164.7840 66
164.8160 165.7760 67
165.8080 166.4160 69
166.4480 167.3440 70
167.7280 168.2400 69
168.4960 168.7840 70
168.9120 169.1040 70
169.1360 171.6960 72
172.6560 172.8480 69
172.8800 173.1040 67
173.1360 173.5200 69
173.5520 173.9360 70
174.6400 175.1200 69
176.4640 176.8480 65
177.2960 177.7760 65
179.6320 179.8880 69
179.9200 180.1440 67
180.1760 180.5280 69
180.5600 181.0720 70
181.7120 182.2560 69
183.4720 183.4720 62
183.5040 183.8880 65
184.2720 184.3680 66
184.4000 184.8160 65
185.2320 185.6160 65
186.3200 186.4160 69
186.5440 186.8640 69
186.8960 186.9920 71
187.0240 187.1840 68
187.2160 187.6640 69
187.6960 188.6240 70
188.6560 188.7520 72
188.7840 188.9760 70
189.0080 190.4800 69
190.5120 190.5440 67
190.5760 190.9920 65
191.3760 191.8560 65
191.8880 191.9840 68
193.4560 193.6160 66
193.6480 193.9360 68
194.0640 194.2560 67
194.2880 194.7040 69
194.7360 195.8240 70
195.8560 197.6160 69
197.6480 198.1920 65
198.3520 199.3440 65
200.6240 201.0400 69
201.0720 201.2960 67
201.3280 201.7760 69
201.8080 202.9920 70
203.0240 203.0880 69
203.1200 203.3120 71
203.3440 204.4000 72
204.4320 204.8480 70
204.8800 205.0720 72
205.1040 206.1920 74
206.2240 206.5760 72
206.6080 206.6400 70
206.6720 206.8640 69
207.2160 207.3440 74
207.5360 208.0800 69
208.1120 208.1760 72
208.2080 208.3680 67
208.4000 208.6880 69
208.7200 208.8800 70
209.0720 209.5200 70
209.9040 210.4160 69
210.8320 211.2800 69
211.7280 212.1120 65
212.3040 212.4320 62
212.5600 213.0720 65
213.1040 213.1680 68
213.5200 213.9040 65
213.9360 214.0000 69
214.5760 214.9920 65
215.0240 215.1840 63
215.2160 215.4080 62
215.4400 215.5680 60
215.6000 215.6640 59
215.6960 215.8880 58
216.7200 216.7840 69
216.8160 217.3920 70
217.4240 217.6160 69
217.6480 217.7440 74
218.0960 218.1920 63
218.2240 218.2560 65
218.3520 218.5120 65
218.5440 218.7040 63
218.7360 218.8960 62
218.9280 219.0880 60
219.1200 219.4400 58
220.0800 220.1440 62
220.7200 221.2960 60
221.6800 222.0640 65
222.0960 222.2560 63
222.2880 222.4800 62
222.5120 222.6080 60
222.6400 222.7040 59
222.7360 222.9280 58
223.1840 223.4080 63
223.4400 223.5680 67
223.7600 223.8560 69
223.8880 224.4960 70
224.5280 224.6880 69
224.7200 224.7840 73
225.1680 225.2320 63
225.2640 225.5840 65
225.6160 225.8080 63
225.8400 226.0000 62
226.0320 226.1600 60
226.1920 226.2240 59
226.2560 226.4480 58
227.7280 227.8560 61
227.9520 228.1440 60
228.3360 228.4000 60
228.7200 228.7520 64
228.7840 229.1040 65
229.1360 229.2960 63
229.3280 229.5200 62
229.5520 229.7120 60
230.8320 230.8960 69
230.9280 231.5360 70
231.5680 231.7280 69
231.7600 231.8560 73
232.2400 232.2720 63
232.3040 232.3680 64
232.4000 232.6240 65
232.6560 232.8160 63
232.8480 233.0720 62
233.1040 233.2320 60
233.2640 233.5520 58
234.8640 235.2160 60
235.7600 235.8560 63
235.8880 235.9200 65
236.0800 236.1760 65
236.2080 236.3680 63
236.4000 236.5920 62
236.6240 236.8160 60
236.8480 236.8480 58
237.0400 237.0720 58
237.9040 237.9360 69
237.9680 238.6400 70
238.6720 238.8000 69
238.8320 238.8960 74
239.2800 239.3760 63
239.4080 239.6960 65
239.7280 239.8880 63
239.9200 240.0800 62
240.1120 240.2720 60
240.3040 240.5920 58
241.2960 241.2960 62
242.0320 242.2240 60
