40.1440 40.1440 56
40.1760 40.1760 58
40.2080 40.2400 61
40.2720 40.3680 62
40.4000 40.7520 64
40.7840 41.4560 63
41.4880 41.8720 61
41.9040 42.8960 59
42.9280 43.2480 58
43.2800 43.6320 59
44.9440 45.0080 54
45.0400 45.1040 55
45.1360 45.4240 56
45.4560 45.4880 57
45.5200 45.5520 58
45.5840 45.7120 59
45.8400 46.1920 58
46.2240 46.2560 57
46.2880 46.3840 56
46.4160 46.6400 59
46.6720 46.8640 60
46.8960 46.8960 57
47.0880 47.3440 53
48.5280 48.5600 54
48.5920 48.6240 55
48.6560 48.8480 56
49.1040 49.1360 58
49.1680 50.5440 59
50.7040 50.9280 63
51.6000 51.6960 54
51.7280 51.7600 55
51.7920 51.9840 56
52.0160 52.2720 57
52.3040 52.5920 56
52.7840 52.9120 55
52.9440 53.0720 56
53.1040 53.1360 55
53.1680 53.6480 54
55.1520 55.3120 53
56.1120 56.1760 55
56.2080 56.3360 56
56.4960 56.6880 56
56.7200 56.9760 54
57.1040 57.5200 53
57.5520 57.7120 54
57.7440 57.8080 55
57.8400 58.3840 56
59.0560 59.2480 54
59.5040 59.5360 57
59.5680 59.5680 59
59.6000 59.6320 61
59.6640 59.6960 62
59.7280 59.8560 63
60.0160 60.2400 63
60.2720 60.3360 61
60.3680 60.4000 62
60.4320 60.8160 63
60.8480 60.9760 64
61.1040 61.7120 59
62.1600 62.2240 55
62.2560 62.4480 56
62.4800 62.7040 57
62.7360 62.9920 59
63.0240 63.3120 58
63.4720 63.6000 57
63.6320 63.8240 56
63.9520 64.0160 54
64.0480 64.4320 56
64.8160 64.9120 56
64.9440 65.1360 57
65.2640 65.5840 57
65.6160 65.8400 56
65.8720 65.9360 55
65.9680 66.6720 53
66.7040 67.3760 54
69.0400 69.1680 55
69.2000 69.7760 54
70.3840 70.8000 53
71.2480 71.3120 58
71.3440 71.6640 59
71.8880 71.9840 55
72.0160 72.1760 56
72.3040 72.3360 61
72.3680 72.4000 62
72.4320 72.5600 64
72.5920 72.9760 63
73.2000 73.7760 64
73.8080 73.9680 60
74.0000 75.9840 61
76.6560 76.8480 53
76.8800 77.4560 56
77.5840 78.3840 57
78.4160 78.8960 59
78.9280 79.0560 61
79.0880 79.7280 59
80.1760 80.3360 59
80.4640 80.7840 59
80.8160 81.9040 61
81.9360 82.1600 63
82.2880 82.5760 64
82.7040 82.7360 64
82.7680 82.8960 65
82.9280 84.8160 66
85.1040 85.2640 66
85.2960 85.5200 68
85.5520 86.0000 69
86.0320 87.1840 71
87.3120 87.5680 59
87.6960 88.7200 71
89.0080 89.0400 67
89.0720 89.0720 69
89.1040 89.3280 71
89.3600 89.3600 67
89.4880 89.5200 70
89.5520 89.7120 71
89.7440 90.6720 69
90.7040 90.9920 68
91.0240 91.8560 66
91.8880 91.9520 65
92.1440 92.1760 61
92.2080 92.2400 62
92.2720 92.4640 63
92.5920 92.7520 61
92.7840 92.8480 59
92.8800 92.9120 58
92.9440 93.0720 56
93.1040 93.4240 58
93.4560 93.8080 61
93.8400 94.5120 63
94.5440 95.7280 64
95.7600 95.8880 63
96.5600 96.5600 63
96.5920 96.6880 67
96.7200 97.6160 68
97.6480 97.7120 67
97.7440 97.7760 66
97.8080 97.9360 65
97.9680 98.3200 64
98.3520 98.3840 65
98.4160 98.6080 66
98.6400 98.7680 64
98.9600 99.0560 66
99.0880 99.2480 67
99.2800 99.5040 68
99.5360 99.6320 67
99.6640 100.2720 69
100.3040 101.1680 71
101.2000 102.0960 69
102.1280 102.7360 71
102.7680 103.1520 67
103.1840 103.7600 71
103.8880 104.1440 69
104.2720 104.2720 65
104.3040 105.0720 68
105.1040 105.8720 66
105.9040 106.1600 68
106.1920 106.7680 67
106.8000 107.4720 66
107.6000 107.7280 66
107.7600 109.3920 68
109.4240 109.6160 65
109.6480 109.8080 66
110.3520 110.4160 60
110.6720 110.6720 65
110.7040 110.7360 67
110.7680 112.1760 68
112.3040 112.9120 66
112.9440 113.0400 64
113.0720 113.2000 63
113.3600 113.3920 65
113.4880 113.5200 63
113.5520 113.8720 64
113.9040 114.8000 63
114.8320 115.8240 67
115.8560 117.0720 69
117.1040 117.2960 67
117.3280 117.7760 66
117.8080 119.3760 64
126.6400 126.8000 62
126.8320 126.8640 63
126.8960 127.1520 64
127.1840 127.7600 63
127.8880 128.1760 61
128.2080 129.8400 59
131.3440 131.9840 56
132.0160 132.1440 59
132.2720 133.2320 59
133.2640 133.2960 57
133.5200 133.8080 53
134.9280 135.0240 56
135.0560 135.2800 57
135.3120 135.4080 56
135.4400 135.5040 57
135.5360 135.6960 59
135.8240 135.9520 58
135.9840 136.4640 59
136.6240 137.0080 59
137.1680 137.3600 64
137.3920 137.3920 60
137.8080 137.8400 53
138.0640 138.1280 53
138.1600 138.4480 56
138.4800 138.7360 57
138.7680 139.0880 56
139.1200 139.2800 55
139.3120 139.4400 56
139.4720 139.5040 55
139.5360 140.1120 54
141.2960 141.3600 53
141.3920 141.4560 55
141.5840 141.7440 56
141.7760 142.1600 54
142.6720 142.7040 53
142.8640 143.0240 53
143.2800 143.5040 53
143.5360 143.6320 56
143.6640 144.0800 59
144.1120 144.5280 56
144.5600 144.5920 59
144.6240 144.7520 63
144.9120 145.3600 63
145.3920 145.7120 66
145.7440 146.1280 64
146.1600 146.3200 63
146.3520 148.3360 64
149.0080 149.2000 54
149.2320 149.5840 56
149.6160 150.6400 57
150.6720 150.9280 59
150.9600 151.0560 64
151.0880 151.2160 59
151.2480 151.3760 61
151.5360 152.0480 59
152.5280 152.5920 57
152.6240 153.1360 59
153.1680 153.7760 61
153.9360 154.1280 61
154.2560 154.4480 63
154.5760 154.7040 63
154.7360 155.0240 64
155.0560 155.2160 65
155.2480 157.1680 66
157.3920 157.4880 66
157.5200 157.5520 67
157.5840 157.8080 68
157.8400 158.2880 69
158.3200 161.2000 71
161.3600 161.3920 70
161.4240 161.6480 71
161.8080 161.8400 70
161.8720 162.0320 71
162.0640 162.9920 69
163.0240 163.3120 68
163.3440 164.1440 66
164.1760 164.2720 65
164.4000 164.4320 61
164.4640 164.5280 62
164.5600 164.7520 63
164.8800 164.9440 62
164.9760 165.0720 61
165.1040 165.1680 59
165.2320 165.2640 58
165.2960 165.4240 57
165.4560 165.4880 58
165.5200 165.7760 59
165.8080 166.1280 61
166.1600 166.2240 62
166.2560 166.8320 63
166.8640 167.9200 64
168.8480 168.8480 62
168.8800 168.8800 65
168.9120 169.6480 68
169.6800 169.7760 67
169.8080 169.9680 68
170.0000 170.0960 66
170.1280 170.1600 65
170.1920 170.7040 64
170.7360 170.9600 67
170.9920 171.0880 65
171.3120 171.3760 66
171.4080 171.4400 67
171.4720 171.8240 68
171.8560 171.9200 67
171.9520 172.3040 69
172.3360 172.5600 70
172.5920 173.4880 71
173.5200 173.6480 69
173.6800 173.8720 68
173.9040 174.3520 69
174.3840 175.0880 71
175.2800 175.4400 67
175.4720 176.0800 71
176.1120 176.1760 68
176.2080 176.4960 69
176.5280 176.5920 67
176.6240 177.3600 68
177.3920 178.1920 66
178.2240 178.4480 68
178.4800 178.7040 67
178.7360 178.9600 68
178.9920 179.0240 67
179.0560 179.7280 66
179.8880 180.0480 66
180.0800 180.1760 67
180.2080 181.5840 68
181.6160 181.6480 67
181.6800 181.7120 65
181.8400 182.0000 65
182.1600 182.2560 64
182.9600 182.9600 65
182.9920 184.1440 68
184.2720 184.4960 69
184.6560 186.6080 66
187.4080 187.7920 64
187.9840 189.0400 63
189.0720 189.2000 66
189.2320 189.6160 64
189.7440 189.8720 64
189.9040 190.3200 67
190.3520 190.8320 66
190.8640 191.4400 67
191.6320 193.3280 66
193.3600 193.4240 64
193.4560 193.8080 65
193.8400 194.2880 64
212.0480 212.1440 66
212.1760 212.2080 67
212.2400 212.4640 68
212.4960 212.9440 69
212.9760 214.2240 71
214.3520 214.8960 59
215.0880 215.2480 71
215.4080 215.5680 71
215.7280 215.7920 65
215.8240 215.8880 67
216.0160 216.0160 68
216.0480 216.3040 71
216.4640 216.4960 70
216.5280 216.6560 71
216.6880 217.5520 69
217.5840 217.9360 68
217.9680 218.7360 66
218.7680 218.9280 64
218.9600 219.2160 62
219.2480 219.4720 63
219.5040 219.7280 62
219.9520 220.2400 57
220.2720 220.4960 59
220.5280 220.8800 61
220.9120 221.4880 63
221.5200 221.9360 64
221.9680 222.0640 61
222.0960 222.6400 59
223.2800 223.3440 66
223.5680 223.5680 65
223.6000 224.6240 68
224.6560 224.7520 71
224.7840 225.0080 66
225.0400 225.2960 64
225.3280 225.4560 65
225.4880 225.6160 67
225.6480 225.6480 65
225.9360 226.1280 66
226.1600 226.4480 68
226.5760 227.2480 69
227.2800 228.1440 71
228.1760 228.3040 69
228.3360 228.5280 68
228.5600 228.9760 69
229.0080 229.4560 71
229.5840 229.8400 59
229.8720 230.0000 63
230.0320 230.1280 67
230.1600 230.1600 69
230.1920 230.7360 71
230.8640 231.1520 69
231.1840 231.2800 66
231.3120 232.0480 68
232.0800 232.8800 66
232.9120 233.1360 67
233.2960 233.3920 67
233.4240 233.7120 68
233.7440 234.3840 66
234.5120 234.5440 66
234.5760 234.7040 67
234.7360 237.1360 68
237.1680 237.3920 67
237.6800 238.4800 68
238.5120 238.5760 66
238.6080 238.8640 68
238.9920 239.1840 69
239.2160 239.2160 66
239.3440 242.7040 66
242.7360 242.8960 64
243.7920 243.9520 63
243.9840 244.2400 64
244.2720 245.2320 63
245.2640 245.3600 65
245.3920 245.5840 66
245.6160 245.7760 67
245.9680 245.9680 66
246.5760 246.8320 67
246.8960 247.0880 64
247.3440 247.3440 64
247.8240 248.5280 64
248.5600 248.8800 66
249.0080 251.0560 64
