3.5680 3.6960 64
3.7280 3.8560 65
3.8880 6.0640 66
6.4480 7.2160 68
7.2480 7.5040 67
7.6640 7.7600 67
14.4160 14.6080 58
14.6400 15.2800 59
15.3120 15.3760 58
15.4080 15.6320 54
15.6640 15.7280 57
15.7600 15.7920 59
15.8240 15.8560 60
15.8880 16.0800 61
16.1120 16.2400 59
16.3680 16.5920 58
16.6240 17.1680 56
17.2000 17.5520 59
17.8400 17.8720 57
17.9040 18.0320 58
18.0640 18.6400 59
18.6720 18.7040 58
18.8320 18.9920 54
19.0240 19.0240 56
19.0560 19.1840 59
19.2160 19.4080 61
19.4400 19.6640 59
19.6960 20.1120 61
20.1440 20.1760 62
20.2080 20.4000 63
20.4320 20.4320 61
20.4640 20.5600 59
20.7520 21.9360 59
23.2160 23.2480 55
23.2800 23.5360 56
23.5680 23.7920 58
23.8240 23.9840 59
24.0160 24.2400 58
24.2720 24.6240 59
24.6560 25.5840 58
25.6160 25.6800 57
25.7120 25.8720 54
25.9040 25.9360 55
25.9680 26.2560 56
26.2880 26.4480 54
26.5440 26.9920 54
27.0240 27.2800 53
27.7280 27.8240 57
27.8560 28.0160 58
28.0480 28.6240 59
28.8160 28.9440 54
28.9760 29.0080 55
29.0400 29.2320 59
29.2640 29.4240 61
29.4560 29.6480 59
29.6800 30.2880 58
30.3200 30.8640 59
31.0880 31.2480 66
31.2800 31.2800 64
31.3120 31.3120 62
31.3440 31.6640 59
31.6960 31.7280 60
31.7600 31.7600 63
31.7920 31.9520 65
31.9840 32.1440 66
32.1760 32.7200 64
32.7520 32.9440 63
32.9760 33.0080 62
33.1040 33.6160 61
33.6480 33.8400 62
33.8720 34.1920 59
34.4800 34.8000 59
34.8320 35.1840 54
35.2160 35.4080 57
35.4400 35.6000 59
35.7280 36.0480 58
36.0800 36.1760 59
36.2080 36.3040 60
36.3360 36.5280 61
36.5600 37.3280 59
37.3600 37.5520 63
37.5840 37.8400 64
37.9680 38.1280 63
38.1600 38.4480 59
38.6080 39.2800 59
39.8240 40.0160 56
40.2080 40.5600 59
40.5920 40.7840 62
40.8160 40.8480 63
40.8800 41.2320 64
41.2640 41.6160 63
41.6480 41.6480 61
41.6800 41.8080 58
41.8400 42.2240 59
42.3840 42.4800 56
42.5120 42.6400 57
42.6720 42.9280 59
42.9600 43.0880 61
43.2480 43.4400 60
43.4720 45.2320 61
46.1280 46.6080 59
46.6400 46.7360 58
46.7680 47.1520 54
47.3440 47.6000 62
47.6320 48.3680 64
48.4000 49.4560 63
49.6800 49.8080 66
49.8400 49.9360 65
49.9680 50.0000 64
50.0320 50.1600 63
50.1920 50.2560 62
50.2880 50.4160 61
50.4480 50.9280 59
50.9600 51.7280 61
51.7600 51.9200 63
51.9520 52.0800 64
52.1120 52.8800 63
52.9440 52.9440 62
53.0400 53.1680 61
53.2000 53.2320 62
53.2640 53.4560 63
53.4880 53.6800 61
53.7120 53.8400 59
53.8720 54.1280 58
54.1600 54.3520 61
54.3840 54.8960 59
55.2480 55.4400 57
55.4720 55.5680 59
55.7280 56.2080 58
56.3680 56.5280 61
56.5600 56.6880 63
56.7200 56.7520 61
56.7840 57.1040 58
57.1360 57.6480 54
57.6800 58.2560 56
58.4480 58.6720 54
58.7040 58.8960 56
58.9280 59.5040 54
59.7280 59.8880 54
59.9200 59.9520 55
59.9840 60.0160 58
60.0480 60.3040 59
60.3360 60.4320 61
60.4640 60.9440 62
60.9760 61.5840 64
61.6160 61.7120 68
61.7440 61.9040 64
61.9360 61.9680 65
62.0000 62.1280 66
62.1600 62.8960 63
63.0560 63.1840 66
63.2160 63.3440 65
63.3760 63.4080 64
63.4400 63.5360 63
63.6640 63.7920 61
63.8240 63.9840 59
64.0160 64.2080 56
64.2400 64.4640 58
64.4960 64.5920 59
64.6240 64.6560 60
64.6880 65.0080 61
65.1360 65.2960 62
65.3280 65.4880 64
65.5200 66.1280 63
66.3840 66.5760 61
66.6080 66.7680 62
66.8000 66.8640 61
66.8960 66.9280 60
66.9600 67.1200 59
67.1520 67.3120 58
67.3440 68.2080 59
68.6560 68.6880 56
68.7200 68.8160 58
68.8480 69.0400 59
69.0720 69.5200 58
69.5520 69.5840 59
69.6160 70.0640 63
70.0960 70.1920 64
70.2240 70.2560 65
70.2880 70.4480 66
70.4800 71.4080 64
71.4400 71.5680 63
71.6000 71.8240 59
71.9840 72.8480 59
73.6800 73.8400 56
73.8720 74.0320 58
74.0640 74.9920 59
75.6960 75.8560 59
75.8880 75.9200 60
75.9520 76.3360 61
76.4960 76.6560 63
76.6880 76.6880 61
76.7200 77.1360 58
77.3280 77.4560 61
77.4880 79.2160 59
80.8160 81.3600 58
81.3920 82.0320 59
82.0640 82.0960 57
82.1280 82.3520 54
82.3840 82.3840 56
82.4160 82.5760 59
82.6080 82.8000 60
82.8320 83.0880 59
83.1200 83.4400 58
83.4720 83.7600 55
83.7920 84.2720 59
84.4640 84.6560 58
84.6880 85.3280 59
85.5520 85.6480 53
85.6800 85.7120 56
85.7440 85.9360 59
85.9680 86.0960 61
86.1280 86.3520 59
86.3840 86.8000 61
86.8320 86.9920 63
87.0240 87.0240 61
87.0560 87.2160 59
87.2480 87.3120 61
87.3440 87.3760 60
87.4080 89.0400 59
89.9360 90.1280 56
90.2560 90.3840 58
90.4160 90.6400 59
90.7680 90.9920 58
91.0240 91.3440 59
91.3760 92.1760 58
92.4320 92.5600 54
92.5920 93.0080 56
93.0400 93.2000 54
93.2320 93.4240 52
93.4560 93.7440 54
93.7760 94.1920 55
94.4480 94.5440 58
94.5760 95.2480 59
95.4720 95.6640 54
95.6960 95.8560 59
95.8880 96.0800 61
96.1120 96.2720 59
96.3040 96.5920 58
96.7200 96.8480 57
96.8800 97.5200 59
97.7440 97.9360 66
97.9680 98.3200 59
98.3520 98.3840 62
98.4160 98.5760 65
98.6080 98.8000 66
98.8320 99.3440 64
99.3760 99.4400 62
99.4720 99.6320 63
99.7920 100.2400 61
100.2720 100.3040 62
100.3360 100.5600 63
100.5920 100.6240 62
100.6560 100.7200 61
100.7520 101.0400 59
101.2960 101.4880 59
101.5200 101.5200 57
101.5520 101.7440 54
101.7760 101.8080 55
101.8400 101.8720 56
101.9040 102.0000 57
102.0320 102.3200 59
102.3520 102.8000 58
102.8320 103.0560 59
103.0880 103.2800 61
103.3120 103.8560 59
104.0480 104.2720 62
104.3040 104.5600 64
104.7200 104.8800 63
104.9120 105.0720 59
105.3280 106.1600 59
106.5760 106.6080 54
106.6400 106.8000 56
106.9920 107.2800 59
107.3120 107.3760 60
107.4080 107.6000 62
107.6320 108.0160 64
108.0480 108.3040 63
108.3360 108.3680 61
108.4000 108.9120 59
109.1040 109.2960 57
109.3280 110.0960 59
110.1280 111.8240 61
112.8160 112.8480 57
112.8800 112.9760 58
113.0080 113.3280 59
113.3600 113.4240 58
113.4560 113.4880 56
113.5200 113.8080 54
113.8400 113.8720 53
114.1280 114.3200 63
114.3520 114.9600 64
114.9920 116.1760 63
116.3360 116.4640 66
116.4960 116.5280 65
116.5600 116.7200 64
116.7520 116.7840 62
116.8160 116.9120 63
116.9440 116.9760 62
117.0080 117.1360 61
117.1680 117.6160 59
117.6480 118.4480 61
118.4800 118.6400 63
118.6720 118.8000 64
118.8320 119.4720 63
119.5040 119.6960 67
119.7280 119.7600 66
119.7920 119.9200 62
119.9520 120.1120 63
120.1440 120.3360 61
120.3680 120.4640 59
120.4960 120.7200 58
120.8480 121.0400 61
121.0720 121.5840 59
121.9680 122.1600 57
122.1920 122.2880 59
122.4480 123.0240 58
123.1520 123.1840 61
123.2160 123.2480 62
123.2800 123.4080 63
123.4400 123.4720 60
123.5040 123.8240 58
123.8560 123.9840 53
124.0160 124.2720 54
124.3040 124.3680 55
124.4000 124.9760 56
125.1680 125.3920 54
125.4240 125.5840 56
125.6160 126.0320 54
126.3520 126.6400 54
126.6720 126.7680 58
126.8000 126.9600 59
126.9920 127.3120 61
127.3440 127.4400 62
127.4720 127.6000 63
127.6320 128.2720 64
128.3040 128.4320 68
128.4640 128.6560 65
128.6880 128.8480 66
128.8800 129.4880 63
129.6480 129.7120 64
129.7440 129.8720 66
129.9040 130.0640 64
130.0960 130.2240 63
130.3840 130.5120 61
130.5440 130.9600 59
130.9920 131.1200 58
131.1520 131.2160 59
131.2480 131.3120 60
131.3440 131.6000 61
131.7920 131.8240 62
131.8560 132.9440 63
133.0720 133.2320 62
133.2640 133.4240 63
133.4560 133.5840 61
133.6160 134.1280 59
134.2560 134.8320 59
135.3120 135.4400 58
135.4720 135.6960 59
135.7280 136.2720 58
136.3040 136.4320 62
136.4640 136.8160 63
136.8480 136.9760 64
137.0080 137.2000 66
137.2320 137.2960 67
137.3280 138.0640 64
138.0960 138.2240 63
138.2560 138.3200 58
138.3520 139.5360 59
139.5680 139.6960 58
140.3040 140.5280 56
140.5600 140.9760 58
141.0080 141.9680 59
142.4160 142.6080 59
142.6400 142.8960 61
142.9280 143.0240 62
143.0560 143.3760 63
143.4080 143.9200 58
144.0480 144.2720 61
144.3040 146.7040 59
146.7360 146.8960 58
147.9840 148.1440 58
148.1760 148.3360 59
148.4320 148.4640 66
148.4960 148.7200 64
148.7520 148.9760 66
149.0080 149.0080 61
149.0400 149.2640 59
149.2960 149.4240 61
149.4560 149.6160 59
149.7760 150.0960 61
150.1280 151.1200 63
151.1520 151.6000 59
151.6320 151.6960 65
151.7280 151.9840 62
152.0160 152.1120 64
152.1440 152.3040 63
152.4960 153.1680 59
153.2000 153.3920 61
153.4240 154.0960 59
154.1280 154.2880 58
154.6400 155.0560 59
155.0880 155.2160 64
155.2480 155.2800 65
155.3120 155.6000 66
155.6320 155.6320 63
155.6640 155.8880 59
155.9200 156.0480 61
156.0800 156.3040 59
156.4640 156.6560 61
156.6880 156.7840 62
156.8160 157.4240 63
157.4560 157.7120 64
157.7440 160.2400 59
161.6160 161.6800 59
161.7120 161.7120 61
161.7440 162.0000 65
162.0320 162.2880 66
162.3200 162.3200 62
162.3520 162.5440 59
162.5760 162.7680 61
162.9600 163.4080 61
163.4400 163.4720 62
163.5040 163.7920 63
163.8240 164.3360 64
164.3680 164.5920 63
164.6240 164.6240 61
164.6560 164.8160 59
164.8480 164.8800 63
164.9120 165.2640 64
165.2960 165.4560 63
165.4880 165.4880 61
165.5200 166.5120 59
166.5440 166.8640 61
167.0240 167.2160 59
167.2480 167.4400 62
167.4720 168.4320 64
168.7520 168.9440 62
168.9760 169.4560 64
169.7120 169.8720 58
169.9040 170.1280 59
170.1600 170.3200 61
170.3520 170.5760 59
170.6080 170.6400 60
170.6720 170.7040 61
170.7360 170.8960 62
170.9280 172.1760 63
172.2080 172.2400 62
172.2720 174.5440 61
176.2400 176.2720 57
176.3040 176.3360 58
176.3680 176.5920 59
176.6240 176.7200 58
176.7520 176.7840 56
176.8160 177.1360 54
177.4560 177.4880 62
177.5200 177.6480 63
177.6800 178.2880 64
178.3200 179.4720 63
179.7280 179.8560 66
179.8880 180.0160 64
180.0480 180.2080 63
180.2400 180.3040 62
180.3360 180.4320 61
180.4640 180.5920 60
180.6240 180.6880 61
180.7200 180.9440 59
180.9760 181.6480 61
181.8080 182.0320 62
182.0640 182.1920 64
182.2240 182.8960 63
182.9920 183.2480 62
183.2800 183.4400 63
183.4720 183.6320 61
183.6640 183.6960 60
183.7280 183.8240 59
183.8560 183.9840 58
184.1760 184.3360 61
184.3680 184.8800 59
185.2960 185.3920 57
185.4240 185.4560 58
185.4880 185.6160 59
185.8080 186.2240 58
186.2560 186.3840 59
186.4160 186.5120 61
186.5440 186.8000 62
186.8320 187.1200 58
187.1520 187.6000 54
187.6320 188.3040 56
188.4640 188.7200 54
188.7520 188.8800 56
188.9120 189.3920 54
189.7120 189.9680 54
190.0000 190.3200 58
190.3520 190.6720 61
190.7040 190.9600 62
190.9920 191.0880 63
191.1200 192.0160 64
192.0480 192.1760 66
192.2080 193.0400 63
193.0720 193.2000 66
193.2320 193.3600 64
193.3920 193.4240 63
193.4560 193.5520 62
193.6800 193.8400 61
193.8720 194.0640 59
194.0960 194.2240 57
194.2560 194.4480 58
194.4800 194.6080 59
194.6400 194.6720 60
194.7040 195.0560 61
195.0880 195.2800 62
195.3120 196.1760 63
196.4320 196.4960 61
196.5280 196.5920 62
196.6240 196.7840 63
196.8160 196.9760 61
197.0080 197.0720 59
197.1040 197.3600 58
197.3920 198.1920 59
198.6720 198.8320 57
198.8640 199.0240 59
199.0560 199.5360 58
199.5680 199.6000 59
199.6320 200.1120 63
200.1440 200.3360 66
200.3680 201.4560 64
201.4880 201.5840 62
201.6160 203.0880 59
203.6640 203.8240 56
203.8560 204.3360 58
204.3680 204.9120 59
205.7120 205.9360 59
205.9680 206.3520 61
206.5440 206.7040 63
206.7360 206.7360 61
206.7680 207.2800 58
207.4080 207.4720 62
207.5040 207.6000 61
207.7600 207.8560 63
207.9520 207.9840 63
208.5280 208.5280 56
208.5600 208.5600 59
208.5920 208.5920 56
208.6240 209.7760 59
210.2880 210.3520 55
210.3840 210.5120 56
210.5440 210.7360 58
210.7680 211.2480 59
211.2800 211.3440 58
211.5040 211.5680 56
212.0480 212.1440 60
212.3680 212.6880 59
212.7200 213.2000 61
213.2320 213.2640 62
213.2960 215.1520 63
215.4400 215.6960 58
215.8560 216.0800 61
216.1120 216.1120 60
216.1440 216.1440 59
216.1760 216.6880 58
216.7200 218.2880 59
