0.2080 0.4640 67
0.7200 4.6560 67
4.9120 5.2000 67
7.7600 7.9200 65
8.8800 8.9440 62
10.2560 10.3840 65
10.5760 10.5760 69
12.2720 12.5920 67
12.7200 12.9120 64
13.0400 13.4240 62
13.8400 13.9680 69
14.0960 16.9440 72
18.4160 18.4800 52
18.5120 18.7680 51
19.1200 19.1520 51
19.1840 19.3120 52
19.4400 19.5680 52
19.8560 20.0800 52
20.1120 20.1760 53
20.2080 20.2400 54
20.2720 20.3360 55
20.4640 20.5600 54
20.5920 20.6560 53
20.9120 21.0080 51
22.6400 22.8320 54
22.8640 23.4080 55
23.5680 23.9520 55
23.9840 24.1120 56
24.3040 24.4320 54
24.4640 24.4960 53
24.5280 24.6880 52
24.7200 24.9440 51
25.3920 26.4480 50
26.6080 26.6720 50
26.8320 26.9280 50
27.3120 27.3760 49
28.1440 28.2080 49
28.2400 28.3680 50
28.7520 28.8800 52
29.1680 29.2320 52
29.4560 29.5840 55
30.0320 30.2560 55
31.2160 31.2800 52
31.4080 31.6000 52
32.6560 33.3280 57
33.3600 34.5120 55
34.6400 34.7360 57
34.7680 35.0560 55
35.2480 35.3760 53
36.1440 36.3040 59
36.4960 36.6240 64
37.2960 37.3280 72
39.2800 39.3760 67
39.6320 39.7280 68
39.8560 40.1760 68
40.3680 40.5920 68
41.7760 41.8400 56
42.0000 42.2880 55
42.4800 42.5760 52
42.7360 42.8960 50
43.0560 43.3440 52
43.4400 43.5680 52
44.4640 44.9120 55
45.0720 45.2640 55
45.3920 45.5840 57
45.7120 45.9040 63
45.9360 46.1280 65
46.1600 46.3520 64
46.4160 46.6720 62
46.7040 46.8960 60
47.0880 49.3280 62
49.7760 49.9040 63
49.9360 50.0320 62
50.0640 50.7680 64
50.8000 50.8320 63
50.8640 50.9920 62
51.1520 51.3120 60
51.5040 51.7600 60
52.1760 52.3040 57
52.3360 52.4000 59
52.5280 52.5600 60
52.5920 52.8480 61
52.8800 53.0720 60
53.1040 53.1040 57
53.2320 53.3920 55
53.6480 53.6480 53
53.9680 54.0640 55
54.0960 54.2240 54
54.2560 54.3520 55
55.5680 56.0800 55
56.2400 56.4960 57
56.5280 56.7840 55
57.2960 57.5520 64
57.5840 57.6800 63
57.7120 57.7440 62
57.7760 57.8080 61
58.0640 58.1600 65
58.1920 58.4160 64
58.4480 60.1120 62
60.7200 60.9120 63
60.9440 61.7440 64
61.7760 61.9040 62
62.0640 62.2240 60
62.4480 62.7360 61
63.2160 63.5680 60
63.6000 63.6960 62
63.7280 63.9200 60
63.9520 64.0480 58
64.0800 64.1120 56
64.2400 64.3680 55
64.8160 65.1040 55
66.4480 66.7040 55
66.8320 66.9600 55
67.1520 67.2480 55
67.4080 67.5360 64
67.5680 67.8240 62
67.8560 68.2720 60
68.3040 68.8800 57
69.2960 69.4560 55
69.4880 69.6160 56
69.6480 69.6800 57
69.7120 69.7760 58
69.9040 75.4400 60
76.0480 76.1760 60
78.8000 79.1520 72
79.1840 79.9840 69
80.1120 82.2880 60
83.5680 83.7600 50
83.8880 84.2400 52
84.6880 84.8160 52
84.9440 85.0720 52
85.1040 85.1360 54
85.1680 85.2640 55
85.3920 85.5200 53
85.6480 85.8400 54
86.0000 86.1600 53
88.1120 88.8480 55
89.0400 89.4240 55
89.4560 89.5840 56
89.7760 89.9040 55
91.3120 91.6320 72
92.0160 92.0160 72
93.5520 93.8080 72
93.8720 93.8720 72
94.1600 94.2880 72
94.4480 94.5440 69
95.1520 95.2800 57
95.4720 95.7280 55
96.7840 96.8160 53
96.8480 96.9440 52
96.9760 97.0720 51
98.1920 98.6720 57
98.7040 98.8000 56
98.8320 99.9520 55
100.1120 100.2720 56
100.3040 100.4960 55
100.5280 100.5920 54
100.7200 100.8800 52
100.9120 101.0720 50
101.7760 101.8080 57
101.8400 101.9360 58
101.9680 102.0640 59
102.8000 102.8640 62
103.0240 103.0880 61
104.7200 104.8800 53
105.0400 105.1040 53
105.4880 105.5840 55
105.6160 105.6480 53
105.9680 106.0000 50
106.8960 106.9600 50
107.5680 107.7600 55
107.9840 108.0480 57
108.2400 108.2400 56
108.4640 108.5600 53
108.5920 108.8160 52
108.9440 109.1360 52
109.2320 109.2320 52
109.9680 110.0000 54
110.0320 110.3200 55
110.5440 110.7040 55
110.8640 111.1520 57
111.1840 111.3120 62
111.3440 111.7920 64
111.8880 112.0480 62
112.1760 112.4000 60
112.4320 112.4640 61
112.4960 114.8320 62
115.2160 115.4400 62
115.4720 116.1440 64
116.1760 116.3040 63
116.3360 116.4640 62
116.5920 116.7520 60
116.9440 117.2000 60
117.6160 117.7120 56
117.9680 118.4480 60
118.4800 118.5440 59
119.3440 119.6960 55
120.8480 121.5840 55
121.7440 121.8720 55
121.9040 121.9680 57
122.0000 122.0640 56
122.0960 122.2560 55
122.7360 122.9920 64
123.0240 123.0880 63
123.1200 123.3440 62
123.5040 123.8560 64
123.8880 125.4880 62
125.5200 125.5200 60
126.1600 126.3840 62
126.4160 127.0560 64
127.1840 127.3760 62
127.5360 127.6640 60
127.8560 128.0160 60
128.0480 128.1120 59
128.5920 128.6560 59
128.6880 128.9760 60
129.0080 129.0400 61
129.2320 129.3920 60
129.5520 129.7440 55
130.0000 130.0640 52
130.2880 130.5760 55
132.8160 132.9440 64
132.9760 133.2640 62
133.2960 133.6160 60
133.6480 133.6800 58
133.7120 134.1920 57
134.7040 134.9600 55
134.9920 135.0880 57
135.1200 135.2480 58
135.4080 137.0720 60
137.2640 137.3280 62
137.3600 137.4560 64
137.6160 137.9680 64
138.0000 138.2560 62
138.4160 138.5760 60
138.7680 138.9920 60
139.5040 139.5360 57
139.5680 139.6320 60
139.7600 140.3040 60
140.8480 141.0400 53
141.1360 141.3920 55
142.6400 143.1200 55
143.2480 143.3440 55
143.4720 143.6320 55
143.6640 143.7920 57
143.8240 144.0800 55
144.5600 144.7200 64
144.7520 144.9760 62
145.0080 145.1360 60
145.2960 145.7120 64
145.7440 147.1840 62
148.2400 149.0080 64
149.0400 149.0720 62
149.3280 149.4560 60
149.7120 149.9040 60
150.7680 150.8320 60
150.8640 150.9600 62
150.9920 151.0880 59
151.1200 151.2480 60
151.2800 151.3120 57
151.4080 151.6000 54
152.1120 152.4320 55
153.8080 153.9680 55
154.6720 154.7680 64
154.8000 155.0560 62
155.0880 155.5360 60
155.5680 156.1120 57
156.4000 156.4320 55
156.6240 156.7520 55
156.7840 157.0080 56
157.0400 157.1360 59
157.3280 158.9280 60
158.9600 159.0880 62
159.1200 159.1520 63
159.1840 159.2800 64
159.4720 159.7920 64
159.8240 159.9520 63
159.9840 160.0800 62
160.2400 160.3680 60
160.6240 160.8160 60
161.0080 161.1680 57
161.2960 161.3600 57
161.5840 161.6160 59
161.6480 162.1600 60
162.1920 162.3200 56
163.0240 163.3120 55
164.4960 165.2320 55
165.3920 165.9040 55
166.3520 166.7360 64
166.7680 166.9600 62
167.1520 167.5040 64
167.5360 169.1040 62
169.1360 169.4560 60
169.8400 169.9360 62
170.0320 170.0320 62
170.0640 170.1280 64
170.2880 170.8320 64
170.8640 170.8960 62
171.1520 171.3120 60
171.4720 171.7280 60
172.4960 172.7200 60
172.8800 173.0400 60
173.2000 173.4240 55
173.9680 174.2560 55
175.6320 175.7920 55
176.4640 176.5920 64
176.6240 176.8800 62
176.9120 177.2960 60
177.4240 177.9360 57
178.4160 178.5760 55
178.6080 178.8320 56
178.8640 178.8960 57
179.1520 185.1680 60
185.2000 185.4560 59
185.4880 185.9040 60
186.0960 186.7680 56
187.2480 187.7600 55
188.4320 191.5360 55
