21.9680 22.0320 50
22.1920 22.3520 48
22.3840 22.6080 50
22.6400 22.9600 53
23.1200 23.4720 53
23.6000 23.6960 53
23.7280 23.7600 52
23.9200 24.0480 50
24.0800 24.2400 51
24.3680 24.7840 52
26.0640 26.2560 52
26.2880 26.2880 57
26.3200 26.7040 60
26.8640 26.9280 60
26.9600 27.2160 61
27.2480 27.2800 60
27.9200 28.1440 54
28.3680 28.5280 53
28.7520 28.8800 54
30.3520 30.6080 56
30.6400 30.6720 57
30.7040 30.8000 58
30.8320 30.8640 57
30.8960 30.9920 56
31.3760 31.7280 58
31.7600 31.7920 57
31.8240 31.9520 56
31.9840 32.1760 54
32.3360 32.4000 54
32.4320 32.5920 53
33.2640 33.3280 51
33.3600 33.4560 52
33.4880 33.5520 53
33.5840 33.8080 54
33.8400 33.9360 53
33.9680 34.1920 51
34.3200 34.3520 50
34.3840 34.6080 51
35.5680 35.6000 48
35.6320 36.0480 49
36.2400 36.5920 48
37.6800 37.7760 49
37.9040 38.0000 50
38.1280 38.3200 51
38.5760 39.2160 53
39.2480 39.2800 51
39.3120 39.4720 49
39.5040 39.5360 50
39.5680 39.6960 51
39.8240 40.0160 53
40.0480 40.3680 52
41.7440 41.8720 61
42.0320 42.0960 60
42.1280 42.2560 59
42.2880 42.5760 60
42.6080 42.7680 61
42.9600 42.9920 60
43.0240 43.2480 61
43.4400 43.6000 54
43.8880 44.1440 53
44.2720 44.4640 54
44.4960 44.6240 53
45.3280 45.5520 58
45.5840 45.9680 59
46.0000 46.0320 60
46.0640 46.1920 61
46.3840 46.7040 61
46.8640 47.2800 61
47.3120 47.3440 62
47.3760 47.4720 63
47.6320 47.7920 61
47.8240 47.8880 59
47.9200 48.8160 60
48.8480 48.8480 58
49.0720 49.1680 52
49.2000 49.4560 53
49.6160 50.0000 57
50.4160 51.2480 58
51.2800 51.7280 57
53.5840 53.7440 59
53.7760 53.9360 60
53.9680 54.8000 61
54.8320 54.9600 60
54.9920 55.3120 61
55.3440 55.4720 60
55.5040 55.8240 58
56.5280 56.8480 58
56.8800 56.9120 59
56.9440 57.2320 60
57.4880 57.8720 61
58.1600 58.5440 52
58.6720 58.7680 53
59.1840 59.2480 60
61.2960 61.7120 59
61.7440 62.4480 61
62.4800 62.7360 60
62.7680 63.0560 61
63.0880 63.1840 60
63.2160 63.3120 58
63.3440 63.5680 57
63.9840 64.0800 60
64.3040 64.6240 61
64.6560 64.6880 62
64.7200 65.2320 63
65.2640 65.4560 65
65.4880 65.7440 66
65.7760 70.6080 65
70.6400 70.7360 64
70.7680 71.1200 65
71.1520 71.1840 64
72.4320 72.4320 55
72.4640 72.5600 57
72.6880 72.7200 59
72.7520 72.9120 60
72.9440 73.0720 61
73.1040 73.1360 59
73.1680 73.2320 58
73.4560 73.8080 58
73.8400 73.8400 60
73.8720 73.9040 63
73.9360 74.0000 64
74.0320 74.3200 65
74.3520 74.5120 66
74.5440 74.5760 65
74.7040 74.7680 64
74.8000 75.7280 63
75.7600 75.9840 62
76.3360 76.4320 60
76.5600 76.6560 61
76.6880 76.7840 62
76.8160 76.9120 63
76.9440 77.0080 62
77.0400 77.1040 59
77.4240 77.6160 53
77.8080 77.9360 62
77.9680 78.0960 63
78.2560 78.5440 65
78.5760 78.7040 63
78.7360 79.6640 61
79.6960 79.7920 60
80.2080 80.3360 58
80.4640 80.5600 60
80.7520 80.8800 61
80.9120 81.3600 60
81.3920 81.7440 61
81.9360 82.0960 61
82.1280 82.2240 63
82.2560 82.2880 62
82.3200 82.4800 61
82.6080 82.7360 60
82.7680 82.9280 58
83.1200 83.2160 58
83.2480 83.3120 57
83.3440 83.4080 55
83.4400 83.6000 56
84.3040 84.4960 56
84.5280 84.5280 58
84.5600 84.5600 60
84.5920 84.5920 62
84.6240 84.7200 65
84.7520 85.7120 66
85.7440 85.9680 65
86.0000 86.1280 63
86.3200 86.5120 66
86.5440 87.3440 65
87.3760 87.4080 64
87.4400 87.5680 63
87.8880 88.1120 58
88.1440 88.3360 60
88.3680 88.5600 61
88.5920 88.7200 58
88.9120 88.9760 57
89.0080 89.2640 58
89.2960 89.3280 61
89.3600 89.3920 63
89.4240 89.4880 64
89.5200 89.8400 65
89.8720 90.0640 66
90.1920 90.2880 65
90.3200 91.1840 63
91.2160 91.4400 62
91.7600 91.8880 60
92.0160 92.2080 61
92.2400 92.2720 62
92.3040 92.4000 63
92.4320 92.4960 62
92.5280 92.5600 60
92.8480 93.1360 53
93.2960 93.3600 61
93.3920 93.4240 62
93.4560 93.5840 63
93.7440 94.0320 65
94.0640 94.0960 63
94.1280 94.1920 62
94.2240 95.0560 61
95.0880 95.1840 60
95.6960 95.7920 57
95.8240 95.8880 58
95.9200 96.1120 60
96.1440 96.3680 61
96.4000 96.9120 60
96.9440 97.0080 62
97.0400 97.3600 61
97.3920 97.4240 62
97.4560 97.7120 63
97.8720 98.1280 65
98.1600 98.2560 63
98.2880 98.3200 62
98.3520 98.6400 61
99.0880 99.4080 58
99.6320 100.1120 53
100.4320 100.7520 58
100.9760 102.0640 58
102.0960 102.5120 57
117.8400 117.9040 65
118.0320 118.4480 65
118.5760 118.8320 65
134.4480 134.6080 49
134.6400 134.7360 50
134.7680 134.8640 51
134.8960 135.1840 53
135.3440 135.7280 53
135.8880 136.0160 53
136.0480 136.2720 50
136.3040 136.5600 51
136.5920 137.1680 52
138.2880 138.3840 53
138.5120 138.5120 59
138.5440 138.6720 61
138.7040 138.9600 60
139.2800 139.8880 60
140.2080 140.4640 54
140.6560 140.8480 53
141.0400 141.2640 54
141.2960 141.5520 53
142.5440 142.8640 56
142.8960 142.9280 57
142.9600 143.0560 58
143.0880 143.2800 56
143.5680 144.0160 58
144.0480 144.2080 56
144.2400 144.4320 54
144.5920 144.9440 53
145.5200 145.7120 53
145.7440 145.9360 54
145.9680 146.0960 55
146.1280 146.1920 53
146.2240 146.4480 51
146.5760 146.7040 50
146.7360 146.9600 51
147.7920 147.8560 49
147.8880 148.1440 50
148.1760 148.3040 49
148.4960 148.5920 49
148.6240 148.8160 48
148.9440 149.0080 49
149.9360 150.0000 48
150.1280 150.2240 50
150.3840 150.5760 51
150.6080 150.8000 52
150.8640 151.2160 53
151.3760 151.4720 53
151.5040 151.5680 52
151.6000 151.6960 48
151.7280 151.7600 49
151.7920 151.8560 50
151.8880 152.0160 51
152.0480 152.3360 52
152.3680 152.4000 51
152.4320 152.4640 50
152.5280 152.5280 50
154.0000 154.1280 61
154.2560 154.8000 60
154.8320 155.0240 61
155.2160 155.2800 62
155.3120 155.5040 61
155.5360 155.5360 59
155.6960 155.8560 54
156.1760 156.4640 53
156.4960 156.9120 54
157.6160 157.8400 58
157.8720 158.3200 60
158.3520 158.4480 61
158.6720 158.7040 60
158.7360 158.9600 61
159.1200 159.6000 61
159.6320 159.7600 63
159.8880 159.9840 61
160.0160 160.4000 60
160.4320 160.6560 59
160.6880 161.1360 60
161.3280 161.3600 52
161.3920 161.7120 53
161.8720 162.2240 57
162.6080 163.0240 58
163.0560 163.3440 57
163.3760 163.6960 58
163.7280 164.0800 57
164.1120 164.4640 58
165.8080 166.1920 59
166.2240 166.3520 60
166.3840 167.0240 61
167.0560 167.2800 60
167.3120 167.5680 61
167.6000 167.7600 60
167.7920 168.0800 58
168.7840 169.1040 58
169.1360 169.4240 60
169.4560 169.5840 59
169.8720 170.3520 61
170.3840 170.4800 60
170.5120 170.5440 55
170.5760 170.6080 53
170.6400 170.7040 52
170.7360 170.7680 50
170.8000 170.8640 49
171.0240 171.1200 48
171.4080 171.4720 48
173.6160 173.7120 59
173.7440 174.0960 60
174.1280 174.7680 61
174.8000 175.0240 60
175.0560 175.3120 61
175.3440 175.4080 60
175.4400 175.5040 59
175.5360 175.8880 57
176.2400 176.3360 60
176.5600 176.5920 60
176.6240 176.8800 61
176.9120 176.9440 62
176.9760 177.4560 63
177.4880 177.9680 66
178.0000 183.3440 65
183.3760 183.5040 64
183.7600 183.8240 65
183.8560 183.9200 66
184.6880 184.8160 57
184.9440 185.0400 59
185.0720 185.1680 60
185.2000 185.2960 61
185.3280 185.4240 58
185.4560 185.4880 57
185.7120 186.0640 58
186.0960 186.0960 60
186.1280 186.1920 63
186.2240 186.2880 64
186.3200 186.4800 65
186.6080 186.8000 66
186.9600 187.0240 65
187.0560 187.8880 63
187.9200 188.1440 62
188.5600 188.7840 60
188.8160 189.0400 61
189.0720 189.1360 63
189.1680 189.2320 62
189.2640 189.2960 61
189.7440 189.8720 53
190.0640 190.1920 62
190.2240 190.3840 63
190.5120 190.8320 65
190.8640 190.9600 63
190.9920 191.8880 61
191.9200 192.0480 60
192.0800 192.1120 59
192.4000 192.5600 57
192.6880 192.7840 60
192.9440 193.1040 61
193.1360 193.5200 60
193.6480 194.0320 61
194.1920 194.3200 61
194.3520 194.5440 62
194.5760 194.8640 61
194.8960 195.0560 60
195.0880 195.2160 58
195.4080 195.4720 57
195.5040 195.5680 58
195.6000 195.6640 55
195.6960 195.8560 56
195.8880 195.9840 55
196.0160 196.0480 54
196.5600 196.7840 56
196.8160 196.8160 62
196.8480 196.9440 65
196.9760 198.0320 66
198.0640 198.2240 65
198.2560 198.3520 63
198.5440 198.7680 66
198.8000 199.4720 65
199.5040 199.6000 64
199.6320 199.7600 63
200.1760 200.3040 57
200.4320 200.6240 60
200.6560 200.8160 61
200.8480 200.9120 58
200.9440 200.9760 57
201.2000 201.5520 58
201.5840 201.5840 60
201.6160 201.7760 63
201.8080 202.1280 65
202.1600 202.2560 66
202.2880 202.3200 65
202.5120 202.5760 65
202.6080 203.4400 63
203.4720 203.6640 62
204.0480 204.0800 59
204.1120 204.2400 60
204.2720 204.4320 61
204.4640 204.5280 62
204.5600 204.6560 63
204.6880 204.7520 62
204.7840 204.8480 59
205.2320 205.3600 52
205.5520 205.6160 61
205.6480 205.6800 62
205.7120 206.0000 63
206.0320 206.3200 65
206.3520 206.4800 62
206.5120 207.2480 61
207.2800 207.5040 60
208.0160 208.1440 57
208.1760 208.3040 60
208.4320 208.5280 61
208.5600 209.2000 60
209.2320 209.6800 61
209.7120 210.0320 63
210.0640 210.0960 64
210.1280 210.3840 65
210.4160 210.4800 63
210.5120 210.5760 62
210.6080 210.8320 61
211.2800 211.6000 57
211.6320 211.7600 58
211.7920 211.7920 54
211.8240 211.9520 52
211.9840 212.2400 53
212.4320 212.4960 57
212.5280 212.8160 58
212.9440 213.5520 58
213.5840 214.2240 57
214.2560 214.3520 56
214.3840 214.4480 58
214.6080 214.7040 58
216.1440 216.1760 64
216.2080 216.3040 65
216.3360 217.3920 66
217.4240 217.5520 67
217.5840 217.8400 68
217.8720 218.0320 66
218.0640 218.1600 65
218.1920 218.2560 63
218.2880 218.9280 65
218.9600 218.9920 64
219.0240 219.1840 63
219.5040 219.6320 57
219.6640 219.6960 58
219.7280 219.9840 60
220.0160 220.1440 61
220.1760 220.3040 58
220.5280 220.9120 58
220.9440 220.9440 60
220.9760 221.0080 63
221.0400 221.3920 65
221.4240 221.5840 66
221.6160 221.8720 65
221.9040 222.7360 63
222.7680 222.9600 62
223.4400 223.6000 59
223.6320 223.6960 62
223.7280 223.8560 61
223.8880 224.0160 63
224.0480 224.1120 62
224.1440 224.1760 60
224.5600 224.6560 53
224.9120 225.0080 61
225.0400 225.2320 63
225.3920 225.7120 65
225.7440 225.8400 62
225.8720 226.6400 61
226.6720 226.7680 60
226.8000 226.8960 59
227.2800 227.4080 57
227.5360 227.6320 60
227.8240 227.9520 61
227.9840 228.0480 59
228.0800 228.4000 60
228.5280 228.5600 60
228.5920 228.8160 61
229.0400 229.1680 61
229.2000 229.3280 63
229.4560 229.6160 61
229.6480 229.8720 60
229.9040 230.0320 58
230.2240 230.3840 58
230.4160 230.5440 56
230.5760 230.6400 55
230.6720 230.8320 54
231.4080 231.5360 56
231.5680 231.6000 57
231.6320 231.6320 59
231.6640 231.6640 62
231.6960 231.7920 65
231.8240 232.7520 66
232.8800 233.0400 65
233.0720 233.2000 63
233.3920 233.5840 66
233.6160 234.2240 65
234.2560 234.3200 64
234.3520 234.5440 63
234.5760 234.6080 64
234.6400 234.7680 65
234.8000 234.8320 62
234.8640 234.9280 59
234.9600 235.1200 58
235.2800 235.4400 60
235.4720 235.6640 61
235.6960 235.7920 59
236.0160 236.4000 58
236.4320 236.5600 62
236.5920 236.8160 65
236.9440 237.1360 65
237.2960 237.3920 65
237.4240 238.1920 63
238.2240 238.4480 62
238.7360 238.8000 58
238.8320 238.8640 59
238.8960 239.1200 60
239.1520 239.2800 61
239.3120 239.3440 62
239.3760 239.5680 63
239.6000 239.6320 61
240.4000 240.4320 61
240.4640 240.6880 63
240.8800 241.1360 65
241.1680 241.2320 63
241.2640 241.2960 62
241.3280 242.1600 61
242.1920 242.3200 60
242.3520 242.3840 61
242.8000 242.9280 57
242.9600 242.9920 59
243.0240 243.1200 60
243.2480 243.3760 61
243.4080 243.9520 60
243.9840 244.4000 61
244.4320 244.4960 62
244.5280 244.8480 63
244.9440 244.9760 63
245.0080 245.2000 65
245.2320 245.3920 63
245.4240 245.5520 61
245.5840 245.6800 60
246.1600 246.5440 58
246.7360 247.2480 53
247.5360 248.8160 58
250.5440 250.7360 58
250.7680 250.8640 61
251.0240 251.2480 61
251.2800 251.6640 60
251.6960 252.0800 61
252.4320 252.7200 63
252.8480 252.9760 65
253.0080 253.2000 63
253.2320 253.6160 61
254.0320 254.3200 58
254.7680 254.9600 52
254.9920 255.1200 53
255.1520 255.2160 57
255.3760 255.7280 58
255.9200 258.0640 58
