5.2000 5.2960 57
22.8640 22.9280 58
22.9600 23.3440 59
23.5680 23.8880 60
23.9200 24.0800 59
24.1120 24.3680 58
24.6560 25.4240 57
25.4560 25.4880 56
25.5200 25.8400 55
26.4800 26.5440 54
26.5760 26.6720 55
26.7040 26.8320 54
26.8640 27.1200 55
27.1520 27.2480 56
27.2800 27.3440 57
27.3760 27.3760 59
27.4080 27.4080 61
27.4400 27.5040 63
27.5360 27.8560 64
27.8880 27.9200 63
28.0480 28.2720 62
28.3040 29.1040 63
32.5280 32.5920 58
32.6240 32.8160 59
32.8480 32.9440 60
32.9760 33.0080 59
33.2000 33.2640 59
33.2960 33.6160 60
33.6480 33.7760 59
33.8080 33.9040 58
34.3200 34.6080 58
34.6400 35.1520 57
35.1840 35.2480 56
35.2800 35.6640 55
36.1440 36.4960 54
36.5280 36.7840 55
36.8160 37.0080 57
37.0400 37.0400 61
37.0720 37.4880 64
37.5200 38.1280 63
38.1600 38.9920 64
40.9760 41.2640 59
41.2960 41.6160 62
41.6480 42.0320 63
42.0640 42.1600 62
42.1920 42.3520 60
42.5120 42.7040 60
42.7360 43.4080 62
43.4400 43.6960 63
43.7280 43.7280 59
43.7600 43.9840 55
44.0160 44.1440 57
44.1760 44.7200 55
44.7520 44.8800 54
45.8400 46.4480 55
46.4800 46.5440 56
46.5760 46.7680 57
46.8000 47.4720 59
47.5040 47.5680 58
47.6000 48.1120 57
48.2400 48.2720 62
48.3040 48.5920 64
48.6240 48.6560 63
48.6880 49.1360 62
49.1680 49.7440 63
50.7040 50.8960 59
50.9280 50.9600 60
50.9920 51.1840 62
51.2160 51.3120 60
51.3440 51.8240 62
51.8560 52.1120 59
52.1440 52.4000 60
52.4320 53.0400 62
53.1360 53.3280 64
53.3600 53.3600 60
53.3920 53.9360 56
53.9680 54.3520 55
55.7920 56.2720 64
56.3040 56.6240 67
56.6560 56.9760 65
57.0080 57.4240 63
57.4560 57.9040 64
57.9360 58.2560 65
58.2880 58.5760 64
58.6080 58.6400 63
58.6720 59.3760 62
59.7600 59.8560 68
59.8880 60.0160 69
60.0480 60.2720 64
60.4000 60.5280 69
60.7200 61.2320 69
61.2640 61.2960 67
61.3280 62.1600 64
62.1920 62.2880 66
62.3200 62.7680 67
62.8000 62.9600 65
62.9920 63.1520 64
63.1840 64.6240 62
64.6560 65.0080 63
65.1680 65.3920 59
65.5200 65.5840 58
65.6160 65.9040 59
65.9360 66.1280 58
66.1600 66.9920 59
67.0240 67.7280 60
68.3040 68.4000 60
68.4320 68.5280 61
68.5600 68.8160 62
68.8480 68.9120 63
69.1040 69.2960 65
69.4560 69.7120 69
69.7440 69.7440 67
69.7760 70.0320 64
70.4160 70.8960 69
70.9280 70.9600 67
70.9920 71.0240 65
71.4080 71.5040 64
71.6320 71.7600 64
71.8560 71.8880 65
71.9200 72.3680 67
72.4960 72.7200 69
72.7520 72.7840 65
72.8160 72.8480 63
72.8800 74.7680 62
75.0240 75.6640 59
75.6960 75.9520 60
76.1120 76.5920 60
76.6240 77.1680 59
77.2000 77.2640 60
84.3680 84.5920 65
92.9120 92.9760 68
93.2960 93.6480 67
110.0320 110.3840 59
110.4160 110.8000 60
110.8320 111.4720 59
111.5040 111.7920 58
111.8240 112.2720 57
112.4000 112.6240 56
112.6560 113.0080 55
113.6800 114.2880 55
114.3200 114.3520 56
114.3840 114.5440 57
114.5760 114.7040 63
114.7360 114.8960 64
114.9280 115.1520 63
115.1840 115.4400 62
115.4720 116.2080 63
119.6640 119.6960 58
119.7280 119.7600 59
119.7920 120.0800 60
120.1120 120.1440 59
120.3040 120.5280 60
120.5600 120.7200 59
120.8800 121.0400 60
121.2320 121.4560 60
121.4880 121.7760 62
121.8080 122.4480 59
122.4800 122.7040 57
122.7360 123.1840 54
123.3120 123.9200 55
123.9520 124.2400 57
124.2720 125.1360 63
125.1680 125.5200 64
125.5520 125.9680 63
126.0000 126.0320 62
126.0640 126.0960 61
126.1280 126.4160 60
126.4480 126.4800 61
126.5120 127.0880 62
128.1440 128.4000 59
128.4320 128.6240 62
128.6560 128.7200 60
128.7520 128.8800 62
128.9120 129.1360 63
129.1680 129.3280 62
129.3600 129.3920 61
129.4240 129.4880 60
129.6480 129.7440 60
129.7760 129.8080 61
129.8400 130.5120 62
130.5440 130.7680 63
130.8000 130.8640 59
130.8960 131.3440 57
131.3760 131.4720 56
131.5040 131.9200 55
132.9760 133.5840 55
133.6160 133.7440 56
133.7760 133.9360 57
133.9680 134.0960 59
134.1280 134.5440 60
134.5760 134.6080 59
134.6400 134.7360 58
134.7680 135.2800 57
135.4400 135.4400 62
135.4720 135.8240 64
135.8560 136.3360 62
136.3680 136.9120 63
137.8720 138.1280 60
138.1600 138.5120 62
138.5440 138.8000 63
138.8320 138.9600 62
138.9920 139.5360 60
139.5680 140.2720 62
140.3040 140.4960 63
140.5280 140.5600 60
140.5920 140.7840 55
140.8160 141.1040 57
141.1360 141.7120 55
142.9600 143.3760 64
143.4080 143.7920 67
143.8240 144.0800 65
144.1760 144.3040 63
144.3360 144.9440 64
144.9760 145.0400 63
145.0720 145.3920 65
145.4240 145.7440 64
145.7760 145.9680 62
146.0000 146.5440 61
146.8640 146.8640 65
146.8960 147.1520 69
147.1840 147.4080 64
147.8560 147.8880 67
147.9200 148.2720 69
148.3040 148.4000 68
148.4320 148.5280 65
148.5600 148.6240 66
148.6560 148.6880 68
148.7200 149.2640 69
149.2960 149.4240 66
149.4560 149.8720 67
149.9680 150.1600 69
150.1920 150.3520 64
150.3840 151.7600 62
151.7920 152.0480 63
152.2720 152.3040 61
152.3360 152.4320 60
152.4640 152.5600 59
152.6880 153.2960 59
153.3280 154.0640 60
154.1920 154.4160 60
154.5760 154.6720 59
154.8640 154.9600 60
155.4080 155.6320 60
155.6640 155.6960 61
155.7280 155.9840 62
156.0160 156.0800 63
156.1120 156.2400 64
156.2720 156.5600 65
156.5920 156.6560 67
156.6880 156.8480 69
156.8800 156.8800 67
156.9120 157.1680 64
157.2960 157.3920 69
157.5520 157.5840 67
157.6160 157.6800 68
157.7120 157.9680 69
158.0000 158.3840 68
158.6080 158.9600 69
158.9920 159.6320 67
159.6640 159.7600 69
159.7920 159.8880 68
159.9200 159.9520 65
159.9840 161.1040 62
161.4880 161.6800 63
161.7120 161.9680 62
162.1280 162.5760 59
162.7040 162.9920 59
163.0240 164.1120 60
164.1440 164.6880 59
165.0720 165.2640 60
166.1600 166.2880 65
166.3200 166.5440 69
166.5760 166.6400 65
166.6720 166.8320 64
167.2480 167.6320 69
167.6640 167.7280 67
167.7600 167.8560 64
167.8880 167.9840 61
168.0160 168.2080 59
168.6240 168.6560 62
168.6880 168.7840 65
168.8160 169.2000 67
169.3920 169.5520 69
169.5840 169.7120 64
169.7440 169.8080 62
169.9360 170.3200 62
170.4480 171.2160 62
171.2480 171.4080 64
171.4400 171.5040 62
171.6960 171.9200 59
172.0800 172.9760 59
173.0080 174.1280 60
174.8640 175.0240 60
175.0560 175.1200 61
175.1520 175.3440 62
175.3760 175.4400 63
175.4720 175.6000 64
175.6320 175.7920 65
175.9520 175.9840 66
176.0160 176.0800 67
176.1120 176.3360 68
176.3680 176.7200 65
176.9120 176.9120 65
176.9440 177.0720 68
177.1040 178.2240 69
178.3520 178.9920 67
179.0240 179.1840 68
179.2160 179.4080 64
179.4400 180.2400 62
180.3360 180.3680 62
180.8480 181.3280 62
181.4880 181.9680 59
182.0960 182.1920 59
182.3520 182.4800 60
182.6080 184.1440 60
184.1760 184.6560 59
185.3280 185.5200 65
205.0080 205.1040 67
205.1360 205.3280 68
205.3600 205.4240 65
205.4560 205.6160 64
205.7440 205.7440 69
205.9680 206.0960 68
206.1280 206.4160 69
206.4480 206.5120 68
206.6400 206.7040 59
206.8320 207.0240 60
207.0560 207.0880 59
207.3440 207.4080 64
207.4400 207.5040 65
207.5360 207.5680 66
207.6000 207.9520 67
208.0800 208.2080 68
208.3360 208.4000 63
208.4320 210.0000 62
210.0320 210.1280 64
210.1600 210.2880 62
210.3840 211.3760 59
211.4080 212.1760 60
212.2080 212.3360 59
212.3680 212.5920 60
212.6240 212.8800 59
214.1280 214.1600 63
214.1920 214.3520 64
214.3840 214.5120 65
214.7040 214.7680 67
214.8000 214.9920 68
215.0240 215.2160 64
215.3440 215.5040 69
215.6640 215.7600 68
215.7920 216.0800 69
216.1120 216.1440 68
216.6880 217.0400 69
217.0720 217.2000 66
217.2320 217.5840 67
217.7760 217.8720 68
217.9040 218.0320 64
218.0640 218.0960 63
218.1280 219.0880 62
219.2800 219.5360 62
219.5680 219.6320 63
219.6640 219.7600 64
219.7920 220.0160 62
220.0480 220.1440 60
220.1760 220.7520 59
220.9440 221.2000 60
221.3600 222.7040 60
223.0560 223.1840 60
224.0160 224.3040 65
224.3360 224.4000 67
224.4320 224.6880 69
224.7200 224.9120 65
225.0400 225.1360 66
225.3280 225.3600 67
225.3920 225.6800 69
225.7120 225.8080 67
225.8400 225.9360 65
225.9680 226.1280 61
226.1600 226.4480 59
226.6400 226.6720 62
226.8960 226.8960 66
227.1840 227.3440 67
227.4720 227.5360 69
227.5680 227.7280 64
227.7600 227.8560 63
227.9840 229.5840 62
229.7760 230.6400 59
230.7360 231.4080 59
231.4400 231.7600 60
231.7920 232.3040 59
232.9120 233.1360 60
233.1680 233.4240 62
233.4560 233.5200 63
233.5520 233.7440 64
233.7760 233.8720 65
234.0320 234.1280 68
234.1600 234.2880 69
234.3200 234.3200 67
234.3520 234.6400 64
234.8320 234.8320 65
234.9280 234.9600 65
234.9920 235.0880 68
235.1200 235.2800 69
235.3120 235.6000 68
235.6320 235.8560 69
235.8880 235.9520 68
235.9840 235.9840 65
236.0800 236.1120 65
236.1440 236.3040 64
236.4320 236.5600 64
236.5920 236.8480 67
237.0720 237.0720 69
237.1360 237.2000 69
237.2320 237.3920 64
237.4240 237.5200 63
237.5520 238.1920 62
238.2560 238.9600 62
238.9920 239.2160 63
239.2480 239.3760 62
239.5680 239.7600 59
239.8880 239.9520 59
240.1120 240.1440 59
240.5280 240.6240 59
240.7840 241.3920 60
241.4240 242.1920 59
243.4080 243.6960 65
243.7280 243.7600 67
243.7920 244.0480 68
244.0800 244.3040 64
244.7200 244.8800 68
244.9120 245.1680 69
245.2960 246.0960 64
246.1280 246.2560 65
246.2880 246.5760 67
246.8000 246.9280 69
247.0880 247.1840 63
247.2160 247.9520 62
249.1680 249.2960 59
249.4880 250.3200 59
250.6080 250.8640 60
250.9280 250.9600 60
251.0560 251.0560 60
