13.6480 13.7440 63
13.9680 14.1920 64
14.3200 14.3840 62
14.4160 14.6080 63
14.6400 14.9600 62
16.0800 16.2080 62
16.2400 16.3360 61
16.3680 16.4000 60
16.5600 16.5920 59
16.6240 16.7200 60
16.8480 16.9120 61
17.2320 17.3280 63
17.4880 17.5520 65
17.5840 17.8080 63
17.9360 18.2240 62
20.0800 20.1440 62
20.2720 20.3360 65
20.3680 20.5280 64
20.6880 20.8160 63
20.8480 20.9760 64
21.1040 21.4560 62
22.4800 22.6080 62
22.6400 22.8640 60
23.6640 24.4320 63
26.4800 27.3760 64
27.5040 27.9200 64
28.0480 28.5280 64
28.6880 28.9120 60
29.8720 29.9360 63
30.0640 30.2240 64
30.2560 30.5760 67
30.6080 31.2800 65
31.3120 31.4080 63
31.4400 31.5360 65
31.5680 31.7920 63
31.9520 32.0480 61
32.8800 32.9440 61
32.9760 33.7440 62
33.8400 34.0320 63
34.0640 34.3200 65
34.4800 34.6400 63
34.8640 35.0240 62
35.1520 35.5040 62
35.5360 35.6640 60
36.2400 36.3040 71
36.3680 36.7520 72
36.7840 36.8800 71
37.0400 37.1360 74
37.1680 37.2000 73
37.2320 37.3600 72
37.3920 37.5200 71
37.5520 37.7440 70
37.7760 37.8720 69
37.9040 38.0960 68
38.1280 38.3520 67
38.3840 38.6080 66
38.6400 38.7360 65
48.9120 48.9760 62
49.0080 49.0400 63
49.0720 49.4560 64
49.6160 49.6800 63
49.7120 49.7760 64
50.0640 50.2240 62
51.1200 51.1840 62
51.3440 51.4080 63
51.4400 51.5040 62
51.5360 51.6320 61
51.9520 52.0160 61
52.0480 52.2080 60
52.5600 52.6560 63
52.6880 52.8480 64
52.9760 53.1680 63
53.2000 53.3280 62
55.3440 55.3760 62
55.5360 55.6000 64
55.7280 55.8240 65
55.9520 56.1120 63
57.5840 57.7440 62
58.3200 58.3520 59
58.3840 58.4480 60
58.9600 59.6640 63
59.6960 59.8560 62
61.7760 61.8080 62
61.8400 61.8720 63
61.9040 61.9680 64
62.1600 62.1920 63
62.2240 62.8960 64
62.9280 63.2160 65
63.3440 63.4080 63
63.4400 63.6640 64
63.6960 63.7600 63
63.7920 63.9200 62
65.2000 65.5520 64
65.5840 65.7760 67
65.8080 66.0640 64
66.0960 66.8000 65
66.8320 66.8640 64
66.9920 67.0880 62
67.2160 67.2800 60
68.1440 68.2080 61
68.2400 68.3360 62
68.3680 68.4320 63
68.5920 68.6560 62
68.7840 69.0080 62
69.2320 69.2960 64
69.3280 69.7120 65
69.7440 70.0320 64
70.1920 70.2560 62
70.4160 70.4480 60
70.4800 70.5120 61
70.5440 70.7040 62
70.7360 70.7680 61
70.8000 71.2160 60
73.6480 73.8080 62
73.8400 73.9360 66
73.9680 74.0320 62
74.0640 74.3840 61
76.6240 76.6880 64
76.8160 77.1680 67
77.2000 77.2320 70
77.2640 77.3600 71
77.3920 77.9680 72
78.4160 78.5760 68
78.6080 78.7680 69
78.8000 79.4720 67
79.8240 79.8880 62
79.9200 79.9840 63
80.0160 80.1440 65
80.1760 80.3360 67
80.3680 80.4000 70
80.4320 80.5280 71
80.5600 81.3280 72
81.8080 82.0320 69
82.0640 82.6720 67
82.9920 83.1520 62
83.1840 83.3760 64
83.4080 83.5680 62
83.6000 83.9200 60
83.9520 84.0160 61
84.0480 84.1120 62
84.5920 84.6880 71
84.7200 84.8800 72
85.0080 85.2000 72
85.2320 85.3600 70
85.3920 85.6800 71
85.7120 85.8080 69
85.8400 86.1280 67
86.4800 86.9920 67
87.0240 87.3440 69
88.0480 88.1760 63
88.2080 88.3680 64
88.4000 88.4640 63
88.4960 89.1040 62
89.4240 89.4880 64
89.6800 89.9040 67
89.9360 90.0320 68
90.0640 90.1920 71
90.2240 90.7680 72
90.8000 90.8000 70
90.9280 91.0880 66
91.2800 91.3760 68
91.4080 91.6000 69
91.6320 91.6960 68
91.7280 92.2400 67
92.7200 92.7520 63
92.7840 92.8800 64
93.1040 93.1040 67
93.2000 93.2320 70
93.2640 93.3600 71
93.3920 94.1280 72
94.5120 94.5760 68
94.6080 94.8320 69
94.8640 94.8960 68
94.9280 94.9600 67
95.0880 95.4080 67
95.7920 95.9520 63
95.9840 96.1440 64
96.1760 96.3360 62
96.3680 96.4000 61
96.4320 96.8160 60
96.8480 96.9440 61
97.4240 97.5520 71
97.5840 98.0000 72
98.0320 98.1920 70
98.2240 98.4480 71
98.4800 98.5760 69
98.6080 98.9280 67
98.9600 98.9920 66
99.0240 99.2160 65
99.2480 99.6000 67
99.6320 99.7920 68
99.8240 100.0800 69
100.5280 100.5920 61
100.6240 100.6560 60
100.8800 100.9120 62
100.9440 100.9760 63
101.0080 101.1040 64
101.2960 102.0960 62
102.8960 102.9920 62
103.0240 103.0880 63
103.1200 104.1760 64
104.2080 104.4000 65
104.4320 105.0400 64
105.0720 105.2000 63
105.6800 105.7760 64
105.8080 106.0000 65
106.0320 106.8320 64
106.8640 107.2800 63
107.3120 107.4080 62
107.4400 107.6000 61
107.6320 107.8880 62
107.9200 108.0160 61
108.0480 108.3040 60
110.3200 110.4480 57
110.4800 110.5120 58
110.5440 110.8640 60
110.8960 111.1840 64
111.3440 111.6000 63
111.7600 111.9840 63
112.0160 112.0800 65
112.1120 112.3360 62
112.3680 113.5840 60
113.6160 114.3200 61
115.6320 115.8240 76
115.8560 115.9200 72
121.9360 122.1600 67
125.9040 126.0640 62
126.0960 126.4160 64
126.5760 126.7680 63
127.0240 127.1520 62
128.1760 128.2080 62
128.3040 128.4000 63
128.4320 128.5280 62
128.5600 128.6240 60
129.0080 129.2000 60
129.5520 129.7120 61
129.7440 129.8080 63
129.9680 130.2880 63
132.3360 132.4320 63
132.5920 132.8800 64
133.0080 133.2320 63
133.4240 133.4880 63
134.5760 134.7040 63
135.3440 135.4400 60
135.5680 135.6320 62
135.9520 136.4640 63
136.5280 136.7200 63
138.4160 138.5440 63
138.7360 138.8640 62
138.8960 139.0560 64
139.1840 139.7600 64
139.7920 140.1760 65
140.3680 140.4960 63
140.5280 140.7200 64
140.7520 140.9120 62
141.0400 141.1360 61
141.9680 142.0640 62
142.1920 142.5440 64
142.5760 142.7680 67
142.8000 143.1200 64
143.1520 143.5680 65
143.6000 143.8240 64
143.9840 144.0480 61
145.1360 145.1680 60
145.2000 145.3920 62
145.5840 145.9680 62
146.1920 146.2880 64
146.3200 146.7040 65
146.7360 146.9920 64
147.4080 147.4400 60
147.4720 147.7600 62
147.7920 148.0480 60
150.5760 150.9280 62
150.9600 151.3440 60
153.7760 154.1600 67
154.1920 154.9600 72
155.4080 155.5040 67
155.5360 155.7920 69
155.8240 156.4000 67
156.7200 156.9120 62
156.9440 157.1040 64
157.1360 157.3920 67
157.4240 157.5200 71
157.5520 158.2880 72
158.3200 158.3520 66
158.4480 158.6080 65
158.7360 158.7360 67
158.7680 158.9280 69
158.9600 159.6000 67
160.0160 160.1440 62
160.1760 160.3680 64
160.4000 160.4960 62
160.5280 160.6560 61
160.6880 160.7840 59
160.8160 160.9440 60
160.9760 161.0720 61
161.5840 161.6800 71
161.7120 162.1600 72
162.1920 162.3520 70
162.3840 162.6080 71
162.6400 162.7680 69
162.8000 163.1200 67
163.1520 163.2800 65
163.4400 163.9520 67
163.9840 164.2720 69
164.4960 164.6560 61
164.8160 165.0080 61
165.0400 165.2000 62
165.2320 165.3920 64
165.4240 166.0000 62
166.3520 166.4800 65
166.6720 166.9920 67
167.0240 167.0560 70
167.0880 167.7600 72
167.8880 168.0800 65
168.2720 168.3040 67
168.3360 168.5920 69
168.6240 169.2320 67
169.6480 169.7120 62
169.7440 169.8720 64
170.0320 170.1920 68
170.2240 170.3520 71
170.3840 171.0880 72
171.1200 171.3120 65
171.4720 171.6000 68
171.6320 171.7600 69
171.7920 171.9520 67
172.0800 172.4000 67
172.7840 172.9440 63
172.9760 173.1040 64
173.1360 173.1680 63
173.2000 173.3920 62
173.4240 173.8080 60
173.8400 173.9680 61
174.4160 174.5440 71
174.5760 174.9920 72
175.0240 175.1840 70
175.2160 175.4400 71
175.4720 175.6000 69
175.6320 175.9520 67
175.9840 176.2080 65
176.2400 176.6560 67
176.6880 176.7840 68
176.8160 177.0720 69
177.3280 177.6480 60
177.8720 177.9040 62
177.9360 177.9680 63
178.0000 178.0960 64
178.3200 178.9920 62
179.8880 180.0800 62
180.1120 181.1680 64
181.2000 181.4560 65
181.4880 181.9360 64
182.6400 182.7680 64
182.8000 182.9920 65
183.0240 183.7600 64
183.8880 184.2720 63
184.3040 184.4000 62
184.4320 184.6240 61
184.6560 184.8800 62
184.9120 185.0080 61
185.0400 185.2320 60
187.5040 187.6320 60
187.6640 187.8880 61
187.9200 188.0160 62
188.0480 188.2080 64
188.3360 188.5920 64
188.7200 189.1040 63
189.1360 189.3280 62
189.3600 189.3920 61
189.4240 189.8080 60
192.5920 192.7200 67
195.5040 195.8560 67
195.8880 196.6880 72
197.1040 197.2320 67
197.2640 197.4880 69
197.5200 198.1280 67
198.4480 198.5760 62
198.6080 198.8320 64
198.8640 199.0240 67
199.0560 200.0480 72
200.3680 201.3280 67
201.7120 201.8400 62
201.8720 202.0640 64
202.0960 202.1920 62
202.2240 202.8000 60
203.3120 203.6000 72
203.7280 203.8880 72
203.9200 204.0480 70
204.0800 204.3360 71
204.3680 204.4640 69
204.6560 204.8160 67
204.8480 205.0080 65
205.1360 205.6480 67
205.6800 206.0000 69
206.1600 206.4160 60
206.5440 206.6080 60
206.7360 206.8960 62
206.9280 207.1200 64
207.1520 207.6960 62
208.0800 208.2080 65
208.3680 208.7520 67
208.7840 208.8800 71
208.9120 209.4560 72
209.6160 209.7760 65
209.9680 210.0000 67
210.0320 210.2880 69
210.3200 210.9600 67
211.3760 211.4720 62
211.5040 211.6000 64
211.7600 211.8240 67
211.8560 211.9200 68
211.9520 212.0800 71
212.1120 212.7840 72
213.2000 213.2960 68
213.3280 213.5200 69
213.5520 214.0640 67
214.5120 214.5760 62
214.6080 214.6720 63
214.7040 214.8640 64
214.8960 215.0240 62
215.0560 215.1200 61
215.1520 215.2480 60
215.2800 215.4400 59
215.4720 215.5680 60
215.6000 215.6640 61
216.1120 216.2400 71
216.2720 216.7200 72
216.7520 216.9120 70
216.9440 217.1680 71
217.2000 217.2960 69
217.3280 217.5840 67
217.7120 217.9360 65
217.9680 218.3840 67
218.4160 218.8000 69
218.9920 219.4080 60
219.6000 219.8240 64
220.0160 220.6880 62
221.2640 221.7760 61
221.8080 222.8960 64
222.9280 223.1520 65
223.1840 223.6960 64
224.2720 225.0400 64
225.2000 225.4880 64
225.6160 226.0000 63
226.0320 226.6080 62
226.6400 226.7360 61
226.7680 226.9920 60
229.1680 229.2320 58
229.2640 229.5200 60
229.6480 229.8720 63
230.0960 230.1920 63
230.5120 231.0880 63
231.1200 231.5360 60
