1.4240 1.5520 58
2.1280 2.1920 56
2.2240 2.2560 55
2.2880 2.5440 54
4.1440 4.2400 56
4.2720 4.7520 55
5.0400 5.3600 55
5.4880 5.7440 56
5.7760 6.0000 57
6.7360 6.8320 57
6.8640 6.9920 56
7.1200 7.3760 55
9.1040 9.2320 55
10.0640 10.1920 56
10.5760 10.6720 57
11.8560 11.9200 57
11.9520 12.1440 56
23.7280 23.7600 52
23.7920 23.8240 53
23.8560 24.4960 54
24.6560 24.7840 54
24.9440 25.7120 52
25.8720 26.0640 52
26.2560 26.3520 50
26.3840 26.4160 51
26.4480 26.6080 52
26.7680 26.9920 50
27.2800 27.8240 54
33.4880 33.5200 45
33.5520 33.5840 46
33.6160 33.6480 49
33.6800 33.7120 52
33.7440 33.8080 53
33.9680 34.4800 54
34.6080 34.8000 54
34.9280 35.0240 52
35.0560 35.1200 53
35.2800 35.4080 52
35.6000 35.7600 52
35.9200 36.0800 52
36.1120 36.1760 51
36.2080 36.3040 50
36.3360 36.3680 51
36.4000 36.4960 52
36.5280 36.5920 51
37.1360 37.3600 52
37.3920 37.4240 53
37.4560 38.0000 54
41.1680 41.2320 44
41.2640 41.3600 46
41.4880 41.6480 49
41.8080 41.9360 50
42.8320 43.1520 57
43.1840 43.3440 59
43.3760 43.4080 58
43.9840 44.1440 47
44.3040 44.4000 48
44.4320 44.4960 49
44.7520 45.2320 49
45.9040 45.9680 47
46.0000 46.4480 49
46.4800 46.7040 50
46.7360 46.7680 51
46.8000 46.9600 52
47.1520 47.4720 59
47.5040 47.6640 61
47.7920 48.4640 57
48.7520 48.8480 55
48.8800 48.9120 56
48.9440 49.0400 57
49.0720 49.1360 56
49.3280 49.3920 50
49.4240 49.4880 49
49.6800 49.9040 50
49.9360 49.9680 51
50.0000 50.1600 52
50.3520 50.8960 50
51.8880 52.0480 53
52.0800 52.3360 54
52.5280 52.6240 54
52.6560 52.8800 55
53.0080 53.2640 55
53.3920 53.5200 54
53.5520 53.7760 55
54.0640 54.1600 52
54.1920 54.2240 53
54.2560 54.4480 54
54.6080 55.0560 52
55.8560 56.0160 45
56.0480 56.0800 46
56.1120 56.1760 47
56.2080 56.3040 50
56.3360 56.3680 51
56.4000 56.6560 52
56.6880 56.9760 54
57.1040 57.3600 54
57.3920 57.6160 55
57.6480 57.6800 54
57.8720 59.0240 54
63.3440 63.4720 43
63.6960 63.8240 52
63.8560 64.7520 54
64.9440 65.0400 52
65.0720 65.2000 53
65.2320 66.0960 52
66.1280 66.2880 50
66.3200 66.4800 51
66.6720 66.8320 50
67.1840 67.8880 54
73.3280 73.3600 44
73.3920 73.4880 45
73.6480 73.7440 52
73.7760 73.8400 53
74.0640 74.5120 54
74.6400 74.8640 54
74.8960 75.0240 52
75.0560 75.1520 53
75.1840 75.4400 52
75.5680 76.0480 52
76.0800 76.0800 50
76.1120 76.4960 46
76.6240 76.6880 52
76.7200 76.9120 54
76.9440 77.1040 55
77.2640 78.0640 54
81.2320 81.2640 45
81.2960 81.3280 46
81.3600 81.4240 47
81.4560 81.5200 48
81.5520 81.6800 49
81.8080 81.9680 50
82.1920 82.2880 48
82.4480 82.6080 49
82.8640 83.1840 57
83.2160 83.5040 59
83.5360 83.5360 56
84.0480 84.1440 46
84.4320 84.4640 47
84.4960 84.5600 48
84.5920 85.2320 49
85.5520 86.4480 49
86.4800 86.7040 50
86.7360 86.7680 51
86.8000 86.9600 52
87.0880 87.3440 59
87.3760 87.4080 60
87.4400 87.5680 61
87.7280 88.1760 57
88.3040 88.4960 57
88.7840 88.8800 56
88.9120 89.1040 57
89.1360 89.1360 55
89.3280 89.4560 49
89.7120 89.8720 49
89.9040 89.9360 50
89.9680 90.0000 51
90.0320 90.1600 52
90.4160 90.9920 50
91.7920 91.8240 51
91.8560 91.8880 53
91.9200 92.3040 54
92.3360 92.4640 53
92.4960 92.5920 54
92.6240 92.8800 55
92.9120 92.9440 54
93.0720 93.1680 53
93.2000 93.3600 54
93.3920 93.3920 52
93.5200 93.6800 47
93.7120 93.8400 48
94.0000 94.2240 50
94.2560 94.5120 49
94.6400 95.1200 49
95.8880 95.9200 44
95.9520 96.0160 45
96.1760 96.2080 51
96.2400 96.3040 52
96.3360 96.4320 53
96.5600 96.7520 52
96.7840 96.8800 51
96.9120 97.0080 52
97.0400 97.0720 53
97.1040 97.2640 54
97.2960 97.3600 53
97.3920 97.5200 52
97.5520 97.6480 50
97.9040 98.6080 50
100.7840 100.8160 48
100.8480 100.9760 49
101.1680 101.1680 59
101.2000 101.4560 62
101.4880 101.8080 64
101.8400 101.8720 65
101.9040 102.0320 66
102.2240 102.7040 59
102.7360 102.7680 63
102.8000 103.4720 64
103.9200 104.0160 63
104.0480 104.3040 64
104.3360 104.4960 66
104.6880 105.2000 59
105.2320 105.5200 64
105.8080 106.0000 64
106.1600 106.7040 62
106.7360 107.0560 61
107.0880 107.3120 62
107.3440 107.4400 61
107.4720 107.6320 62
107.6640 107.6960 63
107.7280 107.7920 64
107.9840 108.1440 64
108.1760 108.2720 63
108.3040 108.5280 64
108.5600 108.8480 62
108.8800 109.0080 64
109.0400 109.0720 63
109.1040 109.1360 62
109.2640 109.4880 57
109.6480 109.9040 62
109.9360 110.0960 64
110.2560 110.4800 62
110.8320 111.0880 62
111.1200 111.1840 60
111.2160 111.3120 61
111.3440 111.5360 62
111.5680 111.9840 61
112.0160 112.2720 59
112.4320 112.7200 55
112.7520 112.7840 58
112.8160 112.9120 61
112.9440 113.5840 62
113.6160 113.7760 61
113.8080 114.0000 62
114.0320 114.4160 61
114.5760 114.7360 61
114.9280 115.1200 57
115.1520 115.2480 59
115.2800 115.3760 56
115.4080 115.6960 57
116.1120 116.3360 57
116.5280 116.8800 57
117.3920 117.5840 62
117.6160 117.6480 63
117.6800 117.8400 64
118.0000 118.2240 57
118.3520 118.5120 63
118.5440 118.8000 64
118.9600 119.1200 66
119.1520 119.4400 67
119.5680 119.7600 64
119.7920 120.4640 66
121.0720 121.2960 62
121.4560 121.8400 64
121.8720 121.9680 66
122.1600 122.7040 59
122.7360 123.4400 64
123.8880 124.1760 64
124.2080 124.4000 66
124.6240 125.1680 59
125.2000 125.5200 64
125.8080 126.0000 64
126.1600 126.6400 62
126.8000 126.9280 61
127.0880 127.6960 62
127.7280 127.8560 64
127.9840 128.1760 64
128.3680 128.5600 64
128.5920 128.8800 62
128.9120 129.1040 64
129.1360 129.1360 62
129.3280 129.5520 57
129.5840 129.6160 60
129.6480 129.8720 62
129.9040 130.0960 64
130.2560 130.4800 62
130.8000 131.0560 62
131.2160 131.3760 61
131.4080 131.5680 62
131.6000 132.0480 61
132.0800 132.2720 62
132.4640 132.6880 59
132.7200 132.8800 57
133.2000 133.5840 55
133.6160 133.8400 56
134.9280 135.0560 61
135.0880 135.4080 62
135.6000 135.7920 61
135.8240 135.9520 60
135.9840 136.2720 59
136.5280 136.6880 62
136.7200 136.9440 64
136.9760 137.0080 63
137.0400 139.3440 62
154.6400 154.8000 62
156.9760 157.0400 62
157.1680 157.2640 62
159.2800 159.5040 59
159.6320 159.7280 54
161.7760 162.2560 45
163.3440 163.4400 44
163.4720 163.5360 45
163.5680 163.6320 46
163.6640 163.7600 50
163.7920 163.8240 52
163.8560 164.7840 54
164.9120 164.9760 52
165.0080 165.1040 53
165.2320 165.4240 52
165.5520 166.0000 52
166.1920 166.3200 50
166.3520 166.5120 52
166.6720 166.8960 50
167.1520 167.9200 54
173.3280 173.4880 45
173.6800 173.8400 52
174.0320 174.1600 54
174.3200 174.7680 54
174.9600 175.0880 52
175.1200 175.1520 53
175.1840 175.2480 54
175.4720 175.6960 52
175.8880 175.9840 52
176.0160 176.0800 53
176.5280 176.7840 54
176.8160 176.9760 55
177.1680 178.1600 54
181.2640 181.3600 48
181.3920 181.7120 49
181.7440 181.9680 50
182.1600 182.5440 47
182.7360 182.7680 56
182.8000 183.0560 57
183.0880 183.2800 59
183.6960 183.7280 45
183.7600 183.8240 46
183.8560 184.0160 47
184.2400 184.7840 49
184.8160 185.0720 50
185.1040 185.4880 49
185.5200 185.6800 50
186.0960 186.4160 49
186.4480 186.6720 50
186.8000 186.9600 52
187.1200 187.4720 59
187.5040 187.6000 61
187.6320 187.6640 60
187.6960 188.1440 57
188.3040 188.5600 57
188.5920 188.8160 55
188.8480 189.1040 56
189.3280 189.8720 49
189.9040 190.0960 52
190.2560 190.8000 50
190.8320 190.9280 51
191.5360 191.8240 52
192.1120 192.2400 54
192.4320 192.5600 54
192.5920 192.8160 55
193.0400 193.5840 55
193.6160 193.8400 57
193.9360 194.7680 55
194.9280 195.0880 52
195.1200 195.3440 54
195.5040 195.7280 52
195.7600 195.7600 50
195.9520 196.3680 45
196.4000 196.4000 47
196.4320 196.4960 50
196.5280 197.3280 53
197.3600 199.1200 50
199.2800 199.8560 52
200.8480 201.0080 54
201.1360 201.1360 58
201.1680 201.5200 62
201.5520 201.8720 64
201.9040 202.0000 66
202.1600 202.7040 59
202.7360 203.6000 64
203.6960 203.7280 64
203.8240 203.8240 64
203.9200 204.2400 64
204.2720 204.4320 66
204.4640 204.4640 64
204.5920 205.1680 59
205.2000 205.5520 64
205.7760 205.9680 64
206.1600 206.6400 62
206.6720 206.7360 60
206.7680 207.2480 61
207.4400 208.1440 63
208.3040 208.5920 64
208.6240 208.9120 62
208.9440 209.1680 64
209.2960 209.4240 57
209.6480 209.9040 62
209.9360 210.1280 64
210.2560 210.5760 62
210.7360 211.0560 62
211.1840 211.3120 61
211.3440 211.5360 62
211.5680 211.6320 59
211.6640 211.9840 61
212.0160 212.4000 59
212.4320 212.6240 57
212.7520 212.8800 55
213.1040 213.3280 61
213.3600 213.8720 62
214.5760 214.7040 57
214.9280 215.1200 57
215.1520 215.3440 55
215.6000 215.8240 62
215.8560 216.1760 63
216.4320 216.4320 59
216.4640 216.7840 62
216.8160 217.2000 64
217.3920 217.4560 66
217.4880 217.5840 63
217.6160 217.8720 64
217.9040 218.1920 57
218.3200 218.3840 63
218.4160 218.7360 64
218.9280 219.1200 66
219.1520 219.4080 67
219.5680 219.6320 65
219.6640 219.7920 64
219.8240 219.8560 65
219.8880 220.4640 66
220.6880 220.8480 54
220.8800 220.9760 57
221.0080 221.1040 56
221.1360 221.4240 62
221.4560 221.8400 64
221.8720 221.9680 65
222.0000 222.0000 63
222.1600 222.7040 59
222.7360 224.1120 64
224.1440 224.2080 65
224.2400 224.4320 66
224.6240 225.2000 59
225.2320 225.4240 66
225.4560 226.0000 64
226.1600 226.2560 62
226.2880 226.4800 63
226.5120 226.6400 62
226.7680 227.0560 61
227.0880 227.2480 62
227.2800 227.4080 60
227.4400 227.6640 62
227.6960 227.9200 63
227.9520 228.2080 64
228.2400 228.5280 62
228.5600 228.5920 63
228.6240 228.7840 64
228.8160 228.8160 62
228.8480 229.5520 57
229.5840 229.5840 60
229.6160 229.7760 62
229.8080 229.8400 63
229.8720 230.0320 64
230.0640 230.5760 62
231.1200 231.1520 60
231.1840 231.2800 61
231.3120 231.5360 62
231.5680 232.1760 61
232.4320 232.5920 59
232.6240 232.7840 57
232.8160 232.9120 54
232.9440 233.8400 55
234.5760 234.6080 61
234.6400 234.8000 62
234.8640 235.1200 61
235.1520 235.5040 62
235.5360 235.6960 64
235.7280 235.7600 63
235.8880 235.9200 63
235.9520 236.1760 64
236.2080 236.4960 66
236.5280 236.5920 65
237.1680 237.2960 59
237.3280 237.3600 60
237.3920 238.2240 61
238.2560 240.9760 62
243.0560 243.1520 52
243.1840 243.2160 53
243.2480 243.5360 54
243.5680 243.8240 52
243.8560 244.0480 54
244.2080 244.3680 54
244.6240 244.8160 53
244.8480 245.0400 54
245.2320 245.5840 52
245.8080 245.9680 51
246.6400 246.6720 53
246.7040 246.8000 54
246.8320 247.0240 55
247.2480 247.7920 54
253.3920 253.4880 53
253.5200 254.1600 54
254.3200 254.3840 53
254.4160 254.5120 54
254.6400 254.8320 54
254.9600 255.1520 52
255.1840 255.4400 54
255.4720 255.7920 52
255.8240 255.8560 51
256.0160 256.1760 46
256.5280 256.7520 54
256.7840 256.9760 55
257.2320 257.7440 54
261.2320 261.2640 46
261.2960 261.4240 47
261.4560 261.4880 48
261.5200 261.6480 49
261.9680 262.1280 50
262.1600 262.2240 48
262.2560 262.3840 47
262.4160 262.5760 48
262.8320 262.8960 56
262.9280 263.0880 57
263.1200 263.1520 58
263.1840 263.3120 59
263.3440 263.3760 58
264.0160 264.4000 47
264.4320 264.4640 48
264.4960 264.5920 49
264.8160 265.3280 49
266.1920 266.2560 48
266.2880 266.3520 49
266.4800 266.6720 50
266.8320 266.9920 52
267.2160 267.4400 59
267.4720 267.6640 61
267.7920 267.8560 58
267.8880 268.2400 57
268.4000 268.5920 57
268.7200 268.8800 55
268.9120 269.1680 56
269.4560 269.9360 49
269.9680 270.0000 50
270.0320 270.0640 51
270.0960 270.2240 52
270.2560 270.2880 51
270.3200 270.7360 50
272.5280 272.6880 54
272.7200 272.8800 55
273.2000 273.3600 55
273.3920 273.5520 54
273.5840 274.0320 55
274.3200 274.5120 52
274.5440 274.7360 54
274.7680 274.8000 53
274.8320 275.5040 52
276.4000 276.4960 52
276.5280 276.5920 54
276.6240 276.9440 52
277.2320 277.4240 53
277.4560 277.6160 54
278.0000 278.1280 51
278.1600 278.4800 52
278.7680 279.6320 50
282.4480 282.6720 54
282.7040 283.0560 55
283.4080 283.5360 53
283.5680 283.6000 54
283.6320 283.9840 55
285.0720 285.2640 54
285.2960 285.5840 52
286.5440 286.8000 45
287.0560 287.2480 45
287.2800 287.4080 46
287.6960 287.7920 52
287.8240 288.0800 54
288.1120 288.5600 52
288.7840 289.1040 52
289.1360 289.3600 54
290.8640 291.0880 51
291.1200 291.2800 52
291.3120 291.5040 51
