19.6640 19.6960 54
19.7280 19.7600 55
19.7920 19.8560 56
19.8880 19.9200 57
19.9520 20.0160 58
20.1440 20.3040 58
20.3360 20.4640 56
20.6240 21.1040 58
21.1360 21.1680 57
21.5840 21.7760 52
21.8080 21.9680 53
22.0960 22.8640 53
23.2800 23.6640 56
23.7920 24.1120 58
24.1440 24.1760 57
24.2080 24.4640 56
24.4960 24.7520 60
24.7840 24.9440 58
24.9760 25.0720 57
25.1040 25.1040 55
25.2960 25.4880 50
25.5200 25.6800 51
25.7120 25.8400 53
25.9680 26.0000 53
26.0320 26.1600 54
26.3200 26.7360 53
27.1520 27.5360 56
27.6640 27.9840 58
28.0160 28.0800 57
28.1120 28.2080 56
28.3680 28.9440 58
28.9760 28.9760 56
29.3600 29.5520 52
29.5840 30.5760 53
30.6080 30.7680 54
30.8000 31.0880 55
31.1200 31.1840 54
31.7920 32.0480 49
32.0800 32.2400 50
32.2720 32.9440 51
35.0880 35.1200 55
35.1520 35.3760 56
35.4080 35.6960 58
35.7280 35.7920 57
35.8240 36.0800 56
36.1120 36.2080 57
36.2400 36.5600 58
36.5920 36.6560 57
36.6880 36.7520 56
36.9760 37.2320 51
37.2640 37.3280 52
37.3600 38.3200 53
38.7360 39.2160 56
39.2480 39.6320 58
39.6640 39.8240 57
39.9520 40.1440 61
40.1760 40.4640 58
40.4960 40.5920 57
40.9760 41.1040 51
41.1360 41.2000 52
41.2320 41.3280 53
41.4560 41.4880 53
41.5200 41.5520 54
41.5840 41.6800 55
41.8080 42.2240 53
42.6720 42.8000 56
42.9280 43.0560 56
43.0880 43.1200 57
43.1520 43.4720 58
43.5040 43.5680 57
43.6000 43.7280 56
43.8560 44.3360 58
44.3680 44.4320 57
44.8480 45.8720 53
46.0320 46.1280 54
46.1600 46.3520 55
46.3840 46.6720 56
46.7040 46.9920 55
47.0240 47.9200 54
47.9520 48.0800 53
48.1120 48.5600 54
48.9120 49.3600 54
49.3920 49.4560 53
49.6160 50.0320 53
50.0640 50.2560 51
50.3840 50.4480 50
50.6400 50.9600 51
51.0880 51.4720 53
51.5040 51.6640 51
51.6960 51.7600 52
51.7920 52.8480 53
54.0000 54.1920 61
54.2240 54.4480 63
54.4800 54.6080 65
54.6400 54.8960 63
54.9280 55.1200 65
55.1520 55.3760 63
55.4080 55.6320 65
55.6640 55.8240 68
55.8560 56.5920 65
56.6240 56.8480 63
56.8800 57.0400 68
57.0720 57.5520 65
57.5840 57.6480 63
57.6800 58.0640 61
58.0960 58.6720 63
58.8000 59.5360 63
59.5680 60.0480 61
60.0800 60.6880 63
60.7200 60.8800 62
61.4880 61.9680 58
62.0000 62.6400 60
62.6720 62.8640 61
62.8960 63.0880 60
63.1200 63.4080 61
63.4400 63.5680 67
63.6000 64.0480 63
64.6240 64.8160 61
64.8480 65.2960 59
65.3280 65.6800 58
66.0960 66.1920 58
66.2240 66.5120 56
66.5440 66.6720 58
66.7040 67.0240 56
67.0560 67.3440 58
67.3760 67.6320 61
67.7920 68.4960 65
68.9760 69.4240 61
69.4560 69.9360 63
69.9680 70.1920 65
70.2240 70.3840 63
70.4160 70.4480 64
70.4800 70.6720 65
70.7040 70.8320 63
70.8640 71.1200 65
71.1520 71.3120 68
71.3440 72.0800 65
72.1120 72.3360 63
72.3680 72.5600 67
72.5920 72.9120 65
73.3280 73.5520 61
73.5840 75.0560 63
75.2800 75.5680 61
75.6000 76.1120 63
76.1440 76.3040 62
76.9760 77.0080 57
77.0400 77.3280 58
77.4560 77.5520 60
77.5840 77.6480 59
77.6800 77.9040 61
77.9360 78.1280 60
78.1600 78.3520 61
78.3840 78.6080 60
78.6400 78.8960 61
78.9280 79.0880 68
79.1200 79.7280 63
80.6880 80.9120 59
80.9440 81.3280 61
81.4880 81.7440 58
81.7760 81.9680 60
82.0000 82.8000 58
89.6480 89.7120 64
90.1280 90.4480 64
95.1840 96.0160 60
97.1040 97.2320 56
97.2640 97.7120 57
97.7440 97.9040 56
98.0320 98.0640 57
98.0960 98.5440 58
98.5760 98.6080 57
99.0240 99.1840 52
99.2160 99.6320 53
99.7920 100.3040 53
100.9120 101.0720 56
101.1040 101.1360 57
101.1680 101.4880 58
101.5200 101.7440 56
101.8720 102.0960 60
102.1280 102.4800 57
102.8320 103.0560 51
103.0880 103.2160 53
103.3440 103.4080 53
103.4400 103.5040 54
103.6960 104.1760 53
104.5600 105.0080 56
105.0400 105.1360 58
105.2640 105.3600 58
105.3920 105.6160 56
105.7440 106.3840 58
106.7360 106.9600 51
106.9920 107.8880 53
108.0160 108.0480 53
108.0800 108.2720 54
108.3040 108.6240 55
109.1360 109.3920 49
109.4240 109.5520 50
109.5840 110.2240 51
112.4960 112.5600 55
112.5920 112.7520 56
112.7840 113.1680 58
113.2000 113.3600 56
113.4880 113.6480 58
113.7760 113.9680 58
114.0000 114.0960 57
114.4480 114.5760 52
114.7040 115.7280 53
116.1120 116.5280 56
116.5600 116.5920 57
116.6240 116.9440 58
116.9760 117.0080 57
117.0400 117.3280 56
117.3600 117.4880 61
117.5200 117.5520 60
117.5840 117.8400 58
117.8720 117.9680 57
118.0000 118.0000 55
118.2560 118.5440 51
118.5760 118.8320 53
118.8640 118.9920 54
119.0880 119.5680 53
120.0160 120.4000 56
120.4320 120.4640 57
120.4960 120.8800 58
121.0080 121.2000 56
121.2320 121.7440 58
121.7760 121.8400 57
122.2560 122.8320 53
122.9600 123.2800 53
123.4400 123.4720 54
123.5040 123.7280 55
123.7600 124.0160 56
124.1760 124.3680 55
124.4000 124.7840 54
124.8160 125.0080 53
125.0400 125.2640 54
125.2960 125.4880 53
125.5200 125.9040 54
126.3200 126.3520 55
126.3840 126.4480 56
126.5760 126.7040 54
126.7360 126.8960 53
127.0240 127.3760 53
127.4080 127.4400 52
127.4720 127.6320 51
127.8880 127.9200 49
127.9520 128.0160 50
128.0480 128.1760 51
128.2080 128.2720 52
128.3040 128.3680 53
128.4960 129.8720 53
130.0320 130.3520 53
131.4400 131.6000 61
131.6320 131.8560 63
131.8880 132.0480 65
132.0800 132.3040 63
132.3360 132.5280 65
132.5600 132.7520 63
132.7840 133.0400 65
133.0720 133.2320 68
133.2640 134.0000 65
134.0320 134.2560 63
134.2880 134.4800 68
134.5120 134.9920 65
135.0240 135.0880 63
135.1200 135.4720 61
135.5040 136.5920 63
136.7200 137.0720 63
137.1040 137.5200 61
137.5520 138.0960 63
138.1280 138.2240 62
138.8960 138.9280 56
138.9600 138.9920 57
139.0240 139.3760 58
139.4080 139.6000 60
139.6320 139.7920 61
139.8240 140.0800 60
140.1120 140.2720 61
140.3040 140.4960 60
140.5280 140.8160 61
140.8480 140.9760 68
141.0080 141.0400 65
141.0720 141.4880 63
142.0320 142.2240 61
142.2560 142.4480 59
142.4800 142.6720 60
142.8000 143.0880 58
143.5040 143.6000 58
143.6320 143.6640 57
143.6960 143.8880 56
143.9200 143.9520 57
143.9840 144.1120 58
144.1440 144.4320 56
144.4640 144.7520 58
144.7840 144.8480 60
144.8800 145.0720 61
145.2320 145.2960 63
145.3280 145.4880 64
145.5200 145.9040 65
146.3840 146.8320 61
146.8640 147.2160 63
147.2480 147.3440 62
147.3760 147.6000 65
147.6320 147.8560 63
147.8880 148.0800 65
148.1120 148.2400 63
148.2720 148.3040 64
148.3360 148.5280 65
148.5600 148.7520 68
148.7840 149.5200 65
149.5520 149.7440 63
149.7760 149.7760 65
149.8080 149.9360 68
149.9680 150.3520 65
150.7360 150.9280 61
150.9600 150.9920 62
151.0240 151.4720 63
151.5040 151.6640 62
151.6960 152.4640 63
152.7200 152.9760 61
153.0080 153.5520 63
153.5840 153.6800 62
153.7120 153.7760 61
154.3520 154.4160 56
154.4480 154.7360 58
154.8640 155.0880 60
155.1200 155.3120 61
155.3440 155.5360 60
155.5680 155.7920 61
155.8240 156.0160 60
156.0480 156.3040 61
156.3360 156.4960 68
156.5280 156.5280 66
156.5600 157.1040 63
157.9680 158.0960 57
158.1280 158.3520 58
158.3840 158.7360 61
158.7680 159.0240 64
159.0560 164.4640 65
164.6560 164.7200 65
181.2640 181.3600 60
181.3920 181.6160 61
181.7440 182.1920 63
182.2240 182.4480 65
182.4800 182.6720 63
182.7040 182.9280 65
182.9600 183.1520 63
183.1840 183.4080 65
183.4400 183.5680 68
183.6000 184.3680 65
184.4000 184.5600 63
184.5920 184.5920 65
184.6240 184.7840 68
184.8160 185.2960 65
185.4240 185.4880 62
185.6480 185.7120 61
185.8400 185.9360 63
186.0640 186.8960 63
187.0880 187.2800 63
187.3120 187.4400 61
187.5680 187.7920 61
187.8240 188.4960 63
188.5280 188.6560 62
188.6880 188.6880 60
189.4880 189.5840 58
189.7120 189.8080 60
189.9360 191.1200 61
191.1520 191.3120 68
191.3440 191.5360 64
191.5680 191.8880 63
192.3040 192.3360 59
192.3680 192.4960 60
192.5280 192.9120 59
193.1040 193.2960 58
193.5200 193.8400 56
193.8720 193.9360 58
193.9680 194.4160 57
194.5440 194.7040 56
194.7360 194.9600 58
195.0880 195.4080 61
195.5360 195.8240 63
195.8560 196.2720 65
196.7200 196.8160 60
196.8480 197.1360 61
197.1680 197.6800 63
197.7120 197.8400 65
197.8720 198.1600 63
198.1920 198.3840 65
198.4160 198.5760 63
198.6080 198.8640 65
198.8960 199.0880 68
199.1200 199.8240 65
199.8560 200.1120 63
200.1440 200.3040 68
200.3360 200.6240 65
201.0720 201.1360 61
201.2960 201.4240 63
201.4560 201.6160 61
201.6480 202.3200 63
202.3520 202.6720 62
202.7040 202.8640 63
203.0880 203.1200 61
203.2800 203.8560 63
203.8880 204.0480 62
204.0800 204.1440 61
204.7200 204.7520 57
204.7840 205.0400 58
205.1680 205.3920 60
205.4240 206.1600 61
206.1920 206.3840 60
206.4160 206.6080 61
206.8640 207.6320 63
208.4960 208.6560 59
208.6880 209.1680 61
209.4880 209.6800 58
209.7120 209.9680 59
210.0000 211.2480 58
