25.8400 26.4800 62
26.6080 26.7040 60
26.7360 27.7280 58
27.8880 27.9840 60
28.0160 28.1760 58
28.2080 28.5920 60
28.6240 28.8480 59
28.8800 29.1360 60
29.2640 29.4240 60
29.4560 29.5200 61
29.5520 29.7440 62
29.7760 30.5120 60
31.0240 31.0880 60
31.1200 31.1840 59
31.2160 31.4720 58
31.5040 31.7280 60
31.7600 31.7920 59
31.8240 31.8560 58
32.0160 32.4960 60
32.9760 33.1040 62
33.1360 33.2960 63
33.3280 33.6160 62
33.6480 33.6800 61
33.7120 33.8720 60
33.9040 33.9360 59
33.9680 34.2880 58
34.4160 34.4800 60
34.5120 34.5760 61
34.6080 36.3360 62
38.1920 38.2880 54
38.3200 38.4160 55
38.4480 38.4480 58
38.4800 38.6080 62
38.6400 38.7360 63
38.7680 38.9280 62
39.0880 39.3120 60
39.4720 39.6960 58
39.8240 40.2080 58
40.3680 40.4320 60
40.5600 40.6240 59
40.7840 40.9120 60
40.9440 40.9760 59
41.0080 41.3280 58
41.3600 41.6160 60
41.8080 41.9360 61
41.9680 42.2560 62
42.2880 42.9280 60
43.4720 43.6000 60
43.6320 43.7600 59
43.8880 44.2080 60
44.2400 44.2720 59
44.3040 44.3360 58
44.5600 44.8800 60
45.4240 45.5520 62
45.5840 45.7120 63
45.8400 46.0640 62
46.1920 46.3200 60
46.3520 46.8320 58
46.8640 47.0240 60
47.0560 48.7840 62
49.1680 49.5520 60
49.7120 49.8080 62
49.9680 50.8640 58
51.2160 51.5360 58
51.6640 51.7920 64
51.8240 52.6880 65
52.7200 52.7200 63
52.8480 52.9760 57
53.1360 53.3280 57
53.3600 53.6160 58
53.6480 53.8400 57
53.8720 55.0880 55
55.8240 55.8880 59
55.9200 55.9840 60
56.0160 56.3680 62
56.4000 56.5600 63
56.5920 56.9120 62
56.9440 57.8400 58
58.2560 58.3520 58
58.4800 58.6400 56
58.6720 58.8640 58
58.8960 59.2480 60
59.2800 59.4400 62
59.4720 61.2640 60
61.7760 62.0320 60
62.1920 62.2880 62
62.4480 63.2480 58
63.6960 64.0480 58
64.0800 64.0800 61
64.1120 64.2400 63
64.2720 65.1360 65
65.3280 65.3920 58
65.5520 65.7440 57
65.7760 66.0640 58
66.0960 66.2880 57
66.3200 67.6000 55
68.2400 68.3360 60
68.3680 68.4000 61
68.4320 68.8480 62
68.8800 69.1680 63
69.2000 69.4560 62
69.5840 70.2560 58
70.6080 70.8320 58
70.8640 70.8960 57
70.9280 71.1200 56
71.1520 71.3120 58
71.3440 71.6960 60
71.7280 71.8240 62
71.8560 71.9840 61
72.0160 74.8640 60
77.3600 77.4560 60
77.4880 77.6160 61
77.6480 77.9360 62
77.9680 78.0320 59
78.0640 78.9600 58
79.3120 79.4080 60
79.4400 79.4720 61
79.5040 79.6640 62
79.6960 79.7280 61
79.7600 80.1120 60
80.1440 80.1760 59
80.2080 80.2400 58
80.2720 80.8160 57
80.8480 81.0080 58
81.0400 81.2960 60
81.3280 82.1600 58
82.4160 82.5760 60
82.6080 82.8320 62
82.8640 83.3120 60
83.3440 83.8560 57
84.0480 84.2080 59
84.2400 84.4000 60
84.4320 84.4640 59
84.4960 85.7760 58
86.3520 86.4480 57
86.4800 86.6080 58
86.7680 86.8960 58
86.9280 86.9600 56
86.9920 87.2160 54
87.3440 87.3440 61
87.3760 87.5680 63
87.6000 88.4960 65
88.5280 88.7520 63
88.8800 89.1040 62
89.1360 90.1920 60
90.5760 90.7360 56
90.7680 91.4720 58
91.7600 91.9200 60
91.9520 92.1120 62
92.1440 92.5280 60
92.5600 92.6560 59
92.6880 92.7840 58
92.8160 93.2960 57
93.3280 93.4560 58
93.4880 93.5200 59
93.5520 93.7440 60
93.7760 94.5760 58
94.8640 95.0240 60
95.0560 95.1840 62
95.2160 95.2480 61
95.2800 95.6000 60
95.6320 95.6320 57
95.7600 96.2400 53
96.4320 96.4640 62
96.4960 96.6240 63
96.6560 96.9760 65
97.0080 97.0080 62
97.0400 98.3200 58
98.8320 98.9920 60
99.0240 99.1840 62
99.2160 99.4720 60
99.6640 100.2080 57
100.4320 102.1280 58
103.6960 104.0480 62
104.0800 104.2720 63
104.3040 104.4320 62
104.4640 104.5280 61
104.5600 104.6880 60
104.7200 105.7760 58
105.8080 105.8400 59
105.8720 105.9680 60
106.0000 106.1600 59
106.1920 106.4800 60
106.5120 106.5440 59
106.5760 106.8000 58
106.8320 107.0560 60
107.2160 107.3440 60
107.3760 107.4080 61
107.4400 107.6640 62
107.6960 107.7280 61
107.7600 108.4640 60
108.9760 109.0400 60
109.0720 109.1040 59
109.1360 109.3600 58
109.3920 109.6800 60
109.7120 109.8400 59
109.9680 110.4480 60
110.9280 111.0560 62
111.0880 111.2160 63
111.2480 111.5360 62
111.6640 111.8880 60
111.9200 112.2080 58
112.3680 112.5280 61
112.5600 115.1520 62
118.9600 120.1440 67
120.7520 120.9440 69
122.1600 122.5440 72
123.1840 123.2480 72
123.7600 123.9520 67
124.1760 124.3040 68
124.5600 124.7200 72
125.2960 125.5520 70
125.7120 125.9040 68
126.3200 126.4480 69
126.5120 126.5760 67
127.2480 127.3760 68
127.5040 127.9840 70
141.2960 141.7440 62
141.9040 142.1920 60
142.2240 143.0560 58
143.1840 143.2800 60
143.6000 143.7600 60
143.7920 144.2080 58
144.2400 144.4000 60
144.6240 144.8160 60
144.8480 145.0080 62
145.1680 145.8720 60
146.3520 146.4800 60
146.5120 146.5120 58
146.7360 147.0880 60
147.1200 147.1520 58
147.3760 147.7600 60
148.2400 148.3360 62
148.3680 148.5280 63
148.6560 148.9440 62
149.0720 149.2320 60
149.2640 149.5520 58
149.5840 149.6800 60
149.7120 149.8400 61
149.8720 151.7920 62
152.0160 152.0800 61
152.1120 152.4640 60
152.5920 152.7200 62
152.8800 153.7120 58
153.8400 153.9360 58
154.0640 154.4160 58
154.4480 154.4800 61
154.5120 154.6400 63
154.6720 155.4720 65
155.5040 155.5040 63
155.9520 156.1120 57
156.1440 156.4640 58
156.4960 156.6880 57
156.7200 158.0640 55
158.0960 158.2560 56
158.6080 158.7680 60
158.8000 159.1840 62
159.2160 159.4720 63
159.5680 159.7600 62
159.7920 159.8240 59
159.8560 160.6880 58
160.9760 161.2640 58
161.2960 161.4240 56
161.4560 161.5520 57
161.7440 161.8720 65
161.9040 162.0960 61
162.1280 162.2560 62
162.3840 164.4640 60
164.4960 164.6240 66
164.6560 164.8160 61
164.8480 165.2000 62
165.2320 166.1600 58
166.6080 166.7360 60
166.7680 166.8960 62
167.0560 167.3440 60
167.3760 167.4080 59
167.4400 167.4720 58
167.5040 167.9200 57
168.2080 168.3040 58
168.3360 168.3680 59
168.4000 168.5920 60
168.6240 169.3280 58
169.3600 169.4240 59
169.7440 169.8720 61
169.9040 170.0640 62
170.0960 170.4160 60
170.4480 170.5760 59
170.6080 170.6400 58
170.6720 171.1200 57
171.3120 171.4400 58
171.4720 171.6320 60
171.6640 171.6960 59
171.7280 171.9200 58
172.0480 173.1360 58
173.5840 173.8400 58
174.0320 174.3840 58
174.5120 174.5440 62
174.5760 174.6400 63
174.6720 174.7680 64
174.8000 175.7600 65
175.7920 175.9840 63
176.1440 176.3360 62
176.3680 176.4000 60
176.5600 177.4880 60
177.8400 178.0640 56
178.0960 178.6400 58
178.9920 179.1520 60
179.1840 179.3760 62
179.4080 179.4400 61
179.4720 179.7920 60
179.8240 179.9200 59
179.9520 180.0160 58
180.0800 180.3680 57
180.4000 180.4640 58
180.4960 180.6560 59
180.8160 180.9760 60
181.0080 181.8080 58
182.0960 182.2240 60
182.2560 182.2880 61
182.3200 182.4800 62
182.5120 182.5760 61
182.6080 182.8000 60
182.8320 182.8960 59
183.0240 183.3440 60
183.3760 183.4080 59
183.5040 183.5040 59
183.7280 183.8880 63
183.9200 184.3040 65
184.4320 185.5520 58
186.1280 186.1600 61
186.1920 186.3520 62
186.3840 186.4160 61
186.4480 186.7040 60
186.8640 186.9280 56
187.0880 187.1200 53
187.1520 187.2800 54
187.3120 190.3200 55
190.3520 190.4160 56
190.7040 190.7680 60
190.9600 191.3120 63
191.3440 191.3760 62
191.4080 191.4400 61
191.4720 191.6960 60
191.7280 191.7280 62
191.7600 191.8880 64
191.9200 192.1120 65
192.1440 192.6240 63
192.6560 192.6880 61
192.7200 192.8480 60
192.8800 193.1040 62
193.3600 194.6720 62
194.7040 194.8640 60
195.0240 195.9200 60
195.9520 195.9840 61
196.0160 196.6240 62
196.9120 196.9120 59
196.9440 197.0400 62
197.0720 197.4880 63
197.6160 197.8080 60
197.9680 198.1600 63
198.1920 198.5120 65
198.5440 198.5760 64
198.6080 198.7360 63
198.7680 199.2480 62
199.2800 199.4720 63
199.5680 202.2560 62
202.2880 202.3840 60
202.7360 204.3680 58
204.4000 205.3920 60
205.9360 206.1280 63
206.1600 206.4480 65
206.4800 206.5120 63
206.5440 206.8960 62
207.1200 207.2480 63
207.2800 207.4720 65
207.5040 207.5040 63
207.6960 207.6960 58
207.7920 208.2400 58
208.5600 208.6560 61
208.6880 208.9440 62
209.1040 209.2320 62
209.2640 209.6160 58
209.6480 209.8720 57
209.9040 211.3120 58
211.6000 211.6640 60
211.6960 211.7280 61
211.7600 211.8880 62
212.1760 212.2720 62
212.5280 213.0720 63
213.1040 214.1920 60
214.2240 214.3520 59
214.5120 214.5760 60
214.6080 214.8320 61
214.8640 215.1840 58
215.2160 215.4400 57
215.4720 216.0480 58
216.4320 216.5600 61
216.5920 216.7520 62
216.8800 217.2000 60
217.3280 217.3920 58
217.4240 217.8400 57
218.0960 218.1280 58
218.1600 218.1920 59
218.2240 218.3840 60
218.4160 219.1840 58
219.5680 219.6960 60
219.7280 219.9200 62
219.9520 220.0480 61
220.0800 220.3680 60
220.4000 220.4640 59
220.4960 220.5280 58
220.5600 220.9760 57
221.1680 221.2960 59
221.3280 221.5200 60
221.5520 221.6160 59
221.8080 223.0240 58
223.4720 223.6640 58
223.8880 224.0800 58
224.1120 224.1760 59
224.4320 224.4960 63
224.5280 224.6560 64
224.6880 225.3920 65
225.4240 225.6160 67
225.8080 225.8400 59
225.8720 225.9680 60
226.0000 226.1600 62
226.1920 226.8320 60
226.8640 226.9600 65
226.9920 227.1200 61
227.1520 227.5360 62
227.5680 227.6000 60
227.6320 227.6960 59
227.7280 228.4320 58
228.8480 228.8800 60
228.9120 229.0080 61
229.0400 229.2320 62
229.2640 229.2960 61
229.3280 229.6800 60
229.7120 229.8080 59
229.8400 229.8720 58
229.9040 230.3840 57
230.4160 230.5120 60
230.5440 230.6720 58
230.7040 230.8640 60
230.8960 231.6960 58
231.9840 232.0800 60
232.1120 232.1440 61
232.1760 232.3040 62
232.3360 232.7840 60
232.8160 232.8160 58
232.9440 233.5200 53
233.6480 233.7760 63
233.8080 234.1920 65
234.2240 234.2240 62
234.2560 234.3200 59
234.3520 235.4720 58
235.9840 236.0800 61
236.1120 236.2720 62
236.3040 236.3360 61
236.3680 236.5920 60
236.8480 237.3600 57
237.4880 239.7920 58
240.5920 240.6560 60
240.6880 240.7200 61
240.7520 241.2000 62
241.4240 241.5520 63
241.5840 241.7120 65
241.8400 241.9680 63
242.0000 242.2560 65
242.5760 242.6720 60
242.9280 243.2160 62
243.2480 243.5040 64
243.5360 243.8240 63
244.0160 244.2720 62
244.3040 244.3360 61
244.4640 244.8160 58
244.8480 245.0400 56
245.0720 245.2960 57
245.5200 245.7440 58
246.0320 246.1600 58
246.1920 246.2240 59
246.2560 246.4480 60
246.4800 247.8240 58
247.9840 248.1440 56
248.1760 248.5280 57
248.6880 248.9760 58
249.1680 249.2320 60
249.5840 249.7440 60
249.7760 250.8640 62
251.0560 252.2400 60
252.2720 252.8480 62
253.0400 253.0720 60
253.1040 253.1680 61
253.2000 253.6480 62
253.8720 253.9680 63
254.0000 254.5760 65
254.6080 254.6720 62
254.7040 255.0560 60
255.3760 255.6640 62
255.6960 256.3040 63
256.3360 256.7520 62
256.7840 256.8480 61
256.8800 257.2640 58
257.2960 257.5200 56
257.5520 257.8080 57
257.9680 258.1600 58
258.7360 258.8960 60
258.9280 259.1200 58
259.3440 260.4000 58
260.7840 260.9440 60
260.9760 261.1360 62
261.2960 261.4880 60
261.6160 261.8080 60
261.8400 262.1920 62
262.3200 262.6400 62
262.6720 264.9760 58
