18.3840 18.6720 59
18.7040 18.7360 60
18.7680 19.7600 61
19.7920 19.9200 59
19.9520 20.0160 58
20.0480 20.1120 56
20.3360 20.8160 56
21.6160 21.7760 59
21.8080 21.8400 56
21.8720 21.9360 54
22.1280 22.4800 54
23.5680 23.6960 56
24.1120 24.2400 56
25.8400 25.8720 59
25.9040 26.0960 60
26.1280 27.1520 61
27.1840 27.3440 59
27.3760 27.5680 56
27.6960 28.4960 56
29.0080 29.2000 59
29.2320 29.2640 58
29.2960 29.3600 57
29.6160 30.0640 54
30.4800 30.6720 54
30.8960 31.0560 57
31.0880 31.6320 59
32.7840 32.9440 61
32.9760 33.0720 63
33.2320 33.5840 64
33.6160 33.8080 66
33.8400 34.4800 63
34.5120 34.7680 64
35.1200 35.4080 61
35.4400 35.6000 63
35.6320 36.1120 59
36.4640 36.6880 61
36.9440 37.3280 56
40.0800 40.1760 61
40.2080 40.3040 62
40.3360 40.4320 63
40.4640 40.5600 62
40.5920 40.9440 64
40.9760 41.1040 67
41.1360 41.8080 68
41.9680 42.2560 71
42.4480 42.5120 67
42.5440 43.0560 66
43.3440 43.8240 63
44.0480 44.1440 63
44.1760 46.0320 64
47.0240 47.3760 59
47.4080 47.6960 61
47.7280 47.8560 62
47.8880 48.0480 64
48.2080 48.6240 64
48.8800 49.5840 59
49.6160 49.6160 62
49.6480 49.8080 64
49.8400 50.3840 66
50.7360 50.7680 63
50.8000 51.0240 64
51.1840 51.6960 66
51.7280 51.8560 68
51.8880 52.2400 66
52.2720 52.4960 63
52.5280 52.7200 64
52.7520 52.9760 63
53.0080 53.7760 61
53.8080 53.8720 62
54.4160 54.8640 59
54.8960 55.0560 61
55.0880 55.2480 62
55.2800 55.4720 64
55.6000 55.6000 62
55.6320 56.1120 64
56.3040 56.8160 59
57.0720 57.1680 64
57.2000 57.8400 66
58.0960 58.5120 64
58.5440 58.9600 66
58.9920 59.2480 68
59.2800 59.6320 71
59.9520 60.0800 66
60.1120 60.2400 64
60.4320 60.6880 61
60.7200 61.3280 64
61.7760 61.9040 69
61.9360 62.0960 71
62.2240 62.3840 69
62.5440 62.5440 65
62.5760 62.8640 68
63.0560 63.6960 68
63.7280 64.0160 71
64.0480 64.2400 69
64.4000 64.4640 66
64.4960 64.7840 68
64.8160 65.1360 66
65.4880 65.5840 70
65.6160 65.8400 71
65.8720 66.0960 68
66.1280 66.4160 71
66.4480 66.5760 73
66.7040 67.0880 71
67.1200 67.2480 66
67.2800 67.3120 67
67.3440 67.5040 68
67.5360 67.5680 67
67.6000 67.7600 66
67.7920 67.9200 64
68.0480 69.0400 64
69.6800 69.8400 64
69.8720 70.0000 61
70.1280 70.1600 62
70.1920 70.2240 63
70.2560 70.7040 64
70.7360 70.8960 63
71.1200 71.8560 61
71.9840 72.1760 67
72.2080 72.9760 68
73.5200 73.6800 63
73.7120 73.7440 62
73.9040 74.3200 64
74.4800 75.2160 64
75.3760 75.5360 64
75.5680 75.6640 63
75.7600 75.7920 65
75.8240 75.8880 64
75.9200 76.0160 63
76.1120 76.2400 64
76.4640 76.5920 64
76.6240 76.6560 68
76.6880 76.7520 69
76.7840 77.4880 71
77.5200 80.2400 68
80.2720 81.1680 71
81.2000 81.2640 66
81.2960 81.3280 65
81.3600 81.6160 64
81.9360 82.0000 64
82.1920 82.5120 64
82.7040 82.9920 64
83.2800 83.5680 65
83.7600 83.9520 64
83.9840 84.1120 69
84.1440 84.7200 71
84.7520 84.9120 70
84.9440 85.2320 69
85.2640 86.4800 68
86.6400 87.2480 68
88.5920 88.7520 59
88.7840 88.8160 60
88.8480 89.9040 61
89.9360 90.0320 59
90.0640 91.0880 56
91.2800 91.4080 56
91.7920 91.9840 59
92.0160 92.4960 54
93.6480 94.2880 56
95.9840 96.1760 59
96.2080 97.1680 61
97.3600 97.4880 59
97.5200 98.6720 56
99.1200 99.2480 61
99.2800 99.4080 59
99.4400 99.9200 54
100.5920 101.0720 59
101.2640 101.9040 59
102.8960 103.1200 61
103.1520 103.2160 63
103.4080 103.7600 64
103.7920 103.9840 66
104.0160 104.7200 63
104.7520 104.9760 64
105.1680 105.4560 61
105.4880 105.7120 63
105.9680 106.3840 59
106.5760 106.8320 61
107.2160 107.3440 57
110.2880 110.4160 61
110.5440 110.8000 63
110.8320 111.0240 66
111.0560 111.4080 64
111.6960 112.3680 68
112.5920 112.8160 70
112.8480 113.4880 71
113.9360 114.3840 63
114.4160 116.4960 64
117.2000 117.5520 59
117.5840 117.8400 61
117.8720 118.0000 62
118.0320 118.2240 64
118.3520 118.8320 64
119.0560 119.6960 59
119.7280 119.7600 63
119.7920 119.9520 64
119.9840 120.5600 66
120.8480 121.1040 64
121.2960 121.8400 66
121.8720 122.0320 68
122.0640 122.5440 66
122.5760 123.2160 63
123.2480 123.9520 61
123.9840 124.0480 63
124.5600 124.9760 59
125.0080 125.2640 61
125.2960 125.4240 62
125.4560 125.6160 64
125.7760 126.2240 64
126.4480 126.9600 59
127.1520 127.2800 64
127.3120 127.8560 66
128.3040 128.6560 64
128.6880 129.1680 66
129.2000 129.3920 68
129.4240 129.8720 71
130.0960 130.2880 66
130.3200 130.4480 64
130.4800 130.8000 61
130.8320 131.6000 64
131.9200 132.0480 69
132.0800 132.2720 71
132.3040 132.5280 69
132.7520 133.0080 68
133.2000 133.8720 68
133.9040 133.9360 70
133.9680 134.1280 71
134.2560 134.3840 69
134.5760 134.7360 67
134.7680 134.9600 68
134.9920 135.3120 66
135.6320 135.6640 70
135.6960 135.9520 71
136.0800 136.2720 68
136.3040 136.5280 71
136.5600 136.6880 73
136.8160 137.1360 71
137.2640 137.3920 67
137.4240 137.6480 68
137.6800 137.8720 66
137.9040 138.0320 64
138.1920 138.2560 65
138.2880 139.0240 64
139.0560 139.1200 65
139.7920 139.9200 63
139.9520 140.1120 61
140.2720 140.3360 63
140.3680 140.7840 64
140.8160 140.8480 63
141.2320 141.8400 61
142.0640 142.1920 66
142.2240 142.9920 68
143.5360 143.7280 63
143.7600 143.8240 61
143.9520 144.7200 64
145.0400 145.2320 64
145.8720 146.0320 64
146.8640 146.9280 59
147.6000 147.8560 67
147.8880 148.9760 69
149.0080 149.2000 71
149.2320 149.4880 69
149.5200 149.8080 71
149.8400 149.8720 72
149.9040 150.2240 73
150.3520 150.8320 69
150.8960 150.9280 69
151.3760 151.5360 67
151.5680 152.8160 68
152.8480 152.8800 67
152.9120 154.2880 66
154.3200 154.4160 62
154.4480 154.5440 66
154.5760 154.6080 64
154.7680 154.8320 65
155.0240 155.1840 68
155.2160 156.3680 69
156.4000 156.5920 71
156.6240 156.8160 69
156.8480 157.1680 72
157.2000 157.5520 73
157.5840 157.5840 71
157.6160 158.1600 69
158.1920 158.2240 64
158.7040 158.8320 67
158.8640 159.5360 68
159.5680 159.7280 70
159.7600 160.0160 71
160.0480 160.1440 67
160.1760 160.2720 68
160.3040 160.4000 69
160.4320 161.9360 66
161.9680 162.0000 64
162.1280 162.1920 65
162.4160 162.5440 68
162.5760 162.6080 67
162.6400 162.8640 66
162.8960 163.0240 68
163.0560 163.2160 66
163.3760 163.4720 67
163.5040 163.7280 68
163.7600 163.8240 65
163.8560 164.0160 66
164.0480 164.1760 68
164.2080 164.4320 69
164.4640 164.6880 68
164.7200 164.8800 69
164.9120 165.0400 68
165.2320 165.2960 68
165.3280 165.4880 69
165.6800 165.7760 68
165.9680 166.1600 67
166.1920 166.9280 68
166.9600 167.1200 67
167.1520 167.3440 68
167.5360 167.6320 68
167.6640 168.9120 66
169.1040 169.1680 62
169.7760 169.8720 68
169.9040 169.9680 67
170.0000 170.1600 66
170.1920 170.2240 67
170.2560 170.4160 68
170.4480 170.6400 66
170.6720 170.8320 67
170.8640 171.0560 68
171.0880 171.1200 67
171.1520 171.3120 66
171.5360 171.7280 68
171.7600 172.7840 69
172.8160 172.8480 68
173.0720 173.2320 68
173.2640 173.2640 66
173.2960 174.0640 63
176.4640 176.7520 59
176.7840 177.0400 61
177.0720 177.1360 62
177.1680 177.3920 64
177.6160 177.7120 64
178.1920 178.6400 59
178.8640 178.9920 65
179.0240 179.5680 66
179.9840 180.2400 64
180.4320 180.8160 66
180.8480 181.1680 67
181.2000 181.7120 66
181.7440 181.8400 63
181.8720 182.0320 64
182.0640 182.3200 63
182.3520 183.1840 61
183.6960 184.1120 59
184.1440 184.4960 61
184.5280 184.5920 62
184.6240 185.2320 64
185.5200 186.0640 59
186.2240 186.3840 65
186.4160 186.9600 66
187.3120 187.7280 64
187.7600 188.3680 66
188.4000 188.6560 68
188.6880 189.1040 71
189.2320 189.3600 66
189.3920 189.4560 65
189.4880 189.5520 64
189.6800 189.7120 60
189.7440 189.9360 61
189.9680 190.4800 64
191.0240 191.1520 69
191.1840 191.3440 71
191.5040 191.6960 69
191.7280 192.0800 67
192.1120 192.9120 68
192.9440 193.1680 71
193.2000 193.5520 69
193.5840 193.7440 68
193.7760 193.8400 67
193.8720 194.3520 66
194.7680 194.8320 70
194.8640 195.0240 71
195.1840 195.2800 68
195.3120 195.3760 67
195.4080 195.6000 71
195.6320 195.7600 73
195.7920 196.2720 71
196.3040 196.4320 67
196.4640 196.6560 68
196.7840 196.9760 66
197.0080 197.0720 64
197.2960 198.3520 64
198.9280 199.0240 64
199.0560 199.1840 61
199.3120 199.3760 63
199.4080 199.9200 64
199.9520 200.0160 62
200.0480 200.9120 61
201.2000 201.3600 67
201.3920 202.2880 68
202.3200 202.3200 67
202.6080 202.6080 62
202.6400 202.8640 63
203.2160 203.6320 64
204.1760 204.4000 64
219.1840 219.3760 63
220.1760 220.2400 59
