20.9760 21.0720 75
28.7840 28.8800 59
28.9120 28.9440 62
28.9760 29.1680 63
29.2000 29.3600 64
29.3920 29.4560 63
36.8800 37.2640 59
37.2960 37.3920 61
37.4240 37.4240 59
38.9600 39.0880 61
39.1200 39.2480 60
39.4080 39.6960 60
40.9120 41.0080 62
41.6480 41.8720 66
123.6320 123.6960 57
123.7280 123.8240 58
123.8560 123.9840 57
124.0160 124.2400 56
124.2720 124.3360 57
124.3680 124.4960 58
124.5280 124.6560 57
144.1120 144.2400 63
147.2480 147.3120 61
147.4400 147.5040 59
147.6320 147.8240 60
147.8560 147.9840 61
148.8800 148.9440 61
149.1680 149.2320 59
149.2640 149.2960 58
149.3280 149.5200 57
149.6480 149.7440 60
149.7760 149.8400 59
149.8720 150.0640 60
151.5680 151.6320 60
151.8560 151.9200 60
151.9520 152.0800 59
156.0480 156.1120 57
156.1440 156.4960 60
159.7920 159.8240 58
159.8560 160.0160 61
160.0480 160.1120 62
160.2720 160.3360 62
160.3680 160.4320 61
160.5600 160.7840 59
160.8160 161.0080 57
161.0400 161.1040 60
161.1360 161.2000 59
161.2320 161.2640 57
161.8400 162.2560 59
162.2880 162.5440 58
162.8320 162.9920 56
164.1120 164.1120 59
164.1440 164.1760 61
164.2080 164.3040 62
164.3360 164.4000 60
165.2640 165.2960 58
165.3280 165.3600 59
165.3920 165.4880 61
165.5200 165.7120 58
165.7440 165.8400 59
165.8720 165.9360 57
166.0000 166.2240 56
166.2560 166.4800 54
166.5120 166.6080 53
166.6400 166.7680 51
170.6720 170.7360 58
170.8640 170.9280 63
170.9600 171.1200 65
171.1520 171.3760 62
171.5360 171.6320 62
172.5600 172.7200 59
172.7520 172.7840 58
172.8160 172.8800 57
172.9120 173.1360 58
173.1680 173.2640 57
173.2960 173.3920 58
173.4240 173.5520 59
173.5840 173.6160 58
173.7760 174.2880 57
174.3200 174.4480 54
179.2480 179.4080 61
179.5360 179.6960 59
179.7280 179.8240 60
182.5440 182.6400 53
186.9920 187.0560 58
187.9200 187.9840 56
188.0160 188.0800 59
188.1120 188.3040 61
189.6800 189.8400 56
189.8720 189.9360 60
189.9680 190.0320 57
190.0960 190.2560 57
190.2880 190.3200 58
190.3520 190.4160 59
190.4480 190.5440 58
190.5760 190.7680 57
190.8000 190.8320 56
191.1520 191.2160 56
213.3600 213.5200 63
213.7760 213.8720 59
218.0960 218.1280 59
218.1600 218.6720 60
218.7040 218.8640 59
219.0880 219.6320 60
219.8240 220.1120 60
220.1440 220.2400 61
220.4320 220.9120 62
221.8720 222.0320 62
222.0640 222.2560 60
222.2880 222.6720 62
222.8320 223.0240 62
223.0560 223.6640 60
224.1760 224.6240 60
224.6560 224.7200 59
224.7520 225.0720 60
225.1040 225.2000 58
225.2320 225.5520 60
225.6800 226.3840 60
226.4160 227.0560 59
227.0880 227.1520 60
227.1840 227.9520 62
230.0640 230.1280 59
230.1600 230.9920 60
231.0240 231.2160 59
231.2480 231.5040 60
231.5360 231.6960 59
231.8240 232.1760 60
232.3680 232.4320 62
232.5920 233.0720 62
234.0000 234.6400 62
234.8320 235.2800 62
235.3120 236.0800 64
237.1360 237.2960 62
237.3280 237.4240 64
237.4560 237.4880 63
237.5200 237.5840 62
237.6160 237.7440 61
237.7760 238.0960 60
238.1280 238.1920 61
238.2240 238.3840 62
238.4160 238.5760 61
238.6080 239.3440 62
240.7520 241.1360 57
241.2640 241.4240 59
241.4560 241.6800 60
241.9360 242.3520 57
243.2800 243.8880 52
243.9200 243.9840 53
244.2720 244.3360 59
244.3680 244.4960 60
244.5280 245.0080 59
245.0400 245.0720 58
246.1600 246.1920 57
246.2240 246.2560 58
246.2880 246.7040 59
246.7360 247.1840 57
247.3440 247.3760 58
247.4080 247.7280 59
247.7600 248.6560 60
249.7120 249.7440 58
249.7760 249.8720 59
249.9040 250.1280 60
250.1600 250.2560 59
250.2880 250.3520 60
250.3840 251.2160 62
252.5600 252.8160 55
252.8480 252.8480 57
252.8800 252.8800 59
252.9120 253.0080 62
253.0400 253.1680 64
253.2000 253.6160 62
253.6480 253.6800 63
253.7120 254.0960 64
255.1200 255.2160 62
255.2480 255.3760 64
255.4080 255.5680 62
255.7280 255.8240 62
255.8560 255.9840 64
256.0160 256.0480 62
256.0800 256.2400 60
256.4320 256.7200 59
256.7520 256.7840 60
256.8160 256.8480 64
256.8800 256.9440 65
256.9760 257.5200 67
258.1280 258.1280 59
258.1600 258.2560 62
258.2880 258.4480 63
258.4800 258.7040 62
258.7360 258.8000 63
258.8320 258.9920 64
259.0240 259.0880 63
259.2800 259.5040 59
259.5360 259.9520 57
259.9840 259.9840 59
260.0160 260.0160 62
260.0480 260.0480 65
260.0800 260.2080 67
260.2400 260.6240 69
261.0720 261.1360 66
261.1680 261.2320 65
261.2640 261.4240 67
261.4560 261.6800 65
261.7120 262.0960 64
262.2560 262.5440 65
262.5760 262.6400 64
262.6720 262.8320 65
262.8640 263.5360 64
264.1440 264.1760 62
264.2080 264.2400 63
264.2720 264.4000 64
264.4320 264.8800 62
264.9120 265.0400 64
265.0720 265.1360 62
265.1680 265.2000 60
265.2320 265.3600 59
265.5840 265.9360 56
265.9680 266.2560 57
266.3840 266.3840 65
266.4160 266.5440 67
266.5760 266.7360 69
267.1840 267.2480 65
267.2800 267.4400 67
267.4720 267.6640 65
267.6960 268.2080 64
268.2400 268.6240 65
268.6560 269.8720 67
270.5440 270.6080 60
270.6400 270.9920 62
271.0240 271.1520 64
271.1840 271.2160 63
271.2480 271.4080 62
271.4400 271.6000 64
271.9840 272.1440 59
272.1760 272.3360 62
272.3680 272.4960 64
272.5280 272.5600 63
272.5920 272.9120 62
272.9440 273.1040 64
273.5840 273.6800 60
273.7120 274.0320 62
274.0640 274.2240 64
274.2560 274.5120 62
274.5440 274.6080 63
274.6400 275.8560 65
276.5600 276.8160 55
276.8480 276.8480 58
276.8800 276.9760 62
277.0080 277.1680 64
277.2000 277.3600 62
277.4880 278.0640 64
279.1200 279.1840 62
279.2160 279.4080 63
279.4400 279.6960 62
279.7280 279.8560 64
279.8880 279.9200 63
280.0800 280.1440 60
280.1760 280.7520 59
280.7840 280.8160 62
280.8480 280.9760 65
281.0080 281.5840 67
281.6160 281.6160 65
281.6480 281.6480 63
282.1280 282.1920 62
282.2240 282.2560 63
282.2880 282.3520 64
282.3840 282.4480 63
282.4800 282.7360 62
282.7680 282.8960 64
282.9280 282.9600 62
282.9920 283.0240 60
283.0560 283.4080 59
283.4400 283.8240 57
283.8560 283.8880 58
283.9200 283.9200 63
283.9520 284.0480 67
284.0800 284.6560 69
284.6880 284.7520 72
285.1040 285.2320 65
285.2640 285.4240 67
285.4560 285.4880 65
285.5200 286.1280 64
286.1600 286.4800 65
286.5120 286.6400 64
286.6720 286.8320 65
286.8640 287.2800 64
287.3120 287.4400 63
288.1120 288.2080 65
288.2400 288.4320 67
288.4640 288.6560 65
288.6880 288.8800 63
288.9120 289.0080 64
289.0400 289.0720 61
289.1040 289.3920 59
289.6160 290.3520 57
290.3840 290.3840 63
290.4160 290.4480 67
290.4800 290.5120 68
290.5440 290.7360 69
291.0880 291.2160 65
291.2480 291.3760 67
291.4080 291.6000 65
291.6320 292.0480 64
292.0800 292.2720 65
292.3040 292.4000 64
292.4320 292.5280 65
292.5600 293.6800 67
293.7120 293.8080 68
294.5440 294.6400 60
294.6720 294.9280 62
294.9600 294.9920 63
295.0240 295.1840 64
295.2160 295.6320 62
295.6640 295.7920 64
296.0480 296.1120 59
296.1440 296.4960 62
296.5280 296.6880 64
296.7200 297.0720 62
297.1040 297.2320 64
297.4880 297.6160 59
297.6480 297.7120 60
297.7440 297.9680 62
298.0000 298.0320 63
298.0640 298.1920 64
298.2240 298.2560 63
298.2880 298.5440 62
298.5760 298.6080 64
298.6400 299.7280 65
300.0800 300.2080 64
300.2400 300.3680 65
300.4000 300.6880 64
300.7200 301.0720 65
301.2640 301.5520 59
301.5840 303.9840 60
309.1680 309.4560 59
330.1600 330.2240 58
330.2560 330.2880 59
330.3200 330.4480 60
330.4800 330.6400 57
330.6720 330.7360 59
330.8960 331.1840 57
331.2160 331.2480 58
331.2800 331.4400 59
331.4720 331.6640 60
331.8560 331.9840 56
332.0160 332.5280 57
332.5600 332.5920 56
333.4560 333.7440 52
333.9040 334.0320 52
334.0640 334.1600 53
334.2880 334.3200 58
334.3520 335.2800 59
336.0480 336.2080 58
336.2400 336.3680 59
336.4000 336.5600 57
336.5920 336.7520 59
336.7840 336.9440 57
336.9760 337.1040 56
337.1360 337.4880 55
337.5200 337.5520 56
337.5840 338.4800 57
339.4080 339.7920 57
339.8240 339.8880 58
339.9200 339.9520 59
339.9840 340.1440 60
340.1760 340.3040 64
340.4320 340.5280 65
340.5600 340.9120 67
340.9440 340.9440 65
340.9760 341.1040 62
341.1360 341.4240 64
341.4560 341.5520 63
342.0320 342.1600 65
342.1920 342.4160 67
342.4480 342.8320 64
342.8640 342.8960 63
342.9280 342.9600 62
343.6000 343.6640 69
343.6960 343.7920 65
343.8240 345.0720 67
345.1040 345.2000 68
345.5200 345.8400 55
345.8720 345.9040 62
345.9360 345.9680 63
346.0000 346.1280 64
346.1600 346.6080 62
346.6400 347.3440 64
347.3760 347.5040 62
348.1120 348.2080 61
348.2400 348.3680 64
348.4000 348.7840 62
348.8160 349.0080 63
349.0400 349.3280 60
349.4560 349.7760 59
349.8080 349.8080 63
349.8400 349.8720 65
349.9040 350.6400 67
350.6720 350.7040 65
351.1200 351.2160 62
351.2480 351.3760 64
351.4080 351.4400 63
351.4720 351.8240 62
351.8560 352.0160 64
352.0480 352.0800 62
352.1120 352.1440 61
352.2720 352.3680 59
352.4000 352.4320 58
352.4640 352.9440 57
352.9760 352.9760 62
353.0080 353.0080 65
353.0400 353.1360 67
353.1680 353.6800 69
354.0640 354.2240 66
354.2560 354.4160 67
354.4480 354.6720 65
354.7040 355.1520 64
355.2800 355.8240 65
355.8560 356.4320 64
356.4640 356.5600 63
357.1040 357.1360 65
357.1680 357.2000 66
357.2320 357.3280 67
357.3600 357.5200 66
357.5520 357.5840 65
357.6160 357.6800 64
357.7120 357.8080 63
357.8400 357.9680 64
358.0000 358.0320 61
358.0640 358.3840 59
358.6080 359.1520 57
359.1840 359.2160 56
359.3440 359.3440 65
359.3760 359.5040 67
359.5360 359.8240 69
360.1440 360.2080 65
360.2400 360.4000 67
360.4320 360.4640 66
360.4960 360.6560 65
360.6880 361.1040 64
361.1360 361.6480 65
361.6800 363.0880 67
363.4720 363.6000 60
363.6320 363.9840 62
364.0160 364.1760 64
364.2080 364.4000 62
364.4320 364.6240 64
364.6560 364.6880 62
364.9440 365.1360 60
365.1680 365.4880 62
365.5200 365.6480 64
365.6800 365.9680 62
366.0000 366.0320 63
366.0640 366.1920 64
366.5440 366.6080 59
366.6400 367.0240 62
367.0560 367.1840 64
367.2160 367.4080 62
367.4400 367.6000 63
367.6320 368.7840 65
369.5200 369.6160 54
369.6480 369.8400 55
369.8720 369.8720 60
369.9040 369.9680 62
370.0000 370.1280 64
370.1600 370.1920 63
370.2240 370.4800 62
370.5120 371.3440 64
371.4720 371.5680 64
371.6000 371.6320 63
372.1120 372.2080 62
372.2400 372.3680 64
372.4000 372.4320 63
372.4640 372.6560 62
372.6880 372.8160 64
372.8480 372.8480 62
372.8800 372.9120 60
372.9440 373.7760 59
373.8080 373.8080 63
373.8400 373.9040 65
373.9360 374.6080 67
375.1200 375.1840 65
375.2160 375.4400 63
375.4720 375.7280 62
375.7600 375.8880 64
375.9200 375.9520 62
375.9840 376.0160 60
376.0480 376.3040 59
376.3360 376.7200 58
376.8480 376.8480 65
376.8800 376.9440 67
376.9760 377.6480 69
377.8080 377.9680 69
378.0960 378.1920 65
378.2240 378.3840 67
378.4160 378.6400 65
378.6720 379.2160 64
379.2480 379.4400 65
379.4720 379.5680 64
379.6000 379.9520 65
379.9840 380.7840 64
381.1040 381.1680 65
381.2000 381.3600 67
381.3920 381.4560 66
381.4880 381.6480 65
381.6800 381.8080 63
381.8400 381.9360 64
381.9680 382.0320 63
382.0640 382.1280 61
382.2560 382.3520 59
382.3840 382.4160 58
382.4480 382.5120 57
382.6400 383.2800 57
383.4080 383.5360 67
383.5680 383.7600 69
383.7920 383.8560 68
384.0800 384.1120 65
384.1440 384.1760 66
384.2080 384.3680 67
384.4000 384.5600 65
384.5920 385.0080 64
385.0400 385.2960 65
385.3280 385.3920 64
385.4240 385.5200 65
385.5520 387.0240 67
387.3760 387.6320 60
387.6640 387.9840 62
388.0160 388.1760 64
388.2080 388.5600 62
388.5920 388.7200 64
389.0080 389.0080 57
389.0400 389.1360 60
389.1680 389.4880 62
389.5200 389.6480 64
389.6800 389.7120 63
389.7440 390.0640 62
390.0960 390.1920 64
390.5120 390.6720 60
390.7040 390.9600 62
390.9920 391.0240 63
391.0560 391.2480 64
391.2800 391.5040 62
391.5360 391.6320 63
391.6640 392.6880 65
393.1040 393.1360 63
393.1680 393.2320 64
393.2640 393.5200 65
393.5520 393.8400 64
393.8720 394.0960 65
394.1280 394.1280 62
394.1600 394.6720 59
394.7040 397.0720 60
397.1040 397.1680 62
397.2000 397.2960 63
397.3280 397.6480 62
397.6800 398.0960 60
398.1280 398.1920 59
398.2240 399.4080 60
399.4400 399.9200 59
404.8800 405.0400 60
437.7120 437.7440 60
437.7760 437.9680 61
525.6160 525.8720 59
525.9040 525.9680 60
526.1600 526.2240 60
526.2560 526.3840 61
526.4160 527.4400 62
527.9200 528.0480 65
528.0800 528.3040 67
528.3360 528.5600 64
528.5920 528.6240 63
528.6560 528.8800 62
528.9120 529.8400 64
530.4800 530.6400 62
530.6720 530.8320 64
530.8640 531.2480 62
531.2800 531.4400 64
531.4720 531.5040 62
531.5360 531.6640 60
531.6960 532.2080 59
532.2400 532.2400 62
532.2720 532.3040 65
532.3360 532.3680 66
532.4000 532.5280 67
532.6560 533.1040 67
533.5200 533.6160 62
533.6480 533.8080 64
533.8400 534.2560 62
534.2880 534.4480 64
534.4800 534.5120 62
534.5440 534.5760 60
534.6080 534.7680 59
534.8960 535.1840 57
535.3440 535.4400 67
535.4720 536.1440 69
536.1760 536.2400 68
536.5600 536.6560 65
536.6880 536.8480 67
536.8800 536.9120 66
536.9440 537.0720 65
537.1040 537.5520 64
537.6800 537.8400 65
537.8720 538.0000 64
538.0320 538.4160 65
538.4480 538.9600 64
538.9920 539.1200 63
539.5360 539.6000 65
539.6320 539.7920 67
539.8240 539.8560 66
539.8880 540.0480 65
540.0800 540.4320 64
540.4640 540.4640 62
540.4960 540.5280 61
540.5600 540.5600 60
540.5920 540.8480 59
541.0400 541.5520 56
541.5840 541.7440 57
541.7760 541.7760 58
541.8080 541.8080 63
541.8400 541.8400 66
541.8720 541.9360 67
541.9680 541.9680 68
542.0000 542.2880 69
542.4800 542.6080 66
542.6400 542.8000 67
542.8320 542.8320 66
542.8640 543.0560 65
543.0880 543.1840 64
543.3120 543.4400 64
543.4720 543.9200 65
543.9520 543.9520 66
543.9840 545.4880 67
545.5200 545.5200 66
545.5520 545.5840 65
546.0640 546.0960 60
546.1280 546.3840 62
546.4160 546.4160 63
546.4480 546.5760 64
546.6080 546.6400 63
546.6720 546.9600 62
546.9920 546.9920 63
547.0240 547.0880 64
547.4080 547.5040 60
547.5360 547.5360 61
547.5680 547.8560 62
547.8880 547.8880 63
547.9200 548.0800 64
548.1120 548.1120 63
548.1440 548.4960 62
548.5280 548.6560 64
548.9440 549.0080 60
549.1360 549.3920 62
549.4240 549.4240 63
549.4560 549.6480 64
549.6800 549.7120 63
549.7440 550.0960 62
550.1280 550.1600 63
550.1920 550.2560 64
550.2880 552.6240 65
552.6560 552.7840 64
552.8160 552.8480 62
554.5440 554.6080 68
554.6400 554.6400 67
554.6720 554.8320 65
554.9600 555.0880 64
555.2480 555.3120 64
555.3440 555.6000 65
555.9200 556.1120 59
556.2720 556.4000 59
556.4320 558.2880 60
582.6080 582.8320 55
653.3280 653.4560 65
653.9040 654.0000 65
654.2880 654.3520 65
654.3840 654.4160 66
654.4480 655.5040 67
656.3360 656.4000 60
656.4320 656.4320 61
656.4640 656.5280 62
656.7200 656.7520 62
656.7840 656.8480 63
656.8800 656.9760 64
657.0080 657.2320 63
657.2640 657.4240 64
657.4560 657.4880 63
657.8080 657.8720 60
658.0640 658.2560 62
658.2880 658.3200 63
658.3520 658.4800 64
658.5120 658.5440 63
658.5760 658.7360 62
658.7680 658.7680 63
658.8000 658.9600 64
658.9920 659.0560 63
659.3440 659.4400 60
659.4720 659.5040 61
659.5360 659.7920 62
659.8240 659.8560 63
659.8880 659.9840 64
660.0160 660.0800 63
660.1120 660.3040 62
660.4640 660.5280 63
660.5600 660.5600 64
660.5920 661.7760 65
662.3200 662.4160 65
662.4480 662.4800 66
662.5120 662.6400 67
662.6720 662.6720 66
662.7040 662.7360 65
662.7680 662.9280 64
662.9600 662.9600 63
662.9920 663.1520 62
663.2800 664.1120 64
664.9120 664.9760 62
665.0080 665.0400 63
665.0720 665.1680 64
665.3280 665.3920 62
665.5200 665.5840 62
665.6160 665.6480 63
665.6800 665.7440 64
665.7760 665.8080 63
665.8400 665.8400 62
665.8720 665.9360 61
665.9680 666.0320 60
666.0640 666.5440 59
667.0560 667.4720 67
667.9520 667.9840 63
668.0160 668.1760 64
668.2080 668.2080 63
668.2400 668.5920 62
668.6240 668.6560 63
668.6880 668.7520 64
668.7840 668.8160 63
669.0400 669.1680 59
669.3600 669.3920 59
669.7120 669.7120 66
669.7440 669.7760 67
669.8080 669.8080 68
669.8400 670.5440 69
670.5760 670.5760 68
670.9600 671.0240 66
671.0560 671.2160 67
671.2480 671.2800 66
671.3120 671.4080 65
671.4400 672.0160 64
672.0480 672.2400 65
672.2720 672.4000 64
672.4320 672.8160 65
672.8480 673.3280 64
673.3600 673.4880 63
673.9040 673.9360 65
673.9680 673.9680 66
674.0000 674.1920 67
674.2240 674.3200 66
674.3520 674.4480 65
675.5040 675.7920 56
675.8240 676.1120 57
676.2720 676.3360 56
676.3680 676.5600 57
676.9760 676.9760 66
677.0080 677.2000 67
677.2320 677.2320 66
677.2640 677.4240 65
677.4560 677.5520 64
677.8720 678.0640 65
678.2560 678.2880 65
678.3200 678.3520 66
678.3840 679.8560 67
679.8880 679.9200 66
680.4960 680.5600 62
680.6880 680.7520 62
680.7840 680.7840 63
680.8160 680.9440 64
680.9760 680.9760 63
681.0080 681.3280 62
681.3600 681.4880 63
681.8080 681.9360 61
681.9680 682.1920 62
682.2240 682.2880 63
682.3200 682.4160 64
682.4480 682.4800 63
682.5120 682.8640 62
682.8960 682.8960 63
682.9280 682.9920 64
683.0240 683.0240 63
683.3120 683.3760 60
683.6640 683.7600 62
683.7920 683.8240 63
683.8560 683.9840 64
684.0160 684.0800 63
684.1120 684.4320 62
684.4640 684.5280 63
684.5600 684.6240 64
684.6560 686.9920 65
687.0240 687.0560 64
688.9440 689.0080 66
689.0400 689.2000 65
689.6160 689.9040 65
690.8000 692.1120 60
695.2800 695.3440 63
695.3760 695.3760 64
695.4080 695.5680 65
695.6000 695.6960 64
695.7280 695.8560 63
695.8880 696.0480 62
697.0400 697.2960 60
697.5200 697.8080 60
699.2160 699.2160 60
699.2480 699.3120 61
699.3440 699.4400 62
699.4720 699.5360 63
699.5680 700.0160 64
700.0480 700.1120 63
