46.1280 46.2880 56
46.3200 46.7040 57
46.7360 46.8640 56
46.8960 46.9600 55
47.1840 47.6000 54
48.4000 48.6240 56
48.6560 48.8480 57
48.8800 49.4240 56
49.5520 49.8080 56
49.8400 49.9360 57
49.9680 50.1920 56
50.5440 50.7040 53
50.7360 50.9600 54
50.9920 51.0240 53
51.0560 51.1840 52
51.3120 51.9200 52
54.2560 54.4480 57
54.4800 54.5120 58
54.5440 54.6720 59
54.7040 54.9600 61
54.9920 55.0880 57
55.2800 55.4720 56
55.5040 55.5360 55
55.5680 55.6640 54
55.8240 55.9200 55
55.9520 56.5920 54
56.9120 57.0720 56
57.1040 57.2960 57
57.3280 57.6800 56
57.7120 57.7440 55
57.9040 58.2240 52
58.2560 58.4160 51
58.4480 58.5760 52
58.6080 58.7360 53
58.9920 59.2160 59
59.5040 60.7520 61
62.6720 62.7040 60
62.7360 62.8640 61
62.8960 63.1520 62
63.4720 63.8880 61
63.9200 64.4320 59
65.5520 65.5840 55
65.6160 65.8080 56
65.8400 66.2240 57
66.2560 66.4800 59
66.5120 66.5120 61
66.5440 67.0880 64
67.1200 67.1200 62
67.3760 67.4720 56
67.5040 67.5680 57
67.6000 67.8240 59
67.8560 68.0480 57
68.0800 68.3040 56
68.3360 68.5280 57
69.1680 69.2960 62
69.3280 69.3920 56
69.4240 69.5840 57
69.6160 69.8720 56
69.9040 69.9360 55
69.9680 70.0960 54
70.4160 70.7680 54
70.8000 70.8640 53
71.6320 71.8560 56
71.8880 72.0480 57
72.0800 72.5920 56
72.8800 73.0720 57
73.1040 73.5200 56
73.7120 73.9680 52
74.0000 74.1280 54
74.1600 75.0560 52
75.6000 76.6240 52
76.6560 76.9440 53
77.1680 77.2000 51
77.2320 77.3280 52
77.3600 77.8400 53
77.8720 78.2240 49
78.2560 78.4800 48
79.6960 79.6960 49
79.7280 79.7280 51
79.7600 79.8880 54
79.9200 79.9520 56
79.9840 80.3040 57
80.3360 80.4640 56
80.4960 80.6240 54
80.7840 81.0080 54
81.0400 81.3280 53
82.2240 82.3200 56
82.3520 82.6080 57
82.6400 83.0240 56
83.4080 83.6000 57
83.6320 84.1120 56
84.1440 84.1440 54
84.1760 84.4320 52
84.4640 84.6880 54
84.7200 85.7760 52
85.8080 85.8400 51
87.9520 88.0480 57
88.2080 88.3360 59
88.3680 88.5280 61
88.7520 88.8480 57
89.0080 89.2000 56
89.2320 89.2960 54
89.5200 89.9040 54
90.5760 90.6080 55
90.6400 90.8000 56
90.8320 90.9600 57
90.9920 91.6320 56
91.8880 91.9200 62
91.9520 92.3360 64
92.3680 92.4640 60
92.4960 92.5920 63
92.6240 93.1040 59
93.1360 93.3920 62
93.4240 93.5200 61
93.5520 93.6480 62
93.6800 94.7040 61
94.7360 94.8000 60
96.3040 96.4640 61
96.6240 97.0080 66
97.1680 97.2640 61
97.4560 97.6160 61
97.6480 98.3520 59
99.1840 99.2160 55
99.2480 99.4080 56
99.4400 99.6960 57
99.7280 99.9520 59
99.9840 100.0480 58
100.2400 100.2720 66
100.3040 100.3680 67
100.4000 100.7200 68
101.0080 101.2320 57
101.2640 101.5200 59
101.5520 102.2880 57
102.9600 102.9920 53
103.0240 103.0880 54
103.1200 103.2480 57
103.2800 103.6320 56
103.6640 104.6560 54
105.3920 105.7120 56
105.7440 105.8400 57
105.8720 106.1920 56
106.2240 106.3520 55
106.5760 106.6400 53
106.6720 106.9920 54
107.0240 107.0880 53
107.1200 107.1520 52
107.3120 107.6000 53
107.6320 107.7600 54
107.9200 109.6800 54
111.4080 111.4080 53
111.4400 111.5680 55
111.6000 111.7920 57
112.0160 112.4320 59
112.4640 112.5280 65
112.5600 112.7840 59
112.8160 113.9360 61
113.9680 114.0000 59
114.5440 114.5760 58
114.6080 114.7680 59
114.8000 114.9600 61
114.9920 115.0560 57
115.2160 115.4400 57
115.4720 115.5040 60
115.5360 115.8560 61
115.8880 115.9840 60
116.0160 116.1440 62
116.1760 116.7200 64
116.7520 116.7520 62
116.7840 117.3280 59
117.3600 117.4240 58
117.4560 117.8720 59
118.8960 118.9920 62
119.0240 119.1520 64
119.1840 119.1840 61
119.2160 119.4080 59
119.4400 119.5680 58
119.6000 119.9520 59
119.9840 120.0800 58
120.1120 120.1760 57
120.2080 120.3360 62
120.3680 120.4640 64
120.4960 121.6160 62
121.6480 121.7120 60
121.7440 121.8720 55
123.0880 123.1200 60
123.1520 123.2160 61
123.2480 123.6000 62
123.6320 123.7920 60
123.9520 124.1760 59
124.2080 124.7840 57
125.2000 125.2320 60
125.2640 125.2960 61
125.3280 125.7440 62
125.7760 125.8400 64
126.0000 126.1920 64
126.2240 126.2240 60
126.2560 126.7360 57
126.9920 127.1840 61
127.2160 127.8880 59
128.4320 128.5280 55
128.5600 128.8800 57
128.9120 129.5840 59
129.6160 130.7040 61
130.7360 130.8000 59
131.4080 131.4400 51
131.4720 131.4720 53
131.5040 131.5040 56
131.5360 131.6640 59
131.6960 131.7920 61
131.8240 132.2400 57
132.3680 132.4960 59
132.5280 132.8480 61
132.8800 133.0080 64
133.0400 133.2000 66
133.3920 133.5520 64
133.5840 133.5840 62
133.6160 134.6400 59
135.6960 135.8240 62
135.8560 135.9840 64
136.0160 136.0480 61
136.0800 136.7520 59
137.0400 137.1040 62
137.1360 137.3280 64
137.3600 137.4880 62
137.5200 137.5840 61
137.6160 138.8320 62
138.8640 138.8960 61
138.9280 138.9600 60
139.9520 139.9840 60
140.0160 140.0480 61
140.0800 140.4000 62
140.4320 140.6240 61
140.8160 140.8800 60
140.9120 141.0080 59
141.0400 141.6480 57
141.9360 142.0320 47
142.0640 142.0640 49
142.0960 142.2560 52
142.2880 142.4160 54
142.5760 142.8640 56
142.8960 143.1520 57
143.3120 143.3760 60
143.4080 143.4720 61
143.5040 143.8240 62
143.8560 144.0160 60
144.0480 144.2080 61
144.2400 144.7520 59
145.2640 145.2960 55
145.3280 145.3920 56
145.4240 145.6480 57
145.6800 146.0000 56
146.0320 146.1920 54
146.3200 148.0480 54
149.4240 149.6800 57
149.7120 149.9040 59
149.9360 150.1600 57
150.1920 152.1440 56
153.4240 153.4880 56
153.6480 153.8400 56
153.8720 154.0960 57
154.1280 154.4160 56
154.4480 156.0160 54
156.0480 156.1120 55
156.1440 156.6560 54
157.6160 158.0640 54
158.0960 158.3200 56
158.3520 158.5440 57
158.5760 158.7040 56
158.7360 158.8320 55
158.8640 159.6320 56
159.8240 161.7440 56
164.1760 164.1760 51
164.2080 164.2400 54
164.2720 164.3360 55
164.3680 164.4000 56
164.4320 164.7200 57
164.7520 164.8800 56
164.9120 165.0400 54
165.2320 165.4560 54
165.4880 165.8080 53
166.6080 166.7360 56
166.7680 167.0560 57
167.0880 167.5680 56
167.8560 168.0160 57
168.0480 168.5920 56
168.6240 168.6240 54
168.6560 168.8800 52
168.9120 169.1360 54
169.1680 169.6800 52
169.7120 169.7760 51
169.8080 170.1280 52
172.3040 172.4320 57
172.5920 172.6880 59
172.7200 172.9120 61
173.1360 173.2000 58
173.2320 173.2960 60
173.3280 173.3600 58
173.3920 173.5520 56
173.5840 173.6800 55
173.9040 174.3520 54
175.0240 175.2160 56
175.2480 175.3760 57
175.4080 176.0800 56
176.1120 176.2080 54
176.2400 176.2400 58
176.2720 176.2720 61
176.3040 176.7520 64
176.7840 176.8160 62
176.8480 177.5200 59
177.5520 177.7760 62
177.8080 177.9680 61
178.0000 178.0640 57
178.0960 179.2160 61
179.2480 179.2800 59
179.3120 179.3440 58
179.3760 179.4080 57
180.7520 180.8800 61
181.0720 181.3920 66
181.5840 181.6800 61
181.8720 182.0640 61
182.0960 182.6720 59
182.8960 183.0240 56
183.7600 183.8560 56
183.8880 184.3680 57
184.4000 184.5600 59
184.6880 184.6880 64
184.7200 184.8160 66
184.8480 185.1680 68
185.4560 185.6800 57
185.7120 185.9360 59
185.9680 186.1280 57
186.1600 186.2240 56
186.2560 186.6400 57
186.6720 186.7680 53
187.3120 187.3760 53
187.4080 187.4720 55
187.5040 187.6000 56
187.6320 187.7280 57
187.7600 188.0800 56
188.1120 188.8160 54
188.8480 189.0400 53
189.7120 189.7120 53
189.7440 189.9360 56
189.9680 190.1920 57
190.2240 190.7680 56
190.8000 190.8320 55
190.8640 191.5360 54
191.7600 191.9840 52
192.0160 192.0480 53
192.0800 194.3520 54
195.8240 195.8880 55
195.9200 195.9520 56
195.9840 196.0800 57
196.2720 196.3040 58
196.3360 196.6240 59
196.6560 196.7840 55
196.8160 196.9760 59
197.0080 198.0320 61
198.0640 198.1280 58
198.8960 198.9920 59
199.0240 199.1520 61
199.1840 199.2160 57
199.4080 199.6640 57
199.6960 199.7920 60
199.8240 200.1440 61
200.1760 200.3040 62
200.3360 200.6880 64
200.7200 200.8160 63
200.8480 201.0080 64
201.0400 201.0720 61
201.1040 202.3520 59
202.3840 202.5120 58
202.8640 203.1200 62
203.1520 203.1840 63
203.2160 203.3440 64
203.3760 203.3760 62
203.4080 204.4000 59
204.4320 204.5280 62
204.5600 204.6880 64
204.7200 204.8800 62
204.9120 205.0080 63
205.0400 206.1600 62
206.1920 206.2240 61
206.2560 206.2880 60
207.3120 207.3760 60
207.4080 207.7920 62
207.8240 207.9840 61
208.1120 208.3360 59
208.3680 208.8800 57
208.9120 208.9440 56
209.4240 209.5200 60
209.5520 209.9040 62
209.9360 210.0320 64
210.2240 210.3840 64
210.4160 210.4160 62
210.4480 210.4480 58
210.6400 210.9600 57
211.2160 211.4400 61
211.4720 211.9840 59
212.0160 212.0480 58
212.0800 212.0800 56
212.4000 212.4960 59
212.5280 212.6880 55
212.7200 213.0400 57
213.0720 213.2640 59
213.2960 213.5840 57
213.6160 213.7440 59
213.7760 214.6400 61
214.6720 214.7040 59
214.7360 214.8640 57
215.6640 215.6960 58
215.7280 215.8240 59
215.8560 216.0160 61
216.0480 216.4320 57
216.5600 216.5600 57
216.5920 216.7200 59
216.7520 217.0400 61
217.0720 217.1360 64
217.1680 217.2000 65
217.2320 217.3920 66
217.5520 217.5840 65
217.6160 217.7760 64
217.8080 217.8080 61
217.8400 219.1840 59
219.8880 219.9200 60
219.9520 220.0160 62
220.0480 220.2080 64
220.2400 220.2400 61
220.2720 220.9440 59
221.2320 221.3280 63
221.3600 221.5520 64
221.5840 222.9280 62
222.9600 223.0240 61
224.1760 224.2080 61
224.2400 224.6560 62
224.6880 224.8480 61
225.0080 225.0720 60
225.1040 225.2000 59
225.2320 225.7120 57
225.7440 225.8080 56
226.2560 226.3200 50
226.3520 226.4160 52
226.4480 226.5440 54
226.8000 227.0560 56
227.0880 227.3760 57
227.5680 227.6640 61
227.6960 228.0800 62
228.1120 228.1760 60
228.2080 228.4000 61
228.4320 228.8800 59
229.2960 229.3920 54
229.4240 229.7440 57
229.7760 229.9040 58
229.9360 230.5760 59
230.7680 230.9600 57
230.9920 231.1520 56
231.1840 232.9440 54
233.4880 233.5200 56
233.5520 233.8400 57
233.8720 234.1280 59
234.1600 234.4160 57
234.4480 236.7200 56
236.7520 236.7840 55
237.8720 238.0640 56
238.0960 238.3200 57
238.3520 238.6080 56
238.6400 241.0080 54
241.9040 242.2560 54
242.2880 242.5760 56
242.6080 242.8320 57
242.8640 242.9600 56
242.9920 243.1200 55
243.1520 245.2000 56
246.3200 246.3200 51
246.3520 246.3520 53
246.3840 246.4160 55
246.4480 246.4800 56
246.5120 246.6720 57
246.8640 247.5680 59
247.6000 248.5920 61
249.2640 249.3280 59
249.3600 249.4240 57
249.4560 249.5520 59
249.5840 249.7120 61
249.7440 249.7440 59
249.7760 249.8400 57
249.8720 249.9360 56
249.9680 250.2560 57
250.2880 250.4160 59
250.4480 250.6080 61
250.6400 250.7040 60
250.7360 250.8640 62
250.8960 251.1200 64
251.1520 251.2160 63
251.2480 251.4400 64
251.4720 251.4720 62
251.5040 252.5600 59
253.6480 253.8400 64
253.8720 254.7040 59
254.8960 254.9280 62
254.9600 255.0240 63
255.0560 255.1840 64
255.2160 255.2800 62
255.3120 255.4080 65
255.4400 256.8160 62
256.8480 256.9120 61
256.9440 257.1040 58
257.7440 257.8080 58
257.8720 257.9360 57
257.9680 257.9680 59
258.0000 258.1600 62
258.3200 258.5120 64
258.6400 258.8640 59
258.8960 259.0240 57
259.1520 259.4400 57
259.4720 259.4720 55
259.7280 259.8240 59
259.9520 260.0480 60
260.0800 260.4000 62
260.4320 260.6240 64
260.6560 260.7200 62
260.7520 260.8480 64
260.8800 261.0080 66
261.0400 261.0400 64
261.2960 261.5520 56
261.8080 262.0320 61
262.0640 262.5440 59
262.5760 262.7680 61
262.8000 262.8320 59
263.0560 263.2160 55
263.2480 263.5680 57
263.6000 263.8240 59
263.8560 264.1120 57
264.1440 264.3040 59
264.3360 265.3280 61
265.3600 265.4240 59
265.4560 265.4880 57
265.5200 265.5200 54
266.0960 266.1600 55
266.1920 266.3200 59
266.3520 266.5120 61
266.5440 266.5440 59
266.5760 266.9600 57
267.0880 267.1840 59
267.2160 267.2480 60
267.2800 267.5360 61
267.5680 267.6000 64
267.6320 267.6960 65
267.7280 267.8880 66
267.9200 267.9520 61
268.1120 268.3040 64
268.3360 269.5840 59
269.6160 269.6800 58
270.2880 270.3520 53
270.3840 270.3840 56
270.4160 270.4160 58
270.4480 270.5760 62
270.6080 270.7360 64
270.7680 270.7680 62
270.8000 271.5680 59
271.7600 271.8240 62
271.8560 272.2080 64
272.2400 273.4240 62
273.4560 273.4880 60
274.6400 274.6720 58
274.7040 274.7680 60
274.8000 275.1200 62
275.1520 275.3440 60
275.5040 275.6000 59
275.6320 275.6640 58
275.6960 276.3040 57
276.8160 276.9120 50
276.9440 276.9760 53
277.0080 277.2640 54
277.2960 277.3280 55
277.3600 277.4880 56
277.7120 277.7440 56
277.7760 278.0320 57
278.1920 278.3200 61
278.3520 278.7360 62
278.7680 278.8320 60
278.8640 279.0240 61
279.0560 281.5520 59
283.5680 283.6640 55
283.6960 283.7600 56
283.7920 284.0480 57
284.0800 284.1440 56
284.4000 284.5280 55
284.5600 284.8160 56
285.2000 285.6160 54
285.7440 287.0240 54
288.4000 288.6560 57
288.6880 288.9120 59
288.9440 289.1360 57
289.1680 291.3760 56
292.5920 292.8800 56
292.9120 293.1040 57
293.1360 293.3920 56
293.4240 294.8320 54
295.0240 295.4720 54
296.0480 296.2080 54
296.5600 297.0400 54
297.0720 297.2640 56
297.2960 297.5200 57
297.5520 298.9280 56
299.1200 299.6000 56
299.7280 299.8240 56
