12.6240 12.6560 66
12.6880 12.8480 67
13.0080 13.2640 68
13.2960 13.9360 66
13.9680 14.0320 65
14.0640 14.1600 64
14.3200 14.6400 64
14.6720 15.2160 63
15.3760 15.4720 63
15.5040 16.1760 64
16.7520 17.2320 59
17.4240 17.7760 59
17.8080 17.9360 60
18.1280 18.3520 66
18.3840 18.4160 67
18.4480 18.8320 68
18.8640 18.8960 67
19.6000 19.9840 59
20.1760 20.5600 59
20.5920 20.6560 60
20.8480 20.9120 64
20.9440 21.1680 65
21.2000 21.7120 66
23.5680 23.6960 67
23.7280 24.1760 68
24.2400 24.4000 65
24.4320 24.8800 66
24.9120 24.9440 65
24.9760 25.1040 64
25.2640 25.4240 64
25.4560 26.0960 63
26.2880 26.4160 63
26.4480 26.8000 64
26.8320 26.9280 63
26.9600 27.1520 62
27.9840 28.7520 59
28.7840 28.8480 60
29.0720 29.2960 66
29.3280 29.3920 67
29.4240 29.6160 68
29.6480 29.7760 67
30.5120 31.5040 59
31.5360 31.6960 60
31.7280 31.7600 63
31.7920 31.8880 64
31.9200 32.0800 65
32.1120 32.4960 66
34.0960 34.1920 61
34.2240 34.3840 62
34.4160 34.5440 61
34.5760 34.7040 62
34.7360 34.7680 63
34.8000 35.0240 64
35.1840 35.3120 65
35.3440 35.4080 66
35.5360 35.6640 68
35.6960 35.8240 69
35.8560 36.0480 68
36.6560 36.9440 61
36.9760 37.0720 62
37.2000 37.3600 62
37.5200 37.9360 64
37.9680 38.0320 65
38.0640 38.0960 66
38.1280 38.1920 67
38.2240 38.3520 68
38.3840 38.5120 69
38.5440 38.8000 68
39.6000 39.7280 68
39.7600 39.9200 69
39.9520 40.2400 68
40.6240 40.6880 64
40.7200 40.7520 65
40.7840 40.8480 66
40.9760 41.1040 68
41.1360 41.2960 69
41.3280 41.5520 68
41.5840 41.6480 67
41.6800 41.7440 66
41.9360 42.2240 64
42.2560 42.2880 65
42.3200 43.0880 66
43.1200 43.1840 65
45.0080 45.0720 61
45.1040 45.2960 62
45.3280 45.9680 64
46.0000 46.1600 65
46.1920 46.5120 66
46.7040 46.8640 67
46.8960 47.2160 68
47.2480 47.4400 69
47.5680 47.6640 71
47.7920 48.2400 71
48.2720 48.4000 73
48.4320 48.6240 72
48.6560 49.2640 73
50.4480 50.5120 62
50.5440 50.6080 63
50.6400 50.7360 64
50.7680 50.8320 65
50.8640 51.5680 66
51.6000 51.6320 67
51.6640 52.1440 68
52.1760 52.2400 69
52.2720 52.3040 70
52.3360 52.8160 71
52.8480 52.8480 69
53.0720 53.2000 65
53.2320 53.3600 67
53.5520 54.5440 66
56.2720 56.9120 64
56.9440 57.0720 65
57.1040 57.6480 66
57.6800 57.7760 67
57.8080 58.2560 68
58.5120 58.8640 71
58.9920 59.0880 71
59.1200 59.1520 72
59.1840 59.3120 73
59.3440 59.5040 72
59.5360 59.6000 73
59.6320 60.1440 74
61.3920 61.4240 61
61.4560 61.5200 62
61.5520 61.5840 63
61.6160 61.6800 64
61.7120 61.7760 65
61.8080 61.9360 66
62.0640 62.3840 66
62.4160 62.5440 67
62.5760 62.9280 68
63.0880 63.2160 70
63.2480 63.6960 71
63.7280 63.7600 67
63.7920 63.8560 65
64.0160 64.0480 64
64.0800 64.2080 65
64.4640 65.0720 66
65.2960 65.3600 70
65.5200 65.5840 68
65.6160 65.7120 69
65.7440 65.7760 68
65.8080 65.9040 67
65.9360 66.0000 68
66.1600 66.2560 66
66.3840 66.9920 64
67.0240 67.0560 70
67.0880 67.3760 71
67.5040 68.0160 71
68.2080 68.4960 63
68.7200 68.8800 63
68.9120 69.0400 64
69.0720 69.1040 63
69.1360 69.2000 62
69.2320 69.5840 61
69.6160 69.6800 63
69.9040 70.0320 65
70.9280 71.0240 67
71.0560 71.1840 69
71.2160 71.2480 68
71.3440 71.4720 68
71.5040 71.5680 70
71.6000 71.7920 66
71.9520 72.0800 63
72.1120 72.4640 64
72.4960 72.8160 71
72.9440 73.4880 71
73.5200 73.5520 69
73.5840 73.6160 65
73.6480 73.8400 64
74.1920 74.4800 64
74.5120 75.0240 63
75.0560 75.1840 66
76.1760 76.3040 72
76.3360 76.4960 68
76.5280 76.6560 69
76.6880 77.0080 68
77.0400 77.1680 66
77.2000 77.2320 65
77.2640 77.3600 64
77.3920 77.4240 62
77.4560 77.6800 61
77.7120 77.7440 63
77.7760 77.9040 64
77.9360 77.9360 68
77.9680 78.2880 71
78.4480 78.5760 71
78.7680 78.8960 71
78.9280 78.9280 69
79.0880 79.4400 64
79.6640 79.9520 64
79.9840 80.0800 62
80.1120 80.4000 61
81.8400 81.9040 67
81.9360 81.9680 68
82.0000 82.1280 69
82.1600 82.2560 67
82.2880 82.3840 68
82.6400 82.6400 66
82.7360 83.3440 64
83.3760 83.7280 71
83.8560 84.4000 71
84.4320 84.4320 69
84.4640 84.4640 67
84.4960 84.6880 64
85.1040 85.1360 63
85.1680 85.4240 64
85.4560 85.8720 63
85.9040 85.9040 61
88.9760 89.0080 65
89.0400 89.1360 66
89.1680 89.2320 68
89.3600 89.6160 68
89.6480 89.6800 67
89.7120 89.8720 66
90.0000 90.2880 66
90.3200 90.4160 65
90.4480 90.4800 64
90.7040 90.9280 64
90.9600 91.7920 63
91.8240 92.6560 64
93.0720 93.6160 59
93.7440 94.2880 59
94.4480 94.8000 66
94.8320 95.0240 68
95.0560 95.2480 67
95.7920 96.0160 59
96.1760 97.0080 59
97.1360 97.1360 61
97.1680 97.2000 63
97.2320 97.4560 64
97.4880 97.5840 65
97.6160 98.1600 66
99.8880 100.0480 67
100.0800 100.4320 68
100.5920 100.7200 65
100.7520 101.1360 66
101.2640 101.7440 64
101.7760 102.7360 63
102.7680 103.1520 64
103.1840 103.2480 63
103.2800 103.3760 62
103.4080 103.5040 61
104.1440 104.5600 59
104.6880 105.3280 59
105.4560 105.7120 66
105.7440 106.0960 68
106.1280 106.2240 67
106.8320 106.8640 58
106.8960 107.2160 59
107.4080 107.9840 59
108.1440 108.3680 64
108.4000 108.4960 65
108.5280 109.2320 66
110.4480 110.5760 61
110.6080 110.7360 62
110.7680 110.9280 61
110.9600 110.9920 62
111.0240 111.1200 63
111.1520 111.2800 64
111.3120 111.5040 63
111.5360 111.5680 64
111.6000 111.6640 65
111.6960 111.7600 67
111.7920 111.9840 68
112.0160 112.1760 69
112.2080 112.4000 68
113.0080 113.2640 61
113.2960 113.7440 62
113.8720 114.0960 64
114.2240 114.2880 64
114.3200 114.4160 65
114.5760 114.7040 68
114.7360 114.8960 69
114.9280 115.1840 68
115.5680 115.6640 64
115.6960 115.7280 65
115.7600 115.7920 66
115.8240 115.9200 67
115.9520 116.0800 68
116.1120 116.3040 69
116.3360 116.5600 68
116.9440 116.9760 63
117.0080 117.0720 64
117.1040 117.1680 66
117.2960 117.4240 68
117.4560 117.6160 69
117.6480 117.8400 68
117.8720 117.9360 67
117.9680 118.0960 66
118.3200 118.6400 64
118.6720 119.7600 66
121.3600 121.5520 62
121.7120 122.2560 64
122.2880 122.3840 68
122.5120 122.8960 66
123.0560 123.2160 66
123.2480 123.8560 68
123.8880 123.9840 71
124.1120 124.5280 71
124.5600 124.5920 72
124.6240 126.0320 73
126.9600 127.0880 64
127.1200 127.2160 65
127.2480 127.8880 66
127.9200 127.9520 67
127.9840 128.4320 68
128.4640 128.5600 69
128.5920 128.6240 70
128.6560 129.1680 71
129.2000 129.2000 69
129.5200 129.6800 66
129.9040 131.1840 66
132.6240 133.2960 64
133.3280 133.4240 65
133.4560 134.1280 66
134.1600 134.8000 68
134.8320 135.2160 71
135.3440 135.4080 71
135.4400 135.8560 72
135.8880 136.3360 73
136.3680 136.5920 74
136.6240 136.7520 73
136.7840 136.8800 72
137.7760 137.8720 63
137.9040 137.9680 64
138.0000 138.2560 66
138.4480 138.6400 66
138.8000 138.8320 66
138.8640 139.2800 68
139.4400 139.5040 69
139.5360 139.5680 70
139.6000 140.0800 71
140.2720 140.4640 64
140.4960 140.5920 66
140.7840 141.3920 66
141.6480 141.7120 72
141.7440 141.8400 67
141.8720 142.1280 69
142.1600 142.2560 67
142.2880 142.3840 68
142.5440 142.6080 66
142.7680 143.3440 64
143.3760 143.5680 71
143.8880 144.4000 71
144.5600 144.7520 63
145.1040 145.3920 64
145.5840 145.8400 61
146.1920 146.2560 65
146.2880 146.3520 67
147.2800 147.8560 68
148.3360 148.6880 64
148.8480 149.1040 71
149.3280 149.8400 71
149.8720 149.8720 69
149.9040 149.9040 67
150.0320 150.1280 64
150.5760 150.8000 64
150.9280 151.3440 63
152.5600 152.6560 70
152.6880 153.1680 67
153.2000 153.3920 68
153.4240 153.5840 66
153.6160 153.7440 64
153.7760 153.8080 62
153.8400 154.0640 61
154.0960 154.1600 63
154.3520 154.6080 71
154.8000 154.9600 71
155.1520 155.2800 71
155.3120 155.3120 69
155.4720 155.6320 64
156.0160 156.2400 64
156.4000 156.7520 61
157.0400 157.0720 61
158.2240 158.2880 67
158.3200 158.4480 68
158.4800 158.6400 67
158.6720 158.7360 68
159.0240 159.1200 66
159.1520 159.2480 65
159.2800 159.3440 63
159.3760 159.7280 64
159.7600 160.0800 71
160.2400 160.7840 71
160.8160 160.8800 68
160.9120 161.0720 64
161.4880 161.6800 64
161.8080 162.2240 63
163.9840 164.4000 63
164.4320 164.4960 64
164.6880 164.9120 62
165.7120 165.8080 62
165.8400 166.6080 63
166.6400 166.7360 62
166.7680 167.3440 59
167.3760 167.4080 60
167.4400 167.5360 61
167.5680 168.0160 63
168.0480 168.2400 64
170.2240 170.3520 62
170.3840 170.7040 63
170.7360 170.8320 62
170.8640 171.0240 59
171.0560 171.1520 58
171.1840 171.2160 57
171.6960 172.0160 54
172.0480 172.1760 55
172.2080 172.2720 56
172.3040 172.4000 57
172.4320 172.7840 58
172.8160 173.6800 57
174.9600 175.0240 66
175.0560 175.1200 67
175.1520 175.2480 68
175.2800 175.3440 67
175.3760 175.5680 66
175.6000 175.7600 65
176.6240 176.7200 67
177.0080 177.5840 63
177.6160 177.6800 62
177.7120 177.7760 60
177.8080 178.3520 59
178.3840 178.6400 64
178.6720 178.9600 66
178.9920 179.2480 65
180.7200 180.8800 64
181.0720 181.3600 64
181.3920 182.0000 63
182.0320 182.2240 62
182.2560 182.5440 63
183.0880 183.1520 63
183.1840 183.6960 64
183.7600 184.0480 64
184.0800 184.7840 66
184.8160 184.8800 68
185.2960 185.4240 64
185.4560 185.5840 67
185.6160 186.0320 68
186.1920 186.2880 66
186.4480 186.9920 64
187.0240 188.0480 71
188.2080 188.4000 64
188.7840 188.9760 64
189.1040 189.5520 61
189.6800 189.8720 61
190.9280 191.0560 67
191.0880 191.1840 69
191.2160 191.3760 67
191.4080 191.5360 68
191.6960 191.8240 67
191.9840 192.4320 64
192.5600 192.7840 71
192.9760 193.5200 71
193.5520 193.5520 69
193.5840 193.7760 65
194.1920 194.4160 64
194.5440 194.6720 65
194.7040 195.0560 63
195.0880 195.1840 67
196.3360 196.4960 67
196.5280 196.6560 69
196.6880 196.8160 67
196.8480 197.0720 68
197.1040 197.2000 66
197.3280 197.4240 62
197.4560 197.6800 61
197.7120 197.8400 63
198.0320 198.2560 71
198.4480 198.6080 71
198.7680 198.8640 71
199.1200 199.2480 64
199.6320 199.6640 63
199.6960 199.8560 64
200.0480 200.4320 61
201.8400 201.9360 67
201.9680 202.0640 69
202.0960 202.3840 68
202.6080 202.8000 67
202.8320 203.4080 64
203.4400 203.6960 71
203.8880 204.4000 71
204.4320 204.4640 70
204.4960 204.5280 69
204.7520 204.8480 67
205.1360 205.3600 64
205.4880 205.9680 63
206.0000 206.0960 67
207.2800 207.3120 66
207.3440 207.5360 68
207.9840 208.0480 65
208.3360 208.4320 68
208.5280 210.2560 71
210.5120 210.5440 67
210.5760 211.0240 68
211.0560 211.6640 71
211.6960 212.2400 72
212.4000 212.5280 72
213.1360 213.7440 64
213.7760 213.8080 69
213.8400 213.9040 70
213.9360 215.6640 71
215.6960 215.7600 70
215.7920 215.9200 68
216.1760 216.2080 66
216.2400 216.5600 67
216.5920 217.0080 66
217.0400 217.1680 68
217.2000 217.6800 66
217.9040 218.0320 66
218.0640 218.1920 65
218.5440 218.6080 60
218.6400 218.6720 62
218.7040 218.8640 63
218.8960 219.1200 64
219.2480 219.3760 70
219.4080 221.1680 71
221.2000 221.2320 70
221.2640 221.2960 69
221.3280 221.4240 67
221.4560 221.9040 68
221.9360 222.5760 71
222.6080 222.9280 72
223.2800 223.4720 72
224.0480 224.2080 64
224.3360 224.6560 64
224.6880 224.8160 70
224.8480 226.6400 71
226.6720 226.8640 68
227.2480 227.4080 68
227.4400 227.6640 66
227.6960 228.0800 68
228.1120 228.3040 66
228.4320 228.6880 64
228.9440 229.1360 65
229.1680 229.6480 68
229.8080 229.9360 66
230.0320 230.3840 64
230.4160 230.5120 67
