30.7040 30.7360 49
30.7680 30.8320 50
30.8640 31.8560 51
34.2240 34.3520 47
34.5440 34.8320 49
34.8640 34.9280 50
35.0880 35.2480 51
35.2800 35.3760 53
35.5680 35.7280 47
35.8880 36.1120 47
36.5600 36.7840 47
37.2000 37.3280 47
39.4720 39.5040 49
39.5360 39.5680 50
39.6000 39.6640 51
39.7920 40.2720 51
40.4640 40.6240 52
40.7840 40.9120 51
41.1040 41.2640 52
42.0960 42.3840 49
42.7360 42.9280 51
43.0560 43.2160 52
43.3760 43.5360 51
43.5680 43.9200 52
44.7520 44.8160 47
44.8480 44.8800 48
44.9120 45.0400 49
45.3920 45.4880 47
45.7120 45.8080 48
45.8400 45.9040 49
46.0320 46.4160 47
46.4480 46.5440 48
46.7360 46.8000 47
47.0560 47.4400 49
47.5680 47.6320 49
51.1520 51.4720 53
51.6000 51.6320 50
51.6640 51.6960 51
51.7280 51.8240 52
51.9840 52.0480 52
52.0800 53.3280 51
55.3120 55.4080 47
55.5680 55.7280 49
55.8560 55.9520 51
56.1120 56.2080 52
56.2400 56.3680 53
56.5280 57.0400 47
57.1680 57.4240 47
57.7440 57.9360 47
60.7520 60.8800 50
60.9120 61.3920 51
61.4240 61.6160 52
61.6480 61.8720 51
62.0640 62.2560 52
63.0560 63.3760 49
63.6960 63.8880 51
64.0480 64.2080 52
64.3680 64.6560 51
64.6880 64.8800 52
65.6800 65.7440 47
65.7760 65.8080 48
65.8400 65.9680 49
66.6400 66.7040 49
66.7360 66.8320 50
66.8640 67.3760 49
67.4080 67.5040 50
67.6320 67.7280 50
67.7600 67.8880 49
67.9200 67.9840 48
68.0160 69.0080 47
71.4400 71.4720 64
71.5040 71.5360 65
71.5680 71.7280 66
71.7600 71.8880 63
71.9200 71.9520 65
71.9840 72.1120 66
72.1440 72.4000 64
72.4320 72.7200 63
72.8480 73.0720 64
73.1040 73.2000 63
73.2320 73.3600 64
73.3920 73.5520 66
73.5840 73.5840 64
73.6160 73.6160 62
73.7440 74.3520 56
74.5120 74.8000 56
74.8320 75.3760 58
75.5040 76.3040 58
76.7520 76.7840 63
76.8160 76.8800 64
76.9120 77.0080 66
77.0400 77.2320 64
77.2640 77.3920 66
77.4240 77.4560 65
77.4880 77.6480 64
77.6800 78.0640 63
78.0960 78.5120 64
78.5440 78.6400 65
78.6720 78.8000 59
78.8320 79.8880 58
80.0800 80.5280 59
80.5600 80.7200 60
80.7520 81.5520 59
82.0640 82.2560 63
82.3840 82.5760 64
82.6080 82.7040 62
82.7360 82.9600 63
82.9920 83.2480 64
83.2800 83.5360 63
83.6640 83.6960 62
83.7280 83.8240 63
83.8560 83.9840 64
84.2080 84.4960 56
84.6560 84.8480 56
85.0080 85.2000 56
85.2320 85.4880 52
85.6160 85.7440 58
85.7760 85.8400 59
86.0000 86.7040 58
87.2480 87.4720 59
87.6000 89.0080 59
89.0400 89.1040 60
89.2320 89.2640 58
89.2960 89.6480 59
89.6800 89.7440 60
89.8720 90.0640 59
90.1920 90.3200 59
90.3520 90.4480 61
90.4800 90.8320 59
90.8640 91.0560 61
91.2160 91.4080 63
91.4400 91.6000 64
91.6320 92.1120 63
92.1440 92.3360 62
92.5280 92.7200 66
92.8480 92.9120 63
92.9440 93.0400 65
93.0720 93.4880 64
93.5200 93.7760 63
93.8080 93.9360 64
93.9680 94.0960 63
94.1280 94.2240 64
94.2560 94.3520 65
94.3840 94.3840 63
94.4160 94.4160 61
94.4480 95.6000 56
95.7920 95.8560 58
95.8880 95.9200 57
96.1120 96.2400 58
96.2720 96.3360 59
96.4640 97.2320 58
97.7120 97.7440 65
97.7760 98.2560 66
98.3840 98.5760 64
98.7040 99.0240 63
99.0560 99.4720 64
99.5040 99.6000 65
99.7280 99.8560 58
100.0480 100.5920 58
100.6240 100.6560 57
100.6880 100.7840 56
100.8160 100.8800 57
101.0080 101.3280 54
101.3600 101.3600 57
101.3920 101.4880 59
101.5200 101.6160 60
101.6480 102.3520 59
102.9600 103.2480 63
103.2800 103.5040 64
103.5360 103.6000 62
103.6320 103.8240 63
103.9520 104.8160 63
104.8480 104.8480 60
104.8800 105.8080 56
105.9360 106.0640 56
106.2880 106.4160 52
106.4480 106.5440 53
106.5760 106.6400 57
106.6720 106.7680 58
106.9280 107.5040 58
108.5280 108.5920 57
108.6240 108.6880 58
108.8800 108.9760 54
109.2000 109.3280 59
109.3600 109.4560 60
109.4880 110.8000 59
111.2160 111.3760 59
114.4160 114.5120 51
114.5440 114.6080 52
114.8000 115.8880 51
118.0000 118.0640 47
118.2880 118.5760 49
118.6080 118.7680 50
118.8000 118.9920 51
119.0240 119.1840 53
119.2160 119.2160 50
119.2480 119.7600 47
120.3680 120.5280 47
123.9200 123.9520 50
123.9840 124.2080 51
124.2400 124.4320 52
124.5600 124.8480 51
124.8800 125.0720 52
125.1040 125.1040 50
125.8720 126.0960 49
126.1280 126.1920 50
126.4800 126.7040 51
126.8320 126.8640 50
126.8960 127.3120 51
127.4720 127.6640 52
128.0160 128.0800 54
128.2080 128.2720 54
128.4960 128.6240 48
128.6560 128.7840 49
129.4880 129.6800 51
129.8080 130.0000 49
130.1280 130.7040 50
131.2160 131.4720 47
134.3840 134.6080 66
134.6400 135.2480 64
135.2800 135.5360 63
135.6960 136.0480 63
136.0800 136.1760 65
136.2080 136.3360 66
136.5280 137.1360 56
137.3280 137.5840 56
137.6160 139.1200 58
139.2480 139.3440 56
139.5680 139.6960 64
139.7280 139.8240 66
139.8560 140.0480 64
140.0800 140.2720 66
140.3040 140.4640 64
140.4960 140.7840 63
140.8160 140.9120 62
140.9440 141.3600 64
141.3920 141.4880 66
141.6800 142.6720 58
142.8960 143.3760 59
143.4080 143.5040 61
143.5360 144.4000 59
144.8800 145.0400 63
145.1680 145.3600 64
145.3920 145.7760 63
145.8080 146.0640 64
146.0960 146.3520 63
146.4800 146.5120 62
146.5440 146.6400 63
146.6720 146.7680 64
147.0240 148.0160 56
148.0480 148.2400 52
148.2720 148.4000 53
148.4320 148.5280 57
148.5600 148.6560 58
148.8160 149.5200 58
150.0960 150.2880 59
150.3200 150.4160 58
150.4480 150.5440 59
150.5760 150.6720 61
150.7040 151.2480 59
151.3760 152.3360 59
152.3680 152.5280 61
152.5600 152.6560 58
152.6880 153.0080 59
153.0400 153.1680 61
153.3600 153.6480 59
153.6800 153.8400 61
154.0000 154.6400 59
154.6720 154.7680 61
154.8000 154.8320 62
154.8640 155.0240 63
155.2160 155.2800 62
155.3120 155.5680 66
155.6000 155.8560 65
155.8880 156.6240 63
156.6560 157.0720 64
157.1040 157.2000 65
157.3280 158.4160 56
158.6080 158.7040 58
158.9280 159.0240 58
159.0560 159.1840 59
159.2160 160.1440 58
160.5600 161.0720 66
161.2320 161.3280 64
161.3600 161.3920 63
161.5200 161.5840 62
161.6160 161.8400 63
161.8720 162.2880 64
162.3200 162.4160 65
162.4480 162.4480 63
162.5760 162.6720 58
162.8320 163.3760 58
163.5040 163.5680 56
163.6000 163.6640 57
163.8240 163.9520 54
164.1760 165.1040 59
165.1360 165.2320 58
165.7440 166.0320 63
166.0640 166.2560 64
166.2880 166.6080 63
166.7360 166.9280 64
167.0560 167.2800 63
167.3120 167.6000 62
167.6320 167.6320 59
167.6640 168.8800 56
169.0400 169.2000 52
169.2320 169.2960 53
169.3280 169.3280 56
169.3600 169.4880 59
169.5200 169.5520 58
169.7120 170.2880 58
171.0240 171.2160 58
171.2480 171.4400 56
171.4720 171.5680 57
171.6000 171.8240 54
172.0160 172.1760 59
172.3680 173.4240 59
173.4560 173.4880 58
176.9120 176.9760 59
177.2320 177.4240 61
177.4560 177.5520 60
177.5840 177.7440 62
177.8720 177.9040 60
177.9360 178.0000 61
178.0320 178.1600 62
178.1920 178.3840 57
178.5120 178.7360 59
178.7680 178.8320 58
178.8640 179.0880 62
179.1200 179.2800 61
179.3120 179.4080 62
179.4400 179.4400 59
179.4720 179.6960 56
179.8240 180.0480 62
180.1760 180.2400 62
180.2720 181.5200 61
182.1280 182.2240 58
182.4160 182.7360 58
182.7680 183.1840 59
183.2160 183.3120 61
183.3440 183.3440 59
183.4720 183.6320 54
183.7600 183.7920 57
183.8240 184.0800 58
184.1120 184.2080 60
184.2400 184.3360 61
184.3680 184.5280 59
184.5600 184.6560 61
184.6880 184.9440 55
185.0400 185.0400 56
185.0720 185.1680 59
185.2000 185.2640 60
185.4240 185.4880 60
185.5200 186.7040 59
187.4080 187.6960 59
187.7280 188.0160 61
188.0480 188.1760 63
188.3680 188.4320 61
188.4640 188.5600 62
188.6880 188.9760 56
189.0080 189.2960 59
189.3280 189.8720 62
190.0000 190.2560 56
190.2880 190.2880 59
190.3200 190.3520 61
190.3840 190.5120 62
190.6720 191.5360 61
191.9840 192.1120 54
192.2720 192.3360 61
192.3680 192.4640 62
192.5920 192.6560 62
192.6880 192.8160 61
192.8480 193.0400 59
193.2640 194.2240 61
194.2560 196.4000 63
196.4320 196.4960 62
197.8400 197.9360 58
198.1600 198.3520 61
198.4800 198.6720 63
198.8000 198.8640 61
198.8960 199.0560 62
199.0880 199.0880 59
199.1200 199.2480 56
199.4400 199.7600 59
199.7920 199.8560 61
199.8880 200.2080 62
200.2400 200.3360 63
200.7840 200.8160 61
200.8480 201.1360 62
201.1680 202.4160 61
203.0560 203.1840 58
203.4080 203.6640 58
203.6960 203.9200 59
204.0480 204.3040 59
204.3360 204.5280 54
204.6880 205.0080 58
205.0400 205.1360 59
205.1680 205.2640 61
205.2960 205.5520 59
205.7120 205.8080 54
206.0000 206.0960 59
206.1280 206.3520 60
206.3840 207.6640 59
208.2720 208.3040 58
208.3360 208.6240 59
208.6560 208.9120 61
208.9440 209.1360 63
209.2960 209.3920 62
209.4240 209.5200 61
209.6480 209.8080 56
209.9680 210.2560 59
210.2880 210.3840 62
210.4160 210.4800 63
210.6080 210.6720 61
210.7040 210.8320 62
211.2800 211.6640 62
211.6960 212.6560 61
213.2320 213.3920 62
213.5520 213.7120 61
213.9040 214.0320 55
214.2240 214.3520 60
214.3840 214.5120 59
214.5440 214.6720 61
214.8640 214.9280 60
214.9600 216.9760 59
218.1280 218.3520 66
218.3840 218.4480 64
218.4800 218.7360 65
218.7680 219.0240 64
219.0560 219.3120 63
219.4400 219.8880 64
219.9200 220.1120 66
220.1440 220.2080 63
220.2400 220.6560 56
220.7840 221.2640 56
221.3920 221.5840 58
221.7120 222.8640 58
223.3440 223.5680 65
223.6960 224.1760 64
224.2080 224.3360 61
224.3680 224.6560 63
224.6880 225.2640 64
225.2960 225.4880 58
225.6480 225.8720 58
226.0000 226.5120 59
226.5440 226.6080 56
226.6400 226.8640 54
226.9920 227.2160 59
227.3760 228.1440 59
228.5600 230.6400 63
230.6720 231.1200 56
231.2480 231.7920 56
231.8240 232.1120 52
232.1440 232.1760 55
232.2080 232.3040 58
232.3360 232.5600 59
232.5920 233.3600 58
233.8720 234.9280 59
234.9600 235.0240 60
235.1840 235.3440 59
235.4720 235.5360 59
235.5680 235.6960 61
235.8240 236.0800 59
236.1120 236.4640 61
236.4960 236.6240 59
236.7200 236.9760 61
237.1040 237.2960 59
237.4560 237.5840 61
237.7440 238.0000 59
238.0320 238.1920 61
238.2240 238.3840 59
238.4160 238.5120 61
238.5440 239.0560 62
239.0880 239.3440 66
239.3760 239.4400 64
239.4720 239.6320 66
239.6640 240.5920 63
240.7200 240.8160 64
240.8480 240.9440 66
240.9760 240.9760 62
241.0080 241.0400 57
241.1360 242.2240 56
242.3520 242.4480 58
242.6720 243.8560 58
244.2720 245.1680 65
245.2000 245.5840 63
245.6160 245.8080 64
245.8400 246.0320 63
246.0640 246.1280 65
246.3840 246.8000 58
246.9280 247.0880 59
247.4400 247.5040 56
247.5360 247.8240 55
247.8560 249.3920 59
250.2240 251.3760 63
251.4080 251.4080 60
251.4400 252.3040 56
252.4960 252.7840 55
252.8160 253.0400 52
253.1680 254.0320 58
255.1200 255.3120 57
255.4400 255.6000 54
255.7920 256.1120 59
256.2720 258.0640 59
