24.3040 26.3840 72
35.8240 36.1120 73
36.1440 36.2720 72
39.3760 39.6320 62
39.7920 40.4640 62
40.4960 40.8480 63
41.1040 41.6480 63
42.2880 42.5120 63
42.6720 42.7360 65
42.7680 42.8000 66
42.8320 42.9600 67
43.3760 43.6320 63
43.6640 43.8880 62
44.0160 44.0800 62
44.8480 44.9760 62
45.0080 45.3600 63
45.3920 45.5840 62
45.7440 46.1920 63
46.3200 46.3840 65
46.4160 46.4480 66
46.4800 46.7040 67
46.7360 46.8960 65
46.9280 47.3760 67
47.4080 47.4080 65
47.5360 47.6320 62
47.6640 47.7280 61
47.7600 48.0800 60
49.7760 49.8720 65
49.9040 49.9360 66
49.9680 50.0960 67
50.2560 50.8000 67
50.8320 50.8320 65
50.9600 51.0240 62
51.1520 51.6640 61
53.5520 54.0320 62
54.2240 54.3840 62
54.4160 54.8000 63
54.8320 55.5360 62
55.9200 55.9840 62
56.1760 56.4640 63
56.5920 56.7200 65
56.7520 57.0080 67
57.0400 57.0720 66
57.2320 57.5200 63
57.6480 57.8720 62
57.9040 58.0960 63
58.6400 58.7680 63
58.9280 59.5040 63
59.6640 59.6960 62
59.7280 60.1440 63
60.1760 60.2080 64
60.2400 60.3360 65
60.3680 60.5600 67
60.7200 60.8160 66
60.8480 61.1680 67
61.2000 61.4240 65
61.5840 62.0320 65
62.0640 62.1600 63
63.7280 63.8880 62
63.9200 64.5920 63
65.7440 66.2560 62
67.5680 68.5280 62
68.5600 68.8160 63
68.8480 68.9440 62
69.1360 69.3600 62
69.3920 69.7760 63
70.0000 70.0640 63
70.2560 70.6080 63
71.3760 71.6320 63
71.7600 71.9840 62
72.0160 72.3360 63
72.8160 73.0400 62
73.0720 73.6160 63
73.7760 74.1920 63
74.3520 74.4160 65
74.4480 74.4800 66
74.5120 74.7040 67
74.7360 74.8640 65
74.8960 74.9280 66
74.9600 75.3760 67
75.7280 75.7920 61
75.8240 76.1120 60
77.7760 77.9040 65
77.9360 78.1280 67
78.2880 78.8320 67
78.8640 78.8640 65
79.0240 79.1520 61
79.1840 79.8240 60
81.3920 81.4880 61
81.5200 81.7120 62
81.7440 81.9360 63
81.9680 82.4160 62
82.4480 82.9920 63
83.2480 83.4080 62
83.4400 83.9200 63
84.0800 84.1760 63
84.3360 84.6560 63
84.6880 84.7200 64
84.7520 84.8160 65
84.8480 84.8800 66
84.9120 85.0720 67
85.4880 85.7760 63
85.9040 86.2240 63
86.3840 86.6720 63
86.8320 86.9600 63
87.1200 87.4400 63
87.7600 87.9520 63
88.0800 88.5280 63
88.5600 88.6560 65
88.6880 88.9120 67
89.0400 89.1360 66
89.1680 89.5520 67
89.5840 90.3520 65
90.3840 90.4160 63
90.4480 90.4800 62
90.5120 90.5440 61
90.5760 91.3120 60
92.2080 92.2400 62
92.2720 92.6880 63
92.7200 92.8800 62
94.0640 94.4800 62
98.0320 98.1920 62
98.4800 98.5760 71
98.6080 98.7680 73
98.9600 99.1520 71
99.1840 99.2800 70
99.4080 99.5040 69
99.5360 100.0800 70
100.2720 100.4960 70
100.5280 100.8480 68
100.8800 100.9120 69
100.9440 101.1360 70
101.1680 102.0640 66
102.5120 102.6400 66
102.6720 102.7360 67
102.8960 102.9920 68
103.0240 103.6320 70
103.6640 103.6960 69
103.7280 103.8240 68
103.8560 104.0480 70
104.0800 104.1760 67
104.2080 104.3040 66
104.3360 104.5600 70
104.5920 105.1360 68
105.4560 105.4880 71
105.5200 105.5520 72
105.5840 105.9360 73
105.9680 106.0960 71
106.1280 107.0560 70
107.0880 107.0880 68
107.1840 107.2800 67
107.3120 107.5040 70
107.6320 108.0800 73
108.1120 108.1120 71
108.1440 108.2720 67
108.3040 108.9440 66
109.4240 109.4560 65
109.4880 109.5520 66
109.5840 109.6160 67
109.6480 109.7120 68
109.8400 109.9360 68
109.9680 110.1920 70
110.2240 110.8000 73
110.8320 110.9600 75
110.9920 110.9920 73
111.4080 111.5680 70
111.6000 112.4960 68
112.5280 112.5600 69
112.5920 112.7840 70
112.8160 112.9120 69
112.9440 112.9760 68
113.0080 113.0400 67
113.0720 113.1680 66
113.3280 113.4240 66
113.4560 113.4880 67
113.5200 113.8400 68
113.8720 114.4160 70
114.6720 115.2480 66
115.2800 115.3440 68
115.5040 115.5680 68
115.6000 116.2400 70
116.5600 116.5920 70
116.6240 116.7200 71
116.7520 116.7840 72
116.8160 118.1280 73
118.2880 118.3840 73
118.4160 118.5440 70
118.5760 119.1200 68
119.3760 119.5360 71
119.5680 119.7280 73
119.8880 120.0800 71
120.2400 120.3680 69
120.4000 121.0400 70
121.0720 121.2000 68
121.2320 121.4880 70
121.5200 121.7120 73
121.8400 122.0000 73
122.0320 122.0320 70
122.0640 122.8640 66
123.3760 123.4080 66
123.4400 123.5360 67
123.6960 123.7920 68
123.8240 124.1120 70
124.1440 124.6880 73
124.7200 124.8800 75
124.9120 124.9440 74
125.2320 125.3280 72
125.3600 125.4880 70
125.5200 125.5520 69
125.5840 126.2560 68
126.3520 126.4480 68
126.4800 126.8640 70
126.8960 126.9280 68
126.9600 126.9920 67
127.0240 129.2960 66
129.7760 129.8720 68
129.9040 130.1600 70
130.1920 130.2240 69
130.2560 130.4160 68
130.4480 130.5120 67
130.5440 131.8880 66
131.9200 131.9520 67
131.9840 132.1120 68
132.2400 132.8800 70
133.2320 133.3920 69
133.4240 133.6160 70
133.6480 133.6800 69
133.7120 133.9040 68
133.9360 134.8960 66
135.0880 135.1840 72
135.2160 135.5360 73
135.5680 135.6000 70
135.6320 135.6640 67
135.6960 136.9120 66
137.3600 137.5520 65
137.5840 139.7600 66
144.1760 144.3040 61
144.3360 144.4320 62
144.6240 144.9120 63
144.9440 145.2640 62
145.2960 145.5840 63
145.9680 146.0320 62
146.1920 146.6080 63
146.8000 147.3120 63
147.3440 147.3760 64
147.4080 147.4720 65
147.5040 147.7600 67
148.1120 148.4000 63
148.4320 148.6240 62
148.7840 148.8800 62
148.9120 149.0720 63
149.5840 149.8720 63
149.9040 150.4800 62
150.5120 151.0560 63
151.0880 151.1840 65
151.2160 151.4080 67
151.5680 151.6640 66
151.6960 152.1120 67
152.4000 153.5200 60
153.5520 153.6480 61
153.9680 154.0000 65
154.0320 154.1280 66
154.1600 154.1920 67
154.2560 155.0240 67
155.0560 155.1520 66
155.1840 155.6000 67
155.6320 155.6320 65
155.9520 156.6560 60
158.1280 158.1600 60
158.1920 158.2560 61
158.2880 158.3840 62
158.5760 159.2160 62
159.2480 159.6000 63
159.8560 160.0480 62
160.0800 160.3040 63
160.3360 160.4960 62
160.7200 160.8800 62
160.9120 161.2000 63
161.2320 161.2960 64
161.3280 161.4240 66
161.4560 161.6800 67
162.0320 162.2880 63
162.4160 162.7040 63
162.8640 162.8960 62
162.9280 163.1200 63
163.3120 163.4080 62
163.5680 163.7920 63
163.8240 163.8880 62
164.1760 164.3040 62
164.4640 164.5920 63
165.0080 165.1360 66
165.1680 166.0000 67
166.0320 166.2240 65
166.3840 166.8640 65
166.8960 166.9600 63
166.9920 167.7600 60
168.0800 168.1760 60
168.6560 168.8480 63
168.8800 169.1680 62
169.2000 169.7760 63
170.2880 170.3520 64
170.3840 170.6080 65
170.6400 170.8640 63
170.8960 174.1280 65
174.5760 174.8000 61
175.0240 175.1200 71
175.1520 175.3120 73
175.5040 175.6640 71
175.9520 176.0480 68
176.0800 176.5920 70
176.7520 176.9440 70
176.9760 177.3600 68
177.3920 177.6160 70
177.6480 178.5440 66
178.9280 179.0560 66
179.1840 179.2480 68
179.3760 180.5280 70
180.5600 180.6880 67
180.7200 180.7840 66
180.9120 181.0720 70
181.1040 181.3600 68
181.4880 181.6800 68
181.9680 182.0960 72
182.1280 182.3200 73
182.3520 182.3840 72
182.4160 182.6080 71
182.6400 183.5680 70
183.7280 183.8240 68
183.8560 184.0160 70
184.1760 184.6560 73
184.7840 184.8800 67
184.9120 185.4880 66
185.9360 185.9680 63
186.0000 186.0960 65
186.1280 186.1920 68
186.3520 186.4480 68
186.4800 186.7680 70
186.8000 187.2480 73
187.2800 187.3440 74
187.3760 187.5040 75
187.5360 187.5360 71
187.6640 187.7600 66
187.8880 188.0800 70
188.1120 188.6560 68
188.9440 189.0720 68
189.1040 189.4240 70
189.4560 189.5520 68
189.5840 189.6800 66
189.8400 190.0000 66
190.0320 190.1280 68
190.2560 190.8960 70
191.1520 191.7920 66
191.9840 192.5920 70
193.0720 193.2000 71
193.2320 194.4160 73
194.6720 194.8000 66
194.8320 195.0240 70
195.0560 195.2800 68
195.4080 195.6000 68
195.8880 196.0160 71
196.0480 196.1760 73
196.3360 196.6240 71
196.6560 196.8800 68
196.9120 197.6160 70
197.6480 197.7120 68
197.7440 197.9680 70
198.0000 198.0640 71
198.0960 198.2240 73
198.3520 198.5440 73
198.5760 198.8000 66
198.9280 199.3440 66
199.8880 200.0160 66
200.2400 200.3680 68
200.4000 200.6240 70
200.6560 201.0720 73
201.1040 201.2320 74
201.2640 201.4880 75
201.5520 201.5840 75
201.8400 202.0000 70
202.0320 202.0640 69
202.0960 202.6080 68
202.8320 202.9920 68
203.0240 203.3760 70
203.4080 203.4400 68
203.4720 205.9680 66
206.2560 206.3200 66
206.3520 206.5120 68
206.5440 206.6080 70
206.7680 206.9280 68
206.9600 208.3360 66
208.4640 208.7200 68
208.7520 209.2960 70
209.5200 209.5520 71
209.7760 209.8080 68
209.8400 210.3200 70
210.3520 210.4160 68
210.4480 210.5760 66
210.7040 210.8320 65
210.8640 211.6640 66
211.6960 211.7600 67
211.8880 211.9200 70
211.9520 212.0480 71
212.0800 212.2080 73
212.2400 212.3360 72
212.3680 215.6320 73
215.6640 215.6960 67
215.7280 217.2960 66
218.0640 218.1280 70
218.1600 218.3520 73
218.5120 218.6720 73
218.7040 218.8320 71
218.9600 219.2160 71
219.3760 219.5040 69
219.5360 220.0800 70
220.2400 220.5600 70
220.5920 220.7200 69
220.8800 221.0400 68
221.0720 221.1040 69
221.1360 221.2960 70
221.3280 221.5520 66
221.7120 222.1600 66
222.6400 222.7040 66
222.7360 222.8000 68
222.9280 222.9920 68
223.0240 223.7280 70
223.7600 223.8880 68
223.9200 224.0480 70
224.0800 224.1760 67
224.2080 224.3360 66
224.4640 224.4960 68
224.5280 224.6880 69
224.7200 225.2000 68
225.5200 225.6160 71
225.6480 225.8080 73
225.9680 226.0960 71
226.1280 226.2880 70
226.3200 226.3520 69
226.3840 226.4480 68
226.4800 226.8320 70
227.2800 227.4080 68
227.4400 227.6000 70
227.6320 227.6640 72
227.6960 228.1760 73
228.2080 228.2080 71
228.2400 228.2720 68
228.3040 228.9120 66
229.4240 229.6160 66
229.6480 229.9360 68
229.9680 230.1600 70
230.2880 230.3200 72
230.3520 230.8000 73
230.8320 230.8640 74
230.8960 231.0560 75
231.4400 231.6320 70
231.6640 231.7920 68
231.9200 232.2400 68
232.4640 232.5600 68
232.5920 232.9440 70
232.9760 233.0720 68
233.1040 233.4560 66
233.4880 233.6160 68
233.7440 233.7760 69
233.8080 234.2880 70
234.5760 234.6080 63
234.6400 235.3120 66
235.4400 235.5360 68
235.5680 236.0160 70
236.3040 236.5280 66
236.5600 236.5600 69
236.5920 236.7520 72
236.7840 237.8720 73
237.9040 237.9040 71
238.0640 238.2560 66
238.2880 238.5120 70
238.5440 238.7360 68
238.8960 239.0240 67
239.2480 239.4720 71
239.5040 239.6640 73
239.8240 239.9840 71
240.2400 240.3680 68
240.4000 241.0080 70
241.1360 241.2320 69
241.2640 241.7120 70
241.7440 242.3200 73
242.5440 242.9280 66
243.0560 243.3440 66
243.3760 243.5040 67
243.5360 243.8560 68
243.8880 244.1440 70
244.1760 244.4640 73
244.5920 244.8160 73
245.0400 245.2640 66
245.2960 245.4880 70
245.5200 246.0640 68
246.3520 246.4480 67
246.4800 246.8320 70
246.8640 249.4560 66
249.7120 249.7760 66
249.9040 250.2880 70
250.3200 250.4160 68
250.4480 251.7600 66
251.7920 251.9200 67
251.9520 252.6240 68
252.6560 252.9440 70
253.2960 253.4240 69
253.4560 253.7440 70
253.7760 253.9360 68
253.9680 255.3120 66
255.3440 255.4400 67
255.4720 255.6000 72
255.6320 257.1040 73
257.4240 257.5200 69
257.5520 257.6800 68
257.7120 260.2720 66
260.3040 260.6560 67
260.6880 260.7520 68
260.7840 260.8160 69
260.8480 261.0080 70
261.1680 261.3280 70
261.3600 261.3920 69
261.4240 261.6160 68
261.8400 262.9920 68
263.6000 263.8240 66
263.9520 264.2400 66
264.4000 264.5280 66
264.7200 264.8800 68
264.9120 264.9440 67
264.9760 266.0640 66
266.9920 267.5360 66
267.7280 267.8240 65
267.9520 268.1760 68
268.2080 269.5200 66
270.4160 270.5760 66
270.7680 271.1520 66
271.1840 271.3120 68
271.4400 271.7600 68
271.9840 273.2320 70
273.7760 273.8400 67
273.8720 274.0640 70
274.1920 274.3840 70
274.4160 274.8320 68
274.8640 274.9920 69
275.0240 275.2480 71
275.2800 276.4960 70
277.3280 277.9040 66
278.0960 278.2240 65
278.4480 278.7040 68
278.7360 280.0480 66
280.7200 281.4240 66
281.5520 282.1600 68
282.3520 283.6000 70
284.2080 284.3360 68
284.3680 284.5280 70
284.6560 284.8480 70
284.8800 284.9120 69
284.9440 285.3600 68
285.5520 285.8080 71
285.8400 286.0640 70
286.2560 289.3920 70
