6.4800 6.6080 50
7.9200 8.0160 53
8.6880 8.8480 49
11.3120 11.3760 53
11.4080 11.4400 51
11.8240 12.0160 49
13.1360 13.2320 51
13.2640 13.5840 49
13.7760 13.9040 50
17.9040 18.0320 51
18.0640 18.1600 50
18.8000 18.8960 50
19.9840 20.0480 50
20.0800 20.2080 49
21.0400 21.1040 50
21.1360 21.2000 49
21.3920 21.5200 49
21.7440 21.9040 49
22.5120 22.5440 51
22.5760 22.6720 52
24.5600 24.6880 49
24.7200 24.7520 51
24.7840 24.8800 52
24.9120 25.1680 49
25.2960 25.5200 49
28.5600 28.6240 51
48.6240 48.6240 59
48.6560 48.8160 62
48.8480 49.1680 63
49.2000 49.2640 62
49.2960 49.5520 61
49.5840 49.6160 60
49.6480 49.7760 59
49.9040 52.1120 59
52.6240 52.8160 62
52.8480 53.1680 63
53.2000 53.2320 62
53.2640 54.6080 61
54.6400 54.6720 60
54.7040 54.8320 59
54.8640 54.8960 60
54.9280 55.2480 61
55.2800 55.5360 62
56.6240 56.8160 62
56.8480 57.1680 63
57.2000 57.2320 62
57.2640 57.3280 61
57.3600 57.3920 60
57.4240 58.0320 59
58.6080 58.8320 62
58.8640 58.9920 63
59.1200 59.1840 62
59.2160 59.3440 61
59.3760 60.0480 59
60.5920 60.7840 59
60.9440 61.0720 58
61.1040 61.4880 59
61.6160 61.8080 56
61.8400 61.8720 57
61.9040 62.5760 59
62.6080 62.7680 61
62.9920 63.0240 57
63.0560 63.1840 56
63.2160 63.3440 55
63.3760 63.5680 54
64.5920 64.7840 62
64.8160 65.1680 63
65.2000 65.5840 61
65.6160 65.7760 59
65.9040 67.8560 59
68.6560 68.9760 63
69.1040 69.2000 63
69.2320 70.2880 61
70.3200 70.6080 59
70.6400 70.7680 62
70.8000 71.3120 63
72.6240 72.8480 61
72.8800 72.9760 59
73.1360 73.8080 61
73.8400 73.9680 59
74.0960 74.1600 62
74.1920 74.5760 61
74.6080 74.7680 62
74.8000 75.0880 63
75.1200 75.1840 62
75.2160 75.2800 61
75.6000 76.1120 59
76.5920 77.0080 56
77.0400 77.0720 59
77.1040 77.1040 61
77.1360 77.2000 64
77.2320 77.3280 65
77.3600 77.5200 66
77.5520 77.7760 62
77.8080 77.9360 63
78.1280 78.1920 62
78.2240 78.4480 61
78.6080 78.7040 59
78.8640 79.5040 61
79.5360 79.6960 62
80.5600 80.5920 62
80.6240 80.7200 65
80.7520 80.8800 66
81.1040 81.1680 65
81.2000 81.6160 66
81.6480 81.7760 62
81.8080 82.0320 63
82.6080 82.6720 60
82.7040 82.8320 59
82.8640 83.0880 57
83.1200 83.7280 59
84.5920 84.6240 65
84.6560 84.9440 66
85.1040 85.5840 66
85.6160 85.7440 62
85.7760 86.0960 63
86.5440 86.8000 59
87.1200 87.7600 59
88.5920 88.7200 62
88.7520 89.0720 63
89.1040 89.1360 62
89.1680 89.3600 61
89.3920 89.4880 59
89.6160 90.0320 59
90.5760 90.7680 62
90.8000 91.1840 63
91.2160 91.3440 61
91.3760 91.9840 59
92.0160 92.0800 58
92.6240 92.8160 56
92.8480 92.9120 57
93.1040 93.1040 65
93.1360 93.3280 67
93.3600 93.6480 68
93.6800 93.7120 67
93.7440 94.2880 66
94.4160 94.7360 63
94.8640 94.8960 65
94.9280 95.1200 67
95.1520 95.3440 68
95.3760 95.6320 66
96.0160 96.2400 54
96.4320 96.5280 56
96.5600 96.6240 57
96.6560 96.8800 59
97.1360 97.1680 61
97.2000 97.2960 62
97.3280 97.6480 63
97.7440 98.0640 63
98.0960 98.2560 65
98.2880 99.0240 66
99.0560 99.0560 64
99.1200 99.2800 62
99.3120 99.4720 63
99.7280 99.7920 61
100.1120 100.2080 62
100.2400 100.3040 63
100.4320 100.4640 61
100.4960 100.6880 62
100.7200 100.8480 61
100.8800 100.9120 60
101.1360 101.1680 59
101.2000 101.2960 60
101.3280 102.0000 61
102.0320 102.2240 62
102.2560 102.7360 63
102.8640 103.2480 61
103.4080 103.5360 60
104.1440 104.2080 60
104.2400 104.5280 61
104.5600 104.6560 62
104.6880 104.8480 61
104.8800 104.9440 59
105.1680 105.2000 58
105.2320 105.4560 59
105.4880 105.5520 58
105.8720 106.2560 55
106.3840 106.8000 61
106.8320 107.7920 59
108.6240 108.7840 59
108.9120 109.0720 57
109.1040 109.4880 59
109.6160 109.7440 57
109.8720 110.4480 59
110.6080 110.8000 61
110.8320 110.8960 60
110.9280 111.0240 57
111.0560 111.0880 56
111.1200 111.5680 54
112.1120 112.2400 54
112.4320 112.5600 56
112.5920 112.8800 59
113.1040 113.1680 61
113.2000 113.3280 62
113.3600 113.9360 63
114.0960 114.2560 65
114.2880 114.9920 66
115.0240 115.0880 65
115.1200 115.2800 62
115.3120 115.4720 63
116.0480 116.1120 60
116.1440 116.1760 62
116.2080 116.3040 63
116.3360 116.3680 62
116.4000 116.7520 61
116.7840 116.8160 60
116.8480 116.9760 59
117.0080 117.0400 62
117.0720 117.1360 63
117.1680 117.2640 65
117.2960 117.9040 66
118.0960 118.2880 67
118.3200 118.8000 68
118.8320 119.1520 66
119.1840 119.2160 65
119.2480 119.3760 64
120.1120 120.3360 66
120.3680 120.6240 63
120.6560 120.8160 61
120.8480 120.9120 60
121.0720 121.1360 60
121.1680 121.4880 59
121.8400 121.8400 62
121.8720 122.0000 65
122.0320 122.2560 66
122.3840 122.6720 62
122.7040 122.7680 61
122.9280 123.1520 59
123.2800 123.7920 59
124.5600 124.9120 59
124.9440 125.0080 60
125.0400 125.0400 62
125.0720 125.0720 64
125.1040 125.2320 66
125.2640 125.2960 67
125.3280 125.4240 68
125.4560 125.4880 67
125.6160 126.5120 66
126.5440 126.5760 64
126.6080 126.7680 63
126.8000 127.0240 66
127.0560 127.1520 62
127.1840 127.2800 63
127.3120 127.3760 61
127.4080 127.5360 60
127.5680 127.8880 61
127.9200 128.0800 62
128.3680 128.4640 59
128.4960 128.5600 60
128.5920 128.7840 61
128.8160 128.8480 60
128.8800 132.0160 59
132.7840 132.8160 67
132.8480 132.9120 68
132.9440 133.1360 72
133.1680 134.5440 73
134.5760 134.6080 72
134.6400 134.8320 71
136.5920 136.6880 60
136.7200 136.8800 59
136.9120 136.9440 56
137.0400 137.0720 56
137.1040 137.1680 57
137.3920 137.5520 59
138.6080 138.8320 59
138.8640 138.8960 58
138.9280 139.2480 56
140.6560 140.8160 59
140.8480 140.9120 58
140.9440 141.0720 57
142.6080 142.6400 61
142.6720 142.9280 62
142.9600 143.1840 61
143.2160 143.2800 62
143.4080 143.5680 62
143.6000 143.8560 63
143.8880 143.9200 62
143.9520 144.2720 61
144.3040 144.3360 62
144.3680 144.8480 63
144.8800 145.0400 65
145.0720 148.3680 66
148.4000 148.4960 62
148.5280 148.8480 63
148.8800 148.9120 62
148.9440 150.8320 61
154.3840 154.4480 66
154.4800 154.6080 67
160.5920 160.8480 62
160.8800 161.0720 63
161.1040 161.1360 62
161.1680 161.5520 61
161.5840 164.1120 59
164.6240 164.7840 62
164.8160 164.9440 63
165.1360 165.2000 62
165.2320 166.6080 61
166.6400 166.8320 59
166.8640 166.8960 60
166.9280 167.6000 61
168.5600 168.5920 59
168.6240 168.8160 62
168.8480 168.9760 63
169.1040 169.1680 63
169.2000 169.2320 62
169.2640 169.3600 61
169.3920 169.8720 59
169.9040 169.9680 58
170.6080 170.8000 62
170.8320 171.0560 63
171.0880 171.1520 62
171.1840 171.3120 61
171.3440 171.4720 59
171.5040 171.6640 58
171.6960 172.0160 59
172.5920 172.6560 60
172.6880 172.8480 59
172.8800 173.0400 56
173.0720 173.1040 57
173.1360 173.5520 59
173.5840 173.6480 58
173.6800 173.8720 57
173.9040 174.4160 59
174.5760 174.8960 61
174.9280 174.9920 58
175.0240 175.1520 56
175.1840 175.5680 53
176.5920 176.8160 62
176.8480 177.1040 63
177.1360 177.1680 62
177.2000 177.5840 61
177.6160 180.0480 59
180.6240 180.7520 62
180.7840 180.9760 63
181.1040 181.2000 63
181.2320 182.3200 61
182.3520 182.3840 60
182.4160 182.6080 59
182.6400 182.7680 62
182.8000 183.4080 63
183.6640 183.8240 62
183.9840 184.0480 62
184.5920 184.6880 62
184.7200 184.8480 61
184.8800 184.9760 59
185.1040 185.7760 61
186.0640 186.5760 61
186.6080 186.7680 62
186.8000 186.9920 63
187.0240 187.1200 64
187.1520 187.2800 61
187.6000 187.9200 59
187.9520 188.1120 58
188.5920 188.9120 56
188.9440 189.0080 57
189.1360 189.2000 64
189.2320 189.2960 65
189.3280 189.4880 66
189.6480 189.7760 62
189.8080 189.9680 63
190.0960 190.1920 62
190.2240 190.3520 61
190.3840 190.8960 59
190.9280 191.0240 60
191.0560 191.3760 61
191.4080 191.6000 63
192.5920 193.5840 66
193.6160 193.7440 62
193.7760 194.0000 63
194.4800 194.6080 54
194.6400 194.6400 56
194.6720 194.8000 59
194.8320 194.9600 58
195.1200 195.1840 59
195.3120 195.6320 59
196.5920 196.6560 63
196.6880 196.7200 65
196.7520 196.9760 66
197.1040 197.5840 66
197.6160 197.7120 62
197.7440 198.0000 63
198.5760 198.6080 58
198.6400 198.8320 59
198.8640 198.9600 57
198.9920 199.0880 56
199.3440 199.4080 58
199.4400 199.4720 61
199.5040 199.5680 62
199.6000 199.6640 63
200.5920 200.7840 62
200.8160 201.1360 63
201.1680 201.2000 62
201.2320 201.3280 61
201.3600 201.4240 60
201.4560 202.0320 59
202.0640 202.0960 58
202.5760 202.5760 59
202.6080 202.7680 62
202.8000 203.1200 63
203.1520 203.2800 61
203.3120 203.4720 59
203.6000 204.0800 59
204.5920 204.9120 59
205.1040 205.3280 66
205.3600 205.6480 68
205.6800 205.9680 66
206.0960 206.3520 66
206.3840 206.6080 63
206.8320 206.8960 66
206.9280 207.0240 67
207.0560 207.2160 68
207.2480 207.4080 66
208.0480 208.2400 54
208.4320 208.4960 56
208.5280 208.5600 57
208.5920 208.7520 59
208.7840 208.8160 60
208.8480 208.9120 61
209.0720 209.2960 62
209.3280 209.9360 63
210.0640 210.2560 65
210.2880 210.9920 66
211.0240 211.0560 64
211.0880 211.2800 62
211.3120 211.4720 63
212.0480 212.0480 59
212.0800 212.1440 62
212.1760 212.2720 63
212.4320 212.4960 61
212.5280 212.6880 62
212.7200 212.8480 61
212.8800 212.9120 59
213.1040 213.2960 59
213.3280 213.9360 61
214.0640 214.0960 61
214.1280 214.1920 62
214.2240 214.7360 63
214.8640 215.2480 61
216.1440 216.1760 60
216.2080 216.8160 61
216.8480 216.8800 59
217.0720 217.5200 59
217.8720 218.0640 55
218.0960 218.0960 58
218.1280 218.3520 62
218.3840 218.5120 61
218.5440 218.6400 62
218.6720 218.8640 61
218.8960 219.7920 59
220.5600 220.7840 59
220.9120 221.0400 57
221.0720 221.1360 58
221.1680 221.4880 59
221.5200 221.7120 56
221.8720 222.4480 59
222.5760 222.8000 61
222.8320 222.8960 60
222.9280 222.9280 58
222.9600 223.0880 56
223.1200 223.6000 54
224.1120 224.2720 54
224.4320 224.5920 56
224.6240 224.8800 59
225.1040 226.0320 63
226.0640 226.2880 65
226.3200 226.9920 66
227.1200 227.2800 62
227.3120 227.5040 63
228.0480 228.1120 60
228.1440 228.1760 62
228.2080 228.3040 63
228.3360 228.4000 62
228.4320 228.8160 61
228.8480 229.0400 59
229.1680 229.2320 65
229.2640 229.9360 66
230.0960 230.2560 67
230.2880 230.8000 68
230.8640 230.8960 67
230.9280 231.3120 66
231.3440 231.4400 63
232.1120 232.3360 66
232.3680 232.6240 63
232.6560 232.7840 61
232.8160 232.8480 60
232.8800 233.4240 59
233.4560 233.5520 60
233.8720 234.0320 65
234.0640 234.2560 66
234.2880 234.5120 62
234.5440 234.6400 63
234.6720 234.7360 61
234.9280 235.7280 59
236.5600 237.0080 59
237.0400 237.0400 61
237.0720 237.0720 63
237.1040 237.1680 65
237.2000 237.2960 67
237.3280 237.4560 68
237.4880 237.6800 67
237.7120 238.5440 66
238.5760 238.7040 63
238.8640 239.0880 66
239.1200 239.3120 62
239.3440 239.7920 61
239.8240 239.8880 60
240.2720 240.3360 56
240.3680 240.5280 59
240.5600 240.8160 61
240.8480 242.6080 59
242.6400 242.8960 58
244.5600 244.5600 59
244.5920 244.7840 62
244.8160 245.1360 63
245.1680 246.4160 61
246.4480 246.5120 62
246.5440 247.0880 63
247.1200 247.6960 66
247.7280 247.8880 67
250.5120 250.6080 61
250.6400 250.7360 59
250.7680 250.9280 58
252.4000 252.4320 62
252.4640 252.6560 63
252.6880 253.7120 64
253.7440 254.3520 63
254.3840 254.4480 62
254.4800 255.0240 61
255.0560 256.3360 59
256.3680 256.5920 55
256.6240 257.2000 56
257.2320 258.9600 54
259.0880 259.1520 54
