39.2160 39.2800 57
39.3120 39.3440 58
39.3760 39.5040 59
39.5360 39.6000 58
39.6320 39.6960 59
39.8880 40.0800 59
40.1120 40.2720 57
40.3040 40.3360 55
40.3680 40.5920 54
40.6240 40.6880 55
40.7200 40.8480 57
40.8800 40.9120 58
40.9440 41.0720 59
41.1040 41.3600 57
41.3920 41.5200 54
41.6800 41.8720 56
41.9040 42.0960 58
42.1280 42.2560 57
42.4480 42.6720 57
42.7040 42.8320 59
42.9600 43.0880 59
43.1200 43.8240 61
44.0800 44.2080 59
44.4000 44.5920 61
44.7520 44.9440 59
45.0720 45.2960 57
45.4880 45.5840 54
45.6160 45.6800 53
45.7440 45.9680 54
47.4080 47.4720 58
47.5040 47.9520 59
48.0800 48.2080 59
48.2400 48.2720 58
48.3040 48.4960 57
48.5280 48.6880 54
48.8800 49.0400 57
49.0720 49.2640 59
49.3920 49.5520 57
49.6800 49.7440 54
49.9040 50.1600 57
50.1920 50.3520 59
50.3840 50.8000 57
50.9280 51.2800 59
51.3120 51.3440 60
51.3760 51.8240 61
51.8560 51.9520 58
51.9840 52.2080 59
52.2400 52.3040 61
52.3360 52.4000 60
52.4320 52.9440 61
52.9760 53.0400 60
53.0720 53.3280 61
55.6640 55.7280 57
55.7600 55.8880 59
56.0160 56.1120 59
56.2720 56.4640 59
56.4960 56.6560 57
56.7840 56.9440 54
57.1040 57.2640 57
57.2960 57.4560 59
57.6480 57.7440 57
57.9360 58.0960 54
58.1280 58.3520 57
58.3840 58.5760 59
58.6080 58.7680 57
58.8960 59.1200 57
59.1520 59.6000 59
59.6320 59.7280 61
59.8560 60.2400 61
60.4320 60.6560 59
60.8160 61.0400 59
61.0720 61.2000 61
61.2320 61.2960 60
61.3280 61.5520 59
61.7760 61.8400 57
61.8720 62.0320 56
62.3200 62.7680 54
62.9600 63.1520 59
63.1840 63.4720 61
63.5040 63.5680 60
63.6000 63.6320 59
63.7920 63.8880 59
63.9200 64.4000 58
64.4320 64.4960 59
64.5280 64.6560 58
64.6880 64.7200 59
64.7520 64.7840 60
64.8160 65.0080 61
66.3520 66.4160 51
66.4480 66.8960 54
66.9280 66.9920 55
67.0240 67.0240 59
67.0560 67.2480 62
67.2800 67.5040 64
67.5360 67.6640 60
67.6960 67.7600 59
67.9200 68.0480 59
68.0800 68.1440 58
68.1760 68.2720 59
68.3040 68.4320 58
68.4640 68.5600 59
68.5920 68.6560 58
68.6880 68.7840 59
68.8160 68.9120 58
68.9440 69.0080 59
69.0400 69.1360 57
69.1680 69.2000 58
69.2320 69.2960 59
69.3280 69.4560 58
71.2160 71.2480 56
71.2800 71.3760 57
71.4080 71.4720 59
71.6960 71.6960 59
71.7280 71.8880 61
71.9200 72.3040 64
72.4320 72.8160 64
72.8480 73.0720 61
73.1040 73.1360 60
73.1680 73.3280 59
73.4560 73.6160 59
73.6480 73.8400 61
73.8720 73.9680 59
74.0000 74.0960 62
74.1280 74.1600 63
74.1920 74.3200 64
74.4800 74.9600 63
74.9920 75.1520 61
75.1840 75.4080 59
75.5360 75.7280 59
75.7600 75.9520 61
75.9840 76.1120 60
76.2400 76.2720 63
76.3040 77.0400 64
77.2640 77.3600 61
77.5840 77.8400 59
77.9680 78.1280 57
78.1600 78.2560 56
78.2880 78.3520 57
78.3840 78.4480 56
78.4800 78.5440 57
78.5760 78.6720 56
78.7040 78.8000 57
79.7920 79.8880 63
79.9200 79.9840 64
80.1120 80.6880 66
80.8800 81.0400 64
81.0720 81.2000 66
81.5200 81.7120 61
81.8720 81.9680 62
82.0000 82.1600 64
82.1920 82.2880 61
82.4160 82.5120 62
82.5440 82.5760 61
82.6080 82.6720 60
82.7040 82.7680 61
82.8000 83.2160 60
83.7920 84.1440 54
84.1760 84.3040 52
84.4320 84.5280 54
84.6880 84.6880 57
84.7200 84.7200 59
84.7520 84.7520 61
84.7840 84.8800 63
85.0080 85.2000 62
85.2320 85.4560 63
85.4880 85.6800 62
85.7120 85.7440 63
85.7760 85.9680 64
86.0000 86.0320 60
86.0640 86.1280 58
86.1600 86.4800 59
86.5120 86.5760 58
86.6080 86.6720 59
86.7040 86.7680 58
86.8000 86.9920 59
87.5360 87.6000 56
87.6320 87.6960 57
87.7280 87.7920 58
87.8240 87.8880 59
87.9200 88.0800 58
88.1120 88.2400 61
88.2720 88.9440 64
89.0720 89.2640 64
89.2960 89.5200 61
89.5520 89.7120 59
89.7440 89.9040 58
89.9360 90.0320 59
90.0640 90.2560 61
90.2880 90.3520 60
90.3840 90.4480 62
90.6080 91.3120 64
91.3440 91.4400 62
91.4720 91.5040 61
91.5360 91.6960 59
91.7280 91.8880 58
91.9200 92.0800 59
92.1120 92.4000 61
92.4320 92.4640 62
92.4960 92.9760 69
93.1360 93.3280 69
93.3600 93.3600 65
93.3920 93.4240 63
93.4560 93.7760 61
93.9360 94.0000 63
94.0320 94.1920 64
94.2240 94.4160 66
94.4480 94.4800 64
94.5120 94.6720 63
94.7040 94.8000 64
94.8320 94.9280 63
94.9600 95.0240 64
95.0560 95.1520 63
95.1840 95.2800 64
95.3120 95.4080 63
95.4400 95.5040 64
95.5360 95.6960 63
96.2080 96.2720 62
96.3040 96.3680 65
96.4960 97.1040 66
97.2640 97.3920 64
97.4240 97.4560 65
97.4880 97.6480 66
97.7760 97.8400 59
97.8720 98.1280 61
98.2560 98.2880 61
98.3200 98.5120 62
98.5440 98.9280 61
98.9600 99.0560 60
99.0880 99.1520 61
99.1840 99.2800 60
99.3120 99.3760 61
99.4080 99.5040 60
99.5360 99.6000 61
100.3680 100.4640 54
100.4960 100.5280 53
100.5600 100.7840 52
100.8160 100.9760 54
101.0080 101.0720 55
101.1040 101.1040 57
101.1360 101.1360 59
101.1680 101.1680 61
101.2000 101.6800 64
101.8720 102.1280 62
102.1600 102.3840 63
102.4160 102.4480 60
102.4800 102.5760 59
102.7040 102.7680 59
102.8000 102.9600 58
102.9920 103.0560 57
103.0880 103.1520 58
103.4400 103.7600 57
103.7920 104.0160 59
104.0480 104.1440 55
104.1760 104.2080 54
104.4640 105.0720 54
105.1040 105.2640 56
105.2960 105.3600 57
105.3920 105.4560 56
105.4880 105.6160 57
105.6480 105.7120 56
105.7440 105.8400 57
105.8720 105.9360 56
105.9680 106.7680 57
112.9760 112.9760 55
113.0080 113.1040 58
113.1360 113.4560 59
113.6800 113.8400 59
113.8720 113.9040 58
113.9360 114.0960 57
114.1280 114.2880 54
114.3200 114.4160 55
114.4480 114.4800 56
114.5120 114.6400 57
114.6720 114.8640 58
114.9920 115.1520 57
115.1840 115.3440 55
115.5040 115.6960 57
115.7280 115.9200 58
115.9520 116.0800 57
116.2720 116.4000 57
116.5280 116.6560 59
116.6880 116.7520 58
116.7840 116.8800 59
116.9120 116.9440 60
116.9760 117.6480 61
117.8080 118.0640 59
118.2240 118.4480 61
118.5760 118.7680 58
118.9280 119.1520 57
119.3440 119.5040 54
119.5360 119.8240 53
119.8560 120.0800 54
121.2000 121.3600 58
121.3920 121.7440 59
121.8720 122.0000 59
122.0320 122.0640 58
122.0960 122.3200 57
122.3520 122.4800 54
122.6720 122.8640 57
122.8960 123.0880 59
123.2160 123.3760 57
123.6960 123.9200 57
123.9520 124.0800 59
124.1120 124.1440 58
124.1760 124.3360 57
124.3680 124.4640 56
124.4960 124.5920 57
124.7200 125.1360 59
125.1680 125.6480 61
125.6800 126.0320 59
126.0640 126.1280 61
126.1600 126.2240 60
126.2560 126.5760 61
126.6080 126.6720 60
126.7040 126.8000 61
126.8320 126.8960 60
126.9280 126.9920 61
129.4560 129.5200 58
129.5520 129.7120 59
129.8400 129.9680 59
130.0960 130.2560 59
130.2880 130.3200 58
130.3520 130.4800 57
130.6080 130.6720 61
130.8640 131.0560 57
131.0880 131.2800 59
131.4400 131.5360 56
131.6960 131.8880 54
131.9200 132.0800 57
132.1120 132.1440 58
132.1760 132.3680 59
132.4000 132.5280 57
132.6880 132.9120 57
132.9440 133.3600 59
133.3920 133.5200 60
133.7120 134.0960 61
134.2560 134.4800 59
134.6400 134.8000 59
134.8320 134.9920 61
135.0240 135.3440 59
135.5040 135.6000 57
135.6320 135.7600 56
136.0480 136.0480 51
136.0800 136.1760 54
136.2080 136.2720 55
136.3040 136.5280 54
136.7520 137.0080 59
137.0400 137.2960 61
137.3280 137.3600 60
137.3920 137.4880 59
137.6480 137.7440 59
137.7760 137.8720 58
137.9040 138.0000 59
138.0320 138.1280 58
138.1600 138.2240 59
138.2560 138.3520 58
138.3840 138.4800 59
138.5120 138.5760 58
138.6080 138.7040 59
138.7360 138.8000 58
138.8320 138.9600 59
140.1120 140.1120 52
140.1440 140.2080 54
140.3360 140.7520 54
140.7840 140.8160 57
140.8480 140.8480 59
140.8800 141.1040 62
141.1360 141.3600 64
141.3920 141.5840 59
141.8080 141.9360 59
141.9680 142.0320 58
142.0640 142.1600 59
142.1920 142.2560 58
142.2880 142.4160 59
142.4480 142.5120 58
142.5440 142.6720 59
142.7040 142.7680 58
142.8000 143.1520 59
145.0400 145.0400 55
145.0720 145.1680 57
145.2000 145.2960 59
145.4880 145.5520 60
145.5840 145.6800 62
145.7120 146.1280 64
146.2560 146.6720 64
146.7040 146.9280 61
146.9600 147.1200 59
147.2800 147.4400 59
147.4720 147.6640 61
147.7920 147.7920 59
147.8240 147.8560 62
147.8880 147.9200 63
147.9520 148.1440 64
148.3040 148.3360 63
148.3680 148.7520 64
148.7840 148.9760 61
149.0080 149.1040 58
149.1360 149.2320 59
149.3600 149.5200 59
149.5520 149.7440 61
149.7760 149.8720 59
149.9040 150.0000 62
150.0320 150.8640 64
151.0560 151.1840 61
151.4080 151.4400 58
151.4720 151.6640 59
151.8240 151.9520 58
151.9840 152.0480 56
152.0800 152.1440 57
152.1760 152.2720 56
152.3040 152.3680 57
152.4000 152.4640 56
152.4960 152.7840 57
153.6160 153.6480 63
153.6800 153.7120 64
153.7440 154.4800 66
154.6400 154.8000 64
154.8320 154.9920 66
155.2160 155.5360 61
155.6640 155.7920 61
155.8240 155.9520 63
155.9840 156.0480 62
156.0800 156.0800 60
156.2080 156.3680 61
156.4000 156.4640 60
156.4960 156.5920 61
156.6240 156.6880 59
156.7200 156.7840 61
156.8160 156.9120 60
156.9440 157.0080 61
157.0400 157.1360 60
157.6800 157.9040 54
158.0320 158.1280 53
158.2560 158.3200 54
158.3520 158.4480 55
158.4800 158.5440 60
158.5760 158.5760 62
158.6080 158.6720 64
158.8000 158.9920 62
159.0240 159.2480 64
159.2800 159.3760 62
159.4080 159.5360 63
159.5680 159.7600 64
159.7920 160.2080 59
160.2400 160.3360 58
160.3680 160.4320 59
160.4640 160.5280 58
160.5600 160.6240 59
160.6560 160.7840 58
161.3920 161.7440 58
161.8720 161.9360 57
162.0960 162.2560 63
162.3840 162.4160 63
162.4480 163.0560 64
163.1840 163.3440 61
163.3760 163.5680 59
163.6960 163.7280 58
163.7600 163.8880 59
163.9200 164.3040 61
164.4640 164.4960 63
164.5280 165.0720 64
165.1040 165.2320 63
165.2640 165.3920 61
165.4240 165.9040 59
165.9360 166.2240 61
166.4160 166.8000 69
166.9920 167.1200 69
167.1520 167.1840 68
167.2160 167.2160 64
167.2480 167.6320 61
167.7920 168.0480 64
168.0800 168.2400 66
168.2720 168.6560 64
168.6880 168.7840 63
168.8160 168.8800 64
168.9120 169.0080 63
169.0400 169.1040 64
169.1360 169.2320 63
169.2640 169.3280 64
169.3600 169.4560 63
169.4880 169.5520 64
169.5840 169.7760 63
169.8080 169.9040 64
170.0640 170.0960 62
170.1280 170.6720 66
170.8000 170.9600 66
171.1200 171.1840 64
171.2160 171.2800 65
171.3120 171.4720 66
171.6320 171.9840 61
172.1120 172.2080 61
172.2400 172.3040 63
172.3360 172.3680 62
172.4000 172.5280 61
172.5600 172.6880 62
172.7200 172.7520 61
172.7840 172.8480 59
172.8800 172.9760 61
173.0080 173.0720 60
173.1040 173.2000 61
173.2320 173.2960 60
173.3280 173.4240 61
173.4560 173.6160 60
174.1600 174.2560 54
174.2880 174.3200 53
174.3520 174.6080 52
174.6400 174.8960 54
174.9280 174.9280 56
174.9600 174.9600 59
174.9920 175.0560 63
175.0880 175.5040 64
175.6960 175.9200 62
175.9520 176.0800 64
176.1120 176.1760 63
176.2080 176.2080 61
176.2400 176.3680 59
176.4960 176.5600 59
176.5920 176.9760 58
177.2320 177.3920 57
177.4240 177.4880 58
177.5200 177.7120 59
177.7440 177.7440 56
177.7760 177.9040 54
178.1600 178.6080 54
178.6400 178.8000 55
178.8320 178.9280 57
178.9600 179.0240 56
179.0560 179.1520 57
179.1840 179.2480 56
179.2800 179.4080 57
179.4400 179.5040 56
179.5360 179.6320 57
179.6640 179.7280 56
179.7600 179.8560 57
179.8880 179.9520 56
179.9840 180.0800 57
180.1120 180.1760 56
180.2080 180.3040 57
180.3360 180.4000 56
180.4320 180.4960 57
180.5280 180.6240 56
180.6560 180.7200 57
180.7520 180.8160 56
180.8480 180.9120 57
180.9440 181.0400 56
181.0720 181.1360 57
181.1680 181.2320 56
181.2640 181.3600 57
181.3920 181.4880 56
181.5200 181.6160 57
182.0960 182.1600 54
214.6400 214.8000 57
214.8320 214.8640 58
214.8960 214.9920 59
215.1840 215.3760 61
215.4080 215.8240 64
215.9520 216.3360 64
216.3680 216.5920 61
216.6240 216.8160 59
216.9760 217.0720 59
217.1040 217.1360 60
217.1680 217.3600 61
217.3920 217.4560 60
217.4880 217.5840 61
217.6160 217.8080 64
217.9680 218.0960 64
218.1280 218.4480 63
218.4800 218.6400 61
218.6720 218.8960 59
219.0240 219.1840 59
219.2160 219.4400 61
219.4720 219.5360 59
219.5680 219.6320 61
219.7600 220.5920 64
220.7200 220.8480 61
221.0720 221.2320 59
221.3600 221.4560 57
221.4880 221.5520 55
221.5840 221.6480 56
221.6800 221.7440 55
221.7760 221.8400 57
221.8720 221.9680 56
222.0000 222.0640 57
222.0960 222.1600 56
222.1920 222.2880 57
223.3120 223.3440 63
223.3760 223.4080 64
223.4400 223.5040 65
223.6320 223.8560 66
223.8880 224.0480 67
224.0800 224.2400 66
224.2720 224.3360 67
224.3680 224.5920 64
224.6240 224.7840 67
224.9440 225.2000 61
225.4240 225.4880 61
225.5200 225.5520 62
225.5840 225.6800 63
225.7120 225.8080 62
225.9680 226.0640 62
226.0960 226.1920 60
226.2240 226.2880 61
226.3200 226.4160 60
226.4480 226.5120 61
226.5440 226.6400 60
226.6720 226.8000 61
226.8320 226.8640 60
227.4080 227.4720 55
227.5040 227.5680 54
227.6960 227.8240 52
227.9520 228.0160 55
228.0480 228.1440 56
228.1760 228.2080 59
228.2400 228.2720 62
228.3040 228.4000 64
228.5600 228.7200 62
228.7520 228.9440 64
228.9760 229.1040 62
229.1360 229.2320 63
229.2640 229.4560 64
229.4880 229.5520 58
229.5840 229.9040 59
229.9360 230.0320 58
230.0640 230.1280 59
230.1600 230.2240 58
230.2560 230.3200 59
230.3520 230.4480 58
230.9600 230.9920 58
231.0240 231.0880 59
231.1200 231.2480 58
231.2800 231.4720 59
231.5680 231.6000 68
231.6320 231.6640 66
231.6960 232.1760 64
232.3040 232.3360 63
232.3680 232.7200 64
232.7520 232.7840 63
232.8160 233.0080 61
233.0400 233.0720 60
233.1040 233.2320 59
233.3600 233.3920 58
233.4240 233.5520 59
233.5840 233.7760 61
233.8080 233.9040 60
233.9360 234.0000 62
234.1600 234.6400 64
234.6720 234.8320 63
234.8640 235.0240 61
235.0560 235.1520 58
235.1840 235.6000 59
235.6320 235.9200 61
236.1120 236.5280 69
236.6880 236.8800 69
236.9120 236.9120 65
236.9440 237.2000 62
237.2320 237.2960 61
237.4880 237.6800 63
237.7120 237.9360 66
237.9680 238.0320 64
238.0640 238.1920 63
238.2240 238.3520 64
238.3840 238.4480 63
238.4800 238.5760 64
238.6080 238.7040 63
238.7360 238.8000 64
238.8320 239.2160 63
239.2480 239.3120 64
239.3440 239.3760 63
239.7600 239.7920 63
239.8240 240.6240 66
240.8160 240.9760 64
241.0080 241.1040 66
241.1360 241.2000 65
241.3280 241.7440 61
241.7760 241.8400 62
241.8720 242.0640 63
242.0960 242.1280 62
242.1600 242.4800 61
242.5120 242.5760 59
242.6080 242.6720 61
242.7040 242.7680 60
242.8000 242.8960 61
242.9280 242.9920 60
243.0240 243.3120 61
243.8240 243.9520 54
243.9840 244.0160 53
244.0480 244.1120 52
244.2080 244.2400 51
244.3040 244.3360 53
244.3680 244.5920 55
244.6240 244.6560 57
244.6880 244.7200 62
244.7520 244.9120 65
244.9440 245.2320 64
245.3600 245.3600 58
245.3920 245.3920 61
245.4240 245.5840 63
245.6160 245.8080 64
245.8400 246.2560 59
246.2880 246.6720 58
246.7040 246.7680 59
246.9600 247.1840 57
247.2160 247.4400 59
247.4720 247.5040 56
247.6000 247.6000 56
247.8240 247.8880 55
247.9200 247.9840 54
248.0160 248.2720 55
248.3040 248.3680 54
248.4000 248.4320 55
248.4640 248.7840 57
248.8160 248.8800 56
248.9120 248.9760 57
249.0080 249.0720 56
249.1040 249.2000 57
249.2320 249.2960 56
249.3280 249.4240 57
249.4560 249.5200 56
249.5520 249.7120 57
250.0640 250.1920 58
251.5040 251.6000 62
251.6320 251.7280 58
251.7600 251.8880 60
252.0800 252.0800 60
252.1120 252.2720 63
252.3040 252.6880 65
252.8160 253.0400 65
253.0720 253.2000 66
253.2320 253.2640 65
253.2960 253.2960 64
253.3280 253.3280 63
253.3600 253.4880 62
253.5200 253.5200 61
253.5520 253.7120 60
253.8400 254.0000 60
254.0320 254.0640 61
254.0960 254.2240 62
254.2560 254.3520 61
254.3840 254.4480 62
254.5760 254.7040 65
254.8640 255.3120 65
255.3440 255.3440 63
255.3760 255.5040 62
255.5360 255.5360 61
255.5680 255.7920 60
255.9200 256.1120 60
256.1440 256.1440 61
256.1760 256.3040 62
256.3360 256.4000 61
256.4320 256.4960 62
256.6240 257.0720 65
257.1040 257.2320 64
257.2640 257.3280 65
257.3600 257.4240 66
257.4560 257.4880 65
257.5200 257.6800 62
257.7120 257.7120 61
257.7440 257.7440 60
257.9360 258.0960 60
258.2240 258.2880 59
258.3200 258.5120 58
258.5440 258.6080 57
258.6400 258.7360 58
258.7680 258.8640 57
258.8960 258.9600 58
258.9920 259.0880 57
259.1200 259.4400 58
260.2080 260.3040 65
260.4960 260.4960 66
260.5280 261.1360 67
261.1680 261.2320 68
261.2640 261.4240 65
261.4560 261.4560 66
261.4880 261.6160 67
261.6480 261.6480 66
261.8400 262.0000 62
262.0320 262.0960 63
262.1280 262.1280 62
262.3840 262.4160 62
262.4480 262.4480 63
262.4800 262.5440 65
262.5760 262.5760 63
262.6080 262.7360 62
262.8960 262.9920 62
263.0240 263.0880 60
263.1200 263.1200 61
263.1520 263.2160 62
263.2480 263.3440 61
263.3760 263.4400 62
263.4720 263.5360 61
263.5680 263.7280 62
263.7600 263.8240 61
263.8560 263.9840 62
264.0160 264.0160 61
264.2080 264.5280 55
264.5600 264.7520 53
264.8800 265.0720 57
265.1040 265.1040 60
265.1360 265.1680 62
265.2000 265.2000 63
265.2320 265.2960 65
265.4240 265.6160 63
265.6480 265.8400 65
265.8720 265.8720 64
265.9040 265.9680 63
266.0000 266.1280 64
266.1600 266.3520 65
266.3840 266.3840 63
266.4160 266.4800 59
266.5120 266.7040 60
266.7360 266.8000 61
266.8320 266.8960 59
266.9280 266.9280 60
266.9600 266.9600 61
266.9920 267.1200 66
267.1520 267.2160 61
267.2480 267.2480 60
267.2800 267.4080 59
267.4400 267.5680 60
267.9520 267.9520 59
267.9840 268.3040 60
268.3360 268.4640 59
268.4960 268.4960 60
268.5280 268.6880 62
268.7200 269.6800 65
269.7120 269.9040 62
269.9360 269.9360 61
269.9680 270.1600 60
270.2880 270.2880 58
270.3200 270.3520 59
270.3840 270.4800 60
270.5120 270.7040 62
270.7360 270.8000 61
270.8320 270.8320 63
270.8640 270.9280 64
271.0560 271.7280 65
271.7600 271.7920 63
271.8240 271.9520 62
271.9840 271.9840 61
272.0160 272.4960 60
272.5280 272.5280 61
272.5600 272.7200 62
272.7520 272.8160 63
273.0080 273.0080 68
273.0400 273.4560 70
273.6160 273.8080 70
273.9680 274.2560 62
274.4160 274.6080 65
274.6400 274.6400 66
274.6720 274.8640 67
274.8960 274.8960 66
274.9280 275.0240 65
275.1840 275.3440 65
275.3760 275.4400 64
275.4720 275.5680 65
275.6000 275.6640 63
275.6960 276.1440 65
276.1760 276.2400 66
276.2720 276.2720 65
276.3040 276.6880 63
276.7200 276.7200 66
276.7520 277.0400 67
277.0720 277.1360 71
277.1680 277.1680 70
277.2000 277.3920 68
277.4240 277.4560 67
277.5200 277.5200 64
277.7440 277.8720 66
277.9040 277.9680 67
278.0000 278.0000 68
278.0320 278.0960 67
278.1280 278.1280 64
278.2240 278.6400 62
278.6720 278.7680 63
278.8000 278.8000 64
278.8320 278.9280 65
278.9600 278.9600 64
278.9920 279.1840 62
279.2160 279.3120 63
279.3440 279.3440 62
279.3760 279.4400 61
279.4720 279.8880 62
279.9200 279.9840 63
280.0160 280.3360 62
280.3680 280.4000 61
280.7840 280.9120 55
280.9440 280.9440 54
280.9760 281.0080 53
281.0720 281.1040 53
281.1360 281.2000 54
281.2320 281.5200 55
281.5520 281.5520 56
281.5840 281.5840 61
281.6160 281.6800 65
281.7120 281.8400 66
281.8720 282.0960 65
282.2880 282.2880 62
282.3200 282.5120 63
282.5440 282.7360 65
282.7680 282.7680 63
282.8000 282.9600 60
282.9920 283.0560 58
283.0880 283.0880 60
283.1200 283.1840 61
283.2160 283.2800 59
283.3120 283.3760 60
283.4080 283.4720 59
283.5040 283.6000 60
283.7920 283.8560 59
283.8880 284.0160 58
284.0480 284.0800 59
284.1120 284.1760 60
284.2080 284.2080 61
284.2400 284.3040 60
284.3360 284.3360 58
284.3680 284.3680 56
284.4000 284.5280 55
284.7840 284.9440 55
284.9760 285.4240 56
285.4560 285.7440 58
285.7760 285.8400 57
285.8720 286.7040 58
286.7360 286.8000 57
286.8320 287.9520 58
