44.5920 45.2000 54
45.2320 45.5520 57
45.5840 45.6160 58
45.6480 45.8400 59
45.8720 46.0960 57
46.1280 46.2240 56
46.2560 46.2880 54
46.3200 46.4160 52
46.5440 46.6080 52
47.1200 47.1520 53
47.1840 47.6320 54
47.6640 48.4320 55
48.4640 48.4640 53
48.4960 48.5920 50
48.7840 49.0080 51
49.0400 49.1680 52
49.2000 50.0640 53
51.5040 51.5360 53
51.5680 52.0480 54
52.0800 52.1440 53
52.2720 52.3680 53
52.4000 52.4320 54
52.4640 52.5600 56
52.7520 52.8480 59
52.8800 52.9120 58
52.9440 53.2320 57
53.5840 53.6480 51
54.2880 54.4160 53
54.4480 54.6080 52
54.7360 55.6640 50
55.6960 55.7280 51
55.7600 55.9200 52
55.9520 56.1440 54
56.1760 56.2080 53
56.2400 57.6800 52
60.3040 60.3680 53
60.4000 61.1040 54
61.1360 61.4880 57
61.5200 61.6800 58
61.7120 62.0320 57
62.0640 62.0960 56
62.2240 62.3200 51
62.4160 62.4480 51
63.0240 63.1520 54
63.3760 63.4080 53
63.4400 63.5040 54
63.5360 63.9520 55
63.9840 64.1120 54
64.1440 64.3680 55
64.4960 64.7200 57
64.7520 64.7840 56
64.8160 65.1680 55
65.2960 66.3840 54
67.2800 67.3120 55
67.3440 67.4080 57
67.5360 67.6320 59
67.6640 67.7280 57
67.7600 68.1120 59
68.1440 68.4960 61
68.6880 69.0080 57
69.0400 69.1680 59
69.3280 69.4240 54
69.5840 69.6800 53
70.1600 70.4800 53
70.5120 72.1760 50
73.7440 74.0000 53
74.0320 74.0640 52
74.0960 74.0960 50
74.3840 74.6720 50
74.7040 74.8000 49
74.8320 74.8960 50
75.0560 75.1200 50
75.2480 75.3440 50
75.4720 75.5360 50
77.8400 77.8400 62
77.8720 77.8720 64
77.9040 78.1600 66
78.2880 78.3200 65
78.3520 78.6720 66
78.7040 78.8640 67
78.8960 79.0560 66
79.0880 79.3120 67
79.3440 80.4960 64
80.5280 80.6240 66
80.6560 81.0400 64
81.0720 81.1040 63
81.1360 81.6800 62
81.8080 81.9680 62
82.0000 82.0000 57
82.3200 82.5440 53
82.5760 82.7680 54
82.8000 82.9600 56
82.9920 83.6640 57
83.6960 83.7920 56
83.8240 83.9200 57
84.0480 84.1440 57
84.8800 84.8800 54
84.9120 84.9120 56
84.9440 84.9440 59
84.9760 86.5120 62
86.7040 86.8640 56
86.8960 87.1520 57
87.1840 87.4080 55
87.4400 87.9200 54
87.9520 88.2080 52
88.2400 88.4320 54
88.4640 88.5280 52
88.5600 88.6560 51
88.6880 89.3600 52
89.3920 89.5520 51
91.0560 91.0880 61
91.1200 91.2160 62
91.2480 91.2800 63
91.3120 91.4080 64
91.5360 91.6640 64
91.6960 91.7920 66
91.8240 92.0160 65
92.1760 92.2720 64
92.3040 92.4000 65
92.4320 92.5600 67
92.5920 92.7840 66
92.8160 92.9760 67
93.0080 93.4560 66
93.4880 94.4800 64
94.5120 94.8320 65
94.8640 94.9600 64
94.9920 95.7920 62
95.8240 96.2080 61
96.3360 97.0400 57
97.0720 97.2320 59
97.2640 97.3280 57
97.3600 97.7120 56
97.7440 97.8080 57
98.5760 98.7040 56
98.7360 98.7680 57
98.8000 99.4720 59
99.5040 99.8560 61
99.8880 100.1760 62
100.3040 100.3360 60
100.3680 100.4000 61
100.4320 100.5600 62
100.5920 100.8160 63
100.8480 101.4880 62
101.6800 101.7120 55
101.7440 101.8080 56
101.8400 102.0000 57
102.1600 102.6400 55
102.7360 102.7360 59
102.7680 102.8320 62
102.8640 102.9280 63
102.9600 103.9840 64
104.0160 104.0480 65
104.0800 104.7200 66
104.7520 105.1360 62
105.1680 105.2320 60
105.2640 105.5520 62
106.0640 106.0960 63
106.1280 106.3840 66
106.5440 106.5440 63
106.5760 106.7040 65
106.7360 106.9280 66
106.9600 107.1200 67
107.1520 107.3120 66
107.3440 107.4720 67
107.5040 107.5680 66
107.6000 108.6240 64
108.6560 108.7200 63
108.7520 108.8800 65
108.9120 109.2960 64
109.3280 109.3600 63
109.3920 110.1600 62
110.1920 110.2560 61
110.6080 110.7040 53
110.7360 111.0240 54
111.0560 111.0880 56
111.1200 112.0480 57
112.1760 112.4320 57
113.2000 113.2320 61
113.2640 114.7040 62
114.9600 114.9920 55
115.0240 115.1200 56
115.1520 115.3440 57
115.3760 115.4080 56
115.4400 115.6960 55
115.7280 116.1120 54
116.1440 116.4640 52
116.4960 116.6880 54
116.7200 117.9680 52
119.2800 119.3120 57
119.3440 119.3440 59
119.3760 119.4400 62
119.4720 119.7280 63
119.7600 119.8880 64
119.9200 119.9840 66
120.0160 120.2400 65
120.4000 120.6240 65
120.6560 121.6480 66
121.6800 121.8400 65
121.8720 121.9360 63
121.9680 122.5440 64
122.6720 122.8320 64
122.8640 122.9600 66
122.9920 123.0880 65
123.1200 123.1840 64
123.3120 123.8560 62
123.8880 124.1760 59
124.2080 124.6240 61
124.6560 124.6880 59
124.8800 125.0400 57
125.0720 125.2960 59
125.3280 125.6480 57
125.6800 125.9040 56
125.9360 126.0320 58
126.6080 126.6720 56
126.8000 127.0240 57
127.0560 127.6960 59
127.7280 128.1120 61
128.1440 128.7840 62
128.8160 129.0080 63
129.0400 129.7120 62
129.9360 130.1280 56
130.1600 130.2240 57
130.2560 130.2880 58
130.3200 130.3200 60
130.3520 130.5760 64
130.6080 130.8960 66
130.9280 130.9920 61
131.0240 131.2480 62
131.2800 132.2720 64
132.3040 132.8480 66
132.8800 133.8720 62
133.9040 134.0320 60
134.0640 136.9440 62
136.9760 137.3600 61
137.4560 137.5520 62
172.7840 172.8800 53
173.0400 173.2000 54
173.5200 174.0960 54
174.1280 174.4800 57
174.5120 174.7360 59
174.7680 174.9920 57
175.0240 175.0880 56
175.1840 175.2160 53
175.2480 175.4720 52
175.9840 176.0480 53
176.0800 176.4960 54
176.5280 177.0080 55
177.1680 177.2960 55
177.3280 177.3280 53
177.3600 177.4880 50
177.6800 177.9040 51
177.9360 178.0320 52
178.0640 178.4800 53
178.5120 178.7360 54
178.7680 178.8000 53
180.4000 180.4320 53
180.4640 180.9440 54
180.9760 181.0080 53
181.1360 181.2000 53
181.2320 181.2640 54
181.2960 181.3280 55
181.3600 181.4240 56
181.6160 181.7440 59
181.7760 181.8080 58
181.8400 182.0640 57
182.0960 182.1280 56
182.3200 182.3840 51
182.5120 182.5760 51
183.1840 183.2480 53
183.2800 183.4720 52
183.6320 184.5920 50
184.6240 184.8160 52
184.8480 185.0080 54
185.0400 185.1040 53
185.1360 186.0960 52
186.1280 186.4480 51
189.1680 189.2320 53
189.2640 189.9680 54
190.0000 190.3200 57
190.3520 190.5760 58
190.6080 190.9600 57
190.9920 190.9920 55
191.1200 191.2800 51
191.3120 191.3760 52
191.5360 191.6000 52
191.9200 192.0480 54
192.2720 192.2720 52
192.3040 192.3680 54
192.4000 192.8480 55
192.9760 193.0080 54
193.0400 193.2320 55
193.3600 193.6480 57
193.7760 194.0320 55
194.1600 195.2480 54
196.2080 196.3040 57
196.3360 196.3680 58
196.4000 196.4960 59
196.5280 196.6240 57
196.6560 196.9760 59
197.0080 197.3920 61
197.6480 197.8720 57
197.9040 198.0640 59
198.2240 198.3200 54
198.3520 198.5440 53
199.0880 199.3760 53
199.4080 200.9120 50
202.6400 202.7680 54
202.8000 202.8640 53
202.8960 202.9280 52
202.9600 203.0880 50
203.2480 203.7600 50
203.9200 204.0160 51
204.1120 204.2080 50
204.3680 204.4320 50
206.7040 206.7360 63
206.7680 207.0240 66
207.1840 208.2400 66
208.2720 209.3600 64
209.3920 209.4880 66
209.5200 209.9680 64
210.0000 210.5440 62
210.6720 210.8320 62
210.8640 210.8640 60
211.2160 211.4080 53
211.4400 211.6640 54
211.6960 211.8240 56
211.8560 212.7840 57
212.9120 212.9760 57
213.7440 213.7760 55
213.8080 213.8080 58
213.8400 213.8720 61
213.9040 215.3120 62
215.6000 215.7920 56
215.8240 216.0480 57
216.0800 216.3040 55
216.3360 216.7840 54
216.8160 217.0720 52
217.1040 217.2960 54
217.3280 218.3200 52
219.9520 220.1760 62
220.2080 220.5280 64
220.5600 220.8800 66
221.0720 221.1360 64
221.1680 221.2640 65
221.2960 222.3200 66
222.3520 223.3440 64
223.3760 223.6000 66
223.6320 223.8240 64
223.8560 224.7200 62
224.7520 225.0720 61
225.2320 225.3600 57
225.3920 225.6160 59
225.6480 225.9040 57
225.9360 226.1280 59
226.1600 226.9600 57
227.2480 227.3120 57
227.4400 227.6320 56
227.6640 228.3360 59
228.3680 228.7200 61
228.7520 229.1040 62
229.1360 229.2000 59
229.2320 229.2960 61
229.3280 229.4240 62
229.4560 229.6800 63
229.7120 230.3840 62
230.5120 230.6720 56
230.7040 230.9280 57
230.9600 230.9920 56
231.0240 231.5040 55
231.6320 231.6960 62
231.7280 232.8800 64
232.9120 233.5520 66
233.5840 234.0000 62
234.0320 234.2880 61
234.3200 234.4480 62
234.9600 234.9920 64
235.0240 235.2800 66
235.4080 235.8240 65
235.8560 236.4320 67
236.4640 238.2560 64
238.2880 238.8000 62
238.9600 239.3120 61
239.5360 239.9200 54
239.9520 241.2960 57
242.0960 243.6000 62
243.8240 244.2720 57
244.3040 244.5920 55
244.6240 244.9760 54
245.1040 245.3280 52
245.3600 245.5840 54
245.6160 246.8320 52
248.1440 248.2080 57
248.2400 248.2400 60
248.2720 248.4960 63
248.6240 249.0080 65
249.0400 249.1040 66
249.2960 249.5200 64
249.5520 249.9360 66
249.9680 250.1280 67
250.1600 250.5120 66
250.5440 250.6400 65
250.6720 251.7280 64
251.7600 251.8560 66
251.8880 251.9200 65
251.9520 252.0800 64
252.2080 252.7840 62
252.8160 253.0720 59
253.1040 253.6160 61
253.7440 253.9360 57
253.9680 254.1920 59
254.2240 254.3200 57
254.3520 254.6720 56
254.7040 254.7680 57
254.8000 254.8960 58
255.6960 255.8880 57
255.9200 256.6240 59
256.6560 257.0080 61
257.0400 257.6480 62
257.6800 257.8720 63
257.9040 258.0320 62
258.1600 258.4480 62
258.8000 259.1840 56
259.2160 259.4720 64
259.5040 259.7920 66
259.8240 260.1440 62
260.1760 261.1360 64
261.1680 261.7120 66
261.7440 262.7360 62
262.7680 262.8960 60
262.9280 265.6160 62
265.6480 266.1920 61
276.1760 276.3360 61
