0.8160 0.9440 58
1.1040 1.2640 59
1.4240 1.8080 61
1.8400 2.1600 62
2.3840 2.4480 62
2.4800 2.5120 63
2.5440 2.7040 64
2.8960 3.1840 62
3.7600 3.9840 61
4.0160 4.0800 62
4.2720 4.4960 62
4.6560 4.8160 61
5.0080 6.0320 59
10.5760 10.6080 58
10.6400 10.7040 59
10.8960 11.0240 59
11.1520 11.3440 59
11.4720 11.8560 61
11.8880 12.1760 62
12.4000 12.4960 63
12.5280 13.4880 64
13.5200 13.6800 63
13.7120 13.9360 64
13.9680 14.4800 62
14.5120 14.5760 63
14.6080 15.0880 64
15.3120 15.4720 65
15.5040 16.3360 66
18.4480 18.5440 65
18.5760 18.7360 66
18.9600 19.2480 67
19.2800 19.4720 65
19.5040 19.7920 66
19.8240 19.8560 65
19.8880 20.2720 64
21.0080 21.2960 66
21.4240 21.6160 67
21.8720 22.0320 64
25.1680 25.2320 61
25.2640 25.5200 62
25.6800 26.0000 62
26.1920 26.2880 62
26.3200 26.3840 63
26.4160 27.1200 64
27.3120 28.4320 61
30.4480 30.5760 59
30.7040 30.8960 59
31.0240 31.3760 61
31.4080 31.7280 62
31.9200 32.0160 63
32.0480 32.2080 64
32.3680 32.5280 64
32.6880 32.8160 64
32.8480 32.9120 63
33.0400 33.2640 62
33.4560 33.7440 61
33.9040 34.0960 62
34.2560 34.5760 61
34.6080 35.5680 59
39.6000 39.6640 59
39.8240 39.9520 59
40.1120 40.3680 59
40.4000 40.7840 61
40.8160 41.0400 62
41.3280 41.3920 62
41.4240 41.4560 63
41.4880 41.6480 64
42.6080 42.7040 63
42.7360 42.8960 64
43.1200 43.4720 62
43.7280 44.0480 64
44.3360 44.4320 65
44.4640 45.9680 66
47.3120 47.4080 65
47.4400 47.6000 66
47.7920 47.8560 66
47.8880 48.1120 67
48.1440 48.3360 65
48.3680 48.5920 66
48.6240 48.6560 65
48.6880 49.1680 64
49.6480 49.9360 66
50.0640 50.3520 67
50.5440 51.0240 64
52.7520 53.3920 59
53.6160 53.7120 60
53.7440 53.9360 62
54.1600 54.1920 61
54.2240 55.6320 62
57.0400 57.1360 62
57.1680 57.2320 63
57.2640 57.8400 64
58.0640 58.1600 64
58.1920 58.2240 65
58.2560 61.5840 66
65.2320 65.3280 65
65.3600 66.0000 66
66.2560 66.3840 69
66.4160 67.0880 71
67.2480 67.3440 70
67.3760 67.5680 71
67.7600 68.0480 71
68.0800 68.2400 70
68.2720 68.8480 71
68.9760 69.6800 69
69.8400 70.0640 69
70.4160 70.7040 64
70.9600 71.9520 66
73.7760 73.9040 64
73.9360 74.8320 66
74.8640 74.9600 69
74.9920 75.0240 70
75.0560 75.5040 71
75.6960 75.8240 70
75.8560 76.0160 71
76.1760 76.4000 71
77.0400 77.1360 71
77.1680 77.2640 72
77.2960 77.5520 73
77.9040 78.0000 73
78.0320 78.3200 74
78.6080 78.6400 71
78.6720 78.7680 72
78.8000 79.6000 73
80.0160 81.1680 71
82.5120 82.7360 66
82.8640 82.9280 67
82.9600 83.3120 66
83.6640 83.7920 70
83.8240 84.3040 71
84.5600 84.6560 69
84.6880 84.7520 70
84.7840 85.2960 71
85.5840 85.6160 69
85.6480 85.7440 70
85.7760 86.1600 71
86.1920 86.5760 69
87.5360 87.6000 67
87.6320 87.6640 68
87.6960 88.3040 69
88.5600 88.7520 64
88.9760 89.1040 65
89.1360 90.0320 66
90.9280 91.0240 65
91.0560 91.6960 66
91.8240 92.2080 67
92.2400 92.9440 66
93.2320 93.5840 64
93.8400 94.0960 64
94.2880 94.6080 64
94.8640 95.5360 62
96.5920 97.0400 62
97.0720 97.6160 61
98.8640 99.3440 62
99.7280 99.8560 60
99.8880 100.3680 61
100.4000 100.4640 60
100.4960 101.8400 59
122.1280 122.2560 58
122.3840 122.5440 59
122.6720 123.0240 61
123.0560 123.3440 62
123.5040 123.6320 62
123.6640 124.0480 64
124.2080 124.4640 62
124.8160 124.9440 61
124.9760 125.1360 62
125.2960 125.5200 62
125.6800 125.8400 61
126.0320 127.1200 59
130.3840 130.4800 59
130.6720 130.8000 59
130.9280 131.0880 59
131.2480 131.3760 62
131.4080 131.6000 61
131.6320 131.8880 62
132.0800 132.1760 62
132.2080 132.2400 63
132.2720 132.4000 64
132.5280 132.5920 63
132.6240 133.1040 64
133.1360 133.3280 63
133.3600 133.5520 64
133.5840 134.1920 62
134.2240 134.2560 63
134.2880 134.5440 64
134.7680 134.8960 65
134.9280 136.4640 66
137.5520 137.6160 65
137.6480 137.8400 66
138.0000 138.0640 66
138.0960 138.3200 67
138.3520 138.4800 65
138.5120 138.6720 66
138.7040 138.7680 65
138.8000 139.5040 64
139.6960 139.9840 66
140.1120 140.3040 67
140.5600 141.6800 64
143.3440 143.4080 61
143.4400 143.7280 62
143.8880 144.2080 62
144.4320 144.5280 62
144.5600 145.4560 64
145.7440 145.8080 62
145.8400 146.8320 61
147.6640 147.8560 58
147.8880 148.0800 59
148.2400 148.4000 60
148.4320 148.7200 61
148.7520 148.9120 62
149.0720 149.1680 62
149.2000 149.2320 63
149.2640 149.3600 64
149.5520 149.6160 64
149.6480 149.7120 63
149.8720 150.2240 64
150.3840 150.5760 62
150.7360 150.9920 61
151.1840 151.3760 62
151.5680 151.8240 61
152.0160 153.0080 59
155.7920 155.8880 58
156.0160 156.2080 59
156.3360 156.5280 59
156.5600 156.9440 61
156.9760 157.1680 62
157.3920 157.5200 62
157.5520 157.7440 64
157.9360 157.9680 63
158.0000 158.1280 64
158.2880 158.4480 62
158.4800 158.6080 64
158.8320 159.0880 62
159.2800 159.3120 63
159.3440 159.4720 64
159.7280 159.8560 65
159.8880 161.5200 66
161.5520 161.5840 65
162.5760 162.6400 64
162.6720 162.8320 66
163.0240 163.1200 66
163.1520 163.3120 67
163.3440 163.4720 65
163.5040 163.7280 66
163.7600 164.3360 64
164.5920 164.9440 66
164.9760 165.1680 67
165.3920 166.2880 64
167.3120 167.7920 59
168.0480 168.0800 60
168.1120 168.1440 61
168.1760 168.4000 62
168.5600 169.8400 62
169.8720 169.9680 61
170.4160 170.5440 59
171.2480 171.2800 61
171.3120 171.3760 62
171.4080 171.4720 63
171.5040 171.9840 64
172.1760 172.3040 64
172.3360 172.3680 65
172.4000 177.6160 66
177.6480 177.6800 65
178.8000 178.8960 65
178.9280 179.5040 66
179.8560 179.9840 70
180.0160 180.8800 71
180.9120 181.2320 70
181.4240 181.6800 71
181.7120 181.9040 70
181.9360 182.8640 71
182.8960 182.9920 70
183.0240 183.5680 69
183.6960 184.1760 69
184.4000 184.5600 64
184.8160 185.7120 66
186.8320 186.8640 64
186.8960 186.9280 65
186.9600 187.7920 66
187.8240 187.9200 70
187.9520 188.4960 71
188.5600 188.7200 70
188.7520 188.9120 71
189.0720 189.2640 71
189.7440 189.9680 72
190.0000 190.3520 73
190.4800 190.6080 73
190.6400 190.8960 74
190.9280 191.1520 72
191.1840 193.4240 73
193.4560 193.4880 72
193.5200 194.3520 71
194.3840 194.3840 69
194.4160 194.8000 65
194.9280 195.0560 65
195.0880 195.2160 66
195.2480 195.4080 65
195.4400 195.6320 66
195.6640 195.6640 68
195.6960 195.7920 70
195.8240 196.3040 71
196.4320 196.6880 70
196.7200 197.1680 71
197.4240 197.5520 69
197.5840 197.8400 71
198.0000 198.4480 69
199.0240 199.0560 67
199.0880 199.1520 68
199.1840 200.0800 69
200.3040 200.4960 64
200.7200 200.8480 64
200.8800 200.9120 65
200.9440 201.3600 66
201.9680 202.0000 64
202.0320 202.0960 65
202.1280 202.7360 66
202.7680 203.0880 67
203.1200 203.6320 66
203.8880 204.1760 64
204.4000 204.5920 64
204.8480 205.1680 64
205.3920 206.1920 62
206.8960 207.2480 62
207.2800 207.9200 61
208.4320 208.4640 60
208.4960 208.7200 61
208.7520 209.1040 62
209.3600 209.4560 60
209.4880 209.7760 61
209.9360 211.9520 59
217.9360 218.0000 64
218.0320 218.1280 65
218.1600 219.0560 66
219.4080 219.5360 70
219.5680 220.3680 71
220.5280 220.6560 70
220.6880 221.2640 71
221.4560 221.5840 70
221.6160 222.5440 71
222.8000 222.8320 68
222.8640 223.4400 69
223.6000 223.9200 69
224.1120 224.4640 64
224.4960 224.5280 63
224.6880 224.7520 67
224.7840 225.6480 66
226.3200 226.4480 65
226.4800 227.2480 66
227.2800 227.3760 70
227.4080 228.0160 71
228.0480 228.1440 70
228.1760 228.7520 71
229.6160 229.7440 71
229.7760 229.9680 72
230.0960 230.1920 73
230.2240 230.3520 74
230.5760 230.7680 72
230.8000 232.4960 73
232.5280 232.5600 72
232.9120 233.7440 71
233.7760 233.8080 70
233.8400 233.8720 68
233.9040 234.2880 66
234.4800 234.7360 66
234.7680 235.1200 65
235.5680 235.7280 69
235.7600 235.7920 70
235.8240 236.2400 71
236.4000 236.5920 70
236.6240 237.1040 71
237.3600 237.5200 70
237.5520 237.7760 71
237.8080 237.8720 70
237.9040 238.4160 69
238.6080 238.7360 68
238.7680 239.7920 69
239.9840 240.0800 65
240.1120 240.2720 64
240.4640 240.6880 65
240.7200 241.1360 66
241.5840 241.7440 65
241.7760 242.5120 66
242.5440 242.9920 67
243.0240 243.2480 66
243.8240 244.1440 64
244.3680 244.9120 64
245.1360 245.8720 62
247.1200 247.4720 62
247.5040 248.1120 61
249.1040 249.2000 61
249.2320 249.8400 62
249.8720 250.0960 59
250.1280 250.1600 60
250.1920 250.8960 61
250.9280 251.7600 59
251.7920 251.8880 58
251.9200 253.2000 59
259.5680 259.6640 61
259.6960 259.7920 62
260.0160 260.4960 66
260.5280 260.5600 65
260.5920 260.6880 64
260.8160 261.3600 62
261.3920 261.5200 63
261.5520 264.1760 64
264.2080 264.3040 63
264.3360 264.9120 64
264.9440 265.0400 63
265.0720 265.1360 64
266.3520 266.5440 62
266.7360 267.2800 66
267.3120 267.3440 65
267.3760 267.5360 64
267.5680 267.6960 65
267.7280 268.0800 62
268.1120 268.2720 63
268.3040 271.6640 64
272.7840 273.0080 62
273.2960 273.3920 65
273.4240 273.8720 66
273.9040 274.2240 65
274.2560 274.2880 63
274.3200 274.4800 62
274.5120 274.6720 63
274.7040 275.5040 64
275.5360 275.5680 63
275.6000 275.8560 62
275.8880 276.0160 58
276.0480 276.1440 59
276.1760 276.2080 56
276.4000 276.4320 56
276.4640 276.4960 57
276.5280 276.5600 58
276.5920 276.9440 59
276.9760 277.2320 62
277.2640 280.4960 59
281.5520 281.5840 57
281.6160 281.7440 60
281.7760 282.0000 62
282.1600 282.3200 62
282.3520 282.4800 63
282.5120 283.0560 64
283.0880 283.1840 65
283.2160 283.3120 64
283.3440 283.4400 62
283.7280 284.0160 59
284.0480 284.1120 58
284.5600 284.9760 62
285.0080 285.1680 66
285.2000 285.3920 64
285.4240 285.6160 63
285.6480 285.7120 64
285.7440 285.7760 65
285.8080 285.9360 66
285.9680 286.0320 64
286.0640 286.0960 63
286.1280 286.9280 62
286.9600 286.9920 60
287.0240 287.1200 59
287.1520 287.2480 57
287.2800 287.8560 54
287.8880 287.9840 55
288.3040 288.4960 59
288.5280 288.6560 62
288.6880 292.2400 59
295.3760 295.5680 62
295.6960 295.6960 62
295.7280 295.8880 65
295.9200 296.4000 66
296.4320 296.4960 64
296.5280 296.6880 65
296.7200 297.2320 62
297.2640 297.3920 63
297.4240 298.0640 64
298.0960 298.9920 63
299.0240 299.3440 64
299.3760 299.6960 63
299.7280 299.8560 64
299.8880 299.9200 63
301.8080 301.9680 62
302.1600 302.3200 64
302.3520 302.7360 66
302.7680 302.8640 64
303.0560 303.1200 63
303.1520 303.3440 62
303.4720 303.8240 63
303.8560 306.9920 64
307.0240 307.1520 63
309.5200 309.5840 62
309.7120 309.7760 61
309.8080 309.9040 62
309.9360 310.1920 64
310.2240 310.2560 65
310.2880 310.7040 66
310.7360 310.8640 64
310.8960 310.9280 63
310.9600 311.5680 62
311.6000 311.6320 63
311.6640 312.6560 64
312.6880 312.7840 63
312.8160 313.2320 64
313.2640 313.5200 63
313.5520 313.8080 64
313.8400 314.2560 63
314.2880 315.3120 64
315.3440 315.4720 63
315.5040 316.4640 64
317.3920 317.7120 64
317.7440 317.7760 69
317.8080 317.9040 70
317.9360 318.8000 71
318.8960 318.9920 64
319.0240 319.2800 66
319.3120 319.3440 69
319.3760 320.1760 71
320.2080 320.3040 70
320.3360 320.4960 71
320.5280 320.5600 67
320.5920 320.6880 66
320.7200 320.7520 65
320.8800 320.9440 71
320.9760 321.0720 70
321.1040 321.6160 71
321.6480 321.7440 72
321.7760 322.5760 74
322.6080 322.6720 69
322.7040 322.8000 70
322.8320 323.0240 71
323.0560 323.2160 70
323.2480 329.9360 71
331.1520 331.2800 63
331.3120 331.4080 62
331.5680 331.6000 64
331.6320 331.7280 65
331.7600 332.1760 66
332.2080 332.3040 64
332.4960 332.5280 61
332.5600 332.7840 62
332.9440 333.1040 62
333.1360 333.6800 64
333.7120 333.8080 65
333.8400 333.9360 64
333.9680 334.0640 62
334.1920 334.9600 59
334.9920 334.9920 57
335.0240 335.0880 54
335.1200 335.1520 53
335.2800 335.2800 55
335.3120 335.4080 58
335.4400 335.8240 59
335.8560 336.0480 62
336.0800 336.2720 59
336.3040 336.4000 58
336.4320 337.0720 59
337.1040 337.2320 58
337.2640 339.7600 59
340.8160 340.8800 59
340.9120 340.9760 60
341.0080 341.0400 61
341.0720 341.5520 62
341.5840 341.6160 61
341.8080 341.8720 62
341.9040 342.0000 63
342.0320 342.9280 64
342.9600 343.0560 65
343.0880 343.1840 64
343.2160 343.3120 62
343.4400 344.4640 59
344.8480 344.8480 59
344.8800 345.2960 62
345.3280 345.4880 66
345.5200 345.6480 64
345.7760 346.1280 64
346.1600 346.2880 66
346.3200 346.4480 64
346.4800 347.2800 62
347.3120 347.5040 59
347.5360 347.6320 57
347.6640 348.4000 54
348.4320 348.5280 53
349.2320 349.2640 58
349.2960 349.6160 59
349.7760 349.9680 62
350.0000 351.1520 59
351.1840 351.2800 58
351.3120 351.3760 59
351.4080 351.4720 58
351.5040 351.6000 59
351.6320 351.6960 58
351.7280 352.0480 59
352.0800 352.1440 58
352.1760 353.5200 59
