16.3040 16.5600 55
16.8480 16.9120 62
16.9440 16.9760 63
17.0080 17.1680 64
17.2000 17.2640 63
17.2960 18.0000 62
18.1600 18.2880 62
18.3200 18.3520 63
18.3840 18.6400 64
18.6720 18.7040 63
18.7360 19.5040 62
19.9200 19.9840 56
20.0160 20.1760 55
20.2080 20.3040 56
20.5600 20.5600 59
20.5920 20.6240 63
20.6560 20.8480 64
20.8800 20.9120 63
20.9440 21.7120 62
22.0640 22.0960 63
22.1280 22.3200 64
22.3520 22.3840 62
22.4160 23.9520 60
25.2640 25.5520 60
25.5840 26.0320 62
26.1600 26.3840 64
26.4160 26.4480 62
26.4800 27.4080 60
27.4400 27.7600 62
28.0160 28.2720 64
28.3040 28.3680 61
28.4000 28.6240 60
28.9440 29.4560 65
29.4880 30.5760 64
31.2160 31.3120 57
31.6000 31.6960 63
31.7280 31.8560 65
31.8880 31.9200 64
31.9520 31.9840 63
32.0160 32.8480 62
32.9760 33.0080 62
33.0400 33.1040 63
33.1360 33.4240 64
33.4560 33.4880 63
33.5200 34.2560 62
35.2480 35.2800 62
35.3120 35.3440 63
35.3760 35.6320 64
35.6640 36.7520 62
36.7840 37.1040 64
37.1360 37.1680 62
37.5200 38.7040 60
39.8560 40.1440 60
40.3040 40.7840 62
40.8160 40.8480 63
40.8800 41.1040 64
41.1360 41.1680 62
41.2000 41.2640 61
41.2960 42.0640 60
42.0960 42.1280 61
42.1600 42.4480 62
42.6720 42.6720 61
42.7040 42.9600 64
42.9920 43.0240 62
43.0560 43.3760 60
43.5360 43.6320 59
43.6640 43.8880 62
44.0160 44.4320 60
44.9120 44.9760 57
45.0080 45.0400 59
45.0720 45.7120 60
45.8400 45.9040 60
45.9360 46.1280 59
46.3200 46.3840 56
46.4160 46.6400 55
46.8640 47.0880 60
47.2160 47.5680 59
48.6240 48.6880 57
48.7200 49.4560 60
49.4880 49.8400 59
49.9680 50.0320 56
50.0640 50.2240 55
50.4480 50.5120 58
50.5440 50.7360 60
50.8640 51.2160 59
51.2480 51.2800 57
51.3120 51.3760 56
51.4080 51.6320 55
52.3360 52.3680 59
52.4000 52.6880 60
52.7200 53.1680 59
53.2000 53.4240 60
53.4560 53.5200 59
53.6480 53.7120 56
53.7440 53.9680 55
54.0960 54.1600 58
54.1920 54.2240 59
54.2560 54.3840 60
54.5440 54.9600 59
54.9920 55.3120 60
55.6640 56.3360 62
56.5920 57.7120 62
57.7440 58.0960 60
58.2880 58.6080 64
58.6400 59.1840 62
59.6000 59.6640 62
59.6960 59.7600 63
59.7920 60.4320 65
60.5920 60.8800 64
60.9120 61.1040 63
61.1360 61.5840 65
61.6160 61.8720 67
61.9040 62.0320 62
62.0640 62.3520 64
62.3840 62.8000 62
63.3440 64.0800 64
64.2400 64.7840 62
64.8160 64.9440 64
64.9760 65.0400 63
65.1680 65.4880 62
65.6800 66.0960 58
66.1280 66.4800 60
66.8960 67.0880 63
67.1200 67.8240 65
67.8560 68.2080 64
68.2400 68.4000 63
68.4320 68.7840 65
68.8160 68.9440 63
68.9760 69.1360 65
69.3280 69.5200 62
69.5520 69.9680 60
70.1600 70.3200 60
70.3520 70.5440 62
70.6720 70.9920 62
71.0240 71.2160 60
71.2480 71.8880 62
71.9200 72.1440 60
72.1760 72.4320 62
72.4640 72.5920 60
72.7840 73.1040 69
73.1360 73.4560 67
73.4880 73.5200 65
73.7440 73.8080 61
73.9360 74.0000 65
74.0320 74.3200 67
74.3520 75.1840 65
75.2160 75.4400 64
75.5680 75.6640 62
75.6960 75.9520 64
75.9840 76.3040 62
76.5280 76.5600 64
76.5920 77.2320 65
77.5840 77.6480 66
77.6800 77.9680 67
78.0000 78.1920 65
78.2240 78.3840 64
78.4160 78.6400 65
78.8000 79.0880 64
79.2480 79.3120 62
79.3440 79.3760 63
79.4080 79.6000 64
79.6320 80.0480 62
80.0800 80.2400 61
80.2720 80.4320 62
80.4640 80.4960 61
80.5280 80.8800 60
81.2320 81.2960 62
81.3280 82.0000 65
82.0640 82.5760 65
82.6080 82.7680 67
82.8960 83.0240 66
83.0560 83.2480 67
83.4080 83.6320 65
83.6640 83.7600 64
83.7920 84.3040 65
84.3360 84.4320 62
84.8800 85.0400 67
85.0720 85.5520 68
85.7120 85.8080 67
85.8400 86.2240 68
86.2560 86.2880 69
86.3200 86.5120 70
86.5440 86.7040 69
86.7360 86.8960 70
86.9280 87.0880 69
87.1200 87.4080 68
87.4400 87.6000 67
87.6320 87.8240 68
87.8560 88.2080 67
88.5920 88.6880 66
88.7200 88.9760 67
89.0080 89.0400 66
89.0720 89.8720 65
89.9040 90.1280 64
90.1600 90.1600 62
90.2560 90.3840 62
90.4160 90.6400 64
90.6720 90.7680 63
90.8000 91.0880 62
91.1840 91.1840 62
91.2160 91.2800 64
91.3120 91.9520 65
92.2400 92.4000 65
92.4320 92.6560 67
92.6880 92.7520 66
92.7840 93.5520 65
93.5840 93.9040 64
93.9360 94.1280 63
94.1600 94.3520 64
94.3840 94.4160 63
94.4480 94.7680 62
94.8960 94.9920 61
95.0240 95.2160 62
95.2480 95.6320 60
95.8880 95.9520 63
95.9840 96.0480 64
96.0800 96.4960 65
96.7200 97.0720 65
97.2320 97.2960 66
97.3280 97.5200 67
97.6480 97.7120 66
97.7440 98.0000 67
98.0320 98.1280 66
98.1600 98.9920 65
99.0240 99.1200 64
99.3440 99.3440 63
99.3760 100.2720 65
100.4000 100.4640 66
100.4960 100.6240 65
100.8800 100.9440 66
100.9760 101.2960 67
101.5520 101.7120 65
101.7440 101.8400 64
101.8720 101.8720 62
101.9040 102.0000 59
102.0320 102.4800 60
102.5120 102.7360 62
103.0560 103.3120 62
103.3440 104.2720 60
104.4000 104.5280 60
119.3440 119.4080 56
119.5360 119.6320 55
119.6640 119.7280 56
119.9520 119.9520 59
119.9840 120.0480 62
120.0800 120.2400 64
120.4320 121.4240 62
121.4560 121.7120 64
121.7440 121.7760 63
121.8080 122.0320 62
122.1920 122.6400 62
123.0560 123.3120 55
123.3440 123.5040 56
123.5360 123.6000 59
123.6320 123.6640 62
123.6960 123.7280 63
123.7600 123.9840 64
124.0160 124.9120 62
125.1680 125.3920 64
125.4240 125.4880 63
125.5200 127.1840 60
128.3360 128.6240 60
128.6560 129.2320 62
129.2640 129.4240 64
129.4560 129.5200 63
129.5520 129.5840 61
129.6160 129.8720 60
130.2240 130.4160 60
130.5440 130.8320 62
131.0560 131.2800 64
131.3120 131.3120 62
131.3440 131.4720 59
131.5040 131.7280 60
131.8880 131.9520 63
131.9840 132.4320 65
132.4640 133.5200 64
134.1600 134.2240 68
134.2560 134.3840 70
134.7040 134.9600 64
134.9920 135.0240 63
135.0560 135.8560 62
136.1440 136.4320 64
136.4640 137.4880 62
137.7760 138.1280 55
138.4480 138.4800 63
138.5120 138.7040 64
138.7360 139.5040 62
139.7600 139.8560 70
139.8880 140.0800 64
140.1120 140.1440 62
140.1760 140.2080 61
140.2400 141.8720 60
142.8640 143.0240 59
143.0560 143.3440 60
143.3760 143.6320 62
143.8880 144.1440 64
144.3360 144.6240 60
144.8480 144.8480 58
144.8800 145.2000 60
145.2320 145.5520 62
145.7440 145.7760 63
145.8080 146.0320 64
146.0640 146.0960 62
146.1280 146.4160 60
146.6400 146.6720 60
146.7040 146.9920 62
147.0240 147.5040 60
148.1120 148.1440 59
148.1760 149.1040 60
149.1360 149.1680 59
149.3600 149.6480 55
149.6800 149.7440 56
149.8720 149.9040 59
149.9360 150.0640 60
150.2560 150.5760 59
150.6080 150.6400 57
150.6720 151.0240 55
151.7920 151.8240 59
151.8560 152.8160 60
153.2320 153.2960 56
153.4240 153.4880 57
153.5200 153.5840 58
153.6160 153.7760 60
153.9360 154.2560 59
154.2880 154.3200 57
154.3520 154.3840 56
154.4160 154.6080 55
155.4720 155.6640 60
155.7920 156.1120 60
156.2400 156.4640 60
156.4960 156.5600 59
156.5920 156.6880 56
156.7200 156.9760 55
157.2320 157.6160 60
157.6480 158.0320 59
158.0640 158.3520 60
158.3840 158.4480 59
158.6400 158.6400 58
158.6720 158.6720 60
158.7040 158.8960 62
159.0240 159.3120 62
159.3440 159.3760 61
159.4080 159.4400 60
159.6000 160.3040 62
160.4320 160.5280 61
160.5600 160.7840 62
160.8160 161.2000 60
161.2320 161.3280 59
161.4880 161.6480 64
161.6800 161.7120 63
161.7440 162.2560 62
162.7040 162.8320 63
162.8640 163.5360 65
163.5680 164.1760 64
164.2080 164.6240 65
164.6560 164.8480 67
165.0720 165.1360 63
165.1680 165.3600 64
165.3920 165.5200 63
165.5520 165.8720 62
166.4160 166.4160 60
166.4480 166.4480 62
166.4800 167.1200 64
167.1520 167.1840 63
167.2160 167.5680 62
167.7280 167.7920 67
167.8240 168.0480 64
168.2080 168.4640 62
168.7520 168.8160 59
168.8480 168.8800 58
168.9120 169.0720 57
169.1040 169.5520 60
170.0320 170.0640 63
170.0960 170.1600 64
170.1920 170.8320 65
170.9600 171.2800 64
171.4400 171.5040 63
171.5360 171.7920 65
171.9520 172.0160 62
172.0480 172.2400 64
172.2720 172.3360 63
172.3680 172.5280 62
172.5600 172.7200 60
172.7520 172.8800 61
172.9120 173.0720 60
173.2000 173.2960 60
173.3280 173.3600 61
173.3920 173.5520 62
173.5840 173.6800 61
173.7120 174.5120 62
174.6400 175.0240 62
175.1840 175.5360 62
175.5680 175.6960 60
175.8880 175.9200 68
175.9520 176.0800 69
176.1120 176.2080 68
176.2400 176.5600 67
176.5920 176.5920 65
176.9760 177.0080 65
177.0400 177.0720 66
177.1040 177.3600 67
177.3920 177.5520 65
177.6800 177.7120 62
177.7440 177.8080 64
177.8400 178.1920 65
178.2240 178.4800 64
178.5120 178.7360 62
178.7680 178.9600 64
178.9920 179.1520 63
179.1840 179.3120 62
179.5680 179.6320 64
179.6640 180.0160 65
180.0480 180.2720 64
180.6880 180.7200 65
180.7520 181.0400 67
181.0720 181.2320 65
181.2640 181.4560 64
181.4880 181.7120 65
181.9040 182.1280 64
182.2880 182.3840 62
182.4160 182.6080 64
182.6400 183.1200 62
183.1520 183.2800 61
183.3120 183.5040 62
183.5360 183.5680 61
183.6000 183.9840 60
184.4000 184.4000 61
184.4320 184.4320 63
184.4640 184.9760 65
185.1360 185.1360 62
185.1680 185.2000 64
185.2320 185.6480 65
185.6800 185.9360 67
185.9680 186.0640 66
186.0960 186.2880 67
186.4480 186.7360 65
186.8640 187.4400 65
187.4720 187.5040 63
187.9520 188.5920 68
188.7520 188.7840 66
188.8160 188.8800 67
188.9120 189.1680 68
189.2000 189.2960 67
189.3280 189.5840 70
189.6160 189.7760 69
189.8080 190.0000 70
190.1280 190.5440 68
190.5760 190.6720 67
190.7040 190.8960 68
190.9280 191.3760 67
191.6640 191.6960 65
191.7280 191.7600 66
191.7920 192.0160 67
192.0480 192.3680 66
192.4000 192.8800 65
192.9120 193.1680 64
193.2000 193.3920 62
193.4240 193.6480 64
193.6800 193.7120 63
193.7440 194.1600 62
194.1920 194.3200 63
194.3520 194.9280 65
194.9600 194.9920 64
195.3120 195.3120 63
195.3440 195.4400 65
195.4720 195.7280 67
195.7600 196.0480 65
196.0800 196.1760 64
196.2080 196.4320 65
196.5920 196.9120 64
197.0720 197.1680 62
197.2000 197.4240 64
197.4560 197.7440 62
197.7760 197.8400 61
198.0000 198.0640 61
198.0960 198.2560 62
198.2880 198.7680 60
198.9600 199.1520 64
199.1840 199.5360 65
199.7920 199.8880 64
199.9200 200.1440 65
200.3040 200.3040 64
200.3360 200.3680 66
200.4000 200.5920 67
200.6880 200.8160 66
200.8480 201.0720 67
201.1040 201.1680 66
201.2000 201.3600 65
201.3920 201.5840 64
201.6160 201.6800 66
201.7120 202.1280 65
202.4480 203.2160 65
203.2480 203.3760 64
203.5040 203.7600 65
203.9520 204.0800 66
204.1120 204.4000 67
204.6560 204.6560 63
204.6880 204.8480 65
204.8800 204.9440 64
204.9760 205.0080 62
205.0400 205.5840 60
205.6160 205.8080 62
206.0640 206.6400 62
206.6720 208.1760 60
210.1280 210.1920 67
210.2240 210.4480 68
210.4800 210.7040 67
210.7360 210.9600 65
210.9920 211.1200 67
211.1520 211.5680 65
211.6640 211.7920 63
211.8240 212.0800 65
212.2080 212.6240 63
212.6560 212.7520 65
212.7840 213.0720 66
213.1040 213.4240 65
213.8080 213.8720 66
213.9040 214.0960 68
214.1280 214.1600 67
214.1920 214.3520 66
214.3840 214.5760 65
214.6080 214.8320 66
214.9600 215.3440 65
215.3760 215.5360 64
215.5680 215.7920 65
215.8240 216.2080 63
216.2400 216.4640 62
216.4960 216.6560 63
216.6880 216.7840 62
216.8160 216.9760 61
217.0080 217.1360 62
217.4560 217.5520 65
217.5840 218.1600 66
218.1920 218.3200 65
218.3520 218.5760 66
218.6080 218.7680 67
218.8000 218.9920 68
219.1200 219.2160 67
219.2480 219.4080 68
219.5680 220.4960 66
220.5280 220.5280 64
221.0720 221.2000 68
221.2320 221.6800 69
221.8400 221.9680 67
222.0000 222.4160 69
222.4480 222.7040 71
222.7360 222.8960 70
222.9280 223.1200 71
223.2480 223.6960 69
223.7280 223.8240 68
223.8560 224.0800 69
224.1120 224.4960 68
224.8800 224.9760 67
225.0080 225.2000 68
225.2320 225.2640 67
225.2960 225.4560 66
225.5840 225.6160 65
225.6480 225.8720 66
225.9040 226.3200 65
226.3520 226.5120 63
226.5440 226.5760 64
226.6080 226.8320 65
226.8640 227.2160 63
227.3440 227.3760 64
227.4080 227.5040 65
227.5360 227.8240 66
227.8560 228.1440 65
228.4000 228.4640 68
228.4960 228.6240 67
228.6560 228.8480 68
228.8800 228.9120 67
228.9440 229.1040 66
229.1360 229.2960 65
229.3280 229.5520 66
229.6800 230.5440 65
230.5760 230.8320 63
230.8640 230.9920 60
231.0880 231.0880 60
231.1200 231.1840 62
231.2160 231.2800 63
231.5360 231.6640 60
231.6960 231.8240 61
232.0480 232.1120 64
232.1440 232.2400 65
232.2720 232.6880 66
232.9120 232.9760 65
233.0080 233.2320 66
233.3600 233.4560 67
233.4880 233.6480 68
233.7760 233.9040 67
233.9360 234.1600 68
234.1920 234.3840 67
234.4160 234.4480 66
234.4800 234.6080 65
234.7360 235.1200 66
235.1520 235.2800 65
235.5680 235.9200 65
235.9520 236.2400 66
236.2720 236.4640 65
236.6240 236.8480 66
237.0720 237.2000 67
237.2320 237.5840 68
237.7120 238.0960 65
238.2560 238.7360 61
238.7680 238.9600 63
239.2800 239.7280 63
239.7600 242.1280 61
