14.8640 14.9920 52
15.4400 16.0160 52
16.0480 16.3680 53
16.6240 16.9440 53
17.2960 17.4240 52
22.1920 22.5440 52
22.5760 22.6400 53
22.8640 22.9600 55
23.3120 23.6320 57
23.9840 24.2080 55
27.8560 28.0160 57
28.0480 28.4000 58
28.9440 29.3280 55
29.5840 30.5760 55
30.7360 30.8320 55
30.8640 31.0880 56
31.2480 31.7600 54
32.6560 32.8800 50
34.8960 35.8240 50
35.8560 36.0160 51
36.0480 36.1120 52
36.2720 36.3680 52
36.4000 36.5280 53
36.5600 36.6880 54
36.8480 36.9120 56
36.9440 37.0400 57
37.0720 37.3280 58
38.0960 38.2880 55
38.3200 39.6000 54
41.9040 42.2560 51
42.4480 42.8000 52
42.9280 43.0240 52
43.0560 43.6640 53
44.1760 44.4320 50
44.6240 45.5200 49
48.0800 48.1440 49
48.3680 48.7840 50
48.9440 48.9760 50
49.0080 49.1680 51
49.2000 49.2960 52
49.4560 49.4880 53
49.5200 49.7120 54
49.7440 49.8720 55
49.9040 50.0000 56
50.0320 50.1280 57
50.1600 50.2560 58
50.2880 50.3520 57
50.6720 50.9280 54
51.0880 51.2800 56
51.3120 52.4000 55
54.5120 54.8320 52
54.8640 55.0240 53
55.0560 55.1200 54
55.1520 55.3120 56
55.3440 55.6640 57
55.6960 55.8240 56
56.7840 57.0080 58
57.0400 57.3280 57
58.3520 58.4480 53
58.6400 58.8320 55
59.1840 59.7600 59
60.7520 60.9440 58
60.9760 61.0400 59
61.0720 61.4560 60
61.4880 61.6480 59
61.6800 61.7120 58
61.8400 61.9040 57
61.9360 62.0640 56
62.0960 62.2880 55
62.3200 62.7040 54
62.7360 62.8320 55
62.8640 62.8960 56
62.9280 63.0240 57
63.0560 63.2160 58
63.4400 63.6960 55
63.9840 64.2080 56
64.2400 65.0080 55
65.1680 65.2640 55
67.1840 67.3440 56
67.3760 67.4400 57
67.4720 67.5040 58
67.5360 67.6000 59
67.6320 67.6640 62
67.6960 67.7920 63
67.8240 68.0160 62
68.0480 68.2080 60
68.2400 68.4960 59
68.6240 68.8800 58
68.9120 69.5840 59
69.6160 69.8400 60
70.4480 70.5120 61
70.7360 70.8000 60
70.8320 70.9600 61
70.9920 71.1200 60
71.1520 71.3760 59
71.4080 71.6320 57
71.7600 72.1120 56
72.1440 72.2720 57
72.3040 72.3680 58
72.5280 72.7200 60
72.7520 73.0080 62
73.6480 73.8080 62
73.8400 73.8720 63
73.9040 74.2560 64
74.2880 74.3520 63
74.3840 74.5440 62
74.5760 74.6080 61
74.6400 74.8320 60
74.8640 75.0880 59
75.2160 75.6320 58
75.7600 75.8880 64
75.9200 76.1760 66
76.2080 76.2720 65
76.3040 76.7520 64
76.7840 76.9760 63
77.0080 77.6800 64
77.8720 77.9040 62
77.9360 78.0640 63
78.0960 78.2880 64
78.3200 79.3120 63
79.9200 80.0480 54
80.0800 80.1440 55
80.1760 80.4320 56
80.4640 80.9120 57
80.9440 80.9760 58
81.0080 81.2960 59
81.4560 81.4880 65
81.5200 81.6480 66
81.6800 81.7760 67
81.8080 82.0960 68
82.2560 82.3840 66
82.4160 82.4800 65
82.5120 82.8640 64
83.0240 83.0560 62
83.0880 83.1840 63
83.2160 83.4080 64
83.5360 83.9840 63
84.0160 84.1120 64
84.1440 84.1760 65
84.2080 84.3040 66
84.3360 84.3360 63
84.3680 84.3680 61
84.5600 84.9760 56
85.0080 85.3280 57
86.0960 86.3200 53
86.3520 86.5440 54
86.5760 86.6080 55
86.6400 87.1200 56
87.1520 87.3760 57
87.4080 87.5040 58
87.6640 87.6960 63
87.7280 87.8240 64
87.8560 88.0480 66
88.3680 88.5600 64
88.5920 88.7520 62
88.7840 88.9120 63
89.0400 89.1360 62
89.1680 89.2640 61
89.2960 89.6160 63
89.6480 90.0320 61
90.1920 90.4160 62
90.7680 91.4080 56
91.9520 92.1440 54
92.3680 92.7520 52
92.7840 93.1040 54
93.1360 93.2640 55
93.2960 93.5840 56
93.7440 93.7760 61
93.8080 94.0000 62
94.0320 94.6400 63
95.1200 95.1520 59
95.1840 95.3760 58
95.4080 95.4400 59
95.4720 95.6960 60
95.8240 96.1760 61
96.3040 96.6880 63
96.8160 97.0400 63
97.0720 97.6480 64
98.0640 98.2880 59
98.3200 98.7360 56
98.8960 99.5040 56
99.5360 99.7600 57
99.9520 100.1120 66
100.1440 100.3040 68
100.3360 100.4320 67
100.4640 100.8160 66
100.9440 101.2960 64
101.4560 101.5840 61
101.6160 101.6480 62
101.6800 102.7360 63
102.7680 102.8960 62
102.9280 102.9920 61
103.0240 103.8880 59
104.5280 104.7200 54
104.7520 104.8480 55
104.8800 105.0400 56
105.0720 105.3920 57
105.5840 105.9360 59
106.0960 106.2560 66
106.2880 106.3200 67
106.3520 106.5760 68
106.6080 106.6400 67
107.0880 107.1200 64
107.1520 107.2480 65
107.2800 107.4720 66
107.6320 107.7920 62
107.8240 107.9840 64
108.1440 108.5280 63
108.6880 108.7520 64
108.7840 108.8160 65
108.8480 108.9760 66
109.0080 109.0400 62
109.2000 109.3280 56
109.3600 109.8720 57
109.9040 110.0000 56
110.7040 110.8320 52
110.8640 110.9600 53
110.9920 111.0560 54
111.2160 111.3440 55
111.3760 111.6960 56
111.7280 111.9520 57
111.9840 112.0480 58
112.2080 112.4000 64
112.4320 112.4640 65
112.4960 112.7520 66
113.2640 113.3920 62
113.4240 113.4560 63
113.4880 113.6480 64
113.6800 113.9040 63
113.9360 113.9680 62
114.0000 114.1280 61
114.2880 114.3520 61
114.3840 114.5120 62
114.7680 114.9280 62
114.9600 114.9920 63
115.0240 115.1520 64
115.1840 115.2160 62
115.3440 116.2400 56
116.8480 116.9760 59
117.0080 117.6800 60
117.9040 118.0000 66
118.0320 118.2560 67
118.4160 118.5120 64
118.5440 118.8640 66
119.2160 119.7600 59
119.9200 120.2720 59
120.4000 120.4000 65
120.4320 120.6240 69
120.6560 120.7840 71
121.0080 121.2960 62
121.4880 121.6160 62
121.6480 121.7120 63
121.7440 122.3840 64
122.9920 123.2800 55
123.3120 123.5360 57
123.5680 123.8560 59
124.0800 124.2400 66
124.2720 124.3680 68
124.4000 124.4320 67
124.5600 124.7840 66
125.2320 125.7440 61
125.7760 125.9040 63
125.9360 125.9680 62
126.0960 126.3520 62
126.3840 126.5760 63
126.6080 128.1760 64
128.8480 128.8800 68
129.0720 129.2640 62
129.2960 129.5520 66
129.5840 129.7120 71
129.7440 129.7760 66
130.0960 130.4800 67
130.6720 130.8000 62
130.9280 130.9920 65
131.0240 131.1520 64
131.1840 131.4720 61
131.5040 131.6000 58
133.4560 133.7120 59
133.7440 133.7440 61
133.7760 133.8080 63
133.8400 133.8720 64
133.9040 133.9680 65
134.0000 134.0000 63
134.0320 134.0320 61
134.0640 134.1280 58
135.5680 135.6640 52
136.1120 136.1440 56
137.3600 137.3920 67
138.0960 138.1600 67
139.8560 139.9520 62
139.9840 140.2400 61
140.2720 140.2720 59
140.3040 140.4000 57
140.4320 140.7520 58
140.7840 141.0080 55
141.0400 141.2320 56
143.5040 143.6320 60
143.8240 143.8560 58
144.2080 144.3680 56
144.9120 145.0400 67
145.2320 145.3600 65
145.3920 145.4240 63
145.9680 146.0320 68
146.1920 146.2240 66
146.2560 146.3840 67
146.4160 146.5120 61
146.5440 146.6400 59
147.2480 147.4720 70
147.5360 147.8880 71
148.0480 148.1440 66
148.1760 148.1760 63
148.9440 149.0400 62
149.2320 149.2320 67
149.2640 149.5200 69
149.7120 149.7440 64
149.7760 149.8720 65
149.9040 150.0320 64
150.0640 150.0960 62
150.5760 150.7040 60
150.7360 150.8320 59
150.9600 151.1200 56
151.3440 151.5360 61
151.5680 151.7600 58
151.8880 152.0160 62
152.0800 152.3680 62
152.4000 152.5600 61
152.7520 152.8160 61
153.6160 153.7440 67
153.9360 154.1280 60
157.2000 157.4240 49
157.4560 157.7440 50
157.9040 157.9360 51
157.9680 158.2240 52
158.4160 158.6080 53
158.6400 158.9280 54
158.9600 159.0880 55
159.1200 159.2480 54
159.2800 159.3440 53
159.6320 159.7600 50
159.7920 159.8880 49
159.9200 161.0080 48
163.6000 163.6960 49
163.7280 163.9200 50
164.0480 164.2400 50
164.2720 164.3680 51
164.4000 164.4960 52
164.6240 164.9440 54
165.1360 165.2640 57
165.2960 165.4240 58
165.4560 165.5200 57
165.6800 165.9680 55
166.1920 166.3520 56
166.3840 167.1200 55
169.0400 169.3600 52
169.3920 169.4880 51
169.5200 169.7120 52
169.7440 169.8720 53
170.0960 170.2240 58
170.3840 170.4480 57
170.4800 170.5760 56
170.6080 170.6400 55
170.8000 170.8960 51
170.9280 171.0880 50
171.1200 171.2480 51
171.2800 171.3440 52
171.7280 171.8560 58
171.8880 172.0800 57
172.6560 173.0400 50
173.0720 173.1360 51
173.1680 173.2960 52
173.4240 173.4560 54
173.4880 173.6160 55
173.6480 173.6800 58
173.7120 173.8080 59
174.0000 174.7680 59
175.4400 175.6640 58
175.6960 175.8560 59
175.8880 176.1440 60
176.3040 176.4640 59
176.4960 176.5600 58
176.5920 176.7200 57
176.7520 176.8160 56
176.8480 176.9760 55
177.1040 177.2640 55
177.4880 177.8080 56
178.0960 178.3200 53
178.3520 178.4800 54
178.6400 180.0160 55
181.4560 181.6160 55
181.6480 181.7760 56
181.9040 181.9360 61
181.9680 182.0000 62
182.0320 182.1920 63
182.2240 182.3520 62
182.3840 182.4160 61
182.4480 182.5440 60
182.5760 182.8640 59
182.8960 183.1200 58
183.2480 183.6320 59
183.6640 183.8560 58
183.8880 184.1760 59
185.0400 185.1040 58
185.1360 185.1680 59
185.2000 185.3920 60
185.4240 185.6800 59
185.8080 185.9680 57
186.0960 186.2240 56
186.3520 186.5440 57
186.5760 186.6400 58
186.8000 187.0880 60
187.1200 187.3760 62
187.9200 188.0800 62
188.1120 188.2080 63
188.2400 188.4640 64
188.4960 188.5280 63
188.5600 188.7520 62
188.7840 188.8480 61
188.8800 189.0720 60
189.1040 189.3280 59
189.4560 189.7440 58
189.9360 190.0000 63
190.0320 190.2560 66
190.4480 190.9600 64
190.9920 191.0880 62
191.1200 191.6960 64
191.9840 192.2400 63
192.2720 192.4320 64
192.5600 192.7840 65
192.8160 193.4560 66
193.4880 193.5200 65
194.0640 194.2240 55
194.2560 194.5760 56
194.6080 194.9920 57
195.1200 195.4400 59
195.6000 195.7280 66
195.7600 195.8240 67
195.8560 196.0480 68
196.4000 196.4640 66
196.4960 196.5920 65
196.6240 196.9440 63
197.1360 197.2640 63
197.2960 197.5520 64
197.6800 198.0960 63
198.1280 198.2240 64
198.2560 198.2880 65
198.3200 198.4800 66
198.5120 198.5120 64
198.5440 198.5440 62
198.6720 199.1840 57
199.2160 199.4080 56
200.2720 200.4640 53
200.4960 200.6560 54
200.6880 200.7840 55
200.8160 201.2320 56
201.2640 201.5840 57
201.7440 201.7760 63
201.8080 201.9040 64
201.9360 201.9680 65
202.0000 202.1600 66
202.4160 202.5760 64
202.6080 202.9600 63
203.1200 203.3760 62
203.4080 203.5680 63
203.6000 203.6640 62
203.6960 204.1120 61
204.2720 204.4960 62
204.8160 205.4560 56
206.0000 206.1920 54
206.3200 206.4160 50
206.4480 206.5760 51
206.6080 206.7040 52
206.7360 206.8000 53
206.8320 207.1840 54
207.2160 207.3120 55
207.3440 207.6640 56
207.8560 208.0160 62
208.0480 208.2080 64
208.2400 208.3360 63
208.3680 208.6880 62
209.0720 209.1680 61
209.2960 209.4880 58
209.5200 209.7120 60
209.8720 210.1920 61
210.3520 211.0560 63
211.0880 211.6000 64
211.6320 211.6960 63
212.1440 212.3360 59
212.3680 212.4000 57
212.4320 212.5280 56
212.5600 212.7520 57
212.9440 213.3920 56
213.4240 213.7760 57
213.9680 214.0640 66
214.0960 214.4480 68
214.4800 214.9280 66
214.9600 215.3440 64
215.3760 215.6640 62
215.6960 216.6880 63
216.7200 216.8160 62
216.8480 216.9120 61
216.9440 217.7440 59
218.3840 218.6080 54
218.6400 218.7680 55
218.8000 219.0240 56
219.0560 219.3120 57
219.5360 219.8880 59
219.9840 219.9840 61
220.0160 220.0480 65
220.0800 220.1760 66
220.2080 220.5280 68
221.0080 221.1360 64
221.1680 221.3600 66
221.5520 221.7120 62
221.7440 221.9040 64
222.0960 222.4160 63
222.5760 222.6720 64
222.7040 222.8960 66
222.9280 222.9280 62
223.0880 223.7920 57
224.6240 224.8160 53
224.8480 225.1040 54
225.1360 225.2000 55
225.2320 225.6480 56
225.6800 225.9680 57
226.1280 226.3520 64
226.3840 226.7360 66
227.1520 227.2800 67
227.3120 227.7600 69
227.7920 227.9840 66
228.1440 228.3040 66
228.3360 228.6240 64
228.6560 228.8160 67
228.8480 229.1360 68
229.1680 229.3280 67
229.3600 229.9040 68
229.9360 230.0000 67
230.6720 230.8320 59
230.8640 231.0560 61
231.0880 231.5360 60
231.7280 231.8240 67
231.8560 232.0800 68
232.2720 232.4000 65
232.4320 232.6880 66
233.0400 233.5520 59
233.6800 234.0960 59
234.2240 234.2240 66
234.2560 234.3840 69
234.4160 234.5440 71
234.7680 235.1200 63
235.2800 235.3120 62
235.3440 236.1440 64
236.7520 236.9760 56
237.0080 237.2000 57
237.2320 237.3600 58
237.3920 237.5840 59
237.8400 237.9360 67
237.9680 238.1920 68
238.3200 238.7040 66
238.8960 239.5680 61
239.6000 240.3360 63
241.1040 241.3280 60
241.3600 241.4240 63
241.4560 241.5840 67
245.0720 245.1680 66
245.3280 245.4560 65
245.5840 245.7120 62
245.9680 246.0320 61
246.1600 246.3200 60
246.4480 246.6720 59
249.3280 250.6400 64
250.6720 251.1200 66
251.1520 251.7280 68
252.6240 253.3280 57
253.3600 253.4560 59
253.4880 253.5520 60
253.5840 253.6480 61
253.9360 254.0320 66
254.0640 254.1280 67
254.1600 254.3840 68
254.4160 254.5120 67
254.5440 254.9600 65
254.9920 255.0880 64
255.1200 255.2160 62
255.2480 255.9520 61
258.1600 258.2880 64
258.3200 258.3840 65
258.4160 258.8000 66
259.5360 259.7280 66
259.7600 261.6800 64
261.8080 262.0320 64
