2.3840 2.3840 55
2.9600 3.0560 50
12.1440 12.2400 60
14.7360 14.8640 52
14.8960 15.1520 54
15.1840 15.6960 56
15.7280 15.7600 57
15.7920 16.2080 58
16.8800 16.9120 57
16.9440 17.0080 58
17.0400 17.2000 59
17.3280 17.5840 59
17.7760 17.8080 56
17.8400 17.9040 57
17.9360 18.0320 58
18.1920 18.4800 56
18.5120 18.5440 55
18.5760 18.8960 54
19.0560 19.1840 53
19.2160 19.3120 54
19.5360 19.6960 59
19.7280 20.8160 61
20.8480 20.9120 60
20.9440 20.9760 59
21.6160 21.6480 51
21.6800 21.7120 52
21.7440 21.7760 53
21.8080 21.9040 54
22.0640 22.2240 56
22.2560 22.2880 55
22.3200 22.4160 54
22.4480 22.4800 55
22.5120 22.6720 56
22.7040 23.1840 58
23.3440 23.4400 61
23.4720 23.5040 62
23.5360 23.6640 63
23.7920 23.8560 66
23.8880 24.4000 65
24.4320 24.5600 66
24.7200 25.0080 65
25.0400 25.0720 64
25.1040 25.3920 63
25.5200 25.6800 63
25.7120 25.9360 65
25.9680 26.0000 64
26.0320 26.2240 63
26.4480 26.5120 62
26.5440 28.0800 61
28.1120 28.2720 62
29.4240 29.4560 60
29.4880 29.6480 61
29.6800 29.7120 62
29.7440 30.1280 63
30.3520 30.5120 56
30.5440 30.7040 58
30.7360 30.8320 59
30.8640 31.0240 58
31.2160 31.6960 56
32.0800 32.2080 57
32.2400 32.4640 58
32.4960 32.8480 59
32.8800 33.0400 60
33.0720 33.5200 61
33.7760 33.9360 63
33.9680 34.8320 65
34.8640 35.6960 66
36.3680 36.5280 61
36.5600 36.5920 62
36.6240 36.7200 63
36.9120 37.1680 61
37.2000 37.2320 59
37.2640 37.6480 54
37.6800 37.7120 55
37.7440 37.8400 56
37.8720 37.9040 57
37.9360 38.8640 58
39.0560 39.0880 54
39.1200 39.2160 55
39.2480 39.7600 56
39.7920 39.8560 55
39.9520 42.5120 54
42.5440 42.5760 53
45.9360 46.0000 52
46.0320 46.0960 53
46.1280 46.2880 54
46.3200 46.3520 55
46.3840 46.6400 56
46.8640 47.0240 57
47.0560 47.5040 58
48.1440 48.1760 57
48.2080 48.2400 58
48.2720 48.9440 59
48.9760 49.0080 58
49.0400 49.1360 57
49.1680 49.3600 58
49.3920 49.7760 56
49.8080 49.8400 55
49.8720 50.1280 54
50.1600 50.5760 53
50.6080 50.6720 54
50.7040 50.7040 56
50.7360 50.9280 59
50.9600 52.2080 61
52.2400 52.3680 60
52.8800 52.9760 52
53.0080 53.0400 53
53.0720 53.6480 54
53.8080 53.9360 56
53.9680 54.2560 58
54.6400 54.8000 62
54.8320 55.0880 63
55.1200 55.6640 65
55.6960 55.9200 66
55.9520 56.2080 65
56.4000 56.9760 63
57.0080 57.1360 65
57.1680 57.2320 64
57.2640 57.3280 63
57.3600 57.3920 62
57.4240 59.5360 61
59.5680 59.8880 63
60.7520 60.9120 61
60.9440 60.9760 62
61.0080 61.3920 63
61.6160 61.7760 57
61.8080 62.0320 58
62.0640 62.1920 59
62.2240 62.3840 58
62.5440 62.8960 56
62.9280 62.9600 55
62.9920 63.1200 54
63.4080 63.5040 57
63.5360 63.7920 58
63.8240 64.1120 59
64.3040 64.4320 59
64.4640 64.8160 61
65.1040 65.2320 63
65.2640 65.5200 65
65.5520 65.8400 66
65.9680 67.1520 66
67.5040 67.7280 61
67.7600 68.1440 62
68.1760 68.4960 61
68.6560 68.9120 54
69.0400 69.1680 56
69.2000 70.1280 58
70.1600 70.1600 56
70.3520 70.6080 53
70.6400 71.0560 56
71.2160 73.3280 54
73.3600 73.9040 56
73.9360 74.1920 58
74.2240 74.5440 61
74.7040 74.8960 62
74.9280 76.4640 63
76.4960 76.5600 62
77.4240 77.6480 55
77.6800 78.2880 56
78.3200 78.4160 58
78.6080 78.7360 63
78.7680 79.5680 65
79.6000 79.8240 67
80.2720 80.4320 65
80.4640 80.7520 67
80.7840 81.1040 65
81.1360 81.2000 63
81.2320 81.7120 62
81.7440 82.3840 63
82.5120 83.0560 62
83.0880 83.3440 63
83.7920 83.8560 60
83.8880 83.9840 62
84.0160 84.1120 63
84.2720 84.5920 62
84.6240 84.6560 59
84.6880 85.1680 58
85.2000 85.2320 59
85.2640 85.3600 60
85.5520 86.4160 67
86.4480 86.6400 65
86.8640 86.9920 63
87.0240 87.2160 65
87.2480 87.5680 63
87.7280 87.8560 62
87.8880 88.1120 63
88.1440 88.4320 62
88.6240 88.7200 62
88.7520 89.0080 63
89.0400 89.3280 62
89.4560 90.0320 63
90.0640 91.8240 65
91.8560 92.0480 64
92.5280 92.6560 56
92.6880 92.7200 57
92.7520 93.1360 58
93.3280 94.3520 60
94.3840 94.5760 62
94.7040 94.8960 62
95.1200 95.1840 65
95.2160 95.3440 67
95.5680 95.6960 63
95.7280 95.9840 65
96.0160 96.4000 63
96.4320 96.7200 62
96.8800 97.0400 62
97.0720 98.2560 63
98.8000 98.9280 62
99.0560 99.2480 62
99.2800 99.3760 63
99.4080 100.0480 62
100.0800 100.2400 63
100.2720 100.8480 62
100.8800 101.0720 63
101.2000 101.7440 62
101.7760 102.0000 63
102.0320 102.4800 62
102.5120 102.7680 63
102.9280 103.0560 63
103.0880 103.2160 65
103.4080 103.4720 61
103.5040 103.6960 60
103.7280 104.6560 58
105.3600 106.1280 56
106.1600 106.2560 58
106.4480 106.5760 63
106.6080 107.4080 65
107.4400 107.7600 67
108.1760 108.3360 65
108.3680 108.6560 67
108.6880 108.9440 65
108.9760 109.5840 62
109.6160 110.6400 63
110.6720 110.7680 64
110.8000 111.1200 63
111.6640 111.7920 62
111.8240 112.0160 63
112.0480 112.4000 62
112.5280 113.0720 58
113.1040 113.2640 60
113.3920 113.9360 67
113.9680 114.4800 65
114.6720 114.7040 63
114.7360 114.7680 64
114.8000 115.0240 65
115.0560 115.3440 63
115.3760 115.4080 62
115.5360 115.9200 63
115.9520 116.4640 62
116.6240 116.8160 63
116.8480 117.1680 62
117.2960 117.9040 63
117.9360 118.0000 67
118.0320 118.5120 68
118.5440 119.6960 65
119.7280 119.7600 64
120.3040 120.3360 55
120.3680 120.4320 56
120.4640 120.5600 57
120.5920 121.2000 58
121.2320 122.1600 60
122.1920 122.2240 61
122.2560 122.4800 62
122.5120 122.5440 61
122.5760 122.7040 56
122.7360 122.7680 55
122.8320 123.1520 55
123.1840 123.2800 56
123.3120 123.3120 59
123.3440 123.3760 62
123.4080 123.5040 63
123.5360 123.7920 65
123.8240 124.0480 63
124.2400 124.4640 62
124.4960 124.5920 63
124.6240 124.8800 62
124.9120 125.9680 63
126.3840 126.5120 58
126.5440 126.6400 59
126.8640 127.0240 60
127.2480 127.4080 65
127.4400 127.6640 67
127.6960 127.7280 66
127.7600 127.7920 65
127.8240 128.3680 63
128.5920 128.7520 62
128.7840 129.1680 63
129.2000 129.3280 62
129.4560 130.0960 62
130.3200 130.5120 62
130.5440 135.0240 63
143.3440 143.3760 52
143.4080 143.4720 53
143.5040 143.6640 54
143.6960 143.7600 55
143.7920 144.0160 56
144.2400 144.4320 57
144.4640 144.8480 58
145.1360 145.3280 50
145.5520 145.5840 57
145.6160 145.6480 58
145.6800 146.3520 59
146.3840 146.5120 57
146.5440 146.7360 58
146.7680 146.8640 57
146.8960 147.1840 56
147.2160 147.2480 55
147.2800 147.7280 54
147.7600 147.9840 53
148.0160 148.1440 54
148.1760 148.2080 58
148.2400 148.3360 59
148.3680 148.4000 60
148.4320 148.9760 61
149.0080 149.0400 62
149.0720 149.2320 63
149.2640 149.3280 62
149.3600 149.7120 61
149.7440 149.8080 60
150.3200 150.3520 52
150.3840 150.4480 53
150.4800 150.5760 54
150.6080 150.9920 56
151.2160 151.3440 57
151.3760 151.6000 58
152.0800 152.1120 61
152.1440 152.2400 62
152.2720 152.4640 63
152.4960 153.0400 65
153.0720 153.3600 66
153.3920 153.6160 65
153.7760 154.3200 63
154.3520 154.5120 65
154.5440 154.8320 62
154.8640 155.3120 63
155.3440 155.3760 61
155.4080 155.5680 58
155.6000 157.3280 61
158.1600 158.3200 61
158.3520 158.8960 63
159.0560 159.2480 56
159.2800 159.6000 58
159.6320 159.8880 57
159.9200 160.2720 56
160.4320 160.5920 56
160.8160 160.9440 56
160.9760 161.0080 57
161.0400 161.2000 58
161.2320 161.4880 59
161.6800 161.7760 59
161.8080 161.8400 60
161.8720 162.3200 61
162.5120 162.7040 63
162.7360 163.5360 65
163.5680 164.4960 66
165.1040 165.2320 61
165.2640 165.2960 62
165.3280 165.5520 63
165.5840 165.8080 66
165.8400 165.9040 65
165.9360 166.2560 63
166.3840 166.6080 61
166.6400 166.6400 59
166.6720 166.7360 56
166.7680 167.6000 54
167.7280 167.7920 56
167.8240 168.4320 57
168.6240 168.7200 53
168.7520 171.4400 54
172.0480 172.0480 68
172.0800 172.2080 73
172.2400 172.2720 74
172.3040 173.8080 75
173.8400 173.9040 74
173.9360 173.9360 72
174.6720 174.8000 54
174.8320 175.1840 55
175.2160 175.6960 56
175.7280 175.8240 58
175.9840 176.1440 63
176.1760 176.9760 65
177.0080 177.3280 67
177.7120 177.8400 66
177.8720 178.1280 67
178.1600 178.1920 66
178.2240 178.4160 65
178.4480 178.4800 63
178.5120 179.1200 62
179.1520 179.7920 63
179.8240 180.0800 62
180.1120 180.7520 63
181.1360 181.1680 58
181.2000 181.2960 61
181.3280 181.3600 62
181.3920 181.4880 63
181.6480 181.9360 62
182.0960 182.5440 58
182.5760 182.6080 59
182.6400 182.7040 60
182.9280 183.8240 67
183.8560 184.0480 65
184.2400 184.3680 63
184.4000 184.6880 65
184.7200 184.9440 63
184.9760 185.0720 61
185.1040 185.2640 62
185.2960 185.4880 63
185.5200 185.8080 62
185.9680 186.0960 62
186.1280 186.3840 63
186.4160 186.7680 62
186.8960 186.9600 63
187.2160 187.4720 63
187.5040 187.7280 65
187.7600 187.8560 66
187.8880 188.7840 65
188.8160 188.8800 64
188.9120 189.0080 62
189.0400 189.0720 64
189.1040 189.2320 65
189.2640 189.2960 64
189.9040 190.0320 57
190.0640 190.7040 58
190.7360 190.7680 59
190.8000 191.6640 60
191.7920 192.2400 62
192.2720 192.3360 58
192.3680 192.3680 56
192.5600 192.7200 55
192.9760 193.0400 63
193.0720 193.3600 65
193.3920 193.7440 63
193.7760 193.9680 62
194.0000 194.1280 63
194.2560 195.0560 63
195.0880 195.3760 62
195.4080 195.7600 60
196.1760 196.5600 62
196.5920 196.8480 63
196.8800 197.2640 62
197.2960 197.6160 63
197.6480 198.2240 62
198.2560 198.4480 63
198.6080 198.8000 62
198.8320 198.9600 60
198.9920 199.1200 62
199.1520 199.4720 63
199.5040 199.8880 62
199.9200 200.2080 63
200.3360 200.5920 65
200.7520 200.9120 65
200.9440 201.1040 67
201.1360 201.9360 65
201.9680 202.0320 67
202.7040 203.5040 56
203.5360 203.6640 58
203.8240 203.9520 63
203.9840 204.8160 65
204.8480 205.3280 67
205.5520 205.7120 69
205.7440 206.0000 70
206.0320 206.0960 67
206.1280 206.2560 65
206.2880 206.7040 63
206.8320 206.9600 63
206.9920 207.5680 65
207.6000 207.8560 66
207.8880 208.1120 67
208.1440 208.2400 66
208.2720 208.6240 67
208.9440 208.9760 66
209.0080 209.1040 68
209.1360 209.1680 69
209.2000 209.4560 70
209.4880 209.5520 66
209.5840 210.4480 63
210.4800 210.7040 65
210.7360 211.5040 67
212.0480 212.4000 70
212.4320 212.8160 67
212.9440 213.2640 65
213.2960 213.9040 63
213.9360 214.1920 65
214.2240 214.5440 67
214.6720 214.8960 67
214.9280 215.0880 68
215.1200 215.2160 70
215.2480 215.2480 68
215.2800 215.3120 65
215.3760 215.4080 65
215.4400 215.6320 67
215.6640 217.0080 65
217.6480 217.8720 55
217.9040 218.6080 58
218.6400 219.6320 60
219.6640 220.1440 62
220.1760 220.1760 58
220.2080 220.6880 55
220.7200 220.7200 57
220.7520 220.7520 61
220.7840 221.3280 65
221.3600 221.4880 67
221.6480 221.9360 65
221.9680 222.4160 62
222.4480 223.2480 63
223.2800 223.3120 61
223.8240 223.8880 58
223.9200 223.9520 59
223.9840 224.0800 60
224.2720 224.4960 60
224.6880 224.8160 65
224.8480 225.1680 67
225.2000 225.3920 65
225.4240 225.4560 64
225.4880 225.8080 63
226.0000 226.7040 63
226.8640 226.9920 63
227.0240 227.2480 65
227.2800 227.3760 67
227.5360 227.7600 65
227.7920 229.0080 67
229.0400 229.6800 65
229.7120 229.8080 63
229.8400 230.6400 60
234.1920 234.2560 55
234.2880 234.3520 58
234.3840 234.4800 59
234.7040 234.8960 60
235.1520 235.2800 66
235.3120 235.5360 67
235.5680 235.6000 66
235.6320 235.8880 65
235.9520 236.2080 63
236.4320 236.5600 61
236.5920 236.9760 63
237.0080 237.2320 62
237.3600 237.9040 62
238.1600 238.3200 62
238.3520 241.0720 63
241.1040 241.2000 62
241.2320 241.4880 63
247.2160 247.2480 52
251.1200 251.2160 50
