18.0320 18.3520 59
18.3840 18.5440 60
18.7360 18.9280 60
19.7600 20.1120 59
20.1440 20.5920 60
24.9120 25.2320 59
25.2640 25.4240 60
25.5520 25.7760 60
26.5760 26.8960 61
26.9280 26.9280 59
27.0560 27.8880 56
28.1120 28.3360 62
28.3680 28.9440 64
31.6320 31.7600 66
31.7920 31.9840 67
32.1440 32.6240 67
32.9440 33.0720 61
33.2320 33.4560 60
33.9040 34.5120 63
35.0240 35.4080 65
35.5680 35.8880 63
36.4960 37.2000 60
38.5440 38.7040 62
38.7360 38.9280 64
39.8240 40.0160 61
40.0480 40.3360 62
41.2320 41.3280 57
45.4880 45.5520 58
45.5840 45.7440 59
45.7760 45.9360 60
46.0960 46.2560 60
47.1840 47.4720 59
47.5040 48.0160 60
48.0480 48.1120 59
52.3040 52.6240 59
52.6560 53.1680 60
54.0000 54.2240 61
54.2560 54.3200 60
54.5120 54.5760 57
54.6080 55.3120 56
55.5040 55.5360 61
55.5680 55.6640 62
55.6960 56.5600 64
59.1200 59.4080 67
59.5360 60.1120 67
60.3680 60.4960 61
60.6240 60.9120 60
61.2640 61.3920 63
61.5200 61.7760 63
62.3840 63.4720 64
63.5040 64.0160 62
64.0480 64.6240 64
66.0000 66.1920 63
66.2240 66.5760 64
66.9280 67.3760 59
67.4080 67.9840 62
68.4000 68.6240 62
68.6560 68.9440 64
69.2000 69.6480 62
69.6800 70.9600 60
70.9920 71.0880 61
71.5360 71.6000 65
71.6320 71.8240 67
71.9840 72.2720 62
72.4000 73.3920 60
73.7440 74.4160 67
74.9600 75.6640 60
75.6960 75.7920 62
75.8240 75.8240 66
75.8560 76.0160 70
76.0480 76.5280 72
76.5600 76.8160 71
76.8480 76.8800 69
76.9120 77.6800 67
78.3840 78.4160 65
78.4480 78.6400 67
78.8000 78.9280 63
78.9600 79.0880 62
79.1200 79.4400 60
79.7280 80.3360 60
80.3680 80.4320 61
80.4640 80.4640 64
80.4960 80.5920 68
80.6240 80.8800 69
80.9120 81.3280 67
81.9680 82.7680 62
82.8000 82.8640 63
82.8960 83.5360 65
83.5680 83.7280 62
83.7600 83.7920 63
83.8240 84.7840 64
85.2640 85.4880 67
85.6480 85.7440 63
85.7760 86.0000 62
86.0320 86.5120 60
86.9280 87.1840 60
87.2160 87.2800 62
87.3120 87.3120 64
87.3440 87.3440 68
87.3760 87.4720 71
87.5040 87.6000 72
87.7920 88.0800 72
88.1120 88.3040 70
88.3360 88.5600 71
88.5920 88.6240 69
88.6560 89.3600 67
89.4880 89.6800 71
89.7120 89.9360 72
90.3520 90.4480 69
90.4800 90.7360 71
90.7680 90.8960 69
91.2160 91.7280 64
92.2400 92.8160 60
93.0720 93.2320 65
93.2640 94.7680 67
95.5680 96.2080 60
96.4320 96.6240 65
96.6560 98.2880 67
98.9920 99.0240 65
99.0560 99.2800 67
99.4400 99.7280 62
99.7600 100.8160 60
100.8480 100.9120 61
101.1040 101.1360 65
101.1680 101.9360 67
102.5120 103.0560 60
103.2800 104.0480 72
104.0800 104.1120 70
104.1440 104.9120 67
105.7760 106.0960 67
106.2560 106.5760 62
106.6080 106.8640 60
107.0880 107.6320 60
107.6640 107.7600 61
107.9200 107.9840 67
108.0160 108.0480 68
108.0800 108.2720 69
108.4000 108.7200 67
109.3600 109.9360 62
110.1600 110.1920 63
110.2240 110.2880 64
110.3200 110.9920 65
111.0240 111.2160 63
111.2480 112.2400 64
112.6880 112.6880 65
112.7200 112.9440 67
113.0720 113.3920 62
113.5200 113.9360 60
114.4160 114.6720 60
114.8320 114.9600 70
114.9920 115.4400 72
115.6320 116.0160 70
116.0480 116.9440 67
116.9760 117.1040 71
117.1360 117.3920 72
117.8080 118.0320 71
118.3200 118.6080 67
118.6400 119.1840 63
119.6320 120.2400 60
120.4960 120.6880 65
120.7200 122.4800 67
123.0240 123.6000 60
124.0480 124.1760 64
132.8480 133.4880 64
133.8400 133.9680 63
141.4240 141.7760 59
141.8080 141.9360 60
142.0960 142.3200 59
143.1840 143.3760 59
143.5360 144.0160 60
148.2400 148.5280 61
148.5600 148.8160 59
149.0080 149.2000 60
149.9680 150.0000 60
150.0320 150.0640 61
150.0960 150.2560 62
150.2880 150.3840 61
150.5440 151.3120 56
151.5360 151.7280 62
151.7600 152.8800 64
155.1520 155.2160 66
155.2480 155.3760 67
155.5360 155.9840 67
156.3360 156.9120 60
157.2320 157.3280 62
157.3600 157.4240 63
157.6160 157.7760 62
158.4800 158.6080 64
158.6400 159.0240 65
159.0560 159.2800 64
159.3120 159.3440 63
159.3760 159.9840 62
160.0160 160.6880 64
161.9680 162.1280 63
162.1600 162.3840 64
162.4160 162.5120 63
162.8960 163.1840 58
163.2160 163.3440 59
163.3760 163.7600 62
164.4320 164.5920 62
164.6240 164.6880 63
164.7200 164.7840 64
165.0080 165.6480 62
165.6800 166.9600 60
167.4400 167.6320 65
167.6640 167.8560 67
167.8880 167.9200 65
167.9520 168.0800 63
168.1120 168.3040 62
168.3360 169.2320 60
169.2640 169.3600 59
169.3920 169.4880 60
169.7440 169.7440 63
169.7760 170.3840 67
170.4160 170.4480 66
170.9600 171.6640 60
171.7920 172.4640 72
172.4960 172.6880 70
172.7200 173.9040 67
174.0640 174.1280 66
174.3520 174.8320 66
174.8640 175.2160 62
175.2480 176.3360 60
176.3680 176.4960 61
176.5280 176.6240 67
176.6560 176.9120 69
176.9440 177.3280 67
177.6800 178.5120 62
178.7680 178.9600 63
178.9920 179.5360 65
179.5680 179.7280 62
179.7600 179.8560 63
179.8880 180.6560 64
181.2960 181.2960 64
181.3280 181.5520 67
181.7120 182.0320 62
182.0640 182.5760 60
182.9920 183.2480 60
183.4080 183.4720 71
183.5040 184.0480 72
184.2400 184.5600 71
184.5920 184.9760 67
185.1360 185.5200 67
185.5520 186.0320 72
186.3520 186.6720 71
186.8960 187.1200 67
187.2480 187.4720 62
187.5040 187.6320 64
188.1120 188.3680 60
188.4960 188.8480 60
188.8800 188.9120 62
188.9440 189.1040 65
189.1360 191.0880 67
191.5680 191.8560 60
191.8880 191.9200 65
191.9520 192.0800 67
192.1120 192.3360 69
192.3680 192.6560 67
192.8160 193.0080 66
193.0400 194.6080 67
194.9920 195.0880 65
195.1200 195.2800 67
195.4400 195.5360 63
195.5680 195.6960 62
195.7280 195.7600 61
195.7920 196.0480 60
196.0800 196.5280 59
196.5600 196.8160 60
196.8480 196.9760 59
197.2640 198.0640 67
198.6080 199.0240 60
199.0560 199.1200 61
199.2480 199.3760 70
199.4080 199.8560 72
199.8880 200.1120 71
200.1440 201.3600 67
201.6480 201.7440 66
201.7760 201.9040 64
201.9360 202.1600 67
202.1920 202.3200 63
202.3520 202.5440 62
202.5760 202.6400 61
202.6720 202.8960 60
203.1520 203.8240 60
203.8560 203.8880 62
203.9200 204.0480 67
204.0800 204.3680 69
204.4000 204.8160 67
205.2320 206.2560 62
206.2880 206.8320 65
206.8640 206.9600 64
206.9920 207.1200 62
207.1520 208.2720 64
208.6880 209.1040 67
209.1360 209.2000 64
209.2320 209.4240 62
209.5520 209.9360 60
210.4800 210.6720 60
210.8320 210.8960 71
210.9280 211.4400 72
211.6000 211.7280 69
211.7600 211.9840 71
212.0160 212.0480 69
212.0800 212.3360 67
212.5280 212.8800 67
212.9120 213.0080 70
213.0400 213.2960 72
213.7440 214.0960 71
214.1280 214.4160 68
214.7040 214.8640 62
214.8960 215.1200 64
215.7600 216.0800 59
216.1120 216.2080 60
216.4640 216.6560 65
216.6880 218.4160 67
218.9600 219.3760 61
219.4080 219.5360 67
219.5680 219.8240 69
219.8560 220.3680 67
220.5280 220.6880 65
220.7200 222.0320 67
222.4160 223.0880 60
223.2800 225.4560 67
225.8400 225.9680 63
226.0000 226.3520 65
226.3840 226.4480 64
226.6080 226.9280 63
226.9600 228.1120 62
228.6560 228.7200 68
229.0400 230.8640 68
234.0320 234.5120 59
234.7040 234.8320 59
235.7920 236.0800 59
236.1120 236.5600 60
240.9120 241.1040 59
241.2320 241.3920 60
241.6160 241.6800 60
242.5440 242.8960 61
243.1200 243.2160 57
243.2480 243.3760 56
243.4080 243.9200 55
