6.9280 7.3440 65
11.9520 12.0160 65
13.1360 13.2000 63
23.8560 23.8880 55
23.9200 24.2080 56
24.2400 24.4320 58
24.5600 24.6560 58
24.6880 24.7520 56
24.7840 24.9760 57
25.0080 25.3280 58
25.5200 25.7120 58
25.7440 25.8720 55
26.0000 26.6400 58
26.6720 27.2160 60
27.3760 27.5680 63
27.6000 27.6000 67
27.6320 27.7600 70
27.7920 28.4960 67
28.5280 28.7840 65
28.8160 30.4480 67
30.6400 30.8640 65
31.3440 31.3440 60
31.3760 31.4400 63
31.4720 31.5040 65
31.5360 32.8480 67
33.0080 33.2000 65
33.2320 33.4240 70
33.4560 33.6800 67
33.8080 34.0320 65
34.1600 34.3200 64
34.3520 34.4800 62
34.5120 34.7040 63
34.8960 34.9280 54
34.9600 34.9920 55
35.0240 35.2160 57
35.3440 35.9520 58
36.1120 36.3360 60
36.3680 36.7200 58
36.7520 37.3600 57
37.3920 37.5200 59
37.7440 37.7760 61
38.1920 38.2880 75
38.8640 38.9920 70
39.1520 41.4240 72
41.4560 41.7120 70
41.7440 42.2880 72
42.4480 42.8000 75
42.8320 43.1200 72
43.1520 43.3760 74
43.4080 43.6000 72
43.6320 45.2320 70
45.2640 45.3600 75
45.7760 45.9360 68
46.2240 46.5760 67
46.7040 47.0240 67
47.0560 47.3120 65
47.3440 47.4720 70
47.6320 48.4320 67
48.5920 48.9120 65
48.9440 49.2000 63
49.2320 49.3920 65
49.5200 49.7760 67
49.8080 50.2240 66
50.2560 50.5760 67
53.9360 54.0320 65
54.1920 54.2880 65
54.3200 54.4160 67
54.4480 54.5120 65
54.6400 54.8320 63
54.8640 54.9920 65
55.1520 55.3120 67
55.3440 55.7280 66
55.8560 56.0160 67
56.0480 56.2720 65
56.3040 56.3680 63
56.4000 56.4640 62
56.4960 56.7520 60
56.7840 57.0720 58
57.7760 58.0640 55
58.0960 58.6720 58
58.7040 58.7360 56
58.7680 58.8000 54
58.9920 59.6320 58
59.6640 59.7600 60
59.9520 60.2080 63
60.2400 60.3360 62
60.3680 60.5920 65
61.3280 62.2240 67
62.2560 62.4480 65
62.4800 62.6400 67
62.6720 64.2080 70
64.2400 64.3040 72
65.0400 65.8400 72
65.9680 66.1920 70
66.2240 66.3520 72
66.4800 66.8320 70
67.1520 67.3120 67
67.3440 67.5680 65
67.6000 67.7600 63
67.7920 68.0160 58
68.0480 68.4960 60
68.5280 69.4240 63
69.4560 70.8960 62
73.4560 73.8400 58
92.0480 92.2080 58
95.2160 95.3440 55
95.5040 95.5360 56
95.5680 95.7600 58
95.9520 96.1440 58
96.1760 96.7200 57
96.8480 97.0720 58
97.1040 97.2000 55
97.3280 97.6160 58
97.6480 97.8080 57
97.8400 97.9680 58
98.0000 98.3200 59
98.3520 98.5440 60
98.7360 98.9280 63
98.9600 98.9600 67
98.9920 99.1520 70
99.1840 99.9520 67
99.9840 100.0800 65
100.1440 100.1760 65
100.2080 101.6800 67
102.1600 102.2240 65
102.7360 103.1520 65
103.3440 104.2080 67
104.2400 104.5600 65
104.5920 104.8160 70
104.8480 105.2960 67
105.3280 105.7760 65
105.8080 106.1600 63
106.1920 106.4800 55
106.5120 106.6720 58
106.8000 107.4080 58
107.4400 107.6320 60
107.8240 108.3360 58
108.3680 108.6240 57
108.6560 108.9440 58
109.5840 109.6800 75
110.2560 110.4480 70
110.5760 110.6400 73
110.6720 112.8480 72
112.8800 113.1040 70
113.1360 113.7760 72
113.8080 114.1920 75
114.3200 114.5120 72
114.5440 114.8000 74
114.8320 114.8960 73
114.9280 114.9920 72
115.0240 115.1520 70
115.3120 116.6560 70
117.6160 117.9680 67
118.0960 118.4160 67
118.4480 118.7360 65
118.7680 118.8640 70
119.0240 119.8240 67
119.9840 120.4000 65
120.4320 120.6240 63
120.6560 120.7520 65
120.9440 122.3840 67
125.4240 125.7760 65
125.8080 125.8720 67
125.9040 125.9680 65
126.0960 126.2880 63
126.3200 126.4160 65
126.5440 127.1520 67
127.2800 127.4400 67
127.4720 127.7280 65
127.7600 127.9200 63
127.9520 128.2080 60
128.2400 128.5280 58
129.2320 129.4240 55
129.4560 129.6160 58
129.6480 130.0320 59
130.0640 130.1280 58
130.1600 130.2240 55
130.3840 131.0240 58
131.0560 131.3120 60
131.3440 131.7600 63
131.7920 132.1120 65
132.7520 133.3920 67
133.4240 133.4880 69
133.5200 133.6480 67
133.6800 133.8720 65
133.9040 134.0960 67
134.1280 135.6320 70
135.6640 135.7280 71
135.7600 135.8240 73
136.4640 137.2960 72
137.3280 137.3920 70
137.4240 137.6160 71
137.6480 137.7440 72
137.9360 138.2560 70
138.8320 138.8640 64
138.8960 139.0240 65
139.0560 139.1840 63
139.2160 139.2160 61
139.2480 139.3120 58
139.3440 139.4080 57
139.4400 139.6320 60
139.7600 140.1120 63
140.1440 141.7760 62
166.5760 166.8960 56
166.9280 167.3760 58
167.4080 167.5360 56
167.5680 168.0480 57
168.2080 168.4000 58
168.4320 168.6560 55
168.6880 169.2640 58
169.2960 169.3920 59
169.4240 169.9360 60
169.9680 170.0320 59
170.0640 170.2560 63
170.2880 170.2880 66
170.3200 170.4160 70
170.5760 171.1840 67
171.2160 171.2480 66
171.2800 171.3440 65
171.5040 173.2640 67
173.2960 173.5520 65
174.0320 174.1600 65
174.1920 174.9280 67
174.9600 175.3440 66
175.3760 175.5360 67
175.6640 175.8560 65
175.8880 176.0800 70
176.1120 176.4640 67
176.6240 177.0720 65
177.1040 177.3600 63
177.5520 177.7440 55
177.7760 177.9040 58
178.0320 178.6720 58
178.7040 178.8320 60
179.0240 180.3040 58
181.5200 181.7440 70
181.7760 184.9120 72
185.0400 185.4560 75
185.4880 185.7440 72
185.7760 185.9360 74
185.9680 186.0960 73
186.1280 186.2240 72
186.2560 186.3520 70
186.4800 186.6720 70
188.8160 189.1680 67
189.2960 189.5840 67
189.6160 189.8720 65
189.9040 189.9040 67
189.9360 190.0640 70
190.1920 190.9920 67
191.1840 191.6000 65
191.6320 191.8240 63
191.8560 192.3360 65
192.3680 193.8720 67
193.9040 194.0960 66
196.5600 196.6560 65
196.8160 197.1360 65
197.1680 197.2960 62
197.3280 197.4240 63
197.4560 197.5200 65
197.6800 198.5120 67
198.6400 198.8640 65
198.8960 199.0560 63
199.0880 199.3120 60
199.3440 199.5680 58
200.3360 200.4000 55
200.5600 200.6240 56
200.6560 201.2320 58
201.2640 201.3600 55
201.4880 202.1920 58
202.2240 202.3200 60
202.4800 202.8960 63
202.9280 203.2480 65
203.8880 204.7840 67
204.8160 204.9760 65
205.0080 205.1680 67
205.2000 206.8000 70
206.8320 206.8960 72
207.5680 208.4320 72
208.4640 208.7520 70
208.7840 208.8800 72
209.0720 209.1360 70
209.7440 209.8720 67
209.9040 210.0960 65
210.1280 210.3200 63
210.3520 210.6080 58
210.6400 211.0240 60
211.0560 213.1360 62
