33.5200 33.5520 65
33.5840 33.6800 66
33.7120 34.6400 67
34.6720 34.6720 65
34.7040 34.9280 61
34.9600 35.1200 62
35.2480 35.4080 62
35.4400 35.6320 63
35.6640 35.8880 62
35.9200 35.9520 63
35.9840 36.1440 64
36.1760 36.8480 62
37.3920 37.5200 59
37.6480 38.5120 60
38.8640 38.9920 62
39.2160 39.5040 64
39.6320 39.7280 62
39.7600 39.7920 63
39.8240 39.9840 64
40.0160 40.2080 67
40.2400 40.2400 65
40.2720 40.4960 63
40.5280 40.8160 64
41.2000 41.2640 65
41.2960 41.3280 66
41.3600 42.0000 67
42.2240 42.3840 67
42.4160 42.4160 65
42.4480 43.1200 62
43.1520 43.2160 63
43.2480 43.3440 64
43.3760 43.6640 62
43.6960 43.8560 64
43.8880 44.3040 62
44.5920 44.8160 59
44.8480 45.0080 60
45.0400 45.0720 59
45.1040 45.1680 58
45.2000 46.0320 57
46.5440 46.7040 62
46.7360 46.7680 63
46.8000 46.9920 64
47.0240 47.0880 63
47.1200 47.9840 62
48.0160 48.2400 63
48.2720 48.3360 61
48.3680 49.8400 60
52.8480 53.0080 66
53.1360 53.9360 67
53.9680 54.0000 65
54.3200 54.4800 62
54.6080 54.8000 62
54.8320 54.8640 63
54.8960 54.9920 64
55.1200 55.2480 62
55.2800 55.3120 63
55.3440 55.4720 64
55.5040 55.5360 63
55.5680 56.2720 62
56.7200 56.8480 59
56.9760 57.7440 60
57.7760 57.8400 59
57.8720 58.1600 58
58.1920 58.3200 62
58.5440 58.8320 64
58.9600 59.1200 63
59.1520 59.3120 64
59.3440 59.5040 67
59.5360 59.6000 64
59.6320 59.6960 62
59.7280 59.7920 63
59.8240 59.9200 64
59.9520 60.1440 65
60.5600 60.6880 65
60.7200 61.3600 67
61.5200 61.6800 69
61.7120 61.7120 66
61.7440 61.7440 64
61.7760 62.0000 60
62.0320 62.4480 62
62.4800 62.7360 63
62.7680 62.9280 62
62.9600 62.9920 63
63.0240 63.1840 64
63.2160 63.6320 62
63.9520 64.1120 58
64.1440 64.1760 59
64.2080 64.4320 60
64.4640 65.3920 57
65.8720 66.0320 62
66.0640 66.0960 63
66.1280 66.3200 64
66.3520 66.4160 63
66.4480 66.9920 62
67.1520 67.2800 62
67.3120 67.5360 63
67.5680 67.6000 62
67.6320 67.6960 61
67.7280 69.3280 60
71.2800 71.3120 62
71.3440 71.3760 63
71.4080 71.5680 64
71.6000 72.5920 62
73.2000 73.4560 62
73.4880 73.4880 60
73.5200 73.5520 58
73.5840 74.3840 57
74.8640 74.9600 58
75.1200 75.2480 59
75.2800 75.3120 58
75.3440 75.6000 57
75.6320 75.7280 58
75.8560 76.4320 60
76.5600 77.0080 60
77.0400 77.1360 59
77.2960 77.4240 57
77.4560 77.5520 58
77.5840 77.6160 61
77.6480 78.6400 62
78.6720 78.7360 61
78.7680 79.1200 60
79.1520 79.2160 62
79.2480 79.5680 64
79.9520 80.0800 62
80.1120 80.2080 64
80.2400 80.2720 63
80.3040 81.0080 62
81.9040 82.1600 62
82.1920 82.3200 59
82.3520 82.4800 58
82.6720 82.7680 58
82.9280 83.0560 58
83.0880 83.3120 57
83.3440 83.4400 58
83.6000 83.6960 60
83.8240 84.1440 60
84.3360 84.7200 60
84.7520 84.8480 59
85.0080 85.1680 57
85.2000 85.2640 58
85.2960 85.3280 61
85.3600 86.4160 62
86.4480 86.4800 61
86.5120 86.8960 60
86.9280 86.9600 63
86.9920 87.3120 64
87.6960 87.7600 66
87.7920 88.8160 67
88.8480 88.8480 65
88.8800 88.9760 61
89.0080 89.1040 60
89.1360 89.2960 62
89.4240 89.5840 62
89.6160 89.6480 63
89.6800 89.8080 64
89.8400 90.0640 62
90.0960 90.1280 63
90.1600 90.2560 64
90.2880 90.3200 63
90.3520 91.0880 62
91.6000 91.7280 60
91.8560 92.5600 60
92.5920 92.7200 59
92.8480 92.8480 58
92.9760 92.9760 59
93.0080 93.0400 61
93.0720 93.1680 62
93.3600 93.6480 64
93.8080 93.8400 62
93.8720 93.9680 63
94.0000 94.1600 64
94.1920 94.3520 67
94.3840 94.4480 64
94.4800 94.5760 62
94.6080 94.6400 63
94.6720 94.8960 64
94.9280 95.0560 65
95.3760 95.4720 65
95.5040 96.2080 67
96.4000 96.5280 69
96.5600 96.5920 67
96.6240 97.2960 62
97.3280 97.5520 63
97.5840 97.7760 62
97.8080 97.8400 63
97.8720 98.0000 64
98.0320 98.0640 63
98.0960 98.4800 62
98.7680 98.9600 58
98.9920 99.0560 59
99.0880 99.2160 60
99.2480 99.2800 59
99.3120 99.3440 58
99.3760 100.3360 57
100.7520 100.7840 61
100.8160 100.9760 62
101.0080 101.0400 63
101.0720 101.2320 64
101.2640 101.3280 63
101.3600 101.8720 62
102.0000 102.1280 62
102.1600 102.3840 63
102.4160 102.4480 62
102.4800 102.5120 61
102.5440 104.5600 60
106.0960 106.1600 62
106.1920 106.2240 63
106.2560 106.4160 64
106.4480 107.3440 62
108.0480 108.2720 62
108.3040 108.3040 60
108.4320 109.2640 57
109.7120 109.7760 58
110.0000 110.1280 58
110.1600 110.4480 57
110.4800 110.5440 58
110.6720 110.8000 59
110.9280 111.2480 60
111.4080 111.8560 60
111.8880 111.9840 59
112.1120 112.3360 57
112.3680 112.4000 60
112.4320 113.6480 62
113.6800 114.0000 60
114.0320 114.0960 62
114.1280 114.4800 64
114.7680 114.9280 62
114.9600 115.0560 64
115.0880 115.6320 62
115.6640 115.8880 61
116.7200 116.9440 62
116.9760 117.0720 59
117.1040 117.3920 57
117.4240 117.4560 58
117.4880 117.5520 59
117.7120 117.8400 59
117.8720 118.1600 57
118.1920 118.2880 58
118.3200 118.3520 59
118.3840 118.5120 60
118.6720 119.0240 60
119.1520 119.3120 60
119.4400 119.6000 60
119.6320 119.7280 59
119.8560 120.0800 57
120.1120 120.1760 60
120.2080 121.2000 62
121.2320 121.2640 61
121.2960 121.7440 60
121.7760 121.7760 62
121.8080 122.1920 64
122.5120 122.6400 63
122.6720 122.7680 64
122.8000 123.4400 62
123.4720 123.5360 65
123.5680 123.6640 66
123.6960 123.7280 67
123.7600 123.9200 68
123.9520 124.2720 69
124.3040 124.3360 68
124.3680 124.4320 67
124.8160 125.2320 57
125.2640 125.3280 58
125.4560 125.6480 59
125.6800 125.8720 57
126.0000 126.0320 59
126.0640 126.2560 60
126.3840 126.9600 60
127.1520 127.3760 62
127.4080 127.5040 61
127.6960 127.7600 57
127.7920 127.8880 58
127.9200 127.9840 60
128.0160 128.6560 62
128.6880 128.7840 63
128.8160 128.8800 65
128.9120 129.0400 64
129.2000 129.2320 68
129.2640 129.3920 69
129.5520 129.8080 65
130.2560 130.3840 62
130.4160 130.5440 64
130.5760 131.4080 62
132.2080 132.3680 62
132.4000 132.4320 61
132.5280 132.8160 57
133.1680 133.2320 60
133.2640 133.3600 59
133.3920 133.5520 57
133.5840 133.6480 58
133.6800 133.8080 59
133.8400 135.0560 60
135.0880 135.2160 61
135.3440 135.4720 58
135.6640 135.7280 61
135.7600 135.9200 62
136.1120 136.6880 62
136.7200 136.7840 61
136.8160 137.1360 60
137.2640 137.3600 65
137.3920 137.6480 64
137.9680 138.1920 67
138.2240 138.6720 69
138.7040 138.7040 67
138.7360 138.9920 62
139.0240 139.0880 64
139.1200 139.1840 63
139.2160 140.6240 62
140.6560 140.6880 61
140.7200 141.5840 60
141.9360 142.0960 67
142.1280 142.5760 69
142.6080 142.6080 67
142.7360 143.0880 62
143.1200 143.1840 63
143.2160 144.5280 64
144.5600 144.7840 62
144.8160 144.9440 65
144.9760 144.9760 63
145.0080 145.4240 60
145.4560 145.5520 61
145.5840 145.6480 62
145.7120 145.7440 63
145.7760 145.8080 66
145.8400 146.0000 67
146.0320 146.0640 68
146.0960 146.3200 69
146.4800 146.6720 72
146.7040 146.9280 71
146.9600 148.4000 69
148.4320 149.2320 67
149.6160 149.6480 65
149.6800 149.8720 67
149.9040 150.2880 69
150.3200 150.5440 72
150.5760 150.7360 71
150.7680 150.7680 69
150.8000 152.7520 64
152.7840 153.0080 63
171.9200 172.1120 70
173.7440 173.8400 69
174.1920 174.2560 69
175.0560 175.2800 69
175.4400 175.6960 69
176.7520 176.9440 69
177.8720 178.1600 69
178.2880 178.3520 69
190.2880 191.0880 62
198.9920 199.1520 62
199.1840 199.3440 64
199.3760 200.2720 62
200.9120 200.9760 62
201.0080 201.2000 63
201.2320 201.2320 61
201.2640 201.3920 58
201.4240 202.1280 57
202.5760 202.6720 58
202.8640 202.9280 59
202.9600 203.0240 58
203.0560 203.3760 57
203.4080 203.4720 58
203.6000 203.6320 59
203.6640 204.1440 60
204.3360 204.7520 60
204.7840 204.8800 59
205.0080 205.2000 57
205.2320 205.2640 58
205.2960 205.3600 59
205.3920 206.5120 62
206.5440 206.8960 60
206.9280 206.9920 63
207.0240 207.1520 65
207.1840 207.2480 64
207.2800 207.3760 63
207.6960 207.7920 63
207.8240 207.9520 65
207.9840 208.8480 62
209.7120 209.8720 64
210.3840 210.4800 59
210.6400 210.8320 59
210.8640 211.0880 57
211.1200 211.2480 58
211.2800 211.4400 60
211.6000 211.9200 60
212.0800 212.6240 60
212.7840 213.0080 58
213.0400 214.2240 62
214.2560 214.6400 60
214.6720 215.0560 64
215.4080 215.6320 67
215.6640 216.0800 69
216.1120 216.4000 62
216.4320 216.5280 64
216.5600 218.0960 62
218.1280 219.0240 60
219.2800 219.5680 67
219.6000 219.9840 69
220.0160 220.4960 62
220.5280 221.8400 64
221.8720 222.1600 62
222.1920 222.3520 64
222.3840 223.1200 60
223.1520 223.1840 63
223.2160 223.4400 67
223.4720 223.8560 69
223.8880 224.0480 72
224.0800 224.3360 71
224.3680 225.8080 69
225.8400 226.6400 67
227.0240 227.0880 65
227.1200 227.2800 67
227.3120 227.3440 68
227.3760 227.6960 69
227.7280 227.9520 72
227.9840 228.1760 71
228.2080 228.2080 69
228.2400 230.1600 64
230.9280 230.9600 64
230.9920 231.0560 65
231.0880 232.2400 67
232.2720 232.2720 65
232.4000 232.4960 62
232.6240 232.8160 62
232.9440 233.1360 62
233.1680 233.3600 63
233.5200 233.6480 62
233.6800 233.7120 63
233.7440 233.8720 64
233.9040 234.7680 62
235.4400 235.5360 60
235.6640 236.5920 60
236.7520 236.8480 60
237.0080 237.1360 62
237.3600 237.4560 64
237.4880 237.6480 65
237.6800 237.7120 64
237.8400 238.0320 63
238.0640 238.2560 65
238.2880 238.4800 67
238.5120 238.5440 65
238.5760 238.7680 63
238.8000 239.0880 64
239.1200 239.1840 65
239.6640 239.7280 65
239.7600 239.7920 66
239.8240 240.5280 67
240.7200 240.8800 69
240.9120 240.9120 67
240.9440 240.9440 65
240.9760 241.2000 61
241.2320 241.7440 62
241.7760 241.8400 63
241.8720 242.0000 64
242.1600 242.2880 62
242.3200 242.3520 63
242.3840 242.4800 64
242.5120 242.5440 63
242.5760 242.9280 62
243.5040 243.7600 59
243.7920 243.8880 60
243.9200 243.9840 59
244.0160 244.0480 58
244.0800 245.0400 57
245.7440 245.8080 62
245.8400 245.9360 63
245.9680 246.1920 64
246.2240 246.2880 63
246.3200 246.9280 62
247.1200 247.2480 62
247.2800 247.3120 63
247.3440 247.4400 64
247.4720 247.5040 63
247.5360 247.7280 61
247.8560 249.4880 60
252.7520 252.9120 65
252.9440 253.6160 67
253.8400 253.9680 69
254.0000 254.0000 67
254.0320 254.0320 65
254.0640 254.3200 61
254.3520 254.7680 62
254.8000 254.8640 63
254.8960 254.9920 64
255.0240 255.0560 63
255.1840 255.3120 62
255.3440 255.3760 63
255.4080 255.5040 64
255.5360 256.3040 62
256.8800 256.9440 62
256.9760 257.2000 64
257.2320 258.3520 62
258.9920 259.1520 62
259.2800 259.3440 59
259.3760 260.0160 57
260.5920 260.6880 58
260.7200 261.0400 59
261.0720 262.0320 57
262.5440 262.7680 62
262.8000 262.8640 63
262.8960 263.0240 64
263.0560 265.7760 62
265.9360 266.0640 62
267.8560 268.7840 57
268.8160 268.9120 58
268.9440 271.1200 60
