37.5840 37.8400 60
37.8720 37.9360 61
37.9680 38.3200 62
38.3520 38.4160 61
38.6080 38.9280 58
39.1200 39.8560 60
39.8880 40.0160 59
40.2080 40.4320 57
40.6560 41.0080 58
41.6480 41.9040 53
41.9360 42.1600 54
42.3200 42.8000 53
44.4960 44.6880 61
44.7200 45.0720 62
45.1040 45.1680 61
45.2000 45.2640 60
45.2960 45.4880 58
45.7120 46.3200 60
46.6080 46.6720 58
46.7040 47.0240 57
47.2160 47.3760 57
47.4080 47.6320 58
48.2720 48.3680 60
48.4000 48.4320 61
48.4640 48.6240 62
48.6560 48.7520 61
48.9120 49.4880 60
50.5120 50.7680 58
50.8000 50.8960 60
51.0880 51.7280 62
51.8560 51.8880 66
51.9200 52.1440 70
52.3040 53.1040 69
53.4240 53.6800 60
53.8400 54.2880 58
54.9280 55.0560 65
55.0880 55.2800 67
55.3120 56.0160 65
57.3600 57.7440 62
57.9360 58.4480 62
58.4800 59.4400 60
60.7200 61.0720 58
61.1040 61.1040 56
61.3920 62.0320 53
62.3840 63.1520 55
63.3120 64.9120 57
67.2800 67.6000 60
67.6320 68.2400 62
68.3040 68.9760 58
69.0080 69.4880 60
70.0000 70.3840 57
70.4160 70.8000 58
71.5360 71.5680 53
71.6000 71.6640 54
71.6960 71.8880 55
71.9200 72.4960 52
73.6800 73.7760 60
73.8080 74.4160 62
74.4480 74.5120 61
74.5440 74.5440 59
74.6720 75.1520 58
75.1840 75.3760 59
75.4080 75.6640 60
76.1760 76.2400 58
76.2720 76.7520 57
76.7840 77.0080 58
77.6160 77.9680 62
78.0000 78.2560 58
78.2880 78.4160 59
78.4480 78.8960 60
79.5360 79.9840 58
80.0160 80.2400 60
80.2720 80.9120 62
81.0400 81.1040 66
81.1360 82.1280 69
82.1600 82.2880 68
82.3200 82.3200 64
82.4800 82.7360 59
82.8960 83.2800 58
84.0160 84.1760 65
84.2080 84.4000 67
84.5280 85.3920 65
85.9360 86.1920 63
86.2240 86.3520 65
86.3840 86.5760 63
86.7360 86.8640 65
86.8960 87.5360 63
87.5680 88.7200 65
89.6480 89.8080 65
89.8400 89.9360 64
90.0640 90.1920 63
90.4160 90.5760 65
90.7680 91.0560 63
91.2800 93.9680 65
97.1040 97.5520 63
97.5840 97.9680 62
98.0000 98.3520 63
98.3840 99.0880 65
99.1200 99.4400 63
99.4720 100.6240 62
100.6560 100.9760 60
101.0080 101.3920 58
101.4240 101.7120 57
103.4720 104.7840 62
104.9120 105.7120 65
105.7440 106.3520 69
106.3840 108.5280 68
109.6800 110.8640 62
110.8960 111.2160 63
111.2480 112.0160 65
112.0480 113.1360 63
113.1680 113.4880 62
113.5200 113.8400 60
114.2240 114.8960 56
115.9520 116.1440 62
116.3680 116.8800 62
117.0720 117.3600 63
117.4880 118.2560 65
118.2880 118.4480 72
118.4800 118.8000 74
118.8320 118.9600 72
119.1840 122.2560 72
161.0720 161.4240 60
161.4560 162.1280 62
162.1600 162.5760 58
162.7040 163.2800 60
163.6640 163.7280 59
163.7600 164.0480 58
164.3680 164.8160 58
165.3280 165.8400 54
166.0320 166.4480 54
168.1760 168.9760 62
169.0080 169.2000 58
169.4560 170.0000 60
170.4480 170.9280 57
171.0880 171.3440 58
172.2400 172.4000 60
172.4320 172.6880 62
172.9440 173.4240 60
174.4800 174.7680 58
174.8960 175.0560 60
175.1840 175.4720 62
175.9840 176.0480 67
176.0800 176.2720 70
176.4000 177.5520 69
177.5840 177.7760 61
177.8080 178.6080 58
178.6400 178.7040 59
179.1200 179.3120 67
179.3440 180.6880 65
181.4880 181.9360 62
182.1280 182.3520 63
182.3840 182.6080 62
182.6400 183.4400 60
185.3280 185.5200 58
185.5520 185.6800 57
186.0960 186.7680 53
187.1200 188.0800 55
188.2400 190.4160 57
194.1600 194.8320 62
194.8640 195.5680 63
195.6000 196.3360 62
196.3680 197.1680 63
197.2000 197.8720 65
197.9040 198.5760 63
198.6080 199.4720 62
199.5040 199.7920 63
200.3360 201.2320 65
201.2640 201.9360 63
201.9680 202.5120 62
202.5440 202.6080 61
202.6400 205.2640 60
207.5040 210.0000 62
210.0320 210.8960 63
210.9280 211.6000 65
211.6320 213.8400 67
214.7360 215.4720 65
215.7280 216.3680 63
216.5600 217.0400 62
217.3920 218.5120 58
218.9600 222.4800 60
