18.4160 18.4480 65
18.4800 18.5440 66
18.5760 18.8000 67
18.8320 18.9600 65
18.9920 19.6320 63
19.6640 19.9200 62
20.4320 20.4640 59
20.4960 20.5600 62
20.5920 20.6880 63
20.8160 21.0720 63
21.2000 21.4240 65
21.5840 21.6800 65
21.7120 21.9040 67
21.9360 22.3520 68
22.3840 23.7280 67
23.7600 23.9200 68
23.9520 24.2720 65
24.6560 24.7840 63
24.8160 25.0720 65
25.2640 25.3280 62
25.4880 25.6160 62
25.6480 25.8720 63
25.9040 26.1920 62
26.6400 26.6720 59
26.7040 26.9280 60
26.9600 26.9920 61
27.0240 27.1520 62
27.3120 27.6640 63
28.0480 28.2720 63
28.4960 28.6560 65
28.8160 28.9760 65
29.0080 29.1360 67
29.1680 29.2000 64
29.2320 30.6400 62
31.2160 31.2480 61
31.2800 31.3120 62
31.3440 31.5360 63
31.5680 31.7280 62
31.7600 32.6880 60
32.7200 32.8160 61
33.2000 33.3280 70
33.3600 33.5200 71
33.5520 33.8720 70
34.0320 34.3200 68
34.3520 34.7680 67
34.8000 35.0880 68
35.2480 35.2800 68
35.3120 35.3440 69
35.3760 36.1440 70
36.1760 36.1760 68
36.2080 36.2080 65
36.2400 36.9760 62
37.0080 37.6160 63
38.0320 38.1280 67
38.2560 38.6080 67
38.6400 39.1520 68
39.6320 39.9520 68
39.9840 40.1440 66
40.1760 40.3360 67
40.3680 40.4000 66
40.4320 40.6880 65
40.8480 41.1040 63
41.1360 41.3280 62
41.5200 41.6800 65
41.7120 43.5360 63
45.6800 45.9040 63
45.9360 46.1920 62
46.3200 46.7680 63
46.8000 46.9920 62
47.6000 47.7600 56
47.8880 47.9840 57
48.0160 48.2400 58
48.2720 48.4000 57
52.0160 52.0800 57
52.1120 52.1760 59
52.2080 52.2720 60
52.4000 53.0080 60
53.0400 53.1360 59
53.1680 53.4560 58
53.6800 53.9680 56
54.0000 54.0320 57
54.0640 54.0960 58
54.1280 54.3200 59
54.4480 54.6720 58
54.8640 54.9600 55
55.1200 55.7920 55
57.6800 57.9360 55
57.9680 58.8000 56
58.8320 58.9280 57
58.9600 59.4080 58
59.4400 59.6320 57
60.4000 60.5920 55
60.9120 61.8400 58
62.0320 62.2240 60
62.4480 62.7040 60
62.7360 63.0880 59
64.8800 64.9440 55
64.9760 65.1040 56
65.2320 65.4560 60
65.6800 65.8400 59
65.8720 65.9360 60
66.0960 66.3840 63
66.8640 66.9920 63
67.1200 67.2160 65
67.2480 67.5360 61
67.6960 67.7600 59
67.7920 67.9200 60
68.0800 68.3360 60
68.4960 69.2000 58
71.1520 71.2800 60
71.3120 71.3440 62
71.3760 71.6320 63
71.6640 72.0800 62
72.1120 72.7520 63
72.7840 72.7840 60
72.9120 73.3920 55
73.4240 73.8720 56
73.9040 74.0320 57
74.0640 74.5120 58
75.3120 75.5040 60
75.6960 75.9200 58
76.0800 76.3680 56
76.4000 76.7200 55
76.9120 77.4880 56
78.0960 78.4800 56
78.6400 79.4400 59
79.4720 79.6960 58
79.8240 80.0160 57
80.0480 80.1120 58
80.1440 80.3040 59
80.3360 81.6480 58
84.1120 84.1440 58
84.1760 84.2080 59
84.2400 84.4320 60
84.4640 84.7520 62
84.7840 84.9120 61
84.9440 85.1680 63
85.2640 85.8720 63
86.1280 86.3200 65
86.4480 86.6080 65
86.6400 87.1840 67
87.6000 87.9840 67
88.0160 88.1120 64
88.1440 88.3680 68
88.4000 88.7520 67
88.8800 89.1040 65
89.1360 89.7440 63
89.7760 90.2880 65
90.8000 90.9280 60
91.0560 91.2160 60
91.4080 91.7280 62
92.1760 92.4000 62
92.4320 92.6240 63
92.6560 92.7520 65
92.9760 93.2000 65
93.2320 95.3440 63
95.5680 95.6960 63
96.8160 96.9120 59
96.9440 96.9760 62
97.0080 97.1680 63
97.3280 97.4880 62
97.6480 97.7760 62
97.8080 98.3520 63
98.3840 98.3840 61
98.5440 98.7360 55
98.8960 99.1200 56
99.3440 100.4960 58
100.5280 100.6880 60
100.7200 100.9120 59
101.2320 101.4560 58
103.2800 103.3760 57
103.4080 103.5040 59
103.6960 103.7920 59
103.8240 104.3360 60
104.5280 104.7520 58
104.7840 105.3280 56
105.3600 105.6800 59
105.7120 105.9680 58
106.0960 106.4160 54
106.5440 107.0560 55
107.2160 107.4400 55
108.5280 108.8160 55
108.8480 108.9760 54
109.0080 109.1040 55
109.3600 109.9040 56
110.0960 110.2240 56
110.2560 110.3200 57
110.3520 111.1520 58
111.6640 112.1440 55
112.1760 112.2400 56
112.2720 112.4000 57
112.4320 113.1360 58
113.3280 113.5520 60
113.7440 113.9040 59
113.9360 114.7360 60
114.7680 114.8960 59
116.1440 116.1760 53
116.2080 116.2400 54
116.2720 116.4000 55
116.4960 116.5280 59
116.5600 116.7200 60
116.7520 116.8800 61
117.0080 117.2640 60
117.2960 117.5520 63
117.7760 117.8400 63
117.8720 117.9680 64
118.0000 118.2240 63
118.3520 118.4800 65
118.5120 118.5120 62
118.6080 118.7040 62
118.8320 118.8960 61
118.9280 119.1840 60
119.4080 119.5680 60
119.7600 120.0160 58
120.3680 120.4000 60
120.4320 120.8160 61
122.0960 122.1920 60
122.2240 122.7360 63
122.8960 123.1200 62
123.3440 123.4080 62
123.4400 123.8880 63
124.1440 124.2080 56
124.2400 124.5600 55
124.5920 125.0400 56
125.0720 125.2320 57
125.2640 125.7440 58
126.4480 126.5760 58
126.6080 126.7680 59
126.9920 127.1520 58
127.3120 127.6320 56
127.6640 128.3040 55
128.3360 128.8800 56
129.3280 129.6160 56
129.7760 129.8400 57
129.8720 129.9040 58
129.9360 130.1600 59
130.2880 130.8640 59
130.8960 131.0240 58
131.0560 131.2800 56
131.4080 131.6320 59
131.8240 133.0720 58
133.2640 133.4240 58
133.9040 134.0000 57
134.0320 134.2240 56
135.3120 135.4080 56
135.4400 135.4720 59
135.5040 135.6960 60
135.7280 136.0800 62
136.1120 136.1760 60
136.2080 136.2400 62
136.2720 136.4000 63
136.6560 137.0400 63
137.2320 137.2640 64
137.2960 137.8720 65
137.9040 138.5120 67
138.9280 139.4080 67
139.4400 139.7280 68
139.7600 139.9840 67
140.1440 140.4320 65
140.4640 140.7840 63
140.8160 140.8800 62
140.9760 141.0400 62
141.0720 141.6480 65
141.6800 141.7120 64
142.0640 142.0960 59
142.1280 142.6400 60
142.6720 142.7040 61
142.7360 142.9600 62
143.3440 143.4080 57
143.4400 143.4720 61
143.5040 143.7280 62
143.7600 143.8880 63
143.9200 144.5600 65
144.5920 145.2960 63
145.5520 145.7120 63
145.7440 146.4160 62
146.4480 146.5760 63
146.8640 147.2800 60
147.3120 147.3120 62
147.3440 147.3760 66
147.4080 147.4400 67
147.4720 147.6960 68
147.7280 147.9520 67
147.9840 148.4320 68
148.4640 148.4640 66
148.4960 148.7840 63
148.8160 149.5520 62
149.9680 150.0960 60
150.1280 150.2240 61
150.3520 150.4480 61
150.5760 150.5760 67
150.6080 150.6720 69
150.7040 150.8000 70
150.9920 151.2160 68
151.3440 151.3760 68
151.4080 151.4400 69
151.4720 151.6320 70
151.7600 152.2720 68
152.3040 152.8480 67
153.1680 153.2320 67
153.3920 153.5840 67
153.6160 153.7120 65
153.7440 154.0000 63
154.2240 154.5120 62
154.8320 154.8640 59
154.8960 155.1520 61
155.1840 155.7280 62
155.7600 156.2080 60
156.2400 156.4960 63
156.5280 156.5280 65
156.5600 156.8480 67
156.8800 156.9760 65
157.0080 157.2320 67
157.4240 157.5200 67
157.5520 158.0320 65
158.1280 158.8640 65
158.8960 159.0880 66
159.4400 159.7920 67
159.8240 159.9520 65
159.9840 160.4640 63
160.4960 160.5920 62
160.6560 160.9760 63
161.3280 161.3920 58
161.4240 161.4560 62
161.4880 161.6160 63
161.7440 162.0000 63
162.1600 162.4160 65
162.5440 162.6400 66
162.6720 162.8640 67
162.8960 163.2800 68
163.3120 164.6880 67
164.7200 164.8480 68
164.8800 165.2640 65
165.6800 165.7440 63
165.7760 165.8400 62
165.8720 166.0320 65
166.0640 166.0960 64
166.1280 166.1600 63
166.1920 166.2880 62
166.3200 166.3200 60
166.4160 166.4160 60
166.4480 166.5760 62
166.6080 167.2480 63
167.6320 167.9200 60
167.9520 168.0160 61
168.0480 168.1120 63
168.1440 168.1760 62
168.3040 168.4000 64
168.4320 168.5920 63
168.6240 168.6560 62
169.0080 169.0720 62
169.1040 169.2320 63
169.4240 169.6160 65
169.9360 170.0640 67
170.0960 170.0960 65
170.1280 171.5360 62
171.5680 171.6960 63
172.1760 172.3040 62
172.3360 172.5280 63
172.5600 172.7520 62
172.7840 173.3600 60
173.3920 173.7440 61
174.1920 174.3200 70
174.3520 174.4800 72
174.5120 174.5440 71
174.5760 174.8640 70
174.9920 175.3120 68
175.3440 175.7280 67
175.7600 176.0800 68
176.2080 176.2400 68
176.2720 176.3040 69
176.3360 177.1360 70
177.1680 177.1680 64
177.2000 177.7440 62
177.7760 178.5120 63
178.5440 178.6080 64
178.9280 179.0560 68
179.2160 179.5680 67
179.6000 180.0800 68
180.1120 180.1760 69
180.5920 180.7520 69
180.7840 180.9120 68
181.0400 181.0720 66
181.1040 181.3280 67
181.3600 181.3920 66
181.4240 181.6800 65
181.8720 182.0640 63
182.0960 182.2880 62
182.4800 182.6400 53
182.6720 185.4240 51
197.6800 197.9040 58
201.7760 201.8720 63
201.9040 202.0960 67
202.1280 202.1920 68
210.9280 211.3760 60
211.4080 211.4080 62
211.4400 211.4400 65
211.4720 211.5680 67
211.6000 211.6960 68
211.7280 212.0800 67
212.2080 212.3360 67
212.3680 212.5280 68
212.5600 212.5600 66
212.5920 212.8160 63
212.8480 213.5840 62
214.0320 214.1600 59
214.1920 214.2880 60
214.4160 214.5120 59
214.6400 214.7360 57
214.7680 214.8640 58
215.0880 215.3120 68
215.4400 215.4720 68
215.5040 215.5680 69
215.6000 215.6960 70
215.8240 216.0160 68
216.0480 216.8800 67
217.1360 217.2640 68
217.2960 217.3280 67
217.4560 217.6160 67
217.6480 217.6800 66
217.7120 217.8720 65
217.9040 218.0000 63
218.0320 218.0640 62
218.2880 218.4480 64
218.4800 218.5440 63
218.8960 219.2160 60
219.2480 219.5360 62
219.5680 219.6640 63
219.6960 219.7280 62
219.7600 219.7920 61
219.8240 220.1760 60
220.2080 220.3040 61
220.3360 220.4000 62
220.4320 220.5600 63
220.5920 220.6240 65
220.6560 220.9440 67
221.1040 221.2000 65
221.2320 221.3600 67
221.5200 221.6160 66
221.6480 223.2800 65
223.3120 223.3120 67
223.3440 223.4400 70
223.4720 223.7920 67
223.8240 223.8560 66
223.8880 224.0160 65
224.0480 224.1120 62
224.1440 225.0720 63
225.4880 225.5520 62
225.5840 225.7440 63
225.8720 226.1280 63
226.2880 226.4800 65
226.7040 226.7360 66
226.7680 227.0560 67
227.0880 227.5360 68
227.5680 227.8880 67
227.9200 228.2720 68
228.3040 228.6880 67
228.7200 228.9120 68
229.0400 229.2960 65
229.4880 229.5520 63
229.7440 229.8720 64
229.9040 230.1280 65
230.2880 230.3840 62
230.5440 231.3440 63
231.7280 231.9520 60
231.9840 232.0480 61
232.0800 232.2400 63
232.4000 232.5920 65
232.6240 232.7200 63
233.1040 233.2000 61
233.2320 233.3280 63
233.5200 233.7120 65
233.8720 233.9040 65
233.9360 234.0000 66
234.0320 234.1600 67
234.1920 234.2560 64
234.2880 234.4800 62
234.6720 235.0880 62
235.1520 235.1840 63
235.2160 235.3760 64
235.4080 235.4720 63
235.5040 235.7600 62
236.3360 236.3680 62
236.4000 236.5280 63
236.5600 236.7840 62
236.8160 237.8400 60
238.2560 238.3840 70
238.4160 238.4480 71
238.4800 238.6080 72
238.6400 238.9280 70
239.0560 239.1200 68
239.2480 239.3120 68
239.3440 239.8240 67
239.8560 240.1440 68
240.3040 240.4000 68
240.4320 241.2320 70
241.2640 241.2640 68
241.2960 241.2960 65
241.3280 241.8400 62
241.8720 242.5120 63
242.5440 242.6080 64
243.0240 243.1840 68
243.3120 243.6320 67
243.6640 244.2720 68
244.6880 244.8160 67
244.8480 244.9440 68
244.9760 245.0400 67
245.0720 245.1680 66
245.2000 245.4560 67
245.4880 245.7440 65
245.9360 246.0640 63
246.0960 246.3840 62
246.4160 246.4160 59
246.5440 246.6720 53
246.7040 248.5280 51
249.0720 249.0720 61
249.1040 249.1680 65
249.2000 249.4240 67
249.4560 249.5520 66
249.5840 249.6160 65
249.6480 250.1280 63
250.1600 250.2560 62
250.2880 250.4160 63
250.4480 250.5120 64
251.0880 251.0880 58
251.1200 251.1200 60
251.1520 251.2160 62
251.2480 251.3440 63
251.4720 251.7280 63
251.8560 252.1120 65
252.3040 252.3680 66
252.4000 252.6240 67
252.6560 253.0720 68
253.1040 254.6080 67
254.7360 254.9600 65
255.3440 255.4400 63
255.4720 255.7280 65
255.8880 256.0480 62
256.1760 256.9120 63
257.2960 257.6160 60
257.6480 257.6800 61
257.7120 257.8400 62
258.0000 258.0320 62
258.0640 258.3520 63
258.7360 258.8320 61
258.8640 258.8960 62
259.1200 259.3440 65
259.5040 259.5680 65
259.6000 259.7920 67
259.8240 259.8240 64
259.8560 261.0720 62
261.1040 261.2320 63
261.2640 261.3920 64
261.8720 262.0000 62
262.0320 262.1600 63
262.1920 262.4160 62
262.4480 262.9280 60
262.9600 263.0880 59
263.1200 263.3760 60
263.4080 263.4720 61
263.8880 264.0800 70
264.1120 264.2080 74
264.2400 264.5600 70
264.6880 264.7840 68
264.9440 265.4240 67
265.4560 265.7440 68
265.9360 265.9680 68
266.0000 266.9280 70
266.9600 266.9920 66
267.0240 267.4720 62
267.5040 267.9200 63
268.0800 268.3040 63
268.6560 268.6880 67
268.7200 268.8160 68
268.9440 269.2640 67
269.2960 269.9040 68
270.3200 270.6400 68
270.7680 270.8000 66
270.8320 270.9920 67
271.1200 271.3760 65
271.5680 272.0480 63
272.1760 272.4000 65
272.4320 274.2880 63
274.3200 274.7360 64
275.5360 275.6000 56
275.6320 275.7600 57
275.7920 276.5600 58
276.5920 276.6560 59
276.6880 277.4880 63
277.5200 277.7760 58
277.9040 278.1600 58
278.3200 278.4480 56
278.4800 278.5440 58
278.7040 281.0080 56
281.4880 281.8720 63
281.9040 281.9680 66
282.0000 282.5120 68
282.6720 283.0560 68
283.5040 283.5360 65
283.5680 283.6960 67
283.7280 283.9840 68
284.1760 284.5280 68
284.5600 284.5600 65
284.7520 285.0080 65
285.0400 285.3920 63
285.6480 285.7120 56
285.9040 289.1360 63
298.3520 299.0240 67
