12.1120 12.2080 54
12.4320 12.4960 54
12.5280 12.5600 53
15.3440 15.4080 59
18.3840 18.4800 53
21.0720 21.1680 53
21.3600 21.5840 54
34.3520 34.6400 63
34.8960 35.2480 61
35.2800 35.4400 58
35.6640 36.1760 58
36.5920 36.9440 56
37.2960 37.4560 58
37.4880 37.6480 59
38.1920 38.4800 63
38.7360 38.7680 60
38.8000 39.0240 61
39.0560 39.0880 60
39.1200 39.2800 58
39.3120 39.4080 57
39.6640 40.0480 58
40.4000 40.9440 56
40.9760 41.6160 58
42.4480 42.7040 66
42.9280 43.0240 68
43.1520 43.7600 65
44.3040 44.8480 61
44.8800 45.0400 63
45.2000 45.9680 63
46.1600 46.4480 63
46.7680 46.9280 63
47.6960 47.7920 60
49.7440 50.0960 63
50.2880 50.5760 61
50.6080 50.8320 58
50.8960 50.9280 57
50.9600 51.5680 59
51.7920 52.4320 56
52.4640 52.5280 58
52.6560 53.0400 58
53.6480 53.8720 63
54.1600 54.4480 61
54.4800 54.8640 58
55.0880 55.4080 59
55.7280 56.1120 56
56.5280 56.7520 57
56.7840 56.9440 58
57.7440 58.0960 66
58.1280 58.1920 63
58.2240 58.2880 66
58.4800 59.0880 65
59.5040 59.6640 60
59.7920 60.1120 61
60.1440 60.3680 63
60.5600 61.8400 63
62.2240 62.2880 63
62.6720 62.7680 63
63.8880 64.0480 66
64.2400 64.4000 59
64.4320 65.3600 61
65.5520 65.6480 61
66.0960 66.2240 71
66.2560 66.5120 73
66.5440 66.6400 72
66.6720 67.0240 70
67.0560 67.3760 68
67.4080 67.6320 66
67.6640 67.8560 68
67.9840 68.9120 70
69.0720 69.2320 66
69.4880 69.7760 66
69.9680 70.0960 66
70.1280 71.1840 65
71.6640 71.8240 66
71.8560 72.0800 71
72.1120 72.7200 73
72.7520 72.7520 67
73.0080 73.2960 64
73.3280 73.3920 68
73.4240 73.6480 70
73.8080 73.8400 71
73.8720 73.9040 72
73.9360 74.1920 73
74.2240 74.4160 71
74.4480 74.7680 70
74.8000 75.0880 68
75.1200 75.1520 67
75.1840 75.3120 66
75.4400 75.6320 68
75.6640 76.2080 70
76.2400 76.4320 71
76.6240 76.8160 66
76.8480 76.9760 65
77.0080 77.1360 67
77.2640 77.3920 65
77.4240 77.6480 63
77.6800 77.7760 66
77.8080 78.5760 68
78.7360 78.8320 59
79.0560 79.4720 70
79.5040 79.7280 68
79.8560 80.3040 70
80.9760 81.3920 70
81.4240 81.4560 72
81.5200 82.1600 70
82.4160 82.5120 63
82.6400 83.0880 66
83.1200 83.2160 68
83.4080 83.8880 70
84.5600 84.8800 66
85.1360 85.2640 64
85.4240 85.4880 66
85.5200 86.0320 65
86.7680 87.3760 58
87.5680 87.9520 70
88.0800 88.1440 70
88.6560 89.0720 70
89.2960 89.8720 70
90.1600 90.7360 66
90.7680 90.8640 68
91.0880 91.5360 70
92.2400 92.5600 66
92.8160 92.8800 63
92.9120 92.9760 64
93.0080 93.1360 66
93.1680 94.3520 65
94.3840 94.5120 62
94.5440 94.5440 59
94.6720 94.8960 60
94.9280 95.0560 58
95.6640 95.8880 63
96.0160 96.5600 61
97.1360 97.5840 58
97.9680 98.3840 56
98.6080 99.1200 58
99.6000 99.9520 63
99.9840 100.3040 61
100.8160 101.4240 59
101.8400 102.3840 56
102.4160 103.1520 58
103.8560 103.9840 64
104.0160 104.1120 65
104.2080 104.2720 66
104.3040 104.5920 68
104.6240 104.6880 66
104.7200 105.2320 65
105.9040 106.2880 61
106.3200 106.4480 63
106.6080 107.7920 63
107.8240 107.8880 64
108.5280 108.7200 65
108.7520 108.8480 66
108.8800 109.4240 70
109.4560 109.6160 68
109.6480 109.7120 69
109.9360 110.1920 67
110.2240 110.6080 66
110.9600 111.0240 68
111.0560 111.3120 63
111.3440 111.4400 62
111.6000 111.7920 61
111.9520 112.0480 59
112.0800 112.1440 58
112.3360 112.4000 57
112.4320 113.0400 59
113.3920 113.8720 56
113.9040 113.9680 57
114.1280 114.2560 57
114.2880 114.5120 58
114.8960 114.9280 62
114.9600 115.1840 63
115.2160 115.2480 62
115.2800 115.3760 61
115.7600 115.9200 61
115.9520 116.1760 58
116.2080 116.3040 57
116.3680 116.3680 58
116.4960 116.7840 58
116.8160 116.8480 57
116.8800 116.9440 56
117.6800 117.7760 66
117.9360 118.0640 71
118.0960 118.1280 72
118.1600 119.0240 73
119.8560 119.9520 71
119.9840 120.0160 72
120.0480 120.2720 73
120.3040 120.3680 72
120.4000 120.4960 71
120.5280 120.7840 70
120.8160 120.8480 69
120.8800 121.1680 68
121.2000 121.2320 67
121.2640 121.4240 66
121.4560 121.6160 68
121.7440 121.7760 69
121.8080 122.6720 70
122.7040 122.8960 66
123.2480 123.5360 66
123.6960 123.8560 66
123.8880 124.9440 65
125.4880 125.6480 66
125.6800 125.7760 70
125.8080 125.8720 71
125.9040 126.5120 73
126.5440 126.5760 67
126.8000 126.8640 64
126.8960 127.0240 63
127.0560 127.0560 65
127.0880 127.1520 68
127.1840 127.4080 70
127.5680 127.6000 71
127.6320 127.6640 72
127.6960 127.8560 73
127.9840 128.1760 71
128.2080 128.5280 70
128.5600 128.8800 68
128.9120 129.0720 66
129.2000 129.4240 69
129.4560 129.5520 70
129.5840 129.6800 71
129.7120 130.0640 70
130.0960 130.1920 71
130.2240 130.2880 70
130.3200 130.8000 66
130.8320 130.8960 67
131.0240 131.1520 65
131.1840 131.2800 63
131.3120 131.3440 64
131.5360 131.6960 67
131.7280 132.2720 68
132.4640 132.4960 58
132.5280 132.5920 59
132.8480 133.2640 70
133.2960 133.3920 68
133.4240 133.4560 69
133.4880 134.0320 70
134.7680 135.1520 70
135.1840 135.2160 71
135.3760 135.4400 70
135.6000 135.8880 70
136.1440 136.2720 66
136.4000 136.7520 66
136.7840 136.8160 67
136.8480 136.9760 68
137.1680 137.3280 71
137.3600 137.6480 70
138.2880 138.6400 66
138.8960 139.0240 65
139.0560 139.2480 66
139.2800 140.0160 65
140.4960 140.9440 70
140.9760 141.1040 69
141.1360 141.2000 71
141.2320 141.7120 70
142.4160 142.8000 70
143.0240 143.0880 69
143.1200 143.1520 70
143.1840 143.3120 71
143.3440 143.6000 70
143.8560 143.9520 65
143.9840 144.4960 66
144.5280 144.6560 68
144.8160 145.3280 70
146.0000 146.3520 66
146.5440 146.7360 65
146.7680 146.8960 66
146.9280 148.4000 65
148.7520 149.0400 70
149.3280 149.4880 70
149.5200 149.8080 63
149.8400 150.0320 70
150.1920 150.3520 66
150.6400 150.6720 64
150.7040 151.7280 63
151.7600 151.9840 66
152.0160 152.2720 68
152.4640 152.4640 65
152.5280 152.6560 64
152.6880 153.8080 63
153.9360 154.1920 66
154.2240 154.2560 65
154.3840 154.4480 65
154.5760 155.1520 65
156.3360 156.4000 70
156.5280 157.1680 70
157.2000 157.6480 63
157.6800 157.7120 62
157.9360 158.0320 62
158.3200 159.4080 63
159.4400 159.6640 66
159.6960 159.9200 68
159.9520 160.0800 67
160.2720 161.4560 63
161.6160 161.8720 66
162.1600 162.8960 65
164.2720 164.2720 63
164.3040 164.4640 65
164.4960 165.2000 66
165.7440 165.7760 63
165.8080 166.6080 65
166.6400 166.9920 66
167.0240 167.5680 65
167.7920 167.8880 61
167.9200 168.6560 59
168.6880 168.8160 60
169.6160 169.6480 64
169.6800 169.7120 65
169.7440 169.9360 66
169.9680 170.4160 65
170.4480 170.8960 66
170.9280 170.9280 62
171.0240 171.0880 62
171.1200 171.4080 65
171.4400 171.8560 66
171.8880 171.9200 67
171.9520 172.1120 68
172.1440 173.2320 70
173.6160 173.6800 69
173.7120 173.8080 68
173.8400 174.0960 70
174.1280 174.8320 68
174.8640 174.9600 67
175.1520 175.2480 66
175.5360 175.6960 70
175.7280 176.0480 71
176.0800 177.4880 70
177.7120 177.9360 74
177.9680 179.3760 75
179.4080 179.4400 73
179.4720 179.5360 71
179.5680 180.0480 70
183.0560 183.0880 65
183.1200 183.2160 66
183.3760 183.5040 71
183.5360 183.5680 72
183.6000 184.4320 73
184.6240 184.8480 66
184.8800 184.8800 68
184.9120 184.9760 71
185.0080 185.2960 72
185.3280 185.5520 73
185.5840 185.6480 72
185.6800 185.7760 71
185.8080 186.1280 70
186.1600 186.4160 68
186.4480 186.5120 67
186.5440 186.7360 66
186.7680 186.8640 68
186.8960 186.8960 70
186.9280 187.0240 72
187.0560 188.0160 70
188.0480 188.2400 66
188.4960 188.5280 65
188.5600 188.7840 66
188.8160 188.8800 63
188.9120 189.0080 62
189.0400 189.1360 66
189.1680 190.1920 65
190.2240 190.2560 62
190.7360 190.8000 65
190.8320 190.8640 67
190.8960 191.0240 70
191.0560 191.1520 71
191.1840 191.7920 73
191.8240 191.9520 67
192.3360 192.5280 67
192.5600 192.6240 70
192.6560 192.9440 72
192.9760 193.2320 73
193.2640 193.4880 71
193.5200 193.8080 70
193.8400 194.0960 68
194.1280 194.1600 67
194.1920 194.4160 66
194.4480 194.5120 68
194.5440 194.5760 69
194.6080 194.7360 72
194.7680 195.5680 70
195.6000 195.9840 66
196.1440 196.4640 66
196.4960 196.6240 63
196.6560 196.8160 66
196.8480 197.6480 68
197.6800 197.6800 65
197.7120 197.8080 59
197.8400 197.9040 62
198.0960 198.5440 70
198.5760 198.6400 68
198.6720 198.7680 69
198.9600 199.3120 70
199.5040 199.5040 71
199.5360 199.7280 75
200.0160 200.4640 70
200.8800 201.2320 70
201.4560 202.1280 66
202.1600 202.2560 68
202.4480 202.9280 58
202.9600 202.9600 61
202.9920 203.0880 63
203.5360 203.5680 63
203.6000 203.9200 66
204.1120 204.4960 66
204.5280 204.9760 65
205.0080 205.0080 63
205.2960 205.4880 58
205.8080 206.2240 58
206.2560 206.4160 57
206.6400 206.9600 58
206.9920 207.0240 61
207.0560 207.0880 62
207.1200 207.4080 63
207.7280 208.1120 70
208.3360 208.4000 69
208.5280 208.5920 71
208.6240 208.8800 70
209.1680 209.3280 65
209.3600 209.7760 66
209.8080 209.9680 68
210.1280 210.3520 70
210.4480 210.5440 70
210.5760 210.6400 71
211.2800 211.6000 66
211.7920 212.1760 66
212.2080 213.2320 65
213.4560 213.4880 68
213.5200 214.6400 70
214.8640 215.1200 63
215.5360 215.7600 58
215.9520 215.9520 65
215.9840 216.5920 70
216.7520 217.0080 63
217.0400 217.2320 66
217.2640 217.2960 67
217.3280 217.6160 68
217.8400 218.1920 70
218.3200 218.8960 75
218.9280 218.9280 70
219.0560 219.2800 66
219.5040 219.6320 65
219.8240 220.6560 65
221.1680 222.3840 58
222.5440 222.8000 63
223.0560 223.0880 68
223.1200 223.5040 70
223.6640 223.7280 69
223.8880 224.2080 70
224.2720 224.4000 65
224.4320 224.6880 63
224.7200 224.9120 66
224.9440 225.0720 67
225.1040 225.2640 68
225.3920 225.3920 68
225.4560 225.6160 70
225.6480 225.6800 64
225.7440 225.7440 64
226.0000 226.1920 63
226.3200 226.6720 63
226.7040 227.0560 66
227.0880 227.3760 64
227.4720 228.5280 65
228.5600 228.7840 66
228.8160 229.0080 68
229.0400 229.1360 67
229.2640 229.3280 69
229.3600 229.4880 66
229.5200 230.6720 63
233.2960 233.3600 53
233.3920 233.4880 54
236.3680 236.5280 54
240.1120 240.3040 53
240.3360 240.5280 54
240.6560 240.7200 53
240.8800 240.9440 54
242.4800 242.6080 53
244.6240 245.2960 53
245.5200 245.7760 53
246.8000 246.8320 53
246.8640 247.1520 54
249.8400 250.0960 53
250.7040 250.9600 53
251.4400 251.6000 55
