23.8560 24.0800 56
35.2800 35.3440 61
35.3760 35.8560 62
35.8880 35.9200 60
36.1120 36.3360 59
36.8160 37.0080 60
37.0400 37.1680 63
37.2000 37.3920 59
37.4240 37.6160 62
38.0640 38.0960 62
38.1280 38.4800 65
38.5120 38.7360 67
38.7680 38.8000 65
38.8320 39.0880 63
39.4400 39.5040 54
39.5360 39.6960 58
39.7280 39.8240 56
40.0480 40.0480 60
40.2400 40.3360 65
44.4960 44.8800 75
44.9120 45.0720 72
45.1040 45.2000 70
45.2320 45.8720 72
45.9040 46.0000 75
46.0320 46.4160 71
46.4480 46.5760 69
47.3120 47.4720 59
47.5040 47.8880 60
47.9200 47.9200 58
47.9520 47.9840 56
50.0960 50.4800 75
50.5120 50.9920 72
51.7600 51.7920 59
51.8240 51.9520 62
59.1840 59.3120 75
59.3440 59.6320 71
59.6640 59.8240 67
60.6240 60.8160 75
60.8480 60.8800 72
60.9120 61.1680 70
61.4240 61.5840 77
61.6160 61.6800 75
61.7120 61.7120 73
61.7440 61.9040 71
62.0640 62.3520 72
62.7680 62.8320 72
62.8640 63.3120 75
63.3440 63.4720 71
63.6640 64.0800 71
64.4000 64.6240 74
64.6560 64.9440 72
64.9760 64.9760 69
65.0080 65.1040 67
65.1360 65.4240 71
65.4560 65.7120 69
66.1920 66.2880 66
66.4160 66.5760 62
66.6080 66.7680 63
66.8000 66.8960 68
71.3760 71.5360 70
71.6640 71.6640 70
71.6960 71.7920 72
72.7520 72.9120 78
72.9440 73.2320 77
73.3600 73.4240 76
73.4560 73.5520 75
73.5840 73.7760 74
73.8080 74.0000 72
74.0320 74.0960 69
74.1280 74.2560 66
74.2880 74.4800 67
74.5120 74.6400 66
76.7520 76.8480 74
79.1200 79.2160 73
79.3760 79.5680 73
79.6000 79.6960 72
80.0160 80.2080 75
80.4320 80.4960 72
80.5280 80.5920 71
80.6240 80.7520 70
80.7840 80.9120 69
82.9920 83.5360 62
83.8240 84.0800 60
84.3040 84.5280 59
84.6880 85.2000 57
85.2320 85.3280 58
85.3600 85.7120 59
87.9520 88.2400 57
88.4000 88.8160 59
89.5520 89.7120 61
89.7440 90.3200 62
90.3520 90.3840 61
90.4160 90.6080 60
90.7680 91.0560 59
91.0880 91.1520 58
91.1840 91.4400 57
91.6640 92.0800 59
93.2640 93.4880 54
93.6800 94.0960 54
94.1280 94.2880 55
94.5120 94.8000 57
94.9280 95.1520 56
95.1840 95.2160 57
95.7280 95.8560 66
95.8880 96.4000 67
96.5600 96.7520 66
96.7840 96.9760 65
97.0080 97.2000 66
97.2320 97.4240 65
97.4560 97.5840 64
97.7760 97.9680 64
98.0000 98.0320 63
98.1600 98.2240 60
98.2560 98.4480 59
98.4800 98.5440 60
98.9920 99.0240 66
99.0560 99.2800 67
99.4080 99.6960 67
99.7280 100.6240 66
100.6560 101.2640 67
101.2960 101.6480 69
101.6800 101.7440 68
102.0640 102.3200 62
102.3520 102.3840 63
102.4160 104.7200 64
104.8800 105.1040 64
106.8960 107.3760 55
107.6640 107.9520 57
107.9840 108.0800 58
108.1120 108.4000 59
109.2640 109.4880 62
109.6800 109.9360 62
109.9680 110.0000 61
110.0320 110.3520 60
110.3840 110.8000 59
110.8320 110.8960 58
110.9280 111.1200 57
111.3760 111.8880 59
113.1360 113.2000 55
113.2320 113.8080 54
113.8400 114.1600 55
114.1920 114.3200 56
114.3520 114.5120 57
114.7680 115.1840 59
115.9200 115.9520 60
115.9840 116.0800 61
116.2720 116.5920 62
116.6240 116.6560 61
116.6880 116.9440 60
117.1040 117.3920 59
117.5200 118.0640 57
118.0960 118.1920 58
118.2240 118.5760 59
120.0160 120.5600 55
120.7520 120.9760 56
121.2320 121.4880 56
122.0000 122.1600 66
122.1920 122.8000 67
122.8320 123.5680 66
123.6000 123.6640 65
123.6960 124.2720 64
124.3040 124.3360 63
124.5280 124.8480 59
125.3280 125.4240 66
125.4560 125.9040 67
126.0960 126.1600 67
126.1920 126.9600 66
126.9920 127.5680 67
127.6000 127.7280 68
127.7600 127.7920 67
127.8240 127.8880 64
127.9200 128.3680 62
128.6240 128.7520 62
128.7840 128.8160 63
128.8480 130.2880 64
131.0560 131.4080 64
131.4400 131.4400 66
131.4720 131.5360 69
131.5680 131.7280 70
131.7600 132.2720 71
132.3040 132.5280 72
132.5600 132.6240 71
132.7520 132.9120 70
132.9440 133.0720 71
133.1040 133.1360 70
133.1680 133.8080 69
133.8400 133.8720 68
133.9040 134.1920 67
134.4160 134.6720 67
134.7040 134.8000 66
135.1840 135.5040 59
135.5360 135.5680 63
135.6000 135.9840 64
136.0160 136.1440 65
136.1760 136.6880 66
136.7200 137.3280 67
137.6160 137.8400 66
137.8720 138.2240 67
138.2560 138.8640 69
139.0560 139.1200 62
139.1520 139.3120 61
139.3440 139.6320 62
139.6640 139.6960 68
139.7280 139.8560 70
139.8880 140.4320 71
140.4640 140.4960 70
140.5280 140.6560 68
140.6880 140.8480 69
140.8800 141.2640 67
141.2960 141.3280 66
141.7440 142.1280 59
142.1600 142.2880 62
142.3200 142.3520 63
142.3840 142.7680 64
142.8000 143.2480 66
143.4080 143.6000 66
143.6320 143.8560 67
144.1440 144.3680 66
144.4000 144.5280 67
144.5600 144.7520 68
144.7840 145.6160 69
145.6480 145.7120 72
145.7440 145.7760 73
145.8080 146.1920 74
146.2240 146.2560 72
146.2880 146.4800 70
146.5120 147.0560 71
147.0880 147.5040 69
147.5360 147.7280 67
147.7600 147.9840 66
148.4960 148.6880 59
148.7200 148.8160 62
148.8480 149.2960 64
149.3280 149.4560 66
149.4880 149.4880 64
149.6160 150.3840 55
150.8320 151.0240 54
151.0880 151.7280 57
151.8880 152.4320 69
152.4640 152.7840 71
152.8160 153.0400 68
153.0720 153.2640 69
153.2960 154.1600 67
154.2880 154.3520 65
154.5440 154.8000 64
155.1200 156.4960 64
157.1680 157.7440 64
157.7760 157.7760 66
157.8080 157.9680 69
158.0000 158.5760 71
158.6080 158.8640 72
158.8960 159.0240 71
159.0560 159.2160 70
159.2480 159.4400 71
159.4720 159.6640 69
159.8240 160.0800 69
160.1120 160.3040 68
160.3360 160.6240 67
160.6560 160.8160 68
160.8480 161.4240 69
161.4560 161.5840 67
161.6160 161.6480 66
161.8080 161.8720 65
162.0000 162.1600 66
162.2240 162.4160 67
162.5120 162.6080 66
162.6400 162.8000 65
163.0240 163.1840 65
163.2160 163.2480 66
163.2800 163.3760 67
163.5360 164.3040 67
164.3360 165.0720 66
165.1040 165.3600 67
165.3920 166.2560 66
166.2880 166.3840 65
166.4160 166.4480 64
166.4800 166.5440 63
166.7040 167.0880 62
167.2160 167.2480 62
167.2800 167.3440 63
167.3760 167.5680 64
167.6000 167.6640 62
167.6960 167.7920 63
167.8240 169.7440 64
170.1280 170.2880 64
170.3200 170.6720 63
170.8000 170.9600 70
170.9920 171.6000 71
171.6320 171.8880 72
171.9200 172.0800 71
172.1120 172.2400 70
172.2720 172.4000 71
172.4320 172.5600 70
172.5920 173.1680 69
173.2960 173.6160 67
173.6480 173.8400 68
173.8720 174.3840 69
174.5120 174.6400 66
174.6720 175.3760 67
176.1120 176.1760 66
176.2080 177.1040 67
177.1360 177.2320 68
177.2640 177.2640 66
177.3600 177.5200 65
177.5520 178.2240 66
178.2560 178.3840 67
179.3440 179.3760 74
179.4080 180.6240 75
180.6560 180.8480 76
180.8800 184.4960 74
184.6560 184.7200 74
187.4400 187.5040 61
187.7920 188.2080 64
188.2400 188.3680 65
188.4000 189.0080 66
189.0400 189.6160 67
189.8720 190.4480 67
190.4800 191.0560 69
191.2800 191.3440 62
191.3760 191.4400 61
191.8560 192.6560 71
192.6880 193.0400 68
193.0720 193.6160 67
193.9360 194.0640 60
194.0960 194.2240 59
194.3520 194.4160 62
194.4480 194.8640 64
194.8960 195.3120 66
195.5360 195.9520 67
196.2720 196.4960 66
196.5280 196.8800 67
196.9120 197.7120 69
197.7440 197.8080 72
197.8400 197.9040 73
197.9360 198.2560 74
198.2880 198.5120 70
198.5440 199.1200 71
199.1520 199.2800 68
199.3120 199.5360 69
199.5680 199.8560 67
199.8880 199.9840 66
200.9760 201.1680 64
201.2000 201.3920 65
201.4240 201.8080 66
202.0320 202.3520 67
202.7680 202.8960 66
202.9280 203.3760 67
203.4080 203.7280 69
203.8880 204.1440 69
204.2720 204.4640 70
204.4960 204.7200 71
204.7520 205.2320 69
205.2640 205.2960 68
205.3280 205.9360 67
206.0960 206.2560 65
206.2880 206.8640 66
206.8960 207.1200 67
207.1520 207.1520 65
207.1840 208.9120 63
209.1360 209.4880 63
209.5200 209.6480 64
209.6800 209.6800 66
209.7120 209.8400 69
209.8720 209.9360 70
209.9680 210.8000 71
210.9600 211.5040 70
211.7920 211.9520 69
211.9840 212.0480 67
212.2400 212.8480 67
213.5520 213.6480 61
213.7760 214.2560 64
214.2880 214.3840 65
214.4160 214.9280 66
214.9600 215.4080 67
215.7920 215.8560 68
215.8880 216.3360 67
216.3680 217.1040 69
217.2640 217.5520 62
217.5840 217.6800 63
217.8080 217.9680 70
218.0000 218.5120 71
218.5440 218.5440 65
218.6400 218.7680 67
218.8000 218.8640 69
218.8960 219.3120 67
219.3440 219.3760 66
220.3360 220.8480 64
220.8800 221.4240 66
221.4560 221.8400 67
222.2560 222.4800 66
222.5120 222.5760 67
222.7040 222.7680 67
222.8000 222.8320 68
222.8640 223.1840 69
223.3440 223.6000 69
223.7280 223.8880 72
223.9200 224.3040 74
224.3360 224.4000 69
224.4320 224.4640 70
224.4960 225.0400 71
225.0720 225.1040 70
225.1360 225.3280 69
225.5840 225.9040 67
226.3200 226.5760 59
226.7040 226.7360 62
226.7680 226.8320 63
226.8640 227.0880 64
227.1200 227.2480 65
227.2800 227.8880 66
227.9200 228.0160 67
228.0480 228.1440 69
228.1760 228.4640 67
228.7840 229.3280 67
229.3600 229.6800 69
229.8080 230.4160 69
230.4480 230.7040 71
230.7360 231.1520 69
231.1840 231.3120 67
231.4400 231.8240 67
232.1120 232.2400 65
232.2720 232.7840 66
232.8160 233.0400 67
233.2960 233.4880 62
233.5200 233.6480 64
233.6800 233.8080 62
233.8400 234.6400 63
234.8320 234.9920 63
235.2160 235.3440 63
235.3760 235.4720 64
235.5040 235.6320 65
235.6640 235.7920 69
235.8240 236.4320 71
236.4640 236.8480 72
236.8800 237.2000 71
237.2320 237.7760 70
237.8080 237.9360 69
237.9680 238.4160 67
238.6080 241.6800 67
242.2560 242.6400 67
242.6720 244.2720 66
245.2960 245.6160 62
245.6480 246.1280 63
246.1600 249.2320 64
256.6880 256.9120 62
257.1680 257.5200 60
257.5520 258.1600 59
259.0560 259.1840 59
259.2160 259.3120 58
259.3440 259.6000 57
259.6320 259.7280 58
259.7600 261.0720 59
264.2080 264.3680 61
264.4000 264.6560 62
264.6880 264.7520 61
264.7840 265.7440 60
267.1520 267.2160 60
267.2480 267.9520 59
267.9840 268.0800 57
268.1120 268.2400 56
268.2720 271.0880 55
279.2800 279.6000 68
279.8240 279.9520 68
286.6400 286.7360 72
286.7680 286.8320 73
288.9120 289.0080 65
289.4240 289.4880 63
290.5440 290.6720 72
290.7040 290.7360 71
291.8240 292.0800 65
292.1120 292.1440 63
292.3040 292.5280 62
293.5200 294.2880 71
296.3040 296.4000 70
296.5600 296.9120 70
