60.6560 60.7840 60
60.8160 60.8800 61
60.9120 61.1040 62
61.1360 61.2000 61
61.2320 61.3280 60
61.4880 61.7760 60
62.0640 62.1920 56
62.2240 62.4160 55
63.4720 63.5360 55
63.7280 63.8880 55
64.2080 64.3680 56
64.4960 64.7200 59
64.7520 64.8800 58
64.9120 65.1680 59
65.2960 65.3920 57
65.6160 65.9680 57
66.0000 66.1600 56
66.1920 66.5440 55
68.8480 68.9440 60
68.9760 69.0400 61
69.0720 69.5840 62
69.7440 69.9040 61
69.9360 70.3520 62
70.5120 71.2800 60
72.7520 72.8160 56
72.8480 72.9120 57
72.9440 73.0080 58
73.0400 73.1040 60
73.1360 73.1680 61
73.2000 73.6800 62
73.8720 74.4480 62
74.4800 74.5440 63
74.5760 74.7040 64
74.8960 74.9920 60
75.0240 75.0880 61
75.1200 75.2800 62
75.3120 75.3760 61
76.9120 77.0080 55
77.2000 77.5200 54
77.7120 77.9360 54
77.9680 78.0640 55
78.4800 78.5760 62
78.6080 78.6400 63
78.6720 78.8640 64
79.0240 79.1520 63
79.1840 79.4080 64
79.4400 79.4720 63
79.5040 79.9520 62
81.2640 81.3920 58
81.4240 81.7120 59
81.7440 82.0000 60
82.0320 82.0640 61
82.0960 82.3840 62
82.6720 82.7360 64
82.7680 83.0560 65
83.0880 83.2160 64
83.4080 83.5040 63
83.5360 84.0480 64
85.1360 85.2320 55
85.4560 86.0320 54
86.7680 86.8320 62
86.8640 86.8960 63
86.9280 87.1840 64
87.2160 87.4400 63
87.4720 87.6640 64
87.9840 88.0800 61
88.1120 88.2080 62
88.4000 88.5920 62
89.5520 89.7440 59
89.7760 90.7680 60
93.3920 93.4560 58
93.4880 93.8720 59
93.9040 93.9360 58
93.9680 94.0960 57
94.2240 94.3520 59
94.3840 94.3840 62
94.4160 94.4160 65
94.4480 94.5760 67
94.6080 94.6400 65
94.6720 94.8960 59
94.9280 95.0880 57
95.2480 95.3440 59
95.5040 95.6640 67
95.6960 95.6960 64
95.7280 95.7280 62
95.7600 95.8880 59
95.9200 95.9520 58
95.9840 96.1440 57
96.3040 96.4640 59
96.4960 96.5280 63
96.5600 96.5600 65
96.5920 97.0400 67
97.5520 97.8080 67
97.8400 97.9680 66
98.0000 98.2560 67
98.2880 98.3840 66
98.4160 98.7040 65
98.7360 99.0880 64
99.1200 99.3760 61
99.4080 99.6320 62
99.7600 100.1760 60
101.1360 101.4560 58
101.6800 101.7760 58
101.8080 102.0960 59
102.1280 102.1600 58
102.1920 102.3520 57
102.4800 102.6080 59
102.6400 102.6720 57
102.7040 102.8640 55
103.0240 103.1200 59
103.1520 103.1840 58
103.2160 103.4080 57
103.4400 103.4720 58
103.5040 103.6640 59
103.7920 103.9200 55
104.0480 104.1760 59
104.3040 104.4960 57
104.5280 104.5600 58
104.5920 104.6880 59
104.9120 105.2000 67
105.8080 106.0000 67
106.0320 106.2240 66
106.2560 106.5440 67
106.5760 106.8320 65
106.9600 107.0560 64
107.0880 107.5680 65
107.6000 107.6320 61
107.6640 107.7920 60
107.8240 107.8880 59
107.9200 108.0160 56
108.0480 108.4000 55
108.4320 108.5600 56
108.6880 108.7520 59
108.7840 108.8800 60
109.0080 109.0720 62
109.1040 109.1360 63
109.1680 109.6480 64
109.6800 109.9040 65
110.0320 110.1600 64
110.1920 110.2240 63
110.2560 112.0160 62
114.2560 114.3520 66
114.3840 114.4800 67
114.6080 114.8320 67
114.8640 115.8880 64
115.9200 115.9520 63
116.4320 116.6880 68
116.7200 116.8800 67
116.9120 117.4560 64
117.4880 117.9040 67
118.0320 118.4160 64
118.5440 118.6400 67
118.6720 118.7360 69
118.7680 118.8000 68
118.8320 118.9920 67
119.0240 120.1760 64
120.5920 120.6560 68
120.6880 120.7840 69
120.8160 121.0080 67
121.0400 121.5520 64
121.5840 121.6480 67
121.6800 121.7760 68
121.8080 122.0320 67
122.1600 122.6080 64
122.6400 122.7040 67
122.7360 122.8320 69
122.8640 122.8960 68
122.9280 123.0560 67
123.0880 123.0880 65
123.1200 123.1840 62
123.2160 123.8560 60
124.2720 124.3360 68
124.3680 124.6240 69
124.6560 124.6560 66
124.6880 124.9120 64
124.9440 125.3280 67
125.4880 125.6160 69
125.6480 125.7120 68
125.7440 125.8400 66
125.8720 126.1600 67
126.2880 126.4800 64
126.7680 127.4400 64
127.4720 127.5360 63
127.5680 127.6960 62
127.8560 128.3360 60
128.8480 128.9760 67
129.0080 129.2960 68
129.3280 129.7440 67
129.7760 129.7760 65
129.9360 130.0640 59
130.0960 130.2560 60
130.2880 130.3520 61
130.3840 130.5760 62
130.8640 130.8960 65
130.9280 130.9600 66
130.9920 131.4080 67
131.4400 131.5360 65
131.5680 131.9840 64
132.0160 132.5280 63
132.9760 133.0720 67
133.1040 133.1680 69
133.2000 133.2320 68
133.2640 133.3920 67
133.4240 133.8720 64
134.0320 134.0960 67
134.1280 134.2560 69
134.2880 134.4800 67
134.5120 134.9920 64
135.0240 135.0560 67
135.0880 135.2800 68
135.3120 135.4720 67
135.5040 136.6560 64
137.1040 137.1360 67
137.1680 137.2000 68
137.2320 137.3280 69
137.3600 137.5200 67
137.5520 138.0960 64
138.1280 138.1920 67
138.2240 138.3200 68
138.3520 138.5760 67
138.6080 139.0880 64
139.1200 139.1520 65
139.1840 139.2480 67
139.2800 139.3440 69
139.3760 139.4080 68
139.4400 139.6000 67
139.6320 139.6320 65
139.6640 139.6640 63
139.6960 140.3040 60
140.7200 140.8160 74
140.8480 141.1680 75
141.2000 141.3600 67
141.4880 141.9680 67
142.0000 142.0960 69
142.2880 142.3840 71
142.4160 142.6400 72
142.6720 142.9280 67
142.9600 143.1840 69
143.7600 144.0160 65
144.0480 144.2080 64
144.3680 144.7200 65
144.9120 145.0080 66
145.0400 145.2320 67
145.3920 145.6480 63
145.6800 145.9680 62
147.4720 147.7600 64
147.7920 148.1440 65
148.1760 148.4640 64
148.4960 148.9440 65
149.0720 149.1360 66
149.1680 149.4240 67
149.4560 149.4880 65
149.5200 149.8080 63
149.8400 150.2560 62
151.6960 151.9840 64
152.0160 152.2720 65
152.3040 152.5600 64
152.5920 153.0400 65
153.1680 153.2960 66
153.3280 153.6160 67
153.6480 153.6480 65
153.6800 154.3520 62
155.0240 155.1840 62
155.2160 155.4400 63
155.4720 155.5360 62
155.5680 155.6000 61
155.6320 156.2080 60
156.4000 156.5920 59
156.6240 157.4560 60
160.0800 160.2080 60
160.2400 160.5280 61
160.5600 161.1680 60
161.2000 161.2320 59
161.5200 161.7440 55
162.9280 163.0560 55
163.2480 163.4400 55
163.4720 163.5680 56
163.7280 163.8880 56
164.0160 164.2080 59
164.2400 164.4000 58
164.4320 164.6560 59
164.6880 164.8160 58
165.0720 165.4240 57
165.4560 165.5520 56
165.5840 166.0320 55
168.3680 168.6880 61
168.7200 169.5200 62
169.5520 169.5840 61
169.6160 169.8080 59
169.8400 170.7680 60
172.3040 172.3680 56
172.4000 172.4640 57
172.4960 172.5280 60
172.5600 172.6240 61
172.6560 173.1360 62
173.3280 173.8720 62
173.9040 173.9680 63
174.0000 174.1920 64
174.3840 174.5440 60
174.5760 174.9600 61
176.4000 176.4960 55
176.6880 177.0080 54
177.3280 177.5520 54
177.5840 177.7760 55
177.9040 177.9360 59
177.9680 178.0320 62
178.0640 178.0960 63
178.1280 178.3200 64
178.3520 178.6400 63
178.6720 179.0560 64
179.0880 179.3760 62
180.5280 180.6240 60
180.7840 180.9120 58
180.9440 181.2320 59
181.2640 181.4880 60
181.5200 181.5520 61
181.5840 181.9040 62
182.0960 182.1920 64
182.2240 182.6720 65
182.7040 182.8000 64
182.8320 182.9600 63
182.9920 183.6960 64
185.1360 185.2960 54
185.3280 185.5840 53
186.2560 186.3520 63
186.3840 186.6720 64
186.7040 186.8640 63
186.8960 187.3120 64
187.4720 187.5360 64
187.5680 187.6000 63
187.6320 187.7280 62
187.8880 188.3680 62
189.0720 189.1360 59
189.1680 190.2560 60
192.9120 193.3600 59
193.3920 193.4240 58
193.4560 193.5520 57
193.6800 193.7760 59
193.9360 194.0960 67
194.1280 194.1280 65
194.1600 194.3520 59
194.3840 194.5760 57
194.7040 194.7360 59
194.7680 194.8320 60
194.9600 195.1200 67
195.1520 195.1520 65
195.1840 195.2160 63
195.2480 195.3760 59
195.4080 195.4400 58
195.4720 195.6320 57
195.7600 195.9200 59
195.9520 195.9840 62
196.0160 196.0160 65
196.0480 196.4640 67
197.0080 197.6800 67
197.8080 198.0640 65
198.0960 198.2560 63
198.2880 198.5440 64
198.5760 198.7680 61
198.8000 199.0560 62
199.2160 199.7280 60
201.2320 201.5840 59
201.6160 201.6800 58
201.7120 201.8720 57
202.0000 202.1280 58
202.1600 202.4480 55
202.4800 202.6720 58
202.7040 202.8640 57
202.8960 202.9600 58
202.9920 203.1520 59
203.2800 203.4080 55
203.5360 203.6640 59
203.6960 203.9520 57
203.9840 204.0160 58
204.0480 204.1440 59
204.3360 204.7840 67
205.3280 205.5200 67
205.5520 205.7440 66
205.7760 206.0960 67
206.1280 206.1600 66
206.1920 207.0240 65
207.1520 207.6320 59
207.6640 208.4640 60
208.4960 208.5920 62
208.6240 209.0720 64
209.1040 209.5520 65
209.5840 209.7120 64
209.7440 210.9280 69
210.9600 211.8240 62
212.0800 212.1440 62
213.5520 213.6480 65
213.6800 213.7440 67
213.8720 214.0640 67
214.0960 215.1520 64
215.6320 215.6640 67
215.6960 215.7280 68
215.7600 215.8880 69
215.9200 216.0800 67
216.1120 216.6240 64
216.6560 216.7200 67
216.7520 216.8160 68
216.9440 217.1040 67
217.2320 217.6480 64
217.6800 217.7760 67
217.8080 217.9040 69
217.9360 217.9680 68
218.0000 218.1600 67
218.1920 218.2880 65
218.3200 219.3440 64
219.7920 219.9840 68
220.0160 220.2400 67
220.2720 220.7840 64
220.8160 220.9760 68
221.1040 221.2320 67
221.3600 221.8080 64
221.8400 221.9040 67
221.9360 222.0320 69
222.0640 222.2880 67
222.3200 222.3200 64
222.3520 223.0240 60
223.4720 223.5040 67
223.5360 223.8240 69
223.8560 223.8560 67
223.8880 224.1440 64
224.1760 224.5280 67
224.6880 224.8800 69
224.9120 225.0720 66
225.1040 225.3920 67
225.4240 225.6800 64
226.0000 226.6720 64
226.7040 226.7680 63
226.8000 226.8960 62
227.0560 227.3440 60
227.3760 227.8560 59
228.0480 228.1760 67
228.2080 228.5280 68
228.5600 228.9440 67
229.1360 229.2640 59
229.2960 229.4880 60
229.5200 229.7760 62
230.1280 230.2880 67
230.4160 230.5760 67
230.6080 231.0560 64
231.0880 231.6640 63
232.2080 232.2720 67
232.3040 232.4320 69
232.4640 232.5920 67
232.6240 233.0720 64
233.2320 233.4560 68
233.4880 233.6480 67
233.6800 234.1920 64
234.2240 234.3200 67
234.3520 234.4480 69
234.4800 234.6720 67
234.7040 235.8560 64
236.3040 236.7520 67
236.7840 237.3280 64
237.3600 237.7760 67
237.8080 238.3840 64
238.4160 238.4800 67
238.5120 238.5760 69
238.6080 238.8320 67
238.8640 238.8640 63
238.8960 239.4400 60
239.9520 240.3680 75
240.4000 240.4000 72
240.4320 240.5600 67
240.7200 241.1680 67
241.2000 241.2960 69
241.4880 241.5840 71
241.6160 241.8720 72
242.0320 242.1280 67
242.1600 242.4160 69
242.9600 243.2160 65
243.2480 243.4400 64
243.5680 243.9200 65
244.1440 244.1760 66
244.2080 244.4640 67
244.6240 244.8480 63
244.8800 245.1680 62
246.7680 247.0560 64
247.0880 247.4080 65
247.4400 247.6640 64
247.6960 248.1120 65
248.2400 248.3040 66
248.3360 248.6240 67
248.6560 248.6880 65
248.7200 248.8480 63
248.8800 249.0080 64
249.0400 249.5520 62
250.8640 251.1840 64
251.2160 251.4400 65
251.4720 251.7600 64
251.7920 252.2400 65
252.3680 252.4960 66
252.5280 252.7840 67
252.8160 252.8160 65
252.8480 253.6160 62
254.1600 254.2560 62
254.2880 254.5440 63
254.5760 254.7680 62
254.8000 254.8640 61
254.8960 254.9600 60
255.0240 255.6000 60
255.6320 255.9520 59
255.9840 256.4960 60
256.5280 256.9760 61
257.0080 257.1680 62
261.7120 261.7760 69
261.8080 262.1920 70
262.2240 262.4160 71
262.4480 262.5440 70
262.5760 263.0880 72
263.1200 263.1520 67
263.5680 263.5680 65
263.6320 267.3120 67
267.3440 267.5360 66
267.5680 267.7600 63
267.9840 268.3360 67
268.3680 268.4000 66
268.4320 268.4640 65
268.4960 268.8800 62
268.9120 268.9440 61
268.9760 270.8000 60
270.8320 270.8960 61
271.0880 271.1200 71
271.1520 272.6560 72
272.6880 272.8800 73
272.9120 273.5840 72
273.6160 273.6800 70
273.7120 273.7440 69
273.8400 273.8720 72
273.9040 274.0320 73
274.0640 274.3200 74
274.3520 274.6400 72
274.6720 274.7680 76
274.8960 275.0240 67
275.0560 275.3120 69
275.3440 275.3760 68
275.4080 275.7920 67
275.8240 275.9520 68
275.9840 276.0480 67
276.6560 276.7840 72
276.9440 276.9760 67
277.0080 277.0720 68
277.1040 277.6480 69
277.6800 277.8080 67
277.9360 278.0960 67
278.1280 278.1600 65
278.1920 279.3120 64
279.6960 279.9840 68
280.0160 280.1120 67
280.1440 280.3680 64
280.4960 280.6880 64
280.7200 280.7840 67
280.8160 280.8800 68
281.0080 281.1360 67
281.2640 281.6800 64
281.8080 281.8400 68
281.8720 282.0000 69
282.0320 282.2240 67
282.2560 283.2800 64
283.3120 283.3760 65
283.8240 283.9520 69
283.9840 284.0160 68
284.1440 284.3040 67
284.3360 284.8480 64
284.8800 284.9440 67
284.9760 285.0720 69
285.1040 285.3920 67
285.4240 285.7760 64
285.9040 285.9360 67
285.9680 286.0000 68
286.0320 286.1280 69
286.1600 286.1920 68
286.2240 286.3200 67
286.3520 286.4160 62
286.4480 287.2160 60
287.4400 287.5360 62
287.5680 287.9520 64
287.9840 288.0800 67
288.2080 288.6880 67
288.7200 288.8160 69
289.0080 289.1040 71
289.1360 289.3280 72
289.4880 289.5200 67
289.5520 289.6480 68
289.6800 289.9680 69
290.3520 290.7360 65
290.7680 291.0240 64
291.0560 291.4720 65
291.6320 291.6640 66
291.6960 291.9840 67
292.1760 292.2720 63
292.3040 292.4000 64
292.4320 292.4640 63
292.4960 292.7200 62
294.3200 294.6080 64
294.6400 294.9600 65
294.9920 295.1840 64
295.2160 295.6320 65
295.8240 295.9200 66
295.9520 296.1760 67
296.2080 296.2400 65
296.2720 296.5920 63
296.6240 297.0400 62
298.4160 298.7040 64
298.7360 299.0240 65
299.0560 299.3120 64
299.3440 299.7600 65
299.9200 299.9520 65
299.9840 300.0480 66
300.0800 300.3360 67
300.3680 300.4320 64
300.4640 301.2000 62
301.7120 301.8400 62
301.8720 302.1280 63
302.1600 302.2560 62
302.2880 304.4640 60
310.7360 310.9600 65
