36.0160 36.2080 62
36.2400 36.4000 64
36.4320 36.6560 62
36.6880 36.8160 63
37.0080 37.1680 59
37.3600 37.4880 62
37.5200 37.5520 63
37.5840 37.6800 64
37.7120 37.7440 63
37.7760 37.9360 62
37.9680 38.2240 63
38.2560 38.4160 62
38.4480 38.5120 64
38.5440 38.5760 63
39.0880 39.2160 62
39.2480 39.2800 63
39.3120 39.4080 64
39.4400 39.4720 63
39.5040 39.6960 62
39.7280 39.7600 63
39.7920 39.8880 64
39.9200 40.0160 63
40.1760 40.3040 63
40.6880 40.7520 56
40.7840 41.2000 55
43.0560 43.2480 62
43.2800 43.7920 63
43.8240 43.8560 62
43.9840 44.3040 59
44.3360 44.3680 61
44.4000 44.4640 62
44.4960 44.7520 63
44.7840 44.9760 62
45.0080 45.2000 63
45.2320 45.5520 62
45.7440 45.9360 58
45.9680 46.0000 59
46.1920 46.3520 62
46.3840 46.4800 64
46.5120 46.7360 63
46.7680 46.8960 64
47.0240 47.6320 62
47.8880 48.0160 56
48.0480 48.6880 55
50.1600 50.1600 58
50.1920 50.2240 61
50.2560 50.2880 62
50.3200 50.4800 63
50.5120 50.7040 62
50.7360 50.8960 63
51.0880 51.2480 59
51.4400 51.6320 62
51.6640 51.7600 64
51.7920 52.0160 62
52.0480 52.0800 63
52.1120 52.3360 64
52.5280 52.6560 63
52.8800 53.0720 59
53.2000 53.2960 62
53.3280 53.3600 63
53.3920 53.4880 64
53.6160 53.7440 63
53.8720 54.0320 64
54.0640 54.3520 62
54.3840 54.5760 63
54.8320 54.8960 57
54.9280 55.0240 56
55.0560 55.9840 55
57.1680 57.3280 62
57.3600 57.3920 63
57.4240 57.5200 64
57.5520 57.7760 63
57.8080 57.9040 64
57.9360 57.9680 63
58.1600 58.1600 59
58.2560 58.4480 59
58.4800 58.6720 62
58.7040 58.8640 63
58.8960 59.1200 62
59.1520 59.2480 64
59.2800 59.3120 63
59.3440 59.8240 62
59.8560 59.8880 60
59.9200 60.1440 58
60.1760 60.2400 59
60.2720 60.3360 62
60.3680 60.4000 63
60.4320 60.5600 64
60.5920 60.6240 63
60.6560 60.8160 62
60.8480 60.8800 61
60.9120 61.7440 60
62.4160 62.8640 62
62.8960 62.9280 63
62.9600 63.3120 64
63.3440 63.7280 67
63.7600 63.9200 69
63.9520 64.0160 66
64.0480 64.1120 64
64.2400 65.4560 64
65.9680 66.4160 62
66.4480 66.8000 64
66.8320 67.0240 67
67.1840 67.3120 67
67.3440 67.4720 69
67.5040 67.5040 67
67.5360 67.6320 65
67.7920 69.0080 64
69.5200 69.9680 62
70.0000 70.3840 64
70.4160 70.5760 67
70.7360 70.8640 67
70.8960 70.9920 69
71.0240 71.0560 67
71.0880 71.0880 62
71.3440 72.2400 60
72.5920 72.7840 57
72.8160 72.8800 60
72.9120 73.1360 63
73.1680 73.4880 62
73.5200 73.5520 63
73.5840 73.6480 64
73.7760 73.9680 67
74.0000 74.1280 64
74.1600 74.2880 62
74.3200 74.5120 64
74.6720 74.7680 63
74.8000 76.0480 64
76.5920 76.9440 62
77.0720 77.3920 64
77.4240 77.4880 65
77.5200 77.9040 67
77.9360 78.0640 69
78.0960 78.1280 67
78.1600 78.2240 65
78.3520 79.6640 64
80.0160 80.4640 62
80.4960 80.5280 63
80.5600 80.5920 64
80.6240 80.6880 65
80.8160 81.0080 67
81.0400 81.1360 65
81.2640 81.6480 64
81.6800 81.8400 69
81.8720 82.0320 71
82.0640 82.2240 67
82.3520 82.5440 67
82.5760 82.9600 64
82.9920 82.9920 66
83.0240 83.1520 69
83.1840 83.3440 71
83.3760 83.6000 69
83.6320 83.7920 67
83.8240 83.9840 66
84.0160 84.2720 67
84.3040 84.3360 65
84.3680 84.4640 63
84.4960 84.6240 64
84.6560 84.6880 63
84.9760 85.0720 58
85.2640 86.1280 60
86.9920 87.1520 64
87.1840 87.6960 62
87.7280 87.9200 64
88.0800 88.4000 67
88.4320 88.4320 65
88.5600 88.9120 63
89.1040 89.4240 62
89.4560 91.3120 60
91.4400 91.5360 60
91.8240 91.8560 62
91.8880 92.0160 64
92.0480 92.1440 65
92.1760 92.3680 62
92.4000 94.1600 64
94.1920 94.4800 63
95.3440 95.4400 63
95.4720 95.7280 64
95.7600 95.9200 62
95.9520 95.9840 63
96.0160 96.5920 64
96.6240 96.6880 63
96.7200 96.8800 62
96.9120 97.0080 60
97.0400 97.0720 59
97.1040 97.2960 58
97.3280 97.3600 59
97.3920 98.5120 60
98.5440 98.6080 59
99.3440 99.3760 57
99.4080 99.4720 58
99.5040 99.5360 59
99.5680 99.6000 63
99.6320 99.6640 64
99.6960 99.7600 65
99.7920 100.3680 67
100.4000 100.4320 66
100.4640 100.8480 65
100.8800 101.5200 67
102.9600 103.1840 62
103.2160 103.4080 63
103.4400 103.8560 62
103.8880 104.3360 58
104.3680 104.5280 62
104.5600 104.6880 64
104.8160 104.9760 62
105.0080 105.3920 64
105.4240 105.5200 63
106.1280 106.2880 62
106.3200 106.4480 64
106.5760 106.7040 62
106.8320 106.9600 63
106.9920 107.4080 62
107.8240 108.6560 55
110.0960 110.3200 62
110.3520 110.4160 64
110.4480 110.5120 63
110.5440 110.7680 62
110.8000 110.9280 63
110.9600 110.9600 61
110.9920 111.0240 59
111.0560 111.3440 58
111.3760 111.4080 59
111.4400 111.5360 63
111.5680 111.6960 64
111.7280 111.7600 62
111.9200 112.0480 62
112.0800 112.1120 63
112.1440 112.2400 64
112.2720 112.3040 63
112.3360 112.4000 62
112.5280 112.6560 63
112.8480 113.0080 57
113.0400 113.1360 58
113.2640 113.3280 62
113.3600 113.4880 63
113.5200 114.0960 62
114.1280 114.2880 63
114.5760 114.6400 56
114.6720 115.2800 55
115.7600 115.8560 56
115.8880 116.0160 57
116.0480 116.1120 58
116.1440 116.5600 60
116.5920 116.7200 59
116.7520 116.8480 60
117.1680 117.3600 62
117.3920 117.4560 64
117.4880 117.5520 63
117.5840 117.9040 62
118.0960 118.1600 58
118.1920 118.3200 57
118.4800 118.5120 61
118.5440 118.6400 62
118.6720 118.9600 64
118.9920 119.0560 63
119.1840 119.4720 63
119.5040 119.6960 62
119.9200 120.2080 57
120.2400 120.3040 60
120.3360 120.4000 62
120.4320 120.4960 64
120.5280 120.5600 63
120.5920 120.8800 62
120.9120 121.0400 64
121.1680 121.3280 62
121.4560 121.4880 62
121.5200 121.6480 63
122.0320 122.5440 55
122.8960 122.9600 58
123.1520 123.1840 59
123.2160 123.3440 60
123.3760 123.5360 59
123.5680 123.6000 58
123.6320 123.7280 57
123.7600 123.8880 56
123.9200 123.9520 55
124.2080 124.3360 62
124.3680 124.4640 63
124.4960 124.6240 64
124.6560 124.8160 62
124.8480 125.0080 63
125.1680 125.3920 58
125.5520 125.6480 62
125.6800 125.7440 64
125.7760 125.8400 63
125.8720 126.0960 62
126.2240 126.6400 63
126.6720 126.8960 64
126.9280 127.0240 65
127.0560 127.3120 67
127.3440 127.6640 64
127.6960 127.8240 63
127.8560 127.9200 62
127.9520 127.9840 61
128.0160 128.2720 60
128.3040 128.5280 59
128.5600 128.9120 60
129.3920 129.9360 62
129.9680 130.0000 63
130.0320 130.2880 64
130.3200 130.3840 65
130.4160 130.8640 67
130.8960 130.9920 69
131.0240 131.3120 65
131.3440 132.4320 64
132.4640 132.5280 63
133.0400 133.4880 62
133.5200 133.9360 64
133.9680 134.1600 67
134.3520 134.4480 68
134.4800 134.6720 69
134.8960 136.0160 64
136.5600 137.0080 62
137.0400 137.4240 64
137.4560 137.6480 67
137.7760 137.9040 67
137.9360 138.0640 69
138.0960 138.1280 66
138.1600 138.1920 62
138.2240 138.2560 61
138.2880 139.2480 60
139.6000 139.7600 57
139.7920 139.8560 58
139.8880 139.9520 60
139.9840 140.0160 63
140.0480 140.2080 64
140.2400 140.4960 62
140.5280 140.6560 63
140.8160 140.9760 67
141.0080 141.1360 64
141.1680 141.3280 62
141.3600 141.4880 64
141.6800 141.7440 63
141.7760 142.0960 64
142.1280 142.2880 62
142.3200 142.3520 63
142.3840 142.9600 64
142.9920 143.0560 63
143.0880 143.1840 62
143.2160 143.3760 60
143.6320 144.1120 62
144.1440 144.4960 64
144.5280 144.8800 67
144.9120 145.0720 69
145.1040 145.1360 67
145.1680 145.2960 64
145.4240 146.3840 64
146.4160 146.6720 65
147.0560 147.1200 63
147.1520 147.4080 62
147.4400 147.5680 63
147.6000 147.7920 64
147.8240 148.0480 67
148.0800 148.1760 65
148.3040 148.7200 64
148.7520 148.8480 69
148.8800 149.1040 71
149.1360 149.2640 67
149.3920 149.6160 67
149.6480 150.0640 64
150.0960 150.3840 67
150.5120 150.7040 67
150.7360 150.8640 69
150.8960 151.3760 67
151.4080 151.4080 65
151.4400 151.7600 63
151.7920 151.8560 60
152.3360 152.3360 60
152.4000 152.7840 60
152.8160 153.1680 59
154.0000 154.1280 64
154.1600 154.2560 63
154.2880 154.3840 61
154.4160 154.6400 62
154.6720 154.8000 64
154.9280 155.2800 67
155.4720 155.5360 63
155.5680 155.7600 64
156.0480 156.2400 62
156.2720 157.8400 60
157.8720 158.7360 64
158.7680 158.8640 63
158.8960 158.9600 62
159.3760 160.1440 59
160.1760 160.3040 60
160.5280 160.7840 54
160.8160 160.8480 57
160.8800 160.9120 60
160.9440 161.0400 62
161.0720 162.4160 64
163.0880 163.1520 58
163.1840 163.7280 59
163.7600 163.8240 60
164.0160 164.0480 62
164.4320 164.6240 63
164.6560 165.3600 64
165.3920 165.6800 63
166.5760 166.7040 62
166.7360 167.0240 63
167.0560 167.5680 62
167.7280 168.1440 57
168.1760 168.3040 58
168.3360 168.3360 65
168.3680 168.4000 67
168.4320 168.4640 68
168.4960 169.6160 69
169.6480 169.6480 67
169.6800 170.0000 64
170.0320 170.3200 67
170.3520 170.5440 65
170.5760 170.7680 64
170.8000 170.9920 65
171.0240 171.0880 63
171.1200 171.2480 64
171.2800 171.4400 62
171.4720 171.5680 61
171.8240 172.3040 62
172.3360 172.4320 63
172.4640 172.7520 64
172.7840 173.1680 67
173.2000 173.2320 68
173.2640 173.3920 69
173.4240 173.4240 67
173.4560 173.4880 65
173.5200 173.5840 64
173.7120 174.8000 64
175.4400 175.5040 63
175.5360 175.7280 62
175.8880 175.9520 63
175.9840 176.1120 64
176.1440 176.2720 65
176.3040 176.4640 67
176.6560 176.7200 67
176.7520 176.9440 68
176.9760 177.0400 65
177.2320 178.3840 64
179.0560 179.1840 62
179.2160 179.4400 64
179.4720 179.6000 65
179.6320 179.8560 67
180.0480 180.1120 67
180.1440 180.3040 68
180.5600 180.6560 61
180.6880 181.7120 60
182.4800 182.5120 60
182.5440 182.6080 61
182.6400 182.9280 62
182.9600 183.1840 64
183.2160 183.3120 65
183.3440 183.5040 67
183.5360 183.6640 64
183.7920 183.9200 63
184.1120 184.2080 62
184.2400 184.2720 63
184.3040 185.3280 64
185.3600 185.5840 62
185.6160 185.8080 60
186.0640 186.1600 61
186.1920 186.3840 62
186.5440 186.8960 64
186.9280 187.3440 67
187.3760 187.5360 69
188.3040 188.3040 64
188.3680 189.1040 64
189.5840 189.6480 59
189.6800 189.7440 60
189.7760 190.0000 62
190.0320 190.2560 64
190.2880 190.3840 65
190.4160 190.6080 67
190.6400 191.0240 64
191.0560 191.0880 65
191.1200 191.5040 70
191.5360 191.9840 67
192.0160 192.2720 64
192.4320 192.5280 69
192.5600 192.7840 71
192.8160 193.4240 69
193.5200 193.8080 67
193.9360 194.0000 63
194.0320 194.1920 64
194.2240 194.2880 63
194.5760 194.6080 59
194.8640 195.1520 60
195.3120 195.6000 59
196.3680 196.4960 64
196.5280 196.6560 63
196.7840 197.0720 62
197.1040 197.4240 64
197.4560 197.5200 63
199.1520 199.3760 67
199.4080 199.4720 66
199.6320 199.7280 63
199.7600 199.9520 64
200.1760 200.4320 62
200.4640 200.4960 61
200.5280 203.3120 60
204.8480 204.9120 58
204.9440 205.0720 59
205.1040 205.2000 60
205.2320 205.2960 61
205.3280 206.9280 62
206.9600 207.0560 61
208.3680 208.4000 58
208.4320 208.5920 59
208.6240 208.8160 60
208.8480 209.4560 62
209.4880 209.5520 61
209.5840 209.6160 60
210.3200 210.5120 59
210.5440 210.9600 60
210.9920 211.0560 61
211.0880 213.4240 62
