22.5120 22.6720 58
22.7040 22.7680 57
22.8000 22.8640 56
22.9920 23.0560 57
23.0880 23.1200 56
23.1520 23.2480 55
23.2800 23.3120 54
23.3440 23.4080 53
23.4400 23.6320 52
24.9120 24.9760 61
25.1040 25.2000 59
25.5840 25.6800 55
25.7120 25.7760 52
25.8080 25.9360 50
25.9680 26.0960 51
28.3360 28.5920 59
28.6240 28.7520 56
28.7840 28.9120 55
28.9440 29.0400 54
29.0720 29.1040 52
29.1360 29.1680 50
29.2000 29.2640 49
33.6800 33.7760 56
33.8080 33.8400 55
36.1120 36.2720 55
36.3040 36.4000 57
36.4320 36.4960 56
37.1680 37.2320 56
37.2640 37.3280 55
37.3600 37.3920 53
37.4240 37.5200 52
37.6480 37.7440 53
39.7280 40.0480 58
40.0800 40.2080 57
40.2400 40.4000 54
40.4320 40.4960 53
40.5280 40.5600 51
40.5920 40.6880 50
42.8320 42.8960 48
42.9280 43.0240 51
43.0560 43.0880 50
72.0480 72.1440 52
72.1760 72.2720 53
72.3040 72.8160 54
73.7120 73.7760 51
73.8080 73.8720 52
74.0320 74.2240 51
74.3840 74.8000 52
74.8320 74.8640 53
74.8960 75.1840 54
76.2080 76.2400 58
76.2720 76.3360 59
76.3680 76.7200 61
76.7520 76.9120 59
77.1040 77.5200 59
78.5440 78.6400 56
78.6720 78.8000 58
78.8320 79.2480 56
79.2800 79.4720 58
79.5040 79.6960 56
79.7280 79.8880 54
80.0480 80.1760 53
80.2080 80.4640 54
81.5840 81.9360 54
81.9680 82.0000 55
82.0320 82.3200 56
82.4480 82.6720 54
82.7040 82.7360 55
82.7680 83.2800 56
83.3120 83.6000 58
84.2080 84.2400 57
84.2720 84.3360 58
84.3680 84.6560 59
84.8160 84.9120 57
84.9440 85.0720 58
85.1040 85.5200 56
86.2880 86.5760 54
86.7680 86.8640 53
86.8960 87.6320 54
91.4720 91.6320 52
91.6640 92.1760 54
92.9120 93.4240 51
93.5520 93.7440 52
93.8720 94.3840 54
95.3760 95.4720 59
95.5040 95.9200 61
95.9520 96.1120 59
96.2720 96.6560 59
97.8400 97.9680 58
98.0000 98.4480 56
98.4800 98.6400 58
98.6720 98.8960 56
98.9280 99.1840 58
99.2160 99.4400 56
99.4720 99.6960 58
100.2080 100.3040 50
100.4640 100.7200 51
100.7520 100.9120 54
101.0720 101.1360 54
101.1680 101.4880 56
101.6480 101.8400 54
101.9680 102.0320 54
102.0640 102.3840 56
102.5760 102.8960 58
103.4720 103.5040 57
103.5360 103.8880 59
104.0480 104.1440 56
104.1760 104.3040 58
104.3360 105.1040 56
105.1360 105.7120 58
105.7440 107.7920 59
109.3600 109.4880 55
109.5200 109.6160 57
109.6480 110.0000 59
110.0320 110.7360 61
110.7680 111.1520 63
111.2800 111.5680 62
111.6000 112.4640 63
112.4960 112.8480 64
112.8800 113.0080 63
113.0400 113.7120 61
115.1840 115.5360 59
115.5680 115.6640 61
115.8240 116.2400 61
116.3680 116.8160 61
116.8480 116.9440 62
117.1040 117.2320 61
117.2640 117.5200 63
117.5520 117.7120 62
117.7440 117.8720 61
117.9040 118.5440 59
120.3680 120.4960 51
120.5280 120.8160 52
120.8480 121.1040 51
121.2320 121.2640 50
121.2960 121.3280 51
121.3600 121.7120 52
121.7440 122.4160 54
122.4480 122.4800 55
122.5120 122.7680 56
122.9600 123.1200 56
123.1520 123.5040 58
123.5360 123.9840 59
124.5280 124.6560 56
124.7840 125.0080 54
125.0400 125.0400 56
125.0720 125.1360 59
125.1680 125.2320 62
125.2640 125.7760 63
125.9680 126.8320 63
126.8640 127.0880 64
127.1200 127.1840 65
127.2160 127.3120 60
127.3440 129.1040 61
130.6400 130.8320 54
131.0560 131.1840 62
131.2160 131.4400 64
131.6640 131.7600 60
131.7920 132.3360 61
132.3680 132.4000 62
132.4320 132.6240 63
132.6560 132.6880 62
133.1040 133.1360 61
133.1680 133.2000 62
133.2320 133.3280 63
133.4880 133.5520 62
133.5840 133.8080 63
133.8400 134.0960 59
134.4160 134.6720 63
134.7040 134.8960 61
134.9280 135.0560 60
135.0880 135.2160 61
135.6000 135.8240 54
135.8560 135.9840 57
136.0160 136.3360 59
136.5600 136.6880 58
136.8160 137.0720 58
137.1040 137.2640 59
137.7440 137.9360 56
137.9680 138.1920 58
138.2240 138.4800 59
138.6080 138.6400 59
138.6720 138.8320 61
138.8640 139.8560 63
140.4000 140.6240 55
140.6560 140.7520 57
140.7840 141.0400 59
141.2640 141.4560 58
141.4880 141.8080 55
141.8400 142.1280 58
142.1600 142.3520 56
142.8000 143.4080 56
143.6320 143.7600 66
143.7920 143.9520 68
143.9840 145.4880 66
146.1600 146.2560 62
146.2880 146.5440 63
146.5760 146.5760 66
146.6080 146.6720 68
146.7040 146.8320 64
146.8640 146.9920 66
147.0240 147.0560 65
147.2160 147.4080 64
147.5680 147.6320 61
147.7920 148.5600 63
148.5920 148.9120 64
148.9440 149.0720 63
149.1040 149.2640 61
149.9680 150.0320 65
150.3200 150.3840 62
150.4160 150.6080 64
150.8640 151.6000 61
151.6320 151.8880 63
152.3360 152.4320 61
152.4640 152.5600 63
152.7200 152.7520 61
152.7840 152.8160 62
152.8480 153.0400 63
153.0720 153.3280 59
153.5840 153.6160 60
153.6480 153.6800 61
153.7120 153.8720 63
153.9040 154.0640 61
154.0960 154.2560 60
154.2880 154.4160 61
154.7680 155.0240 54
155.0560 155.1840 57
155.2160 155.5360 59
155.5680 155.8240 58
155.9520 156.2400 58
156.2720 156.4640 59
156.9440 157.0400 56
157.2000 157.5200 58
157.5520 157.7760 59
157.8080 158.0000 61
158.0320 158.1600 62
158.1920 158.4160 63
158.4480 158.5760 64
158.7680 158.9600 64
158.9920 159.9520 66
160.5280 160.5920 62
160.6240 160.8160 63
160.8480 161.3280 64
161.3600 162.0640 66
162.0960 162.2240 65
162.2560 162.3200 64
162.5760 162.6080 61
162.6400 162.7040 62
162.7360 162.8640 64
162.8960 163.1520 63
163.1840 163.3760 61
163.6320 163.8240 61
163.8560 164.5920 59
165.2960 165.5520 56
165.5840 166.0320 58
166.0640 166.8000 59
167.7280 167.9200 56
167.9520 168.3360 58
168.3680 168.6880 59
168.8800 168.9440 55
168.9760 169.0400 57
169.0720 169.1360 58
169.2960 170.0000 56
170.0320 170.6080 58
170.6400 172.7520 59
172.7840 172.8800 58
179.9200 180.0480 58
188.5280 188.6560 56
188.6880 188.7200 57
188.7520 188.7840 58
188.8160 189.1680 59
189.2000 189.2320 60
189.2640 189.9680 61
190.0000 190.3520 63
190.4800 190.5440 62
190.5760 190.6720 63
190.8000 191.3760 63
191.4080 191.5680 62
191.6000 191.6640 63
191.6960 192.0480 64
192.0800 192.2400 63
192.2720 192.9760 61
193.0080 193.0720 60
194.3840 194.7680 59
194.8000 194.8960 61
195.0240 196.1120 61
196.2720 196.3040 61
196.3360 196.4000 62
196.4320 196.7200 63
196.7520 197.0080 62
197.0400 197.1040 61
197.1360 197.7440 59
199.5680 199.6320 50
199.6640 199.7280 51
199.7600 199.9840 52
200.0160 200.2720 51
200.4320 200.4960 50
200.5280 200.6560 51
200.6880 200.9120 52
200.9440 201.6160 54
201.6480 201.6800 55
201.7120 201.9680 56
202.1600 202.3200 56
202.3520 202.7040 58
202.7360 203.0240 59
203.0560 203.1840 60
203.7280 203.8240 56
203.8560 203.8880 55
203.9200 204.1440 54
204.2720 204.3360 60
204.3680 205.0080 63
205.2000 206.0640 63
206.0960 206.2560 64
206.2880 206.3840 66
206.4160 206.5760 59
206.6080 208.5600 61
209.9040 210.0640 55
210.2880 210.3840 62
210.4160 210.6400 64
210.8640 211.5680 61
211.6000 211.8880 63
212.3360 212.5280 62
212.7200 212.7840 61
212.8160 213.0080 63
213.0400 213.2960 59
213.4880 213.6160 60
213.6480 213.8400 63
213.8720 214.4160 61
214.8640 215.0560 54
215.0880 215.1520 57
215.1840 215.4720 59
215.6320 215.8560 58
215.9840 216.2400 58
216.2720 216.4640 59
216.9440 217.1040 56
217.1360 217.3920 58
217.4240 217.5840 59
217.7760 217.8080 59
217.8400 217.9680 61
218.0000 218.0320 62
218.0640 219.0560 63
219.5360 219.8240 54
219.8560 219.8880 57
219.9200 220.1760 59
220.2080 220.4000 61
220.4320 220.4640 59
220.4960 220.6240 58
220.6560 221.0720 56
221.1040 221.3280 58
221.3600 221.5520 56
222.0000 222.5760 56
222.8000 225.0720 66
225.2960 225.2960 60
225.3280 225.7760 64
225.8080 225.8720 69
225.9040 226.0320 65
226.0640 226.2880 66
226.4160 226.6080 63
226.8000 226.9600 61
226.9920 227.7280 63
227.7600 228.0480 64
228.0800 228.2400 63
228.2720 228.6240 61
229.4880 229.5840 62
229.6160 229.8080 64
230.0640 230.8320 61
230.8640 231.1520 63
231.5360 231.6640 61
231.6960 231.7600 63
231.9200 231.9520 61
231.9840 232.2400 63
232.2720 232.5280 59
232.7520 232.8800 61
232.9120 233.0400 63
233.0720 233.3280 61
233.3600 233.4240 59
233.4560 233.6160 61
234.0000 234.0960 53
234.1280 234.2560 54
234.2880 234.3200 55
234.3520 234.3840 56
234.4160 234.7360 59
234.8640 235.0880 58
235.2160 235.4400 58
235.4720 235.6960 59
236.0480 236.1120 55
236.1440 236.2080 56
236.3360 236.7200 58
236.7520 236.9120 59
236.9440 237.1360 61
237.2640 237.5840 63
237.6160 237.7760 64
237.9360 238.1280 64
238.1600 239.0560 66
239.0880 239.1200 65
239.6960 240.0160 63
240.0480 240.4640 64
240.4960 241.2000 66
241.2320 241.3280 65
241.7760 241.8720 62
241.9040 242.0320 64
242.0640 242.2880 63
242.3200 242.3520 62
242.3840 242.5760 61
242.8640 243.0240 61
243.0560 243.6320 59
243.6640 243.7600 58
244.5280 244.7520 56
244.7840 245.2320 58
245.2640 246.0960 59
246.8640 246.9280 55
246.9600 247.0880 56
247.1200 247.1520 57
247.1840 247.6000 58
247.6320 247.9200 59
248.1440 248.1760 57
248.2080 248.3040 58
248.4960 249.0400 56
249.0720 249.1680 58
249.2000 249.3920 61
249.4240 251.6640 59
255.3440 255.5680 56
255.6000 255.9840 58
256.0160 256.2720 59
256.4320 256.4640 61
256.4960 256.5600 62
256.5920 256.7200 63
256.7520 257.3920 61
257.4240 257.5840 62
257.6160 257.7120 63
257.7440 258.6720 61
258.7040 258.8640 60
258.8960 258.9600 61
259.8240 260.3360 56
260.3680 260.7840 58
260.8160 261.2320 59
261.2640 261.3600 62
261.3920 261.5520 63
261.5840 261.6800 61
261.8720 262.0640 61
262.3200 262.5120 62
262.5440 262.6400 61
262.8320 262.9920 61
263.0240 263.3120 59
263.3440 263.5360 60
263.5680 263.6000 59
264.0480 264.1440 61
264.1760 264.3360 62
264.3680 264.6240 64
264.6560 264.9440 62
264.9760 265.3920 61
265.4240 265.9040 59
265.9360 265.9680 61
266.0000 266.0320 62
266.0640 266.2240 63
266.3520 266.5120 55
266.6720 266.7360 62
266.7680 266.9600 64
267.0880 267.2160 62
267.2480 267.6640 63
267.6960 268.0480 61
268.0800 268.1760 59
268.2720 268.3680 59
268.4000 268.4000 62
268.4320 268.5280 64
268.5600 268.6880 66
268.8800 269.0080 65
269.0400 271.5680 66
271.6000 272.0160 67
272.1440 272.2080 66
272.6880 272.8160 63
272.8480 273.0080 65
273.2640 273.3600 61
273.3920 274.0320 62
274.0640 274.2880 64
274.7360 274.8320 62
274.8640 274.9600 63
275.1200 275.1520 62
275.1840 275.2160 63
275.2480 275.4400 64
275.4720 275.7600 60
275.9840 276.1120 62
276.1440 276.2720 64
276.3040 276.8480 62
277.2320 277.4240 55
277.4560 277.5520 58
277.5840 277.8720 60
278.0640 278.2560 59
278.3840 278.6400 59
278.6720 278.8320 60
279.3120 279.3760 56
279.4080 279.5360 57
279.5680 279.7920 59
279.8240 280.0160 60
280.2400 280.2720 61
280.3040 280.4320 62
280.4640 280.8480 64
280.8800 281.0400 65
281.0720 281.3280 64
281.3600 281.3920 63
282.0320 282.0640 54
282.0960 282.2240 55
282.2560 282.3840 58
282.4160 282.7360 60
282.8960 283.1200 59
283.1520 283.4400 57
283.4720 283.6640 59
283.6960 283.9520 57
284.4640 285.0400 57
285.2320 285.3920 67
285.4240 285.5520 69
285.5840 285.8080 68
285.8400 287.4080 67
287.6960 287.7280 62
287.7600 287.8880 64
287.9200 288.1440 65
288.1760 288.1760 67
288.2080 288.2720 69
288.3040 288.4320 65
288.4640 288.7840 67
288.8160 289.0080 65
289.2000 289.2320 62
289.2640 290.1600 64
290.1920 290.5120 65
290.5440 290.6720 64
290.7040 292.0480 62
292.0800 292.1440 65
292.1760 292.3680 62
292.4000 293.3920 64
293.4880 293.9680 60
294.1600 294.4800 60
294.5760 294.6400 59
294.6720 295.1840 60
295.3120 295.4080 64
295.4400 295.6960 62
295.7280 295.8560 61
295.8880 296.0160 62
296.3680 296.6880 55
296.7200 296.8160 58
296.8480 297.1680 60
297.2000 297.4880 59
297.5200 297.5840 60
297.6160 297.7760 58
297.8080 297.9040 61
297.9360 298.2880 60
298.3200 298.4160 61
298.7680 298.9920 59
299.0240 299.1520 58
299.1840 299.3760 60
299.4080 299.6640 62
299.6960 299.7280 63
299.7600 299.9200 64
299.9520 300.0480 63
300.0800 300.4000 65
300.6560 300.7200 65
300.7520 300.8160 66
300.8480 301.6480 67
301.8080 301.8400 62
301.8720 302.0320 63
302.0640 302.9600 65
302.9920 304.1120 67
304.2080 304.5920 65
304.6240 304.8160 64
304.8480 305.0720 62
305.3600 305.5200 62
305.5520 306.1920 60
306.8960 307.1840 57
307.2160 307.6960 59
307.7280 308.4960 60
308.5280 308.5600 59
309.3600 309.4240 56
309.4560 309.5200 57
309.5520 309.5840 58
309.6160 310.0320 59
310.0640 310.3520 60
310.4800 310.5760 56
310.6080 310.6400 58
310.6720 310.7680 59
310.9280 311.0560 56
311.0880 311.6320 57
311.6640 311.6960 58
311.7280 312.4960 59
312.5280 314.6720 60
316.3040 316.3680 61
316.4000 316.5920 64
316.6240 317.1360 65
317.1680 317.7440 67
317.7760 317.8080 66
318.5440 318.6400 62
318.6720 318.8320 65
318.8640 319.0880 64
319.1200 319.3120 62
319.5680 319.7600 62
319.7920 320.3040 60
321.4240 321.5520 56
321.5840 321.7120 57
321.7440 321.7760 58
321.8080 322.2560 59
322.2880 322.9600 60
324.0160 324.1440 56
324.1760 324.3360 57
324.3680 324.8800 59
324.9120 325.3600 60
325.6480 325.7440 57
325.7760 325.9680 59
326.1920 326.3200 56
326.3520 327.2800 57
329.5200 329.6800 57
329.7120 330.2240 59
330.2560 332.9440 60
