15.3760 15.5360 67
15.6960 16.2080 65
16.2400 16.2720 64
16.3040 16.3680 63
16.4000 16.4320 62
17.3600 17.4240 60
17.4560 17.4880 61
17.5200 17.6800 62
17.8400 18.0320 55
18.0640 18.0960 56
18.1280 18.5440 57
19.6640 19.7280 55
19.7600 19.8560 57
19.8880 19.9840 59
20.1440 20.2400 59
20.2720 20.4640 60
20.4960 20.6880 59
20.8800 21.0080 59
21.0400 21.3600 60
21.3920 21.4240 61
21.4560 21.6160 62
21.8400 21.8720 57
21.9040 22.0000 58
22.0320 22.3200 59
24.7520 24.9120 57
24.9440 25.1040 59
25.1360 25.1360 57
25.2960 25.4880 54
25.5200 25.6160 55
25.6480 25.8720 56
27.1200 27.1840 53
27.3120 27.6640 54
27.6960 27.8880 55
27.9200 28.1120 54
28.2720 28.8480 55
28.8800 28.9760 57
29.0080 29.0720 56
29.1040 29.2960 55
29.3280 29.3920 56
29.4240 29.6480 57
32.1440 32.1760 60
32.2080 32.2400 61
32.2720 32.4640 62
32.6240 32.8480 55
32.8800 33.2320 57
34.4160 34.6400 57
34.6720 34.7360 59
34.9280 34.9920 59
35.0240 35.2480 60
35.2800 35.7600 59
35.7920 35.9200 60
36.1760 36.2080 60
36.2400 36.4000 62
36.5600 36.8160 62
36.8480 36.9120 60
36.9440 37.1360 59
39.3120 39.4720 57
39.5040 39.6000 59
39.8240 39.9840 63
40.1760 40.3040 57
40.3360 40.3680 58
40.4000 40.4960 59
40.7200 41.1040 57
42.1280 42.3840 54
42.4160 42.6080 55
42.7680 42.8960 55
43.0560 43.1840 54
43.2160 43.5680 55
43.6000 43.6320 56
43.6640 43.7600 57
43.7920 43.8560 56
43.8880 44.0800 55
44.1120 44.1760 56
44.2080 44.4000 57
46.9280 46.9920 53
47.0240 47.0560 54
47.0880 47.3440 55
47.3760 47.9520 57
47.9840 48.1440 59
48.3040 48.4320 62
48.5920 48.9440 62
49.4560 49.5840 62
49.7440 50.2240 62
50.2560 50.2880 63
50.3200 50.4480 64
50.6080 50.9600 60
50.9920 51.0240 61
51.0560 51.5680 62
51.6000 51.6960 61
51.7280 51.9520 59
52.9120 53.1040 64
53.1360 53.2640 66
53.4240 53.5200 66
53.5520 53.8400 67
53.8720 54.2240 66
54.2560 54.5440 67
54.8000 54.8960 59
54.9280 55.6960 57
55.7280 55.7920 59
55.9840 56.3680 64
56.8160 57.0400 64
57.0720 57.2640 62
57.2960 58.3520 64
58.3840 58.6400 62
58.6720 58.9600 61
58.9920 60.8160 62
62.9280 63.3440 50
63.5360 63.9200 55
63.9520 64.0800 59
64.1120 64.3680 62
64.4000 64.8160 60
64.8480 65.0720 59
65.2320 65.4560 60
65.6480 65.8400 62
65.8720 66.0640 64
66.0960 66.6080 62
66.6400 66.6720 61
67.0560 67.5360 55
67.6640 67.7600 65
67.7920 67.9520 67
68.1440 68.3680 65
68.4000 68.7840 66
68.8160 68.8800 65
68.9120 69.4240 64
69.8080 70.2560 62
70.4800 70.5440 63
70.5760 70.7680 64
70.9280 71.1840 60
71.2160 71.8880 59
72.1120 72.3360 51
72.7520 72.7840 51
72.8160 72.8480 52
72.8800 73.1680 54
73.2000 73.6160 55
73.6480 73.7760 57
73.8080 73.9680 60
74.1280 75.1840 62
75.3760 75.4720 57
75.5040 75.6960 59
75.7280 76.5280 57
76.7200 76.9760 57
77.1360 77.4880 57
78.3200 78.5760 55
78.7360 78.8640 60
78.8960 79.0560 62
79.2160 79.4720 60
79.5040 79.8240 59
79.9520 80.2080 60
80.4320 80.5920 62
80.6240 80.7840 64
80.8160 80.8480 63
80.8800 81.5520 62
82.6720 82.7680 62
82.8960 83.0240 62
83.0560 83.6000 63
83.6320 83.9520 64
84.1120 84.4960 66
84.5280 84.6880 65
84.7200 85.1680 66
85.2000 86.7040 67
87.2160 87.4080 67
87.5360 87.6320 65
87.6640 87.8880 66
87.9200 88.1440 67
88.2720 88.3680 65
88.4000 88.6560 66
88.6880 88.8800 65
88.9120 89.1680 64
89.2000 89.3920 63
89.4240 90.1920 64
92.1760 92.3360 62
92.3680 92.4960 64
92.5280 92.5600 62
92.5920 92.7840 58
92.8160 93.0400 59
93.0720 93.1680 58
93.2000 93.3600 57
93.5200 93.6800 55
93.8720 94.0320 60
94.0640 94.3520 62
95.7280 95.9520 59
95.9840 96.3680 60
96.4000 96.6240 59
96.8160 97.2960 52
97.3280 98.0640 53
98.0960 98.1600 54
98.7360 98.8960 57
98.9280 99.1840 59
99.2160 99.7280 57
99.7600 101.5200 55
102.0320 102.2240 54
107.8880 107.9840 60
108.0160 108.1760 62
108.2080 108.2080 60
108.3360 108.6560 55
108.6880 109.0080 57
110.0640 110.3200 57
110.3520 110.7360 59
110.7680 110.9600 60
110.9920 111.4080 59
111.4400 111.6000 60
111.8240 111.8880 60
111.9200 112.0800 62
112.3040 112.4960 62
112.5280 112.5920 60
112.6240 112.8160 59
115.2160 115.3440 57
115.3760 115.5360 59
115.9520 116.1120 55
116.1440 116.2400 56
116.2720 116.4320 57
117.5840 117.6800 52
117.7120 117.7440 53
117.7760 118.1280 54
118.1600 118.3200 55
118.4800 118.7040 54
118.7360 119.0560 55
119.2160 119.3120 55
119.3440 119.3760 56
119.4080 119.5040 57
119.7280 119.8240 55
119.8560 119.9200 56
119.9520 120.2400 57
122.6080 122.7360 60
122.7680 122.9280 62
122.9600 122.9600 60
123.0880 123.2800 55
123.3120 123.4080 56
123.4400 123.7920 57
124.8800 125.0720 57
125.1040 125.2320 59
125.4240 125.4880 59
125.5200 125.6800 60
125.8400 126.0960 59
126.1280 126.2240 58
126.2560 126.3520 60
126.6080 126.7040 60
126.7360 127.2480 62
127.2800 127.3440 60
127.3760 127.5680 59
129.8400 129.9040 57
129.9360 129.9680 58
130.0000 130.0960 59
130.3520 130.5440 64
130.8000 130.8960 58
130.9280 130.9920 59
131.1520 131.5040 56
132.3360 132.4000 52
132.5920 132.8800 54
132.9120 133.0400 55
133.1680 133.3600 54
133.5520 133.8080 55
133.9680 134.0320 55
134.0640 134.0960 56
134.1280 134.2880 57
134.3200 134.3840 56
134.4160 134.5440 55
134.5760 134.6080 56
134.6400 134.8960 57
137.4880 137.5200 54
137.5520 137.8080 55
137.8400 138.3840 57
138.4160 138.5760 59
138.7680 138.8960 62
139.0560 139.3760 62
139.8880 140.0160 62
140.1760 140.7200 62
140.7520 140.9120 64
140.9440 140.9440 62
141.0720 141.1360 59
141.1680 141.5200 60
141.5520 142.0640 62
142.0960 142.1920 60
142.2240 142.4800 59
142.5120 142.5440 58
143.3440 143.5360 64
143.5680 143.7280 66
143.8560 143.9200 66
143.9520 144.2720 67
144.3040 144.7200 66
144.7520 145.0080 67
145.2640 145.3280 59
145.3600 145.3920 58
145.4240 146.1600 57
146.1920 146.2560 60
146.4800 146.8320 64
147.2800 147.4720 64
147.6000 147.6320 62
147.6640 147.7600 63
147.7920 148.8480 64
148.8800 149.1680 62
149.2000 149.3600 61
149.3920 152.0160 62
153.4240 153.7760 50
154.0320 154.3200 55
154.4480 154.5440 59
154.5760 154.8000 62
154.8960 155.0880 60
155.1200 155.5360 59
155.6960 155.9200 60
156.1120 156.2720 62
156.3040 156.4640 64
156.4960 156.5600 63
156.5920 157.1360 62
157.5520 157.8080 54
157.8400 158.0000 55
158.1280 158.2560 65
158.2880 158.4480 67
158.6400 158.8320 65
158.8640 159.2160 66
159.2480 159.3440 65
159.3760 160.0160 64
160.3680 160.6880 62
160.9440 161.0080 63
161.0400 161.2000 64
161.3920 161.7120 59
161.7440 161.8400 58
161.8720 162.3840 59
162.5760 162.8000 52
163.3760 163.4720 53
163.5040 163.6640 54
163.6960 163.9840 55
164.0160 164.0800 56
164.1120 164.1440 57
164.1760 164.2720 58
164.3040 164.4640 60
164.5920 165.6800 62
165.8720 165.9040 57
165.9360 165.9680 58
166.0000 166.1600 59
166.1920 166.2240 58
166.2560 166.7040 57
166.7360 166.8960 56
168.7840 169.0720 55
169.2000 169.2320 59
169.2640 169.3280 60
169.3600 169.4880 62
169.6800 169.8720 60
169.9040 170.2880 59
170.4480 170.6720 60
170.8640 171.0240 62
171.0560 171.2160 64
171.2480 171.2800 63
171.3120 172.0480 62
173.1680 173.4880 62
173.5200 173.7120 63
173.7440 173.8720 62
173.9040 174.0960 63
174.1280 174.4160 64
174.5440 174.8000 66
175.0240 175.1520 65
175.1840 175.6640 66
175.6960 177.0400 67
177.0720 177.1040 66
177.7120 177.9360 67
177.9680 178.0960 65
178.1280 178.3520 66
178.3840 178.6720 67
178.7040 178.9280 65
178.9600 179.1840 66
179.2160 179.3760 65
179.4080 179.7600 64
179.7920 179.9200 63
179.9520 180.8160 64
182.6080 182.7040 62
182.7360 182.7680 63
182.8000 182.9600 64
183.1200 183.4080 59
183.5680 183.6640 58
183.6960 183.8880 57
184.0480 184.1440 56
184.3040 184.4000 60
184.4320 184.4640 61
184.4960 184.7520 62
186.3200 186.3840 59
186.4160 186.8000 60
186.8320 187.0240 59
187.2800 187.7600 52
187.7920 188.3360 53
188.3680 188.5600 54
189.1680 189.2960 57
189.3280 189.6800 59
189.7120 190.2240 57
190.2560 190.8320 55
191.5040 192.1760 64
192.3360 192.4000 64
192.5920 192.6880 64
192.7200 192.9440 66
192.9760 193.3920 64
193.4240 193.6160 62
193.6480 193.8720 63
194.1280 194.2880 64
194.4800 194.5440 63
194.5760 194.7680 64
194.9280 194.9600 64
194.9920 195.0560 65
195.0880 195.4080 66
195.4400 195.5680 65
195.6000 195.8560 63
195.8880 195.9520 62
197.8400 198.2560 59
198.2880 198.3520 61
198.3840 198.5760 64
198.7680 199.0560 67
199.2480 199.5360 65
199.5680 200.3040 62
200.3360 200.5280 59
200.7520 200.8160 62
200.8480 201.9040 64
202.7040 203.3760 64
203.4080 203.5680 65
203.6000 204.0160 64
204.0480 204.5280 62
204.5600 204.6560 61
204.6880 205.0720 60
205.6800 205.8080 62
205.8400 206.0960 64
206.1280 206.1600 62
206.1920 206.3200 60
206.3520 206.7680 62
208.2400 208.3360 62
208.4960 208.5920 62
208.6240 208.8160 63
208.9440 209.1360 63
209.1680 209.4240 64
209.4560 209.5840 65
209.6160 210.0320 66
210.0640 210.2240 65
210.2560 210.6400 66
210.6720 211.7920 67
213.1040 213.1360 65
213.1680 213.2000 66
213.2320 213.4880 67
213.5200 213.5520 66
213.8080 214.0960 65
214.1280 214.2240 64
214.2560 214.6400 63
214.6720 215.0880 62
215.1200 215.5360 60
215.5680 219.2160 62
220.0800 220.1440 57
220.4960 220.7840 55
220.9440 221.0400 60
221.0720 221.2320 62
221.3920 221.7440 60
221.7760 222.0000 59
222.1600 222.4160 60
222.5760 222.7680 62
222.8000 222.9600 64
222.9920 223.6320 62
224.0160 224.5280 55
224.5600 224.5920 58
224.6240 224.6240 62
224.6560 224.7200 65
224.7520 224.9120 67
225.1040 225.2960 64
225.3280 225.3600 65
225.3920 225.7120 66
225.7440 225.7760 65
225.8080 226.4160 64
226.8320 227.1840 62
227.4080 227.5040 62
227.5360 227.6960 64
227.8560 228.1760 60
228.2080 228.8480 59
229.0080 229.2320 52
229.7760 230.5760 55
230.6080 230.7040 57
230.7360 230.9280 60
231.0560 232.1440 62
232.3360 232.4640 57
232.4960 232.6880 59
232.7200 233.4560 56
233.7440 233.8080 57
234.1920 234.4480 57
235.2800 235.6320 55
235.6640 235.7920 60
235.8240 236.0160 62
236.1440 237.1360 60
237.3280 237.4880 62
237.5200 237.7440 64
237.7760 238.5440 62
239.6000 240.3360 62
240.3680 240.5600 63
240.5920 240.9120 64
240.9440 241.0080 65
241.0400 241.3600 66
241.4880 241.6480 65
241.6800 242.1280 66
242.1600 243.6640 67
244.2080 244.2400 66
244.2720 244.3680 67
244.4000 244.5600 65
244.5920 244.8800 66
244.9120 245.1680 67
245.2000 245.6160 66
245.8400 246.0320 64
246.1600 246.3520 62
246.3840 246.8000 64
249.0720 249.2000 62
249.2320 249.3600 64
249.3920 249.4240 63
249.5520 249.7760 58
249.8080 249.9040 59
250.0640 250.3520 57
250.3840 250.6080 56
250.8320 250.9600 60
250.9920 251.0240 61
251.0560 251.2800 62
252.4960 252.5600 57
252.7520 252.8160 59
252.8480 253.2960 60
253.3280 253.5200 59
253.7440 253.8080 53
253.8400 254.5120 52
254.5440 254.6080 53
254.6400 254.8640 54
254.8960 254.9920 53
255.6320 255.7600 57
255.7920 255.8240 58
255.8560 256.1120 59
256.1440 256.1760 58
256.2080 256.7200 57
256.7520 256.7840 56
256.8160 257.4560 55
257.6480 257.9680 57
258.0000 258.0320 58
258.0640 258.1600 59
258.1920 258.2240 58
258.2560 258.7040 57
258.7360 259.6000 55
261.2000 261.3280 58
261.6160 261.7440 59
261.7760 261.9680 60
262.0000 262.8960 59
263.6320 263.6960 66
263.8560 263.9840 59
264.0160 264.3360 60
264.3680 264.6880 59
264.7200 264.7840 55
264.8160 265.6480 52
265.6800 265.7120 53
265.7440 266.8640 54
268.5600 268.7840 58
268.8160 269.0720 59
269.1040 269.2000 58
269.2320 269.7120 57
269.7440 269.7760 56
269.8080 272.6560 55
272.9760 273.1360 55
273.1680 273.3600 54
277.6480 277.7760 54
