19.3440 19.5040 57
19.5360 19.6320 60
19.6640 20.1120 59
20.1440 20.6560 60
20.6880 21.0720 59
21.1040 21.2000 60
21.2320 21.3600 59
21.3920 21.5520 62
21.5840 21.6800 65
21.7120 21.9360 62
21.9680 22.0000 61
22.0320 22.1280 60
22.3200 22.4160 62
22.4480 22.5440 60
22.5760 22.6720 57
22.7040 22.7680 55
22.9600 23.0240 53
23.0560 23.2480 52
23.2800 23.5040 50
24.3680 24.4000 53
24.4320 24.4960 54
24.6880 24.8800 53
24.9120 24.9440 54
24.9760 25.2320 55
25.2640 25.3280 57
25.3600 25.4880 56
25.5200 25.6160 57
25.6480 25.7120 60
25.9040 26.0640 62
26.0960 26.2560 60
26.2880 26.4480 62
26.4800 27.1840 60
27.2160 27.8880 59
27.9200 27.9840 60
28.0160 28.0800 58
28.1120 28.1760 59
28.7200 28.7520 59
28.7840 29.0080 60
29.0400 29.1040 61
29.1360 29.6480 62
29.6800 29.8720 65
29.9040 30.0000 66
30.0320 30.1280 67
30.1600 30.3840 65
30.4160 30.4160 68
30.4480 30.5120 70
30.5440 30.5760 69
30.6080 30.8000 67
30.8320 30.9280 66
30.9600 31.0240 65
31.0560 31.3440 62
31.3760 31.4720 60
31.5040 31.5040 62
31.5360 31.6000 64
31.7920 31.9200 62
31.9520 32.0160 61
32.0480 32.1120 60
32.1440 32.2080 62
32.2400 32.3360 60
32.3680 32.5600 57
32.5920 32.8480 58
32.8800 33.1360 57
33.1680 33.3600 56
33.7760 33.8400 52
33.8720 34.1600 54
34.1920 34.2880 55
34.4160 34.6080 57
34.6400 34.9280 60
34.9600 35.0880 57
35.1200 35.2480 60
35.3760 35.5360 57
35.5680 35.8880 55
35.9200 36.0480 53
38.2240 38.6080 67
38.6400 38.9280 69
39.1200 39.3760 67
39.4080 40.0800 69
40.1120 40.5920 67
40.6240 41.3280 69
41.3600 41.7760 67
41.8080 41.9360 71
41.9680 42.1280 69
42.1600 42.3840 68
42.4160 42.7680 69
42.8000 42.8000 65
42.8320 42.9600 62
42.9920 43.3120 65
43.3440 43.4080 66
43.4400 43.7600 67
43.7920 44.1120 65
44.1440 44.7840 67
44.8160 44.8480 66
44.8800 45.2320 65
45.3600 45.4560 66
45.4880 45.7120 65
45.7440 45.8400 69
45.8720 46.0000 67
46.0320 46.1280 65
46.1600 46.2560 62
46.2880 46.3840 64
46.4160 46.4800 62
46.5120 47.3120 60
47.6640 48.0480 65
48.0800 48.5280 67
48.5600 48.6560 65
48.6880 48.7520 63
48.7840 49.0080 62
49.0400 49.2320 60
49.2640 49.2960 57
49.4240 49.5200 57
49.5520 49.6800 56
50.2560 50.4160 60
50.4480 50.5120 63
50.5440 50.7680 62
50.8000 50.8960 59
50.9280 51.1840 60
51.2160 51.2800 57
51.3120 51.5040 56
51.5360 51.7600 55
51.7920 51.9840 58
52.4000 52.6880 53
52.7200 53.1360 52
53.1680 53.2320 53
53.2640 53.3280 54
53.3600 53.5840 55
53.6160 53.8400 57
53.8720 53.9680 59
54.0000 54.2560 60
54.2880 54.4480 62
54.4800 54.9280 65
55.0880 55.6640 67
55.6960 55.9200 66
55.9520 56.1760 67
56.5280 56.9120 67
56.9440 57.1360 69
57.1680 57.2320 68
57.2640 58.0960 67
58.1280 58.1920 69
58.2240 58.5760 67
58.6080 58.7040 65
58.7360 59.3440 62
59.3760 59.5680 65
59.6000 59.6000 62
59.7280 59.7920 68
59.8240 59.9840 66
60.0160 62.3520 65
75.9520 76.1120 57
76.1440 76.9440 59
76.9760 78.0320 60
78.0640 78.6080 62
78.6400 78.8640 60
78.8960 78.9600 62
78.9920 79.1520 61
79.1840 79.4720 56
79.5040 80.0800 53
80.1120 80.2720 52
80.3040 80.4000 51
81.0080 81.0400 52
81.0720 81.1680 55
81.3600 81.5840 53
81.6160 81.7760 55
81.9040 82.2560 57
82.2880 82.3840 63
82.5440 82.7040 62
82.7360 82.8640 60
82.8960 83.0880 62
83.1200 84.8800 60
85.4240 86.3200 62
86.3520 86.6400 65
86.6720 86.8320 67
86.8640 87.0880 65
87.1200 87.4720 66
87.5040 87.6320 65
87.6640 87.7280 63
87.7600 87.9200 62
87.9520 88.1760 61
88.2080 88.2720 65
88.3040 88.3680 61
88.4000 88.5280 62
88.5600 88.9440 60
88.9760 89.2000 57
89.3600 89.4560 57
89.4880 89.5520 58
89.6800 89.9040 57
90.4480 90.8960 55
90.9280 90.9920 56
91.0240 91.3120 57
91.3440 91.5680 60
91.6000 91.7600 57
91.7920 91.8880 59
91.9200 92.1760 57
92.2080 92.3040 55
92.3360 92.4320 59
94.8960 95.0560 73
95.0880 95.7600 69
95.7920 96.0480 67
96.0800 96.7520 69
96.7840 97.2320 67
97.2640 97.6480 69
97.6800 97.7440 71
97.7760 98.0320 69
98.0640 98.4480 67
98.4800 99.4720 69
99.6000 99.9200 65
99.9520 100.3680 67
100.4000 100.7520 65
100.7840 101.6800 67
101.7120 101.9360 65
101.9680 102.1280 67
102.1600 102.5120 65
102.6400 102.8000 66
102.8320 103.1200 62
103.1520 103.2480 65
103.2800 103.5040 62
103.5360 103.9840 60
104.3360 104.6560 65
104.6880 104.7520 68
104.7840 104.9120 65
104.9440 105.1040 67
105.1360 105.4240 65
105.4560 105.6800 62
105.7120 105.9040 60
106.0960 106.1920 60
106.2240 106.3840 57
106.6400 107.0880 60
107.1200 107.4080 62
107.4400 107.7280 60
107.8560 108.0160 57
108.0480 108.3360 55
108.4960 108.5920 57
108.6240 108.7200 59
109.0720 109.2320 52
109.2640 109.3280 54
109.3600 109.6160 52
109.6480 109.7760 53
109.9040 110.1920 55
110.2240 110.4480 57
110.4800 110.9280 60
110.9600 111.1200 62
111.1520 111.5360 65
111.7280 112.7840 67
113.1680 113.5840 67
113.6160 113.7760 69
113.8080 113.8720 68
113.9040 115.2800 67
115.3120 115.4720 65
115.5040 116.0800 62
116.1120 116.4000 65
116.4320 116.5600 67
116.5920 118.8640 65
137.3280 137.5520 57
137.5840 137.6480 59
137.6800 138.0640 60
138.0960 139.4080 59
139.4400 139.9840 62
140.0160 140.2080 60
140.2400 140.4320 61
140.4640 140.5600 60
140.5920 140.7200 57
140.7520 141.1360 55
141.1680 141.4560 53
142.3520 142.4480 54
142.4800 142.5760 55
142.6080 142.6400 54
142.6720 143.0240 53
143.0560 143.1520 55
143.3120 143.3760 56
143.4080 143.6640 57
143.6960 143.6960 60
143.7280 143.7920 62
143.9200 144.0800 62
144.1120 144.3040 60
144.3360 144.4960 62
144.5280 145.4240 60
145.4560 146.1920 59
146.8000 146.8960 59
146.9280 147.0560 60
147.0880 147.6960 62
147.7280 147.9840 65
148.0160 148.1760 67
148.2080 148.3680 65
148.4000 148.7840 67
148.8160 149.0080 65
149.0400 149.2960 62
149.3280 149.4880 60
149.5200 149.5200 62
149.5520 149.6160 64
149.8080 149.9360 62
149.9680 150.1280 60
150.1600 150.2240 62
150.2560 150.3520 61
150.3840 150.4160 58
150.4480 150.5760 57
150.6080 150.7680 58
150.8000 150.9600 57
150.9920 151.0560 58
151.0880 151.4080 56
151.8560 151.9200 53
151.9520 152.0800 52
152.1120 152.3040 54
152.3360 152.6560 55
152.8480 152.9760 60
153.0080 153.1680 57
153.2000 153.3600 60
153.3920 153.4880 57
153.5200 153.5840 56
153.6160 153.6800 55
153.7120 153.8080 58
153.8400 153.8720 56
153.9040 153.9680 55
154.0000 154.2880 53
154.3200 154.4480 54
154.4800 154.5120 53
154.5440 154.5760 52
156.2400 156.5600 67
156.5920 156.7520 68
156.7840 157.0720 69
157.1040 157.6160 67
157.6480 157.9360 68
157.9680 158.3520 69
158.3840 158.6080 67
158.6400 159.0560 69
159.0880 159.1840 71
159.2160 159.3760 69
159.4080 159.4400 68
159.4720 160.0480 67
160.0800 160.4000 68
160.4320 160.8160 69
160.9440 161.0080 63
161.0400 161.2960 65
161.3280 161.3600 66
161.3920 161.6800 67
161.7120 161.7440 66
161.7760 162.3840 65
162.4160 162.4800 66
162.5120 162.9920 67
163.0240 163.1840 65
163.3440 163.4400 67
163.4720 163.5040 66
163.5360 163.7280 65
163.7600 163.8560 68
163.8880 163.9520 67
163.9840 164.0160 66
164.0480 164.1440 65
164.1760 164.2720 62
164.3040 164.4000 61
164.4320 165.0400 60
165.0720 165.2000 59
165.2320 165.3280 58
165.6800 165.6800 57
165.7120 165.7440 60
165.7760 165.7760 62
165.8080 166.0640 65
166.0960 166.1600 67
166.1920 166.2560 65
166.2880 166.4800 67
166.5120 166.7040 65
166.7360 167.2160 62
167.2480 167.3120 60
167.3440 167.5040 61
167.5360 167.8240 57
167.8560 167.8880 56
168.0480 168.0800 57
168.1120 168.2080 59
168.3360 168.4000 59
168.4320 168.4640 60
168.4960 168.5920 63
168.6240 168.8480 62
168.8800 169.1360 60
169.2000 169.3280 57
169.3600 169.3600 55
169.5200 169.7440 55
169.8720 170.0000 60
170.0320 170.0640 59
170.4800 171.0880 53
171.1200 171.2160 52
171.2480 171.4080 54
171.4400 171.5680 55
171.6000 171.8240 57
171.8560 172.3040 60
172.3360 172.5280 62
172.5600 172.9760 65
173.1360 173.9360 67
173.9680 174.0640 66
174.0960 174.2240 67
174.5760 174.9280 67
174.9600 174.9920 68
175.0240 175.1520 69
175.1840 175.2800 68
175.3120 176.1760 67
176.2080 176.2720 69
176.3040 176.8480 67
176.8800 176.9440 65
176.9760 177.0400 63
177.0720 177.5200 62
177.5520 177.8080 65
177.8400 177.9040 68
177.9360 178.0640 66
178.0960 179.7920 65
179.8240 179.8880 64
179.9200 180.0160 65
180.0480 180.1120 64
180.1440 180.8480 65
