6.3200 6.8640 60
27.6000 27.6640 51
27.6960 27.6960 53
27.7280 27.7280 58
27.7600 27.7920 61
27.8240 27.9520 62
28.1120 28.4320 62
28.4640 28.8160 58
28.8480 28.8800 59
28.9120 29.6480 60
29.6800 29.8720 59
30.7040 30.7680 55
30.8960 31.0240 53
31.1840 31.3440 50
31.5360 31.8880 53
31.9200 31.9520 54
31.9840 32.1120 55
32.1440 32.3360 57
32.3680 32.5920 53
32.6240 32.6560 54
32.6880 33.3920 55
34.5760 34.6400 52
34.6720 34.7040 53
34.7360 35.0240 54
35.0560 35.2480 55
35.3760 35.4400 55
35.4720 35.5040 56
35.5360 35.6320 57
35.7920 35.8880 55
35.9200 35.9520 54
35.9840 36.0160 53
36.0480 36.0800 52
36.2400 36.6880 53
37.5520 37.5840 58
37.6160 37.8720 59
38.0000 38.0320 57
38.0640 38.2560 58
38.4160 38.5120 60
38.5440 38.8000 59
38.8320 38.9600 60
38.9920 39.1520 62
39.1840 39.8560 58
39.8880 40.6240 55
41.3920 41.4240 61
41.4560 42.1600 62
42.1920 42.8000 58
42.8320 42.8640 59
42.8960 43.6640 60
43.6960 43.8240 59
44.4000 44.4320 51
44.4640 44.7200 53
44.8480 45.2320 50
45.2640 45.5520 52
45.5840 45.6480 53
45.6800 45.7440 54
45.7760 45.8400 55
45.8720 45.9040 57
45.9360 46.0320 58
46.0640 46.1280 54
46.1600 46.2880 52
46.3200 46.4480 55
46.4800 46.5760 56
46.6080 46.8640 55
46.8960 47.1200 56
47.1520 47.2160 55
47.8240 47.9200 49
48.0480 48.1760 53
48.3040 48.9120 55
49.0720 49.2640 55
49.2960 49.4240 57
49.4560 49.4880 56
49.5200 49.9040 55
49.9360 50.0000 54
50.0320 50.3200 53
50.8640 50.9280 48
50.9600 51.0560 50
51.2160 51.5360 50
51.6640 51.7600 51
51.7920 51.8880 50
51.9200 52.0160 49
52.0480 52.9120 47
53.0080 53.1360 47
55.1200 55.2160 59
55.2480 55.8560 62
55.8880 56.5600 58
56.5920 57.8400 60
58.0960 58.2240 54
58.2560 58.3520 55
58.3840 58.4160 54
58.6080 58.7680 50
58.8320 58.8640 51
58.8960 59.0240 53
59.0560 59.2160 52
59.2480 59.4080 53
59.4400 59.5360 54
59.5680 59.7600 57
59.7920 60.4960 55
60.6240 60.7200 55
61.9680 62.0640 52
62.0960 62.2240 54
62.2560 62.6400 55
62.8320 62.9600 55
62.9920 63.1520 57
63.1840 63.7280 55
63.7600 64.0800 53
64.2080 64.2720 53
64.9120 64.9440 54
64.9760 65.0080 57
65.0400 65.2960 59
65.3280 65.6800 58
65.8400 65.9680 60
66.0000 66.1600 59
66.1920 66.3200 60
66.3520 66.5120 62
66.6400 67.1840 58
67.2160 68.2080 55
68.7200 68.7840 56
68.8160 68.9120 59
68.9440 69.1040 63
69.2640 69.5200 62
69.7440 70.2560 58
70.2880 70.3200 59
70.3520 71.3760 60
71.4080 71.5040 59
71.7920 71.9200 51
72.0160 72.1440 52
72.3360 72.4000 51
72.4320 72.5600 50
72.5920 72.7520 51
72.7840 72.9760 53
73.0080 73.1040 54
73.1360 73.2320 55
73.2640 73.2960 57
73.3280 73.3920 58
73.5520 73.6800 55
73.7120 73.8400 54
73.8720 74.3520 55
75.1840 75.2480 48
75.2800 75.3440 49
75.4720 75.7600 53
75.7920 75.8240 54
75.8560 76.4640 55
76.4960 76.5600 56
76.5920 76.7840 58
76.9760 77.2320 55
77.2640 77.3280 54
77.4880 77.5200 52
77.5840 78.0320 53
78.1920 78.2240 54
78.2560 78.3200 55
78.7360 78.8000 57
78.8320 79.2160 58
79.2480 79.2800 59
79.3120 81.2320 60
81.2640 81.3280 61
82.9280 82.9600 56
82.9920 83.0880 57
83.1200 83.2160 60
83.2480 83.3440 59
83.3760 83.5040 58
83.5360 83.6960 59
83.7280 83.7920 60
83.8240 83.8560 62
83.8880 84.3360 63
84.3680 84.6880 65
84.7200 84.7840 66
84.8160 85.3920 67
85.5520 85.9040 63
86.3840 86.4800 58
86.5120 86.6720 59
86.7040 87.1200 60
87.2480 87.3760 60
87.4080 87.5360 62
87.6960 87.8880 60
87.9200 88.0480 59
88.0800 88.4960 60
88.5280 88.6240 57
88.6560 88.6880 56
88.7200 89.1680 55
89.2000 89.2960 54
89.8720 89.9040 58
89.9360 90.0960 59
90.1280 90.6080 60
90.6400 91.1840 63
91.2160 91.6000 65
91.6320 92.2080 67
92.3360 92.4320 62
92.4640 92.7840 63
93.2320 93.3600 58
93.3920 93.6480 59
93.6800 93.9360 60
94.0640 94.1920 60
94.2240 94.2560 61
94.2880 94.3200 62
94.5440 94.9600 60
94.9920 95.0880 61
95.1200 95.3440 60
95.3760 95.4720 58
95.5040 95.5680 57
95.6000 95.8560 55
95.8880 95.9520 54
96.6560 96.6560 56
96.6880 96.6880 58
96.7200 96.7200 61
96.7520 96.8480 64
96.8800 97.8720 65
97.9040 97.9360 62
97.9680 98.1280 60
98.1600 98.4480 62
98.4800 98.7040 60
98.8320 99.0240 57
99.0560 99.1520 54
99.2800 99.6640 55
100.1120 100.1760 62
100.2080 100.7840 65
100.9760 101.2640 65
101.2960 101.2960 63
101.3280 101.5200 60
101.5520 101.6480 62
101.8080 102.0960 60
102.2560 102.3840 58
102.4160 102.4800 57
102.7040 103.0560 55
103.0880 103.0880 58
103.1200 103.5360 60
103.5680 103.6960 59
103.7280 105.9360 60
123.3760 123.4720 69
123.5040 123.5360 68
130.5760 130.6400 60
130.6720 130.9920 63
131.0240 131.2800 62
131.3120 131.9840 58
132.0160 133.0080 60
133.2960 133.9040 55
134.0320 134.2880 51
134.4160 134.9280 53
134.9600 135.1840 57
135.2160 136.1440 55
137.4240 137.5200 52
137.5520 138.0960 55
138.2560 138.3520 56
138.3840 138.5440 58
138.5760 138.7040 56
138.7360 139.1520 55
139.1840 140.0800 53
140.4640 140.7520 59
140.8800 141.1360 58
141.2960 141.8400 60
141.8720 141.9680 62
142.1280 142.6720 58
142.7040 143.6000 55
144.1440 144.2080 58
144.2400 144.3680 60
144.4000 144.5280 63
144.6880 144.9760 62
145.1360 145.6800 58
145.7120 147.0880 60
147.1200 147.4080 54
147.5360 147.6320 54
147.7920 148.1120 50
148.1440 148.2400 52
148.2720 148.4960 53
148.5280 148.6880 54
148.9120 149.0080 57
149.0400 149.7440 55
149.7760 149.8080 54
150.6080 150.7040 47
150.7360 150.8000 49
150.9280 151.1520 52
151.1840 151.2480 53
151.2800 151.4400 54
151.5680 151.9200 55
151.9520 152.0160 56
152.0480 152.3040 58
152.4640 152.7520 55
152.7840 152.8480 53
152.8800 153.0720 52
153.1040 153.4560 53
153.4880 153.5520 54
153.7760 153.7760 56
153.8080 153.8720 61
154.1280 154.5440 58
154.5760 154.6720 59
154.7040 156.8160 60
158.3840 158.4160 57
158.4480 158.5120 58
158.5440 158.5760 59
158.6080 158.7040 60
158.7360 158.9600 59
158.9920 159.2480 60
159.2800 159.8240 63
159.8560 160.2080 65
160.2400 160.8480 67
160.9760 161.4240 63
161.8400 161.8720 57
161.9040 161.9360 58
161.9680 162.1280 59
162.1600 162.8000 60
162.8320 162.9600 61
163.1520 163.1840 59
163.2160 163.3440 60
163.3760 163.4400 59
163.5680 163.6640 60
163.6960 163.7280 62
163.7600 163.9520 59
163.9840 164.0800 58
164.1120 164.1760 57
164.2080 164.2720 55
164.3360 164.7200 54
165.2960 165.4240 57
165.4560 165.6800 59
165.7120 166.0000 60
166.1280 166.6400 63
166.6720 167.0560 65
167.0880 167.6960 67
167.8240 168.0160 62
168.0480 168.2400 63
168.6880 168.8160 58
168.8480 169.6800 60
169.7120 169.8080 62
170.0000 170.4160 60
170.4480 170.4800 61
170.5120 170.6080 62
170.6400 170.7360 60
170.7680 171.0240 58
171.0560 171.3440 55
171.3760 171.4400 54
172.0800 172.1120 59
172.1440 172.1760 62
172.2080 173.2960 65
173.3280 173.3600 63
173.3920 173.5520 60
173.5840 173.9040 62
173.9360 174.1280 60
174.2880 174.4480 58
174.4800 174.5760 54
174.7040 175.0880 55
175.5680 175.6320 61
175.6640 175.7280 63
175.7600 176.2080 65
176.4000 176.6880 65
176.7200 176.9440 61
176.9760 177.0720 62
177.2320 177.5200 60
177.5520 177.6800 59
177.7120 177.8080 58
177.8400 177.9360 57
178.1600 178.2560 55
178.4800 178.5440 59
178.5760 178.9280 60
178.9600 179.1520 59
179.1840 180.9760 60
182.3520 182.5120 58
182.5440 182.7040 60
182.7360 182.8320 59
182.8960 182.9600 59
182.9920 183.2160 60
183.2480 183.7920 63
183.8240 184.1120 65
184.1440 184.2080 66
184.2400 184.8480 67
185.0080 185.4240 63
185.8400 185.9040 58
185.9360 185.9680 59
186.0000 186.5760 60
186.7040 186.8320 60
186.8640 186.9920 62
187.1520 187.6320 60
187.6640 187.7600 62
187.7920 187.9520 60
187.9840 188.1440 58
188.1760 188.4960 55
188.5280 188.7840 54
189.3280 189.3600 57
189.3920 189.4560 59
189.4880 189.9680 60
190.1280 190.6400 63
190.6720 191.0560 65
191.0880 191.7280 67
191.7600 192.2720 63
192.7200 193.0080 59
193.1360 193.7120 60
193.7440 193.8720 62
194.0320 194.4800 60
194.5120 194.6080 62
194.6400 194.8320 60
194.8640 195.0240 57
195.3440 195.5040 54
196.0800 196.1120 60
196.1440 196.1760 62
196.2080 196.8480 65
196.9760 197.3280 65
197.3600 197.5200 60
197.5520 197.9040 62
197.9360 198.0960 60
198.2560 198.4800 57
198.7360 199.1520 55
199.1840 199.3760 64
199.5360 199.6320 62
199.6640 200.2720 65
200.4000 200.7520 65
200.7840 200.9440 60
200.9760 201.0720 62
201.2320 201.5520 60
201.5840 201.8400 58
201.8720 201.9360 57
202.2560 202.5120 56
202.5440 205.4560 60
209.3920 209.4240 54
209.4560 209.4560 56
209.4880 209.4880 58
209.5200 209.6800 62
209.8720 210.1280 62
210.1600 210.1600 60
210.1920 210.6400 58
210.6720 211.4720 60
211.5040 211.6640 59
212.4640 212.5280 54
212.6560 212.7840 53
212.9120 212.9440 50
212.9760 213.1360 51
213.3280 213.6480 53
213.6800 213.7760 54
213.8080 213.8720 55
213.9040 214.0320 58
214.0640 214.0640 56
214.0960 214.3200 53
214.3520 214.3840 54
214.4160 214.4800 55
214.5120 215.1520 56
215.1840 215.3440 55
216.3040 216.3680 52
216.4000 216.4320 53
216.4640 216.5280 54
216.5600 216.9760 55
217.1040 217.2000 55
217.2320 217.2640 56
217.2960 217.3600 58
217.5520 217.6800 55
217.7120 217.8400 54
218.0000 218.5120 53
219.2800 219.3440 56
219.3760 219.4400 59
219.4720 219.6960 60
219.7920 219.9200 57
219.9520 220.0160 58
220.1760 220.7200 60
220.7520 220.9120 62
220.9440 220.9760 60
221.0080 221.5840 58
221.6160 221.9360 55
221.9680 222.0640 54
222.0960 222.3200 55
223.1200 223.1520 61
223.1840 223.9520 62
223.9840 224.5600 58
224.5920 224.6560 59
224.6880 225.5840 60
225.6160 225.7120 59
226.1280 226.1920 51
226.2240 226.2880 54
226.3200 226.4800 53
226.6400 226.9920 51
227.0240 227.4080 53
227.4400 227.5680 55
227.6000 227.7920 58
227.8240 228.1120 54
228.1440 228.6240 56
228.6560 228.7520 55
229.5520 229.6160 48
229.6480 229.7760 50
229.8080 229.9360 53
230.0640 230.4800 55
230.7680 230.8640 55
230.8960 230.9920 56
231.0240 231.1200 58
231.1520 231.6320 55
231.6640 232.0160 53
232.6240 232.6880 49
232.7200 233.7120 50
233.7440 234.8320 47
