16.6560 16.7200 66
16.7520 16.9760 67
22.1280 22.1280 63
22.1600 22.4160 66
22.4480 22.4800 65
22.5440 22.8960 60
23.0240 23.2800 60
23.3120 23.5680 62
23.6000 23.7280 61
23.8560 23.9200 60
24.0480 24.4000 60
24.4320 24.6240 58
24.6560 25.1360 55
25.1680 25.5200 58
25.9680 25.9680 57
26.0320 26.0960 56
26.1280 26.1600 54
26.1920 26.2560 53
26.3840 26.4800 57
26.6400 26.6720 60
26.7040 26.8960 61
26.9280 27.6640 60
27.7920 27.9200 60
27.9520 28.0160 59
28.0480 28.4960 58
28.5280 28.5600 57
28.7200 28.7520 57
28.7840 28.9120 58
28.9440 29.0400 60
29.2320 29.3280 58
29.3600 29.3920 56
29.4240 29.5520 55
29.9360 30.1280 65
30.1600 30.3200 62
30.3520 30.8320 60
30.8640 31.1520 62
31.6320 31.7280 62
31.7600 31.9200 60
31.9520 32.0800 58
32.2080 32.3040 55
32.4960 32.8160 57
33.4880 33.6160 58
33.8720 34.1280 58
34.1600 34.3520 60
34.3840 34.6080 62
34.6400 36.4320 60
37.1680 37.1680 62
37.2000 37.6160 65
37.6480 37.8400 62
37.8720 37.9360 60
38.0960 38.3200 60
38.3520 38.6080 62
38.6400 38.7360 61
39.0880 39.1200 58
39.1520 39.2800 62
39.3120 39.4080 60
39.4400 39.4720 59
39.5040 39.6640 58
39.6960 39.7280 56
39.7600 39.9840 55
40.0160 40.3360 58
40.9440 41.0720 58
41.3920 41.6160 58
41.6480 41.7440 60
41.7760 41.8720 62
41.9040 43.0240 60
43.0560 43.5680 58
43.7600 43.9520 58
43.9840 44.1440 60
44.1760 44.3680 58
44.6880 44.8160 65
44.9760 45.1360 65
45.1680 45.3280 62
45.3600 45.4560 60
45.6160 45.8400 60
45.8720 46.0320 62
46.0640 46.1920 61
46.7680 46.8960 60
47.0560 47.1520 59
47.3120 47.4080 56
47.4400 47.4720 57
47.5040 47.8560 58
48.4640 48.5280 58
48.5600 48.6560 57
48.8800 49.1360 58
49.1680 49.3600 60
49.3920 49.5520 62
49.6800 49.7760 61
49.8080 51.0880 60
51.5360 51.6320 56
51.7600 52.3360 60
52.4960 52.6560 63
52.6880 52.8160 65
52.8480 52.8800 64
52.9120 52.9440 61
52.9760 53.3920 59
53.4240 54.8960 60
55.0560 55.1200 58
55.1520 55.6320 57
55.9840 56.1760 58
56.2080 56.5600 60
56.7200 57.1360 60
57.1680 59.5040 62
59.9200 60.0480 72
60.1760 60.3360 65
60.3680 60.5920 62
60.6240 60.8480 65
60.8800 60.9760 67
61.1360 61.8720 67
61.9040 62.2560 65
62.3840 62.7680 62
62.8000 62.8320 61
62.8640 63.0880 60
63.2160 63.6320 62
63.6640 63.7600 60
63.7920 64.0480 62
64.0800 64.5280 58
64.5600 64.6880 60
64.7840 64.9440 61
64.9760 65.1680 60
65.2000 65.2320 58
65.3920 65.5200 58
65.5520 66.0000 60
66.0320 66.1600 62
66.3200 66.5120 60
66.5440 66.9280 58
66.9600 67.2480 55
67.4720 67.6000 59
67.6320 67.6640 62
67.6960 67.8240 65
67.8560 67.9840 62
68.1760 68.3360 65
68.3680 69.3280 67
69.3600 69.8720 65
69.9040 69.9040 63
70.0960 70.2880 62
70.5440 70.7680 62
70.8000 70.8640 61
70.9920 71.1840 60
71.2160 71.3760 59
71.4080 71.6960 58
71.8880 71.9200 57
71.9520 72.0480 58
72.0800 72.2720 60
72.4000 72.7200 61
72.8480 73.1040 60
73.1360 73.3280 62
73.3600 73.4880 65
73.5200 74.7680 62
74.9920 75.1840 62
75.2160 75.3760 65
75.4080 75.6320 62
75.6640 75.8240 65
75.8560 76.0160 67
76.1760 76.3680 67
76.6240 76.8800 67
76.9120 77.3600 65
77.3920 77.7760 62
77.8080 77.9360 60
77.9680 78.1600 61
78.2560 78.8320 62
78.8640 79.1520 63
79.2480 79.2800 59
79.3120 79.6320 58
79.6640 81.0720 60
81.1040 81.2000 61
81.3920 81.5200 60
81.5520 81.6160 59
81.6480 81.9680 58
82.0000 82.0960 55
82.7360 82.8640 56
82.8960 83.0240 57
83.2480 83.3120 57
83.3440 84.4960 58
84.6240 84.6880 60
84.7200 84.7840 61
84.8160 84.9440 62
85.1040 85.2000 58
85.2320 85.3920 60
85.5520 86.1920 60
86.2240 86.3520 57
86.5440 86.7040 56
86.7360 86.8960 55
86.9280 87.0880 56
87.1200 87.2160 62
87.3440 87.4080 62
87.4400 87.5680 61
87.8240 87.9840 68
88.0160 88.2720 69
88.3040 88.7200 68
89.7760 89.8080 63
89.8400 89.9040 65
90.0320 90.2240 65
90.2560 90.4160 62
90.4480 90.9280 60
90.9600 91.3120 62
91.6640 92.0160 61
92.0480 92.2080 58
92.3360 92.5600 55
92.5920 92.7840 56
92.8160 92.8800 57
93.0080 93.1040 58
93.4240 93.6800 58
93.7120 93.7760 55
93.8080 93.8720 53
94.0000 94.0960 58
94.3200 94.3200 60
94.3840 94.5120 61
94.5440 95.2800 60
95.3120 95.4080 61
95.4400 95.5360 60
95.5680 95.7600 59
95.7920 96.1760 58
96.3360 96.5280 58
96.5600 96.6880 60
96.8480 96.9760 58
97.0080 97.2320 55
97.5840 97.7120 65
97.7440 97.9360 62
97.9680 98.4160 60
98.4480 98.8000 62
99.3440 99.5680 60
99.6000 99.6640 58
99.6960 99.9200 55
100.0800 100.1440 58
100.3040 100.5920 58
101.4880 101.7440 58
101.7760 101.9360 60
101.9680 102.1920 62
102.2240 103.9840 60
104.0160 104.2400 59
105.0400 105.2000 65
105.2320 105.4240 62
105.4560 105.7440 60
105.7760 105.9360 61
105.9680 106.3520 62
106.7680 106.8000 62
106.8320 106.8960 61
106.9280 107.0880 60
107.1200 107.2160 58
107.2480 107.2800 57
107.3120 107.5680 56
107.6000 108.0800 58
108.5280 108.6240 59
109.0080 109.1680 58
109.2000 109.3280 60
109.3600 109.4880 62
109.5200 110.7680 60
110.8000 111.1840 58
111.3440 111.5360 58
111.5680 111.7920 60
111.8240 111.9200 58
111.9520 112.0160 57
112.0480 112.2720 55
112.3360 112.4000 61
112.5920 112.7840 65
112.8160 112.9440 62
112.9760 113.4880 60
113.5200 113.8080 62
114.2240 114.5440 60
114.6720 114.7680 58
114.8960 115.0560 56
115.0880 115.6960 58
116.0480 116.1760 58
116.2080 116.2720 56
116.3040 116.4000 54
116.5280 116.7520 58
116.7840 116.9440 60
116.9760 117.1680 62
117.2000 117.3280 61
117.3600 117.4240 59
117.4560 118.8320 60
119.2160 119.2480 59
119.2800 120.0800 60
120.1120 120.2400 63
120.2720 120.4640 65
120.4960 120.7520 60
120.7840 121.0080 58
121.0400 122.5120 60
122.6720 122.7680 59
123.0560 123.1840 58
123.6000 123.7600 58
123.7920 124.7520 60
124.7840 127.2480 62
127.5680 127.6640 62
127.8240 127.9520 65
127.9840 128.2400 62
128.2720 128.4320 65
128.4640 128.6240 67
128.7840 129.4560 67
129.4880 129.8720 65
130.0000 130.3520 62
130.3840 130.8320 60
130.8640 131.0880 62
131.3120 131.6960 62
131.7280 131.9200 58
131.9520 132.1760 59
132.2080 132.3040 60
132.4960 132.5600 61
132.5920 132.7840 60
132.9760 133.1360 58
133.1680 133.6160 60
133.6480 133.7440 62
133.9040 134.0000 62
134.0320 134.0960 61
134.1280 134.1920 59
134.2240 134.5120 58
134.5440 134.6720 55
134.8000 134.8640 56
135.1520 135.1840 62
135.2480 135.2800 62
135.3120 135.4400 65
135.4720 135.6000 62
135.7920 135.9520 65
135.9840 136.9120 67
136.9440 137.0080 66
137.0400 137.4880 65
137.5200 137.5840 63
137.7120 137.9040 62
138.1280 138.4800 62
138.5120 138.5760 61
138.6080 138.8320 60
138.8640 139.5360 58
139.5680 139.6000 59
139.6320 139.8560 60
140.0480 140.2080 60
140.2400 140.3680 61
140.4000 140.6240 60
140.7520 140.9120 63
140.9440 141.1360 65
141.1680 142.2880 62
142.3200 142.4160 63
142.5440 142.6400 63
142.6720 142.7040 62
142.8320 142.9920 65
143.0240 143.1520 62
143.2800 143.5040 65
143.5360 143.6320 68
143.8240 143.8560 66
143.8880 144.0160 67
144.2400 144.4640 67
144.4960 144.9440 65
144.9760 145.4560 62
145.4880 145.8400 60
145.8720 146.0640 62
146.3200 146.7680 62
146.8000 146.9280 59
146.9600 147.1200 58
147.1520 147.2480 59
147.2800 147.7600 60
147.7920 148.0160 61
148.0480 148.1760 60
148.4960 148.5920 60
148.6240 148.7520 61
148.7840 148.8160 62
149.0080 149.1360 60
149.1680 149.3920 59
149.4240 149.5520 58
149.5840 149.7760 54
150.1280 150.2240 53
150.2560 150.4480 55
150.4800 150.5120 56
150.5440 150.6400 57
150.8320 150.9280 57
150.9600 150.9920 58
151.0240 151.3120 59
151.3440 152.0160 58
152.0480 152.2080 59
152.2400 152.4000 61
152.4320 152.5920 62
152.7200 152.8800 58
152.9120 153.0720 60
153.2000 153.8400 60
153.8720 153.9040 59
153.9360 154.0000 58
154.1600 154.3200 58
154.3520 154.6400 56
154.6720 155.2480 55
155.2800 155.3440 54
155.3760 155.4400 56
155.4720 155.7280 55
155.7600 156.0480 56
156.1760 156.4320 56
156.7520 156.8160 54
158.1920 158.2560 57
158.2880 158.2880 59
158.3200 158.3200 61
158.3520 158.5440 65
158.5760 160.4960 67
160.5280 160.7520 65
160.7840 160.9120 64
160.9440 161.0080 62
161.3920 162.2560 60
162.2880 162.6720 62
162.9600 163.0560 69
163.0880 163.1840 70
163.2160 163.2800 69
163.3440 163.4720 68
163.5040 163.6640 69
163.6960 163.8240 68
165.3280 165.4240 55
165.4560 165.5200 54
165.8720 165.9040 65
165.9360 166.0640 66
166.0960 166.5440 67
166.7680 166.9600 65
166.9920 167.1200 70
167.1520 167.3120 67
167.3440 167.4080 66
167.4400 167.4720 65
167.5040 168.2720 62
168.3040 168.4000 63
168.5280 168.5920 63
168.6240 168.8160 60
168.8480 169.1040 62
169.1360 169.4560 63
169.6480 170.1920 60
170.3520 170.4480 60
170.4800 170.6080 59
170.7680 170.8640 61
171.0880 171.1200 58
171.2800 171.6640 60
171.6960 173.4880 62
173.5200 173.5520 61
179.3440 179.4080 61
179.8560 179.9200 61
180.0800 180.1440 61
189.3920 189.5520 61
189.5840 189.6480 62
189.8080 189.9680 65
190.0000 190.1920 62
190.2240 190.4480 65
190.5120 190.5120 67
190.7360 190.8320 67
190.8640 190.9600 72
190.9920 191.0240 71
191.0560 191.0880 70
191.1840 191.4400 67
191.4720 191.8880 65
191.9200 191.9520 63
191.9840 192.2720 62
192.3040 192.3680 61
192.4000 192.6880 60
192.8800 193.4240 62
193.5200 193.6800 62
193.7120 194.1280 58
194.2880 194.7360 61
194.7680 194.9280 60
194.9600 195.1200 61
195.4720 195.6000 60
195.6320 195.7600 61
195.9200 195.9520 60
195.9840 196.3040 61
196.3360 196.4960 59
196.5280 196.5600 58
196.5920 196.7200 56
196.7520 196.7520 54
197.3280 197.4240 55
197.4560 197.5200 56
197.5520 197.6160 57
197.8080 197.9040 57
197.9360 198.0640 58
198.0960 198.2880 59
198.3200 198.4800 58
198.6720 198.9280 58
198.9600 199.0560 59
199.1520 199.2800 61
199.3120 199.4080 60
199.4400 199.6000 62
199.6320 199.8560 59
199.8880 200.0160 60
200.1760 200.2400 60
200.2720 200.3040 59
200.4960 200.5280 60
200.5600 200.6880 61
200.7200 200.8160 60
200.8480 200.8800 59
200.9120 200.9760 58
201.1360 201.2960 57
201.3280 201.6160 56
201.6480 203.1840 55
203.2160 203.2800 56
204.6240 204.7200 65
204.8480 205.2640 67
205.2960 205.4880 65
205.5200 205.6480 67
205.7760 206.4480 67
206.4800 206.9280 65
206.9600 206.9920 63
207.0240 207.3760 62
207.4080 207.7920 60
207.8240 207.8560 61
207.8880 208.1120 62
208.3360 208.4000 59
208.4320 208.7200 62
208.7520 209.2000 58
209.2320 209.3280 60
209.5520 209.7760 60
209.8080 209.8400 59
209.9040 209.9360 59
209.9680 210.1280 58
210.1600 210.6080 60
210.6400 210.8000 58
210.9280 211.0880 58
211.1200 211.1520 59
211.1840 211.3120 60
211.3440 211.3440 62
211.3760 211.6000 65
211.6320 211.7280 62
211.7600 211.8240 61
212.1120 212.1120 60
212.1440 212.2720 62
212.3040 212.4960 65
212.5280 212.7200 63
212.7520 212.9440 65
212.9760 213.6160 67
213.7760 213.9680 67
214.0000 214.1600 65
214.2880 214.4160 65
214.4480 214.5120 67
214.5440 214.6720 66
214.7040 214.9280 62
215.1840 215.4080 62
215.4400 215.6640 61
215.6960 215.8560 60
215.8880 216.1440 58
216.1760 216.3040 57
216.5280 216.5920 59
216.6240 216.7200 58
216.7520 216.8800 60
217.0720 217.3280 60
217.4880 217.7440 60
217.7760 217.9360 63
217.9680 218.1920 65
218.2240 218.4800 62
218.5120 218.5760 63
218.7040 219.3120 62
219.3440 219.4400 63
219.6320 219.7600 62
219.8880 219.9840 65
220.0160 220.2400 62
220.2720 220.3040 63
220.3360 220.4960 65
220.5280 220.6560 67
220.8160 221.0080 67
221.2640 221.5200 67
221.5520 221.9680 65
222.0000 222.0320 63
222.0640 222.3840 62
222.4160 222.4480 61
222.4800 222.6080 60
222.6400 222.8000 61
222.8640 222.8960 61
222.9280 223.1840 62
223.3440 223.7920 62
223.8240 223.9520 59
223.9840 224.3040 58
224.3360 225.1360 60
225.4880 225.7760 60
226.0000 226.1280 61
226.1600 226.5760 58
226.6080 226.6720 56
227.3760 227.5040 55
227.5360 227.6960 56
227.8880 228.0160 56
228.0480 228.1120 57
228.1440 228.6240 58
228.7840 229.2000 58
229.2320 229.4560 60
229.4880 229.6480 62
229.6800 229.7440 57
229.7760 229.9040 58
229.9360 230.0640 60
230.1920 230.2560 59
230.5760 230.8640 60
230.8960 230.9920 58
231.1840 231.3120 57
231.3440 231.3760 56
231.4080 231.8560 55
231.8880 231.9520 53
231.9840 232.9440 55
233.5840 233.6480 55
249.7440 251.5360 65
