6.0000 6.0960 63
6.1280 6.2240 65
21.6800 21.7120 55
21.7440 21.9680 56
22.0000 22.6080 57
22.6400 23.2800 58
23.3120 23.3760 57
23.4080 23.7600 56
23.9520 24.1440 48
24.3360 24.5920 51
24.7200 24.9440 56
24.9760 25.2960 54
25.3280 25.3920 53
25.4240 25.4880 55
25.5200 25.8080 54
25.8400 26.0320 55
26.0640 26.0960 54
26.8000 26.8640 49
26.8960 27.0240 51
27.0560 27.7600 53
27.7920 28.1760 54
28.2080 28.5280 53
28.5600 28.6880 51
28.7200 28.7840 50
28.8160 28.8480 49
28.8800 29.5840 48
29.6160 29.6800 49
29.9040 30.3200 46
30.5120 30.5440 48
30.6400 30.7360 48
30.8640 30.9600 48
31.9840 32.0160 45
32.0480 32.2080 46
32.2400 32.4000 47
32.7520 32.9120 47
32.9440 33.1040 46
33.3600 33.4240 44
33.8400 33.8720 45
33.9040 34.2560 46
34.2880 34.3520 47
34.3840 34.4480 48
34.6720 35.0560 51
35.2160 35.6000 53
35.6320 35.6960 55
35.9200 36.1120 56
36.1440 36.1760 51
36.2080 36.4000 50
37.1680 37.3920 48
37.5520 37.6800 48
37.7440 37.9680 48
38.0960 38.2880 60
38.4160 38.7360 58
38.7680 38.8640 57
38.8960 38.9920 56
39.2480 39.5680 51
39.6000 39.6640 53
39.6960 39.8240 54
39.8560 40.2080 53
40.2400 40.3040 54
40.3360 40.4960 56
40.5280 40.6880 57
40.7200 40.7840 58
40.8160 40.9120 56
40.9440 41.0080 58
41.0400 41.1040 56
41.1360 41.2320 58
41.2640 41.3280 56
41.3600 41.9040 57
42.2560 43.4080 58
43.4400 43.5360 56
43.5680 43.6960 57
43.7280 44.0160 56
44.0480 44.7840 58
44.8160 44.8800 59
44.9120 44.9760 60
45.1040 45.2640 60
45.2960 45.9360 63
45.9680 46.1600 64
46.1920 46.4160 65
46.4480 46.5440 63
46.5760 47.2800 60
47.3120 47.3760 59
47.8560 47.8560 49
47.8880 47.9520 52
47.9840 48.0480 54
48.0800 48.2080 56
48.2400 48.5280 57
48.5600 48.7840 56
48.8160 48.8160 58
48.8480 48.9120 61
48.9440 49.2320 60
49.2640 50.0960 58
50.1280 50.2560 57
50.2880 50.4160 56
50.4480 50.4800 55
50.5120 50.5440 54
50.5760 50.9600 53
50.9920 51.1200 54
51.3120 51.3760 57
51.4080 51.7920 56
51.8240 51.9200 53
51.9520 52.4960 51
53.3920 53.6160 51
53.6480 53.8720 52
53.9040 53.9360 51
54.0960 54.3840 48
54.4160 54.5120 51
54.6720 54.9600 53
54.9920 55.6320 54
55.6640 55.8560 56
56.0480 56.1760 58
56.2080 56.2400 57
56.2720 56.4320 56
56.4640 56.5280 57
56.6880 57.1680 61
57.2000 57.2960 60
57.3280 57.5200 61
57.5520 57.7760 63
57.8080 57.8400 61
57.8720 58.1600 58
58.1920 58.4160 59
58.4480 58.5760 58
59.2160 59.3440 61
59.3760 59.5040 59
59.5360 59.6320 60
59.6640 59.7920 59
59.8240 60.1440 57
60.1760 60.2400 55
60.2720 60.3360 54
60.5600 61.0080 52
61.0400 61.0400 54
61.0720 61.4880 58
61.5200 61.8080 60
61.8400 62.0640 61
62.0960 62.1920 58
62.2240 62.2880 57
62.3200 63.6960 56
63.7280 63.9840 57
68.4320 68.4640 48
68.5600 68.5920 49
68.8160 68.9760 51
69.0080 69.0720 57
69.1040 69.2960 53
69.3280 69.3920 55
70.1280 70.1920 58
71.1520 71.3760 62
71.4080 71.4720 61
71.6640 71.7920 57
71.8240 71.8880 56
71.9200 72.0800 54
85.4240 85.9360 56
85.9680 86.0960 57
86.1280 86.4480 56
86.4800 86.7040 59
86.8320 86.9280 58
86.9600 87.0240 57
87.0560 87.6960 56
87.8240 88.2400 48
88.2720 88.3680 51
88.4960 89.1040 53
89.1360 89.2000 55
89.2320 89.3600 53
89.4560 89.7120 53
89.7440 89.7760 54
89.8720 90.0320 54
90.6400 90.7040 49
90.7360 90.7680 50
90.8000 90.8960 51
90.9280 91.8560 54
92.0480 92.4320 54
92.4640 92.6880 51
92.7200 92.7520 50
92.7840 92.8480 49
92.9760 93.3600 48
93.3920 93.4560 49
93.6480 93.7760 45
93.8080 93.9680 44
94.0000 94.0320 45
94.1920 94.2240 47
94.2880 94.4800 47
94.6080 94.7040 48
96.0800 96.1120 46
96.1440 96.3040 47
96.5280 96.6560 49
96.6880 96.7200 48
96.7520 96.8480 47
96.8800 97.0720 46
97.2960 97.3600 44
97.8400 98.1600 46
98.1920 98.2240 47
98.2560 98.4800 48
98.6080 99.0880 51
99.2800 99.5040 53
99.5360 99.7920 56
99.8240 99.8880 53
99.9200 100.1760 51
100.2080 100.6240 52
101.1680 101.2000 45
101.2320 101.3280 46
101.3600 101.4240 47
102.0320 102.1280 59
102.1600 102.2880 60
102.4160 102.6080 58
102.7680 103.0880 56
103.1200 103.4720 51
103.5680 103.5680 51
103.6000 103.8880 54
103.9200 104.3360 53
104.3680 104.4320 56
104.4640 105.7440 57
106.2560 106.3200 61
106.3520 106.3840 60
106.4160 106.5120 59
106.5440 107.3120 58
107.3440 107.4080 57
107.4400 108.0800 56
108.1120 108.7520 58
108.7840 108.9760 59
109.1040 109.2960 60
109.3280 110.0640 63
110.0960 110.2560 64
110.2880 110.5440 65
110.5760 110.7040 64
110.7360 111.5040 60
112.0160 112.0800 50
112.1120 112.2080 53
112.2400 113.0080 56
113.0400 113.0720 57
113.1040 113.1680 59
113.3280 113.6160 58
113.6480 113.7760 59
113.8080 114.1280 58
114.2240 114.4480 56
114.4800 114.5440 55
114.5760 114.6080 54
114.7680 115.1840 53
115.3760 115.5360 56
115.5680 115.8560 57
115.8880 115.9840 54
116.0160 116.5600 51
116.5920 116.6240 50
116.6560 116.6560 48
117.3600 117.4240 47
117.4560 117.5200 49
117.7440 117.9360 53
117.9680 118.0000 51
118.0320 118.3840 48
118.5120 118.7680 51
118.8000 118.9600 53
118.9920 119.2480 52
119.2800 119.3120 53
119.3440 119.4720 54
119.5040 119.6320 53
119.6640 119.6960 54
119.7280 119.8240 56
120.0160 120.1760 58
120.2080 120.2400 57
120.2720 120.3680 56
120.4960 120.5600 57
120.5920 120.6560 58
120.7840 120.8480 61
120.8800 121.1680 60
121.2000 121.2640 61
121.2960 121.3280 62
121.3600 121.4880 63
121.5200 121.5200 61
121.5520 122.6400 58
123.2800 123.5040 60
123.5360 123.8560 59
123.8880 124.2720 57
124.3040 124.4320 54
124.4640 124.4960 52
124.5280 124.7200 51
124.7520 124.8800 52
125.0400 125.0720 58
125.1040 125.4880 59
125.5200 125.8400 58
125.8720 126.0000 59
126.0320 126.0640 57
126.0960 126.7360 56
126.7680 127.7920 57
132.8480 132.9440 53
132.9760 133.0720 52
133.1040 133.2320 55
133.2640 133.3920 56
133.5200 133.6160 57
133.6480 133.9680 58
134.3840 134.5440 61
134.5760 135.2160 58
135.2480 135.3440 60
135.3760 135.3760 58
135.5040 135.7280 57
135.7600 135.8880 60
135.9200 135.9840 61
136.0160 136.2720 62
136.3040 136.3040 60
136.4640 136.5600 61
149.3920 150.1280 56
150.1600 150.2880 57
150.4160 150.7040 60
150.8000 150.8960 59
150.9280 151.2480 58
151.2800 151.3120 57
151.3440 151.5360 56
151.8240 152.0480 48
152.0800 152.1120 49
152.1440 152.2400 50
152.2720 152.3680 51
152.4640 152.4640 51
152.4960 152.5920 53
152.6240 152.6880 54
152.7200 152.7840 53
152.8160 153.0720 54
153.1040 153.2000 53
153.2320 153.2960 55
153.3280 153.3920 54
153.4240 153.6800 55
153.7120 153.8080 54
153.8400 153.9040 53
154.6080 154.6080 47
154.6400 154.7040 50
154.7360 154.7680 51
154.8000 154.8320 52
154.8640 154.9280 53
154.9600 155.4400 54
155.4720 155.6640 53
155.6960 155.8240 54
155.8560 155.9200 55
155.9520 156.1440 54
156.1760 156.4000 53
156.4320 156.6560 51
156.6880 156.7520 50
156.7840 157.4240 48
157.6480 157.7760 51
157.8080 157.8720 50
157.9040 158.0960 47
158.1280 158.1920 46
158.2240 158.2880 47
158.3200 158.4480 46
159.8240 159.9200 45
159.9520 160.0160 46
160.0480 160.2720 47
160.6240 160.7200 48
160.8480 161.0400 46
161.8400 162.2240 46
162.2560 162.3200 48
162.4800 162.6080 47
162.6400 162.7040 51
162.7360 163.0560 52
163.0880 163.4080 53
163.4400 163.4720 56
163.5040 163.6000 57
163.6320 163.6640 58
163.8240 163.9520 57
163.9840 164.1440 56
165.1040 165.1360 45
165.1680 165.2960 46
165.3280 165.4240 48
165.6800 165.8400 48
166.0000 166.0640 59
166.0960 166.3840 60
166.4160 166.7040 58
166.7360 166.7680 57
166.8000 167.0880 56
167.2160 167.4400 51
167.5680 167.8880 53
167.9200 168.4960 56
168.5280 168.5920 55
168.6240 168.6880 57
168.7200 168.7840 55
168.8160 168.8800 57
168.9120 169.0720 56
169.1040 169.1680 54
169.2000 169.2640 57
170.1600 170.2240 59
170.2560 170.5760 58
170.6080 170.6720 59
170.7040 170.7680 58
170.8000 170.8640 59
170.8960 171.2480 58
171.2800 171.3120 57
171.3440 171.8240 56
171.8560 171.9520 57
171.9840 172.6880 58
172.7200 172.9120 59
173.0400 173.1040 60
173.2640 173.5520 63
173.5840 174.1280 64
174.1600 174.3200 65
174.3520 174.5120 64
174.5440 175.4080 60
175.7920 175.8560 50
175.8880 175.9200 53
175.9520 176.0160 54
176.0480 176.1440 56
176.1760 176.7200 57
176.8480 177.1360 60
177.2960 177.7760 58
177.8080 177.8720 60
177.9040 177.9360 59
177.9680 178.0320 58
178.0640 178.2240 57
178.2560 178.3840 56
178.4160 178.4480 55
178.4800 178.6720 54
178.7040 178.9600 53
178.9920 179.0880 58
179.1200 179.2160 59
179.2480 179.5040 57
179.5360 179.6000 58
179.6320 179.6960 57
179.7280 179.8560 54
179.8880 179.9840 51
180.1760 180.4000 51
180.4320 180.6560 52
180.6880 180.7200 51
181.3280 181.3600 50
181.3920 181.5200 51
181.5520 181.6160 52
181.6480 181.8080 54
181.8400 181.8720 52
182.0320 182.3200 48
182.3520 182.5440 51
182.7040 182.8960 53
182.9280 182.9600 52
183.3440 183.3760 53
183.4080 183.6000 54
183.6320 183.8240 56
183.8560 184.0160 58
184.0480 184.1120 57
184.1440 184.3680 56
184.4000 184.4640 58
184.6240 185.2640 60
185.2960 185.3280 61
185.3600 185.5520 63
185.5840 185.9680 58
186.0000 186.1280 59
186.1600 186.3840 58
186.9920 187.2800 61
187.3120 187.5040 60
187.5360 187.6640 58
187.6960 187.8560 56
187.8880 187.9200 54
188.1120 188.1760 54
188.2080 188.2720 53
188.3040 188.3680 52
188.4000 188.7200 51
188.7520 188.8800 52
189.0080 189.5840 59
189.6160 189.6480 60
189.6800 189.9680 61
190.0000 190.0000 58
190.0320 190.4480 56
190.4800 190.7040 57
190.7360 190.8000 56
190.8320 190.8960 57
190.9280 190.9920 56
191.0240 191.0880 57
191.1200 191.1840 56
191.2160 191.2800 57
191.3120 191.3760 56
191.4080 191.4720 57
191.5040 191.5680 56
191.6000 191.6640 57
191.6960 191.7600 56
191.7920 191.8560 57
191.8880 191.9520 56
191.9840 192.0800 57
192.1120 192.1760 56
192.2080 192.4640 57
