12.6560 12.7200 60
13.5520 13.6160 61
14.7040 14.8000 74
16.2080 16.3040 72
18.7360 18.8640 62
19.2480 19.3440 66
19.6000 19.6960 65
19.7280 19.7600 63
19.7920 19.9840 61
20.0160 20.0480 60
22.5440 22.6720 61
22.7040 22.8640 60
22.8960 23.3440 59
23.5040 23.6640 58
23.6960 23.7600 57
24.4320 24.4960 57
24.5280 24.6560 56
24.7200 24.8480 56
24.9760 25.3280 56
28.6560 28.8160 60
47.7600 48.7200 62
55.1840 55.3120 56
55.5040 55.5360 61
55.5680 55.6640 62
55.6960 55.7920 64
55.8240 55.9520 65
55.9840 56.5920 67
56.7200 56.9440 67
56.9760 57.1680 69
57.2000 58.2240 67
59.5040 59.5680 58
59.6000 59.6960 59
59.7280 59.8880 60
59.9200 59.9520 63
59.9840 60.2400 64
60.4320 60.6560 65
60.7840 60.9760 64
61.0080 61.2000 62
61.3600 62.0000 64
63.3760 63.5360 56
63.5680 63.6960 57
63.8560 64.0160 59
64.1440 64.2400 60
64.2720 64.3360 61
64.3680 64.4640 62
64.6560 65.1680 64
65.3280 65.3600 65
65.3920 65.4240 66
65.4560 65.7120 67
65.7440 65.9360 69
66.1280 66.3200 63
66.3520 66.5440 62
66.5760 67.6320 60
68.1760 68.5600 62
68.5920 68.7840 64
68.8160 68.8480 62
68.8800 68.9120 61
68.9440 69.1360 60
69.1680 69.2320 61
69.2640 70.1600 62
71.2480 71.4080 56
71.4400 71.5360 57
71.5680 71.6320 58
71.6640 71.6960 59
71.7280 72.1120 60
72.1440 72.1760 61
72.2080 72.3680 62
72.4000 72.5280 61
72.5600 72.5920 60
72.7200 73.9040 60
73.9360 73.9680 59
74.4160 74.5440 56
74.5760 74.9600 57
75.1200 75.2480 62
75.2800 75.6640 64
75.8560 76.4320 62
76.5920 76.6880 64
76.7200 76.8160 65
76.8480 77.8400 64
77.8720 77.9360 63
78.4160 78.5120 59
78.5440 78.7680 60
78.8000 78.8320 61
78.8640 79.1840 62
79.2160 79.2480 63
79.2800 79.5040 64
79.5360 79.7600 67
79.8880 79.9200 67
79.9520 80.0160 68
80.0480 80.2720 69
80.3040 80.4320 68
80.4640 81.5200 67
82.0320 82.1280 62
82.1600 82.1920 63
82.2240 82.4480 64
82.4800 82.7040 67
82.7360 82.8640 66
82.8960 82.9600 64
82.9920 83.0240 63
83.0560 83.1840 62
83.3440 84.3360 62
86.7040 86.8640 56
86.9920 87.0560 62
87.0880 87.1200 63
87.1520 87.4080 64
87.4400 88.4000 67
88.4320 88.6560 69
88.6880 89.8400 67
90.8960 90.9920 58
91.0240 91.1200 59
91.1520 91.3120 60
91.3440 91.3760 63
91.4080 91.6640 64
91.8240 92.1440 65
92.1760 92.4000 64
92.4320 92.4640 63
92.4960 92.6560 62
92.8480 93.5840 64
94.7040 95.0240 56
95.0560 95.1520 57
95.3120 95.4400 60
95.6000 95.7280 60
95.7600 95.7920 61
95.8240 95.9520 62
96.0800 96.5600 64
96.7840 96.8800 65
96.9120 97.1680 67
97.2000 97.3920 69
97.5840 97.9680 62
98.0000 99.2160 60
99.7280 99.8560 57
99.8880 100.0480 58
100.0800 100.3040 64
100.3360 100.4000 61
100.4320 100.6240 60
100.7520 101.6800 62
102.6400 102.8960 56
102.9280 103.0560 57
103.0880 103.1200 58
103.1520 103.1840 59
103.2160 103.6000 60
103.6320 103.6640 61
103.6960 103.8560 62
103.8880 103.9200 61
103.9520 105.4560 60
105.9040 106.0640 56
106.0960 106.2240 57
106.2560 106.5120 56
106.6400 106.7040 62
106.7360 106.7680 63
106.8000 107.2480 64
107.2800 108.0800 62
108.1120 108.1760 63
108.2080 108.3040 65
108.3360 108.4320 63
108.5920 109.3600 64
109.8720 110.1600 60
110.3520 110.7360 62
110.7680 110.9280 64
110.9600 110.9920 63
111.0240 111.4720 62
111.5040 111.6960 64
111.7280 111.7600 65
111.7920 112.2080 67
112.2400 112.2720 65
112.4960 112.5280 62
112.5600 112.6880 63
112.7200 112.8800 64
112.9120 113.7440 62
113.7760 113.8080 60
113.8400 114.0960 56
114.1280 114.3200 57
114.4800 116.4320 60
117.4560 117.5200 62
117.5520 117.6480 63
117.7760 118.0000 65
118.0320 118.6080 67
118.8640 119.0240 67
119.0560 119.3120 69
119.3440 119.4400 70
119.4720 119.5360 69
119.5680 119.6000 68
119.6320 119.7600 67
119.8880 120.0480 62
120.0800 120.2720 64
120.3040 120.3360 65
120.3680 120.8160 67
121.1360 121.2320 68
121.2640 121.4880 69
121.5200 121.7120 67
121.7440 121.7760 64
121.8080 121.9360 63
122.0640 122.1600 62
122.2880 122.4160 63
122.5440 122.7680 67
122.8000 122.9280 70
122.9600 123.2160 72
123.2480 123.6320 69
123.7920 124.0160 69
124.0480 124.5600 67
124.7520 124.7840 60
124.8160 124.8480 61
124.8800 125.1040 62
125.1360 125.8080 64
126.2560 126.2880 67
126.5120 126.6080 62
126.7680 126.8640 62
126.8960 127.0880 64
127.2480 127.6000 64
127.7920 127.9200 65
127.9520 128.0480 64
128.0800 128.1120 63
128.1440 128.3360 62
128.3680 128.4000 60
128.4320 128.8480 59
128.8800 129.5520 60
129.9360 130.0320 62
130.0640 130.2240 64
130.2560 130.3520 62
130.3840 130.5760 60
130.6080 130.6400 58
130.6720 131.0240 57
131.1840 131.2480 60
131.2800 131.3440 59
131.3760 131.5360 57
131.6640 131.7600 67
131.7920 131.8880 69
131.9200 132.3360 67
132.4960 132.6240 62
132.6560 132.7520 64
132.7840 132.8480 63
132.8800 134.0320 62
134.3520 134.5120 67
134.6400 134.7360 67
134.7680 135.2800 69
135.3120 135.4720 67
135.6000 135.7280 62
135.7600 135.9840 64
136.0160 136.0800 65
136.1120 136.5600 67
136.9440 137.2000 69
137.3600 137.4880 67
137.5200 137.5520 65
137.5840 137.6800 64
137.8080 137.9360 62
138.0640 138.2880 64
138.3200 138.5120 67
138.5440 138.7680 72
138.8000 139.4080 69
139.6000 139.7600 69
139.7920 140.1120 67
140.3680 140.4640 60
140.4960 140.7200 62
140.7520 140.7840 63
140.8160 141.4880 64
141.5200 141.5840 63
142.0000 142.0960 59
142.2560 142.6080 62
142.6400 143.3760 64
143.5040 143.7600 65
143.7920 143.8880 64
143.9200 144.1120 62
144.3040 144.4320 59
144.4640 145.2960 60
145.7440 145.7760 63
145.8080 145.9680 64
146.0000 146.0960 62
146.1280 146.3520 60
146.3840 146.8000 57
146.9280 147.0560 60
147.4080 147.5040 65
147.5360 147.6960 67
147.7280 147.7920 65
147.8240 148.0800 64
148.2400 148.3360 61
148.3680 148.4320 59
148.4640 148.6880 57
148.7200 148.8480 58
148.8800 150.5440 60
159.9200 160.0800 56
160.2080 160.3680 62
160.4000 160.6560 64
160.6880 161.6800 67
161.7120 161.9040 69
161.9360 163.1840 67
164.1120 164.1440 57
164.1760 164.2720 58
164.3040 164.4640 60
164.6240 164.6560 63
164.6880 164.9440 64
165.1040 165.3920 65
165.4240 165.6800 64
165.7120 165.9040 62
166.0960 166.8640 64
166.8960 167.0240 63
168.2080 168.3040 57
168.3360 168.4000 58
168.5280 168.6880 60
168.8160 168.9440 60
168.9760 169.0080 61
169.0400 169.1360 62
169.2960 169.8080 64
170.0320 170.1920 65
170.2240 170.4800 67
170.5120 170.7040 69
170.8640 170.8960 62
170.9280 171.0560 63
171.0880 171.2480 62
171.2800 171.3120 61
171.3440 172.3040 60
172.3360 172.4320 59
172.9440 173.1360 57
173.1680 173.2960 58
173.3280 173.5200 64
173.5520 173.5840 62
173.6160 173.8720 60
173.9040 173.9360 61
173.9680 175.0880 62
175.7920 176.0800 56
176.1120 176.3040 57
176.3360 176.4000 58
176.4320 176.7840 60
176.8160 176.8480 61
176.8800 177.1360 62
177.1680 178.8000 60
179.1200 179.4720 57
179.5040 179.7600 56
179.7920 179.8560 59
179.8880 179.9840 62
180.0160 180.4960 64
180.6240 181.3600 62
181.3920 181.4560 63
181.4880 181.5520 65
181.5840 181.7120 64
181.8400 182.4800 64
182.5120 182.7040 63
183.1520 183.1840 59
183.2160 183.4080 60
183.5360 183.9200 62
183.9520 184.1440 64
184.1760 184.2080 63
184.2400 184.6880 62
184.7200 184.7520 63
184.7840 185.0080 64
185.0400 185.4560 67
185.7760 185.8080 62
185.8400 185.8720 63
185.9040 186.1600 64
186.1920 187.0560 62
187.0880 187.1200 60
187.1520 187.4080 56
187.4400 187.6320 57
187.7600 189.2640 60
189.6160 189.6800 61
189.8720 190.1600 61
190.2880 190.6080 61
191.1520 191.1840 64
191.2160 191.2800 65
191.3120 191.5360 67
191.6640 191.7920 67
191.8240 192.0480 69
192.0800 192.3040 70
192.3360 192.5600 67
192.5920 193.0720 64
193.1040 193.5520 67
193.9360 194.0000 69
194.1280 194.2880 69
194.3200 194.5120 67
194.5440 194.7360 64
194.8640 194.9920 62
195.1200 195.3120 64
195.3440 195.5360 67
195.5680 195.7280 70
195.7600 196.0160 72
196.0480 196.8160 69
196.8480 197.3600 67
197.3920 197.4240 63
197.4560 197.8400 62
197.8720 197.9360 63
197.9680 198.5120 64
198.5440 198.7680 63
199.1840 199.2160 59
199.2480 199.2800 60
199.3120 199.4080 62
199.5680 199.6960 62
199.7280 199.8880 64
200.0480 200.1760 63
200.2080 200.4000 64
200.4320 200.5600 63
200.5920 200.6880 65
200.7200 200.8800 64
200.9120 200.9440 63
200.9760 201.1680 62
201.2000 201.7440 59
201.7760 202.1920 60
202.6720 202.8000 62
202.8320 203.0240 64
203.0560 203.1520 62
203.1840 203.3120 60
203.3440 203.4080 59
203.4400 203.6000 56
203.6320 203.8240 57
204.0160 204.1440 60
204.1760 204.3040 57
204.4640 204.5600 67
204.5920 204.6560 69
204.6880 204.7200 68
204.7520 205.1040 67
205.2640 205.3920 62
205.4240 205.7440 64
205.7760 206.7360 62
207.1520 207.5360 67
207.5680 208.0800 69
208.1120 208.2400 67
208.4000 208.5600 62
208.5920 208.7840 64
208.8160 208.8480 65
208.8800 209.2960 67
209.6160 209.6800 67
209.7120 210.0000 69
210.0320 210.2560 67
210.2880 210.3200 65
210.3520 210.4800 64
210.5120 210.8000 62
210.8320 211.0560 64
211.0880 211.2160 67
211.3440 211.5360 72
211.5680 212.1760 69
212.3360 212.5280 69
212.5600 212.9120 67
213.1360 213.1680 60
213.2000 213.2320 61
213.2640 213.4560 62
213.4880 213.5200 63
213.5520 214.2880 64
214.3200 214.3520 63
214.7680 214.8000 59
214.8320 214.8960 60
215.0240 215.2160 62
215.2480 215.4080 63
215.4400 216.2400 64
216.2720 216.5600 65
216.5920 216.6880 64
216.7200 216.8480 62
216.9760 217.1680 58
217.2000 217.2320 59
217.2640 218.0320 60
218.4480 218.5440 62
218.5760 218.7680 63
218.8000 218.8960 62
218.9280 219.0880 60
219.1200 219.1520 59
219.1840 219.3440 56
219.3760 219.5680 57
219.7280 219.8240 60
220.1760 220.2720 65
220.3040 220.4640 67
220.4960 220.5280 65
220.5600 220.7840 64
220.8160 220.8480 63
220.9760 221.1040 62
221.1360 221.2320 58
221.2640 221.4240 57
221.4560 221.5520 58
221.5840 223.1200 60
223.1520 223.2160 63
223.2480 223.3760 64
225.5840 225.6480 64
225.6800 225.8080 65
225.8400 225.9680 64
226.0960 226.3200 65
226.3520 226.4800 64
226.5120 226.6720 65
226.8000 226.8960 67
226.9280 227.0240 69
227.0560 227.2160 67
227.2480 227.4720 64
227.5040 227.5360 63
227.5680 228.0800 62
228.1120 228.1760 61
228.2080 228.2400 59
228.2720 228.3360 57
228.3680 228.4640 58
228.4960 228.7520 59
228.7840 228.9440 63
229.0720 229.3600 62
229.5840 229.7440 65
229.7760 229.8720 64
229.9040 229.9360 63
229.9680 230.2880 62
230.4160 230.4800 61
230.5120 230.7040 63
230.7360 230.9920 65
231.0240 231.9840 64
232.1760 232.5920 64
232.7200 232.8800 62
232.9120 232.9440 61
232.9760 233.7120 60
233.8720 233.9360 60
234.1600 234.3520 60
234.5120 234.6080 60
234.6400 234.6400 62
234.6720 234.6720 68
234.7040 234.7360 70
234.7680 234.9280 71
234.9600 234.9920 69
235.0240 235.0880 70
235.1200 235.5040 71
235.5360 235.6320 69
235.6640 236.0800 67
236.5280 237.0080 67
237.0400 237.5200 69
237.5520 237.7760 71
237.9040 238.0320 72
238.0640 238.3200 71
238.3520 238.5760 69
238.6080 238.6400 70
238.6720 238.8960 71
238.9280 238.9920 70
239.0240 239.1200 69
239.1520 241.0400 67
244.4320 244.6240 68
244.7840 244.9120 68
244.9440 245.1680 70
245.2000 245.2960 71
245.3280 245.4240 70
245.4560 245.5840 68
245.6160 245.6480 67
245.8080 245.9040 63
245.9360 246.1920 65
246.2240 246.2560 67
246.2880 246.5760 68
246.6080 246.6400 67
247.0240 247.3760 70
247.4080 247.6000 68
247.6320 247.8560 65
247.9840 248.0800 63
248.2080 248.3360 65
248.4640 248.6240 68
248.6560 248.6880 71
248.7200 248.9120 73
248.9440 249.5520 70
249.6800 249.9040 70
249.9360 250.0640 68
250.1280 250.4160 68
250.7040 250.7680 62
250.8000 250.9920 63
251.0240 251.7920 65
251.8240 251.8560 63
252.0800 252.2400 59
252.3680 252.6880 63
252.7200 252.9440 65
253.1360 253.1680 64
253.2000 254.0320 65
254.0640 254.2240 63
254.2560 254.2880 62
254.3200 254.7360 60
254.7680 255.4400 61
255.7600 255.9200 63
255.9520 256.0800 65
256.1120 256.1440 64
256.1760 256.2080 63
256.3680 256.4320 60
256.4640 256.4960 59
256.5280 256.9120 58
257.0720 257.2000 61
257.2320 257.2640 59
257.2960 257.3920 58
257.5520 257.5840 68
257.6160 257.6480 69
257.6800 257.8720 70
257.9040 258.4160 68
258.5440 258.5760 63
258.6080 258.6400 64
258.6720 258.8320 65
258.8640 258.9280 64
258.9600 259.2480 63
259.4720 259.7280 67
259.7600 260.3040 68
260.4960 260.6240 68
260.6560 261.2000 70
261.2320 261.3600 68
261.5520 261.9040 65
261.9360 261.9680 67
262.0000 262.4480 68
262.8000 262.8320 69
262.8640 263.1200 70
263.1520 263.3440 68
263.3760 263.4400 67
263.4720 263.6640 65
263.6960 263.8560 63
263.9840 264.1120 65
264.1440 264.3360 68
264.4640 264.5280 72
264.5600 264.6560 73
264.6880 265.2640 70
265.4880 265.6800 70
265.7120 266.0000 68
266.2240 266.2560 62
266.2880 266.4160 63
266.4480 267.3440 65
267.8240 268.0160 60
268.1440 268.4960 63
268.5280 269.2000 65
269.3600 269.6800 66
269.7120 269.8080 65
269.8400 269.9680 63
270.1920 270.3200 60
270.3520 271.2160 61
271.5680 271.6000 63
271.6320 271.6960 64
271.7280 271.8560 65
271.8880 272.0160 63
272.0480 272.2720 61
272.3040 272.7200 58
272.7520 272.7840 59
272.8160 272.9440 61
273.1040 273.1680 59
273.3280 273.4240 67
273.4560 273.5840 68
273.6160 273.6800 66
273.7120 273.9360 65
273.9680 274.0000 64
274.0320 274.2880 62
274.3200 274.6720 58
274.7040 276.3360 61
291.2480 291.5040 58
291.5360 291.6000 57
293.5840 294.3200 57
294.9600 295.0560 62
298.3200 298.4480 71
298.4800 298.7040 74
298.7360 298.9280 71
298.9600 299.2160 70
299.2480 299.3120 72
299.3440 300.0160 74
