12.1120 12.1760 67
12.5920 12.6880 67
12.7840 12.8800 66
16.2400 16.4000 66
17.7760 17.8720 67
19.1840 19.2480 66
19.8880 20.0160 66
21.2960 21.3600 66
21.9040 21.9680 66
23.0880 23.1200 65
23.1520 23.2160 66
23.2480 23.3760 67
23.6000 23.6640 67
23.7920 24.0160 65
24.4960 25.1680 63
25.3920 25.5520 65
25.5840 25.6480 64
25.8720 25.9680 66
26.0000 26.1600 67
26.4160 26.4800 67
26.6080 26.8320 65
27.2480 27.2800 67
27.3120 27.6960 68
27.8240 27.9520 68
27.9840 28.4000 70
28.7520 28.8160 66
28.8480 28.9760 67
29.2320 29.2960 67
29.4240 29.7120 65
30.1600 30.5440 63
30.6720 30.7040 63
30.7360 30.7680 64
30.8000 30.8640 65
31.0560 31.2160 65
31.5680 31.6640 66
31.6960 31.8240 67
32.0800 32.1440 67
32.2720 32.4640 65
32.9440 33.3280 68
33.4560 33.5840 69
33.6160 33.7440 70
33.8720 34.1280 70
35.2800 35.4080 67
35.6000 35.7280 68
37.9040 38.0640 70
38.0960 38.1600 71
38.6720 38.7360 72
39.1520 39.4720 70
39.8240 39.8880 68
40.0160 40.2400 67
40.5280 40.6880 67
40.7200 40.9440 65
41.4560 41.6480 63
41.8080 42.0640 63
42.0960 42.1600 64
42.3200 42.4800 65
42.8640 42.9600 66
42.9920 43.1200 67
43.3440 43.4080 67
43.5680 43.7920 65
44.2400 44.8160 68
44.8480 44.9120 69
44.9440 45.2960 70
45.6800 45.7760 66
45.8080 45.9040 67
46.3840 46.5760 65
46.9920 47.1520 63
47.2800 47.4720 63
47.6000 47.6960 63
47.7280 47.8560 65
47.9840 48.2080 65
48.4960 48.5920 65
48.6240 48.7520 67
49.2000 49.4240 65
49.8720 50.3200 68
50.4480 50.5120 68
50.5440 50.6080 69
50.7680 51.1200 70
51.6640 51.9840 63
52.0160 52.0160 70
52.0480 52.1120 73
52.1440 52.3680 74
52.4000 52.5920 75
52.7200 53.0080 74
53.0400 53.0720 72
53.1040 53.3600 70
53.3920 53.4880 67
53.5200 53.7120 65
53.7440 54.2880 63
54.3520 54.3520 62
54.5440 54.8960 61
54.9280 55.1840 63
55.2160 55.3440 65
55.5360 55.6320 66
55.6640 55.8560 67
55.8880 56.1120 68
56.2400 56.3360 66
56.3680 56.5920 67
56.6240 56.7520 65
56.7840 57.4240 63
57.6480 57.7440 73
57.7760 57.9680 74
58.0000 58.2560 75
58.2880 58.6400 74
58.6720 58.7360 71
58.7680 58.9280 70
59.1200 59.3120 65
59.4400 59.6960 63
59.7280 59.8240 67
59.8560 60.9120 71
60.9440 61.1360 69
61.1680 61.3600 70
61.9040 62.1600 67
62.1920 62.3840 68
62.5760 62.7040 69
62.7360 62.8960 70
63.1520 63.4400 69
63.4720 63.5360 68
63.6640 63.7920 67
63.8240 63.8880 68
64.0160 64.3360 69
64.5600 64.6880 68
64.7200 64.8160 70
64.8480 65.4240 68
65.4560 65.6160 70
65.7760 65.9680 75
66.0000 66.2560 74
66.2880 66.5440 75
66.6720 67.0560 70
67.8880 68.0480 67
68.0800 68.3360 68
68.3680 68.5280 69
68.5600 68.8160 68
68.8480 69.7120 67
69.7440 70.1280 65
70.7040 70.8320 67
70.8640 71.0240 68
71.0560 71.3760 69
71.4080 71.6640 68
71.6960 72.1760 67
72.3360 72.9760 67
73.0080 73.1040 68
73.2320 73.4880 67
73.5200 73.7120 68
73.9040 74.0000 69
74.0320 74.1920 70
74.4160 74.4800 68
74.5120 74.5440 69
74.5760 74.6720 70
74.7040 75.1840 68
75.3120 75.6320 70
75.8560 76.0480 68
76.2080 76.6880 68
76.7200 77.0080 70
77.0400 77.2640 75
77.2960 77.5520 74
77.5840 77.8400 75
77.9680 78.2560 70
78.4800 78.5440 72
79.1840 79.3440 67
79.3760 79.4720 68
79.5040 79.6640 69
79.6960 79.8560 70
79.8880 80.0800 68
80.2400 80.2720 67
80.3040 80.5280 68
80.5600 81.0400 67
81.0720 81.1680 66
81.2000 81.4240 65
81.9040 82.1600 67
82.1920 82.3200 68
82.3520 82.4800 69
82.5120 83.0240 70
83.0560 83.2160 71
83.2480 83.4080 72
83.6000 83.6320 65
83.6640 83.6960 66
83.7280 83.8240 67
83.9840 84.2080 65
84.4960 84.5920 67
84.6240 84.7840 68
84.8160 85.0400 67
85.2000 85.4560 63
86.4480 86.5120 65
87.3120 87.4400 66
87.4720 87.6320 67
87.6640 87.7600 65
87.7920 87.8560 63
88.0480 88.2720 63
90.8320 90.9280 66
90.9600 91.0880 67
91.3120 91.3760 67
91.5680 91.8560 65
92.0480 92.1440 65
92.1760 92.5920 63
92.7520 92.8800 64
92.9120 93.0080 65
93.1360 93.3280 65
93.6800 93.7440 66
93.7760 93.9360 67
94.1920 94.2560 66
94.2880 94.6080 65
94.8640 94.8960 65
95.0880 95.4400 68
95.6320 95.6640 68
95.6960 95.8560 70
95.9840 96.1760 70
96.3680 96.4320 65
96.5600 96.6240 66
96.6560 96.7840 67
97.0400 97.1360 67
97.1680 97.2000 66
97.2320 97.4240 65
97.7440 97.8080 65
97.8400 98.2560 63
98.4480 98.4800 63
98.5120 98.9600 65
98.9920 99.0240 64
99.3440 99.4400 65
99.4720 99.5680 67
99.8240 99.8880 67
100.0160 100.2400 65
100.4320 100.6560 64
100.6880 101.1040 68
101.2640 101.8720 70
102.4800 102.8000 64
102.8320 102.8320 70
102.8640 103.1200 74
103.2480 103.3760 75
103.5360 103.6320 73
103.6640 103.8240 74
103.8560 104.1440 70
104.1760 104.2080 68
104.2400 104.3040 66
104.3360 104.4640 65
104.5920 105.1680 63
105.2000 105.2320 62
105.2640 105.4560 60
105.4880 105.6160 61
105.6480 105.9360 63
105.9680 106.0000 64
106.0320 106.1920 65
106.3520 106.4480 66
106.4800 106.6720 67
106.7040 106.9280 68
107.0880 107.1840 66
107.2160 107.3760 67
107.4080 107.5360 65
107.5680 107.6640 63
108.4960 108.5600 73
108.5920 108.7840 74
108.8160 109.0720 75
109.1040 109.4880 74
109.5200 109.5520 72
109.5840 109.7440 70
109.7760 109.7760 68
109.9040 109.9680 66
110.0000 110.1280 65
110.2560 110.3840 63
110.4160 110.5440 64
110.5760 110.5760 67
110.6080 110.7360 70
110.7680 111.5040 71
111.5360 111.6320 73
111.6640 111.7920 71
111.8240 111.9840 69
112.0160 112.2720 70
112.7200 113.0400 67
113.0720 113.2000 68
113.4240 113.5200 68
113.5520 113.7120 70
113.9360 114.0960 69
114.1280 114.2560 70
114.2880 114.3840 68
114.5120 114.6080 67
114.6400 114.7040 68
114.8320 114.8640 68
114.8960 114.9600 69
114.9920 115.1200 70
115.1520 115.2160 71
115.3760 115.5360 69
115.5680 115.6640 70
115.6960 116.2080 68
116.2400 116.4640 70
116.5920 116.7840 75
116.8160 117.0720 74
117.1040 117.3280 75
117.3600 117.3920 74
117.4240 117.8400 70
118.7040 118.8320 67
118.8640 119.1840 68
119.2160 119.2800 70
119.3120 119.3440 69
119.3760 119.6320 68
119.6640 119.8880 67
119.9200 120.0800 68
120.1120 120.1760 67
120.3360 120.4000 68
120.4320 120.5920 67
120.6240 121.0080 65
121.4880 121.8400 68
121.8720 122.1920 69
122.2240 122.9600 68
123.1520 124.3040 67
124.3360 124.5280 68
124.7200 124.8160 69
124.8480 125.0080 70
125.2320 125.3280 68
125.3600 125.4880 70
125.6160 126.0000 68
126.1280 126.4480 70
126.6720 126.8320 69
127.0240 127.4720 68
127.5040 127.7280 70
127.8560 128.1120 75
128.1440 128.4000 74
128.4320 128.6560 75
128.8160 129.1360 70
130.0320 130.0960 67
130.1280 130.3200 68
130.3520 130.4800 69
130.5120 130.6720 70
130.7040 130.8960 68
131.0880 131.1840 67
131.2160 131.3120 68
131.3440 131.5040 67
131.6320 131.8560 67
131.8880 131.9200 66
131.9520 132.2400 65
132.7520 132.9760 67
133.0080 133.2000 68
133.2320 133.2960 69
133.3280 133.9040 70
133.9360 134.1600 71
134.1920 134.1920 68
134.4480 134.5120 65
134.5440 134.6080 66
134.8000 134.9920 65
135.3120 135.8240 67
136.0800 136.4320 68
141.9360 142.0640 63
142.1600 142.7040 63
143.1840 143.7600 63
143.9840 144.1120 63
145.3920 145.7120 65
145.7440 145.8720 66
146.3520 146.4160 67
146.6400 146.9280 67
146.9600 147.1200 68
147.3120 147.4720 69
147.5040 147.6320 70
147.8240 148.2720 68
148.3040 148.5920 67
148.7520 148.8800 69
148.9120 149.0400 70
149.2640 149.5200 69
149.5520 149.7120 68
149.7440 149.9040 67
149.9360 150.1280 68
150.1600 150.2880 70
150.5120 150.6720 75
150.7040 150.9600 74
150.9920 151.2160 75
151.2480 151.2800 74
151.3120 151.7920 70
152.5920 152.7200 67
152.7520 153.1040 68
153.1360 153.2960 70
153.3280 154.0640 68
154.2240 154.5120 67
154.5440 154.9280 65
155.4720 155.6640 67
155.7920 156.3360 69
156.3680 156.5920 67
156.6240 156.8160 68
157.0400 157.3600 67
157.3920 157.5200 68
157.5520 157.7120 67
157.7440 157.8080 68
157.9360 158.2240 67
158.2560 158.4160 68
158.6080 158.7360 69
158.7680 158.8960 70
159.1200 159.2480 69
159.2800 159.3440 70
159.3760 159.6000 68
159.6320 159.7920 67
159.8240 159.8880 68
160.0160 160.1440 69
160.1760 160.3040 70
160.5600 160.7520 69
160.9120 161.0400 68
161.0720 161.2000 67
161.2320 161.3920 68
161.4240 161.6160 70
161.7440 161.9360 75
161.9680 162.2880 74
162.3200 162.5440 75
162.6720 163.1840 70
163.8880 163.9840 67
164.0160 164.2080 68
164.2400 164.3360 69
164.3680 164.5600 70
164.5920 164.7840 68
164.9760 165.0720 67
165.1040 165.2320 68
165.2640 165.3600 67
165.5200 165.5840 68
165.6160 165.8080 67
165.8400 166.1280 65
166.5760 166.8320 67
166.8640 167.0240 68
167.0560 167.1840 69
167.2160 167.7280 70
167.7600 167.8880 71
167.9200 168.1440 72
168.3360 168.4320 66
168.4640 168.5280 67
168.6880 168.7840 65
168.8160 168.9120 66
169.2000 169.7120 67
169.9040 170.1920 65
172.0160 172.1440 66
172.1760 172.3360 67
172.3680 172.4960 65
172.7200 172.9760 63
173.0080 173.2320 65
173.4560 173.6800 65
174.4800 174.5440 66
174.8320 174.9600 66
174.9920 175.1840 67
175.2160 175.2800 65
175.3120 175.4080 64
175.5680 175.7920 63
175.9520 176.1440 63
176.2720 176.5280 63
177.1680 177.3920 58
177.6800 178.1920 66
178.3520 178.9280 63
179.0560 179.5360 64
