16.3360 16.4960 60
16.6560 16.7840 65
16.8160 16.8480 66
16.8800 17.0720 67
17.1040 17.2960 68
17.3280 17.8720 67
18.3520 18.5440 65
18.5760 18.6080 64
18.6400 18.6720 63
18.8960 19.2480 60
19.2800 19.4400 59
19.4720 19.6320 58
19.8560 20.0480 57
20.7840 20.8800 58
21.0080 21.2640 60
21.2960 21.3920 59
21.4240 21.6160 58
21.6480 21.7440 57
21.7760 22.1920 56
24.0800 24.1120 59
24.1440 24.2080 60
24.2400 24.2720 61
24.3040 24.3680 62
24.4000 24.4960 65
24.6240 24.8160 67
24.8480 25.0080 68
25.1360 25.2320 66
25.2640 25.6480 67
25.8400 26.2880 65
26.6080 26.8000 63
27.0880 27.2160 63
27.2480 27.2800 64
27.3120 27.6640 65
31.8560 32.0160 60
32.1440 32.1760 64
32.2080 32.2720 65
32.3040 32.3360 66
32.3680 32.5600 67
32.5920 32.7200 68
32.9120 33.0080 66
33.0400 33.3920 67
33.8080 34.0640 65
34.0960 34.1600 64
34.3520 34.6400 60
34.8320 34.9600 59
34.9920 35.1520 58
35.4720 35.4720 58
36.2080 36.4640 59
36.4960 36.5600 60
36.7200 36.8800 59
36.9120 37.0400 58
37.0720 37.1680 57
37.2000 37.5200 56
37.9680 38.0640 57
38.1920 38.3840 57
38.4160 38.8320 56
38.8640 38.9600 57
38.9920 40.8800 58
41.8720 41.9360 58
42.0640 42.1600 58
42.1920 42.2880 57
42.3200 42.7680 56
42.8000 42.8960 57
42.9280 45.7440 58
45.7760 45.8400 57
45.8720 46.1280 56
46.1600 46.2560 57
46.2880 46.5760 58
46.6080 46.8000 59
46.8320 49.4880 60
49.5200 49.5840 63
49.6160 49.7120 65
49.7440 49.8080 67
49.8400 50.0320 68
50.2560 50.5120 70
50.5440 50.9280 72
50.9600 50.9920 71
51.2480 51.3760 70
51.4080 51.7600 72
51.7920 51.8560 70
51.8880 52.1120 68
52.1440 52.1760 69
52.2080 52.7520 70
52.7840 52.7840 67
53.2000 53.3280 60
53.3600 53.3920 61
53.4240 53.5840 65
53.7120 53.8400 68
54.1280 54.3200 70
54.3520 54.5760 72
54.6080 54.7360 70
54.8960 55.2160 68
55.2480 55.5360 70
55.5680 55.7600 68
55.7920 56.0480 65
56.0800 56.1760 67
56.2080 56.5600 68
56.5920 56.7200 70
57.0400 57.9040 65
57.9680 58.0000 68
58.0320 58.0320 72
58.0640 58.1920 75
58.2240 58.4160 77
58.5440 59.4720 75
59.5040 59.9840 72
60.0160 60.0480 71
60.0800 60.3360 70
60.3680 60.5280 68
60.5600 60.5920 67
60.9120 61.0080 65
61.2000 61.2640 69
61.3920 61.5840 70
61.6160 62.0320 68
62.0640 63.3120 70
63.3440 63.5680 68
63.6000 63.8880 70
63.9200 63.9520 71
63.9840 64.2080 72
64.2400 64.5600 71
65.0400 65.2320 65
65.2640 65.2960 67
65.3280 65.5520 68
65.7440 65.9680 70
66.0000 66.3520 72
66.7360 66.7680 70
66.8000 66.8640 71
66.8960 67.2480 72
67.2800 67.3760 70
67.4080 67.6320 68
67.6640 68.2080 70
68.9120 69.1040 65
69.1360 69.2640 68
69.2960 69.3920 67
69.6160 69.6480 69
69.6800 69.7760 70
69.8080 70.0960 72
70.1280 70.1600 71
70.1920 70.2880 70
70.3200 70.7040 68
70.7360 70.9600 70
70.9920 71.1840 68
71.3440 71.4400 65
71.5680 72.0160 68
72.0480 72.2400 70
72.2720 72.3680 68
72.5280 72.9120 65
73.0720 73.3280 65
73.4880 73.6800 75
73.7120 73.8720 77
74.0320 74.9600 75
74.9920 75.5360 72
75.5680 75.8560 70
75.8880 76.3040 68
76.3680 76.5920 65
76.6240 76.8480 68
76.8800 77.0080 70
77.1360 77.5200 68
77.5520 78.8320 70
78.8640 78.9920 68
79.0240 79.4400 70
79.4720 79.7920 72
79.8240 80.0160 71
80.4640 80.4960 70
80.5280 80.7200 71
80.7520 80.8800 70
80.9120 81.1040 68
81.2320 81.6480 67
81.6800 82.9280 65
84.4000 84.4000 67
84.6240 85.0720 67
85.1040 85.2320 65
85.2640 85.5520 67
85.5840 86.6400 68
86.6720 86.7040 69
86.7360 87.2480 70
87.2800 88.8480 68
93.7440 93.9040 59
94.0640 94.2880 65
94.3200 94.5120 67
94.5440 94.7040 68
94.7360 94.9920 66
95.0240 95.4080 67
95.8240 96.1440 65
96.1760 96.1760 63
96.3040 96.4320 59
96.4640 96.7200 60
96.7520 96.8800 59
96.9120 97.0400 58
97.2000 97.4240 56
98.1280 98.1920 56
98.2240 98.3520 58
98.3840 98.4480 59
98.4800 98.7360 60
98.7680 98.8640 59
98.8960 99.0560 58
99.0880 99.1520 57
99.1840 99.8240 56
101.5520 101.6800 59
101.7120 101.7760 60
101.8080 101.8720 62
101.9040 101.9680 64
102.0960 102.3840 67
102.5760 102.6720 66
102.7040 102.9600 67
102.9920 103.2480 66
103.2800 103.7280 65
104.0160 104.3360 63
104.5600 104.6560 63
104.6880 104.9120 65
104.9440 105.1040 67
105.1360 105.1680 65
105.2000 105.2960 63
105.3280 105.3600 64
105.3920 106.3520 65
109.6160 109.6480 65
109.6800 109.7120 66
109.7440 109.9360 67
109.9680 110.0960 68
110.2880 110.4480 66
110.4800 110.9600 67
111.2480 111.5680 65
111.7600 112.0800 59
112.2400 112.3040 59
112.3360 112.5280 58
112.5600 112.6240 57
112.6560 112.9760 56
113.4560 113.5520 56
113.5840 113.6160 57
113.6480 113.8080 58
113.8400 114.0320 59
114.1920 114.3520 58
114.3840 114.8000 59
115.0880 115.0880 58
115.3760 115.5680 57
115.6000 115.6960 58
115.7280 115.7920 57
115.8240 116.3040 56
116.3360 116.3680 57
116.5920 116.7520 58
116.9120 117.6160 58
118.0640 118.4800 58
119.5040 119.6000 58
119.6320 119.7280 57
119.7600 120.1440 56
120.1760 120.4000 57
120.4320 121.2320 58
121.2640 121.3600 57
121.3920 121.6480 56
121.6800 121.7440 57
121.7760 121.9360 58
121.9680 122.0640 59
122.0960 122.4160 60
122.4480 122.4800 59
122.8640 122.9920 60
123.0240 123.0880 61
123.1200 123.1520 64
123.1840 123.3120 65
123.3440 123.3760 67
123.4080 123.6000 68
123.8240 124.0480 70
124.0800 124.3360 72
124.3680 124.6560 71
124.8480 124.9440 70
124.9760 125.2640 72
125.2960 125.4560 70
125.4880 125.8080 68
125.8400 126.1920 70
126.9920 127.1520 65
127.2800 127.3760 68
127.6640 127.8880 70
127.9200 128.1120 72
128.1440 128.3360 70
128.4640 128.8160 68
128.8480 129.1360 70
129.1680 129.3280 68
129.3600 129.6160 65
129.6480 130.0960 68
130.1280 130.2880 70
130.6400 130.7360 65
130.8960 131.4720 65
131.6320 131.7920 75
131.8240 131.9840 77
132.1120 132.4960 75
132.6240 133.0720 75
133.1040 133.6160 72
133.6480 133.9040 70
133.9360 134.1280 68
134.4800 134.7040 65
134.7360 134.8320 68
134.9600 135.1520 70
135.1840 135.6640 68
135.6960 136.8800 70
136.9120 137.1360 68
137.1680 137.5200 70
137.5520 137.7760 72
137.9040 138.0960 71
138.6080 138.8000 65
138.8320 139.0560 67
139.3440 139.5360 70
139.5680 139.9200 72
140.3040 140.4320 70
140.4640 140.7520 72
140.7840 140.9440 70
140.9760 141.1360 68
141.2960 141.7440 70
141.9360 142.0000 70
142.4480 142.6720 65
142.7040 142.9600 68
143.2160 143.6640 72
143.6960 143.8560 70
143.8880 144.2720 68
144.3040 144.4960 70
144.6560 144.7200 67
144.9120 145.0080 65
145.2000 145.5840 68
145.6160 145.8080 70
145.8400 145.9040 67
146.1280 146.4800 65
146.6080 146.9600 65
146.9920 147.0240 68
147.0560 147.3120 75
147.3440 147.4720 77
147.6000 147.9520 75
148.0800 148.5280 75
148.5600 149.1360 72
149.1680 149.4240 70
149.4560 149.6800 68
149.9360 150.1920 65
150.2240 150.4160 68
150.4480 150.5760 70
150.7360 151.1200 68
151.1520 152.4000 70
152.4320 152.5600 68
152.5920 153.0080 70
153.0400 153.4240 72
154.0640 154.4800 71
154.5120 154.7680 68
154.8000 154.8960 66
154.9280 155.1840 67
155.2160 155.3120 66
155.3440 156.9440 65
158.1920 158.5120 67
158.6720 158.7040 65
158.7360 158.7680 66
158.8000 159.0880 67
159.1200 160.2080 68
160.2400 160.8160 70
160.8480 161.3280 68
161.7760 162.0320 71
162.0640 162.2560 70
162.2880 162.4480 68
162.4800 162.9600 67
162.9920 164.6880 65
165.4560 165.5840 61
165.9680 166.0320 67
166.2240 166.2880 67
166.5120 166.7360 67
167.0240 167.9840 68
168.0160 168.5280 70
168.5600 168.6240 68
168.7200 169.2640 68
169.6160 169.8080 68
169.9040 170.2880 68
170.3200 170.3840 67
171.9520 172.0160 67
172.2720 172.4320 68
172.4640 173.6480 70
173.6800 174.1280 68
174.1600 174.5440 70
174.5760 174.7040 72
174.7360 174.9280 70
174.9600 176.6880 72
176.8160 176.9120 72
177.2960 177.4560 65
177.4880 177.8080 68
178.0000 178.2560 70
178.2880 178.5440 72
178.5760 178.6720 71
179.0240 179.1200 70
179.1520 179.4720 72
179.5040 179.5360 71
179.5680 179.6320 70
179.6640 179.7920 68
179.9200 180.6240 70
181.4240 181.5840 68
181.8720 182.0320 71
182.0640 182.2560 72
182.2880 182.5120 70
182.6400 182.9600 68
182.9920 183.2480 70
183.2800 183.3120 69
183.3440 183.4720 68
183.5040 183.7920 65
183.8240 184.2720 68
184.3040 184.4640 70
184.8160 185.5840 65
185.6160 185.7120 68
185.7440 185.7440 72
185.7760 185.9040 75
185.9360 186.0960 77
186.2560 187.1840 75
187.2160 187.6960 72
187.7280 187.7600 71
187.7920 188.0800 70
188.1120 188.3040 67
188.6560 188.8480 65
188.8800 189.0080 68
189.1360 189.3280 70
189.3600 189.8400 68
189.8720 191.0240 70
191.0560 191.3120 68
191.3440 191.6640 70
191.6960 191.7920 72
192.7840 192.9440 65
192.9760 193.2960 68
193.4560 193.6800 70
193.7120 194.0960 72
194.4800 194.9600 72
194.9920 195.0560 70
195.0880 195.2800 68
195.4080 195.9840 70
196.6240 196.8480 65
196.8800 197.0400 67
197.3920 197.4880 71
197.5200 197.8080 72
197.8400 197.8720 71
197.9040 198.0320 70
198.0640 198.4480 68
198.4800 198.6720 70
198.7040 198.7680 69
198.8000 198.9600 68
199.3440 199.7920 68
199.8240 199.9520 70
200.2400 200.6560 65
200.7840 201.1040 65
201.2640 201.4560 75
201.4880 201.6480 77
201.7760 202.6720 75
202.7040 203.2480 72
203.2800 203.6320 70
203.6640 203.8560 68
204.1120 204.3040 65
204.4320 204.5920 68
204.6240 204.7520 70
204.8800 205.3280 68
205.3600 206.5760 70
206.6080 206.8320 68
206.8640 207.1840 70
207.2160 207.5040 72
208.3040 208.4960 72
208.5280 208.6880 70
208.7200 208.8480 68
209.0080 209.1040 66
209.1360 209.3280 67
209.3600 209.3920 66
209.4240 210.6720 65
210.8960 210.9600 67
211.2160 211.2160 69
211.3120 212.2400 68
212.4320 212.4960 67
212.6240 212.7200 68
212.9120 214.4480 68
214.4800 215.0240 70
215.0560 215.3760 68
216.1440 216.2400 71
216.2720 216.4000 70
216.4320 216.6240 68
216.7520 216.8480 66
216.8800 217.1040 67
217.2320 218.8320 65
218.8640 219.0240 67
219.0560 219.0880 66
219.1200 220.1120 65
220.1440 220.1760 66
220.2080 220.5280 67
220.5600 220.6880 65
220.7200 220.9760 67
221.1040 222.1920 68
222.2240 222.4800 70
222.5120 222.7680 69
222.8000 225.3280 68
