9.2960 9.4560 68
9.4880 9.6160 70
9.7440 10.7040 70
10.7360 11.0880 68
11.3120 11.6640 65
13.0080 13.1680 65
13.2000 13.4880 63
13.5200 13.7120 65
13.7440 14.5760 63
14.7360 15.1200 61
15.1520 15.1840 60
15.3120 15.7920 58
15.8240 15.8880 59
17.4240 18.5440 70
18.7680 18.9600 68
18.9920 19.0240 67
19.0560 19.0880 66
19.1200 19.9200 65
21.0400 21.2000 65
21.2320 21.3600 63
21.5200 21.7120 65
21.7440 22.5440 63
22.7680 22.9600 61
22.9920 23.0560 60
23.0880 23.1520 59
23.1840 23.9840 58
25.7120 25.9040 65
25.9360 26.0640 63
26.0960 26.5440 65
26.7040 26.8960 65
26.9280 27.0560 63
27.0880 27.4400 65
27.6960 27.8880 65
27.9200 28.0480 63
28.0800 28.5600 65
28.6880 28.8800 65
28.9120 28.9440 61
29.0400 29.0720 61
29.1040 29.4560 63
29.4880 29.6480 65
31.2800 31.4400 70
31.4720 31.5040 73
31.5360 31.6640 74
31.6960 31.6960 72
31.7280 31.9200 70
31.9520 32.0800 68
32.2400 32.4640 63
32.4960 32.7840 65
32.8160 32.9120 63
32.9440 33.2320 61
33.6800 33.9360 65
33.9680 34.0640 63
34.0960 34.6080 65
34.7680 34.9280 65
34.9600 35.0560 63
35.0880 35.5680 65
35.7280 35.9520 65
35.9840 36.0480 63
36.0800 36.3360 65
36.7520 36.8800 65
36.9120 37.0720 62
37.1040 37.4560 63
37.4880 37.6800 65
39.2800 39.4400 70
39.4720 39.6960 73
39.7280 40.1440 68
40.1760 40.4640 63
40.4960 40.7520 65
40.7840 40.8800 63
40.9120 41.2640 61
41.5520 41.7760 61
41.8080 42.0320 60
42.3840 42.6720 61
42.9920 43.0240 61
43.0880 43.1520 60
44.2720 44.4000 70
44.4320 44.6240 73
44.6560 44.6880 71
44.7200 44.8480 69
45.9360 46.0000 63
46.4160 46.5440 60
47.0240 47.1200 66
47.2800 47.3440 68
47.4080 47.4400 70
47.4720 47.6640 73
47.6960 47.8880 70
47.9200 48.1440 68
48.1760 48.3360 63
48.3680 48.7200 65
48.7520 48.8800 63
48.9120 49.2320 61
49.5200 49.6160 67
49.6480 50.3840 70
50.4160 50.6400 68
50.6720 51.2160 65
51.5680 51.6000 66
51.7600 51.9840 70
52.0160 52.1760 72
52.2080 52.4320 70
52.4640 52.6240 68
52.6560 53.2320 65
53.7760 54.6400 72
54.6720 55.0240 70
55.0560 55.1520 72
55.1840 55.3440 73
55.3760 55.4400 72
55.4720 55.8880 70
55.9200 55.9840 67
56.0160 56.0160 69
56.0480 56.1760 72
56.2080 56.4000 73
56.4320 56.5280 70
56.5600 56.5920 71
56.6240 56.7200 72
56.7520 57.2320 70
57.5520 58.3520 70
58.4800 58.6400 68
58.6720 59.1520 65
59.5360 59.6000 70
59.6640 59.8880 70
59.9200 59.9520 71
59.9840 60.0800 72
60.1120 60.2080 74
60.2400 60.3680 70
60.4960 60.6240 68
60.6560 60.7200 64
60.7520 61.1680 65
61.7120 61.7440 68
61.7760 61.9360 71
61.9680 62.6720 72
62.7040 62.9920 70
63.0240 63.1840 72
63.2160 63.6320 73
63.6640 64.4960 72
64.7840 64.8800 57
65.0080 65.1680 58
65.2000 65.2000 61
65.2320 65.2640 64
65.2960 66.8960 70
66.9280 67.1200 68
67.1520 68.1760 65
68.2080 68.3680 66
68.4000 68.6240 65
68.6560 68.8480 63
68.9760 69.1680 61
69.2000 69.7120 63
69.7440 69.9680 66
70.0000 70.1600 65
70.1920 70.3840 63
70.4160 70.6400 61
70.7680 71.1520 63
71.3120 71.7920 61
71.8240 72.1440 60
72.1760 72.4320 58
72.4640 72.8480 61
73.2320 73.3920 68
73.4240 74.8960 70
74.9280 75.1200 68
75.1520 75.9840 65
76.0800 76.1760 65
76.2080 76.4000 66
76.4320 76.6560 65
76.6880 76.8800 63
76.9120 77.1680 61
77.2000 77.7760 63
77.8080 78.1280 65
78.1600 78.3200 63
78.3520 78.5760 61
78.7040 79.1200 63
79.2480 80.0160 61
80.0480 80.0800 59
80.2080 81.0720 58
81.2320 81.2960 68
81.3280 82.8960 70
82.9280 83.1200 68
83.1520 84.1440 65
84.1760 84.3680 66
84.4000 84.6880 65
84.7200 84.8480 63
84.8800 84.9440 59
84.9760 85.1040 61
85.1360 85.2320 64
85.2640 85.5840 63
85.6160 85.7120 62
85.7440 85.9680 66
86.0000 86.1920 65
86.2240 86.4160 63
86.4480 86.6080 61
86.7680 87.2160 63
87.5040 87.8240 61
87.8560 88.1120 60
88.1440 88.1440 58
88.2400 88.4640 58
88.4960 88.9760 61
89.2640 89.3920 68
89.4240 90.3520 70
90.4800 90.8640 70
90.9920 91.0880 68
91.1200 91.9200 65
92.0480 92.1440 63
92.1760 92.3680 66
92.4000 92.6240 65
92.6560 92.8800 63
92.9120 93.1680 61
93.2000 93.7440 63
93.7760 93.8080 65
93.8400 93.9360 66
93.9680 94.1280 65
94.1600 94.3200 63
94.3520 94.4160 62
94.4480 94.7040 60
94.7360 95.1520 63
95.1840 95.3120 58
95.3440 95.8240 61
95.8560 96.1440 60
96.1760 96.8800 58
107.0880 107.1840 65
107.9840 108.1760 66
110.9280 111.0240 66
111.5680 111.7920 66
113.7120 113.9040 65
113.9360 114.0000 63
114.0320 114.3200 65
114.6400 114.6720 63
114.7040 114.8960 65
114.9280 115.0560 63
115.0880 115.3760 65
115.7600 115.9520 61
115.9840 116.0480 63
116.0800 116.4960 65
116.8160 117.0720 61
117.1040 117.4560 63
117.4880 117.7120 65
119.2800 119.3760 69
119.5040 119.6640 73
119.6960 120.1440 68
120.1760 120.4000 63
120.4320 120.7520 65
120.7840 120.9120 63
120.9440 121.4880 61
121.7120 121.9040 65
121.9360 122.0640 63
122.0960 122.3840 65
122.6720 122.8960 65
122.9280 123.0880 63
123.1200 123.3440 65
123.7600 123.8880 65
123.9200 124.0800 63
124.1120 124.3680 65
124.6880 124.9440 65
124.9760 125.0400 67
125.0720 125.2000 63
125.2320 125.4560 65
125.4880 125.8080 63
127.2160 127.4080 70
127.4400 127.6000 73
127.7280 127.7920 68
127.8240 127.9840 70
128.0160 128.1440 68
128.1760 128.2080 65
128.2400 128.3360 63
128.3680 128.6240 65
128.7840 128.9440 63
128.9760 129.8400 61
129.9040 130.0640 60
130.2880 130.4800 61
131.1200 131.1520 65
131.2160 131.2480 65
131.9840 132.4320 70
132.4640 132.6880 73
132.7200 132.9120 70
132.9440 132.9440 67
132.9760 133.2000 65
133.2320 133.6160 63
133.9040 134.0960 63
134.9920 135.2800 66
135.5040 135.6320 67
136.2080 136.4000 70
136.4320 136.5920 73
136.6240 136.8800 70
136.9120 137.5840 68
137.6160 138.3520 70
138.4800 138.6080 68
138.7360 139.6000 65
139.6640 139.9520 70
139.9840 140.2400 72
140.2720 140.4000 70
140.4320 140.5920 68
140.7520 141.4560 65
141.7120 141.7440 67
141.7760 142.6400 72
142.6720 142.9920 70
143.0240 143.1840 72
143.2160 143.6960 73
143.7280 144.0800 72
144.1120 144.2400 73
144.7520 144.8160 58
144.9760 145.1040 58
145.2320 145.2320 65
145.2640 145.3920 68
145.4240 146.0640 70
146.0960 146.2240 68
146.2560 146.8640 70
146.8960 146.9280 69
146.9600 147.1200 68
147.2480 147.7280 65
147.9840 148.1760 65
148.2080 148.3680 66
148.4960 148.6240 65
148.6560 148.8800 63
148.9120 149.2320 61
149.2640 149.5840 63
149.7440 150.1280 65
150.1600 150.3520 63
150.3840 150.6080 61
150.7680 150.9920 63
151.3440 151.3760 59
151.5360 151.8560 61
151.8880 152.1120 60
152.2720 152.3040 57
152.3360 152.4960 58
152.5280 152.8160 61
153.2320 153.3600 69
153.3920 154.9280 70
154.9600 155.1520 68
155.1840 155.2480 64
155.2800 155.6960 65
155.8560 156.6240 65
156.6560 156.8800 63
156.9120 157.2000 61
157.2320 157.5200 63
157.7760 158.1920 65
158.2240 158.3840 63
158.4160 158.7040 61
158.7360 159.0240 63
159.1520 159.2800 58
159.3120 159.8560 61
159.8880 160.1120 60
160.1440 160.1760 59
160.2080 160.9440 58
160.9760 161.0400 60
161.2320 161.3920 68
161.4240 162.5760 70
162.6080 162.6720 72
162.7040 162.8000 70
162.8320 163.1200 68
163.1520 164.6240 65
164.6560 164.8480 63
164.9760 165.1680 61
165.2000 165.5840 63
165.7120 165.9040 66
165.9360 166.0960 65
166.1280 166.3520 63
166.3840 166.6080 61
166.7040 167.0560 63
167.5040 167.8560 61
167.9840 168.1120 60
168.2720 168.4960 58
168.5600 168.8800 61
169.2000 169.3920 68
169.4240 170.3200 70
170.4800 170.8640 70
170.8960 171.1200 68
171.1520 172.1760 65
172.2080 172.4000 66
172.4320 172.5920 65
172.6240 172.8800 63
173.0080 173.1680 62
173.2000 173.5520 63
173.5840 173.9040 66
173.9360 174.0640 65
174.0960 174.3520 63
174.3840 174.4160 65
174.4800 174.5440 62
174.5760 174.9280 63
175.2800 175.8560 61
175.8880 176.0800 60
176.2400 177.0720 58
177.7120 177.8080 69
177.8400 178.0640 70
178.1920 178.9920 70
179.2160 179.6320 70
179.6640 179.7600 68
179.7920 179.9200 70
179.9520 180.2720 73
180.4320 180.5920 68
180.6240 180.9440 70
181.4240 181.4880 67
181.7120 181.7440 67
181.7760 182.9600 68
183.2480 183.2800 69
183.3120 183.4720 70
183.5040 183.6640 68
183.6960 183.8880 70
184.0480 184.1440 66
184.1760 184.3680 68
184.4000 184.4640 65
184.4960 184.5600 62
184.5920 184.8480 63
185.4560 185.4880 67
185.5200 185.6800 68
185.7120 185.9040 70
185.9360 186.1600 68
186.1920 186.3840 70
186.4160 186.6720 68
186.7040 186.9920 70
187.1520 187.1520 66
187.1840 187.3440 68
187.3760 187.6320 70
187.6640 187.7280 67
187.7600 187.9200 68
187.9520 188.3040 73
188.3360 188.3360 71
188.3680 188.5280 69
188.5600 188.7840 70
189.1040 189.1680 74
189.8080 190.2880 70
190.4800 191.2800 70
191.3120 191.3440 71
191.3760 192.1120 72
192.1440 192.2080 70
192.2400 192.2720 71
192.3040 192.4000 72
192.4320 195.0560 70
197.2000 197.4560 68
197.4880 198.6080 70
198.6400 198.9600 68
198.9920 199.1520 65
199.2800 200.1120 65
201.0400 201.1680 65
201.2000 201.4560 63
201.4880 201.6800 65
201.7120 202.1920 63
202.5120 202.5760 62
202.6080 202.9920 61
203.0240 204.3360 58
205.2000 205.2320 60
205.2640 205.2640 62
205.2960 205.2960 64
205.3280 205.4240 67
205.4560 205.6160 70
205.7440 206.5120 70
206.7360 206.8960 68
206.9280 206.9600 67
206.9920 208.1440 65
208.9760 209.1680 65
209.2000 209.3600 63
209.4880 209.6800 65
209.7120 210.5440 63
210.7360 210.9280 61
210.9600 212.2080 58
212.2400 212.5600 59
212.5920 212.7520 60
212.7840 212.8160 61
212.8480 212.9440 62
213.3280 213.4560 63
213.4880 213.6800 64
214.2560 214.3840 67
214.6720 214.7040 68
214.7360 214.8000 69
214.9920 215.0240 70
215.0560 215.1200 71
215.1520 215.2800 72
215.3120 215.5040 74
215.5360 215.6000 73
215.9200 216.0160 68
216.0480 216.0800 69
216.1120 216.2080 70
216.2400 216.3040 71
216.3360 216.4320 72
216.4640 216.5600 74
216.5920 216.6880 75
216.7200 216.7520 74
216.9120 216.9760 75
217.0080 217.0720 72
217.1040 217.3600 68
217.3920 218.0960 70
218.2240 218.8640 70
218.8960 219.1200 68
219.1520 220.5280 65
223.2800 223.2800 59
223.3120 223.3760 61
223.5040 223.8560 61
223.8880 224.1120 60
224.2720 224.4640 58
224.4960 224.7840 61
225.2640 225.3600 68
225.3920 226.9280 70
226.9600 227.1200 68
227.1520 228.4640 65
228.4960 228.6240 66
228.7200 228.7200 71
228.7520 228.8800 75
228.9120 229.0400 77
229.0720 229.1040 74
229.1360 230.0320 72
230.0640 230.1600 73
230.1920 230.2240 74
230.2560 230.4160 75
230.4480 230.4800 74
230.5120 230.7040 73
230.7360 230.8960 72
230.9280 230.9600 71
230.9920 231.3120 70
231.4720 231.8880 61
231.9200 232.1760 60
232.2080 232.8480 58
233.2320 233.3600 68
233.3920 234.8960 70
234.9280 235.0880 68
235.2160 235.6960 65
235.7280 235.7280 63
235.8240 235.9200 63
235.9520 236.6240 65
236.6560 236.8480 63
236.8800 237.1680 61
237.2000 237.5840 63
237.7440 237.9040 66
237.9360 238.0960 65
238.1280 238.3520 63
238.3840 238.5760 61
238.6080 239.0560 63
239.3120 239.8560 61
239.9840 240.0800 59
240.2720 240.4320 58
240.4640 240.9760 61
241.2000 241.2320 66
241.2640 241.3280 68
241.3600 242.3200 70
242.4800 242.8640 70
242.8960 243.1200 68
243.1520 244.1760 65
244.2080 244.3680 66
244.4000 244.6240 65
244.6560 244.8480 63
244.8800 245.2000 61
245.2320 245.6160 63
245.7440 246.1280 65
246.1600 246.3200 63
246.3520 246.7040 61
246.7360 246.9600 63
247.0880 247.8240 61
247.8560 248.0800 60
248.2080 248.8480 58
249.1680 249.5840 63
249.7440 249.8720 66
249.9040 250.1280 65
250.1600 250.3520 63
250.3840 250.7040 61
250.7360 250.8640 63
251.1840 251.2160 57
251.2480 251.3120 59
251.3440 251.8240 61
251.8560 252.1120 60
252.1440 252.6880 58
252.7200 252.7200 60
252.7520 252.8800 63
252.9760 253.0720 62
253.2320 253.6160 63
253.7440 253.9040 66
253.9360 254.1280 65
254.1600 254.3520 63
254.3840 254.5760 61
254.6080 254.7040 60
254.7360 254.8960 63
254.9280 255.0560 61
255.0880 255.0880 59
255.2160 255.2800 58
255.3120 255.8240 61
255.8560 256.0800 60
256.1120 256.9760 58
257.3600 257.5520 58
260.8160 260.9440 65
261.1680 261.2960 65
261.5520 264.0160 65
