38.4160 38.6080 55
38.6400 38.6720 56
38.7040 39.2160 57
39.8240 39.9520 57
39.9840 40.1120 59
40.3360 40.6560 59
41.6800 41.8080 48
41.8400 41.8720 49
41.9040 42.0320 50
42.0640 42.0960 49
42.1280 42.5120 48
42.5440 42.6080 50
42.6400 42.7680 52
42.8960 43.1840 55
43.3440 43.4400 57
43.4720 43.8560 59
43.8880 44.1760 57
44.2080 44.5280 55
44.7200 44.9120 54
45.4560 45.5840 53
45.6160 45.7760 55
46.0320 46.9280 55
47.2800 47.3760 55
47.4080 47.6000 57
47.7920 48.3680 57
49.1360 49.2960 46
49.3280 49.4560 48
49.4880 49.8400 47
49.8720 49.9360 48
50.0640 50.3520 52
50.3840 50.6720 54
50.7680 50.9600 55
50.9920 51.2160 57
51.2480 51.6320 55
51.7920 52.0480 54
52.3680 52.6560 52
52.6880 52.9760 54
53.1360 53.2960 54
53.3280 54.1920 55
55.5040 55.6640 50
55.6960 55.7280 51
55.7600 55.8880 52
56.0480 56.6880 54
56.7200 57.3280 55
60.2080 60.3040 50
60.4640 60.5280 50
60.7200 61.0400 48
61.0720 61.3600 47
61.3920 61.8080 48
61.8400 61.9040 49
61.9360 61.9680 50
62.0000 62.1280 52
62.1600 62.3520 55
62.4800 62.7360 55
62.9600 63.3760 55
63.9520 64.0480 57
64.0800 64.2400 59
64.4320 64.5920 57
64.6240 65.4240 59
65.8720 66.0320 57
66.2880 67.2160 57
68.0480 68.3360 55
68.3680 69.5200 57
69.5520 69.7120 59
69.9680 70.5120 59
71.2480 71.3120 46
71.3440 71.5360 50
72.2080 72.4320 52
72.4640 72.8480 55
72.8800 73.0080 57
73.0400 73.3280 59
73.3600 73.4560 58
73.4880 73.6800 57
73.8720 74.1280 55
74.3200 74.5440 54
75.0240 75.1840 53
75.2160 75.3760 55
75.6000 76.9440 55
76.9760 77.0080 56
77.0400 77.2000 57
77.2320 77.4560 56
77.4880 77.8720 57
77.9040 77.9680 56
78.6400 78.7360 45
78.7680 78.8000 46
78.8320 78.9600 47
79.1520 79.4080 47
79.4400 79.5680 48
79.6000 79.6960 51
79.8880 80.2080 54
80.3680 80.4960 56
80.5280 80.8160 57
80.8480 81.1040 55
81.1360 81.2320 53
81.2640 81.4880 54
81.7440 82.0320 52
82.3840 82.9920 54
83.0240 83.9840 55
85.1360 85.2320 49
85.2640 85.2960 51
85.3280 85.4560 52
85.4880 85.9360 54
86.0640 86.2560 54
86.2880 87.1840 55
89.8720 90.0320 50
90.1280 90.5120 48
90.6400 90.7680 47
90.9600 91.1840 48
91.2160 91.3120 49
91.5040 91.6000 53
91.6320 91.7920 55
91.9840 92.2720 55
92.4960 92.6880 54
92.8480 93.1360 55
93.3280 93.4560 55
93.4880 93.6480 57
93.9360 94.0320 55
94.0640 94.0960 56
94.1280 95.5680 57
96.6560 96.6880 49
96.7200 96.7520 52
96.7840 97.2000 55
97.2320 97.3920 58
97.4240 100.0480 59
100.3680 100.4320 57
100.4640 100.5600 56
100.5920 100.6240 53
100.6560 100.7520 52
100.9440 101.4240 52
103.1520 103.2480 50
103.2800 103.3120 51
103.3440 103.5040 52
103.5360 104.0160 54
104.0480 104.3680 55
104.6560 104.7520 57
104.7840 104.9440 58
104.9760 105.1680 59
105.2960 107.3760 59
107.8880 108.0480 58
108.0800 108.4320 60
108.4640 108.7520 59
108.7840 110.5760 57
112.3680 112.5920 64
112.6240 112.9120 66
113.0400 113.2000 62
113.3280 113.4880 62
113.5200 114.0640 59
114.1920 114.3520 57
114.3840 114.6080 59
114.8320 115.0240 55
115.1520 115.6640 59
115.6960 115.9200 62
116.2720 116.3680 64
116.4000 116.6560 66
116.6880 116.6880 64
116.7200 117.0720 62
117.2000 117.3920 62
117.4240 117.5200 59
117.7120 117.9680 59
118.0000 118.1600 57
118.1920 118.4480 59
119.3440 119.4400 59
119.5680 119.7280 60
119.7600 119.9200 62
119.9520 120.0160 60
120.0480 120.0800 62
120.1120 120.9760 64
121.0080 121.5840 62
121.6160 121.8400 66
121.8720 122.2880 67
122.3200 122.5760 64
122.7040 122.9600 62
123.1520 123.1840 57
123.2160 123.5040 59
123.5360 123.7600 57
123.7920 124.0480 59
124.2720 125.0720 55
125.3280 125.7440 52
125.7760 126.1280 55
127.0880 127.2160 53
127.2480 127.9840 55
128.0160 128.1440 57
128.3680 128.4320 55
128.4640 128.7520 57
128.9760 129.2320 55
129.4880 129.6480 60
129.6800 130.0640 62
130.0960 130.2560 60
130.3840 130.8320 60
131.3120 131.4400 57
131.4720 131.7280 59
131.7600 132.5280 62
132.6880 133.1040 62
133.1360 133.5520 64
133.5840 133.9040 62
134.0640 134.1920 57
134.2240 134.4160 59
134.4480 135.1840 55
135.2160 135.2800 52
135.4720 135.6960 52
135.8560 136.3040 52
137.3600 137.4240 49
137.4560 137.5200 50
137.5520 137.6800 52
137.8400 137.9040 51
137.9360 138.0000 52
138.0320 138.2240 54
138.2560 138.6720 55
138.7040 138.8960 53
138.9280 139.2160 55
139.2480 139.4080 57
139.5360 139.6640 55
139.6960 140.1120 57
140.6560 140.8800 56
140.9120 141.0720 58
141.2000 141.2640 58
141.2960 141.4880 60
141.5200 141.7440 58
141.7760 142.0960 60
142.4480 142.6400 64
142.6720 142.8640 66
142.8960 143.1200 62
143.2800 143.4400 62
143.4720 144.0160 59
144.2400 144.3680 57
144.4000 144.6240 59
144.8480 144.9760 55
145.1680 145.7120 59
145.7440 145.9040 62
146.2880 146.4160 65
146.4480 146.6720 66
146.7040 147.0880 62
147.2160 147.4080 62
147.4400 147.7600 59
147.9840 148.1120 57
148.1440 148.4640 59
149.2960 149.4240 59
149.5520 149.7120 60
149.7440 149.7760 61
149.8080 150.1280 62
150.1600 150.8960 64
150.9280 151.0880 62
151.2160 151.6000 62
151.6320 151.6960 65
151.7280 151.8240 66
151.8560 152.2720 67
152.3040 152.3360 65
152.3680 152.4960 62
152.5280 152.6880 64
152.7200 152.7520 63
152.7840 153.0400 62
153.0720 153.2640 57
153.2960 153.4880 59
153.5200 153.7440 57
153.7760 154.0640 59
154.2880 154.9600 55
154.9920 155.0560 54
155.2480 155.7600 52
155.7920 156.1120 55
157.0720 157.2640 53
157.2960 157.8720 55
158.0000 158.0320 56
158.0640 158.1920 57
158.4160 158.5440 55
158.5760 158.7680 57
158.9280 158.9600 54
158.9920 159.2480 55
159.4400 159.5360 60
159.5680 159.6000 61
159.6320 160.0800 62
160.1120 160.2080 60
160.3680 160.7200 60
161.2960 161.4240 57
161.4560 161.6160 59
161.7760 162.0640 62
162.2240 163.1520 62
163.1840 163.5040 64
163.6320 163.9520 62
164.0800 164.2080 57
164.2400 164.4000 59
164.5600 165.2000 55
165.2320 165.6160 52
165.7760 166.1600 52
167.8880 168.0160 49
168.0480 168.0800 51
168.1120 168.3040 52
168.3360 168.5600 54
168.7520 169.2640 55
169.2960 169.5520 57
171.7920 171.9200 57
171.9520 172.0800 59
172.3360 172.4000 58
172.4320 172.4960 57
172.5280 173.2960 55
178.8960 179.0560 67
179.7280 179.8240 67
180.1760 180.7520 69
184.7520 184.8160 69
185.3920 185.7440 62
187.4720 187.6320 62
188.8160 188.8800 66
189.1680 189.2960 67
189.5520 189.8400 67
190.1280 190.7040 67
191.6000 191.6640 66
197.7120 198.2880 69
198.3520 198.4800 69
203.5040 203.9520 55
204.1760 204.3680 57
204.4000 206.2880 59
207.2480 207.4080 57
207.4400 207.4400 55
207.4720 207.6000 52
207.8240 208.3680 52
209.9360 210.2240 51
210.2560 210.4800 52
210.5120 210.5440 53
210.5760 210.8640 54
211.0240 211.4720 55
211.5040 211.6640 57
211.6960 211.7280 58
211.7600 214.5440 59
214.7360 214.7680 58
214.8000 214.8960 59
214.9280 215.1200 60
215.2800 215.3440 60
215.3760 215.5360 59
215.5680 217.4880 57
219.2160 219.4080 64
219.4400 219.5040 65
219.5360 219.7600 66
219.7920 219.7920 64
219.8240 220.0160 62
220.1440 220.3040 62
220.3360 220.9120 59
221.0400 221.2320 57
221.2640 221.4240 59
221.4560 221.9680 55
222.0000 222.1280 57
222.1600 222.4800 59
222.5120 222.5760 60
222.6080 222.7680 62
223.1520 223.1840 64
223.2160 223.2800 65
223.3120 223.5040 66
223.5360 223.5680 64
223.6000 223.9200 62
224.0800 224.2720 62
224.3040 224.4000 59
224.5600 224.8160 59
224.8480 224.8800 58
224.9120 225.0400 57
225.0720 225.4880 59
226.1920 226.3200 59
226.4480 226.6080 60
226.6400 227.0240 62
227.0560 227.8240 64
227.8560 228.5600 62
228.5920 228.7520 66
228.7840 229.2320 67
229.2640 229.3600 63
229.3920 229.4560 64
229.4880 229.8080 62
230.0000 230.0320 57
230.0640 230.0960 58
230.1280 230.2560 59
230.4480 230.5760 57
230.6080 230.7680 59
230.8000 230.8000 57
231.0560 231.7600 55
231.7920 231.8560 54
232.1440 232.4000 52
232.4320 232.5920 53
232.6240 232.9120 55
233.9360 234.0640 53
234.0960 234.1600 54
234.1920 234.7680 55
234.8960 235.0240 57
235.2160 235.3440 55
235.3760 235.5040 57
235.6960 236.1120 55
236.3040 236.4960 61
236.5280 237.0080 62
237.0400 237.1040 61
237.2320 237.4560 60
238.1600 238.3520 57
238.3840 238.6080 59
238.6400 239.4080 62
239.5680 240.0160 62
240.0480 240.4320 64
240.4640 240.8160 62
241.0080 241.1040 57
241.1360 241.1680 58
241.2000 241.3280 59
241.3600 242.0320 55
242.0640 242.1920 51
242.3840 242.5760 52
242.7040 243.2160 52
244.2080 244.3360 49
244.3680 244.5280 52
244.7200 244.7520 51
244.7840 244.8480 52
244.8800 245.1040 54
245.1360 245.5520 55
245.5840 245.7440 53
245.7760 245.9680 55
246.0960 246.2560 57
246.4160 246.5760 55
246.6080 246.8960 57
247.5360 247.6960 56
247.7280 248.1440 58
248.1760 248.4000 60
248.4320 248.5920 58
248.6240 248.8160 60
249.2320 249.5200 64
249.5520 249.7120 66
249.8400 250.3200 62
250.3520 250.9920 59
251.1200 251.2480 57
251.2800 251.4720 59
251.5040 251.8560 55
252.0160 252.5920 59
252.6240 252.8480 62
253.1360 253.5200 66
253.5520 253.9360 62
253.9680 254.0640 60
254.0960 254.2560 62
254.2880 254.6400 59
254.8320 254.9920 57
255.0240 255.2800 59
256.1760 256.3680 59
256.4000 256.5920 60
256.6240 256.6560 61
256.6880 257.0400 62
257.0720 257.8400 64
257.8720 258.4480 62
258.5760 258.7360 65
258.7680 259.0880 67
259.2160 259.3760 63
259.4080 259.6000 64
259.6320 259.6640 63
259.6960 259.8880 62
259.9200 259.9200 60
259.9520 260.1120 58
260.1440 260.3040 59
260.4640 260.5600 57
260.5920 260.6240 58
260.6560 260.8160 59
260.8480 261.0080 55
261.1360 261.7760 55
261.8080 261.9360 54
262.0960 262.1280 51
262.1600 262.5440 52
262.5760 263.1520 55
263.9520 264.1120 53
264.1440 264.7520 55
264.7840 264.8160 56
264.8480 265.0720 57
265.2640 265.2960 55
265.3280 265.6160 57
265.6480 266.1280 55
266.3200 266.4800 60
266.5120 266.9280 62
266.9600 267.1200 60
267.2480 267.5680 60
268.1440 268.3360 57
268.3680 268.5920 59
268.6240 269.7760 62
269.9040 270.0640 62
270.0960 270.3520 64
270.5440 270.9280 62
270.9600 271.1520 57
271.1840 271.3120 59
271.4400 272.0800 55
272.1120 272.2400 52
272.3680 272.5920 52
272.7200 273.2640 52
274.2880 274.3840 49
274.4160 274.6080 52
274.6400 274.8320 53
274.8640 275.1840 54
275.2160 276.0160 55
276.1440 276.2720 57
276.3040 276.3360 56
276.4640 276.5920 55
276.6240 276.9760 57
277.5520 277.7760 56
277.8080 278.2240 58
278.3520 278.5760 58
278.6080 278.8640 60
279.3760 279.3760 58
279.4080 279.5360 65
279.5680 279.7280 67
279.8560 280.0160 62
280.1440 280.3040 62
280.3360 280.7520 59
281.0400 281.1360 56
281.1680 281.3920 59
281.5520 281.8080 55
282.0320 282.1280 57
282.1600 282.4160 59
282.4480 282.7360 62
283.1840 283.2160 64
283.2480 283.5360 66
283.5680 283.9200 62
284.1120 284.3680 62
284.4000 284.4320 61
284.4640 284.7520 59
284.7840 284.8160 58
284.8480 285.0720 57
285.1040 285.7760 59
286.2240 286.2560 58
286.2880 286.4480 59
286.4800 286.6400 60
286.6720 286.9280 62
286.9600 286.9920 63
287.0240 287.7600 64
287.7920 287.8240 63
287.8560 288.4000 62
288.5920 288.7520 67
288.7840 289.1360 68
289.1680 289.1680 64
289.2000 289.2640 62
289.2960 289.3280 63
289.3600 289.5520 64
289.5840 289.8720 62
290.0320 290.0960 58
290.1280 290.3520 59
290.3840 290.5760 58
290.6080 290.8000 59
290.8320 290.8320 57
290.8640 291.4400 55
291.5040 291.7920 55
291.8240 292.2080 52
292.3680 292.4000 55
292.4320 292.4960 56
292.5280 292.7520 57
292.7840 293.2960 55
293.9680 294.1600 53
294.1920 294.8000 55
294.9280 295.1200 57
295.1520 295.4080 56
295.4400 295.6000 57
295.6320 296.1120 55
296.3360 296.3680 60
296.4000 296.9440 62
296.9760 297.6160 60
298.0000 298.0960 55
298.1280 298.2880 57
298.3200 298.6080 59
298.6400 299.7280 62
299.8880 300.0160 62
300.0480 300.3360 64
300.4960 300.7520 62
300.9760 301.1040 57
301.1360 301.3280 59
301.3600 301.7120 55
301.8720 302.0960 55
302.1280 303.2800 52
304.7200 304.9440 50
304.9760 305.1680 52
305.2960 305.6160 54
305.6480 305.9040 55
306.0320 306.1920 55
306.2240 306.2560 56
306.2880 307.1840 57
307.2160 307.2800 56
307.3120 307.3440 55
307.5360 307.8240 54
308.0800 308.2080 54
308.8480 308.8480 54
308.8800 309.0080 57
309.0400 309.2640 59
309.4880 309.5520 58
309.5840 309.6800 57
309.7120 311.0240 55
