6.2880 6.7040 75
10.1920 10.3840 71
10.4160 11.6960 70
11.9840 12.1120 70
19.8560 20.2400 58
20.7520 21.0080 58
21.0400 21.1040 61
21.1360 21.2320 63
21.2640 21.3920 65
21.6160 21.8720 63
22.4160 22.6400 61
22.8000 23.0240 60
23.2480 23.4080 58
23.6320 23.6960 60
23.7280 23.9200 61
23.9520 24.1760 60
24.4320 24.5280 56
24.5600 24.6240 55
24.6560 24.7520 54
24.7840 25.0400 53
25.6800 25.7760 53
25.8080 25.9040 54
26.1280 26.4160 56
26.4480 26.5120 57
26.5440 26.8960 58
27.7280 27.8240 59
27.8560 28.0160 61
28.1440 28.4960 63
28.5280 28.6560 65
28.6880 28.8160 63
28.8480 28.8800 62
28.9120 29.2000 61
29.3920 29.9680 63
30.0000 30.9280 65
30.9600 31.1840 64
31.2160 32.1440 63
33.0720 33.1680 56
33.2000 33.2320 57
33.2640 33.4880 58
34.0320 34.2560 58
34.2880 34.2880 61
34.3200 34.4480 63
34.4800 34.6080 65
34.8000 35.0240 63
35.6320 35.8560 61
35.9840 36.0800 60
36.1120 36.8160 58
36.8480 37.3280 61
37.3600 37.4560 63
37.6480 37.6800 58
37.7120 37.7440 59
37.7760 37.8720 60
38.0960 38.3520 56
38.8320 39.0880 54
39.2160 39.7280 56
39.7600 40.2400 58
40.9120 41.0400 61
41.0720 41.1680 60
41.3920 41.5520 60
41.7440 41.8400 61
41.9680 42.0640 60
42.0960 42.1920 59
42.2240 42.3840 58
42.5760 43.4400 56
43.4720 43.6000 57
43.6320 44.0160 58
44.9440 45.1360 58
45.3920 45.5840 61
45.8080 46.1920 65
46.2240 46.7680 66
47.4080 47.4720 63
47.6320 47.7920 65
47.8240 48.1120 66
48.2400 48.4000 68
48.4320 48.6240 70
48.6560 48.8480 68
48.8800 49.4880 66
49.5200 50.1920 65
50.7040 51.0240 61
51.0560 51.1520 64
51.1840 51.6960 66
51.7280 51.9520 68
51.9840 52.1760 66
52.4000 52.4960 65
52.5280 52.6560 63
52.8160 53.4560 63
54.0320 54.1600 59
54.1920 54.3200 61
54.4800 54.6720 63
54.8640 54.9600 63
54.9920 55.4080 65
55.4400 55.7600 63
55.9520 56.4960 63
56.5280 58.0320 65
58.5440 58.6400 63
58.6720 58.8000 65
58.9600 59.2800 68
59.3120 59.5040 70
59.5360 60.2080 65
60.4000 60.7200 67
60.7520 60.8480 63
61.0720 61.3920 63
61.7760 62.2240 62
62.2560 62.5440 65
62.7040 62.9920 66
63.0240 63.3120 65
63.3440 63.8880 63
63.9200 64.0480 65
64.0800 64.0800 61
64.1120 64.6880 58
65.1040 65.4880 65
65.5200 65.7760 68
65.9680 66.0640 68
66.0960 66.2880 70
66.3200 66.3840 68
66.4160 66.8960 65
66.9920 66.9920 68
67.0240 67.1840 72
67.2160 67.4400 73
67.4720 67.6320 70
67.6640 67.7280 71
67.7600 67.8880 72
68.0160 68.3680 68
68.4000 68.8480 63
68.8800 69.1040 61
69.2640 69.3920 65
69.4240 69.4880 63
69.5200 69.5840 62
69.6160 69.7440 61
69.9360 70.1280 61
70.2880 70.4480 63
70.4800 70.5440 64
70.7040 71.3440 65
71.4720 72.0800 65
72.1120 72.3680 68
72.5280 72.6560 68
72.6880 72.7840 70
72.8160 72.8480 68
72.8800 73.6800 65
73.7120 73.8720 68
73.9040 74.0640 63
74.2240 74.5440 63
74.9600 75.2480 63
75.3760 75.7280 65
75.7600 76.0160 68
76.2080 77.1680 72
77.2000 77.8720 70
78.2880 78.5120 70
78.7040 78.8320 68
78.8640 79.4400 66
79.4720 79.6320 68
79.7600 80.1760 70
80.2080 80.3680 72
80.4000 80.6560 73
80.7840 80.9120 72
80.9440 81.4560 73
81.5840 82.0320 71
82.2240 84.1440 70
100.8160 101.2000 75
101.3920 101.6800 72
101.7120 102.0320 70
107.0560 107.2800 68
107.3120 107.3440 67
107.3760 107.3760 65
107.4080 107.8560 61
107.8880 108.1440 64
108.1760 108.3360 65
108.3680 110.6720 66
110.7040 110.8640 64
110.8960 111.0560 65
111.0880 111.4400 66
111.4720 111.7280 67
112.4000 112.5600 69
112.5920 112.7840 68
112.9120 113.0400 68
125.2320 125.5840 58
126.0000 126.1920 58
126.3840 126.5760 65
126.8320 127.0560 63
127.6320 127.8240 61
128.0160 128.2400 60
128.4000 128.6560 58
128.8160 128.8800 59
128.9120 129.2960 61
129.3280 129.5520 63
129.5840 129.9360 59
130.1280 130.3520 56
130.9920 131.1200 54
131.3440 131.5040 56
131.7600 131.8240 56
131.8560 132.2720 58
132.9760 133.2640 61
133.2960 133.6480 60
133.8080 133.9360 61
133.9680 134.1600 60
134.1920 134.3520 58
134.6080 134.8960 56
135.0560 135.6000 57
135.6320 135.9200 58
136.9760 137.2000 58
137.4560 137.6480 61
137.8400 138.2240 65
138.2560 138.9600 66
139.4400 139.5680 63
139.7280 139.8560 65
139.8880 140.2720 66
140.3040 140.4000 69
140.4320 140.6240 70
140.6560 140.8800 68
141.1360 141.3600 66
141.5520 142.0960 65
142.7360 142.8640 61
143.0240 143.1840 63
143.2160 143.7600 65
143.7920 143.9840 68
144.0160 144.3360 66
144.4640 144.5920 65
144.6240 145.5200 63
146.0320 146.2240 59
146.2560 146.4480 61
146.4800 146.8960 63
146.9280 147.2160 66
147.2480 147.4720 65
147.5040 147.8560 63
148.0800 148.3680 63
148.5600 148.6560 63
148.6880 150.1600 65
150.5760 150.8320 65
150.9920 151.3440 68
151.3760 151.5680 70
151.6960 152.2720 65
152.4320 152.7200 68
152.7520 152.8160 63
153.0720 153.4560 63
153.9040 154.2560 63
154.2880 154.5440 65
154.5760 154.6720 70
154.7040 154.8960 66
154.9280 155.0240 68
155.3120 156.1120 63
156.1440 156.7520 59
157.1680 157.5520 65
157.5840 157.8400 68
158.0000 158.1280 68
158.1600 158.3520 70
158.3840 158.9280 65
159.0560 159.5040 73
159.5360 159.7920 70
159.8240 159.9840 72
160.1440 160.4320 68
160.4640 160.8480 63
160.8800 161.2000 61
161.2640 161.3280 60
161.3600 161.5840 63
161.6160 161.7760 61
161.9040 162.1600 61
162.2880 162.7040 63
162.7360 163.4080 65
163.5360 164.1120 65
164.1440 164.4000 68
164.5600 164.6560 68
164.6880 164.8480 70
164.8800 165.4560 65
165.5840 165.6480 65
165.6800 165.7760 67
165.8080 165.9360 68
165.9680 166.1280 63
166.2560 166.6080 63
167.0240 167.3760 63
167.4080 167.7600 65
167.7920 168.0160 68
168.2400 169.2640 72
169.2960 169.9680 70
170.3200 170.5760 70
170.7680 170.8960 68
170.9280 171.5040 66
171.5360 171.7600 68
171.7920 172.2400 70
172.2720 172.4000 72
172.4320 172.6880 73
172.8480 172.9760 72
173.0080 173.4880 73
173.6480 174.1280 71
174.2880 176.4000 70
176.9440 177.2000 65
177.3280 177.7760 66
177.8080 178.0320 68
178.0640 178.5120 66
178.5440 179.0560 65
179.2160 179.4720 65
179.9200 180.0800 56
180.2080 180.5920 61
180.6240 181.1680 67
181.2000 181.3920 68
181.4240 181.9680 66
182.0960 182.3200 65
182.5120 183.3440 61
183.6640 184.1440 66
184.1760 184.4000 65
184.4320 184.5920 66
184.6240 185.0720 64
185.1040 185.6480 63
185.6800 186.1920 62
186.3520 186.5760 61
186.7680 187.1520 61
187.1840 187.2480 63
187.4720 187.9520 62
187.9840 189.1680 63
189.3600 189.4240 62
190.0640 190.1280 60
190.3200 190.4800 63
190.7040 190.8320 63
190.8640 191.0560 65
191.0880 191.2480 63
191.2800 192.4640 65
193.3600 193.5200 65
193.7760 193.9680 68
194.1600 194.2560 68
194.2880 194.4480 70
194.4800 194.6720 65
194.8320 194.9920 65
195.2160 195.4720 68
195.7920 196.0800 63
196.7520 196.8480 63
197.0720 197.2640 65
197.4880 197.5520 65
197.5840 197.8080 68
197.8400 198.0000 63
198.1600 198.3200 63
198.6080 198.7680 65
198.8000 198.8960 62
199.1840 199.4080 58
199.9840 200.0480 63
200.0800 200.2080 65
200.3680 200.6240 68
200.7840 201.0720 69
201.1040 201.6480 65
201.7760 201.9360 72
201.9680 202.1920 73
202.3840 202.5120 70
202.5440 202.6720 72
202.8000 203.0560 68
203.2160 203.2480 64
203.2800 203.3760 65
203.4080 203.5040 63
203.5360 203.6000 59
203.6320 204.1440 61
204.1760 204.2720 63
204.4320 204.5600 61
204.6880 204.8160 61
204.8800 204.9120 64
204.9760 205.0400 64
205.0720 205.2320 63
205.4240 205.8400 65
205.8720 205.8720 67
205.9040 206.0320 70
206.0640 206.1280 72
206.2560 206.3520 69
206.5120 206.7360 65
206.7680 206.8000 63
206.9280 207.1520 68
207.1840 207.2800 67
207.3120 207.3440 68
207.3760 207.4400 69
207.4720 207.6000 70
207.6320 208.4640 65
208.4960 208.6240 68
208.6560 208.7840 63
208.9760 209.3920 63
209.4240 209.5520 64
209.7440 209.8720 62
209.9040 210.1280 63
210.1600 210.4800 65
210.6080 210.9600 68
210.9920 212.2080 72
212.2400 212.7840 70
213.0400 213.1680 68
213.2000 213.3600 70
213.3920 213.5520 68
213.5840 213.6800 70
213.7120 213.7120 68
213.8720 214.2240 66
214.2560 214.4800 68
214.5120 215.0560 70
215.0880 216.2400 73
216.2720 216.8160 71
216.8480 219.9520 70
