17.7440 17.8720 59
17.9040 18.0320 60
18.0640 18.1280 58
18.1600 20.1120 56
24.5920 24.6880 56
24.7200 24.8800 55
24.9120 25.2320 54
25.2640 26.7360 55
30.3840 30.4480 54
30.6400 30.9600 55
30.9920 31.0560 56
31.0880 31.4400 58
31.7600 31.9520 60
31.9840 32.1440 58
32.1760 32.3360 60
32.3680 32.4320 58
32.4640 33.3280 56
37.4560 37.5200 54
37.5520 37.9680 55
38.0000 38.1280 56
38.1600 38.6080 58
38.8000 38.9600 60
38.9920 39.1840 59
39.2160 39.3440 60
39.3760 39.4720 58
39.5040 40.3360 56
42.4160 42.5440 60
42.5760 42.7040 62
42.7360 42.9280 60
42.9600 43.1840 62
43.2160 43.3760 63
43.5360 43.9520 63
43.9840 43.9840 61
44.1120 44.2400 55
44.2720 44.4000 56
44.4320 44.4960 60
44.5280 44.5600 61
44.5920 44.7520 62
44.7840 45.7440 60
45.9360 46.0320 58
46.0640 46.0960 57
46.1280 46.2240 56
46.2560 46.2880 57
46.3200 46.5120 58
46.5440 47.6320 56
49.5200 49.5840 58
49.6160 49.6480 61
49.6800 49.8400 62
49.8720 50.0320 60
50.0640 50.2880 62
50.3200 50.8640 63
50.8960 51.0240 62
51.0560 51.1840 63
51.2160 51.3760 65
51.4080 51.5040 63
51.5360 51.5680 62
51.6000 51.7920 61
51.8240 51.9200 62
52.1440 52.7520 60
53.0080 53.1680 58
53.2000 53.3920 56
53.4240 53.5840 58
53.6160 54.3200 56
56.5600 56.6560 55
56.6880 56.8160 54
57.0080 57.0720 55
57.1040 57.1680 54
57.2000 57.9680 53
59.6640 59.8560 65
59.8880 60.0480 67
60.0800 60.2400 65
60.3680 60.4640 63
60.4960 60.8160 60
61.0080 61.0720 63
61.1040 61.1680 65
61.3280 62.2560 65
63.1840 63.3760 65
63.4080 63.5680 67
63.6000 63.7920 65
63.8240 64.0800 63
64.1120 64.3680 59
64.5600 64.6560 63
64.6880 65.2640 65
65.4880 65.7760 62
65.8080 66.4160 63
67.2480 67.4400 63
67.4720 67.7920 65
67.8240 68.0800 67
68.1120 68.2400 68
68.4000 68.5600 68
68.5920 68.5920 65
68.6240 68.6880 62
68.7200 69.2320 60
69.2640 69.2960 61
69.3280 69.3920 62
69.4240 69.4880 60
69.5200 69.6800 63
69.7120 70.0640 62
70.0960 70.1280 61
70.1600 70.4800 60
70.6080 70.9280 62
70.9600 71.0880 59
71.1200 71.2800 60
71.3120 72.4960 58
73.7760 74.1280 65
74.1600 74.2880 67
74.3200 74.4800 65
74.5120 74.5760 63
74.8000 74.8960 63
75.1200 75.1520 59
75.1840 75.6000 60
75.6320 75.6320 62
75.6640 75.8880 65
75.9200 76.0480 67
76.0800 76.2720 65
76.3040 76.3360 63
76.3680 76.4640 62
76.4960 76.7200 63
76.7520 76.7840 61
76.8160 77.1040 60
77.4560 77.6800 65
77.7120 77.8720 67
77.9040 78.0640 65
78.0960 78.4800 63
78.5120 78.5120 61
78.5440 78.6400 59
78.8000 78.9600 58
78.9920 79.0240 59
79.0560 79.2160 63
79.2480 79.3760 65
79.4080 79.9200 62
79.9520 80.5600 63
81.4880 81.6160 58
81.6480 81.6800 56
81.7120 81.8720 55
81.9040 82.3200 56
82.3520 82.3520 58
82.3840 82.4480 61
82.4800 82.7360 62
82.7680 82.8960 63
82.9280 82.9600 62
83.2800 83.3120 59
83.3440 83.3760 60
83.4080 83.4400 61
83.4720 83.6640 62
83.6960 83.8880 63
83.9200 84.0160 62
84.1760 84.4320 62
84.4640 84.9120 63
84.9440 85.1680 65
85.2000 85.3920 63
85.4240 86.7040 65
88.1120 88.3040 65
88.3360 88.5280 67
88.5600 88.6880 65
88.7200 88.8800 63
88.9120 88.9760 62
89.0080 89.3920 60
89.4240 89.4560 62
89.4880 89.5840 63
89.6160 90.7360 65
90.7680 90.8000 64
90.8320 90.8960 63
90.9280 91.3120 62
91.3440 91.4080 63
91.6320 91.8560 65
91.8880 92.0480 67
92.0800 92.2400 65
92.3680 92.4960 63
92.5280 92.5920 60
92.6240 92.9760 58
93.0080 93.0400 61
93.0720 93.1680 63
93.2000 93.6160 65
93.7760 94.0960 62
94.1280 94.8640 63
95.7600 95.8880 62
95.9200 96.2720 65
96.3040 96.5920 67
96.6240 97.0400 68
97.3280 97.3600 59
97.3920 97.6480 60
97.6800 97.7440 61
97.9360 98.0000 62
98.0320 98.1600 63
98.1920 98.5120 62
98.6400 99.1840 60
99.2160 99.3440 62
99.3760 99.4080 61
99.4400 99.5680 60
99.6000 99.7600 62
99.7920 99.8880 60
99.9200 101.2960 58
102.0320 102.1280 57
102.1600 102.2880 58
102.3200 102.5120 65
102.5440 102.7040 67
102.7360 102.8960 65
102.9280 103.0560 63
103.0880 103.3440 62
103.5680 103.7280 59
103.7600 103.9200 60
103.9520 104.0800 61
104.1120 104.3360 65
104.3680 104.5600 67
104.5920 104.6880 65
104.7200 104.9120 63
104.9440 105.0400 62
105.0720 105.2320 63
105.2640 105.2960 61
105.3280 105.6160 60
105.8720 106.1280 65
106.1600 106.2880 67
106.3200 106.5440 65
106.5760 106.7040 63
106.8320 106.9600 63
106.9920 107.0240 60
107.0560 107.4080 58
107.5360 107.5360 64
107.5680 107.6640 67
107.6960 107.9200 70
107.9520 107.9520 68
108.1760 108.3040 62
108.5600 108.5920 62
108.6240 109.0720 63
109.1040 109.1360 62
109.8400 110.0960 56
110.1280 110.3200 55
110.3520 110.6720 56
110.7040 110.7360 57
110.7680 110.8000 60
110.8320 110.8960 61
110.9280 111.3440 63
111.6640 111.6960 65
111.7280 111.8880 67
111.9200 112.0800 68
112.2400 112.3040 65
112.3360 112.5600 67
112.5920 112.7840 65
112.8160 113.3280 63
113.6480 114.0000 62
114.0320 114.9920 63
119.2160 119.3440 54
119.3760 119.7920 55
119.9840 120.3040 58
120.5920 120.6240 58
120.6560 120.8480 59
120.8800 121.0080 58
121.0400 121.2000 60
121.2320 121.2960 58
121.3280 121.9680 56
126.2880 126.9280 55
127.1200 127.3440 58
127.3760 127.4400 57
127.7280 127.9840 52
128.0160 128.0480 56
128.0800 128.1760 57
128.2080 128.3040 59
128.3360 128.4000 58
128.4320 129.1680 56
131.2800 131.3120 59
131.3440 131.4400 60
131.4720 131.6640 62
131.6960 131.8240 60
131.8560 132.0800 62
132.1120 132.4960 63
132.5280 132.5920 62
132.8480 133.1680 55
133.2000 133.2640 58
133.2960 133.3920 60
133.4240 133.6160 62
133.6480 133.7440 60
133.8720 134.2560 60
134.2880 134.3200 59
134.3520 134.7360 58
134.7680 134.8960 56
134.9280 134.9600 57
134.9920 135.1520 58
135.1840 136.3680 56
138.3520 138.5120 60
138.5440 138.7040 62
138.7360 138.9280 61
138.9600 139.6000 62
139.6320 140.0800 63
140.1120 140.2720 65
140.3040 140.4000 63
140.5280 140.5600 60
140.5920 140.6560 61
140.6880 140.8480 62
140.9760 141.1360 60
141.2640 141.3920 60
141.4240 141.9680 58
142.0000 142.1280 59
142.1600 142.1600 61
142.1920 142.3520 65
142.3840 143.8560 67
145.0720 145.0720 57
145.1040 145.2000 59
145.3280 145.4880 62
145.6480 146.0640 63
146.0960 147.4080 65
148.5920 148.7840 65
148.8160 148.9760 67
149.0080 149.1680 65
149.2000 149.3280 63
149.3600 149.4240 62
149.4560 149.6800 60
149.9040 150.0000 63
150.0320 150.1600 65
150.2880 151.3440 65
152.1120 152.3040 65
152.3360 152.5280 67
152.5600 152.7200 65
152.7520 152.9760 63
153.0080 153.2320 59
153.4240 153.5520 63
153.5840 154.1920 65
154.3200 154.5760 62
154.6080 155.4080 63
155.8560 156.0480 56
156.0800 156.1120 57
156.1440 156.1760 62
156.2080 156.3040 63
156.3360 156.5600 65
156.5920 156.6560 66
156.6880 156.9760 67
157.0080 157.1040 68
157.2640 157.3920 68
157.4240 157.4240 66
157.4560 157.5200 63
157.5520 157.5840 61
157.6160 158.2560 60
158.2880 158.3200 61
158.3520 158.3840 62
158.4160 158.5120 63
158.5440 158.8960 62
158.9280 158.9920 61
159.0240 159.3760 60
159.4080 159.5360 63
159.5680 159.6960 65
159.7280 159.7920 62
159.8240 159.9200 60
159.9520 160.1120 62
160.1440 160.2400 60
160.2720 161.4560 58
162.7360 162.7360 62
162.7680 162.9920 65
163.0240 163.1840 67
163.2160 163.3760 65
163.4080 163.4720 63
163.6640 163.7920 63
163.9840 164.1120 60
164.1440 164.3360 59
164.3680 164.4640 60
164.4960 164.4960 62
164.5280 164.7520 65
164.7840 164.9440 67
164.9760 165.1040 65
165.1360 165.6160 63
165.6480 165.9360 60
165.9680 166.0000 59
166.3520 166.5440 65
166.5760 166.7040 67
166.7360 166.9600 65
166.9920 167.1200 63
167.1520 167.2160 65
167.2480 167.3760 63
167.4080 167.4400 62
167.6640 167.6960 57
167.7280 167.9200 58
167.9520 167.9840 62
168.0160 168.0800 63
168.1120 168.2400 65
168.2720 169.0080 62
169.0400 169.2320 63
169.2640 169.3920 62
169.4240 169.6160 63
169.9360 170.0000 57
170.0320 170.1280 56
170.3200 170.4160 56
170.4480 170.5440 57
170.5760 170.8320 55
170.8640 171.1840 56
171.2160 171.2800 59
171.3120 171.8240 62
172.1120 172.1440 59
172.1760 172.3040 60
172.3360 172.5280 62
172.5600 172.7520 63
172.7840 172.9120 62
173.0400 173.2000 62
173.2320 173.5200 63
173.5520 173.6800 62
173.7120 173.8080 65
173.8400 174.0320 67
174.0640 174.1920 65
174.2240 174.5440 67
174.5760 175.0240 65
175.0560 175.1200 64
175.1520 175.2160 65
175.2480 175.3120 64
175.3440 175.7280 65
175.7600 175.8240 64
175.8560 175.9520 65
176.9760 177.1680 65
177.2000 177.3600 67
177.3920 177.5840 65
177.7120 177.8720 63
177.9040 177.9360 61
177.9680 178.1600 60
178.1920 178.2240 61
178.2560 178.3200 62
178.3520 178.4480 63
178.4800 178.5760 65
178.6080 178.6720 64
178.7040 179.8560 65
180.5280 180.5920 66
180.6240 180.7520 65
180.7840 180.9120 67
180.9440 181.1360 65
181.2640 181.3920 63
181.4240 181.5520 59
181.5840 181.8080 58
181.8400 181.8720 59
181.9040 181.9040 61
181.9360 182.0320 63
182.0640 182.5120 65
182.6400 182.9920 62
183.0240 183.8240 63
184.4000 184.5600 68
184.5920 184.7840 63
184.8160 185.1360 65
185.1680 185.4880 67
185.5200 185.9680 68
186.2240 186.5440 60
186.5760 186.6400 61
186.8320 186.8640 62
186.8960 187.0560 63
187.0880 187.4080 62
187.4400 187.6640 60
187.6960 187.9520 61
187.9840 188.0480 63
188.0800 188.2080 65
188.2400 188.2720 63
188.3040 188.4640 61
188.4960 188.6560 62
188.6880 188.7520 60
188.7840 189.8720 58
190.5120 190.7360 56
191.2480 191.3760 65
191.4080 191.4400 66
191.4720 191.6320 67
191.6640 191.8560 65
191.8880 191.9520 63
191.9840 192.0800 62
192.1120 192.1760 63
192.2080 192.2720 62
192.4960 192.7840 59
192.8160 192.9440 60
192.9760 193.0400 63
193.0720 193.2000 65
193.2320 193.3600 67
193.3920 193.5520 65
193.5840 193.9360 63
193.9680 194.0640 62
194.0960 194.4480 60
194.7680 195.0240 65
195.0560 195.1840 67
195.2160 195.4400 65
195.4720 195.8880 63
195.9200 196.3040 58
196.4320 196.4320 62
196.4640 196.4640 64
196.4960 196.5280 67
196.5600 196.5920 68
196.6240 196.8160 70
197.0400 197.1680 62
197.3920 198.0960 63
198.5440 198.6720 58
198.7040 198.9280 56
198.9600 199.1200 55
199.2480 199.5360 56
199.5680 199.6960 57
199.7280 199.8240 60
199.8560 200.2080 63
200.4320 200.4960 66
200.5280 200.7840 67
200.8160 200.9440 68
201.0720 201.1680 65
201.2000 201.3920 67
201.4240 201.6480 65
201.6800 202.2560 63
202.3840 202.6720 62
202.7040 202.7680 63
202.8000 202.9280 65
202.9600 204.7840 63
205.2000 205.2640 68
205.2960 205.3600 64
205.3920 205.4240 65
205.4560 205.5200 66
205.5520 205.6480 65
205.6800 205.8720 63
205.9040 205.9680 66
206.0000 206.1600 67
206.1920 206.2560 66
206.2880 208.2080 67
208.2400 208.3680 66
208.5280 208.6560 67
208.6880 208.7200 66
215.8560 215.9840 62
216.1760 216.2400 62
216.9440 217.0720 60
217.1040 217.2320 61
217.4240 218.0320 63
218.0640 218.4800 60
218.5120 218.7360 62
218.7680 219.0880 63
219.2160 219.3760 63
219.4080 220.0800 65
220.5600 220.5920 65
220.6240 220.7520 63
220.9760 221.5840 65
221.6160 222.0640 62
222.0960 222.2880 63
222.3200 222.8960 65
222.9280 223.6000 67
223.7600 223.8240 65
223.8560 224.0480 64
224.0800 224.1760 67
224.2080 224.4640 68
224.4960 224.6880 67
224.7200 224.7200 65
224.7520 225.3280 63
225.3600 225.3920 64
225.4240 225.5200 67
225.5520 225.8080 68
225.8400 226.0320 67
226.0640 226.6400 63
226.7680 226.8640 67
226.8960 227.1200 68
227.2160 227.3120 66
227.3440 227.4720 67
227.5040 227.5680 65
227.7280 227.8240 63
227.8560 228.4320 65
228.4640 228.5280 64
228.5600 229.2000 65
229.2320 229.2320 67
229.2640 229.3600 69
229.3920 229.3920 67
229.4240 229.5200 65
229.5520 230.4480 66
230.4800 230.6080 65
230.6400 230.7360 64
230.7680 230.9280 65
231.2480 231.3440 68
232.1120 232.2720 66
232.3040 232.3360 67
232.3680 232.4960 68
232.5280 232.5600 67
232.5920 232.7200 66
232.7520 232.7840 65
232.8160 232.9120 64
232.9440 232.9760 63
233.0080 233.3920 62
233.4240 233.5520 64
233.5840 235.1200 66
235.5360 235.7600 66
235.7920 235.8240 67
235.8560 236.0480 68
236.0800 236.2080 66
236.3360 236.4320 64
236.4640 236.4960 62
236.5280 236.5600 60
236.5920 236.9440 59
236.9760 237.0080 62
237.0400 237.0720 63
237.1040 237.5840 66
237.7440 238.1280 63
238.1600 238.2560 64
238.2880 238.3840 66
238.4160 239.0880 64
239.1200 239.1520 63
239.3120 239.5680 59
239.6960 239.7280 63
239.7600 239.8560 64
239.8880 240.1120 66
240.1440 240.2080 67
240.2400 240.5280 68
240.5600 241.0720 69
241.3280 241.7120 61
241.9040 241.9680 62
242.0000 242.4480 63
242.5760 242.8960 61
242.9280 243.0560 60
243.0880 243.1520 65
243.1840 243.3440 66
243.3760 243.3760 64
243.5040 243.5680 61
243.6000 243.7600 62
243.7920 243.8880 61
243.9200 244.6240 59
244.6560 244.6880 57
244.7520 244.7840 57
244.8160 244.9120 59
244.9440 245.5200 61
245.5520 245.6480 60
245.6800 245.7120 59
246.1280 246.1920 61
246.3200 246.4800 66
246.5120 246.5440 67
246.5760 246.6720 68
246.7040 246.8960 66
246.9280 247.0240 65
247.0560 247.3120 64
247.5360 247.9840 61
248.1120 248.2400 66
248.2720 248.3040 67
248.3360 248.4320 68
248.4640 248.5280 69
248.5600 248.6880 66
248.7200 248.7840 65
248.8160 249.1680 64
249.2000 249.2320 62
249.2640 249.4880 61
249.5200 249.5840 62
249.8080 250.0960 66
250.1280 250.2560 68
250.2880 250.3520 65
250.3840 250.5120 66
250.5440 250.6080 64
250.6400 250.7680 65
250.8000 250.8640 67
250.8960 250.9280 64
251.1520 251.3440 59
251.5360 251.5360 67
251.5680 251.6640 69
251.6960 251.9840 71
252.4640 252.4960 63
252.5280 253.2000 64
253.6480 253.9360 57
253.9680 254.0640 58
254.0960 254.2880 56
254.3200 254.6720 57
254.7040 254.7680 58
254.8000 254.8640 61
254.8960 255.3120 64
255.6320 255.6320 65
255.6640 255.8880 68
255.9200 256.0160 69
256.1440 256.2720 67
256.3040 256.4640 68
256.4960 256.5280 67
256.5600 256.7200 66
256.7520 257.3600 64
257.6160 257.8400 63
257.8720 257.9360 64
257.9680 258.0000 65
258.0320 258.1280 66
258.1600 259.5680 64
260.3040 260.3360 59
260.3680 260.4960 60
260.5280 260.5280 63
260.5600 260.7200 66
260.7520 260.7840 67
260.8160 260.9440 68
260.9760 261.1680 66
261.2000 261.2320 65
261.2640 261.2960 64
261.3280 261.5520 63
261.8080 262.2240 61
262.3200 262.3200 62
262.3520 262.5440 66
262.5760 262.7680 68
262.8000 262.9600 66
262.9920 263.4080 64
263.4400 263.4720 62
263.5040 263.6960 61
263.7280 263.8560 62
264.1120 264.3680 66
264.4000 264.5280 68
264.5600 264.7200 66
264.7520 264.7840 65
264.8160 265.2000 64
265.2320 265.2960 61
265.3280 265.6480 59
265.7120 265.7440 63
265.7760 265.8080 68
265.8400 265.9040 69
265.9360 266.0960 71
266.1280 266.1600 70
266.3840 266.5120 63
266.7360 266.8320 64
266.8640 266.9920 66
267.0240 267.4080 64
268.1760 268.2720 57
268.3040 268.4960 56
268.6240 268.8800 57
268.9120 269.0080 58
269.0400 269.0400 60
269.0720 269.1680 62
269.2000 269.5840 64
269.6160 269.6480 63
270.0640 270.0960 65
270.1280 270.3520 68
270.3840 270.5440 69
270.7360 270.7680 66
270.8000 270.8320 67
270.8640 270.9600 68
270.9920 271.0880 67
271.1200 271.2160 66
271.2480 271.2800 65
271.3120 271.8240 64
273.9040 274.0000 61
274.0320 274.0640 62
274.0960 274.4800 63
274.5120 275.5360 64
281.5840 281.6800 57
281.8400 282.1280 56
291.5680 291.8560 55
325.6800 325.8080 65
325.8400 326.0320 67
326.0640 326.1920 65
326.3520 326.4160 63
326.4480 326.5440 62
326.5760 326.8000 61
327.0240 327.1200 63
327.1520 328.3360 65
329.2320 329.3920 65
329.4240 329.5200 67
329.5520 329.5840 66
329.6160 329.7760 65
329.9040 330.0000 63
330.1280 330.4480 59
330.4800 330.5120 60
330.5440 330.5760 62
330.6080 330.6720 63
330.7040 330.8320 65
330.9600 331.1200 65
331.2800 331.5360 62
331.6640 332.4000 63
333.2640 333.4240 63
333.4560 333.8080 65
333.8400 334.1280 67
334.1600 334.6080 68
334.8960 334.9920 61
335.0240 335.2800 60
335.4720 335.5360 62
335.5680 335.7280 63
335.7600 336.0160 62
336.0480 336.0800 61
336.1120 336.4320 60
336.5280 336.5920 61
336.6240 336.6880 63
336.7200 336.7840 64
337.0080 337.1040 61
337.1360 337.2320 62
337.2640 337.2960 61
337.3280 337.3600 60
337.3920 337.4240 59
337.4560 338.4800 58
339.8880 340.0160 65
340.0480 340.0800 66
340.1120 340.2400 67
340.3680 340.4640 65
340.4960 340.5280 64
340.5600 340.8160 63
340.8480 340.8800 62
341.1360 341.3920 60
341.4560 341.4880 60
341.5200 341.5840 61
341.6160 341.6480 62
341.6800 341.8080 65
341.8400 341.8720 66
341.9040 342.0320 67
342.0640 342.2240 65
342.2560 342.3840 63
342.4160 342.6400 62
342.6720 342.7040 61
342.7360 342.9920 60
343.4400 343.6640 65
343.6960 343.8240 67
343.8560 344.0800 65
344.1120 344.5280 63
344.5600 344.5920 60
344.6240 344.7520 59
344.7840 344.9120 58
345.1680 345.2640 57
345.2960 345.4560 58
345.6800 345.8080 62
346.0320 346.6400 63
347.4080 347.5040 57
347.6640 347.7600 56
347.9200 348.1120 56
348.1440 348.2400 57
348.2720 348.3360 58
348.3680 348.4000 59
348.4320 348.4960 60
348.5280 348.5600 62
348.5920 348.8480 63
349.2000 349.2320 66
349.2640 349.4240 67
349.4560 349.5840 68
349.7120 349.8400 65
349.8720 350.0320 67
350.0640 350.2560 65
350.2880 350.3200 64
350.3520 350.8640 63
351.0240 351.3120 62
351.3440 351.4080 63
351.4400 351.4400 64
351.4720 351.5680 65
351.6000 353.2000 63
