6.6080 6.7040 53
14.0640 14.1600 50
14.3840 14.5120 50
41.0080 41.0720 57
41.1040 41.1680 58
41.2000 41.2320 59
41.2640 41.4560 60
41.4880 41.7120 61
41.8720 42.0000 60
42.0320 42.0640 59
42.1920 42.2560 58
42.2880 42.3200 59
42.3520 42.6400 60
43.1200 43.1840 58
43.2160 43.2480 59
43.2800 43.4720 60
43.5040 43.7280 61
43.8880 43.9520 60
43.9840 44.0480 59
44.0800 44.2400 58
44.2720 44.3040 59
44.3360 44.5920 60
45.1040 45.2000 58
45.2320 45.2640 59
45.2960 45.5200 60
45.5520 45.7440 61
45.7760 46.0320 60
46.1600 46.4160 58
46.5440 46.8000 56
46.8320 47.1520 58
47.1840 47.2160 59
47.2480 47.3760 60
47.4080 47.9840 61
48.2080 48.4960 56
48.8480 49.0080 55
49.1360 49.2640 56
49.2960 49.3280 57
49.3600 49.7120 58
49.7440 49.7760 57
49.8080 50.0000 56
50.0320 50.2560 55
50.2880 50.5440 56
50.8320 50.9280 51
50.9600 51.3440 52
51.3760 51.4720 53
51.8880 52.5280 60
53.1680 53.2640 58
53.2960 53.5840 56
53.6160 53.8080 58
53.8400 53.9680 56
54.0000 54.2240 58
54.3840 54.5120 60
54.5440 54.7680 56
54.8960 55.2480 58
55.3760 55.6000 60
55.6320 55.7600 58
55.7920 55.9520 56
55.9840 56.0800 55
56.1120 56.4320 52
57.0080 57.0720 57
57.1040 57.1680 58
57.2000 57.2320 59
57.2640 57.4240 60
57.4560 57.7120 61
57.8400 58.0000 60
58.1600 58.2560 58
58.2880 58.3200 59
58.3520 58.7040 60
59.1200 59.1520 58
59.1840 59.2160 59
59.2480 59.4400 60
59.4720 59.8560 61
59.8880 59.9200 62
59.9520 60.6240 63
60.6560 60.6880 62
61.0720 61.1040 58
61.1360 61.2000 59
61.2320 61.3600 60
61.5200 61.7440 61
61.7760 61.8080 62
61.8400 61.9680 63
62.1280 62.3840 63
62.4160 62.4160 65
62.4480 62.5440 67
62.5760 62.7040 68
62.7360 63.0240 67
63.0560 63.3760 63
63.4080 63.5040 58
63.5360 63.5680 59
63.6000 63.6960 60
63.8240 63.9200 58
63.9520 64.1760 59
64.2080 64.3360 58
64.3680 64.4000 57
64.4320 64.4960 56
64.8800 64.9760 55
65.1360 65.2960 56
65.3280 65.7760 58
65.8080 65.8720 57
65.9040 66.4800 56
66.9280 66.9920 52
67.1200 67.3760 52
67.8240 67.8880 60
67.9200 68.0800 61
68.1120 68.6560 60
69.0720 69.1040 56
69.1360 69.3280 57
69.3600 69.4880 56
69.6160 69.8400 58
69.8720 70.0640 57
70.0960 70.4480 58
70.4800 70.5120 59
70.5440 70.7040 60
70.8960 70.9920 56
71.0240 71.0560 57
71.0880 71.2800 58
71.3120 71.5040 56
71.5360 71.5680 57
71.6000 71.7280 58
71.8560 72.1120 56
72.1440 72.3360 58
72.3680 72.4960 60
72.6560 72.8480 57
72.8800 72.9120 60
72.9440 73.0080 61
73.0400 73.0720 62
73.1040 74.0000 63
74.5760 74.6720 61
74.7040 74.7360 62
74.7680 74.9920 63
75.0240 75.0880 62
75.1200 75.2800 59
75.3120 76.0800 61
76.2080 76.4640 58
76.4960 76.9120 59
76.9440 76.9440 62
76.9760 77.1040 65
77.1360 83.1840 66
83.5040 83.5360 65
83.5680 83.6640 66
83.6960 83.7600 68
83.7920 83.8240 67
83.8560 84.2400 66
84.2720 84.2720 64
84.3040 84.3360 62
84.3680 84.4640 61
84.4960 84.5280 62
84.5600 84.7520 63
84.7840 84.8160 62
84.8480 85.2960 61
85.3280 86.0640 59
86.3200 86.4480 66
86.4800 86.5440 68
86.5760 86.6080 67
86.6400 86.7680 66
86.8000 86.9280 63
86.9600 87.0240 62
87.0560 87.1520 59
87.1840 87.2480 60
87.3760 87.6640 63
87.8560 88.0160 63
88.0480 88.2400 64
88.3680 88.4640 61
88.4960 88.6240 63
88.8800 89.0400 59
89.0720 89.0720 62
89.1040 89.2320 64
89.2640 89.3280 62
89.3600 89.5840 63
89.6160 89.7760 64
89.8080 90.0000 63
90.0320 90.3840 64
90.4160 90.5120 65
90.5440 90.7360 66
90.9600 91.0880 60
91.1200 91.1840 61
91.2160 91.3760 62
91.4080 91.7600 61
91.7920 91.8240 62
91.8560 92.1120 63
92.2400 92.5600 58
92.5920 92.7840 59
92.8160 92.8480 60
92.8800 92.9440 62
92.9760 93.0720 64
93.1040 97.3920 66
97.4240 97.4240 68
97.4560 97.6160 70
97.6480 97.8720 71
98.0000 98.1280 65
98.1600 98.9280 66
99.6000 99.6960 66
99.7280 99.8560 68
99.8880 100.2720 66
100.4000 100.5280 61
100.5600 100.7520 63
100.7840 100.8160 62
100.8480 101.3280 61
101.3600 101.7440 59
101.9360 102.0640 70
102.0960 102.4800 71
102.5120 102.7680 70
102.8000 103.0880 71
103.1200 103.2160 68
103.2480 103.5040 70
103.5360 103.5680 67
103.6000 104.0160 66
104.0480 104.2080 68
104.3680 104.4640 64
104.4960 104.6560 66
104.8480 104.9440 59
105.1040 105.2960 64
105.3280 105.5520 63
105.5840 105.7760 64
105.8080 106.0640 63
106.0960 106.2240 64
106.3840 106.4480 64
106.4800 106.7040 66
106.8320 107.1840 59
107.2160 108.0800 61
108.5920 108.8800 59
109.0720 109.2000 61
109.2320 109.5520 63
109.5840 109.7440 66
109.7760 109.9680 68
110.0960 110.2240 61
110.2560 110.5120 63
110.5440 111.7920 61
111.8240 112.1120 63
112.1440 112.3040 61
112.3360 112.4960 59
112.6240 112.7520 58
112.9120 113.0400 59
113.0720 113.5200 61
113.6480 113.7760 61
113.8080 114.0320 63
114.0640 115.3760 59
115.5360 115.9840 56
117.1360 117.9680 63
118.1280 118.2560 58
118.2880 118.5120 59
118.7360 118.9600 56
118.9920 119.0560 55
119.0880 119.1520 54
119.2800 119.5360 54
120.1120 120.2720 59
120.3040 120.5600 61
120.5920 121.0080 59
121.2000 121.3600 58
121.3920 123.5680 59
142.7360 143.6640 63
143.6960 143.8240 62
143.9520 144.2080 58
144.2400 144.4320 60
144.4640 144.7520 61
144.7840 145.0080 60
145.1680 145.2960 58
145.3280 146.0640 60
146.0960 146.2240 58
146.2560 146.2880 59
146.3200 146.4160 60
146.4480 146.7040 61
146.8320 146.8640 60
146.8960 146.9920 61
147.0240 147.4400 63
148.0800 148.1440 58
148.1760 148.3360 59
148.4960 148.7840 61
148.8160 148.9760 63
149.1360 149.2000 62
149.2320 149.3280 63
149.4560 149.5520 66
149.5840 149.7440 67
149.7760 149.8400 65
149.8720 149.9680 66
150.0000 150.0320 65
150.2240 150.4160 60
150.4480 150.5760 58
150.6080 150.6720 59
150.8640 150.9280 58
150.9600 151.1200 59
151.1520 151.2800 58
151.3120 151.3440 57
151.3760 151.5040 56
151.8560 151.9520 55
152.1120 152.2720 56
152.3040 152.6880 58
152.7200 152.8160 59
152.8480 152.9440 58
152.9760 153.0720 57
153.1040 153.4240 56
153.4560 153.4880 55
153.8080 153.8400 50
153.8720 154.0000 52
154.1280 154.3200 50
154.3520 154.4800 51
154.8000 154.8320 59
154.8640 155.5680 60
155.6000 155.6960 61
155.7280 155.8880 62
156.1120 156.2400 57
156.3680 156.4640 56
156.5920 156.8480 58
156.8800 157.1040 56
157.1360 157.5200 58
157.5520 157.7120 60
157.8720 158.0000 56
158.0320 158.2560 58
158.3840 158.5120 56
158.5440 158.7040 58
158.8320 159.0560 56
159.0880 159.3120 58
159.3440 159.5360 60
159.5680 159.7920 56
159.8240 159.8560 59
159.8880 159.9520 61
159.9840 161.1360 63
161.1680 161.7440 65
161.9040 161.9680 61
162.0000 162.6080 63
162.7360 163.0560 61
163.7600 163.9200 61
163.9520 163.9840 64
164.0160 170.2240 66
170.5120 170.5440 65
170.5760 170.6720 66
170.7040 170.7680 68
170.8000 170.8320 67
170.8640 171.2480 66
171.2800 171.3120 63
171.3440 171.5040 61
171.5360 171.7920 63
171.8240 172.3040 61
172.3360 173.0720 59
173.2960 173.3280 65
173.3600 173.4560 66
173.4880 173.5520 68
173.5840 173.6480 67
173.6800 173.7760 66
173.8080 173.9360 63
173.9680 174.0320 62
174.0640 174.2240 60
174.3840 174.6720 63
174.8640 175.0240 63
175.0560 175.1840 64
175.2160 175.2480 63
175.3760 175.4720 61
175.5040 175.6320 63
175.8880 175.9840 59
176.1120 176.2400 64
176.2720 176.3360 62
176.3680 176.5920 63
176.6240 176.7840 64
176.8160 177.0080 63
177.0400 177.4240 64
177.4560 177.7120 66
178.1280 178.1600 61
178.1920 178.3840 62
178.4160 178.7680 61
178.8000 178.8320 62
178.8640 179.1200 63
179.2480 179.5360 58
179.5680 179.7920 59
179.9200 179.9520 63
179.9840 180.0800 64
180.1120 184.3040 66
184.3360 184.3360 68
184.3680 184.4960 70
184.5280 184.7520 71
184.7840 184.7840 69
184.8160 185.0400 65
185.0720 186.0320 66
186.5760 186.7040 66
186.7360 186.8640 68
186.8960 187.3120 66
187.3440 187.5360 61
187.5680 187.7600 63
187.7920 187.8240 62
187.8560 188.3360 61
188.3680 188.7520 59
188.9440 189.0720 70
189.1040 189.5200 71
189.5520 189.7760 70
189.8080 190.0640 71
190.0960 190.2240 68
190.2560 190.5120 70
190.5440 190.6400 67
190.6720 190.9600 66
190.9920 191.0240 67
191.0560 191.2160 68
191.3440 191.4720 64
191.5040 191.6320 66
191.8240 191.9520 59
192.1120 192.3040 64
192.3360 192.5600 63
192.5920 192.7840 64
192.8160 193.0720 63
193.1040 193.2320 64
193.3920 193.4560 64
193.4880 193.5200 65
193.5520 193.6800 66
193.8400 194.1920 59
194.2240 195.1520 61
195.6000 195.8880 59
196.0800 196.2080 61
196.2400 196.5600 63
196.5920 196.6240 65
196.6560 196.7520 66
196.7840 196.9760 68
197.1040 197.2000 61
197.2320 197.4880 63
197.5200 198.7680 61
198.8000 199.0880 63
199.1200 199.2800 61
199.3120 199.4400 59
199.4720 199.7280 58
199.9200 199.9840 59
200.0160 200.0480 60
200.0800 200.5280 61
200.6560 200.7200 61
200.7520 201.0400 63
201.0720 201.4560 59
201.4880 202.0320 63
202.0640 202.1280 61
202.1600 202.2880 59
202.3200 203.0560 61
203.0880 204.6560 59
206.1280 206.1920 57
206.2240 208.0800 59
208.1120 208.2400 63
208.2720 211.0560 66
211.2800 211.5360 58
211.5680 211.7280 59
211.8560 211.8880 63
211.9200 211.9520 64
211.9840 213.7440 66
213.7760 214.7360 62
214.7680 216.1120 66
216.1440 217.9040 62
217.9360 218.3520 63
218.5760 218.6400 66
218.6720 218.8320 67
218.8640 219.2480 66
219.2800 219.5360 61
219.5680 219.7600 63
219.7920 219.9840 61
220.0800 220.3040 61
220.3360 220.7200 59
220.9120 221.3920 59
221.4240 221.6160 68
221.6480 221.7440 70
221.7760 221.7760 67
221.8080 222.0320 63
222.0640 222.2560 58
222.3840 222.5760 63
223.1520 223.2160 63
223.4080 223.5360 62
223.5680 224.0800 59
224.1120 224.2720 64
224.3040 224.3680 62
224.4000 224.5280 63
224.5600 224.7840 64
224.8160 225.0400 63
225.0720 225.3920 64
225.4240 225.6160 65
225.6480 225.7440 66
226.0960 226.1920 61
226.2240 226.3520 63
226.3840 226.4160 62
226.4480 226.8000 61
226.8320 227.2800 63
227.3120 227.5360 58
227.5680 227.8560 59
227.8880 227.9520 63
227.9840 228.0480 64
228.0800 229.5840 66
229.6160 229.7120 65
229.7440 230.3520 66
230.3840 230.4160 71
230.4480 230.8000 72
230.8320 232.0480 66
232.0800 232.1760 61
232.2080 232.3040 62
232.3360 232.3360 64
232.3680 232.3680 67
232.4000 232.5280 71
232.5600 232.8160 73
232.9440 233.0720 70
233.1040 234.2560 71
234.6080 234.7040 66
234.7360 234.8640 68
234.8960 235.2800 66
235.3120 235.5040 62
235.5360 235.7920 63
235.8240 236.3040 61
236.3360 236.7200 59
236.9760 237.0720 70
237.1040 237.4560 71
237.6160 237.7760 70
237.8080 238.0320 71
238.0640 238.2240 68
238.2560 238.4800 70
238.7680 238.9920 66
239.1520 239.2480 67
239.3760 239.4080 64
239.4400 239.4720 65
239.5040 239.6320 66
239.7600 239.9200 59
240.0800 240.3040 64
240.3360 240.5280 63
240.5600 240.7520 64
240.7840 241.0400 63
241.0720 241.2000 64
241.3600 241.4240 64
241.4560 241.4880 65
241.5200 241.6800 66
241.8400 242.2240 59
242.2560 243.0560 61
243.6320 243.8880 59
244.1120 244.1440 61
244.1760 244.5280 63
244.5600 244.5920 65
244.6240 244.7520 66
244.7840 245.0080 68
245.1360 245.1680 61
245.2000 245.5200 63
245.5520 246.8000 61
246.8320 247.0880 63
247.1200 247.3120 61
247.3440 247.5040 59
247.6640 247.7920 58
247.9520 248.1120 59
248.1440 248.5280 61
248.5600 248.6880 60
248.7200 248.8160 61
248.8480 248.9440 63
248.9760 249.0400 62
249.0720 250.7360 59
252.1120 252.5600 64
252.5920 252.7520 62
252.7840 252.9760 63
253.1040 253.4560 59
253.6160 254.4160 55
255.2160 255.3760 59
255.4080 255.7280 61
255.7600 256.1440 59
256.3040 256.4640 58
256.4960 258.2560 59
273.6160 273.8720 66
