15.1520 15.1840 55
15.2160 15.2800 56
15.4080 15.8560 57
15.8880 15.9840 58
16.0160 16.2400 59
16.5280 16.8160 57
16.9760 17.1360 56
17.2960 17.5840 55
17.7440 18.1600 54
18.3520 18.4160 55
18.4480 18.5760 56
18.6080 19.4080 57
19.6320 19.9200 55
20.0800 20.5920 55
20.7840 20.8800 55
22.6720 23.0560 57
23.1840 23.2480 58
23.2800 23.5680 59
23.6000 23.6320 58
23.7920 24.1440 57
24.3360 24.4320 57
24.5600 24.8480 55
25.0080 25.2960 54
25.6800 25.7120 55
25.7440 25.8400 56
25.8720 26.0000 57
26.0320 26.3840 58
26.4160 26.5120 59
26.5440 26.5760 58
26.8320 27.1520 56
29.7440 30.1280 54
30.6080 30.6080 59
30.6400 30.7040 62
30.7360 31.2800 65
31.8560 32.1120 60
32.1440 32.1760 59
32.2080 32.4960 58
33.0080 33.1040 56
33.1360 33.3280 57
33.3600 33.6160 58
33.6480 33.9360 59
34.1600 34.4480 56
34.6080 35.4080 55
37.1040 37.7760 62
37.9680 37.9680 61
38.0000 38.4800 65
39.1520 39.3760 60
39.5680 39.7280 58
39.7600 39.8560 57
40.2080 40.3040 55
40.3360 40.4000 56
40.4320 40.5280 57
40.6560 40.9120 58
40.9440 41.1040 60
41.1360 41.2000 61
41.3600 41.3920 67
41.4240 41.6480 69
41.6800 43.8880 67
44.4960 44.6240 61
44.6560 44.6560 63
44.6880 44.6880 65
44.7200 44.8160 67
44.8480 45.1360 69
45.1680 45.3920 67
45.4240 45.7760 65
45.8080 46.2880 64
46.3200 46.6400 65
46.7680 46.8640 70
46.8960 47.5040 72
47.8240 47.9520 69
47.9840 48.1760 70
48.3360 48.4000 68
48.4320 48.4960 69
48.5280 48.5920 66
48.6240 49.0720 65
49.2960 49.5520 60
49.5840 49.6480 63
49.6800 49.7440 67
49.7760 50.1920 69
50.4480 50.6080 65
50.6400 51.1840 67
51.5040 51.7920 60
51.8240 51.8560 63
51.8880 52.0480 67
52.0800 52.3360 69
52.3680 52.4640 68
52.4960 52.5920 67
52.6240 53.0720 65
53.1040 53.4880 64
53.5200 53.5840 63
53.6160 53.9040 65
54.0320 54.1280 71
54.1600 54.8640 72
55.1840 55.2480 68
55.2800 55.5040 70
55.6960 55.8240 69
55.8560 55.8880 67
55.9200 56.2400 65
56.2720 56.3680 64
56.5920 56.8800 60
57.0720 57.5200 69
57.7760 57.9040 65
57.9360 58.7680 67
58.9920 59.2160 69
59.2480 59.3760 67
59.4080 59.6000 69
59.7600 59.9200 67
59.9520 60.0800 65
60.2080 60.4000 65
60.4320 60.8160 64
60.9440 61.2000 65
61.3920 61.4560 74
61.4880 61.5200 75
61.5520 61.7760 76
61.8080 62.1600 77
62.4800 62.5440 70
62.5760 62.9600 72
62.9920 63.0240 71
63.0560 63.5360 70
63.8240 63.9520 67
63.9840 64.2080 69
64.2400 64.5600 70
64.5920 64.8160 72
65.0720 65.1040 67
65.1360 65.1680 68
65.2000 65.3600 69
65.3920 65.8080 67
65.8400 65.9040 68
66.0960 66.2880 70
66.3200 66.5120 68
66.5440 66.7040 69
66.7360 66.8640 67
67.0880 67.1840 67
67.4080 67.4720 66
67.5040 67.6320 67
67.6640 69.3280 65
70.6080 70.7680 62
70.8000 70.8960 63
71.0880 71.1520 63
71.1840 71.2160 64
71.2480 71.3760 65
71.4080 71.4400 64
71.4720 71.5040 63
71.5360 72.0480 59
72.2720 72.3680 67
72.4000 72.5920 69
72.6240 73.0720 67
73.1040 73.5520 65
73.5840 73.6800 62
73.7120 73.9040 64
74.1280 74.7040 65
74.7360 74.7680 63
74.8000 76.3040 62
76.4320 76.4960 63
77.0720 77.3920 64
83.3120 83.9840 65
84.0160 84.7200 64
84.9120 84.9760 61
85.0080 85.1360 60
85.7440 86.0000 60
86.3520 86.4800 60
86.6080 87.0240 60
87.2800 87.8880 60
89.8080 90.3840 57
90.4160 90.5120 59
90.5440 90.8000 60
91.1200 91.9200 57
91.9520 92.1440 55
92.1760 92.4640 54
92.9440 92.9760 55
93.0080 93.0720 56
93.1040 93.2000 57
93.3600 93.4560 57
93.6480 94.0000 57
94.2240 94.2880 56
94.3200 94.4160 55
94.5440 95.1520 55
97.0080 97.3280 57
97.4560 97.6480 57
97.6800 97.7440 58
97.7760 97.8080 59
97.8400 98.0000 60
98.0320 98.1280 59
98.3520 98.9280 56
99.0880 99.1840 56
99.2160 99.3760 55
99.4080 99.8240 54
100.2400 100.4000 57
100.4320 100.7520 58
100.7840 100.8160 59
100.8480 101.1040 60
101.1360 101.2000 59
101.2320 101.2640 57
101.3280 101.6160 57
101.7760 102.5440 55
104.2720 104.4000 55
104.4320 104.4960 56
104.5280 104.9440 57
104.9760 105.0400 58
105.0720 105.1040 59
105.1360 105.2000 63
105.2320 105.7760 65
105.9360 106.0320 65
106.3840 106.6720 60
106.7040 107.0560 59
107.0880 107.1840 58
107.5680 107.7600 57
107.7920 108.0800 58
108.1120 108.1440 59
108.1760 108.3680 60
108.6240 108.9120 56
109.0720 109.6800 54
111.6960 112.3360 62
112.5280 113.0400 65
113.3280 113.4240 67
113.6480 113.8080 61
113.8400 113.9360 60
113.9680 114.0000 59
114.0320 114.3840 58
114.8640 115.4080 58
115.4400 115.6960 59
115.9200 115.9840 68
116.0160 116.1760 69
116.2080 116.4000 67
116.5920 116.8160 67
117.2640 117.3920 61
117.4240 117.4240 63
117.4560 117.4560 65
117.4880 117.5840 67
117.6160 117.9040 69
117.9360 118.0960 67
118.1280 118.1920 66
118.2240 118.5120 65
118.5440 118.9280 64
118.9600 119.0560 63
119.0880 119.3760 65
119.5360 119.6320 70
119.6640 120.5280 72
120.5600 120.5600 70
120.5920 120.7200 68
120.7520 120.9120 70
121.0720 121.1680 70
121.2000 121.2640 69
121.2960 121.8400 65
122.0000 122.3520 60
122.3840 122.4160 61
122.4480 122.4800 68
122.5120 122.9280 69
123.2160 123.3440 65
123.3760 123.9840 67
124.2400 124.4640 60
124.4960 124.6240 61
124.6560 124.6560 63
124.6880 124.6880 65
124.7200 124.8160 67
124.8480 125.2640 69
125.2960 125.3600 67
125.3920 125.8080 65
125.8400 126.3520 64
126.3840 126.6720 65
126.8320 126.9280 70
126.9600 127.5680 72
127.9520 127.9840 68
128.0160 128.2720 70
128.4000 128.5920 68
128.6240 129.1040 65
129.1360 129.1680 63
129.2000 129.4880 60
129.5200 129.5840 61
129.7120 129.8080 67
129.8400 130.2240 69
130.3520 130.4480 69
130.6400 130.8000 68
130.8320 131.7280 67
131.7600 131.8880 69
131.9200 132.1120 68
132.1440 132.3680 69
132.4960 132.6240 67
132.6560 132.7840 65
132.9440 133.1040 65
133.1360 133.4880 64
133.6800 133.9040 65
134.0640 134.1280 74
134.1600 134.1920 75
134.2240 134.4800 76
134.5120 134.8320 77
135.1840 135.2480 70
135.2800 135.6960 72
135.7280 136.2080 70
136.3680 136.4640 69
136.4960 136.5280 68
136.5600 136.6240 67
136.6560 136.9120 69
136.9440 137.2000 70
137.2320 137.4560 72
137.7440 137.8400 67
137.8720 138.0320 69
138.0640 138.7360 67
138.7680 138.9920 70
139.0240 139.1840 67
139.2160 139.4080 69
139.4400 139.6320 68
139.8240 139.9840 67
140.0160 140.0480 66
140.0800 140.1440 65
140.1760 140.3360 67
140.3680 142.6400 65
143.0240 143.1200 65
143.4080 143.5680 62
143.6000 143.8880 64
143.9200 144.1440 65
144.1760 144.1760 63
144.5280 144.7840 58
144.9760 145.0400 67
145.0720 145.3280 69
145.3600 145.6160 68
145.6480 145.7760 67
145.8080 146.2560 65
146.2880 146.4160 63
146.4480 146.9280 64
146.9600 147.2800 65
147.3120 147.4080 64
147.4400 148.7520 62
154.8960 155.2800 65
162.4480 162.5760 58
162.6080 162.8320 62
162.9600 163.0880 62
163.1200 163.1200 64
163.1520 163.3760 67
163.4080 163.5680 69
163.6000 163.8560 67
164.2720 164.3040 59
164.3360 164.4000 61
164.5280 164.8480 64
165.0080 165.2000 72
165.2320 165.3280 74
165.4560 165.7760 72
166.1920 166.1920 65
166.2240 166.4800 67
166.6080 166.7360 67
166.7680 167.1200 60
167.3120 167.4080 68
167.4400 167.8880 70
167.9200 168.0800 72
168.1120 168.1760 69
168.2080 168.2720 67
168.3040 168.5600 69
168.9120 169.0400 67
169.0720 169.3600 69
169.3920 169.5200 70
169.8720 170.1280 69
170.1600 170.3200 70
170.8960 170.9920 69
171.1520 171.2160 68
171.2480 171.4080 70
171.5680 171.8880 69
171.9200 172.1120 70
172.3040 172.4320 70
172.4640 172.7840 72
172.8160 173.0400 71
173.0720 175.7600 72
178.8320 178.9920 60
179.0240 179.0880 61
179.3760 179.4400 67
179.4720 179.6640 69
179.6960 179.7280 68
179.7600 179.9200 67
179.9520 180.0160 66
180.0480 180.3680 65
180.4000 180.8160 64
180.9440 181.2320 65
181.3920 181.4880 71
181.5200 182.1280 72
182.4480 182.5440 68
182.5760 182.7680 70
182.9280 182.9920 68
183.0240 183.0880 69
183.1200 183.1520 67
183.1840 183.4080 65
183.4400 183.5680 64
183.6000 183.6640 63
183.6960 183.7600 62
183.7920 184.0480 60
184.0800 184.1760 61
184.3040 184.3360 68
184.3680 184.7840 69
184.9440 184.9760 66
185.0080 185.1360 65
185.1680 185.3280 67
185.4880 185.6480 67
185.6800 185.7440 66
186.1600 186.2880 60
186.3200 186.4160 61
186.4480 186.4800 62
186.5120 186.6400 67
186.6720 186.9280 69
186.9600 187.1200 67
187.1520 187.1840 66
187.2160 187.5680 65
187.6000 188.1440 64
188.1760 188.4640 65
188.5920 188.6880 71
188.7200 189.3920 72
189.9680 190.0960 70
190.1920 190.2560 68
190.2880 190.3520 69
190.3840 190.8960 65
191.0880 191.3760 60
191.5680 191.6000 68
191.6320 191.9840 69
192.2080 192.3360 65
192.3680 192.4000 66
192.4320 192.9440 67
193.3280 193.4560 68
193.4880 193.6480 70
193.7760 193.8080 67
193.8400 193.9040 68
193.9360 194.0000 69
194.0320 194.4480 67
194.4800 194.6080 65
194.7360 194.8960 65
194.9280 195.3120 64
195.4400 195.6640 65
195.8880 195.9200 74
195.9520 195.9840 75
196.0160 196.2720 76
196.3040 196.8480 77
196.9760 197.0720 70
197.1040 197.4880 72
197.5200 197.6160 71
197.6480 198.1280 70
198.2880 198.4480 68
198.4800 198.6720 69
198.7040 198.8640 70
198.8960 199.2800 72
199.6640 199.8240 69
199.8560 200.4000 67
200.4320 200.4640 66
200.6560 200.8480 69
200.8800 201.0400 67
201.0720 201.2640 69
201.2960 201.3600 67
201.3920 201.4560 68
201.4880 201.5840 69
201.8080 201.8400 70
201.8720 201.9360 71
201.9680 202.0320 69
202.3520 202.4160 65
202.4480 202.6400 67
202.6720 205.4560 65
207.0560 207.1840 62
207.2160 207.3120 63
207.5680 207.9840 64
208.1120 208.6240 58
208.8800 208.9120 67
208.9440 209.2000 69
209.2320 209.6800 67
209.7120 210.1600 65
210.2880 210.4480 63
210.4800 211.1840 64
212.0800 212.1440 64
212.1760 212.6880 65
212.7200 212.9120 64
212.9440 215.0880 62
