38.0320 38.0640 54
38.0960 38.1280 55
38.1600 38.4480 56
38.6720 38.8000 54
38.8320 38.9920 55
39.0240 39.1520 56
39.3760 39.4720 57
39.5040 39.6640 58
39.6960 39.6960 56
39.7280 39.8560 53
39.8880 40.1120 52
40.9120 40.9760 50
41.0080 41.2640 52
41.5200 41.7440 52
41.8720 42.0320 52
42.2560 42.3200 54
42.3520 42.6720 55
42.8640 43.0240 50
43.0560 44.6880 49
49.5200 49.6160 55
49.6480 49.6800 56
49.7120 50.0960 57
50.1280 50.4160 56
50.5760 50.8960 57
50.9280 51.0240 59
51.0560 51.1840 60
51.2160 51.2160 58
51.3440 51.7600 54
52.3360 52.4640 52
52.4960 52.8480 53
53.1040 53.5520 52
53.5840 53.6480 53
53.8720 53.9680 57
54.0000 54.2240 58
54.4480 56.6880 54
61.1040 61.2000 55
61.2320 61.6160 56
61.6480 61.7440 55
61.7760 62.0000 54
62.0320 62.0640 55
62.0960 62.2880 56
62.4480 62.5440 57
62.5760 62.8000 58
63.0240 63.4720 52
63.9840 64.0800 51
64.2400 64.4640 52
64.4960 64.8480 51
64.9760 65.1360 52
65.3600 65.4560 54
65.4880 65.5200 55
65.5520 65.6800 56
65.7120 65.8080 55
66.0320 67.5360 49
68.6240 68.6560 54
68.6880 68.7840 55
68.8160 69.9040 56
69.9360 70.1280 55
70.9280 71.2160 55
71.2480 71.3440 56
71.6000 71.7280 55
71.7600 71.9200 56
72.2080 72.3680 54
72.4000 72.4320 53
72.4640 72.4960 52
72.5280 72.5600 51
72.5920 72.6560 50
72.6880 72.7840 49
72.8160 72.9440 50
73.6800 73.7440 54
73.7760 73.8080 55
73.8400 74.0000 56
74.0320 74.1600 55
74.1920 74.3200 56
74.3520 74.4800 55
74.5120 75.1520 54
75.8240 76.1120 52
76.1440 76.1760 53
76.2080 76.2400 54
76.2720 76.3040 55
76.3360 76.4640 56
76.6240 76.7840 52
76.9440 77.1680 51
77.2000 77.3600 52
77.5840 79.6640 52
79.7920 79.9200 52
82.8000 82.8320 53
82.8640 82.9920 54
83.1200 83.1520 55
83.1840 83.2160 56
83.2480 83.5680 57
83.6000 84.3040 59
84.4960 84.5920 54
84.6240 84.6560 55
84.6880 85.2320 56
85.2640 85.3920 53
85.6160 86.4160 51
86.4480 86.5120 52
86.5440 86.6080 53
86.6400 87.1200 54
87.1520 87.1840 55
87.2160 87.9520 56
88.8160 89.0720 56
89.2320 89.3600 57
89.3920 89.4880 58
89.5200 89.9360 59
89.9680 90.1600 56
90.2880 90.8640 56
90.9920 91.1200 61
91.1520 91.2480 62
91.2800 91.9520 63
91.9840 92.1760 62
92.2080 92.4000 63
92.4320 92.5280 62
92.5600 92.5920 61
92.7840 93.0080 59
93.0400 93.1680 56
93.3280 94.2560 56
94.9920 96.2080 59
96.2400 96.4320 61
96.8480 96.9760 59
97.1680 97.3280 59
97.3600 97.6800 56
97.9040 98.8320 59
98.9600 99.0880 59
99.1200 99.1520 60
99.1840 99.3120 61
99.6960 100.2400 59
100.2720 100.7200 56
100.7520 100.8800 59
100.9120 101.0400 61
101.0720 101.1040 60
101.1360 101.6800 59
101.7120 101.7440 57
101.7760 102.0640 56
102.2240 102.3200 59
102.3520 102.5760 61
102.6080 102.8320 59
102.8640 103.0880 58
103.1200 106.5440 59
107.7280 107.7600 58
107.7920 108.3680 59
108.4000 108.6560 61
108.6880 108.7520 62
108.7840 108.9440 63
109.1360 109.4240 64
109.4560 110.2240 63
110.2560 110.4480 64
110.4800 111.0880 63
111.1200 111.2160 62
111.2480 111.2480 60
111.6320 111.6640 55
111.6960 111.8880 56
112.0160 112.1120 58
112.1440 113.1040 59
113.5200 113.5520 58
113.5840 114.0320 59
114.1600 114.5440 61
114.5760 114.7360 63
114.8640 114.8960 63
114.9280 115.1520 64
115.1840 115.9200 63
115.9520 116.4320 64
116.4640 116.4960 65
116.5280 117.2320 66
117.3600 117.4880 62
117.5200 117.6160 63
117.8400 118.0000 62
118.0320 118.6080 59
119.2480 119.3440 59
119.3760 119.4080 60
119.4400 119.7280 61
119.7600 119.8880 58
119.9200 120.1760 59
120.3040 120.5280 61
120.6880 120.7200 66
120.7520 120.8800 67
120.9120 121.0720 68
121.1040 121.1040 65
121.1360 121.6800 61
121.7120 121.7440 59
122.0640 122.1600 59
122.1920 122.3200 60
122.4800 122.6080 61
122.6400 123.1520 59
123.1840 123.4720 61
123.5040 123.6960 67
123.7280 123.8560 68
123.8880 123.8880 66
123.9200 124.6880 59
124.9760 125.1360 59
125.1680 125.5200 61
125.5520 125.9680 59
126.0000 126.0320 60
126.0640 126.2880 61
126.3200 126.4480 60
126.4800 126.5440 63
126.5760 128.1760 64
128.2080 128.3040 63
128.3360 128.5280 64
128.5600 128.8480 63
128.8800 129.5200 61
129.5520 130.2560 59
130.2880 130.2880 56
130.8640 130.9280 58
130.9600 131.4720 59
131.5040 131.7600 61
131.7920 131.8240 62
131.8560 132.1760 63
132.2080 132.5600 64
132.5920 133.3600 63
133.3920 133.6480 64
133.6800 134.3520 63
134.3840 134.4160 62
134.4480 134.5120 61
134.5440 134.5760 59
134.6080 134.6720 58
134.7040 134.9920 56
135.1840 135.2160 57
135.2480 135.3120 58
135.3440 136.1760 59
136.6560 136.7200 58
136.7520 137.2640 59
137.2960 137.6800 61
137.7120 138.0320 63
138.0640 138.3200 64
138.3520 139.0560 63
139.0880 139.6000 64
139.6320 140.2400 66
140.2720 140.3360 70
140.3680 140.4000 64
140.4320 140.4960 62
140.5280 140.6560 61
140.6880 140.8480 63
141.0400 141.1680 62
141.2000 141.2640 61
141.2960 141.8720 59
142.4800 142.8640 61
142.8960 143.4080 59
143.4400 143.6320 61
143.7920 143.7920 65
143.8240 143.9840 67
144.0160 144.1440 68
144.1760 144.1760 66
144.2080 144.7840 61
144.8160 144.8480 59
145.0400 145.2000 58
145.2320 145.3280 59
145.3600 145.4240 60
145.6160 145.7440 61
145.7760 146.2240 59
146.2560 146.5760 61
146.6080 146.8320 66
146.8640 147.0240 68
147.0560 147.0560 65
147.0880 147.0880 61
147.1200 147.7600 59
148.1120 148.1760 58
148.2080 148.3040 59
148.3360 148.6560 61
148.6880 149.2320 59
149.2640 149.5840 61
149.6160 151.2480 64
151.2800 151.3120 63
151.4400 151.4400 65
151.7600 151.8560 62
151.8880 152.0160 64
152.0480 152.1120 63
152.1440 152.4640 61
152.4960 152.6560 64
152.6880 153.3920 66
153.9040 154.1280 64
154.3200 154.5120 64
154.5440 154.6720 65
154.8960 155.3760 63
155.4080 155.5040 62
155.5360 155.8560 63
155.8880 157.7760 64
157.8080 158.0000 65
158.0320 158.1600 64
168.0480 168.0800 53
168.1120 168.1440 55
168.1760 168.3040 56
168.3360 168.4320 55
168.4640 168.5920 56
168.6240 168.9120 54
169.0400 169.2960 56
169.4560 169.5520 56
169.5840 169.6800 58
169.8400 169.9360 52
169.9680 170.1600 51
170.9280 170.9920 50
171.0240 171.3760 52
171.6000 171.7280 52
171.7600 171.7920 51
171.9520 171.9840 51
172.0160 172.2720 52
172.3040 172.3360 53
172.3680 172.4640 54
172.4960 172.6560 56
172.9120 174.2560 49
179.6320 179.6640 55
179.6960 179.8880 56
179.9200 180.2400 57
180.2720 180.6560 56
180.6880 180.8480 57
181.0080 181.0720 58
181.1040 181.2320 59
181.4240 181.8720 54
182.4800 182.5760 52
182.6080 182.8000 53
182.8320 182.9920 52
183.1840 183.4400 51
183.4720 183.6320 52
183.6640 183.7280 53
183.9200 184.0160 57
184.0480 184.0800 58
184.1120 184.2400 59
184.4960 186.3520 54
187.1520 187.2160 57
187.2480 187.3120 58
187.3440 189.4240 59
191.1520 191.2160 53
191.2480 191.7280 56
191.7600 192.0480 54
192.0800 192.2080 55
192.2400 192.3680 56
192.5920 192.6240 56
192.6560 192.7840 57
192.8160 192.8800 59
192.9120 192.9440 58
192.9760 193.0080 56
193.0400 193.1680 52
193.2000 193.3600 51
194.0960 194.2240 51
194.4160 194.6400 52
194.6720 194.9280 51
195.0880 195.4080 52
195.4400 195.4400 54
195.4720 195.4720 56
195.5040 195.6320 59
195.6640 195.8560 61
196.0800 196.2720 59
196.3040 198.5120 61
198.6720 198.8320 59
198.8640 200.0800 56
201.2640 201.3280 55
201.3600 201.4880 56
201.5200 201.7120 55
201.7440 201.9360 56
201.9680 202.0640 55
202.0960 202.4480 54
202.4800 202.5440 52
202.5760 202.6080 51
202.6400 202.6720 50
202.7040 202.9280 49
202.9600 203.2160 50
203.7600 203.8880 54
203.9200 204.4640 56
204.4960 205.1680 54
205.2000 205.2320 53
205.9360 206.1280 52
206.3200 206.4160 55
206.4480 206.6080 56
206.6400 206.6720 55
206.7040 206.7360 54
206.7680 206.8640 53
207.0560 207.2160 51
207.2480 210.5760 52
213.1680 213.2000 54
213.2320 213.2640 55
213.2960 213.6480 56
213.6800 214.4160 59
214.6080 214.7680 54
214.8000 215.2160 56
215.2480 215.2800 54
215.3120 215.5040 51
215.6960 216.0480 50
216.0800 216.2720 51
216.3040 216.4960 50
216.5280 216.5600 51
216.5920 216.6560 52
216.6880 216.7200 53
216.7520 217.2000 54
217.2320 217.2960 55
217.3280 218.0640 56
218.9280 218.9920 55
219.0240 219.1520 56
219.3440 219.4400 56
219.4720 219.5360 58
219.5680 220.0800 59
220.1120 220.2400 56
220.3680 220.9760 56
221.1040 221.2640 61
221.2960 222.1600 63
222.1920 222.2560 61
222.2880 222.3200 62
222.3520 222.5440 63
222.5760 222.7040 61
222.9280 223.1200 59
223.1520 223.1840 57
223.2160 223.2800 56
223.4080 224.2720 56
225.1040 226.2880 59
226.3200 226.5120 61
226.9280 227.0560 59
227.2800 227.4080 59
227.4400 227.4720 57
227.5040 227.7280 56
228.0160 229.2320 59
229.2640 229.3920 61
229.7120 230.2880 59
230.3200 230.6400 56
230.6720 230.8640 57
230.8960 230.9600 59
230.9920 231.2160 61
231.2480 231.7920 59
231.8240 232.2080 56
232.4000 232.4000 58
232.4320 232.6560 61
232.6880 232.9760 59
233.0080 233.0400 58
233.0720 233.1680 57
233.2000 234.3520 59
234.9280 234.9280 56
234.9600 234.9920 58
235.0240 235.6320 59
235.6640 236.0160 61
236.0480 236.4640 63
236.4960 236.8480 64
236.8800 236.9440 62
236.9760 237.6800 63
237.7120 237.9040 64
237.9360 238.5120 63
238.5440 238.6400 62
238.6720 238.7040 61
239.1520 239.3440 56
239.3760 239.4720 55
239.5040 239.6320 58
239.6640 240.5280 59
240.9760 241.0400 58
241.0720 241.5840 59
241.6160 242.0320 61
242.0640 243.6960 63
243.7280 243.9200 64
243.9520 244.7840 66
244.9760 245.0720 63
245.2640 245.4560 61
245.4880 246.1280 59
246.7040 246.7680 59
246.8000 246.8320 60
246.8640 247.1840 61
247.2160 247.5360 59
247.5680 247.6000 60
247.6960 247.7280 60
247.7600 247.9200 61
248.0800 248.0800 65
248.1120 248.2720 67
248.3040 248.4640 68
248.4960 248.4960 66
248.5280 249.1360 61
249.1680 249.2320 60
249.5840 249.7120 59
249.7440 250.0640 61
250.0960 250.1920 58
250.3200 250.3520 58
250.3840 250.5760 59
250.6080 250.6720 60
250.7040 250.8320 61
250.8640 250.9280 59
250.9600 250.9600 57
250.9920 251.1840 55
251.2160 251.4400 56
251.4720 252.0160 59
252.0480 252.0800 58
252.4640 252.5920 59
252.6240 253.0080 61
253.0400 253.4880 59
253.5200 253.7760 61
253.8080 253.8720 60
253.9040 253.9360 62
253.9680 254.0000 63
254.0320 254.5120 64
254.5440 254.6720 63
254.7040 254.8960 64
254.9280 255.0240 63
255.0560 255.6000 64
255.6320 255.7280 62
255.7600 256.0160 64
256.1760 256.7840 61
256.8160 256.8160 63
256.8480 256.8800 65
256.9120 257.7440 66
257.7760 257.8720 65
258.2880 258.3200 58
258.3520 258.9920 59
259.0240 259.3440 61
259.3760 259.4080 62
259.4400 259.8240 63
259.8560 260.2080 64
260.2400 260.6240 63
260.6560 260.6880 62
260.8480 260.9120 65
260.9440 261.0400 63
261.0720 261.3280 64
261.3600 262.0000 63
262.0320 262.1280 62
262.1600 262.1600 60
262.4800 262.5440 57
262.5760 262.7040 56
262.8320 262.8640 58
262.8960 263.7600 59
263.7920 263.8880 60
263.9200 264.2400 59
264.3680 264.4320 58
264.4640 264.9760 59
265.0080 265.2640 61
265.2960 265.3600 60
265.3920 265.4240 62
265.4560 265.7760 63
265.8080 266.0320 64
266.0640 266.7680 63
266.8000 266.8960 65
266.9280 267.2800 64
267.3120 268.0160 66
268.0480 268.2400 67
268.3680 268.5600 68
268.8160 269.8720 59
270.0640 270.0960 58
270.1280 270.1920 59
270.2240 270.5440 61
270.5760 271.1520 59
271.1840 271.3120 61
271.4720 271.6320 66
271.6640 271.7920 68
271.8240 271.8240 66
271.8560 272.5920 61
272.6240 272.6560 58
272.8800 273.0080 59
273.0400 273.1040 61
273.2960 273.4560 61
273.4880 273.9040 59
273.9360 274.2560 61
274.2880 274.3200 64
274.3520 274.4480 66
274.4800 274.6720 68
274.8000 275.4080 59
275.4400 275.4720 57
275.5680 275.6640 57
275.8240 275.8880 59
275.9200 276.3680 61
276.4000 276.8480 59
276.9760 277.2960 61
277.3280 277.4240 63
277.4560 278.9920 64
279.4080 279.5360 62
279.5680 279.7600 64
279.7920 280.0800 61
280.1120 280.1760 62
280.2080 280.3680 65
280.4000 281.1360 66
281.7440 281.7760 63
281.8080 282.0000 64
282.2560 282.7040 64
283.1840 284.0800 63
284.6880 284.9440 63
284.9760 288.2720 64
321.9360 322.5440 59
