5.0400 5.1040 58
10.4480 10.6400 57
10.6720 10.7680 56
18.9920 19.0880 57
33.4240 33.5520 56
86.5760 86.6400 58
86.6720 86.8000 59
86.8320 86.9600 60
87.1200 87.2480 60
87.4080 87.5360 60
87.6640 87.8560 59
87.8880 88.0480 58
88.2400 88.3680 58
88.4960 88.6560 58
88.6880 88.7840 59
88.8160 89.2960 60
89.6160 89.7120 60
90.1600 90.2560 56
90.4480 90.5120 56
92.4000 92.5280 65
92.6560 92.7520 67
92.9440 93.1040 62
93.1360 93.5200 63
95.3760 95.5040 59
95.6640 96.0800 60
96.2080 96.3040 60
96.4960 96.5920 60
96.6240 96.6880 59
96.7200 96.7520 58
96.7840 97.1360 57
97.3280 97.5200 58
97.5520 97.7760 59
97.9040 98.1600 59
98.3840 98.7040 57
99.8240 100.2080 57
101.9040 102.1280 56
102.4160 102.6080 56
104.1760 104.2720 59
104.3040 104.5920 60
104.7520 104.8480 60
105.0080 105.1360 60
105.2640 105.4240 59
105.4560 105.5520 58
105.5840 106.0640 57
106.0960 106.2560 58
106.3840 106.5760 60
106.7040 106.8960 60
106.9280 106.9280 62
106.9600 106.9920 65
107.0240 107.0560 66
107.0880 107.3440 67
107.3760 107.5040 66
107.9200 108.2080 60
108.3360 108.3680 65
108.4000 108.4640 66
108.6240 108.8160 67
108.8480 108.9120 65
109.1360 109.3280 64
109.4560 109.5200 65
109.5520 109.6160 64
110.6080 110.6400 61
110.6720 110.7040 62
110.7360 110.7680 65
110.8000 110.8640 67
110.8960 111.0240 69
111.0560 111.1840 70
111.3760 111.4400 67
111.4720 111.5680 69
111.6000 111.7920 65
111.9200 112.1440 65
112.7840 112.8800 60
112.9120 113.0720 61
113.1040 113.2640 62
113.2960 113.3280 63
113.3600 113.6160 64
114.1280 114.1920 63
114.3840 114.5760 65
114.9280 114.9600 60
114.9920 115.0880 61
115.1200 115.1520 64
115.1840 115.2800 65
115.3120 115.7280 67
115.7600 115.7920 66
115.8240 115.8560 65
116.0800 116.2400 61
116.2720 116.3360 63
116.3680 116.4000 66
116.4320 116.5280 67
116.6560 116.8160 67
117.1040 117.2320 67
117.4240 117.4560 67
117.4880 117.5200 68
117.5520 117.8080 69
118.2560 118.6400 58
119.0560 119.0880 64
119.1200 119.1520 65
119.1840 119.2160 66
119.2480 120.4960 67
122.3520 122.3840 70
122.4160 122.4480 71
122.4800 122.7680 72
122.9280 123.0880 72
123.1200 123.1840 70
123.2160 123.2800 67
123.3120 123.4400 68
123.4720 123.6640 67
123.6960 123.7280 66
123.7600 124.1760 65
124.2080 124.2400 64
124.5920 124.7200 65
124.8480 125.1680 65
125.2000 125.2640 67
125.3920 125.6160 65
125.6480 125.8080 67
125.9680 126.0320 67
126.0640 126.4160 69
126.7360 126.7680 70
126.8000 126.8640 71
126.8960 127.2160 72
127.2480 127.3760 71
127.4080 127.5040 72
127.5360 127.7280 69
127.8560 128.0160 67
128.1440 128.5920 65
129.0080 129.4240 65
129.4560 129.4560 67
129.4880 129.5840 72
129.6160 129.9680 74
130.0000 130.1920 72
130.3200 130.4800 72
130.5120 130.5120 70
130.5440 130.6720 68
130.7040 130.8640 69
130.8960 130.9280 70
130.9600 131.0240 71
131.0560 131.2480 72
131.2800 131.3120 71
131.6640 131.7600 62
131.9840 132.0800 65
132.3040 132.3360 66
132.3680 132.4640 67
132.5920 132.8800 65
133.3600 133.4880 64
133.5200 133.7440 65
133.9040 133.9680 72
134.0000 134.1280 74
134.1600 134.3200 72
134.3520 134.4480 71
134.4800 134.6080 72
134.7360 134.8320 67
134.8640 135.1200 69
135.2800 135.5040 72
135.5360 135.6000 71
136.0480 136.1440 69
136.1760 136.3040 70
136.3360 136.4960 69
136.6560 136.7520 65
136.9440 137.0080 69
137.0400 137.4560 70
137.4880 137.6480 69
137.6800 137.6800 65
137.8080 138.0960 65
138.1280 138.8640 67
139.9200 140.0480 70
140.0800 140.4000 72
140.5280 140.5920 70
140.6240 140.7200 72
140.7520 140.9120 69
141.0720 141.2640 67
141.2960 141.4240 65
141.6160 141.8080 66
142.2240 142.6080 65
142.8960 143.2480 65
143.2800 143.4080 67
143.5680 144.0480 69
144.3680 144.6240 71
144.6560 144.8160 72
144.8480 145.0080 70
145.0400 145.1040 72
145.1360 145.3280 69
145.4560 145.6160 67
145.7440 145.9040 65
146.0320 146.2560 65
146.5440 146.6720 65
146.8320 147.0560 65
147.0880 147.0880 70
147.1200 147.2160 72
147.2480 147.6000 74
147.6320 148.0480 72
148.2400 148.2720 68
148.3040 148.4640 69
148.4960 148.9120 72
149.2000 149.3600 60
149.3920 149.4240 61
149.4560 149.5840 62
149.6160 149.7440 65
149.9360 149.9680 66
150.0000 150.0960 67
150.2240 150.5440 65
150.9600 150.9920 64
151.0240 151.1200 65
151.2480 151.4720 65
151.5040 151.5040 67
151.5360 151.6000 72
151.6320 151.7600 74
151.7920 151.9520 72
151.9840 152.0800 71
152.1120 152.4640 72
152.5920 152.6240 67
152.6560 152.6880 68
152.7200 152.8480 69
152.9760 153.0080 71
153.0400 153.2960 72
153.6800 153.7760 69
153.8080 153.9360 70
153.9680 154.1600 69
154.1920 154.3840 65
154.5760 154.6720 69
154.7040 155.0880 70
155.1200 155.2480 69
155.2800 155.3120 67
155.4400 155.4720 64
155.5040 155.7600 65
155.7920 156.4960 67
157.0080 157.0720 67
157.1040 157.2320 68
157.2640 157.5200 69
157.5520 157.5520 67
157.7120 157.7760 63
157.8080 157.8400 62
158.0640 158.1280 63
158.1600 158.1920 64
158.2240 159.7280 65
175.6960 175.8880 59
175.9200 176.1120 60
176.2720 176.4000 60
176.5280 176.6880 60
176.8160 177.0080 59
177.0400 177.0720 58
177.1040 177.2320 57
177.3600 177.5520 57
177.6800 177.8080 58
177.8400 177.9360 59
177.9680 178.3200 60
178.3520 178.5440 61
178.8000 178.8960 60
178.9280 178.9920 59
179.3120 179.4400 56
179.5680 179.6960 56
181.5200 181.5840 64
181.6160 181.6800 65
181.7120 181.7440 66
181.7760 181.9680 67
182.0960 182.1280 62
182.1600 182.2560 63
182.2880 182.9920 64
183.0240 183.1520 63
184.5280 184.6240 58
184.8480 185.5520 60
185.7440 185.8080 60
185.8400 185.8720 59
185.9040 185.9360 58
185.9680 186.3840 57
186.5120 186.7040 58
186.7360 186.7680 59
186.8000 186.9600 60
187.0880 187.2480 60
187.2800 187.4080 61
187.4400 187.5040 60
187.5360 187.5680 58
187.6000 187.9200 56
188.3680 188.4320 56
188.9760 189.1040 58
189.1360 189.3280 57
189.3600 189.3920 56
189.4240 189.5520 55
189.5840 189.6160 54
189.7440 189.8080 54
190.1920 190.2560 54
190.6080 190.7680 54
190.9600 191.0880 55
191.1200 191.1840 56
191.2160 191.3120 57
191.5040 191.9200 55
193.4240 193.8080 60
193.9360 194.0320 60
194.2240 194.3520 60
194.3840 194.7040 59
194.7360 194.7680 58
194.8000 195.2800 57
195.3120 195.4400 58
195.5680 195.6320 59
195.6640 195.7280 60
195.8560 196.0160 60
196.1440 196.1760 66
196.2080 196.6560 67
197.0400 197.1040 59
197.1360 197.3280 60
197.4880 197.5200 66
197.5520 197.6480 67
197.7760 198.0000 67
198.0320 198.2560 65
198.2880 198.4800 64
198.5120 199.0240 65
199.0560 199.0880 64
199.1200 199.1520 63
199.7280 199.8560 60
199.8880 199.8880 62
199.9200 199.9200 65
199.9520 200.0480 67
200.0800 200.2080 69
200.2400 200.3360 70
200.5280 200.5600 67
200.5920 200.7200 69
200.7520 200.9120 65
200.9440 201.0720 64
201.1040 201.3600 65
201.3920 201.4560 64
201.9360 202.1600 60
202.1920 202.2240 61
202.2560 202.4480 62
202.4800 202.6400 64
203.0240 203.1520 60
203.2800 203.5680 62
203.6000 203.7920 65
204.1120 204.1760 59
204.2080 204.2720 60
204.3040 204.3680 63
204.4000 204.4640 65
204.4960 204.9760 67
205.2640 205.4560 60
205.4880 205.5200 63
205.5520 205.6160 65
205.6480 206.3840 67
206.6080 206.6720 67
206.7040 206.9600 69
206.9920 206.9920 66
207.1840 207.2480 58
207.4400 207.6320 58
207.6640 207.7920 57
207.9520 208.1120 58
208.1440 208.1440 60
208.1760 208.1760 62
208.2080 208.3040 65
208.3360 209.5520 67
210.3520 210.4800 70
210.5120 210.5760 72
210.6080 210.7040 71
210.7360 210.8320 72
210.9600 211.0240 70
211.0560 211.1520 72
211.1840 211.3440 69
211.5040 211.6960 67
211.7280 212.2080 65
212.6560 212.7840 65
212.9120 213.2320 65
213.2640 213.3280 67
213.4880 213.6800 65
213.7120 213.8720 67
214.0640 214.0960 68
214.1280 214.6080 69
214.7680 214.8960 70
214.9280 215.2480 72
215.2800 215.4080 71
215.4400 215.5360 72
215.5680 215.7920 69
215.9200 216.0800 67
216.2080 216.6560 65
217.0400 217.0720 64
217.1040 217.4880 65
217.5200 217.5200 67
217.5520 217.6480 72
217.6800 218.0000 74
218.0320 218.2560 72
218.3840 218.5120 72
218.5440 218.5760 70
218.6080 218.7040 67
218.7360 218.9280 69
218.9600 218.9920 71
219.0240 219.1520 72
219.1840 219.3120 71
219.3440 219.3440 69
219.5360 219.6000 59
219.6320 219.7280 60
219.7600 219.7920 61
219.8240 219.9520 62
219.9840 220.0160 63
220.0480 220.1760 65
220.3360 220.3680 66
220.4000 220.4960 67
220.6240 220.9440 64
221.4880 221.7760 65
221.9680 222.0320 72
222.0640 222.1920 74
222.2240 222.6720 72
222.8000 222.8640 67
222.8960 223.2160 69
223.3440 223.7600 72
223.7920 223.8240 71
224.1120 224.2080 69
224.2400 224.3680 70
224.4000 224.5920 69
224.7520 224.8160 65
225.0080 225.1040 69
225.1360 225.5520 70
225.5840 225.7120 69
225.7440 226.1600 65
226.1920 227.2480 67
227.9520 228.1120 70
228.1440 228.4320 72
228.5600 228.6240 70
228.6560 228.7840 71
228.8160 228.9760 69
229.1360 229.3280 67
229.3600 229.5520 65
229.6800 229.9040 65
230.3520 230.6400 65
230.8000 230.8640 65
230.8960 230.9600 67
230.9920 231.0240 66
231.0560 231.1840 65
231.3440 231.3760 66
231.4080 231.4720 67
231.6320 232.0800 69
232.1120 232.2080 70
232.4000 232.4960 70
232.5280 232.8800 72
232.9120 233.0400 70
233.0720 233.1680 72
233.2000 233.3920 69
233.5200 233.5840 68
233.6160 233.6480 67
233.7760 233.9360 65
234.1280 234.2880 65
234.5760 234.7360 65
234.8960 235.0880 65
235.1200 235.1200 67
235.1520 235.2800 72
235.3120 235.6000 74
235.6320 235.6640 73
235.6960 236.0800 72
236.3040 236.5280 69
236.5600 236.9120 72
237.1360 237.4560 60
237.4880 237.5840 62
237.6160 237.6480 63
237.6800 237.8080 65
237.9680 238.0320 66
238.0640 238.1600 67
238.3200 238.3520 64
238.3840 238.6720 65
239.3120 239.4720 65
239.6000 239.6320 72
239.6640 239.8240 74
239.8560 240.5280 72
240.6880 240.7520 67
240.7840 240.9120 69
241.0400 241.3600 72
241.7440 242.2240 69
242.3520 242.4480 65
242.6400 242.7360 69
242.7680 243.1520 70
243.1840 243.3440 69
243.3760 243.4080 67
243.4400 243.4720 64
243.5040 243.7920 65
243.8240 244.5280 67
245.0400 245.0720 66
245.1040 245.2640 67
245.2960 245.5200 69
245.5520 245.5520 67
245.5840 246.1280 62
246.1600 249.0400 65
249.6160 249.7760 65
249.8080 249.8400 64
249.8720 249.9360 63
259.2480 259.3120 66
261.6480 261.8720 66
262.8000 263.2160 67
264.0160 264.2720 72
265.0720 266.3200 72
267.6320 267.7280 71
267.7600 268.0800 72
268.2400 268.2720 70
268.3040 268.4320 71
268.4640 268.6240 68
268.8160 268.9120 67
269.0400 269.2000 65
269.3280 269.5200 65
269.9360 270.0000 65
270.1600 270.4480 65
270.4800 270.5760 66
270.7040 270.8640 65
270.8960 270.9280 66
270.9600 271.1200 67
271.2480 271.3120 67
271.3440 271.3760 68
271.4080 271.6960 69
272.0800 272.1120 70
272.1440 272.2400 71
272.2720 272.5280 72
272.5600 272.6240 70
272.6560 272.8480 71
272.8800 273.0400 69
273.2000 273.2960 67
273.4880 273.9040 65
274.3520 274.7680 65
274.8000 274.8000 67
274.8320 274.9280 72
274.9600 275.2800 74
275.3120 275.5360 72
275.6640 275.7920 72
275.8240 275.8560 70
275.8880 275.9840 68
276.0160 276.2080 69
276.2400 276.2720 71
276.3040 276.4640 72
276.4960 276.5600 71
276.8800 277.0720 60
277.3280 277.4240 65
277.6800 277.8400 67
277.8720 278.2560 65
278.6720 279.0560 65
279.2160 279.2800 72
279.3120 279.4400 74
279.4720 279.9200 72
280.0480 280.1120 67
280.1440 280.4320 69
280.5920 281.0080 72
281.3920 281.4240 70
281.4560 281.4880 71
281.5200 281.8400 72
281.9680 282.0640 72
282.2560 282.2880 70
282.3200 282.3520 71
282.3840 282.6720 72
282.7040 282.7360 70
282.8960 283.4080 65
283.4400 284.0800 67
284.4960 284.5600 67
284.5920 284.7200 69
284.7520 285.2320 67
285.2640 285.3600 70
285.3920 285.7440 72
285.7760 285.9360 70
285.9680 286.0640 72
286.0960 286.2560 69
286.3840 286.6080 67
286.6400 287.1200 65
287.5360 287.9520 65
288.0480 288.0800 65
288.1120 288.2400 66
288.2720 288.4320 65
288.6240 288.7200 66
288.8800 289.4240 69
289.6480 289.7440 70
289.7760 289.9360 71
289.9680 290.1280 72
290.1600 290.3200 70
290.3520 290.4160 72
290.4480 290.6400 69
290.7680 290.8320 68
290.8640 290.9280 67
291.0560 291.1840 65
291.3440 291.5680 65
291.7920 291.8560 64
291.8880 291.9840 65
292.1440 292.3680 65
292.4000 292.4000 70
292.4320 292.5280 72
292.5600 292.8800 74
292.9120 292.9440 73
292.9760 293.3600 72
293.5520 293.8400 69
293.8720 293.9360 70
293.9680 294.2880 72
294.4800 294.7360 60
294.7680 294.8960 62
294.9280 295.0560 65
295.2160 295.2800 65
295.3120 295.4080 67
295.5680 295.8880 65
296.3680 296.4320 64
296.5600 296.7200 65
296.8480 296.9120 72
296.9440 297.0720 74
297.1040 297.2640 72
297.3920 297.8080 72
297.9680 298.1600 69
298.2880 298.7040 72
298.9920 299.0880 68
299.1200 299.4720 69
299.6000 299.6960 65
299.8880 300.5920 69
300.6240 300.6240 67
300.7520 301.0720 65
301.1040 301.9040 67
302.2880 302.4480 68
302.4800 302.6720 69
302.7040 303.0560 62
303.2160 305.3920 65
307.7920 308.3040 69
308.4320 308.5600 65
308.7520 308.8480 69
308.8800 309.2640 70
309.2960 309.5520 69
309.7440 310.0000 65
310.0320 310.0960 67
310.2560 310.7360 67
313.4560 313.6800 67
313.7120 313.7760 69
313.8080 313.9360 68
314.5440 314.6720 62
314.9280 315.6960 65
332.9760 334.0000 54
363.7920 363.8880 57
367.8880 368.1120 56
371.0240 371.1200 58
373.5840 373.7760 58
401.6480 401.7120 60
402.0000 402.0640 60
413.3280 413.4240 61
421.8400 421.9040 59
450.4480 450.5120 59
