19.5360 19.6000 70
19.7600 19.9840 72
20.0160 20.0800 71
20.1120 20.1760 70
20.2080 20.2720 68
23.9840 24.0800 73
24.1120 24.2400 72
24.2720 24.3360 70
24.3680 24.4000 68
24.5280 24.7840 58
24.8160 25.0720 60
25.1040 25.2640 63
25.3920 25.8720 65
25.9040 26.0640 66
26.0960 26.1280 65
26.1600 26.4160 63
26.4480 26.7360 61
26.7680 27.4720 60
27.6320 27.6640 59
27.6960 28.1760 58
28.2080 28.4320 57
28.4640 28.6240 56
28.6560 28.6880 55
28.7200 28.7520 54
28.7840 28.8480 53
29.1360 29.2640 60
29.2960 29.3600 61
29.3920 29.5520 63
29.5840 29.6480 64
29.6800 30.0320 66
30.0640 30.0960 65
30.1280 30.1600 64
30.1920 30.4160 63
30.4480 30.6720 65
30.7040 32.8160 67
33.1040 33.3280 63
33.3600 33.6160 65
33.6480 33.7760 67
33.9040 34.0960 70
34.2880 34.4800 70
34.5120 34.9280 67
35.1840 35.7600 66
35.7920 35.8560 64
35.9840 36.1760 60
36.2080 36.3040 61
36.3360 36.9760 60
37.3280 37.6160 63
37.6480 37.8080 60
37.8400 37.9680 58
38.1600 38.3840 55
38.4160 38.5120 56
38.5440 38.5760 58
38.6080 38.7360 59
38.7680 38.9920 58
39.0240 39.0560 60
39.0880 39.3440 61
39.3760 40.4000 60
40.4320 40.7200 61
40.7520 41.1040 60
41.8080 41.9680 68
42.6080 42.6400 65
42.6720 42.8320 66
42.8640 43.0240 67
43.9200 43.9840 68
44.0160 44.0800 67
44.7520 44.8480 66
45.0080 45.0720 67
45.8400 46.0960 68
46.1280 46.3520 71
46.3840 46.9280 70
46.9600 47.8880 72
47.9200 48.0800 71
48.1120 48.2080 70
48.2400 48.4320 72
48.4640 48.7200 74
48.7520 49.1680 72
49.2000 49.2000 70
49.2320 49.2640 68
49.2960 49.7760 67
49.8080 49.8400 66
50.0960 50.0960 62
50.1280 50.3200 65
50.3520 50.6080 64
50.6400 50.8320 66
50.8640 51.5040 67
51.5360 51.6000 70
51.6320 51.7280 68
51.7600 51.9200 71
52.0800 53.3600 72
53.6480 53.9360 63
53.9680 54.0960 64
54.1280 54.2240 63
54.2560 54.2880 65
54.3200 54.8960 66
54.9280 55.0240 65
55.0560 55.3760 66
55.4080 55.7600 65
55.7920 55.8880 66
55.9200 55.9840 65
56.0160 56.1440 63
56.1760 56.2400 65
56.2720 56.3040 63
56.3360 56.4000 62
56.4320 56.7520 61
56.7840 57.3280 60
57.7440 57.8400 63
57.8720 57.9360 65
57.9680 58.0000 64
58.0320 58.0960 61
58.1280 58.1920 60
58.2240 58.2560 58
58.2880 58.3520 57
58.3840 58.4800 55
58.6400 58.7040 55
58.7360 58.8960 56
58.9280 59.0880 58
59.1200 59.2160 59
59.2480 59.5040 60
59.6320 59.9520 63
59.9840 60.0800 64
60.1120 60.5920 65
60.6240 60.7200 66
60.7520 60.9440 67
60.9760 61.0080 68
61.0400 61.2320 69
61.2640 61.3280 67
61.3600 61.5200 68
61.5520 61.7120 66
61.9680 62.3840 68
62.4160 63.0560 67
63.0880 63.1200 66
63.1520 63.3120 63
63.3440 63.3760 64
63.4080 63.6000 65
63.6320 63.8240 63
63.9840 64.1440 61
64.1760 64.2080 60
64.2400 64.3680 59
64.4000 64.4320 58
64.4640 64.4640 55
64.5600 64.6240 55
64.6560 64.8160 56
64.8480 64.9760 59
65.0080 65.0080 62
65.0400 65.1040 65
65.1360 65.1680 63
65.2000 65.3280 61
65.3600 65.6800 60
65.8080 65.8400 59
65.8720 66.0000 60
66.0320 66.1280 59
66.1600 66.2560 60
66.2880 66.3840 59
66.4160 66.5440 60
66.5760 66.6720 59
66.7040 67.0560 60
67.0880 67.1840 59
67.2160 67.6000 60
67.6320 68.3680 59
68.8800 68.9440 55
69.1040 69.2000 59
69.3280 69.3920 59
69.4240 69.7120 60
78.3200 79.3440 54
79.3760 79.4400 53
83.2800 83.4080 63
83.4400 83.5040 62
86.6720 86.7680 59
86.9920 87.1840 58
87.2160 87.2480 59
87.2800 87.4720 60
87.5040 87.9840 63
88.0160 88.3360 65
88.3680 88.4640 67
88.4960 88.5920 66
88.6240 88.8160 63
88.9760 89.0400 61
89.0720 90.8960 60
91.4080 91.4720 59
91.6320 91.8560 60
91.8880 92.1120 63
92.1440 92.4000 65
92.4320 92.4960 67
92.5280 92.5920 66
92.6240 92.8800 63
92.9120 93.3280 65
93.3600 94.0960 67
94.1280 94.3520 68
94.3840 94.7040 67
94.7360 94.8640 68
94.8960 95.1840 67
95.6000 95.8880 63
95.9200 96.0480 65
96.0800 96.1120 66
96.1440 96.4640 67
96.4960 96.5280 70
96.5600 96.7200 71
96.7520 96.8480 70
96.8800 97.0080 68
97.0400 97.2000 67
97.2320 97.6160 68
97.6800 98.2240 67
98.2560 98.3200 66
98.3520 98.4160 65
98.4480 99.5040 60
99.6320 99.7920 60
99.8240 99.8560 62
99.8880 100.2080 63
100.2400 100.5280 60
100.5600 100.5600 58
100.5920 100.6240 56
100.6560 100.9760 55
101.0080 101.2320 56
101.2640 101.3920 58
101.4240 101.5200 57
101.5520 101.7440 58
101.7760 103.7600 60
107.3120 107.4720 66
107.5040 107.6960 67
107.8560 107.9200 65
108.3680 108.4960 67
108.5280 108.5920 68
108.6240 108.7520 70
108.7840 109.2000 71
109.2320 109.5200 70
109.5520 110.4800 72
110.5120 110.6720 71
110.7040 111.0240 72
111.0560 111.1200 74
111.1520 111.3120 73
111.3440 111.5680 72
111.6000 111.6320 71
111.6640 111.6960 70
111.8240 112.3040 67
112.6880 112.8160 65
112.8480 112.9440 63
112.9760 113.0400 64
113.0720 113.2640 65
113.2960 113.3600 66
113.3920 113.9680 67
114.0000 114.0960 70
114.1280 114.2240 68
114.2560 114.5440 71
114.5760 114.6400 73
114.6720 115.9520 72
116.1120 116.6240 63
116.7520 116.8480 64
116.8800 116.9760 65
117.0080 117.1360 66
117.2320 117.6480 66
117.7760 117.9040 65
117.9360 118.0960 66
118.1280 118.2240 65
118.2560 118.3200 67
118.3520 118.4160 66
118.4480 118.5120 65
118.5440 118.6720 63
118.7040 118.7680 62
118.8000 118.8320 61
118.9280 119.1200 61
119.1520 119.6320 59
119.6640 119.8240 60
119.8560 119.8880 61
120.2400 120.3360 63
120.3680 120.4960 64
120.5280 120.5600 62
120.5920 120.6880 60
120.7200 120.8160 58
120.8480 120.9760 55
121.1360 121.2640 55
121.4240 121.5520 58
121.5840 121.6160 59
121.6480 121.8720 60
121.9040 122.4800 63
122.5120 122.9600 65
122.9920 123.0240 66
123.0560 123.1200 69
123.1520 123.4400 70
123.4720 123.6000 71
123.6320 123.7600 70
123.7920 123.8880 67
123.9200 124.0800 65
124.1120 124.1440 66
124.1760 124.4000 67
124.4320 124.6240 68
124.6560 125.2320 67
125.2640 125.5840 66
125.6160 126.0960 65
126.1280 126.1600 64
126.1920 126.4480 63
126.4800 126.6080 60
126.6400 126.8320 59
126.8640 126.9600 62
126.9920 126.9920 60
127.0240 127.0240 57
127.0560 127.1840 55
127.2160 127.2480 56
127.2800 127.3760 58
127.5680 127.8240 59
127.8560 127.9200 61
127.9520 130.0640 60
130.0960 130.1920 59
130.2880 130.3200 59
130.3840 130.4480 59
130.4800 131.5680 60
135.2160 135.4400 67
135.4720 135.6000 70
135.7280 136.1760 72
136.2080 136.3040 70
136.3360 136.3360 68
139.4400 139.6640 67
139.6960 139.7280 70
139.7600 139.8560 71
139.9840 140.2720 72
140.3040 140.4640 71
140.4960 140.5280 70
140.5600 140.5920 69
140.7840 141.0400 60
141.0720 141.1040 62
141.1360 141.3600 63
141.3920 141.8720 65
141.9040 142.0640 66
142.0960 142.1280 65
142.1600 142.5440 63
142.5760 143.4080 60
143.5360 143.6000 60
143.7600 143.9200 61
143.9840 143.9840 61
144.0800 144.3040 61
144.8800 145.0720 59
145.1040 145.3600 60
145.3920 145.5200 63
145.6800 145.7120 65
145.7440 146.0960 66
146.1280 146.2560 64
146.2880 146.4160 63
146.4480 146.7040 65
146.8320 148.7520 67
149.1680 149.3280 63
149.3600 149.6160 66
149.6480 149.9040 67
149.9360 150.0640 71
150.0960 150.1920 70
150.2240 150.3200 69
150.4480 151.0560 67
151.2480 151.3760 65
151.6000 151.8240 67
151.8560 151.9200 64
152.0800 152.1760 62
152.2080 153.0720 61
153.3280 153.7440 63
153.7760 153.9040 61
153.9360 153.9680 59
154.2560 154.5760 56
154.6080 154.6400 58
154.6720 154.6720 60
154.7040 154.7360 63
154.7680 154.8320 61
154.8640 155.2480 59
155.2800 156.8800 60
158.7040 158.7680 66
161.8720 162.1600 68
162.1920 162.4800 70
162.5120 162.7360 71
162.7680 163.0560 70
163.0880 163.9520 72
164.0480 164.2400 71
164.2720 164.5280 72
164.5600 164.7840 74
164.8160 164.8800 73
164.9120 165.1680 72
165.2000 165.2640 71
165.2960 165.3920 69
165.4240 165.9680 67
166.0000 166.0960 66
166.1280 166.1920 62
166.2240 166.3840 65
166.4160 166.5440 64
166.6400 166.8640 65
166.8960 167.0240 68
167.0560 167.5360 67
167.5680 167.6640 70
167.6960 167.8240 68
167.8560 168.1120 71
168.1440 168.2080 73
168.2400 169.7120 72
169.8400 170.3520 63
170.3840 170.7360 65
170.7680 171.0240 66
171.0560 171.8240 65
171.8560 172.0480 66
172.0800 172.2400 63
172.2720 173.3280 60
173.9360 174.0640 64
174.0960 174.2240 61
174.2560 174.4160 58
174.4480 174.4800 56
174.7360 174.9600 56
174.9920 175.0880 58
175.1200 175.2480 59
175.2800 175.4720 60
175.5040 175.6320 62
175.6640 176.0800 63
176.1120 176.6560 66
176.6880 176.7200 67
176.7520 177.2960 70
177.3280 177.5200 67
177.5520 177.7120 66
177.8720 178.1920 66
178.2240 178.8000 67
179.1520 179.7280 65
179.7600 179.9200 64
180.0160 180.0160 65
180.0800 180.2720 61
180.3040 180.4640 58
180.4960 180.7840 56
180.8160 180.9120 58
180.9440 181.0720 59
181.1040 185.0720 60
