29.4880 29.6160 47
29.8720 29.9040 54
29.9360 29.9680 55
30.0000 30.6080 56
30.7680 30.9920 56
31.0240 31.5680 54
31.7280 32.1760 52
32.2080 32.7520 51
32.7840 32.8480 50
32.8800 33.0080 51
33.2320 33.2960 58
33.3280 33.8080 59
33.8400 34.0640 56
34.2240 34.5760 59
34.6080 34.6720 60
34.7040 35.0560 59
36.1760 36.3040 56
36.3360 36.8800 57
37.1680 37.2320 57
37.2640 37.2960 58
37.3280 37.4560 59
37.4880 37.9360 57
37.9680 38.1920 56
38.3200 38.3840 55
38.4160 38.4480 54
38.4800 38.5120 53
38.5440 38.9280 52
39.1200 39.2800 52
39.4720 39.5040 48
39.5360 39.7280 49
40.0800 40.1760 54
40.2080 40.2400 55
40.2720 40.4320 56
40.4640 40.9760 54
41.5840 41.6160 50
41.6480 41.7440 54
41.7760 41.8080 55
41.8400 42.0000 56
42.0320 42.1600 57
42.1920 42.2560 59
42.2880 42.3840 57
42.4160 42.8000 59
42.8320 43.1520 56
43.3760 44.3360 59
44.9440 45.2000 56
45.3280 45.4560 62
45.4880 45.5520 64
45.7440 46.0320 63
46.0640 46.2240 61
46.3520 46.5760 59
46.7040 46.8960 59
46.9280 46.9600 57
46.9920 47.4720 56
48.1440 48.2080 48
48.2400 48.3040 51
48.3360 48.4000 52
48.4320 48.5280 54
48.8480 49.1040 56
49.6800 49.7760 48
49.8080 50.0000 51
50.0320 50.2240 54
50.2560 50.9280 56
50.9600 51.1520 59
51.1840 51.3120 57
51.3440 51.4080 55
51.4400 51.4720 54
51.6000 52.0480 54
52.0800 52.1440 55
52.1760 52.2400 54
52.2720 52.3040 53
52.3360 52.6240 52
52.6560 52.7200 51
52.7520 53.4240 52
53.4560 53.7120 51
53.7440 53.8080 52
53.8400 54.2240 51
57.2000 57.3920 49
57.4240 57.4560 48
57.9040 57.9680 47
58.0000 58.0640 49
58.0960 58.1600 50
58.1920 58.2240 51
58.2560 58.3200 52
58.3520 58.4480 51
58.4800 58.7040 52
58.7360 58.7680 50
58.8000 58.9280 49
58.9600 59.1520 48
59.4080 59.5040 51
59.5360 59.8560 52
59.8880 59.9520 51
59.9840 60.0480 49
60.0800 60.2080 48
60.2400 60.3040 49
60.3360 60.4000 51
60.4320 60.7520 52
60.7840 60.8800 51
60.9440 60.9760 51
61.2640 61.8080 56
61.9680 62.2560 54
62.2880 63.1840 56
64.4320 64.6240 52
64.8160 64.9120 52
64.9440 64.9760 50
65.0080 65.2640 49
65.2960 65.3920 48
65.7120 66.4480 51
66.4800 66.5440 52
66.5760 66.6400 54
66.6720 66.7040 55
66.7360 66.8960 56
66.9280 67.0240 55
67.0560 67.1200 54
67.1520 67.2800 53
67.3120 68.6560 54
68.6880 68.7520 55
68.7840 69.6480 54
69.6800 69.7440 53
70.3840 70.4160 47
70.4480 70.5760 48
70.6080 70.7040 51
70.7360 70.8640 52
71.0240 71.1520 52
71.1840 71.6640 49
71.6960 71.8240 48
72.1760 72.4640 61
72.4960 72.4960 58
72.5280 72.7520 54
72.7840 73.4880 56
73.5200 73.5520 58
73.5840 74.1280 59
74.3840 74.4480 62
74.4800 74.6720 61
74.7040 74.9920 59
75.0240 75.0880 58
75.1200 75.4400 59
75.4720 75.6640 58
76.2720 76.3360 60
76.3680 76.6240 59
76.6560 76.7200 61
76.9120 77.7120 61
77.8720 78.2240 59
78.2560 78.5440 61
78.6080 79.0240 59
79.0560 79.0880 58
79.1200 79.2160 57
79.2480 79.7600 56
79.7920 79.8240 58
79.8560 83.1520 59
83.1840 83.4720 58
84.2080 84.3360 62
84.3680 84.4000 63
84.4320 84.5600 64
84.7200 85.0400 63
85.0720 85.1360 62
85.1680 85.2320 58
85.2640 85.2960 56
85.6480 86.6400 59
86.6720 86.7360 60
87.0240 87.1840 59
87.2160 87.2800 56
87.4080 87.5360 56
87.5680 87.6000 58
87.6320 88.5600 59
88.5920 88.9760 61
89.0080 90.0640 59
90.5440 90.5760 62
90.6080 90.6720 63
90.7040 90.8000 65
90.8320 90.8960 64
90.9280 91.1520 63
91.1840 91.2160 62
91.2480 91.2480 60
91.2800 91.2800 58
91.3120 91.4720 56
91.5040 91.5680 55
91.7280 92.8480 56
93.2000 93.2960 56
93.4240 93.4880 54
93.6160 93.6800 54
93.7120 93.7440 55
93.7760 94.1280 56
94.1600 94.2880 54
94.4480 94.5120 52
94.6400 94.7680 57
94.8000 96.2400 59
96.2720 96.3040 63
96.3360 96.4320 66
96.9120 96.9760 54
97.0080 97.1040 55
97.1360 97.2640 56
97.5840 97.8400 59
97.8720 98.0320 61
98.0640 98.2560 60
98.2880 99.2800 61
99.3120 99.3440 60
99.3760 99.4400 59
99.8880 99.9840 63
100.0160 100.2720 64
100.3040 100.4640 63
100.6880 100.8800 61
101.0080 101.0720 61
101.1040 101.1360 62
101.1680 101.3280 63
101.3600 101.4240 64
101.4560 101.5840 61
101.6160 101.7120 62
101.7440 101.8080 61
101.8400 102.4800 59
102.5120 102.5760 60
102.6080 103.6640 59
103.6960 103.7600 61
104.0800 104.2400 59
104.3680 104.6560 59
104.6880 104.8160 61
104.9760 105.2320 59
105.2640 105.3280 63
105.3600 105.5200 59
105.5520 105.9040 56
106.1280 106.1600 54
106.1920 106.2560 55
106.2880 106.3840 56
106.5120 106.6400 59
106.6720 106.6720 57
106.7040 106.7040 55
106.7360 106.8640 53
106.8960 106.9280 52
107.0880 107.1520 57
107.1840 107.4400 56
107.4720 107.5360 54
107.5680 107.7280 55
107.7600 107.8240 54
107.8560 107.9200 55
107.9520 108.6240 54
109.2320 109.2960 61
109.3280 109.4880 64
109.6480 110.0640 63
110.0960 110.0960 61
110.1280 110.2240 58
110.2560 110.8000 56
110.8320 110.9600 58
110.9920 111.6320 59
111.8240 112.0160 59
112.1760 112.4320 56
112.4640 112.4960 57
112.5280 112.7840 58
112.8160 113.4560 59
113.4880 113.7120 61
113.7440 114.5760 59
114.6080 114.6720 58
115.0560 115.0560 59
115.0880 115.1520 61
115.1840 115.3120 64
115.4720 115.5360 63
115.5680 115.6640 64
115.8240 116.2720 63
116.3040 116.3040 59
116.3360 117.6800 56
117.7120 117.7760 57
118.1280 118.2240 56
118.2560 118.3200 55
118.3520 118.4480 54
118.4800 118.5440 51
118.5760 118.6720 54
118.7040 118.8960 56
118.9280 119.1520 59
119.1840 119.2160 58
119.3440 119.4720 59
119.6000 119.6960 59
119.7280 119.9200 61
119.9520 120.1120 59
120.1440 120.3040 58
120.3360 121.2320 59
121.8400 121.9040 52
121.9360 122.0640 54
122.1280 122.2560 57
122.2880 122.4480 56
122.4800 122.8320 59
122.8640 123.0560 61
123.0880 123.2160 60
123.2480 124.1120 61
124.1440 124.2400 59
124.5920 124.7840 58
124.8160 124.8480 62
124.8800 124.9120 63
124.9440 125.2320 64
125.2640 125.4560 63
125.4880 125.5520 62
125.5840 126.1280 61
126.1600 126.3200 62
126.3520 126.4160 63
126.4480 126.5760 62
126.6080 126.7040 61
126.7360 127.4720 59
127.5040 127.6960 62
127.7280 128.5600 64
128.5920 128.7200 63
128.7520 128.8160 65
129.2000 129.7440 59
129.7760 129.9040 61
129.9360 130.1280 59
130.3200 130.4800 59
130.5120 130.8000 56
130.9600 131.1200 54
131.1520 131.4720 56
131.5040 131.6960 55
132.3040 132.8480 59
132.8800 133.0400 61
133.0720 133.2320 59
133.3920 133.5840 59
133.6160 134.1280 56
134.1600 134.3200 54
134.3520 134.4480 55
134.4800 134.5760 56
134.6080 134.6720 55
134.7040 134.8320 54
135.1200 135.1840 55
135.2160 135.3440 54
135.3760 138.5440 52
147.9200 148.0160 59
148.3360 148.3680 55
148.4000 149.0720 56
149.3280 150.0640 54
150.0960 150.9280 52
150.9600 151.0880 51
151.3440 151.6960 59
151.7280 151.7600 60
151.7920 152.1440 61
152.1760 152.3040 59
152.4960 152.6240 59
152.7840 153.7440 59
154.3840 154.6400 56
154.6720 155.5360 57
155.5680 155.6320 56
155.6640 155.7600 57
155.7920 155.8880 58
156.0160 156.4000 57
156.4320 156.6560 56
156.7840 156.9760 54
157.0080 157.3920 52
157.7120 157.8720 51
158.0000 158.1600 47
158.6400 158.7360 52
158.9280 159.3120 54
159.3440 159.4720 53
159.9200 160.0480 53
160.0800 160.1760 54
160.3040 160.4320 56
160.4640 160.7840 57
160.8160 160.8480 58
160.8800 161.2320 59
161.2640 161.3600 57
161.3920 161.4560 61
161.4880 161.4880 58
161.5200 161.8080 56
161.8400 161.9040 58
161.9360 162.4480 59
162.4800 162.6080 58
162.6400 162.8960 59
162.9280 162.9920 60
163.4080 163.6320 56
163.7920 163.8880 63
163.9200 164.0800 64
164.2080 164.5280 63
164.5600 164.6880 61
164.8480 164.9120 59
164.9440 165.0080 58
165.2320 166.0640 56
166.5440 166.5760 47
166.6080 166.6720 48
166.7040 166.8000 51
166.9280 167.0880 54
167.3120 167.6640 56
168.1440 168.1440 47
168.1760 168.2720 49
168.3040 168.4320 51
168.4640 168.4960 53
168.5280 168.7520 54
168.7840 169.3600 56
169.3920 169.6160 59
169.6480 169.8080 56
169.8400 169.9360 57
169.9680 170.0640 56
170.0960 170.1600 54
170.1920 170.3520 55
170.3840 170.3840 53
170.4160 170.6720 50
170.7040 171.4720 52
171.5040 171.5680 51
171.6000 171.6640 52
171.6960 171.7600 51
171.7920 171.8560 52
171.8880 172.2720 51
172.3040 172.3680 52
172.4000 172.5920 51
173.2960 173.3280 47
173.3600 173.3920 48
173.4240 173.5520 49
173.5840 173.6160 51
173.6480 173.7760 52
173.8080 174.1280 51
174.1600 174.3200 49
174.5120 174.5760 49
174.6080 174.6720 50
174.7040 175.2800 52
175.3120 175.6000 49
175.6320 175.6640 50
175.6960 176.2400 51
176.3360 176.4320 54
176.6560 176.7200 55
176.7520 177.1040 56
177.1360 177.2320 58
177.3600 177.5520 54
177.5840 177.6160 55
177.6480 178.7040 56
179.7600 180.0160 52
180.1760 180.2720 51
180.3040 180.3360 50
180.3680 180.7840 49
180.8160 180.8160 47
181.0720 181.1040 50
181.1360 181.2000 51
181.3280 181.9040 52
181.9360 182.0640 54
182.0960 182.2560 56
182.2880 182.4800 54
182.5120 182.6720 53
182.7040 184.2400 54
184.2720 184.3360 55
184.3680 184.4320 54
184.4640 184.5280 55
184.5600 184.6240 54
184.6560 184.7200 55
184.7520 184.9440 54
184.9760 185.0720 53
185.7440 185.8080 47
185.8400 185.9040 48
185.9360 186.0000 49
186.0320 186.0960 51
186.1280 186.2240 52
186.4160 186.5760 52
186.6080 187.0880 49
187.5680 187.8560 61
187.8880 187.8880 57
187.9200 187.9840 53
188.0160 188.1440 54
188.1760 188.6560 56
188.7840 188.8480 58
188.8800 189.3920 59
189.7440 189.8080 62
189.8400 190.0640 61
190.0960 190.9920 59
191.0240 191.0880 60
191.6000 191.6320 58
191.6640 192.0480 59
192.2720 193.0720 61
193.2320 193.5840 59
193.6160 193.8720 61
194.0000 194.0320 63
194.0640 194.3520 64
194.3840 194.3840 62
194.4160 194.4800 59
194.5120 194.5440 57
194.5760 195.1200 56
195.1520 195.2160 58
195.2480 197.3920 59
197.4240 197.4880 58
197.5200 197.5840 59
197.6160 197.8080 61
197.8400 197.9040 62
197.9360 198.0960 61
198.1280 198.9920 59
199.0240 199.1520 58
199.4720 199.5040 63
199.5360 199.9200 64
200.0800 200.1440 64
200.1760 200.4960 63
200.5280 200.5920 60
200.6240 200.6880 57
201.0080 202.0320 59
202.3200 202.5120 59
202.5440 202.7360 56
202.8000 202.9280 56
202.9600 202.9920 58
203.0240 203.9200 59
203.9520 204.0480 60
204.0800 204.1760 56
204.2080 204.3040 61
204.3360 205.3920 59
205.4240 205.5200 58
205.9040 205.9680 62
206.0000 206.2240 64
206.2560 206.5760 63
206.6080 206.6400 61
206.6720 206.7040 57
206.7360 208.2080 56
208.6240 208.6880 56
208.8160 208.9440 55
208.9760 209.1040 54
209.1360 209.1680 55
209.2000 209.4880 56
209.5200 209.7440 54
210.0000 210.1280 57
210.1600 211.7920 59
212.3040 212.3680 54
212.4000 212.4960 55
212.5280 212.6560 56
212.9440 213.2320 59
213.2640 213.3920 61
213.4240 213.6480 60
213.6800 214.6720 61
214.7040 214.7360 60
214.7680 214.8320 59
215.2480 215.3440 63
215.3760 215.6640 64
215.6960 215.8240 63
216.0480 216.4320 61
216.4640 216.5280 62
216.5600 216.8480 63
216.8800 217.1360 61
217.1680 217.8720 59
217.9040 217.9680 60
218.0000 218.7040 59
218.7360 218.8640 58
218.8960 219.1200 59
219.3440 219.5680 59
219.7280 219.7920 59
219.9520 220.0160 59
220.0480 220.1760 61
220.3360 220.5280 59
220.5600 220.5920 62
220.6240 220.6880 64
220.7200 220.8480 59
220.8800 221.2960 56
221.4880 221.6480 54
221.6800 221.7760 56
221.9040 222.1920 59
222.2240 222.4480 58
222.4800 222.8000 56
222.8320 222.9600 53
222.9920 223.2800 54
223.3120 223.3760 53
223.4080 223.4720 54
223.5040 223.7280 53
223.7600 223.9520 54
224.5600 224.6560 63
224.6880 224.8480 64
224.9760 225.3920 63
225.4240 225.4240 61
225.4560 225.5200 59
225.5520 226.1280 56
226.1600 226.3200 58
226.3520 226.9280 59
227.2480 227.4080 59
227.5680 227.8560 56
227.8880 227.9520 59
227.9840 228.1440 58
228.1760 228.8160 59
228.8480 229.0400 61
229.0720 230.0640 59
230.0960 230.1280 58
230.1600 230.1600 56
230.2880 230.2880 55
230.3840 230.4160 56
230.4480 230.5440 62
230.5760 230.7040 64
230.8320 230.8960 63
230.9280 231.1200 64
231.1520 231.5680 63
231.6000 231.6320 62
231.6640 231.7280 59
231.7600 233.1360 56
233.5520 233.6480 56
233.6800 233.7120 55
233.7440 233.8400 54
233.9680 234.0640 54
234.0960 234.2560 56
234.2880 234.5760 59
234.7040 235.0560 59
235.0880 235.2800 61
235.3120 235.5040 59
235.5360 235.6320 58
235.6640 236.6880 59
237.1360 237.2000 50
237.2320 237.3280 54
237.5200 237.7440 56
237.8720 238.1280 59
238.2880 238.4480 60
238.4800 238.6080 59
238.6400 239.7280 61
240.1760 240.2080 61
240.2400 240.2720 62
240.3040 240.4960 64
240.5280 240.5920 65
240.6240 240.8160 63
240.8480 240.9440 62
240.9760 241.4880 61
241.5200 241.6480 62
241.7760 242.0320 61
242.1280 242.4480 59
242.6400 242.7680 59
242.8000 242.8320 58
242.8640 242.8960 57
242.9280 242.9280 59
242.9600 243.0240 62
243.0560 243.0880 63
243.1200 243.9840 64
244.4640 244.7200 58
244.7520 245.0080 59
245.0400 245.2000 61
245.2320 245.4880 59
245.6160 245.8080 59
245.8400 246.1280 56
246.1600 246.2560 54
246.2880 246.3840 55
246.4160 246.5440 56
246.5760 247.1520 54
247.6000 248.0800 59
248.1120 248.3360 61
248.3680 248.5600 59
248.5920 248.6560 60
248.6880 248.9120 59
248.9440 249.0400 56
249.1680 249.4240 56
249.5520 249.6160 54
249.6480 249.7120 55
249.7440 249.8400 56
249.8720 250.0960 54
250.5440 250.5760 63
250.6080 250.6720 64
250.7040 250.8320 63
250.8640 250.9280 61
250.9600 250.9920 62
251.0240 251.0560 63
251.0880 254.7040 64
254.7360 254.8000 65
254.8320 255.4400 64
255.4720 255.5360 63
255.5680 255.6320 62
255.6640 255.8240 64
255.8560 255.9200 63
256.1440 256.2080 66
256.2400 256.3680 67
274.4160 274.5440 62
274.5760 274.6080 63
274.6400 274.7360 64
274.8960 275.3440 63
275.3760 275.3760 61
275.4080 275.4400 59
275.4720 275.5040 57
275.5360 276.0480 56
276.0800 276.1120 58
276.1440 276.7520 59
276.7840 276.9120 60
277.0400 277.2640 59
277.4240 277.7440 56
277.7760 278.7360 59
278.7680 278.9600 61
278.9920 279.4080 59
279.4400 279.5040 58
279.5360 279.8880 59
279.9200 279.9840 60
280.3040 280.4000 62
280.4320 280.5600 63
280.7200 280.7840 63
280.8160 280.9120 64
281.0400 281.3920 63
281.4240 281.5200 62
281.5520 281.5520 60
281.5840 281.5840 59
281.6160 281.6800 57
281.7120 282.9920 56
283.4080 283.5040 56
283.5360 283.5680 55
283.6000 283.6960 54
283.7280 283.7600 55
283.7920 283.9200 54
283.9520 283.9520 55
283.9840 284.1760 56
284.2080 284.2080 58
284.2400 284.4640 59
284.5920 284.9120 59
284.9440 285.1040 61
285.1360 285.1360 60
285.1680 285.3600 59
285.3920 285.5200 58
285.5520 286.5440 59
286.9280 286.9600 60
286.9920 287.0240 62
287.0560 287.1840 63
287.2160 287.2800 62
287.3120 287.5680 61
287.7280 287.9520 59
288.0160 288.0480 59
288.0800 288.2400 61
288.2720 288.3360 60
288.3680 288.4320 59
288.4640 288.4640 60
288.4960 289.4240 61
289.4560 289.6160 60
290.0320 290.0320 61
290.0640 290.1600 62
290.1920 290.3520 64
290.3840 290.4480 65
290.4800 290.4800 64
290.5120 290.7040 63
290.7360 290.8640 62
290.8960 291.3440 61
291.3760 291.4720 62
291.6000 291.6640 63
291.6960 291.7920 62
291.8240 291.9200 61
291.9520 291.9520 60
291.9840 292.0480 59
292.0800 292.2080 58
292.2400 292.4000 59
292.4320 292.7520 58
292.7840 292.7840 59
292.8160 292.9760 63
293.0080 294.6400 64
294.6720 294.7360 63
294.7680 294.8000 62
294.8320 294.8640 61
294.9920 295.0560 64
295.0880 295.1200 63
295.8880 296.4640 59
296.4960 296.4960 60
296.5280 296.6560 61
296.6880 296.6880 60
296.7200 296.9120 59
297.1040 297.2320 59
297.2640 297.2640 58
297.2960 297.2960 57
297.3280 297.5840 56
297.6160 297.6160 55
297.7440 297.8400 54
297.8720 297.9040 55
297.9360 298.0000 56
298.0320 298.0640 55
298.0960 298.5120 54
299.1200 299.1520 58
299.1840 299.6640 59
299.6960 299.6960 60
299.7280 299.8240 61
299.8560 299.8560 60
299.8880 300.1120 59
300.3040 300.4320 59
300.4640 300.4640 58
300.4960 300.4960 57
300.5280 300.6240 56
300.7840 301.0400 56
301.0720 301.1040 55
301.1360 301.3280 54
301.3600 301.3920 55
301.4240 301.5520 56
301.7120 301.9360 54
302.2560 302.3200 55
302.3520 302.4480 54
302.4800 302.4800 53
302.5120 303.5040 52
303.5360 303.6000 51
303.6320 304.1440 52
304.1760 304.2400 51
304.2720 304.3680 52
304.4000 304.4640 51
304.4960 305.7440 52
319.7600 320.0160 59
