31.3440 31.4080 54
46.8000 46.9280 54
46.9600 47.1520 53
47.1840 47.3760 54
47.4080 47.8560 52
48.0480 48.1760 52
48.2080 48.2720 53
48.3040 48.4000 54
48.4320 48.4960 53
48.5280 48.7840 52
48.9120 49.0400 52
49.0720 49.2640 51
49.2960 49.6160 50
49.8080 49.9680 50
50.0000 50.0320 51
50.0640 50.7040 52
50.8960 51.0240 52
51.0560 51.0880 53
51.1200 51.2800 54
51.4720 51.5360 53
51.7280 51.8560 53
53.5520 53.6800 55
53.7120 53.7760 54
53.8080 53.8400 53
53.9680 54.0960 54
54.2560 54.5440 53
54.9280 55.0240 56
55.0560 55.5040 57
55.9840 56.3360 57
56.3680 56.4000 54
56.5920 57.0720 54
57.1040 58.2560 55
59.8240 59.8880 55
59.9200 59.9200 57
59.9520 60.1120 60
60.1440 60.4640 62
60.4960 60.5600 61
60.7200 60.9440 59
60.9760 61.0080 58
61.1360 61.2320 61
61.3920 61.5840 61
61.6160 62.2560 62
62.4480 62.6400 63
62.6720 62.6720 61
62.8640 63.0880 55
63.2800 64.6880 57
64.7200 64.7520 56
64.7840 64.8800 55
65.0080 65.6480 54
67.0880 67.2160 54
67.2480 67.3760 53
67.5360 67.6960 54
67.7280 67.9520 53
68.4000 68.4960 55
68.5280 68.5600 56
68.5920 69.4240 57
69.4560 69.4880 58
69.5200 70.0000 59
70.0320 70.1280 58
70.1600 70.2240 57
70.7360 70.9600 54
70.9920 72.4000 53
73.8400 74.0000 53
74.0320 74.1920 52
74.2240 74.2560 53
74.2880 74.4480 54
74.4800 74.5760 53
74.6080 74.8640 52
74.8960 75.1840 51
75.2160 75.2800 52
75.3120 75.3440 53
75.3760 75.5040 54
75.5360 76.0160 52
76.0480 76.0800 51
76.1120 76.4640 50
76.7520 76.7840 49
76.8160 76.9760 50
77.0080 77.4240 52
77.6480 77.7440 52
77.9360 78.1280 54
78.5120 78.6080 52
78.8320 78.9600 54
80.5920 80.6560 53
80.7840 80.8480 52
81.0720 81.6480 52
81.9040 81.9680 53
82.0000 82.5760 57
82.7360 83.2800 57
83.3120 83.8240 59
84.0160 84.8160 54
84.8480 85.5200 55
85.5520 85.6480 54
86.6720 86.8000 54
86.8320 86.8960 55
86.9280 86.9920 59
87.0240 87.0560 60
87.0880 87.3120 62
87.3440 87.6000 61
87.6320 87.7280 62
87.7600 88.1440 59
88.1760 88.5920 61
88.6240 89.4240 62
89.4560 89.6160 64
89.6480 89.6800 63
90.1280 91.7600 57
93.4560 93.9680 62
94.0960 94.3200 61
94.3520 94.4480 59
94.4800 94.5440 62
94.5760 94.8640 59
94.8960 94.9280 60
94.9600 95.2800 61
95.3120 96.5920 62
96.6240 97.0720 59
97.1040 97.2960 61
97.3280 97.5200 59
97.5520 100.6240 61
102.5440 102.7680 54
102.9600 103.2160 66
103.2480 103.5680 61
103.6000 104.5920 62
105.0400 105.2000 62
105.3280 105.4240 62
105.5520 105.7760 61
105.9360 106.1280 62
106.3520 106.5120 61
106.5440 106.5760 59
106.6080 107.0560 57
107.2160 107.4400 54
107.4720 107.7600 57
107.8880 108.0800 57
108.1120 108.2080 55
108.2400 108.4960 54
108.5280 108.8160 55
108.8480 108.9440 54
109.4880 109.5520 53
109.5840 109.6480 54
109.6800 109.7440 55
109.7760 109.8080 56
109.8400 110.3520 57
110.3840 110.5120 59
110.8320 111.1520 52
111.8880 112.3040 62
112.3360 112.6560 61
112.6880 113.1680 62
113.2000 113.3280 60
113.3600 113.3920 57
113.4240 113.5520 56
113.5840 113.8080 57
113.9680 114.0000 65
114.0320 115.0880 66
115.1200 115.6960 67
116.0480 116.1440 64
116.1760 116.2080 65
116.2400 116.3360 66
116.3680 116.4640 65
116.4960 116.6240 66
116.6560 116.7200 65
116.9120 117.1360 65
117.1680 117.9680 64
118.1600 118.3200 64
118.3520 118.3520 62
118.3840 118.9600 59
118.9920 119.6000 61
119.6320 119.6960 60
120.1760 120.3680 65
120.4000 120.4640 64
120.4960 120.9120 62
121.1360 121.3280 64
121.3600 121.7440 62
121.7760 122.0320 59
122.2240 123.0240 62
123.0560 123.1200 59
123.6320 123.7600 59
123.7920 123.8240 60
123.8560 124.1760 61
124.2080 124.3680 62
124.4960 124.5600 62
124.5920 124.6560 61
124.7840 125.0080 59
125.3920 125.4880 57
125.5200 125.5520 58
125.5840 125.9680 61
126.0000 126.3840 62
126.4160 126.5120 63
126.6720 126.7680 65
126.8000 126.8320 63
126.8640 126.8960 59
126.9600 127.5040 59
127.5360 127.7280 61
127.7600 127.9200 59
127.9520 129.0400 61
129.6160 129.8080 54
130.0320 130.0960 65
130.1280 130.2240 66
130.2560 130.2560 63
130.2880 130.6400 61
130.6720 131.5680 62
131.6960 131.7600 65
132.0160 132.5920 62
132.6240 132.8480 61
133.0080 133.0400 62
133.0720 133.1360 61
133.3920 133.5840 61
133.6160 133.7440 58
133.7760 134.0320 57
134.0640 134.1280 55
134.1600 134.3840 54
134.5440 134.7040 57
134.9280 135.8240 54
136.5600 136.5920 52
136.6240 136.7840 53
137.0400 137.3920 57
137.4240 137.5200 58
137.5520 137.7440 52
138.0640 138.0960 53
138.9280 139.0240 60
139.0560 139.1840 62
139.2160 139.2800 63
139.3120 139.8560 61
139.8880 140.1440 62
140.1760 140.2720 61
140.4320 140.5280 56
140.5600 140.9440 57
140.9760 140.9760 59
141.0080 141.0080 64
141.0400 142.6720 66
142.7040 142.7680 67
143.0880 143.2800 65
143.3120 144.2080 66
144.2400 144.2720 65
144.3040 144.8480 64
144.8800 144.9440 63
144.9760 145.0720 66
145.2320 145.3920 65
145.4240 145.8720 62
145.9040 146.8640 61
147.3440 147.5360 62
147.5680 147.7600 64
147.7920 148.3680 62
148.4000 148.6240 64
148.6560 148.6880 63
148.7200 148.8160 62
148.8480 149.0720 59
149.2960 150.0640 62
150.7360 150.9280 59
150.9600 151.3440 61
151.3760 151.4400 62
151.6320 151.7920 61
151.8240 152.1440 59
152.4640 152.6240 59
152.6560 153.0400 61
153.0720 153.2960 62
153.3280 153.5200 61
153.5520 153.8400 59
153.8720 153.9680 58
154.1600 154.5440 57
154.5760 154.6080 58
154.6400 159.0560 59
162.5760 164.3040 66
168.4640 168.5600 54
168.5920 168.8800 53
168.9120 169.0720 54
169.2000 169.6160 52
169.7760 169.8080 51
169.8400 169.9360 52
169.9680 170.0640 53
170.0960 170.3200 52
170.4480 170.5120 53
170.5440 170.6400 52
170.8320 171.1200 50
171.6000 171.7920 51
171.8240 172.1440 52
172.2720 172.4640 52
172.4960 172.9760 54
173.1360 173.2320 52
173.4240 173.6160 54
175.1840 175.5360 53
175.6960 175.8240 55
175.8560 176.3360 52
176.5280 176.5600 51
176.5920 176.7520 55
176.7840 177.3920 57
177.4240 177.5520 60
177.5840 177.6160 61
177.6480 178.3200 62
178.3520 178.4160 59
178.4480 178.4800 57
178.7040 179.7600 54
181.3280 182.1600 62
182.1920 182.6400 59
182.8000 183.0560 61
183.0880 183.5360 62
183.6960 183.9840 62
184.1120 184.3040 64
184.4640 184.6240 54
184.8160 184.9120 56
184.9440 186.2880 57
186.3200 186.8320 58
188.0480 188.8800 62
188.9120 189.5200 59
189.5520 189.6160 61
189.6480 189.7120 62
189.7440 189.8400 64
189.8720 190.7040 62
190.7360 190.8320 67
190.8640 190.9600 64
190.9920 191.0560 63
191.0880 191.3760 59
191.5360 191.6960 62
191.7280 193.2960 61
193.3280 193.3600 59
193.9040 194.0640 66
194.2560 194.4480 66
194.4800 194.8000 61
194.8320 194.8960 67
194.9280 195.8240 62
195.9200 197.3920 62
197.6480 197.8080 61
197.8400 198.2560 57
198.2880 198.3840 55
198.4160 198.6400 54
198.7680 198.9280 57
199.1200 199.2800 54
199.3120 199.3760 55
199.5360 199.7600 54
200.7520 200.7840 53
200.8160 201.0080 54
201.2320 201.6160 57
201.6480 201.7440 59
201.7760 201.7760 57
201.8080 202.3520 52
202.3840 202.5120 53
203.1520 203.3760 62
203.4080 203.5040 63
203.5360 204.1760 61
204.2080 204.3680 62
204.4000 204.4960 61
204.6560 205.1040 57
205.2320 206.9280 66
207.3120 207.3440 63
207.3760 207.4720 64
207.5040 208.3680 66
208.4000 209.4560 64
209.4880 209.5840 65
209.6160 209.7440 62
209.8720 210.2880 62
210.3200 211.0560 61
211.4720 211.5360 59
211.5680 211.6640 62
211.6960 212.0160 64
212.0480 212.5600 62
212.5920 212.8480 64
212.8800 212.9760 62
213.1680 213.5200 59
213.6800 213.9680 66
214.0000 214.0640 64
214.0960 214.4480 62
214.4800 214.5120 60
214.8960 215.0880 59
215.1200 215.5040 61
215.5360 215.6320 62
215.8240 215.9840 62
216.0160 216.1120 59
216.1440 216.3040 58
216.6880 216.8480 59
216.8800 217.2000 61
217.2320 217.5200 62
217.5520 217.7440 61
217.7760 218.0000 59
218.0320 218.3520 58
218.3840 218.6720 57
218.7040 222.5760 59
222.6080 222.8320 60
224.4960 224.5920 59
227.0240 227.0880 67
237.8400 237.9040 72
237.9360 238.1600 73
238.8320 239.0880 69
239.6000 240.6240 71
240.8800 241.0400 71
243.6320 243.6960 60
244.5600 244.7200 54
244.7520 244.8160 55
245.0080 245.2000 66
245.2320 245.5840 61
245.6480 246.5760 62
247.0240 247.1520 62
247.3120 247.3760 62
247.5360 247.7280 62
247.8880 248.0800 62
248.3360 248.4960 61
248.5280 249.0720 57
249.2000 249.3920 54
249.4240 250.0320 57
250.0640 250.0960 55
250.1280 250.5120 54
251.4400 251.5040 52
251.5360 251.6960 54
251.7280 252.3040 57
252.3360 252.4000 59
252.7200 253.1040 53
253.8720 254.2880 62
254.3200 254.6080 61
254.6400 255.0880 62
255.1200 255.1840 61
255.2160 255.2800 60
255.3120 255.7920 57
255.9520 257.6480 66
258.0640 258.1920 65
258.2240 258.7360 66
258.9280 259.0880 66
259.1200 259.9200 64
260.1120 260.3040 65
260.3360 260.4000 61
260.4320 260.9760 59
261.0080 261.2000 61
261.2320 261.4240 59
261.4560 261.8080 61
262.0960 262.2880 63
262.3200 262.4480 64
262.4800 262.9280 62
263.1200 263.2800 64
263.3120 263.7600 62
263.7920 264.0480 59
264.2080 264.9440 62
264.9760 265.0720 61
265.1040 265.1360 60
265.6160 265.7120 59
265.7440 265.8080 60
265.8400 266.1600 61
266.1920 266.3520 62
266.4800 266.6080 61
266.7360 266.7680 58
266.8000 266.9920 59
267.2800 267.5040 59
267.5360 267.6640 60
267.6960 267.9200 61
267.9520 268.3680 62
268.4000 268.4960 64
268.6560 268.8160 64
268.8480 268.9440 60
269.0720 269.4560 59
269.4880 269.6800 61
269.7120 269.9040 59
269.9360 270.8640 61
270.8960 270.9920 60
271.0240 271.1200 61
271.9840 272.2080 66
272.2400 272.3680 62
272.4000 272.5920 61
272.6240 273.5520 62
273.5840 273.7120 61
273.9040 274.3200 62
274.4480 274.5120 63
274.5440 274.6720 62
274.7040 274.8320 64
274.9920 275.0240 59
275.0560 275.1520 61
275.4080 275.5360 59
275.5680 275.6000 58
275.6320 275.6960 57
275.8240 275.9840 57
276.0160 276.0800 55
276.1120 276.3680 54
276.5280 276.6560 56
276.8480 277.1040 54
277.1360 277.4880 55
278.5120 278.7360 54
278.9920 279.4720 57
279.6000 280.1120 52
280.8800 281.1680 62
281.2000 281.2960 57
281.3280 281.6800 61
281.7120 282.0320 62
282.3520 282.6720 64
282.7040 282.8640 65
282.8960 284.4640 66
284.4960 284.6240 65
285.1360 285.2320 64
285.2640 286.1920 66
286.2240 286.7360 64
286.7680 286.8960 63
287.0880 287.1840 64
287.2160 287.3760 63
287.4080 287.8560 62
287.8880 288.7520 61
289.3280 289.4560 62
289.4880 289.6800 64
289.7760 290.3520 62
290.3840 290.6400 64
290.6720 290.8000 62
290.8320 291.0560 59
291.2480 292.1120 62
292.1440 292.1440 60
292.6880 292.8800 59
292.9120 293.3600 61
293.5520 293.7440 61
293.7760 294.0960 59
294.5440 294.5760 59
294.6080 295.5680 61
295.6000 296.0160 59
296.1760 296.6240 57
296.6560 298.5760 59
299.6960 300.0800 61
300.1120 300.3040 62
300.3360 300.5280 61
300.5600 300.8480 59
301.2640 301.3920 59
301.4240 301.4880 63
301.5200 303.0560 64
303.0880 303.2160 63
303.2480 303.2480 61
304.3040 304.9440 57
304.9760 305.7120 59
305.7440 305.8080 60
305.8400 310.0640 59
312.8800 313.9040 61
314.3520 316.9120 61
