41.1040 41.2000 66
41.4880 41.5200 62
41.7120 41.8080 61
107.6960 107.8880 65
108.1760 108.3680 65
108.6240 108.7840 66
109.3280 109.5200 64
109.8080 109.8720 65
110.6400 110.8320 64
111.0560 111.1200 63
111.1520 111.6960 62
111.9840 112.5600 59
114.4800 114.6400 59
114.6720 114.7040 60
114.7360 114.8000 61
114.8320 115.6000 62
115.6320 115.6960 63
115.7280 116.0800 64
116.1120 116.2080 65
116.2400 116.2720 67
116.3040 116.3360 68
116.3680 116.9760 69
117.0080 117.2320 70
117.2640 117.5520 69
117.5840 117.8400 70
118.0000 118.6080 67
118.6400 118.6720 66
118.7040 119.7600 65
119.7920 120.5920 66
122.3520 122.8320 59
122.8640 122.9280 60
122.9600 123.0240 61
123.0560 123.1200 64
123.1520 123.2160 66
123.2480 123.5040 67
123.5360 124.3680 66
124.4000 124.4960 65
124.5280 125.0720 64
125.2000 125.4560 66
125.6800 126.0000 63
126.1280 126.3200 64
126.5120 126.7680 62
126.9920 127.2480 62
127.5040 128.0800 59
130.3840 130.4800 60
130.5120 130.9280 59
131.2800 131.5040 59
131.5360 131.6000 60
131.6320 131.9520 61
132.1440 132.4640 62
132.5920 132.7520 64
132.7840 132.8480 65
132.9760 133.0400 67
133.0720 133.3280 66
133.3600 133.4880 65
133.5200 133.6480 64
133.9360 134.2240 64
134.2560 134.3520 63
159.0560 159.1840 62
159.2160 159.5040 63
159.5360 159.6320 65
159.6640 161.2000 70
161.2320 161.3920 69
161.5520 161.8400 70
161.8720 162.1280 67
162.1600 162.4800 68
162.5120 162.5760 67
162.6080 162.8640 66
162.8960 163.0560 65
163.2480 163.9200 63
164.0480 164.1440 63
164.5920 164.9120 64
164.9440 165.5840 66
165.6160 166.0640 68
166.0960 166.9920 73
167.0240 167.3440 75
167.3760 167.8240 71
167.8560 168.1120 70
168.1440 168.7520 68
168.7840 168.8160 69
168.8480 169.9360 70
170.3200 170.8000 63
170.8320 170.9280 65
170.9600 172.3040 70
172.3360 172.6560 68
172.6880 172.9440 70
172.9760 172.9760 68
173.0080 173.2960 66
173.3280 173.6160 67
173.7440 174.4480 66
174.4800 175.0880 63
175.8560 176.3680 63
176.5920 176.9440 63
176.9760 177.2320 65
177.2640 177.5520 66
177.5840 177.6160 67
177.6480 177.8400 68
177.8720 177.9040 69
177.9360 178.2240 70
178.2560 178.3520 69
178.3840 178.9280 68
178.9600 179.1840 65
179.3120 179.6320 63
179.6640 179.9200 62
180.0800 180.9120 63
181.3920 181.9040 66
181.9360 182.0320 67
182.1280 182.4480 66
182.4800 182.5440 67
182.5760 182.8640 68
182.8960 183.0560 71
183.0880 183.2160 72
183.2480 183.8880 73
183.9200 184.2080 75
184.2400 184.9120 71
184.9440 185.2320 70
185.2640 185.5840 68
185.7120 185.9040 70
185.9360 186.1600 67
186.3200 186.8000 63
187.0880 187.5680 65
187.7280 188.4640 66
188.4960 189.4240 68
189.4560 189.8400 70
189.8720 190.5760 71
190.6080 190.8640 70
190.8960 191.2480 68
191.2800 192.1440 70
192.6240 193.5840 66
193.6160 193.6800 67
193.7120 194.0320 68
194.0640 194.2240 71
194.2560 195.1520 73
195.1840 195.4080 75
195.4400 196.5280 71
196.5600 196.8480 68
196.8800 197.1360 70
197.1680 197.4240 67
197.4560 197.4880 65
197.5200 198.1920 63
198.2240 199.3120 65
199.3440 199.5360 66
199.5680 199.6320 67
199.6640 199.7920 68
199.8240 200.0160 70
200.0480 200.3040 68
200.3360 200.6880 67
200.7200 201.3280 66
201.3600 201.7760 65
201.8080 201.8720 64
201.9040 202.0960 63
202.1280 202.5120 62
202.5440 203.1840 63
203.8880 204.5600 63
204.5920 204.5920 67
204.6240 205.8400 70
206.0640 206.3200 68
206.3520 206.6400 70
206.6720 206.7680 69
206.8000 206.8960 66
206.9280 207.0240 67
207.0560 207.3760 68
207.4080 207.4720 67
207.5040 207.8240 66
207.8560 208.0480 65
208.0800 208.4320 63
208.4640 208.4960 64
208.5280 208.8160 65
208.8480 209.2640 63
209.2960 209.6800 62
209.7120 210.5120 63
210.5440 210.7680 65
210.8960 211.5040 66
211.6320 211.8880 66
211.9200 212.0160 67
212.0480 212.1760 68
212.3360 213.2960 70
213.3280 213.5840 68
213.6160 214.4800 70
214.5120 214.8000 62
215.0240 215.6640 63
215.6960 215.8240 65
215.8560 216.4000 70
216.5600 217.1040 70
217.2960 217.6160 68
217.6480 217.8400 70
218.0320 218.2560 67
218.2880 218.4160 68
218.4480 218.6400 69
218.6720 218.8000 66
218.8320 219.0240 67
219.0560 219.2160 66
219.2480 219.2800 68
219.3120 219.3440 69
219.5680 219.5680 70
220.9120 221.3280 63
221.4240 221.4240 63
221.4880 221.6480 63
221.9680 222.0640 65
222.1920 222.3200 66
222.3520 222.5120 67
222.5440 222.8320 68
222.8640 223.1200 70
223.1520 223.2160 69
223.2480 223.8880 68
223.9200 223.9840 67
224.0480 224.1120 67
224.6560 224.9760 61
225.9360 226.2880 70
227.1200 227.4080 68
227.4400 229.0720 70
229.1040 229.4880 67
229.5200 229.7120 68
229.7440 229.9680 70
230.1280 232.4960 68
232.8160 233.0400 66
233.0720 233.8080 68
233.8720 233.9040 68
233.9360 234.2560 70
234.2880 234.8000 68
234.8320 235.2160 66
235.3440 236.0160 65
236.0480 236.4320 66
236.6240 239.5360 63
244.9120 245.0080 63
245.0400 245.1040 61
245.1360 245.7760 63
245.8080 246.0640 59
246.1600 246.7360 58
247.0560 248.0160 61
248.1440 249.0080 58
249.0400 250.0640 56
250.6080 251.1520 56
251.6320 252.9120 54
253.2320 253.3920 57
253.4880 254.0960 57
254.6720 254.8640 59
255.2800 255.3120 57
255.4080 255.5360 57
255.5680 255.9200 56
256.1440 256.2720 56
256.3680 256.5920 56
256.8160 256.8160 57
256.8800 256.8800 57
258.8000 259.5360 61
259.6960 262.1280 63
262.1600 263.1520 70
263.1840 263.4400 68
263.4720 263.7280 70
263.7600 264.0160 66
264.0480 264.2400 68
264.2720 264.3360 67
264.3680 264.7200 66
264.7520 265.2000 63
265.3600 265.5200 58
265.8720 265.9680 62
266.0000 266.6080 63
266.6400 266.8640 65
266.8960 267.6320 66
267.6640 267.6960 67
267.7280 267.8560 68
267.9840 268.6880 70
268.7200 268.7840 69
268.8160 269.0080 68
269.0400 269.7760 70
269.9360 270.4480 63
270.6080 271.5040 70
271.6320 271.8240 68
271.8560 272.1120 70
272.1440 272.7520 67
272.7840 272.9440 66
272.9760 273.2320 65
273.2640 273.6160 63
273.6480 273.6480 61
273.6800 273.7120 59
273.7440 273.8400 58
274.2880 274.9920 63
275.0240 275.2800 65
275.3120 275.4080 66
275.4400 275.5680 67
275.6000 275.8240 68
275.8560 276.0160 70
276.0480 276.5920 68
276.6240 276.7200 66
276.8800 278.0000 63
278.3840 278.5120 67
278.6400 279.9200 70
279.9520 280.0160 67
280.2720 280.3360 68
280.4000 280.4320 63
280.7520 281.1680 56
281.2320 282.0320 56
282.3200 282.3840 61
282.7040 282.8320 66
282.8640 283.4080 68
283.4400 283.4720 70
283.8240 283.8880 55
284.0160 284.6560 54
284.8800 287.9840 63
