10.8960 11.0240 59
11.2160 11.3760 59
11.4080 11.5680 58
11.6960 11.7920 58
11.8240 12.1440 59
12.1760 12.4960 60
13.0400 13.1680 63
13.2000 13.2960 65
13.6160 13.9680 58
15.1840 15.2800 59
15.4400 15.5360 60
15.5680 15.6000 59
15.6320 15.9200 58
15.9520 16.3360 59
16.4640 16.7840 60
17.0400 17.1680 60
17.2000 17.2640 61
17.2960 17.3920 64
17.4240 17.7760 65
17.9360 18.1920 65
18.2240 18.3840 67
18.4160 18.4480 66
18.4800 18.6400 65
18.6720 18.6720 63
18.9280 19.1200 58
19.4400 19.5360 57
19.6960 19.7920 57
19.8240 20.0800 58
20.2400 20.2400 63
20.2720 20.3680 65
20.4000 20.6880 67
20.7200 20.7520 66
20.7840 21.2000 65
21.2320 21.6480 67
21.6800 22.0960 69
22.7040 22.9600 68
22.9920 23.3440 70
23.3760 23.6000 69
23.6320 23.8560 70
23.8880 23.9200 69
23.9520 23.9840 68
24.9760 25.0720 61
25.1040 25.2640 62
25.2960 26.1280 60
28.2720 28.3360 60
28.3680 28.4320 59
28.4640 28.5600 58
28.7520 28.8160 58
28.8480 28.8800 59
28.9120 29.1360 60
29.2640 29.5200 60
29.7760 29.8080 59
29.8400 29.9680 60
30.1280 30.3200 65
30.3520 30.3840 64
30.4160 30.4480 63
30.6400 30.7680 59
30.8000 30.9280 60
30.9600 30.9920 59
31.1200 31.5680 58
32.2400 32.4000 61
32.4320 32.4960 60
32.5280 32.5600 59
32.6880 32.9760 58
33.0080 33.0720 59
33.1040 33.2640 60
33.4880 33.5840 60
33.6160 33.6800 59
33.7120 33.8400 58
34.0000 34.0960 60
34.3200 34.5120 65
34.8000 35.2160 65
35.2480 35.3760 67
35.6000 35.7920 70
35.8240 36.7520 67
36.7840 36.8160 66
36.8480 37.1040 65
37.1360 37.1680 67
37.2000 37.2640 68
37.2960 37.4880 70
37.6800 37.8720 70
38.0320 38.6720 67
39.5680 39.6000 68
39.6320 39.6640 69
39.6960 40.4640 70
40.4960 40.7200 67
40.8800 41.0080 67
41.0400 41.1680 70
41.3920 41.6480 67
41.6800 42.9280 65
44.7200 44.9760 65
45.0080 45.2960 67
45.3280 46.3200 70
47.6000 47.6960 68
47.7280 48.9440 70
49.2000 49.7440 67
49.7760 52.3360 70
53.2640 53.4880 60
53.5200 53.9360 58
53.9680 54.2880 60
54.3200 54.4800 58
54.6400 54.7360 58
54.7680 55.0880 60
55.1200 55.4720 62
55.6000 55.7280 62
55.7600 56.1120 63
56.1440 56.8800 66
56.9120 57.2640 67
57.2960 57.5200 69
57.5520 57.5840 68
57.8080 58.0000 62
58.0320 58.0320 68
58.0640 58.1600 71
58.1920 58.4800 72
58.5120 58.5440 71
58.5760 58.7360 70
58.8640 59.2800 70
59.3120 59.7600 69
59.8880 60.2720 67
60.3040 60.3360 68
60.3680 60.6240 69
60.6560 60.8160 70
60.8480 60.8480 68
61.0400 61.2000 61
61.2320 61.4240 62
61.4560 61.5520 61
61.5840 61.6480 60
61.6800 61.7440 59
61.7760 61.9040 58
62.2880 62.3840 58
62.5120 62.6400 60
62.8000 62.8640 60
62.8960 62.9600 59
62.9920 63.3440 58
63.3760 63.5040 59
63.6320 63.8560 58
64.4000 64.4640 65
64.4960 64.5280 66
64.5600 64.6240 67
64.8160 65.2320 65
65.2640 65.5840 67
65.6160 65.6480 66
65.6800 65.9360 65
66.3200 66.5440 65
66.5760 66.6720 67
66.7040 67.1200 70
67.1520 67.4080 67
67.4400 67.6320 70
67.6640 67.6640 68
67.7920 68.0800 66
68.1120 68.3680 67
68.5280 68.7200 74
68.7520 69.0400 72
69.6160 69.7760 74
69.8080 70.0960 72
70.3520 70.8000 72
70.8320 71.5040 70
71.6960 71.7600 65
71.7920 71.8880 66
71.9200 72.4000 65
72.5280 72.7520 65
72.7840 73.8080 66
73.8400 74.0960 67
74.1280 74.2560 69
74.2880 74.3520 68
74.6080 74.8000 62
74.8320 74.8320 68
74.8640 74.9600 70
74.9920 75.1200 72
75.1520 75.2160 71
75.2480 75.4720 70
75.6000 76.0800 70
76.1120 76.5280 69
76.5600 76.9760 67
77.0080 77.3600 69
77.3920 77.5840 70
77.6160 77.6160 67
77.7440 77.9360 61
77.9680 78.0960 62
78.1280 78.2240 61
78.2560 78.3200 60
78.3520 78.4480 59
78.4800 78.6080 58
79.0240 79.0880 58
79.2480 79.3760 60
79.5360 79.6320 60
79.6640 79.6960 59
79.7280 80.1120 58
80.1440 80.2720 59
80.4000 80.5280 58
80.5600 80.6240 59
81.0720 81.1040 65
81.1360 81.1680 66
81.2000 81.2960 67
81.4880 81.9680 65
82.0000 82.1920 67
82.2240 82.2560 66
82.2880 82.6080 65
83.1520 83.2480 65
83.2800 83.3760 67
83.4080 83.8560 70
83.8880 84.0160 67
84.1760 84.3680 70
84.4000 84.4320 68
84.4640 85.1680 67
85.5200 85.6480 72
85.6800 85.8720 74
85.9040 86.0000 73
86.0320 86.5440 72
86.5760 86.6080 71
86.6400 86.9920 70
87.0240 87.2160 67
87.3120 87.4720 70
87.5040 87.6320 72
87.6640 88.1120 70
88.1440 88.2720 68
88.3040 91.5040 70
108.8800 108.9440 69
108.9760 109.2000 68
109.2320 110.0000 69
110.0320 110.1600 68
110.1920 110.8320 69
110.8640 110.9280 68
111.0880 111.1840 68
112.3360 113.0400 69
113.0720 113.2640 68
113.4240 113.7440 69
113.7760 114.0320 68
114.0640 114.0960 67
118.8320 118.9600 58
121.2000 121.2640 58
122.3840 122.7360 58
128.3680 128.4960 60
128.6560 128.7200 60
128.7520 128.8480 59
128.8800 129.0080 57
129.1680 129.2960 58
129.3280 129.9360 59
129.9680 130.0640 60
130.0960 130.1600 61
130.4160 130.5120 64
130.5440 130.7040 65
130.9920 131.4080 57
132.5920 132.6880 59
132.8480 133.0080 60
133.0400 133.3600 58
133.3920 133.7440 59
133.8720 133.9680 59
134.0000 134.2240 60
134.4160 134.4800 60
134.5120 134.5440 61
134.5760 134.6400 62
134.6720 135.0560 65
135.2800 135.5040 65
135.5360 135.6960 67
135.7280 135.8880 65
136.2400 136.4320 58
136.7520 136.8480 58
137.0400 137.3600 58
137.5200 137.6160 65
137.6480 137.9360 67
137.9680 138.0640 66
138.0960 138.4480 65
138.4800 138.8000 67
138.8320 139.6320 70
139.9520 140.1440 68
140.1760 140.6560 70
140.6880 140.8160 68
140.8480 141.1040 70
141.1360 141.1680 68
141.7440 141.9360 59
142.1920 142.2880 59
142.3200 142.4480 62
142.4800 142.6400 60
142.6720 143.3760 59
145.3920 145.4560 60
145.4880 145.5520 59
145.5840 145.6800 58
145.8720 145.9360 58
145.9680 146.0640 59
146.0960 146.6720 60
146.9600 147.0880 60
147.2480 147.4080 65
147.4400 147.5360 64
147.5680 147.6320 63
147.8880 148.2080 60
148.4960 148.7520 61
149.3920 149.4880 61
149.5200 149.7120 60
149.8400 150.3840 59
150.6080 150.9280 59
151.1200 151.2160 59
151.4400 151.6320 65
151.8880 152.2720 65
152.3040 152.4640 67
152.6880 152.8800 70
152.9120 152.9440 68
152.9760 153.2640 67
153.4560 153.9360 67
153.9680 154.0000 66
154.0320 154.1280 65
154.1600 154.3200 67
154.3520 154.5760 70
154.8000 154.9600 70
155.1200 155.5680 67
156.6560 156.7520 68
156.7840 157.5520 70
157.5840 157.8080 67
157.9680 158.0960 67
158.1280 158.2560 70
158.4480 158.4800 66
158.5120 158.7040 67
158.7360 159.7600 65
159.7920 160.0160 66
160.0480 160.1440 65
160.3360 160.4640 65
160.5920 161.0400 67
161.0720 161.3600 66
161.3920 161.4240 65
161.7760 161.9040 64
161.9360 162.0640 65
162.0960 162.4160 67
162.4480 162.8640 70
163.0560 163.2800 70
163.4720 164.0160 70
165.0080 165.7760 70
165.8080 165.8400 69
166.3200 166.5120 67
166.6400 166.8000 67
166.8320 169.7440 70
170.1600 170.3520 61
170.3840 170.5760 60
170.6080 170.6400 59
170.6720 171.0240 58
171.0560 171.1200 59
171.1520 171.3120 60
171.3440 171.4080 59
171.4400 171.5680 58
171.7280 171.7920 58
171.8240 172.1120 59
172.1440 172.2080 60
172.2400 172.2720 61
172.3040 172.6240 62
172.9120 172.9760 64
173.0080 173.1680 65
173.2000 173.9360 66
173.9680 174.3200 67
174.3520 174.3840 68
174.4160 174.6080 69
174.6400 174.6400 67
174.8640 175.0560 62
175.1840 175.2480 70
175.2800 175.5360 72
175.5680 175.6000 71
175.6320 175.7920 70
175.9520 176.4640 70
176.4960 176.8800 69
176.9120 177.3600 67
177.3920 177.7120 69
177.7440 177.9360 70
178.0640 178.2560 61
178.2880 178.4800 62
178.5120 178.6080 61
178.6400 178.7040 60
178.7360 178.7680 59
178.8000 178.9920 58
179.3760 179.4720 59
179.6000 179.6320 59
179.6640 179.7280 60
179.8880 180.0160 60
180.0480 180.0800 59
180.1120 180.2080 58
180.2400 180.3360 59
180.3680 180.5280 60
180.6560 180.8480 58
181.5200 181.6480 67
181.8400 182.3200 65
182.3520 182.6080 67
182.7040 182.7040 66
182.7680 182.9920 65
183.3760 183.6000 65
183.6320 183.7600 67
183.7920 184.2080 70
184.2400 184.4960 67
184.5280 184.7200 70
184.7520 184.7840 68
184.8160 185.4240 67
185.6160 185.8400 74
185.8720 186.0960 72
186.6720 186.8640 74
186.8960 187.8560 72
187.8880 188.5920 70
188.7840 188.8160 65
188.8480 189.0080 66
189.0400 189.4240 65
189.5520 189.7760 65
189.8080 190.2240 66
190.2560 190.3840 67
190.4160 190.8960 66
190.9280 191.1200 67
191.1520 191.1840 68
191.2160 191.3760 69
191.8880 191.9200 69
191.9520 192.0160 70
192.0480 192.1760 72
192.2080 192.2400 71
192.2720 192.5600 70
192.7200 193.1360 70
193.1680 193.5840 69
193.6160 193.6480 68
193.6800 194.0960 67
194.1280 194.4800 69
194.5120 194.6720 70
194.7040 194.7360 68
194.8960 195.1840 62
195.2160 195.3440 61
195.3760 195.4400 60
195.4720 195.6960 59
196.3360 196.4640 60
196.6240 196.7520 60
196.7840 196.8480 59
196.8800 197.0720 58
197.1040 197.2960 59
197.3920 197.7120 58
198.2560 198.3840 67
198.5760 199.0880 65
199.1200 199.3760 67
199.4080 199.8240 65
200.1120 200.2080 65
200.2400 200.3040 66
200.3360 200.4640 67
200.4960 200.9120 70
200.9440 201.1360 67
201.2960 201.3920 70
201.4240 201.4560 68
201.4880 202.1280 67
202.6080 202.7360 72
202.7680 203.0240 74
203.0560 203.6320 72
203.6640 204.0800 70
204.1120 204.3040 67
204.4320 204.4960 70
204.5280 204.5600 71
204.5920 204.7200 72
204.7520 205.1040 70
205.1360 205.3280 69
205.3600 207.8560 70
207.8880 208.1120 69
208.1440 208.5600 70
210.0000 210.0960 75
210.3200 210.5440 77
211.5040 211.5040 71
211.5680 211.6320 71
211.6960 211.8880 71
212.0480 212.1760 70
212.2080 212.6560 72
212.7840 212.9760 72
213.0080 213.6480 70
214.0000 214.0960 65
214.2560 214.4480 64
214.6400 215.1200 65
215.1520 215.9520 66
215.9840 216.1760 67
216.2080 216.2400 68
216.2720 216.4000 69
216.8160 216.8800 65
217.0080 217.1040 70
217.1360 217.2960 72
217.4240 217.4880 72
217.8080 218.0640 70
218.2560 218.3520 69
218.5440 218.6720 69
218.8000 218.9280 67
219.0880 219.1840 67
219.2160 219.5040 69
219.5360 219.7600 70
220.0800 220.3040 62
220.4320 220.5920 60
220.6240 220.7840 59
221.4240 221.5520 60
221.7440 221.8720 60
221.9040 222.1600 59
222.1920 222.3840 60
222.5120 222.6720 58
223.2800 223.3440 65
223.3760 223.4720 67
223.6960 224.1440 65
224.1760 224.4000 67
224.5280 225.4240 65
225.4560 225.5200 66
225.6480 225.7440 70
225.8720 226.0320 70
226.0640 226.3200 67
226.3520 226.5440 70
226.7040 226.9600 67
227.1520 227.2800 67
227.4080 227.6640 62
227.6960 227.7600 61
227.7920 227.9200 60
228.2080 228.2720 65
228.4960 228.6560 74
228.6880 228.7200 73
228.7520 229.2000 72
229.2320 229.6800 74
229.7120 230.4160 72
230.5760 230.8000 68
230.8320 231.8560 67
231.8880 232.6880 68
232.7200 232.9120 69
232.9440 232.9760 70
233.0080 233.2000 71
233.7440 233.8720 72
233.9040 234.0640 74
234.0960 234.4160 72
234.5440 234.8320 72
235.0240 235.1200 71
235.3440 235.4400 71
235.5680 235.8880 69
235.9200 235.9520 70
235.9840 236.3040 71
236.3360 236.5600 72
237.2000 237.2960 62
237.3280 237.3600 61
237.3920 237.5840 60
238.1600 238.2880 62
238.4480 238.6400 62
238.6720 238.7680 59
238.8000 238.8960 60
238.9280 239.0880 62
239.1200 239.1520 61
239.2800 239.4080 59
239.4400 239.5040 60
240.0480 240.2400 69
240.4320 240.9120 67
240.9440 241.1360 69
241.2960 241.6480 67
242.1280 242.1600 68
242.1920 242.2880 69
242.3200 242.7680 72
242.8000 242.9280 69
243.1200 243.2480 72
243.3760 244.2080 69
244.4640 244.5280 74
244.5600 244.7200 75
244.9120 245.0720 74
245.2000 245.4240 74
245.4560 245.8720 72
245.9040 245.9680 71
246.0000 246.0960 69
246.2880 246.4160 72
246.4480 246.5760 74
246.6080 246.8320 72
246.8640 246.8640 69
246.8960 246.8960 65
247.0560 247.0880 58
247.1200 250.6080 59
250.6400 251.0560 60
251.7600 251.8560 65
251.8880 252.3040 67
252.3360 252.9760 69
253.0080 253.0400 70
253.0720 253.2320 71
253.2640 254.3520 72
255.4720 255.5040 70
255.5360 255.5680 71
255.6000 256.1120 72
256.2720 256.4640 72
256.6560 256.8480 71
256.8800 256.9440 70
257.2960 257.9680 69
258.0000 258.0320 70
258.0640 258.1920 71
258.2240 259.5680 72
259.6000 260.0160 71
260.0480 261.6160 72
