16.3680 16.5920 51
16.6240 16.6880 52
16.7200 17.0080 55
17.2320 17.7760 56
18.7360 18.8000 56
18.9920 19.3440 55
19.3760 19.6320 56
19.8240 19.9520 57
19.9840 20.1760 58
20.2080 20.4960 56
21.5200 21.6480 59
21.6800 21.8400 60
21.8720 21.9040 59
21.9360 22.0320 58
22.2240 22.3520 56
22.3840 22.5760 54
22.6080 22.9600 55
22.9920 23.0560 54
23.0880 23.7920 51
24.4960 24.5600 54
24.5920 24.7520 55
24.9120 25.2000 56
25.3920 25.5200 56
25.5520 25.7440 58
25.7760 25.8080 57
25.8400 26.0960 56
26.4480 27.7600 56
29.9360 30.0640 59
30.0960 30.2560 60
30.3840 30.5120 58
30.6400 30.7680 56
30.8000 31.7600 55
31.7920 32.0160 56
32.3360 32.5920 55
33.0720 33.2960 53
33.4240 33.7120 55
33.8720 34.1920 56
34.2240 34.3200 52
34.3520 35.2480 51
35.9840 36.1760 48
36.2080 36.4000 49
36.4320 36.4960 50
36.5280 36.5280 53
36.5600 36.5600 55
36.5920 36.5920 58
36.6240 36.7200 60
36.8480 36.9760 58
37.0080 37.5520 56
37.8080 37.9040 57
37.9360 38.3200 58
38.8000 38.8640 54
38.8960 38.9920 53
39.2160 39.4720 55
40.1760 40.3680 53
40.5280 41.9040 55
43.6640 43.9840 51
44.1120 44.3680 55
44.6240 44.7200 55
44.7520 45.3280 56
46.0960 46.2880 56
46.3200 46.6400 55
46.6720 46.9920 56
47.1200 47.2160 56
47.2480 47.5680 58
47.8240 48.2400 56
48.9440 48.9760 59
49.0080 49.2000 60
49.2320 49.3920 58
49.5520 49.6480 56
49.9040 49.9360 53
49.9680 50.0320 54
50.0640 50.5440 55
50.5760 50.5760 53
50.6080 50.7040 51
50.7360 51.1200 50
51.8560 52.4320 55
52.7200 52.8160 56
52.8480 53.3600 58
53.3920 55.5040 56
57.1040 57.7440 60
57.7760 57.9040 61
57.9360 58.8000 63
58.8320 58.8960 60
58.9280 59.3440 58
59.6000 60.0800 56
60.6560 60.8160 53
60.8480 61.2640 55
61.2960 61.4880 58
61.7120 62.4800 56
62.9600 63.0240 56
63.1840 63.4400 51
63.4720 63.6640 53
63.6960 63.7280 51
63.7600 64.0480 49
64.2080 64.2720 51
64.3040 64.4960 53
64.6240 65.1680 56
65.2000 65.4240 58
65.8080 65.9040 56
65.9360 66.1280 58
66.1600 66.3840 56
66.4160 66.6080 55
66.8320 68.7840 56
69.1360 69.6800 58
69.8080 69.9360 60
69.9680 70.0640 63
70.2240 70.4160 63
70.4480 72.4320 60
72.5920 72.6560 61
72.6880 72.9120 63
72.9440 73.1680 56
73.2000 73.4560 55
73.4880 73.7760 53
73.8080 73.8720 54
73.9040 73.9360 55
73.9680 75.1840 56
76.6560 76.7840 60
76.8160 77.2000 63
77.2320 77.3600 65
77.5200 77.6480 65
77.6800 77.8400 63
77.9680 78.0640 63
78.0960 78.2560 65
78.2880 78.3520 62
78.3840 78.6400 63
78.6720 78.7360 62
78.7680 79.7920 60
80.0800 80.3360 63
80.5280 80.6560 60
80.6880 83.0240 58
83.5680 83.6640 58
83.6960 83.7280 57
83.7600 83.8560 56
83.8880 84.0800 52
84.1120 84.3680 53
84.4000 85.2000 56
85.2320 85.5520 58
85.8080 85.9680 56
86.1280 86.8960 53
87.8880 87.9840 50
88.0160 88.1760 53
88.2080 88.2400 54
88.2720 88.3680 55
88.4000 88.5280 56
88.7200 89.0720 58
89.1040 89.4560 60
89.4880 89.6480 63
89.6800 89.8720 65
90.0000 90.3200 63
90.3520 91.4720 60
91.6000 91.7920 62
91.8240 92.4320 63
92.4640 93.4240 60
93.7440 94.1280 56
94.2560 94.3520 60
94.3840 96.1440 58
96.6240 97.2320 58
97.2640 97.3920 60
97.4240 97.5520 63
97.6480 97.8400 63
97.8720 100.0160 60
100.0480 100.2080 61
100.2400 100.3360 63
100.3680 100.3680 60
100.4000 100.4640 57
100.4960 100.5920 56
100.6240 100.9760 55
101.0080 101.2320 54
101.2640 101.6480 53
101.6800 101.7440 54
101.7760 101.8720 55
101.9040 102.8000 56
104.0800 104.2400 60
104.2720 104.6880 63
104.7200 105.0400 65
105.0720 105.4880 63
105.5200 105.6800 65
105.8080 106.1280 63
106.2560 106.5120 60
106.5440 106.9600 59
106.9920 107.1840 60
107.5040 107.8560 63
107.8880 108.0800 60
108.1120 109.9680 58
110.8960 111.0240 58
111.0560 111.1200 57
111.1520 111.2480 56
111.2800 111.6960 53
111.8240 111.8240 54
111.8560 111.9840 57
112.1440 112.6560 56
112.6880 113.0720 58
113.1040 113.3280 56
113.5200 114.0960 53
115.2160 115.4080 51
115.4400 115.5360 53
115.6960 115.9200 55
116.1440 116.5280 58
116.5600 116.9440 60
116.9760 117.1040 63
117.1360 117.2640 65
117.4240 117.7120 63
117.7440 118.6400 60
119.1520 119.8560 63
119.8880 120.9120 60
121.2000 121.3280 57
121.3600 121.8720 58
121.9040 122.2560 56
122.4480 124.4960 56
126.8000 126.9280 58
126.9600 127.6320 60
127.6640 128.4320 58
128.4640 130.1600 56
130.1920 130.4480 58
130.4800 130.6080 61
130.6400 131.4720 67
131.5040 134.1280 63
134.9600 135.2160 56
135.2480 135.4720 58
135.5040 135.7600 60
135.7920 136.3360 58
136.3680 136.5600 60
136.7200 136.9440 58
137.1360 137.4560 59
137.4880 137.9040 56
138.2880 138.4160 55
138.5760 138.8320 53
138.9920 140.3360 56
140.9760 141.1040 58
141.1360 141.6800 56
141.8080 141.8400 60
141.8720 141.9360 61
141.9680 142.1600 63
142.1920 142.5440 61
142.6720 143.5040 61
144.0160 144.0480 52
144.0800 144.2720 53
144.4000 144.6560 56
144.6880 145.1360 55
145.1680 145.6480 56
145.6800 146.0960 58
146.4800 146.6720 58
146.7040 146.8320 60
146.8640 147.3440 58
147.8560 148.1760 58
148.2080 148.5280 60
148.5600 148.6240 59
148.6560 148.8800 61
149.0080 149.3920 60
149.5520 149.7120 59
149.7440 150.6400 60
150.7680 150.8640 60
151.2800 151.3440 59
151.3760 151.7280 55
152.3360 152.5920 58
152.6240 154.0000 56
155.5680 155.8560 51
155.9840 156.0800 52
156.1120 156.4000 53
156.4320 156.7200 51
156.8480 157.1680 53
157.2000 157.5200 55
157.5840 158.0960 56
158.3840 158.5440 58
158.5760 158.8960 60
158.9280 159.0880 61
159.1200 159.3440 58
159.3760 159.4720 60
159.5040 159.5680 58
159.6960 161.0720 58
161.1040 161.1360 61
161.1680 161.2960 62
161.3280 164.4640 63
164.4960 164.6880 62
164.7200 164.9120 61
164.9440 165.1040 62
165.1360 165.1680 61
165.4240 165.7120 61
166.2560 166.4800 70
168.3360 168.4640 67
168.4960 168.7520 68
168.7840 169.1680 67
169.2000 169.3600 66
169.3920 171.7600 63
171.7920 171.8240 62
172.2400 172.3040 59
172.3360 172.7520 60
172.7840 173.0080 61
173.0400 174.3520 58
174.3840 174.6720 56
174.7040 174.7360 57
174.7680 175.9840 58
176.2080 176.2720 58
176.7200 176.8160 60
177.6160 177.8080 56
177.8400 178.0960 59
178.1280 178.6080 60
179.2800 179.3440 68
179.4720 179.5360 69
179.5680 179.8560 68
179.8880 179.9840 66
180.0160 180.0800 67
180.1120 181.7120 68
181.7440 181.8080 69
181.8400 184.2080 70
184.2400 184.5280 68
184.5600 184.6240 65
184.6560 184.9760 64
185.0080 186.8000 63
187.4400 187.4720 56
187.5040 187.6640 57
187.6960 187.9840 58
188.1120 188.2720 60
188.3040 188.4000 63
188.5600 188.7200 63
188.7520 190.6400 60
191.0560 191.1840 62
191.2160 191.3760 63
191.5040 191.6640 56
191.6960 192.0480 55
192.1760 192.4640 53
192.6240 192.6560 53
192.6880 192.8160 54
192.8480 193.9360 56
194.9920 195.1520 60
195.1840 195.5680 63
195.6000 195.7280 65
195.8880 196.0160 65
196.0480 196.2080 63
196.3360 196.4640 63
196.4960 196.6560 65
196.7840 197.1360 63
197.1680 198.0960 60
198.4800 198.7040 63
198.7360 198.8960 62
198.9280 199.0880 60
199.1200 201.1680 58
201.9360 202.0000 57
202.0320 202.1600 56
202.1920 202.5440 52
202.7040 203.5040 56
203.5360 203.7920 58
204.0160 204.1760 56
204.3360 205.4560 53
206.1600 206.2240 50
206.2560 206.5120 53
206.5440 206.8000 56
206.9600 207.3440 58
207.3760 207.7600 60
207.7920 207.9520 63
207.9840 208.1440 65
208.2720 208.5920 63
208.6240 209.5520 60
209.8720 210.0640 62
210.0960 210.7680 63
210.8000 211.7920 60
212.1120 212.4000 56
212.5600 212.6240 60
212.6560 212.6880 59
212.7200 214.0320 58
214.0640 214.2560 54
214.8640 214.8640 54
214.8960 215.3440 58
215.4720 215.6000 60
215.6320 215.7600 63
215.9520 216.0480 63
216.0800 217.7120 60
217.8720 218.3200 62
218.3520 218.5440 63
218.5760 218.7360 62
218.7680 218.8000 58
218.8640 219.1520 55
219.6000 219.8880 53
219.9200 220.0160 55
220.0480 221.0400 56
221.2000 222.2560 56
222.4480 222.6080 61
222.7040 222.8960 61
222.9280 223.4080 65
223.4400 223.7600 63
223.7920 223.9520 65
224.0800 224.3360 63
224.4640 224.6560 67
224.6880 225.5840 68
225.7120 226.2560 56
226.2880 226.3520 59
226.3840 226.8960 60
226.9280 228.7520 58
229.1680 229.3600 58
229.3920 229.5200 56
229.5520 229.9040 53
230.0640 230.1280 55
230.1600 230.2880 58
230.4480 230.9280 56
230.9600 231.4080 58
231.4400 231.6320 56
231.7920 232.4320 53
233.5200 233.7120 51
233.7440 233.8400 53
234.0000 234.2560 56
234.4160 234.7680 58
234.8000 235.2160 60
235.2480 235.3440 63
235.3760 235.5360 65
235.6960 236.0160 63
236.0480 236.9760 60
237.3920 237.5520 61
237.5840 238.1280 63
238.1600 239.3760 60
239.4080 239.5360 56
239.5680 239.7600 58
239.7920 239.9520 59
239.9840 240.1120 58
240.1440 240.7200 56
241.0080 241.1040 55
241.1360 243.1200 56
