26.7040 26.8000 65
26.8320 28.4000 66
28.4320 28.5280 64
28.7520 29.1360 64
29.1680 29.3920 65
29.4240 29.5200 64
30.0640 31.4400 62
31.6000 31.9520 62
32.0800 32.1760 58
32.2080 32.8160 59
33.4240 33.5520 64
33.5840 35.0240 66
35.0560 35.0880 65
35.1200 35.1520 64
35.3760 35.7600 64
35.9200 36.0800 64
36.1120 36.9120 62
37.1680 37.2640 57
37.4560 37.5520 57
37.5840 37.9040 59
38.0320 38.1600 60
38.1920 39.0240 59
39.6960 39.8560 55
39.8880 40.2720 57
40.3040 41.4240 59
41.5520 41.6480 57
41.6800 42.9600 59
43.3120 44.0800 59
44.2720 44.7520 59
44.7840 44.9440 58
44.9760 45.1040 59
45.2960 45.3600 61
45.3920 45.6160 62
45.6480 45.7120 59
45.9040 46.0000 62
46.0320 46.1280 64
46.1600 46.5120 62
46.5440 46.5760 61
46.6080 46.9600 60
47.1200 47.1840 60
47.2160 47.3120 59
47.3440 47.5360 60
47.7920 48.0160 59
48.0480 48.2080 60
48.4000 48.5280 59
48.6560 48.8800 60
49.0400 50.2560 59
50.2880 51.6960 62
53.3600 53.3920 65
53.4240 53.4560 66
53.4880 53.7440 67
53.7760 53.9680 66
54.0000 54.1920 64
54.3200 54.4480 60
54.4800 54.7680 59
54.8000 55.1840 60
55.2160 55.3440 62
55.4720 55.6000 64
55.6320 55.6640 63
55.6960 56.1760 60
56.5280 56.6880 59
56.7200 57.0720 57
57.1040 57.3280 58
57.3600 57.3920 59
57.4240 58.0000 60
58.0320 58.1920 62
58.2240 58.2560 60
58.6080 59.2160 59
59.2480 59.5040 57
59.5360 59.6320 56
60.1120 60.1760 52
60.2080 60.4000 55
60.4320 60.5920 54
60.7520 60.8480 55
61.1360 61.3280 60
61.3600 61.4880 62
61.8080 61.8400 53
61.9040 61.9680 54
62.0000 62.2560 53
62.4160 62.5760 54
62.6080 62.6720 55
62.8000 62.9280 59
62.9600 63.1840 62
63.2160 63.2800 64
63.3120 63.5680 62
63.6000 63.8240 64
63.8560 64.0480 62
64.0800 64.3360 60
64.3680 64.4320 59
64.4640 64.5600 58
65.0720 65.1040 62
65.1360 65.4240 63
65.4560 65.8080 64
65.8400 65.9360 66
66.1600 66.4160 59
66.4480 66.4480 57
66.7360 66.8320 65
66.8640 67.2800 67
67.3120 67.6000 64
67.7920 67.8240 58
67.8560 68.2400 59
68.4320 68.4960 60
68.5280 68.6560 62
68.8160 68.8800 64
68.9120 68.9760 63
69.0080 69.5520 60
69.8720 70.0000 59
70.1280 70.3840 57
70.5120 70.7680 59
70.8000 71.3120 60
71.3440 71.5040 62
71.5360 71.6000 61
71.7600 71.7600 67
71.7920 72.0160 71
72.0480 72.0800 67
72.1120 72.2400 63
72.2720 72.3680 65
72.4000 72.7200 62
72.7520 72.8800 58
72.9120 73.1360 55
73.4240 73.5200 54
73.5520 73.7440 55
73.7760 73.9680 54
74.0000 74.3520 55
74.4800 74.4800 62
74.5120 74.5440 64
74.5760 74.6400 65
74.6720 74.8320 67
74.8640 75.0240 66
75.0560 75.1520 67
75.1840 75.2800 66
75.3120 75.4080 65
75.4400 75.6640 64
75.6960 75.9840 62
76.0160 76.0480 63
76.4960 76.5600 68
76.5920 76.7200 62
76.7520 77.8080 64
77.8400 77.9040 62
77.9360 78.0640 63
78.0960 78.3840 64
78.4160 78.7360 63
78.7680 79.0240 64
79.0560 79.2800 66
79.4720 79.6000 66
79.6320 79.8240 67
79.8560 79.8880 65
80.0800 80.1120 60
80.1440 80.2080 63
80.2400 82.8320 64
82.8640 82.8960 65
82.9280 83.0560 63
83.0880 83.2480 64
83.2800 84.8480 62
84.8800 84.9440 61
85.2000 85.4240 59
85.9040 86.6720 59
86.7040 86.7680 58
86.8000 86.8640 62
86.8960 89.5520 64
89.5840 89.7440 62
89.7760 89.9360 64
89.9680 91.1840 62
91.2480 91.5040 74
91.5360 91.8240 72
92.0800 92.1440 74
92.3040 92.4320 74
92.4640 92.5280 73
92.8160 93.1360 66
93.3920 93.4880 65
93.5200 95.0240 66
95.0560 95.1840 65
95.3760 95.5680 65
95.6000 96.3360 64
96.5920 96.6880 64
96.7200 96.8160 61
96.8480 96.8800 62
96.9120 97.2000 63
97.2320 98.8000 62
98.8320 98.8640 60
98.8960 99.3760 59
99.4080 99.4720 60
100.0800 100.1760 64
100.2080 100.2400 65
100.2720 101.6800 66
101.7120 101.7440 65
101.7760 101.8400 64
102.0320 102.9600 64
102.9920 103.5680 62
103.8560 103.9520 58
104.1120 104.2400 58
104.2720 105.8080 59
106.3840 106.4480 55
106.5760 106.9280 57
106.9600 108.0480 59
108.2080 108.3040 57
108.3360 109.6800 59
109.9040 109.9680 57
110.0000 110.7040 59
110.9280 111.2480 59
111.6640 111.7920 59
111.9520 112.3040 62
112.3360 112.4000 59
112.5920 112.6560 62
112.6880 112.7840 64
112.8160 113.1680 62
113.2000 113.5840 60
113.8080 113.8400 59
113.8720 114.1280 60
114.1600 114.1920 59
114.4480 114.6080 59
114.6400 114.7680 60
114.8000 114.8320 59
115.0560 115.2800 59
115.3120 115.4720 60
115.5040 115.5360 59
115.7280 115.8880 59
115.9200 116.0480 60
116.0800 116.5920 59
116.7520 116.9120 62
116.9440 117.3280 64
117.3600 117.3920 63
117.5200 118.3840 62
120.0480 120.0800 65
120.1120 120.1440 66
120.1760 120.4960 67
120.5280 120.6240 66
120.6560 120.8800 64
120.9120 120.9440 61
120.9760 121.6160 59
121.6480 121.8720 60
121.9040 122.0320 62
122.1600 122.2560 64
122.2880 122.3200 63
122.3520 122.9280 60
123.2160 123.2480 59
123.4080 123.5360 56
123.5680 123.7600 57
123.7920 123.9840 59
124.0160 124.6560 60
124.6880 124.8480 62
124.8800 124.9120 60
125.1040 125.1360 57
125.1680 125.2320 58
125.2640 125.9040 59
125.9360 126.2560 57
126.2880 126.3520 56
126.6080 126.6080 53
126.7040 126.8640 53
126.8960 127.2160 55
127.2480 127.2800 54
127.4080 127.6320 55
127.8240 127.9840 60
128.0160 128.1760 62
128.4000 128.5280 52
128.5600 128.6880 54
128.7200 128.9120 52
129.1040 129.3280 54
129.4880 129.5200 59
129.5520 129.6480 60
129.6800 130.2240 62
130.2560 130.4800 64
130.5120 130.6720 62
130.7040 131.0880 60
131.1200 131.1840 59
131.7600 131.7920 62
131.8240 132.1120 63
132.1440 132.4640 64
132.4960 132.6240 66
132.8160 133.0400 59
133.0720 133.1680 58
133.4240 133.5200 65
133.5520 133.7760 67
133.8080 133.9360 66
133.9680 134.0000 65
134.0320 134.2560 64
134.4800 134.8640 59
135.1520 135.1840 60
135.2160 135.3120 62
135.4720 135.6320 64
135.6640 135.7280 61
135.7600 136.2080 60
136.5280 136.6880 59
136.7200 136.8160 58
136.8480 137.0400 57
137.2320 137.2640 59
137.2960 137.9680 60
138.0000 138.1600 62
138.1920 138.2560 59
138.4480 138.7040 59
138.8640 138.8960 63
138.9280 139.0560 64
139.0880 139.3760 62
139.4080 139.5040 58
139.5360 139.5680 57
139.6000 139.6320 56
139.6640 139.7280 55
139.7600 139.7920 54
140.0480 140.0480 54
140.1440 140.1760 54
140.2080 140.4000 55
140.4320 140.6240 54
140.6560 140.9760 55
141.1680 141.2000 64
141.2320 141.2960 65
141.3280 141.5520 67
141.5840 141.6160 66
141.7440 141.9360 67
141.9680 142.1280 65
142.1600 142.2880 64
142.3200 142.3520 63
142.3840 142.5440 62
142.6720 142.7680 66
142.8000 142.9280 67
143.1200 143.2480 67
143.2800 143.3760 62
143.4080 143.6000 64
143.6320 143.7280 63
143.7600 144.4320 64
144.4640 144.4960 63
144.5280 144.5920 62
145.1360 145.1680 61
145.2000 145.3600 63
145.4880 145.7760 64
145.8080 145.9680 66
146.1600 146.2240 66
146.2560 146.4800 67
146.5120 146.6720 65
146.7040 146.8320 63
146.8640 151.7280 64
153.4240 153.4880 66
153.5200 154.4160 67
154.4480 154.6080 69
154.6400 154.8320 67
154.8640 154.9600 69
154.9920 155.1520 71
155.1840 155.4080 70
155.4400 157.6800 71
157.7120 157.8080 73
157.8400 158.5760 71
158.6080 158.6400 70
160.0160 160.2400 57
160.2720 161.3920 59
161.4240 161.4560 58
161.4880 161.6480 57
161.6800 162.8960 59
163.2160 163.3120 56
163.3440 164.0480 59
164.2400 164.4000 59
164.4320 164.7520 60
164.9760 165.1040 59
165.3600 165.6160 62
165.6480 165.7120 59
165.9360 165.9680 63
166.0000 166.0960 64
166.1280 166.4800 62
166.5120 167.1200 60
167.1520 167.2800 59
167.3120 167.4400 60
167.4720 167.9520 59
167.9840 168.1120 60
168.1440 168.2400 59
168.4000 168.4960 58
168.7200 168.7200 60
169.0400 169.2000 59
169.2320 169.5520 60
169.5840 169.6160 61
169.6480 169.8080 63
169.8400 170.1600 64
170.1920 171.5680 66
171.6000 171.6960 68
171.7280 171.9520 70
171.9840 172.1120 69
172.1440 172.1760 72
172.2080 172.4000 73
172.4640 172.4960 71
172.5600 172.6880 70
173.3600 173.5200 69
174.2240 174.5760 70
174.6080 175.0880 69
175.1200 175.2160 68
176.8800 177.0080 67
179.7280 179.9520 73
180.4640 180.5280 69
180.5600 180.5920 70
181.9360 182.6080 71
185.2640 185.3280 67
185.3600 186.1600 69
186.1920 187.0880 68
187.1200 187.1840 67
187.2160 187.2480 66
187.7280 187.8880 69
189.0720 189.1680 67
190.2880 190.3520 70
191.7920 192.1440 71
193.7440 193.8080 69
196.7520 196.8480 67
201.6480 201.7120 67
201.7440 201.8080 68
201.9680 202.0000 68
202.0320 202.0960 69
202.2880 202.3200 72
204.2720 204.3040 65
204.3360 204.4000 66
204.4320 204.6240 67
204.7520 204.8480 66
204.8800 205.0080 65
205.0400 205.1040 64
205.1360 205.1360 61
205.1680 205.8080 59
205.9360 206.0640 60
206.0960 206.3200 62
206.3520 206.5120 64
206.5440 206.6080 61
206.6400 207.1200 60
207.1520 207.2160 59
207.4400 207.5680 59
207.6000 207.6320 58
207.6640 207.9200 57
207.9520 208.0160 58
208.0480 208.3360 59
208.3680 208.6880 60
208.7200 208.9120 59
208.9440 209.0400 62
209.0720 209.1040 59
209.3280 209.4240 58
209.4560 210.1280 59
210.1600 210.4160 57
210.4480 210.5120 56
210.5440 210.6080 55
210.9280 210.9920 53
211.0240 211.0560 54
211.0880 211.3440 55
211.3760 211.4720 54
211.6320 211.7280 55
211.7600 211.8560 56
212.0480 212.0480 58
212.0800 212.1120 60
212.1440 212.2080 61
212.2400 212.3680 62
212.4000 212.4000 57
212.6240 212.7520 53
212.7840 212.8800 54
212.9120 213.0080 53
213.0400 213.1360 52
213.3280 213.3920 53
213.4240 213.5520 54
213.6800 213.7440 58
213.7760 213.8400 61
213.8720 214.4160 62
214.4480 214.7040 64
214.7360 214.8960 62
214.9280 215.3440 60
215.3760 215.4400 57
215.9840 216.0160 62
216.0480 216.2720 63
216.3040 216.4640 64
216.6240 216.6880 64
216.7200 216.8800 66
217.0720 217.2320 59
217.2640 217.3280 58
217.6160 217.7120 65
217.7440 218.0320 67
218.0640 218.1920 66
218.2240 218.4480 64
218.6720 219.0560 59
219.3440 219.3760 60
219.4080 219.5360 62
219.6960 219.8560 64
219.8880 219.9200 62
219.9520 220.3040 60
220.3360 220.3680 59
220.7840 220.8800 59
220.9120 220.9440 58
220.9760 221.2640 57
221.4240 221.7440 59
221.7760 222.2560 60
222.2880 222.3520 62
222.3840 222.4160 61
222.4480 222.4800 60
222.6720 222.9280 71
222.9600 222.9600 68
223.0560 223.1200 62
223.1520 223.2800 64
223.3120 223.5680 62
223.6000 223.6640 59
223.6960 223.8240 57
223.8560 223.8560 54
223.9520 223.9840 54
224.3680 224.4320 53
224.4640 225.2000 55
225.3600 225.3600 62
225.3920 225.4880 64
225.5200 226.0320 67
226.0640 226.1600 66
226.1920 226.2240 65
226.2560 226.5440 64
226.5760 226.6080 63
226.6400 226.8320 62
227.1200 227.1200 56
227.3120 227.4400 56
227.4720 227.4720 58
227.5040 227.5680 62
227.6000 227.6320 63
227.6640 227.7920 64
227.8240 227.9200 63
227.9520 228.7200 64
228.7520 228.7840 63
228.8160 228.8480 62
229.4560 229.5840 63
229.7120 229.9360 64
229.9680 230.0320 66
230.0640 230.1920 67
230.3840 230.5440 66
230.5760 230.7680 67
230.8000 230.9280 65
231.0560 231.0880 63
231.1200 233.7440 64
233.9360 234.0000 63
234.0320 234.1280 64
234.1600 235.7600 62
235.7920 235.8880 61
235.9200 237.1680 59
237.5520 237.6160 70
237.6480 237.6480 68
237.6800 237.7760 63
237.8080 240.4640 64
240.5280 240.6240 63
240.6560 240.8160 64
240.8480 242.6400 62
242.6720 243.5680 63
243.6000 243.7280 62
244.1120 244.5920 63
244.7520 245.0080 62
245.1680 245.3600 62
245.3920 245.9360 59
246.0320 246.1600 59
246.5760 246.7360 58
246.7680 247.1840 59
247.3120 247.4720 59
247.6640 247.7920 57
250.3840 250.5440 55
253.4240 253.7440 59
254.1920 254.4160 59
255.5360 255.8560 60
256.0160 256.0800 59
256.6240 256.8160 59
257.0400 257.1360 59
257.3600 257.4880 59
257.6800 257.8400 62
260.1440 260.2400 67
260.3680 260.4320 67
263.8240 263.9840 67
264.2080 264.4320 65
