7.5040 10.3840 65
10.4160 10.4800 66
10.5120 10.8000 67
10.8320 10.9600 68
10.9920 11.1520 69
11.1840 11.3760 70
11.4080 11.6960 71
11.7280 14.8960 72
14.9280 14.9600 71
14.9920 15.7920 70
15.8240 16.3680 69
16.4000 16.4000 67
16.4320 16.5920 65
16.6240 18.1600 67
18.1920 18.4160 69
18.4480 20.3040 65
20.4640 21.2320 74
21.2640 24.3680 72
24.4000 24.5920 69
24.6240 25.4880 70
25.5200 25.9360 69
25.9680 26.0000 67
26.0320 28.8800 65
28.9120 28.9440 64
28.9760 29.0400 61
29.0720 29.1360 59
30.5120 30.5760 56
30.6080 30.6400 57
30.6720 30.8000 60
30.9920 31.2800 57
31.4400 32.2080 55
32.2400 32.3040 56
32.3360 32.4960 57
32.6240 32.6560 56
32.6880 32.7520 57
32.7840 34.5760 60
35.2480 35.3440 57
35.3760 35.5680 60
35.6640 36.0160 57
36.0480 36.0800 56
36.1120 37.0400 55
37.0720 37.1360 56
37.1680 37.3600 59
37.6480 38.6080 53
39.9840 40.0480 55
40.0800 40.1120 59
40.1440 40.3040 60
40.4000 40.5280 59
40.5600 40.7520 62
40.9440 41.6480 53
42.0640 42.1280 53
42.1600 42.2240 54
42.3840 42.4800 58
42.5120 42.9600 60
42.9920 43.1200 62
43.1520 43.1520 60
43.2800 43.8240 53
44.4640 44.5280 55
44.5600 44.6880 54
44.7200 45.0080 55
45.1680 45.2640 55
45.2960 45.3280 56
45.3600 48.0800 57
49.3920 49.4880 57
49.5200 49.5520 59
49.5840 49.6800 60
49.8400 50.1920 57
50.2240 50.7360 55
50.8640 51.3120 57
51.4400 51.5360 58
51.5680 51.6640 59
51.6960 53.1040 60
53.1360 53.2000 59
54.0960 54.2240 57
54.2560 54.4160 60
54.5440 54.9920 57
55.0240 55.0880 56
55.1200 55.3120 55
55.3440 55.4400 56
55.5680 55.6640 58
55.6960 55.7280 59
55.7600 56.2720 60
56.3040 56.3040 58
56.3360 56.3360 56
56.3680 57.5520 53
58.8320 58.8320 57
58.8640 58.8960 59
58.9280 59.3120 60
59.3440 59.5360 62
59.5680 59.5680 59
59.6000 59.6000 57
59.6320 59.6640 54
59.6960 60.4320 53
61.1360 61.2000 58
61.2320 61.6480 60
61.6800 61.8720 62
62.0640 62.7680 53
63.1840 63.3120 54
63.3440 63.5680 53
63.6000 63.6320 54
63.6640 63.8240 55
63.9520 64.0800 55
64.1120 64.3040 57
64.3360 64.4000 55
64.4320 64.5280 56
64.5600 66.7680 57
69.0400 69.0720 59
69.1040 69.1360 62
69.1680 69.2320 63
69.3600 69.3920 63
69.4240 69.6160 64
69.6480 69.9360 62
69.9680 70.1600 64
70.2880 70.4160 64
70.4480 70.8000 65
70.8320 71.0240 64
71.0560 71.4080 63
71.4400 71.7280 62
71.7600 72.1760 60
72.2080 72.4960 59
72.9120 73.0400 55
73.0720 73.2960 58
73.4880 73.7120 57
73.8400 74.3840 57
74.4480 74.6080 58
74.6400 74.8320 60
75.4400 76.2720 56
76.3040 76.9440 57
78.5440 78.6080 62
78.6400 78.9600 64
79.1520 79.3440 62
79.3760 79.6960 64
79.7280 80.2400 65
80.2720 80.4640 62
80.4960 80.6560 64
80.6880 80.8480 63
80.8800 81.0720 62
81.1040 81.8720 60
82.3840 82.4800 56
82.5120 83.0560 57
83.2480 83.6320 57
83.8240 83.8880 55
83.9200 83.9520 56
83.9840 84.2720 57
84.3040 84.4640 54
84.4960 85.6160 55
86.1920 86.3520 68
86.3840 86.6400 67
86.6720 89.5200 65
89.5520 89.5840 62
90.1600 90.2560 57
90.2880 90.3840 60
90.5760 90.8320 65
90.8640 91.0880 67
91.1200 91.3440 69
91.3760 91.6000 68
91.6320 93.3280 69
93.5200 93.7120 69
93.7440 95.1520 67
95.5360 95.5680 67
95.6000 95.6960 68
95.8240 96.0160 67
96.1440 99.5360 65
99.6640 99.6960 57
99.7280 99.8560 59
99.9840 100.2400 65
100.2720 100.4320 67
100.5600 100.7840 69
100.8160 101.0400 68
101.0720 102.0960 69
102.1280 102.1280 66
102.1600 102.1600 63
102.1920 102.1920 61
102.6080 102.6400 67
102.6720 102.7040 68
102.7360 102.8640 69
102.8960 102.9920 68
103.0240 103.1520 69
103.1840 104.4960 67
104.5280 104.5280 65
104.5600 104.5600 63
104.5920 104.5920 61
104.9440 105.4240 67
105.5520 109.1040 65
109.1360 109.2640 64
109.2960 109.3920 65
109.6160 109.6800 65
109.7120 109.7760 66
109.8080 109.8720 68
109.9040 110.0000 66
110.0320 110.1600 67
110.2880 116.0480 65
116.1760 116.2720 65
119.3760 119.6000 65
119.6320 119.6640 66
119.6960 119.7600 67
119.7920 119.8560 68
119.8880 119.9840 69
120.0160 120.1760 70
123.7920 124.0480 70
124.0800 124.3040 69
124.3360 124.4000 68
124.4320 124.5600 67
124.5920 124.6880 66
124.7200 125.7760 65
125.9680 126.0320 65
129.3600 129.4560 58
129.4880 129.6160 60
129.6480 130.0640 57
130.2880 130.8320 55
130.8640 131.1840 57
131.4400 131.6000 58
131.6320 131.6640 59
131.6960 132.8800 60
132.9120 132.9440 59
133.0720 133.1360 58
134.0640 134.0960 57
134.1280 134.1600 59
134.1920 134.3200 60
134.3520 134.8640 57
134.8960 134.9600 56
134.9920 135.5680 55
135.6000 135.6640 56
135.8560 135.8880 59
135.9200 136.0480 60
136.0800 136.0800 57
136.2080 137.0720 53
137.4560 137.6160 53
138.8000 139.2800 60
139.3120 139.5040 62
139.5360 139.5360 59
139.6640 140.1760 53
140.8480 140.9440 60
141.1360 141.3280 60
141.5200 141.5840 61
141.6160 141.8080 62
142.0000 142.5120 53
143.1200 143.2480 54
143.2800 143.6000 53
143.6320 143.7600 55
143.9200 143.9840 55
144.0160 144.0480 56
144.0800 144.1760 57
144.3680 144.4960 56
144.5280 146.5120 57
146.5440 146.5760 56
146.6080 146.6400 55
146.6720 146.7040 54
146.7360 147.3440 53
148.2080 148.2400 57
148.2720 148.3360 58
148.3680 148.4960 60
148.5280 148.5600 58
148.5920 148.9440 57
149.1040 149.5520 55
149.7120 150.2560 57
150.2880 150.3840 58
150.4160 152.2720 60
152.9120 153.0080 58
153.0400 153.2000 60
153.2320 153.6480 57
153.6800 153.7440 56
153.7760 154.2880 55
154.3200 154.3200 57
154.3520 154.3520 60
154.3840 154.4480 62
154.4800 154.5120 63
154.5440 154.8000 64
155.0560 155.1200 60
155.1520 155.4080 62
155.4400 155.4720 61
155.5040 157.1040 60
157.1360 157.2320 59
157.6160 157.6800 58
157.7120 158.0320 60
158.0640 158.2240 62
158.5760 159.2160 53
159.6320 159.7600 57
159.7920 160.3040 60
160.3360 160.6880 62
160.7200 160.7200 58
160.8480 161.6800 53
161.9680 162.1280 55
162.3520 162.9920 55
163.0240 164.4000 57
164.4320 164.5600 58
164.5920 164.6240 59
164.6560 164.7840 60
165.0720 165.1360 61
165.3920 165.4560 60
165.7120 165.8080 61
165.8400 166.0640 60
166.2880 166.5760 57
166.7360 167.0240 57
167.5040 167.5040 67
167.5680 167.6960 67
167.9200 167.9200 67
167.9840 168.1120 67
168.1440 168.1760 64
168.2400 168.4000 63
168.7200 168.8480 67
168.8800 169.0400 63
169.1040 169.2960 64
169.3280 169.6160 65
169.6480 169.8400 64
169.9680 170.1280 64
170.1600 170.2240 63
170.2560 170.4480 62
170.4800 170.4800 60
170.5440 170.6720 60
170.7040 170.8640 59
172.4640 172.5920 57
172.7520 173.2000 58
173.3600 173.5840 60
173.7760 173.9040 60
173.9360 173.9360 58
173.9680 174.1280 55
174.1600 175.5360 57
177.3280 177.4240 62
177.4560 177.7440 64
177.9680 178.0960 62
178.2240 178.3200 63
178.3520 178.6720 64
178.7040 179.0240 65
179.0560 179.6000 64
179.6320 179.9840 62
180.0160 180.6880 60
180.7200 180.7840 59
181.2000 181.3280 55
181.3600 181.9040 57
182.0960 182.4800 57
182.6720 182.8960 57
182.9280 184.4960 55
184.9760 185.0080 67
185.0400 185.1040 68
185.2320 185.4240 67
185.4560 185.5520 62
185.5840 188.9760 65
189.1680 189.2960 69
189.4240 189.6160 65
189.6480 189.9040 67
189.9360 190.1920 69
190.2240 190.4800 68
190.5120 191.6000 69
191.6320 191.6640 65
192.0480 192.1760 68
192.3680 192.5280 69
192.6560 193.9680 67
194.3840 194.5120 63
194.6720 194.6720 65
194.7040 194.8640 67
194.8960 194.9280 65
194.9920 195.7600 65
195.9200 197.9360 65
197.9680 198.0320 62
198.4480 198.6400 60
198.7680 199.0560 65
199.0880 199.2480 67
199.3760 199.5680 69
199.6000 199.8240 67
199.8560 201.1040 69
201.3920 201.6800 69
201.7440 201.8720 69
202.0320 202.2240 67
202.3840 203.4080 67
203.4400 203.4720 64
203.8880 203.9840 57
204.0160 204.2080 55
204.4000 206.7360 53
206.9280 207.8240 53
208.2080 208.3680 65
208.4000 208.6880 67
208.8160 208.9760 69
209.0080 209.0080 66
209.1040 209.1360 66
209.1680 209.2640 68
209.2960 210.2880 69
210.3200 210.3200 66
210.3520 210.4480 63
210.8000 210.8640 67
210.8960 210.9920 69
211.1520 211.3760 69
211.4080 212.7200 67
212.7520 212.8160 66
213.2000 213.2960 64
213.4560 213.5200 69
213.5520 213.7440 65
213.7760 213.9040 67
213.9360 214.0000 65
214.0320 214.0640 64
214.0960 214.1280 63
214.2560 216.9440 65
216.9760 217.1040 64
217.1360 217.1680 62
217.3600 217.4880 60
217.6160 217.9040 65
217.9360 218.0640 67
218.2240 218.3840 69
218.4160 218.6720 67
218.7040 219.9200 69
219.9520 219.9520 66
220.2400 220.5280 72
220.5600 220.5920 70
220.6240 220.8480 69
221.0080 221.0720 68
221.2640 222.2240 67
222.2560 222.2560 65
222.2880 222.3520 62
222.6400 222.7680 57
222.8960 223.0560 55
223.2800 224.5600 53
224.6880 226.8320 65
227.2800 227.3440 65
227.3760 227.4400 67
227.6000 227.7920 67
227.8240 232.9120 65
233.1040 235.2800 53
235.3120 235.4400 58
235.5680 241.2640 65
241.4880 241.6160 57
241.8720 242.1280 57
242.2560 246.9600 65
246.9920 247.0240 67
247.0560 247.2800 70
247.3120 250.0640 72
250.2240 250.7040 70
250.9920 251.9200 69
252.0800 252.5600 67
253.0400 253.4560 65
