31.2800 31.3440 62
31.3760 31.4080 63
31.4400 31.5680 64
31.6000 31.9840 62
32.0160 32.2080 64
32.3360 32.3680 60
32.4000 32.4640 61
32.4960 33.1680 62
33.3920 33.4240 60
33.4560 33.4880 61
33.5200 33.6800 62
33.9040 34.5760 59
34.7040 34.9920 57
39.8240 39.9520 62
39.9840 40.1120 64
40.3040 40.5920 62
40.6240 40.7840 64
40.8160 41.0400 61
41.0720 41.2640 62
41.3920 41.6800 62
41.9680 42.0640 61
42.0960 42.2560 62
42.4800 42.5760 59
42.8640 43.1520 59
43.3440 43.9840 57
47.2480 47.3120 62
47.3440 47.5040 67
47.5360 47.7920 69
47.8240 48.4000 67
48.7840 48.9760 60
49.1360 49.6160 62
49.6480 50.0960 64
51.0240 51.1200 62
51.3120 51.5040 60
51.5360 51.6640 62
51.6960 51.9200 64
52.1120 52.2720 62
52.4320 52.5920 61
52.6240 52.7200 62
53.2320 53.3600 59
53.6480 53.8400 59
53.8720 53.9040 58
53.9360 54.3840 57
56.9440 57.0720 62
57.1040 57.2640 64
57.2960 57.3280 63
57.3600 57.6160 62
57.6480 57.6800 63
57.7120 57.8720 64
57.9040 58.0960 61
58.1280 58.3200 62
58.5120 58.8320 62
58.8640 58.8960 61
59.0240 59.1200 61
59.1520 59.4080 62
59.6640 60.1440 59
60.1760 61.7440 60
61.8720 61.9360 60
62.2880 62.5120 60
65.5520 65.6480 62
65.6800 65.8400 64
66.0000 66.2560 62
66.2880 66.3200 63
66.3520 66.4800 64
66.7040 66.7680 60
66.8000 67.4400 62
67.6320 67.6640 60
67.6960 67.7600 61
67.7920 68.0160 62
68.0480 68.3360 59
68.4960 68.6880 60
68.7200 68.8800 59
69.0080 70.1280 57
74.0320 74.1600 62
74.1920 74.3200 64
74.5440 74.7680 62
74.8000 74.8320 63
74.8640 74.9920 64
75.0240 75.0240 62
75.2160 75.2800 60
75.3120 75.9840 62
76.2080 76.2720 60
76.3040 76.6560 62
76.6880 76.9120 67
77.0400 77.1680 66
77.2000 77.5520 67
77.8080 79.1840 64
81.0080 81.1360 59
81.1680 81.4560 60
81.4880 81.4880 62
81.5200 81.7120 67
81.7440 82.1920 69
82.2240 82.7680 67
82.8000 82.8000 65
82.9280 83.3440 60
83.3760 83.5360 62
83.6960 83.7920 62
83.8240 83.8880 63
83.9200 84.4320 64
85.3280 85.4880 62
85.5200 85.7120 60
85.8720 86.0000 62
86.0320 86.1920 64
86.3840 87.2800 62
87.4720 87.6320 59
87.8560 88.1760 60
88.2080 88.3680 59
88.4000 88.8800 57
89.9040 90.0320 59
90.0640 90.1600 62
90.1920 90.6080 63
90.6400 90.8320 64
90.8640 90.9920 63
91.2160 91.6320 62
91.6640 91.8880 60
92.0480 92.2080 61
92.2400 92.4320 62
92.5600 92.8160 62
93.3280 93.4240 60
93.4560 93.7760 62
93.8080 94.0640 60
94.0960 94.3200 59
94.3520 96.9120 60
98.0640 98.0640 65
98.0960 98.1280 68
98.1600 98.2560 69
98.2880 98.7040 71
98.7360 98.8960 72
98.9280 99.0560 71
99.1840 99.3440 67
99.5040 99.5360 70
99.5680 99.6640 71
99.6960 99.9840 72
100.0160 100.3360 71
100.5280 100.6240 70
100.6560 100.7520 71
100.7840 101.1040 72
101.1360 101.2960 71
101.3280 101.6800 67
101.7120 101.7440 70
101.7760 102.5120 71
102.7680 103.1200 67
103.3120 103.6960 64
103.7280 105.3280 67
106.6400 107.1200 60
107.1520 107.1520 63
107.1840 107.3120 66
107.3440 107.5040 69
107.5360 107.6960 67
107.7280 107.7280 64
107.7600 107.9840 60
108.0160 108.0480 63
108.0800 108.2720 67
108.3040 108.5280 69
108.5600 108.7840 67
109.1040 109.1680 70
109.2000 109.3280 68
109.3600 109.5520 69
109.6800 109.8080 67
109.8400 109.8400 63
109.8720 110.1600 60
110.1920 110.1920 64
110.2240 110.3840 67
110.4160 110.6400 69
110.6720 110.8000 68
110.8320 111.0560 67
111.3120 111.4080 61
111.4400 111.6320 60
111.8560 111.9840 65
112.0160 112.2400 67
112.2720 112.4000 65
112.4320 113.8400 64
113.8720 114.2240 63
115.6320 115.9200 64
116.1120 116.2080 65
116.2400 116.3040 66
116.3360 116.8160 67
117.0720 117.1680 59
117.2000 117.4240 60
117.4560 117.5520 61
117.6800 118.8640 62
119.5040 119.7600 60
119.7920 120.2400 62
120.2720 120.5920 64
120.6240 121.0080 67
121.1680 121.2320 69
121.2640 121.5840 71
121.7120 121.9680 67
122.0000 122.2240 71
122.2560 123.3120 72
123.3440 123.4400 73
124.3360 124.8160 71
124.8480 125.5520 67
125.7120 126.0960 64
126.2880 126.3840 61
126.4160 126.6400 62
126.8000 127.4080 59
127.4400 127.5680 62
127.6000 127.8880 64
127.9200 127.9840 63
128.4640 128.7520 59
128.9760 129.2640 60
129.2960 129.4240 59
129.4560 129.7120 57
129.8400 131.4720 57
131.6640 131.7280 57
151.2160 151.3440 62
151.3760 151.5040 64
151.6640 151.8880 62
152.0160 152.2080 64
152.2400 152.4000 61
152.4320 153.2000 62
153.2320 153.4560 61
153.4880 153.7440 62
153.7760 153.8080 60
153.8400 154.0960 59
154.1280 154.1920 61
154.2240 154.2880 60
154.3200 154.5760 59
154.6080 154.6400 58
154.6720 155.2800 57
159.7600 159.8560 62
159.8880 160.0800 64
160.1120 160.3040 62
160.3360 160.4320 63
160.4640 160.6560 64
160.8800 160.9440 60
160.9760 161.6800 62
161.9040 161.9680 61
162.0000 162.3840 62
162.4160 162.9280 67
162.9600 163.1520 69
163.1840 163.1840 67
163.2160 163.2160 65
163.2480 163.3440 62
163.3760 163.4080 63
163.4400 164.1760 64
164.3040 164.4000 64
164.5920 165.3280 69
165.3600 165.5200 67
165.5520 165.6800 64
166.8000 166.9280 59
166.9600 167.0880 60
167.2480 167.4080 67
167.4400 167.6960 69
167.7280 168.3360 67
168.6880 169.0720 60
169.1040 169.4240 62
169.4560 169.5200 63
169.5520 170.0960 64
171.0560 171.2160 62
171.2480 171.5040 60
171.5360 171.5680 62
171.6000 171.6640 63
171.6960 171.9200 64
172.0800 172.7200 62
173.1360 173.2960 59
173.4560 173.8720 60
173.9040 174.1280 59
174.3200 174.3840 60
175.5680 175.6320 60
175.8240 175.9200 62
175.9520 176.2720 63
176.3040 176.7200 64
176.9120 176.9760 63
177.0080 177.3600 62
177.3920 177.4880 60
177.7120 177.8720 61
177.9040 178.5760 62
179.0560 179.2160 62
179.2480 179.4720 64
179.5040 179.5040 62
179.5360 179.6960 59
179.8560 179.9200 58
179.9520 180.0480 59
180.0800 181.7440 60
181.7760 181.9360 62
181.9680 182.1600 59
182.1920 183.6640 60
183.6960 183.8240 65
183.8560 184.0800 70
184.1120 184.4640 71
184.4960 184.6880 72
184.7200 184.8480 71
184.8800 184.8800 69
184.9120 184.9760 66
185.0080 185.0720 67
185.2320 185.3280 71
185.3600 185.7120 72
185.7440 186.0960 71
186.2240 186.4480 71
186.4800 186.7040 72
186.7360 186.9920 71
187.0240 187.2480 67
187.3760 187.3760 67
187.4080 187.4400 70
187.4720 187.6000 71
187.6320 187.8240 72
187.8560 188.2720 71
188.5280 188.8160 67
188.9760 189.3600 64
189.3920 189.4560 65
189.4880 191.2800 67
192.4320 192.8800 60
192.9120 192.9440 65
192.9760 193.4560 67
193.4880 193.6800 61
193.7120 193.9680 67
194.0000 194.2240 69
194.2560 194.5760 67
194.8960 195.0880 67
195.1200 195.2800 69
195.4080 195.5360 67
195.5680 195.6000 64
195.6320 195.9200 60
195.9520 195.9520 62
195.9840 195.9840 64
196.0160 196.1760 67
196.2080 196.4000 69
196.4320 196.8480 67
197.0720 197.4240 60
197.6480 197.8080 65
197.8400 198.0640 67
198.0960 198.1920 66
198.2240 198.2880 65
198.3200 200.1440 64
201.4880 201.6480 64
201.8400 202.0320 65
202.0640 202.6720 67
202.8000 203.1520 60
203.1840 203.5680 62
203.6000 203.8240 61
203.8560 204.7200 62
205.2320 205.4880 60
205.5200 205.9680 62
206.0000 206.2240 64
206.2560 206.3200 66
206.3520 206.7680 67
206.8960 206.9920 69
207.0240 207.0560 70
207.0880 207.3120 71
207.4400 207.6640 67
207.6960 207.6960 69
207.7280 207.9200 71
207.9520 209.1040 72
209.1360 209.2320 74
209.2640 209.3280 72
209.3920 209.5520 72
210.0640 210.1600 70
210.1920 210.2560 72
210.2880 210.5440 71
210.5760 210.5760 69
210.6080 210.8000 67
210.9280 211.3120 67
211.5040 211.6000 62
211.6320 211.8560 64
211.9840 212.2720 62
212.3040 212.4000 61
212.4320 212.5280 58
212.5600 213.1040 59
213.1360 213.2640 62
213.2960 213.6480 64
214.0960 214.4480 59
214.4800 214.5440 60
214.7040 214.8000 62
214.8320 215.0240 60
215.0560 215.1840 59
215.2160 216.7520 57
217.4560 217.5200 59
217.5520 217.5520 61
217.5840 217.5840 64
217.6160 217.7120 67
217.7440 217.9680 69
218.0000 218.0320 70
218.0640 218.5440 71
218.5760 219.0560 72
219.0880 221.8080 71
221.9360 222.0000 68
222.0320 222.2560 69
222.2880 222.3200 70
222.3520 222.9280 71
222.9600 226.5120 72
226.7040 226.7680 69
226.8000 227.0560 72
227.0880 230.1280 71
230.9920 231.0880 67
231.1200 231.2480 69
231.2800 231.6320 71
231.6640 231.9840 72
232.0160 232.2400 67
232.2720 232.3680 66
232.4000 232.4640 69
232.4960 232.5280 71
232.5600 232.8160 72
232.8480 233.1680 71
233.4240 233.5200 70
233.5520 233.6160 71
233.6480 234.0000 72
234.0320 234.1920 71
234.2240 234.4160 67
234.6720 234.7360 69
234.7680 234.8320 71
234.8640 235.0240 72
235.1840 235.4080 71
235.7280 235.7920 67
235.8240 235.8560 66
236.3360 236.6560 64
236.6880 236.7200 65
236.7520 236.8160 66
236.8480 238.0320 67
239.5360 239.6320 59
239.6640 239.8880 60
239.9200 239.9840 61
240.0160 240.1760 67
240.2080 240.3360 69
240.3680 240.5280 67
240.5600 240.5600 64
240.5920 240.8480 60
240.8800 240.9120 65
240.9440 241.1040 67
241.1360 241.3600 69
241.3920 241.7120 67
241.9680 242.1600 68
242.1920 242.3840 69
242.5440 242.6720 67
242.7040 242.7040 64
242.7360 243.0240 60
243.0560 243.0880 65
243.1200 243.2480 67
243.2800 243.5040 69
243.5360 243.8560 67
244.1760 244.3360 59
244.3680 244.5280 60
244.6880 244.8480 65
244.8800 245.2000 67
245.2320 245.3280 66
245.3600 247.2480 64
247.2800 247.4720 61
247.5040 247.6000 62
248.3040 248.4960 61
248.5280 248.7520 64
248.9760 249.1360 65
249.1680 249.6800 67
249.7120 249.8080 65
249.8400 250.2240 60
250.2560 250.3840 61
250.5120 250.7680 62
250.8000 250.9920 61
251.0240 251.7920 62
252.3360 252.5920 60
252.6240 253.0720 62
253.1040 253.4240 64
253.4560 253.8720 67
254.0320 254.1600 69
254.1920 254.4480 71
254.5760 254.8000 67
254.8320 255.0240 72
255.0560 255.3760 74
255.4080 256.6240 72
257.2320 257.7120 71
257.7440 257.9360 67
258.1280 258.4480 67
258.7040 259.0240 64
259.0560 259.4720 62
259.6640 260.0160 59
260.1440 260.4000 62
260.4320 260.7840 64
261.4880 261.8400 59
261.8720 262.0960 60
262.1280 262.2560 59
262.2880 262.3520 58
262.3840 264.4640 57
293.1040 293.1680 61
293.2000 293.4880 67
293.5200 293.7120 64
294.2240 294.9600 66
294.9920 295.1200 64
295.2480 295.3760 61
295.5680 296.7520 68
296.8800 297.1040 72
297.6160 298.1920 67
298.2240 298.5760 64
298.6080 298.8320 66
299.0240 299.2480 64
299.6320 299.8240 69
299.8560 299.9200 71
300.3680 300.8800 64
301.0720 301.5200 66
302.3840 302.5760 59
302.6080 302.8320 61
302.8640 303.0240 62
303.0560 303.2480 64
303.2800 303.3440 63
303.3760 303.6000 61
303.7920 304.1440 67
304.1760 304.6880 66
305.3280 305.3600 60
305.3920 305.6480 61
305.6800 305.7440 62
305.7760 305.9680 64
306.1600 306.3520 61
306.3840 306.4480 62
306.4800 306.4800 64
306.5120 306.9920 67
307.1520 307.2480 66
308.0160 308.0800 59
308.1120 308.3680 61
308.4000 308.4320 62
308.4640 308.7200 64
308.7520 309.0400 61
309.2640 309.7120 67
309.8720 310.1280 66
310.1600 310.5120 64
310.5440 310.8320 66
311.2160 311.4720 66
311.5040 311.7920 64
312.0160 312.2080 66
313.3920 313.5520 67
313.7440 313.9360 66
314.0640 314.3520 64
314.5120 315.0240 61
315.7280 316.6240 61
