18.2880 18.3200 62
18.3520 18.4160 63
18.4480 18.4480 65
18.4800 18.4800 67
18.5120 18.5120 69
18.5440 18.6080 72
18.6400 18.7360 74
18.7680 18.8000 73
18.8320 18.9920 72
19.0240 19.2800 71
19.3120 19.5360 69
19.6640 19.7600 67
19.9520 20.4320 66
20.4640 20.9760 62
21.6480 22.1280 61
22.1600 22.5760 63
22.6080 23.6960 62
25.5200 25.6480 65
25.7760 25.9360 66
25.9680 26.2240 67
26.2560 26.2880 68
26.3200 26.4480 70
26.6080 26.8000 75
26.8320 27.0240 74
27.0560 27.0880 72
27.1200 27.8240 69
28.2720 28.6560 67
28.7840 28.8480 70
28.8800 29.1680 71
29.3280 30.2560 69
30.8960 31.1840 71
31.2160 31.5040 72
31.5360 32.2720 74
32.3040 32.5920 75
32.6240 32.8160 74
32.8480 33.0720 71
33.1040 33.2960 69
33.3280 33.5840 67
33.7760 34.5440 60
35.3440 35.5040 64
35.6320 35.7600 66
35.9200 36.1440 67
36.6560 36.8800 71
37.0080 37.2000 69
37.2320 37.3920 67
37.5520 37.7120 66
37.7440 37.9680 68
38.1280 38.6720 67
40.2080 40.4320 62
40.4640 40.4960 70
40.5280 40.8480 74
40.8800 41.0720 72
41.1040 41.2640 71
41.4240 41.5520 69
41.5840 41.6160 68
41.6480 41.8080 67
41.9360 42.0960 67
42.2560 42.3200 67
42.3520 42.4160 66
42.5440 42.9920 62
43.6000 43.9200 60
44.1440 44.5920 63
44.7200 45.6800 62
47.3440 47.6640 64
47.6960 47.8240 66
47.8560 48.1440 67
48.1760 48.4320 71
48.4640 48.6560 75
48.8480 49.1360 74
49.1680 49.3280 71
49.3600 50.0640 69
50.0960 50.5120 67
50.7360 51.0560 71
51.0880 52.2080 69
52.9440 53.5520 72
53.5840 54.2560 74
54.2880 54.4800 75
54.5120 54.8000 74
54.8320 54.8640 72
54.8960 54.9600 71
54.9920 55.0880 70
55.1200 55.3120 69
55.3440 55.4400 67
55.4720 55.5680 66
55.6000 56.3040 60
57.3280 57.5200 64
57.5520 57.7440 66
57.8720 58.1280 67
58.6720 58.8320 71
58.8640 58.8960 70
58.9280 59.1200 69
59.1520 59.3760 67
59.5040 59.6320 66
59.6640 60.9120 67
62.2560 62.4480 72
62.4800 62.7040 71
62.7360 62.7680 70
62.8000 62.9920 69
63.0240 63.0560 68
63.0880 63.2800 67
63.3120 63.7600 69
64.2080 64.6240 72
64.6560 64.8800 71
64.9120 65.2000 69
65.2320 65.5200 67
65.5520 65.9680 69
66.1280 66.3520 62
66.6080 66.8640 60
66.8960 67.1840 62
67.2160 67.3760 65
67.4080 67.6320 66
67.6640 68.0800 67
68.4960 68.6880 71
68.7200 68.7520 70
68.7840 68.8160 69
68.8480 68.9760 68
69.0080 69.1680 67
69.3280 69.5200 67
69.5520 69.7760 68
69.8080 70.2240 67
70.9920 71.4080 71
71.4400 71.4720 70
71.5040 71.6960 69
71.7280 72.0160 67
72.0480 72.7200 69
72.8800 73.5840 71
73.6160 73.7440 69
73.7760 73.8720 68
73.9040 74.1920 67
74.2240 74.6720 69
74.8000 75.0880 62
75.4080 75.7600 61
75.8880 76.1120 64
76.1440 76.3680 66
76.4000 76.7200 67
77.2000 77.3920 71
77.4240 77.5520 69
77.5840 77.6800 68
77.7120 77.8720 67
78.0320 78.1280 66
78.1600 78.5120 68
78.5440 79.2160 67
88.6240 88.8480 74
88.8800 89.0720 72
89.1040 89.3280 71
89.3600 89.3920 70
89.4240 89.6160 69
89.6480 89.8080 67
90.0000 90.4480 66
90.4800 91.0560 62
91.6000 92.0160 60
92.0480 92.4320 63
92.4640 93.6800 62
95.3760 95.6000 64
95.6320 95.7280 65
95.7600 95.8560 66
95.8880 96.1760 67
96.2080 96.3680 71
96.4960 96.9120 75
97.0400 97.8400 69
98.0960 98.5760 67
98.6080 98.9920 71
99.1200 100.1120 69
100.6560 100.9440 71
100.9760 101.2320 72
101.2640 102.0320 74
102.0640 102.2880 75
102.3200 102.5760 74
102.6080 102.7360 71
102.7680 103.0240 69
103.0560 103.3120 67
103.6000 104.1760 60
104.9760 105.2320 64
105.2640 105.3600 66
105.4880 105.8080 67
106.2240 106.4480 71
106.4800 106.5120 70
106.5440 106.7040 69
106.7360 107.0240 67
107.0560 107.2160 66
107.3440 107.4720 69
107.6000 108.1760 67
109.6160 109.8720 62
109.9040 109.9040 70
109.9360 110.2240 74
110.2560 110.6080 72
110.8000 110.9920 69
111.0240 111.2160 67
111.2480 111.4400 66
111.5680 111.7280 66
111.8560 112.3040 62
112.8800 113.2000 60
113.4560 113.7760 63
113.8080 113.8720 62
114.0000 115.1840 62
116.4960 116.8160 65
116.8480 117.0080 66
117.0400 117.2960 67
117.3280 117.3600 70
117.3920 117.4880 71
117.5200 117.5840 72
117.6160 117.9680 75
118.0000 118.2560 74
118.2880 118.3200 72
118.3520 118.3840 71
118.4160 118.4800 70
118.5120 119.0560 69
119.0880 119.1200 68
119.1520 119.5680 67
119.6000 119.6320 68
119.6960 119.7600 69
119.7920 120.0160 71
120.2400 121.0720 69
121.9040 122.1280 71
122.1600 122.4480 72
122.4800 123.1840 74
123.2160 123.4080 75
123.4400 123.6960 74
123.7280 123.7600 72
123.7920 123.8560 71
123.8880 124.2080 69
124.2400 124.4000 67
124.4320 124.4320 65
124.4640 124.4960 63
124.5280 125.2320 60
126.1280 126.2880 64
126.3200 126.3840 65
126.4160 126.6400 66
126.6720 126.9600 67
127.5040 127.6320 71
127.6640 127.9200 69
127.9520 128.1760 67
128.3040 128.4320 66
128.4640 129.5520 67
130.8960 131.0880 72
131.1200 131.3120 71
131.3440 131.3760 70
131.4080 131.5680 69
131.6000 131.6320 68
131.6640 131.8880 67
131.9200 132.5920 69
132.7200 132.9120 71
132.9440 133.1680 72
133.2000 133.4560 71
133.4880 133.6800 69
133.7120 134.0000 67
134.0320 134.4480 69
134.4800 134.4800 67
134.5120 134.7360 62
135.1200 135.3440 60
135.3760 135.6640 62
135.6960 135.7600 64
135.7920 136.0800 66
136.1120 136.5600 67
136.9760 137.1040 71
137.1360 137.2320 70
137.2640 137.3600 69
137.3920 137.6160 67
137.7440 137.8720 66
137.9040 138.0000 67
138.0320 138.2880 69
138.3200 138.7040 67
139.3760 139.8560 71
139.8880 140.1760 69
140.2080 140.4320 67
140.4640 141.2000 69
141.2320 141.9680 71
142.0000 142.1920 69
142.2240 142.4800 67
142.5120 142.8960 69
142.9280 142.9280 67
143.0560 143.2800 62
143.5680 144.1440 62
144.1760 144.2080 64
144.2400 144.5600 66
144.5920 145.1360 67
145.4240 145.5840 71
145.6160 145.6480 70
145.6800 145.7120 69
145.7440 145.9040 68
145.9360 146.1280 67
146.2560 146.3840 66
146.4160 146.4800 67
146.5120 146.7680 69
146.8000 147.5680 67
