22.0320 22.0640 52
22.0960 22.1280 53
22.1600 22.3840 54
22.4160 22.7680 55
22.8000 23.1200 56
23.1520 23.3120 57
23.3440 23.4400 58
23.4720 24.1440 59
24.1760 24.4320 62
24.4640 24.7840 59
24.8160 25.8080 57
25.8400 26.1280 56
26.1600 26.2880 55
26.3200 26.5760 54
26.6080 27.1200 55
27.6320 28.1440 54
28.1760 28.2080 55
28.2400 28.5280 56
28.5600 28.9120 57
28.9440 29.6160 59
29.6480 29.8720 61
29.9040 29.9360 60
29.9680 30.2240 59
30.2560 30.2880 58
30.3200 30.6720 57
30.7040 30.8320 58
30.8640 31.0560 57
31.0880 31.2480 58
31.2800 31.4400 59
31.4720 31.6000 60
31.6320 32.0160 61
32.0480 32.5920 62
32.9440 33.0720 55
33.1040 33.3600 54
33.3920 33.5840 55
33.6160 33.7760 56
33.8080 34.1600 57
34.1920 34.2880 58
34.3200 34.6400 59
34.6720 34.9600 60
34.9920 35.2480 61
35.2800 35.6320 59
35.6640 36.6560 57
36.6880 36.9440 56
36.9760 37.9360 55
38.4480 39.7920 56
39.8240 40.6560 57
40.6880 41.0400 56
41.0720 41.2320 55
41.2640 41.6800 54
41.8080 42.0640 54
42.0960 42.4480 53
42.4800 43.1840 54
43.2160 43.2800 55
43.7920 44.0160 60
44.0480 44.3040 62
44.3360 44.5600 61
44.5920 45.0400 62
45.0720 45.8080 61
45.8400 46.1600 59
46.1920 46.5760 58
46.6080 47.5680 59
47.6000 47.8240 61
47.8560 48.8480 59
49.2320 50.1600 57
50.1920 50.4160 58
50.4480 50.6080 57
50.6400 51.0880 58
51.2480 51.4720 59
51.5040 51.5680 58
51.6000 51.7280 57
51.7600 51.8240 58
51.9520 52.2720 56
52.3040 53.1680 57
53.3280 54.0960 56
54.6400 54.8000 60
54.8320 56.5920 61
56.6240 56.7200 60
56.7520 56.9760 59
57.0080 57.2000 57
57.2320 57.3920 58
57.4240 58.3520 59
58.3840 58.6720 61
58.7040 59.6640 59
60.1440 61.1360 57
61.1680 61.2960 58
61.4560 61.5840 56
61.6160 62.3840 57
62.4160 62.7040 56
62.7360 63.3760 55
63.4080 63.6960 54
63.7280 64.0480 53
64.0800 64.1760 54
64.2080 64.9120 55
64.9440 65.1040 54
65.1360 65.2960 55
70.2880 70.3520 54
70.3840 70.8640 55
70.8960 71.0560 56
71.0880 71.4080 57
71.4400 71.5040 55
71.5360 72.0480 59
72.0800 72.2400 61
72.2720 72.3040 58
72.3360 72.4960 59
72.5920 72.6240 55
72.6560 72.6880 56
72.7200 72.9440 57
72.9760 73.2000 56
73.2320 73.4560 57
73.4880 73.7440 56
73.7760 73.9360 54
73.9680 74.8960 55
74.9280 75.0880 54
75.1200 75.4400 55
75.4720 75.6960 56
75.7280 76.0800 57
76.1120 76.1760 59
76.2080 76.3360 60
76.3680 76.6560 59
76.6880 76.8480 61
76.9760 77.1680 59
77.2000 77.2640 56
77.2960 77.8080 57
77.8400 78.0640 58
78.0960 78.3520 59
78.3840 79.0880 62
79.5360 80.1120 55
80.1440 80.2720 57
80.4000 80.6560 58
80.6880 81.2320 59
81.2640 81.4560 61
81.4880 81.7440 59
81.7760 81.8400 57
81.8720 82.2560 58
82.3840 82.5440 58
82.5760 82.8960 56
82.9280 82.9920 54
83.0240 83.9840 55
84.1120 84.2400 56
84.2720 85.9680 57
86.0000 86.0640 58
86.1920 86.2880 56
86.3200 86.4160 53
86.4480 87.1840 55
87.2160 87.3120 53
87.3440 88.4000 55
88.7520 88.8160 61
88.8480 90.4160 62
90.4480 90.6720 59
90.7040 91.0240 57
91.0560 91.7280 59
91.7600 91.8880 60
91.9200 92.1120 61
92.1440 93.0080 59
93.3600 93.8400 57
93.8720 93.9360 56
93.9680 94.2240 58
94.2560 94.6080 57
94.6400 94.7680 58
94.8000 94.9600 57
94.9920 95.2160 59
95.3440 95.5360 57
95.5680 95.8240 56
95.8560 96.6560 57
96.6880 97.5520 56
97.8720 98.4480 61
98.4800 99.2480 62
99.2800 99.4720 61
99.5040 99.7600 59
99.7920 100.1440 57
100.1760 100.3040 60
100.3360 100.9760 59
101.0080 101.2320 61
101.2640 102.0640 59
102.4480 102.5440 57
102.5760 103.3760 58
103.4080 103.5680 57
103.6000 103.9520 56
103.9840 104.4000 57
104.5280 104.6880 57
104.7200 104.8160 54
104.8480 105.5520 55
105.5840 105.7120 52
105.7440 105.9040 53
105.9360 106.0000 55
106.0320 107.3440 54
107.3760 107.6000 55
108.9120 109.0400 56
109.0720 109.1040 55
109.1360 109.3280 54
119.6640 119.8240 57
120.1440 120.2400 55
125.2000 125.3920 54
125.4240 125.7760 55
125.8080 125.9360 56
125.9680 126.7040 58
126.7360 126.8960 60
126.9600 127.0240 61
127.0880 127.1840 57
127.2160 127.3440 58
127.5360 127.5680 57
127.6000 127.7600 58
127.7920 127.8880 57
128.0160 128.0800 58
128.1120 128.2080 56
128.2720 128.2720 56
128.3680 128.4640 56
128.6240 128.6560 55
128.6880 128.8160 54
129.4560 129.4880 57
129.5520 129.5520 55
129.6480 129.8080 54
129.8400 130.0320 55
130.0640 130.2880 54
130.3200 130.4160 56
130.5120 130.5120 56
130.5440 130.7360 58
130.8960 130.9600 59
130.9920 131.1200 60
131.1520 131.1840 59
131.6000 131.6000 61
131.6960 131.7280 60
131.7600 131.7920 57
131.9520 132.1120 57
132.5280 132.6560 57
132.7840 132.8160 59
132.8480 133.0400 60
133.0720 133.4240 62
133.4560 133.6160 61
133.9360 133.9680 57
134.2240 134.8000 54
134.8320 134.8960 56
135.0560 135.2480 58
135.2800 135.6320 59
136.0160 136.2080 59
136.3680 136.7200 57
136.7520 136.8480 58
136.8800 136.9440 56
137.1680 137.4560 56
137.4880 138.1280 54
138.1600 138.5440 55
138.7360 139.3760 57
139.5040 139.6320 58
139.6640 139.9520 57
139.9840 140.0800 58
140.1120 140.5600 57
140.6560 140.9120 57
140.9440 140.9440 54
141.0400 141.3280 54
141.4560 141.5840 54
141.6160 141.7440 55
141.7760 141.9040 54
141.9360 142.0320 55
142.0640 142.3520 54
142.4160 142.5440 54
142.5760 142.7360 55
143.1520 143.5680 62
143.6960 143.7280 61
143.7600 144.2400 62
144.2720 144.8480 61
144.9760 145.1040 59
145.1360 145.2320 56
145.2640 145.4560 58
145.4880 146.2240 59
146.3520 146.5440 61
146.5760 147.0240 59
147.0560 147.1840 60
147.2160 147.4400 59
147.7280 148.0480 57
148.0800 148.3360 54
148.3680 148.4320 53
148.4640 148.4960 55
148.5280 149.3600 58
149.3920 149.5840 59
149.7120 150.2560 57
150.2880 150.7680 56
150.8000 150.9920 57
151.0240 152.0160 56
152.0480 152.1120 57
152.1760 152.2080 58
152.2400 152.3680 61
152.4000 153.4240 62
153.4560 153.8400 61
153.8720 154.0960 59
154.1280 154.1920 58
154.2240 154.3520 57
154.4800 155.2160 59
155.3440 155.5040 61
155.5360 155.9200 59
156.0160 156.0160 57
156.0800 156.6880 59
156.7200 157.8400 57
157.8720 158.0320 56
158.0640 158.6400 57
158.6720 158.8320 56
158.9600 159.6640 54
160.1760 160.5280 54
161.2320 161.3600 61
161.3920 161.6480 62
161.6800 161.8080 61
161.8400 162.0320 62
162.3200 162.7360 62
162.7680 162.8320 61
162.8640 163.0880 59
163.1200 163.4080 57
163.4400 163.6640 60
163.6960 164.1760 59
164.2080 164.2720 60
164.3040 164.4640 61
164.4960 164.6880 59
165.0080 165.3600 59
165.6480 165.7760 57
165.8080 166.0640 58
166.0960 166.3840 57
166.4160 166.6720 58
166.7040 167.3120 56
167.3440 167.5680 57
167.6000 167.7600 56
167.9200 168.6880 54
169.0720 169.4880 54
169.5200 169.7440 55
170.1600 170.2880 61
170.3200 170.5760 62
170.6080 170.7360 61
170.7680 171.1520 62
171.1840 171.2480 60
171.2800 171.3440 62
171.3760 171.7920 61
171.8240 172.0800 59
172.1120 172.2720 56
172.4000 173.1040 59
173.2000 173.4240 61
173.4560 173.8080 59
173.8400 173.9680 56
174.0000 174.1280 59
174.1600 174.2240 58
174.5440 176.2720 57
176.3360 176.4960 57
176.5280 176.7200 56
176.7520 176.8480 54
176.9120 176.9120 54
177.1040 177.2320 54
177.2960 177.5200 55
177.7440 177.7760 52
177.8080 178.1920 54
178.2240 178.5440 55
179.1200 180.1120 61
180.1440 180.2400 59
180.2720 180.7200 62
180.7520 181.0400 59
181.0720 181.3280 58
181.3600 182.0320 59
182.2560 182.3520 61
182.3840 182.6720 59
182.9280 182.9600 58
182.9920 183.2480 59
183.5680 184.6880 57
184.7200 184.8800 56
184.9120 185.5200 57
185.5520 185.5840 56
185.7760 186.6080 54
186.7360 187.0880 53
187.1200 187.4400 55
188.0800 189.0720 61
189.2000 189.6160 61
189.7760 189.9680 59
190.0000 190.2880 57
190.3200 190.8320 59
190.9600 191.1200 59
191.1520 191.3120 61
191.3440 191.6320 59
191.9200 192.1760 59
192.5920 193.5520 57
193.5840 193.8080 56
193.8400 194.4800 57
194.5120 194.6720 56
194.7040 194.7360 55
194.7680 195.0240 54
195.1520 195.4080 55
195.4720 195.5360 54
195.6000 196.4000 54
197.0400 198.0000 61
198.1280 198.6720 61
198.7040 198.8000 59
198.8320 199.0880 58
199.4080 199.6640 59
