14.1920 16.5920 58
16.6240 16.9760 55
17.0080 17.6160 53
17.6480 18.6400 55
18.6720 18.8000 53
18.8320 19.6960 51
20.3040 21.2960 53
21.3280 21.3920 51
21.6160 21.8720 48
23.0880 23.4400 51
23.4720 23.7280 53
23.8560 24.0480 55
24.0800 26.1600 53
27.1520 27.2480 57
27.2800 29.5200 58
29.5520 29.6480 55
29.6800 29.8400 54
29.9360 30.5440 53
30.5760 31.5680 55
31.6000 31.7600 53
31.7920 32.5600 51
33.2000 33.3280 54
33.3600 33.4560 55
33.5840 34.0000 54
34.0320 34.1920 53
34.2240 34.2560 52
35.6000 35.6960 54
35.7280 36.0800 53
36.1120 36.4000 54
36.4320 36.5280 53
36.5600 36.6560 52
36.6880 39.1840 51
40.0800 40.1120 60
40.1440 40.2080 61
40.2400 40.3040 62
40.3360 41.0720 63
41.1040 41.2640 65
41.2960 41.6480 63
41.6800 42.4480 62
42.4800 42.5120 61
42.5440 42.6400 60
42.6720 42.7360 59
42.7680 43.4080 58
43.4400 44.4640 60
44.4960 44.6560 58
44.6880 44.7840 57
44.8160 45.8720 55
46.0000 46.5440 55
46.5760 47.6320 56
47.7920 48.1760 63
48.2080 48.9440 62
48.9760 49.3600 60
49.3920 49.6800 62
49.7120 49.7760 61
49.8080 49.8400 59
49.8720 50.0000 58
50.1280 51.5040 58
51.5360 52.2080 57
52.2400 52.4320 58
53.0400 53.2000 60
53.2320 54.0320 63
54.0640 54.1280 64
54.1600 54.2560 65
54.2880 54.6080 63
54.6400 55.4720 62
55.5040 55.5680 61
55.6000 55.6640 60
55.6960 55.7600 59
55.7920 56.4640 58
56.4960 57.4880 60
57.5200 57.7120 58
57.7440 58.8320 55
59.1520 59.2800 52
59.4080 59.6640 51
59.6960 59.8240 52
59.8560 60.6880 53
60.7200 60.9120 57
60.9440 61.1040 60
61.1360 61.6160 57
61.6480 61.9040 58
61.9360 62.0000 57
62.0320 62.0640 56
62.0960 62.3200 55
62.3520 62.6720 52
62.7040 64.9760 51
66.0960 66.2880 60
66.3200 68.1760 62
68.5280 68.8160 55
68.9440 69.4560 62
69.4880 69.8400 63
70.0320 70.0640 62
70.0960 70.4480 63
70.4800 70.6400 62
70.7360 71.0560 60
71.2800 71.3440 55
71.5040 71.9200 51
71.9840 72.1120 51
72.5280 72.6240 61
72.6560 73.4560 62
73.6800 73.6800 62
73.7760 73.8080 62
73.9040 74.6400 62
75.0240 75.2480 55
75.4080 75.5360 50
75.6640 75.8880 50
75.9200 77.3920 51
77.6800 78.1600 51
78.2240 78.5120 55
78.6720 78.8320 59
78.8640 80.4960 60
80.6240 81.4560 60
81.4880 81.6160 58
81.6480 81.7120 57
81.7440 81.8720 56
81.9040 82.0640 55
82.0960 82.3520 56
82.3840 84.5600 58
85.1680 85.3280 58
85.3600 86.7360 60
86.7680 86.9280 63
86.9600 86.9920 62
87.0240 87.7280 58
87.7600 88.3040 55
88.3360 88.5920 53
88.6240 90.9920 51
105.2320 106.3520 58
106.3840 106.7360 59
106.7680 107.5360 58
107.5680 107.6000 57
107.6320 107.8240 55
107.8560 107.8880 54
107.9200 108.5920 53
108.6240 108.6560 54
108.6880 109.6160 55
109.6480 109.8080 53
109.8400 109.9680 52
110.0000 110.2240 51
110.3520 110.4160 51
110.5760 110.7360 51
111.3120 111.4400 53
111.4720 111.6320 54
111.6640 112.2400 53
112.2720 112.4000 52
112.6880 112.8800 48
113.7440 113.8080 48
113.9360 114.0000 49
114.1600 114.5440 51
114.5760 114.7040 53
114.7360 114.8320 54
114.9920 115.1520 55
115.1840 115.2160 54
115.2480 117.5200 53
118.2560 119.4720 58
119.5040 119.7920 60
119.8240 120.5920 58
120.6240 120.7840 55
120.8160 120.9440 53
121.0720 121.6800 53
121.7120 122.7040 55
122.7360 122.9600 52
122.9920 123.6960 51
124.3680 124.6240 54
124.7840 125.6160 53
126.7360 126.8640 55
126.8960 127.3120 53
127.3440 127.4400 55
127.6000 127.6960 53
127.7280 127.8560 52
127.9840 129.9040 51
131.1840 131.3440 60
131.3760 132.2080 63
132.2400 132.3360 65
132.3680 132.7840 63
132.8160 133.6480 62
133.6800 133.8080 60
133.8400 134.6400 58
134.6720 135.6640 60
135.6960 135.9840 57
136.0160 137.2000 55
137.3280 137.7760 55
137.8080 138.8320 56
138.9920 139.4080 63
139.4400 140.2400 62
140.2720 140.6240 60
140.6560 140.9120 62
140.9440 141.0080 61
141.0400 143.1520 58
143.1840 143.4080 57
143.4400 143.8560 58
144.3040 144.3360 60
144.3680 144.4320 61
144.4640 144.4960 62
144.5280 145.2960 63
145.3280 145.5520 65
145.5840 145.8720 63
145.9040 146.7360 62
146.7680 146.8320 61
146.8640 146.9600 60
146.9920 147.1200 59
147.1520 147.7600 58
147.7920 148.7520 60
148.7840 149.0080 58
149.1680 150.2240 55
150.7040 151.0240 51
151.0560 152.0160 53
152.0480 152.1760 56
152.2080 152.4640 59
152.4960 153.2960 58
153.3280 153.6160 55
153.7440 154.0320 53
154.0640 156.5280 51
157.5200 157.5520 60
157.5840 159.4080 62
159.4400 159.5680 63
159.9200 160.2080 55
160.4000 160.8800 62
160.9120 161.0080 63
161.2000 161.4240 63
161.6160 161.7440 63
161.8400 161.9040 63
161.9360 162.0320 64
162.0640 162.0640 62
162.2560 162.7040 60
162.7360 162.8640 55
162.8960 163.1840 60
163.3760 163.7920 60
164.0480 164.1760 60
164.2080 164.5280 62
164.5600 164.7520 63
164.7840 164.8800 64
164.9120 164.9760 62
165.1040 165.4240 62
165.5520 166.2240 62
166.5440 166.8320 55
166.9920 167.1200 50
167.2800 167.4720 50
167.5040 168.4960 51
168.6240 169.7440 51
170.2560 170.3200 58
170.3520 170.4480 59
170.6720 173.0400 60
173.0720 173.2320 58
173.2640 173.3280 57
173.3600 173.7120 55
173.7440 174.0000 56
174.0320 174.1280 57
174.1600 176.2720 58
176.7840 176.9120 58
176.9440 178.4160 60
178.4480 178.5760 63
178.6080 178.6400 62
178.6720 179.3120 58
179.3440 179.7280 55
179.7600 179.9840 54
180.0160 180.1760 53
180.2080 180.4320 52
180.4640 181.8080 51
181.8400 182.1920 50
182.2240 182.3520 51
185.5200 185.7120 58
186.0640 186.5760 58
187.2160 187.6000 66
187.6320 188.2400 63
188.2720 188.4320 70
188.4640 189.3600 69
189.7440 193.9040 67
