8.1120 8.1760 55
8.5600 8.6560 55
8.8160 8.9120 58
9.0400 9.1360 58
9.2960 9.3920 58
9.5520 9.5840 56
10.4800 10.5440 56
15.1840 15.5040 65
15.5360 15.5360 63
15.5680 15.6000 58
15.8560 15.9840 65
16.0160 16.1760 62
16.3360 17.1040 62
17.5520 17.6160 65
17.7760 17.9360 65
17.9680 18.7040 62
19.9520 20.3360 65
20.3680 20.6880 62
20.7200 21.0400 67
21.1680 21.3280 67
21.3600 21.4240 65
21.4560 21.6480 61
21.6800 22.1600 60
22.3520 22.4800 59
22.9280 23.4080 65
23.5360 23.6000 66
23.6320 23.7600 65
23.7920 23.8880 62
24.0800 24.4960 62
24.6880 24.7520 63
25.4880 25.5520 67
25.5840 25.6800 65
25.7120 26.5440 62
26.5760 26.6720 65
27.5040 28.0480 65
28.4320 28.4640 66
28.4960 29.1040 67
29.1360 29.1360 65
29.1680 29.2000 63
29.2320 29.8720 60
29.9040 30.0320 59
30.0640 30.1920 58
30.5440 30.5760 60
30.6080 30.6080 62
30.6400 30.6400 64
30.6720 31.0240 67
31.0560 31.1840 69
31.3120 31.4080 69
31.4400 31.7280 70
31.7600 31.8880 68
31.9200 32.1440 69
32.3040 32.4640 67
32.4960 32.9120 65
33.2640 33.3600 69
33.3920 33.6800 70
33.7120 34.1920 69
34.2240 34.3840 67
34.4160 34.4800 66
34.5120 34.6080 65
34.9280 35.8240 65
36.6880 36.8480 67
36.8800 37.7120 65
38.5760 38.6720 67
38.8320 38.9280 69
39.0560 39.1520 69
39.1840 39.4080 70
39.5680 39.6320 68
39.6640 39.8560 69
39.9840 40.2080 67
40.2400 40.3360 65
40.5280 40.6560 63
41.0400 41.0400 67
41.0720 41.3280 70
41.4560 41.8080 69
42.0320 42.1600 67
42.1920 42.3840 65
42.7040 43.3760 65
46.0640 46.0640 62
46.0960 46.1600 64
46.3200 46.6720 67
46.8320 46.8640 67
47.0240 47.1840 74
47.2160 47.6640 72
47.6960 47.6960 70
47.7280 47.7920 68
47.8240 48.1760 70
48.2080 48.6240 69
48.8160 48.9120 67
48.9440 49.1680 69
49.2000 49.6480 67
50.0320 50.6400 67
50.6720 50.7360 69
50.8960 51.0880 74
51.1200 51.5040 72
51.6320 51.6640 67
51.6960 51.7600 69
51.7920 51.9840 70
52.0160 52.4960 69
52.5280 52.5280 67
52.6240 52.6560 68
52.6880 53.2640 69
53.2960 53.4880 70
53.8720 53.9040 66
53.9360 54.5120 67
54.5440 54.5760 68
54.6080 54.6400 72
54.6720 54.9600 74
54.9920 55.4400 72
55.4720 55.5360 70
55.7280 55.9200 70
55.9520 56.4320 69
56.4960 56.8480 69
56.8800 57.3600 67
57.9040 59.2480 67
59.3760 59.4080 65
59.4400 59.6640 67
59.9520 60.2400 67
60.2720 60.4000 65
60.4320 60.6880 67
60.9120 61.2640 67
61.2960 61.2960 65
61.5840 61.6160 63
61.6480 61.9040 65
62.0320 62.1280 65
62.2560 62.4800 65
62.5120 63.2160 62
63.2480 63.4720 64
63.5040 63.7600 63
63.7920 64.0480 65
64.2080 64.4000 65
64.4320 64.5280 62
64.7200 65.1680 62
65.2000 65.2320 63
65.2640 65.3280 65
65.3600 65.3920 64
66.2560 66.7360 65
66.8960 66.9920 59
67.1200 67.1520 62
67.1840 67.1840 64
67.2160 67.7280 67
67.9520 68.6560 60
68.9120 69.0400 62
69.2960 69.3600 63
69.3920 69.6480 65
69.7760 69.9040 65
70.0320 70.2240 65
70.2560 70.3840 62
70.5440 70.9920 62
71.0240 71.0880 63
71.3120 71.3760 64
71.4080 71.8240 65
71.9520 72.1120 65
72.1440 72.8480 62
72.8800 72.9440 63
72.9760 73.1040 65
73.9040 74.0000 63
74.1280 74.5120 65
74.5440 74.5440 63
74.5760 74.6080 60
74.6400 74.7360 58
74.8960 74.8960 60
74.9280 74.9280 64
74.9600 74.9920 66
75.0240 75.6640 67
75.6960 76.7840 65
76.9440 77.0080 65
77.1360 77.1680 66
77.2000 77.4560 67
77.4880 77.6160 69
77.7440 77.8720 69
77.9040 78.0960 70
78.2240 78.3520 68
78.3840 78.6400 69
78.6720 78.7040 68
78.7360 78.9280 67
78.9600 79.3120 65
79.3440 79.3440 63
79.4720 79.5680 59
79.7600 79.7920 68
79.8240 79.8560 69
79.8880 80.0800 70
80.2080 80.6560 69
80.6880 80.8800 67
80.9120 81.0720 65
81.3920 82.3200 65
83.1520 83.3120 67
83.3440 83.8240 65
83.8560 84.0160 67
84.8480 85.2000 67
85.2320 85.5840 69
85.6160 85.8720 70
85.9040 86.0640 68
86.0960 86.4160 69
86.4480 86.4800 68
86.5120 86.6400 67
86.6720 86.7680 65
86.9920 87.0560 65
87.0880 87.1200 63
87.1520 87.3120 58
87.4400 87.4400 65
87.4720 87.5040 68
87.5360 87.8560 70
87.8880 88.1760 69
88.2400 88.2720 67
88.4320 88.6240 67
88.6560 88.7840 65
89.1040 89.2320 67
89.2640 89.3600 69
89.3920 90.0960 67
91.1200 91.1840 70
91.2160 91.2800 72
91.3120 91.9840 74
92.3680 92.4000 62
92.4640 92.5280 62
92.5600 92.6240 65
92.7840 93.1040 67
93.2640 93.2960 67
93.4880 93.6480 74
93.6800 94.0960 72
94.2560 94.2880 69
94.3200 94.6400 70
94.6720 95.0240 69
95.2480 95.3760 67
95.4080 95.6320 69
95.6640 96.1120 67
96.4320 96.4640 66
96.4960 96.9760 67
97.0080 97.0720 66
97.1040 97.1040 68
97.1360 97.2000 70
97.3280 97.5200 74
97.5520 97.9680 72
98.0960 98.1280 68
98.1600 98.4800 70
98.6080 98.6080 69
99.1200 99.7280 69
99.7600 99.9520 70
100.3360 100.9760 67
101.0080 101.0080 69
101.0400 101.1360 71
101.1680 101.3920 74
101.4240 101.8720 72
101.9040 102.0000 70
102.1920 102.3840 70
102.4160 102.6080 69
102.9920 103.2800 69
103.3120 103.7920 67
104.1440 104.2080 66
104.3680 106.1280 67
106.4160 106.6720 67
106.7040 106.8320 65
106.8640 107.1200 67
107.3760 107.6960 67
107.7280 107.7280 65
108.2720 108.6240 55
108.7520 109.1040 56
109.2320 109.3280 57
109.4560 109.5520 60
109.7760 110.0640 60
110.0960 110.3840 57
110.4160 110.8640 55
110.8960 111.2800 57
111.3120 111.4720 60
111.9520 112.5280 57
112.8480 113.0400 65
113.3280 113.4240 64
113.6160 113.7440 64
113.7760 114.2560 60
114.2880 114.5120 62
114.5440 114.8640 64
116.1440 116.1760 65
116.2080 116.3040 67
116.4960 116.9120 69
116.9440 117.3280 67
117.5200 117.5520 66
117.6160 117.6160 65
117.9040 118.2240 62
118.6720 118.7360 60
118.9600 119.0880 60
119.1200 119.3120 62
119.8880 120.2080 62
120.3680 120.5280 65
120.5600 121.1360 62
121.3920 121.4560 62
121.7760 122.3200 62
122.8000 123.1200 62
123.4720 123.5680 63
123.7280 124.0800 67
124.2400 124.2400 67
124.2720 124.3680 71
124.4000 124.6240 74
124.6560 125.0720 72
125.2000 125.7760 70
125.8080 125.8080 68
125.8400 126.0960 62
126.2240 126.3520 67
126.3840 126.6080 69
126.6400 127.0560 67
127.4720 128.1440 67
128.3040 128.4960 74
128.5280 128.9440 72
128.9760 129.1040 68
129.1360 129.3920 70
129.4240 129.4240 68
129.4560 129.7120 63
130.0320 130.0960 67
130.1280 130.6720 69
130.7040 130.8960 70
131.3120 131.9200 67
131.9520 132.0480 70
132.0800 132.0800 72
132.1120 132.3680 74
132.4000 132.8480 72
132.8800 132.9760 70
133.1680 133.3600 70
133.3920 133.5520 69
133.7120 133.9360 63
133.9680 134.0320 68
134.0640 134.2560 69
134.2880 134.8000 67
135.3440 137.1040 67
137.3920 137.8080 65
137.8400 138.0960 67
138.3200 138.6720 67
138.7040 138.7040 65
138.8320 139.0880 67
139.2160 139.6320 67
140.2400 140.5280 67
140.9120 141.0080 74
141.1360 141.2320 72
141.3600 141.5200 72
141.5520 141.6160 71
141.6480 142.0000 70
142.1280 142.9920 69
143.3440 143.5680 67
144.0800 144.4000 67
144.5920 144.5920 72
144.6240 144.9120 74
145.1360 145.3280 63
145.5520 145.6480 68
145.6800 145.7120 69
145.7440 145.8400 70
145.8720 146.3200 69
146.5440 146.6400 68
146.6720 147.1840 69
147.2160 147.3440 70
147.9520 148.2720 67
148.6240 148.7840 62
148.8160 148.8480 61
148.9760 149.2640 60
149.4240 149.7440 70
150.5760 150.6720 69
150.9600 151.2160 67
151.7920 152.1760 67
152.3040 152.4000 66
152.7840 152.8480 62
153.0400 153.1680 62
153.3280 154.0960 67
154.2560 154.5120 56
154.8640 154.8960 65
154.9280 155.2800 67
155.4080 155.5680 74
155.6000 156.0480 72
156.0800 156.1760 69
156.2080 156.5280 70
156.5600 156.7200 69
156.7520 156.7520 64
156.8480 157.0080 62
157.1680 157.3280 67
157.3600 157.5520 69
157.5840 158.0320 67
158.4480 159.0240 67
159.0560 159.1200 69
159.2800 159.4720 74
159.5040 159.8880 72
160.0160 160.1440 68
160.1760 160.4000 70
160.8160 160.9120 64
161.0400 161.6480 69
161.6800 161.8720 70
162.2240 162.2880 65
162.3200 162.9280 67
162.9600 163.0240 71
163.0560 163.3440 74
163.3760 163.8240 72
163.8560 163.9520 70
164.1440 164.3360 70
164.3680 164.5280 69
164.8480 164.8800 65
164.9120 165.0080 68
165.0400 165.2000 69
165.2320 165.7440 67
166.3200 167.6320 67
167.7600 168.0480 67
168.3360 168.6240 67
168.6560 168.7840 65
168.8160 169.0720 67
169.2960 169.6480 67
169.6800 169.8080 65
169.8400 170.7680 67
