14.2560 14.2880 70
14.3200 14.4480 71
14.4800 14.5120 70
14.5440 14.7680 69
14.8960 15.0560 71
15.2160 15.4080 71
15.5360 15.6640 69
15.6960 15.7600 68
15.7920 15.9520 66
15.9840 16.0160 65
16.2080 16.2720 64
16.3040 16.3680 63
16.4000 16.6560 62
16.8160 17.0080 64
17.1680 17.2960 63
17.3280 17.6480 62
17.7760 17.8720 63
17.9040 17.9680 64
18.1280 18.3840 63
18.4160 18.7040 62
18.8640 19.0880 63
19.2480 19.4080 65
19.4400 19.5680 66
19.6000 19.6320 67
19.6640 19.7600 68
19.7920 19.8560 67
20.1760 20.4320 64
20.6240 20.6880 65
20.7200 20.8800 66
20.9120 21.1040 69
21.1360 21.1680 68
21.2000 21.2320 67
21.2640 21.3280 66
21.3600 21.4560 65
21.4880 21.5840 66
21.6160 21.7440 65
21.7760 22.0960 66
23.8240 23.9200 65
24.1440 24.3360 71
24.3680 24.5920 68
24.7200 24.7520 62
24.7840 24.9440 63
24.9760 25.0080 64
25.0400 25.2000 67
25.5520 25.6160 61
25.7760 25.9680 59
26.0000 26.0320 61
26.0640 26.1600 62
26.3200 26.4800 61
26.6720 26.7360 58
26.7680 26.8320 59
26.8640 26.8960 61
26.9280 27.1200 62
27.1520 27.5360 63
27.5680 27.6320 64
27.7920 27.9200 69
27.9520 28.0160 68
28.2400 28.3040 75
28.6240 28.7520 65
28.9440 29.1360 69
29.1680 29.2320 67
29.7440 29.9680 57
30.0000 30.3200 56
30.4480 30.5440 59
30.7360 30.8000 59
33.9680 34.0000 69
34.0320 34.0640 70
34.0960 34.1600 71
34.1920 34.2880 73
34.4160 34.5760 71
34.6080 34.7680 69
34.8960 35.0880 71
35.2160 35.2800 70
35.3120 35.3120 68
35.3440 35.5040 65
35.6960 35.9200 69
35.9520 36.1120 71
36.2080 36.2400 68
36.2720 36.3360 67
36.3680 36.4640 65
36.6240 36.7840 68
37.0400 37.2320 63
37.4240 37.5840 68
37.6160 37.8720 71
37.9040 37.9680 70
38.0000 38.0320 68
38.0640 38.1920 66
38.3840 38.6720 69
38.8640 39.0560 65
39.6000 39.6960 68
39.7280 39.9200 69
40.0800 40.4000 68
40.4320 40.5600 69
40.5920 40.6240 68
40.6560 40.8160 67
40.8480 40.8800 65
40.9120 41.0400 64
41.1680 41.2640 63
41.4240 41.5840 66
41.6160 41.6800 67
41.7120 42.0000 68
42.0320 42.0960 67
42.1280 42.1920 65
42.2240 42.3200 64
42.3520 42.8000 63
42.8320 42.9600 64
42.9920 43.6320 65
45.4880 45.5520 62
45.5840 45.7440 65
45.8720 45.9680 67
46.0000 46.0000 64
46.0320 46.0640 62
46.2880 46.4480 65
46.4800 46.5760 63
46.7040 46.8320 62
46.8640 46.8960 63
46.9280 46.9920 64
47.2800 47.3760 63
47.4080 47.5360 65
47.7920 47.8560 58
47.8880 47.9520 57
48.0800 48.3360 57
48.4640 48.5280 59
48.5600 48.5920 58
48.9120 49.0400 58
49.0720 49.2640 59
49.4880 49.6800 58
49.8080 49.8400 58
49.8720 50.0640 59
50.0960 50.1920 58
50.2240 50.4160 57
50.4480 50.6400 58
51.2480 51.3760 57
51.4080 51.5680 59
52.0480 52.3680 59
52.5280 52.7520 60
52.7840 52.9440 59
52.9760 53.2000 58
53.5840 54.2880 57
54.3200 55.4080 58
56.8800 56.9120 62
56.9440 57.0080 63
57.1360 57.3600 65
57.3920 57.5200 66
57.6800 57.8080 61
57.8400 57.9680 62
58.1920 58.3840 63
58.4160 58.7360 64
58.8960 59.3120 66
59.3760 59.4080 64
59.4400 60.0160 63
60.6560 60.8480 63
60.8800 60.9120 64
60.9440 60.9760 65
61.0080 61.1040 66
61.1360 61.1680 65
61.2000 61.2640 64
61.2960 61.3600 63
61.3920 61.5200 64
61.6800 62.0000 68
62.1280 62.4160 63
62.5760 62.6400 70
62.8640 63.0880 69
63.1200 63.2160 68
63.2480 63.3120 67
63.3440 63.3760 66
63.4080 63.6320 65
63.6640 63.7600 66
63.7920 63.8880 65
63.9200 63.9840 66
64.0160 64.1440 65
64.1760 64.2400 66
64.2720 64.4000 65
64.4320 64.4960 66
64.5280 64.9760 65
66.4160 66.6720 63
66.7040 66.8320 65
66.8640 66.9600 64
66.9920 67.0880 66
67.1200 67.1520 65
67.2800 67.5680 62
67.6000 67.9200 63
67.9520 68.3040 64
68.4640 68.5600 67
68.5920 68.6240 66
68.6560 68.8800 65
69.0400 69.2960 63
69.4560 69.5520 64
69.5840 69.6160 63
69.6480 69.7120 62
70.2880 70.4480 63
70.4800 70.5440 64
70.5760 70.6720 66
70.7040 70.7360 65
70.7680 71.1520 64
71.2800 71.6960 69
71.7280 71.8880 70
71.9200 71.9840 69
72.0160 72.1440 70
72.1760 72.2080 71
72.2400 72.6240 69
72.6560 74.5760 71
74.7360 74.9920 66
75.1840 75.6320 71
75.7920 76.2400 71
76.4000 76.6560 71
76.7840 77.0720 74
77.1040 77.3280 73
77.3600 77.5200 71
77.5520 77.8720 69
78.0000 78.1600 71
78.1920 78.3520 70
78.3840 78.6080 71
78.6400 78.6720 70
78.7040 78.9280 69
78.9600 79.2480 66
79.2800 79.6640 63
79.9520 80.0160 64
80.0480 80.2400 63
80.3680 80.5280 62
80.5600 80.6880 63
80.9440 81.2640 62
81.2960 81.3280 63
81.3600 81.6160 64
81.6480 81.7760 63
81.9040 82.0000 62
82.0320 82.0960 61
82.1280 82.2560 63
82.4800 82.6720 62
82.7040 83.0560 64
83.0880 83.4400 69
83.4720 83.5360 70
83.5680 83.6320 69
83.6640 84.1760 66
84.2080 84.3680 65
84.7200 84.7840 66
84.8160 84.8800 65
84.9120 85.0080 66
85.0400 85.2320 65
86.3200 86.3520 58
86.3840 86.4480 59
86.4800 86.6080 62
86.6400 86.7040 65
86.7360 86.8960 62
86.9280 87.0560 63
87.0880 87.1520 64
87.1840 87.2800 67
87.3120 87.3120 65
87.3440 87.5360 62
87.5680 87.6320 63
87.6640 87.7920 64
87.8240 87.9200 67
87.9520 88.0800 62
88.1120 88.1440 63
88.1760 88.2400 66
88.2720 88.3360 70
88.7200 88.8160 66
88.9760 89.0720 63
89.3920 89.7120 62
89.7440 89.8400 65
90.0320 90.0640 65
90.0960 90.2240 64
90.3520 90.4160 66
90.4480 90.6400 65
90.6720 90.7040 64
90.7360 90.8000 63
90.9920 91.1520 62
91.1840 91.2480 66
91.2800 91.4400 65
91.6000 91.6960 72
91.9520 92.0160 63
92.1760 92.3040 61
92.7520 92.8800 61
92.9120 93.0080 58
93.3600 93.4240 58
93.9680 94.0320 59
96.2720 96.3040 72
96.3360 96.7840 73
96.9120 97.8400 71
97.8720 97.9360 70
97.9680 98.6080 71
98.6400 98.8320 70
98.8640 99.0880 69
99.2160 99.2800 69
99.5680 99.6320 72
99.6640 99.7600 74
99.7920 99.8240 73
99.8560 100.0160 72
100.1440 100.2080 71
100.2400 100.3040 70
100.3360 100.5920 69
100.6240 100.6880 68
100.7200 100.7840 67
100.8160 100.8480 65
100.8800 101.2640 63
101.2960 101.3280 64
101.3600 101.7440 65
101.7760 101.9360 66
101.9680 102.2240 68
102.2560 102.3200 69
102.3520 102.4160 70
102.4480 102.5120 69
102.5440 102.6080 66
102.6400 102.7360 65
102.7680 102.8320 66
102.8640 102.9280 65
102.9600 103.0240 66
103.0560 103.1200 64
103.1520 104.1120 65
104.1440 104.2080 66
104.2400 104.9120 65
105.7760 105.9360 62
105.9680 106.3200 63
106.4480 106.4800 63
106.5120 106.5760 64
106.6080 107.2800 63
107.3120 107.4080 64
107.5680 107.6320 67
107.6640 107.7600 64
107.7920 107.8560 63
107.8880 107.9200 64
107.9520 108.0800 65
108.1120 108.3040 68
108.3360 108.4320 69
108.5920 108.6560 65
108.7840 109.1680 63
109.2000 109.2640 65
109.4240 109.6480 70
109.9040 109.9360 65
109.9680 110.3200 63
110.3520 110.4160 65
110.5760 110.6400 72
110.6720 110.7360 69
110.7680 110.8000 67
110.8320 110.8640 65
110.9920 111.0880 65
111.1200 111.1520 68
111.1840 111.2480 69
111.2800 111.3120 68
111.3440 111.4080 67
111.4400 111.4720 66
111.5040 111.8240 65
111.9840 112.4320 74
112.4640 112.5280 73
112.5600 113.1680 71
113.2000 113.2960 70
113.3280 113.3920 71
113.4240 113.4880 70
113.5200 113.5840 71
113.6160 113.7120 70
113.7440 113.8080 71
113.8400 113.9040 70
113.9360 114.0000 71
114.0320 114.1280 70
114.1600 114.2240 71
114.2560 114.3200 70
114.3520 114.4160 71
114.4480 114.5120 70
114.5440 114.6080 71
114.6400 114.7040 70
114.7360 114.8320 71
114.8640 114.9280 70
114.9600 115.0240 71
115.0560 115.1200 70
115.1520 115.4720 71
117.6160 117.7440 67
117.7760 117.9360 68
139.9840 140.0160 64
140.0480 140.0480 67
140.0800 140.3040 70
140.3360 140.5600 69
140.5920 140.6880 71
140.7200 140.7520 70
141.2000 141.2320 69
141.2640 141.4880 70
141.5200 141.7120 69
141.7440 141.8720 66
141.9040 142.1600 65
142.3840 142.6720 63
142.7040 142.8640 62
143.0240 143.2160 62
143.6320 143.8880 63
143.9200 144.2400 62
144.2720 144.4960 63
144.9120 144.9120 61
144.9440 145.0400 63
145.0720 145.2960 62
145.4240 145.5840 63
145.7760 145.8080 65
145.8400 145.9680 66
146.0000 146.0960 69
146.1280 146.1600 67
146.4800 146.6400 64
146.8000 146.9920 66
147.0240 147.1520 69
147.1840 147.2160 67
147.2480 147.2800 66
147.3120 147.9840 65
148.0160 148.3680 66
150.0640 150.0960 63
150.1280 150.1920 64
150.3200 150.3520 70
150.3840 150.5120 71
150.5440 150.6400 69
150.6720 150.8640 68
151.2160 151.2480 72
151.6000 151.6960 69
151.8880 152.0160 61
152.5920 152.7840 58
153.1040 153.1680 58
153.8400 153.9680 59
154.2240 154.3840 63
154.8000 155.0240 63
155.1840 155.1840 66
155.2160 155.2800 69
155.3120 155.4080 68
155.9840 156.0800 66
156.1120 156.1440 67
156.1760 156.2720 68
156.3040 156.4640 69
156.4960 156.4960 67
156.9120 157.1680 57
157.2000 157.4560 56
157.6160 157.6800 59
157.8080 157.8720 59
158.2240 158.2240 59
159.2480 159.3120 58
159.4400 159.5040 59
160.8800 160.9120 69
160.9440 161.1040 70
161.1360 161.1680 71
161.2000 161.2640 72
161.3920 161.4560 72
161.4880 161.5840 71
161.6160 161.7760 70
161.8080 161.8720 69
162.5440 162.5440 65
162.5760 162.5760 67
162.6080 162.7360 69
162.7680 162.8640 70
163.0240 163.1520 69
163.3760 163.5360 65
164.3360 164.4320 70
164.6560 164.6560 72
165.0080 165.1680 66
165.2000 165.3600 69
166.6400 166.8960 69
166.9280 166.9920 68
167.0240 167.0880 67
167.1200 167.2160 66
167.2480 167.3120 64
167.4400 167.6320 64
167.6640 167.7600 66
167.7920 167.8240 67
167.8560 167.9840 68
168.0800 168.1120 64
168.1440 168.3360 63
168.3680 168.3680 66
168.4000 168.4640 69
168.4960 168.7200 66
168.7520 170.3520 65
171.2800 171.3120 62
171.3440 171.4400 63
171.4720 171.5040 64
171.5360 171.6640 65
171.8240 171.9520 68
171.9840 171.9840 65
172.0160 172.0800 62
172.1120 172.2080 60
172.2400 172.2720 59
172.4320 172.4960 65
172.9120 172.9440 62
172.9760 173.0080 63
173.0400 173.0720 64
173.1040 173.1680 65
173.2000 173.2640 66
173.4560 173.5520 69
173.5840 173.5840 66
173.6160 173.6160 64
173.6480 173.6480 62
173.6800 173.7120 60
173.7440 173.8080 58
174.5120 174.6080 62
174.6400 174.7360 63
174.7680 174.8640 66
175.0240 175.1520 69
175.1840 175.1840 67
175.2160 175.2160 65
175.2480 175.2800 63
175.3120 175.3440 60
175.3760 175.6000 58
175.6320 175.6960 59
175.7280 175.7920 58
175.8240 175.9520 57
175.9840 176.0800 58
176.6560 176.7520 60
177.2320 177.5840 58
177.6160 177.7440 60
177.7760 177.8720 59
177.9040 177.9360 58
178.0960 178.3520 57
178.3840 178.4480 58
178.4800 178.5760 60
178.6080 178.6720 59
178.7040 179.5040 58
179.6640 179.7280 58
179.7600 179.9840 57
180.1120 180.5920 57
181.7120 181.9040 63
182.0320 182.1280 65
182.1600 182.2240 64
182.2560 182.5120 65
182.6720 182.7680 61
182.8000 182.9280 62
182.9920 183.0240 62
183.0560 183.0880 63
183.1200 183.2160 64
183.2480 183.3440 63
183.3760 183.5040 64
183.5360 183.6640 67
183.6960 183.8880 65
183.9200 184.0480 66
184.0800 184.1440 64
184.1760 184.3360 63
184.4640 184.5600 64
184.5920 184.6560 63
184.6880 184.7200 61
185.2000 185.4240 64
185.4560 185.5840 65
185.6160 185.7440 64
185.7760 185.8720 63
185.9040 186.0000 64
186.0320 186.0320 67
186.0640 186.2560 69
186.2880 186.3200 68
186.4480 186.6720 63
186.8640 187.0560 66
187.0880 187.2160 69
187.2480 187.3120 68
187.3440 188.3360 66
188.4640 188.5280 65
190.3520 190.3840 65
190.4160 190.4800 66
190.5120 190.6080 65
190.6400 190.7680 66
190.8000 190.9280 65
190.9600 191.2800 62
191.3120 191.4720 63
191.5040 191.6000 64
191.6320 191.7920 63
191.9200 192.0160 67
192.0480 192.1120 66
192.1440 192.2080 65
192.2400 192.4320 66
192.4640 192.5280 65
192.5600 192.6560 63
192.6880 192.9440 64
192.9760 193.0080 63
193.0400 193.0720 62
193.5520 193.6160 63
193.6480 193.7760 64
193.8080 193.9680 65
194.0000 194.0960 64
194.1280 194.3200 63
194.4480 194.6080 68
194.6400 194.8320 69
194.8640 194.9920 71
195.0240 195.0560 69
195.0880 195.1200 68
195.2800 195.3440 71
195.3760 195.6320 69
195.6640 197.1680 71
197.2000 197.2640 70
197.2960 197.7120 71
198.0320 198.1600 65
198.1920 198.3200 69
198.4480 200.0160 71
200.0480 200.3040 74
200.4640 200.5600 73
200.5920 200.6240 72
200.6560 200.7840 71
200.8160 200.9440 68
200.9760 201.1360 69
201.6800 201.9360 71
202.0640 202.2240 69
202.2560 202.2880 66
202.3200 202.4480 65
202.7040 202.9600 63
203.3120 203.5680 63
203.8880 204.1120 63
204.4960 204.5600 62
204.9120 204.9760 64
205.0080 205.1360 63
205.2640 205.4240 61
205.5200 205.6480 62
205.8400 205.9360 62
206.0640 206.3200 63
206.4480 206.5120 68
206.5440 206.8000 69
206.8320 206.8960 70
206.9280 207.0240 69
207.0560 207.1840 66
207.2160 207.3120 65
207.3440 207.5360 66
207.5680 207.6320 64
207.6640 207.8880 66
207.9200 208.0800 65
208.1120 208.3040 66
208.3360 208.3680 65
208.4000 208.4640 64
209.7120 209.8400 59
209.8720 209.9680 62
210.0000 210.0960 63
210.1280 210.2560 62
210.2880 210.4160 63
210.4480 210.5440 64
210.5760 210.6400 66
210.6720 210.8960 62
210.9280 211.0240 63
211.0560 211.1200 64
211.1520 211.1520 66
211.1840 211.2800 68
211.3120 211.4720 62
211.5040 211.5680 65
211.6000 211.6000 67
211.6320 211.6960 70
211.8880 212.0800 64
212.1120 212.1760 66
212.3360 212.4000 63
212.7200 213.1680 62
213.3920 213.4240 62
213.4560 213.5840 63
213.6160 213.6800 64
213.7120 213.7760 66
213.8080 214.0000 65
214.0320 214.1280 64
214.3200 214.4800 62
214.5120 214.5760 66
214.6080 214.7680 65
214.9280 215.0560 72
215.0880 215.0880 68
215.5360 215.6000 62
216.0800 216.2080 61
216.2400 216.3680 58
216.7200 216.8800 58
216.9120 216.9760 59
217.1040 217.1680 59
217.2000 217.3600 58
217.5200 217.5840 58
217.6160 217.6480 57
219.6320 219.6960 73
219.7280 219.8560 74
219.8880 220.1440 73
220.2720 221.2000 71
221.2320 221.2960 70
221.3280 221.4560 71
221.4880 221.6800 70
221.7120 222.0000 71
222.0320 222.2560 70
222.2880 222.5440 69
222.6720 222.7360 69
222.9280 222.9600 73
222.9920 223.1200 74
223.1520 223.3440 73
223.3760 223.4400 76
223.4720 223.5040 73
223.5360 223.6320 70
223.6640 224.1120 68
224.1440 224.2080 65
224.2400 224.3680 63
224.4000 224.4640 62
224.4960 224.6560 63
224.6880 224.7200 65
224.7520 224.8160 66
224.8480 225.1360 65
225.1680 225.2640 66
225.2960 225.6800 69
225.7120 225.7760 70
225.8080 225.8400 69
225.8720 225.9360 68
225.9680 226.1920 66
226.2240 226.8640 65
226.8960 226.9600 66
226.9920 227.6640 65
227.6960 227.7600 66
227.7920 227.8880 65
227.9200 227.9840 66
228.0160 228.2720 65
229.0400 229.1360 63
229.1680 229.2640 61
229.2960 229.7440 63
229.7760 229.9680 64
230.0000 230.7040 63
230.8960 230.9600 58
231.0880 231.2800 63
231.3120 231.3440 65
231.3760 231.4720 66
231.5040 231.7600 69
231.9520 232.0160 65
232.1760 232.3680 63
232.4000 232.4640 64
232.4960 232.6240 65
232.6560 232.6560 63
232.7840 233.0080 58
233.3920 233.6800 63
233.7120 233.8080 66
233.9360 234.0000 70
234.0320 234.0960 69
234.1280 234.1280 67
234.1600 234.2240 65
234.3520 234.4480 66
234.4800 234.6400 69
234.6720 234.8000 66
234.8320 235.1520 65
235.3120 235.3120 72
235.3440 235.7600 74
235.7920 235.8880 73
235.9200 236.4960 71
236.5280 236.6240 70
236.6560 236.7200 71
236.7520 236.8480 70
236.8800 236.9440 71
236.9760 237.0400 70
237.0720 237.1360 71
237.1680 237.2320 70
237.2640 237.3600 71
237.3920 237.4560 70
237.4880 237.5520 71
237.5840 237.6480 70
237.6800 237.7440 71
237.7760 237.8720 70
237.9040 237.9680 71
238.0000 238.0640 70
238.0960 238.4160 71
238.4480 238.4800 70
239.0240 239.0880 72
239.1200 239.2480 68
239.2800 239.4720 71
239.5040 239.6000 70
239.6320 239.8240 71
239.9520 240.8800 71
240.9120 241.2960 74
241.3280 241.3920 73
241.4240 241.4880 72
241.5200 241.5840 71
241.6160 241.6480 70
241.6800 241.8080 69
241.8400 241.9360 68
241.9680 242.0320 69
242.1600 242.5760 70
242.6080 242.8320 71
242.8640 243.0880 69
243.1200 243.1200 67
243.1520 243.4080 65
243.5360 243.8560 63
244.1440 244.3680 63
244.5280 244.6880 62
244.7200 244.8480 63
244.8800 245.1680 62
245.2000 245.2640 61
245.2960 245.4560 62
245.4880 246.0000 63
246.0320 246.2880 62
246.3200 246.4160 63
246.4480 246.5440 62
246.7360 246.8000 62
246.9280 246.9920 64
247.0240 247.1840 63
247.3120 247.6640 69
247.6960 247.7920 70
247.8240 247.8880 69
247.9200 248.4000 66
248.4320 248.6240 65
248.6560 248.7200 64
248.7520 248.8160 65
248.8480 248.9440 64
248.9760 249.1360 65
249.1680 249.4560 66
250.6720 251.0240 62
251.0560 251.4400 63
251.4720 251.8240 62
251.8560 251.9840 63
252.0160 252.0160 65
252.0480 252.1120 67
252.1440 252.1440 64
252.1760 252.3360 62
252.3680 252.4320 64
252.4640 252.4640 66
252.4960 252.5600 70
252.8480 252.9120 64
252.9440 253.0400 66
253.1680 253.2960 63
253.5520 253.9360 62
254.1920 254.2240 65
254.2560 254.3520 64
254.3840 254.4800 63
254.5120 254.6080 66
254.6400 254.8320 65
254.8640 254.9280 64
254.9600 254.9920 63
255.1520 255.3120 62
255.3440 255.4080 66
255.4400 255.5360 65
255.5680 255.6320 66
255.7600 255.9200 73
256.3680 256.4640 61
256.4960 256.4960 59
256.9120 257.0400 62
257.0720 257.1040 60
257.1360 257.2000 58
257.5200 257.5840 58
257.7760 257.8720 56
257.9040 257.9680 58
258.0000 258.0960 57
258.1280 258.1920 58
258.2240 258.2880 57
258.3200 258.3840 58
258.4160 258.5440 57
260.4960 261.0720 73
261.1040 262.0320 71
262.0640 262.1920 70
262.2240 262.8000 71
262.8320 263.0560 70
263.0880 263.1520 69
263.1840 263.2480 68
263.7600 263.7600 70
263.7920 263.8240 73
263.8560 263.9840 74
264.0160 264.2400 72
264.2720 264.2720 75
264.3360 264.4000 71
264.4320 264.4640 70
264.4960 264.5280 69
264.5600 264.6240 68
264.6560 264.7840 69
264.8160 264.8480 68
264.8800 264.9760 67
265.0080 265.0720 65
265.1040 265.4880 63
265.5200 265.5840 67
265.6160 265.9680 65
266.0000 266.1280 66
266.1600 266.5120 69
266.5440 266.6720 70
266.7040 266.7680 68
266.8000 266.8320 66
266.8640 267.3440 65
267.3760 267.4400 66
267.4720 267.5680 64
267.6000 267.6640 66
267.6960 267.7600 64
267.7920 268.3680 65
268.4000 268.4640 66
268.4960 268.5600 65
268.5920 268.6560 66
268.6880 269.0400 65
269.7760 269.9360 59
269.9680 270.1280 62
270.1600 270.2240 64
270.2560 271.5360 63
271.7600 271.8240 68
271.8560 271.8880 64
271.9200 272.1120 63
272.1440 272.2720 65
272.3040 272.3360 67
272.3680 272.4960 68
272.5280 272.5920 69
272.7520 272.8480 66
272.9760 273.2000 63
273.2320 273.3280 64
273.3600 273.4240 65
273.4560 273.4560 63
273.5840 273.8400 59
274.1280 274.5120 63
274.5440 274.6080 65
274.7680 274.9280 69
274.9600 275.0560 66
275.1840 275.3120 66
275.3440 275.4080 69
275.4400 275.4720 68
275.5040 275.5680 67
275.6000 275.6320 66
275.6640 275.9840 65
276.1440 276.1760 73
276.2080 276.3360 74
276.3680 276.4640 73
276.4960 276.5920 74
276.6240 276.7200 72
276.7520 277.0080 71
277.0400 277.2960 70
277.3280 277.3920 71
277.4240 277.4880 70
277.5200 277.5840 71
277.6160 277.7120 70
277.7440 277.8080 71
277.8400 277.9040 70
277.9360 278.0000 71
278.0320 278.0960 70
278.1280 278.8320 71
