14.8000 15.3440 55
15.3760 15.5680 57
15.6000 15.7280 59
15.7600 15.9840 60
16.0160 16.0160 57
16.0480 18.0320 55
19.2160 19.6960 55
19.7280 19.9520 57
19.9840 20.3040 59
20.3360 20.7840 55
20.8160 20.8480 56
20.8800 20.9440 58
20.9760 21.0400 57
21.0720 21.1680 56
21.2000 21.3280 54
21.4560 21.9360 52
21.9680 22.0640 50
22.0960 22.1920 51
22.2240 22.2880 49
22.3200 22.5120 52
22.5440 22.7360 55
23.6000 23.6640 48
23.6960 24.1440 50
24.1760 24.4000 52
24.4320 24.4960 53
24.5280 24.6560 54
24.6880 25.2320 50
25.2640 25.4560 52
25.4880 25.4880 50
25.5200 25.8080 48
25.8400 26.0000 50
26.0320 26.2560 48
26.2880 26.3200 47
26.3520 26.3840 46
26.9600 27.0560 44
27.0880 27.2800 43
28.0160 28.0480 46
28.0800 28.2400 47
28.2720 28.4000 48
28.5920 28.6560 47
28.6880 28.7520 46
28.7840 28.8160 45
28.8480 28.9440 44
29.1680 29.6160 48
29.6480 29.8400 47
29.9680 30.0640 51
30.0960 30.2240 50
30.2560 30.3840 53
30.4160 30.7360 52
30.7680 30.8640 55
30.8960 31.0240 56
31.0560 31.2480 57
31.2800 31.2800 55
31.3120 31.5040 52
31.5360 31.7600 53
32.4960 33.2960 55
33.3280 33.3600 60
33.3920 33.5200 61
33.5520 33.6480 60
33.6800 33.7760 57
33.8080 33.9680 55
34.0960 34.3520 57
34.3840 34.5440 60
34.5760 34.6080 61
34.6400 34.7360 62
34.7680 34.8640 60
34.8960 34.9600 58
34.9920 35.2160 55
35.2480 35.6640 56
35.6960 35.7920 55
35.8240 35.9200 56
35.9520 36.0160 54
36.0480 36.1760 55
36.2080 36.2400 54
36.9120 36.9120 60
36.9440 37.4240 62
37.4560 37.5840 63
37.6160 37.7120 62
37.7440 37.9360 65
37.9680 38.1920 63
38.2240 38.2560 64
38.2880 38.4480 65
38.4800 38.7040 63
38.7360 38.8000 62
38.8320 39.1840 61
39.2160 39.2480 58
39.2800 39.3120 57
39.3440 39.6000 55
39.6320 39.9200 61
39.9520 39.9520 59
39.9840 40.1440 57
40.1760 40.5920 55
41.3280 41.3920 53
41.4240 41.7120 52
41.7440 41.8720 53
41.9040 42.2560 57
42.2880 42.3520 55
42.4800 42.6400 50
42.6720 42.7360 52
42.7680 42.8000 51
42.8320 42.8640 48
43.0880 43.1520 47
43.1840 43.3120 45
43.3440 43.4080 43
43.4400 43.5040 44
43.7280 43.9200 48
43.9520 44.2720 49
44.3040 44.4000 48
44.4320 44.8480 49
44.8800 44.9760 48
45.0080 45.0720 50
45.2320 45.2640 51
45.2960 45.3280 50
45.4880 45.5200 50
63.6960 63.7600 54
63.7920 64.2400 55
64.2720 64.4320 56
64.4640 64.5280 58
64.5600 64.5920 60
64.6240 64.7520 61
64.7840 64.8800 59
64.9120 65.4880 55
65.5200 66.0640 56
66.0960 66.1600 54
66.1920 66.2560 56
66.2880 66.3840 55
66.4160 66.7040 56
66.7360 66.8960 55
68.1120 68.1760 56
68.2080 68.5280 55
68.5600 68.6560 56
68.6880 68.8480 57
68.8800 68.9760 58
69.0080 69.2640 60
69.2960 69.2960 58
69.3280 69.7440 56
69.7760 69.9040 58
69.9360 69.9680 57
70.0000 70.3200 55
70.3520 70.6080 52
70.6400 70.6400 50
70.9280 71.0560 51
71.0880 71.1840 50
71.2160 71.3440 52
71.5040 71.9840 55
72.5920 72.9760 50
73.0080 73.0400 51
73.0720 73.3920 52
73.4240 73.4880 54
73.5200 73.6480 55
73.6800 74.0000 51
74.0320 74.2240 50
74.2560 74.4160 51
74.4480 74.4800 50
74.5120 74.6720 49
74.7040 74.9280 51
74.9600 75.0240 49
75.0560 75.2160 48
75.2480 75.2480 46
75.4400 75.4720 43
75.6640 75.7280 43
75.9520 76.0160 43
77.0080 77.0720 47
77.1040 77.2640 46
77.2960 77.4240 49
77.4560 77.6800 48
77.7120 77.8080 45
77.8400 78.0000 44
78.0320 78.0960 43
78.1280 78.4480 48
78.9280 79.1840 50
79.2160 79.6960 52
79.7280 79.7600 53
79.7920 79.9200 55
79.9520 80.2400 56
80.2720 80.2720 54
80.3040 80.5920 52
80.6240 80.7520 51
81.4880 82.2240 55
82.3520 82.6400 60
82.6720 82.7040 59
82.7360 82.8320 57
82.8640 83.0560 55
83.0880 83.3440 57
83.3760 83.5680 60
83.6000 83.7280 61
83.7600 83.7920 60
83.8240 83.8560 59
83.8880 83.9840 57
84.0160 84.3040 55
84.3360 84.6880 56
84.7200 84.7840 54
84.8160 84.9120 56
84.9440 85.2640 55
85.8720 86.1920 62
86.2240 86.4160 63
86.4480 86.6720 62
86.7040 86.7680 65
86.8000 86.8640 64
86.8960 87.1840 62
87.2160 87.5040 65
87.5360 87.6000 64
87.6320 87.6960 63
87.7280 87.9520 61
87.9840 88.0480 59
88.0800 88.1440 58
88.1760 88.2720 57
88.3040 88.5920 55
88.6240 88.6880 61
88.7200 88.8160 62
88.8480 88.9120 60
88.9440 89.1360 57
89.2000 89.6480 55
90.2560 90.5120 52
90.5440 90.6720 51
90.8320 91.0240 57
91.0560 91.1200 56
91.1520 91.3440 55
91.3760 91.4400 50
91.4720 91.6640 51
91.6960 91.8560 50
92.1120 92.2720 45
92.3040 92.4320 43
92.5600 92.9120 48
92.9440 93.0400 49
93.0720 93.4240 48
93.4560 93.6800 49
93.7120 94.1920 48
94.2240 94.2880 50
94.3200 94.4160 45
94.4480 94.5120 49
94.7360 94.9280 61
94.9600 95.0560 62
107.0880 107.1840 61
108.2400 108.6880 55
108.7200 108.8480 57
108.8800 108.9440 58
108.9760 109.1040 59
109.1360 109.3600 60
109.3920 109.5200 55
109.5520 109.7120 56
109.7440 110.0960 55
110.1280 110.4800 56
110.5120 110.7360 55
110.7680 110.8640 56
110.8960 111.3760 55
112.6240 113.1680 55
113.2000 113.3920 57
113.4240 113.4560 58
113.4880 113.5520 59
113.5840 113.8080 60
113.8400 113.8400 58
113.8720 113.8720 56
113.9040 113.9680 54
114.0000 114.1600 55
114.1920 114.2240 56
114.2560 114.4800 57
114.5120 114.8000 55
114.8320 114.8640 53
114.8960 115.1520 52
115.1840 115.2160 51
115.3760 115.5360 51
115.5680 115.6960 52
115.7280 115.7600 53
115.7920 115.8240 51
115.9840 116.3680 55
117.0080 117.0400 49
117.0720 117.5520 50
117.5840 117.8720 52
117.9040 117.9680 50
118.0000 118.0640 54
118.0960 118.5120 50
118.5440 118.5440 48
118.7040 118.8960 52
118.9280 118.9920 49
119.0240 119.0880 48
119.2800 119.3760 51
119.4080 119.4400 50
119.4720 119.6640 48
119.8240 119.8880 45
119.9200 119.9840 43
120.0160 120.1760 45
120.3680 120.4320 43
120.5600 120.6240 44
121.4560 121.6800 45
121.7120 121.9040 48
121.9360 122.1280 47
122.1600 122.2240 45
122.2560 122.3840 44
122.5760 122.9280 48
123.1840 123.1840 48
123.3760 123.5040 51
123.6320 123.6960 53
123.7280 124.0800 52
124.2080 124.3360 55
124.3680 124.4640 56
124.4960 124.7840 58
124.8160 124.9440 57
124.9760 125.0400 53
125.0720 125.1040 52
125.1360 125.1680 50
125.2000 125.2000 48
125.8720 126.6720 55
126.7040 126.8640 60
126.8960 126.9600 57
126.9920 127.0880 58
127.1200 127.1520 57
127.1840 127.2160 56
127.2480 127.4080 55
127.4400 127.4720 56
127.5040 127.7280 57
127.7600 127.7920 60
127.8240 128.2080 61
128.2400 128.2720 59
128.3040 128.3680 57
128.4000 128.6880 55
128.7200 128.8480 56
128.8800 129.2960 55
129.3280 129.4240 56
129.4560 129.8720 55
130.2560 130.7360 62
130.7680 131.0560 63
131.0880 131.2480 65
131.2800 131.3120 64
131.3440 131.5040 62
131.5360 131.6000 63
131.6320 132.0160 64
132.0480 132.1440 63
132.1760 132.2080 61
132.2400 132.3680 60
132.4000 132.4640 59
132.4960 132.5600 58
132.5920 132.6880 57
132.7200 132.9120 55
132.9440 132.9760 56
133.0080 133.2320 62
133.2640 133.2960 61
133.3280 133.3600 60
133.3920 133.4880 58
133.5200 133.7440 55
133.7760 134.0000 54
134.8320 134.8640 51
134.8960 135.1520 52
135.1840 135.1840 55
135.2160 135.2800 58
135.3120 135.3760 57
135.4080 135.5360 56
135.5680 135.6960 55
135.7280 136.1760 51
136.3040 136.3360 47
136.3680 136.4320 48
136.4640 136.5280 45
136.5600 136.6880 44
136.7200 136.7520 43
136.8800 137.0080 49
137.0400 137.2960 48
137.3280 138.2880 49
138.3200 138.3840 48
138.4160 138.5120 50
138.5440 138.6400 48
138.6720 138.8000 50
138.8960 138.9920 50
139.1200 139.1520 61
139.1840 139.2480 62
139.4400 139.5040 62
152.4640 152.9440 55
152.9760 153.0080 56
153.0400 153.1680 57
153.2000 153.2320 58
153.2640 153.3920 59
153.4240 153.5520 60
153.5840 153.6480 59
153.6800 153.7120 56
153.7440 154.7680 55
154.8000 155.1520 56
155.1840 155.2800 55
155.3120 155.4080 56
155.4400 155.7280 55
155.7600 155.8240 56
156.7840 156.8800 55
156.9120 156.9760 56
157.0080 157.1680 55
157.2000 157.3280 56
157.3600 157.5200 57
157.5520 157.5840 58
157.6160 157.6800 59
157.7120 157.9360 60
157.9680 158.2880 56
158.3200 158.4800 55
158.5120 158.5440 56
158.5760 158.8000 57
158.8320 158.9280 55
158.9600 158.9920 54
159.0240 159.4720 52
159.5680 159.6320 50
159.6640 159.7920 51
159.9200 160.0160 52
160.2080 160.4960 56
160.5280 160.6560 55
161.2320 161.4880 50
161.5200 161.6800 51
161.7760 162.1280 53
162.1600 162.2240 54
162.2560 162.2560 49
162.3520 162.7680 50
162.8960 163.0240 53
163.0560 163.0880 52
163.1200 163.1840 49
163.2160 163.3760 48
163.4400 163.4720 48
163.5040 163.6960 50
163.7280 163.8880 48
164.0800 164.1440 45
164.3360 164.3680 44
164.6240 164.6880 43
165.6800 165.7440 44
165.7760 165.8400 45
165.8720 165.9040 46
165.9360 166.0000 49
166.1920 166.2880 47
166.3200 166.3520 46
166.3840 166.4480 45
166.4800 166.5120 44
166.6080 166.6400 44
166.6720 166.9280 49
166.9600 167.0240 48
167.0560 167.1200 49
167.1520 167.4080 48
167.4400 167.4720 47
167.6000 167.7280 50
167.7600 168.1120 51
168.1440 168.2080 52
168.4000 168.4640 55
168.4960 168.5920 56
168.6240 168.8160 57
168.8480 168.8800 56
168.9120 168.9120 54
168.9440 169.2000 52
169.2320 169.2960 51
169.3280 169.3920 52
170.0320 170.5440 55
170.5760 170.8000 56
170.8320 171.1200 60
171.1520 171.2160 59
171.2480 171.3440 58
171.3760 171.6320 55
171.6640 171.7280 57
171.7600 171.8560 58
171.8880 171.9200 59
171.9520 172.1120 60
172.1440 172.2720 61
172.3040 172.3680 60
172.4000 172.4320 58
172.4640 172.5280 57
172.5600 173.2960 55
173.3280 173.3920 56
173.4240 173.5840 55
173.6160 173.6800 54
173.7120 173.7760 55
173.8080 173.8720 52
173.9040 174.0640 55
174.4160 174.4480 61
174.4800 175.1840 62
175.2160 175.4720 65
175.5040 175.6000 62
175.6320 175.7600 63
175.7920 175.9520 65
175.9840 176.0160 63
176.0480 176.1440 64
176.1760 176.2720 63
176.3040 176.3360 61
176.3680 176.5280 60
176.5600 176.7200 59
176.7520 176.8160 57
176.8480 177.1040 55
177.1360 177.2000 61
177.2320 177.3280 62
177.3600 177.4560 60
177.4880 177.5840 57
177.6800 177.8720 55
177.9040 178.0320 56
178.0640 178.1600 55
178.7680 179.0880 52
179.1200 179.2480 51
179.3440 179.3440 52
179.3760 179.5360 57
179.5680 179.6000 56
179.6320 179.8240 55
179.8560 179.9200 49
179.9520 180.0800 50
180.1120 180.3040 52
180.4640 180.5280 49
180.5600 180.7520 45
180.7840 180.9120 43
180.9440 180.9760 44
181.0080 181.3600 48
181.3920 181.4560 49
181.4880 181.5520 48
181.5840 181.6480 49
181.6800 181.7760 48
181.8080 181.8720 50
181.9040 182.0000 48
182.0320 182.1280 50
182.1600 182.2240 47
182.2560 182.3520 50
182.3840 182.4800 48
182.5120 182.6080 50
182.6400 182.7360 47
182.7680 182.8960 50
182.9920 183.0880 50
183.2480 183.3440 51
183.5360 183.6000 51
