1.8080 1.8720 60
1.9040 1.9040 58
1.9360 1.9360 56
1.9680 2.2880 53
2.3840 2.5120 53
4.0800 4.1440 56
4.3040 4.6240 54
26.8000 26.8320 65
26.8640 26.8960 66
26.9280 27.0240 67
27.1840 27.3440 65
27.3760 27.3760 63
27.4080 27.6320 60
27.6640 27.7280 61
27.7600 27.7600 63
27.7920 27.9200 65
27.9520 28.3040 67
28.3360 28.3680 66
28.4000 28.5600 65
28.7840 28.9120 60
29.1360 29.1680 65
29.2000 29.4240 67
29.4560 29.8400 65
32.0800 32.1760 63
32.2080 32.4000 65
32.4320 32.5920 63
32.7840 32.9120 58
33.1040 33.2320 63
33.2640 33.6480 65
33.6800 33.9360 63
34.4480 34.5440 63
34.5760 34.9280 65
35.1200 35.4080 67
37.3920 38.0000 65
38.0320 38.4160 60
38.4480 38.5440 65
38.5760 38.7040 67
38.7360 39.2480 65
39.4400 39.5040 69
39.7280 40.5280 65
42.8000 42.8640 62
42.8960 43.0240 65
43.0560 43.2480 63
43.4400 43.6320 65
43.7600 44.1760 63
44.2080 44.4000 65
44.4320 44.6880 67
44.7200 44.9120 70
45.2640 45.3600 66
45.3920 45.7760 67
48.1120 48.1760 65
48.2080 48.3040 67
48.4640 48.6560 65
48.6880 49.0720 60
49.1040 49.2320 65
49.2640 49.6160 67
49.7440 49.9680 65
50.0960 50.2240 60
50.4480 50.5440 65
50.5760 50.7040 67
50.7360 51.1520 65
53.4240 53.5200 63
53.5520 53.7120 65
53.7440 53.9360 63
54.1280 54.2240 58
54.4160 54.5440 63
54.5760 54.8320 65
55.0880 55.2800 62
55.3120 55.5680 58
55.7600 55.8880 63
55.9200 56.2720 65
56.4640 56.8480 67
58.7360 58.8640 65
58.8960 58.9600 67
59.1200 59.2800 65
59.5040 59.6000 60
59.7920 59.9200 65
59.9520 60.0800 67
60.1120 60.6240 65
60.7520 60.9440 70
60.9760 61.1360 65
61.1680 61.2320 66
61.2640 61.4240 67
61.4560 61.9680 65
64.0800 64.0800 60
64.1120 64.2080 63
64.2400 64.3040 65
64.3360 64.5600 63
64.7840 64.9440 65
64.9760 65.4880 63
65.5200 65.6160 65
65.7760 65.9680 67
66.0960 66.2880 70
66.3200 66.5120 65
66.5440 68.0480 67
68.1760 68.1760 67
68.4640 68.5280 66
68.5600 68.9440 67
68.9760 69.0720 64
69.1040 69.3280 67
69.3600 69.4560 65
69.4880 69.7440 66
69.7760 70.3200 65
70.4800 70.6720 60
71.0880 71.1520 65
71.1840 73.0400 67
73.0720 73.1360 69
73.1680 73.3600 70
73.3920 73.4560 69
73.7760 73.8720 63
73.9040 74.3520 65
74.4800 74.6400 63
74.7680 74.8320 60
74.8640 74.9600 61
75.1200 75.3440 58
75.3760 75.5040 57
75.5360 75.9840 55
76.4640 76.5280 63
76.5600 76.6880 65
76.8160 77.0080 65
77.0400 77.2320 63
77.2640 77.2960 62
77.3920 77.4880 63
77.5200 77.7120 65
77.7440 78.0640 67
78.0960 78.2880 70
78.3200 78.3520 68
78.3840 78.4480 64
78.4800 78.5440 65
78.5760 78.8000 67
79.1200 79.1520 66
79.1840 79.6320 67
79.7600 80.3040 67
80.3360 80.4320 66
80.4640 80.5920 65
80.7520 80.9760 65
81.1040 81.3600 60
81.7440 81.8080 66
81.8400 83.3120 67
83.4400 83.7600 67
83.7920 83.9840 70
84.4000 84.9760 65
85.0080 85.2320 63
85.4240 85.5200 60
85.5520 85.6800 62
85.8080 86.0000 58
86.1280 86.2240 67
86.2560 86.8000 65
87.0880 87.1840 64
87.2160 87.6640 65
87.6960 88.1760 63
88.2080 88.5920 65
88.6240 88.8480 67
89.1040 89.2640 70
89.2960 89.3600 69
89.3920 89.5200 66
89.5520 89.9040 67
90.0960 90.1600 64
90.1920 90.2240 62
90.2560 92.1440 60
93.4880 93.5520 64
93.5840 93.7440 65
94.0000 94.2880 67
94.4160 94.4480 68
94.4800 94.6080 69
94.7680 94.8000 65
94.8320 94.8640 66
94.8960 95.2480 67
95.4720 95.5360 62
95.5680 95.6960 59
95.7280 97.5520 58
112.0160 112.0480 63
112.0800 112.1760 65
112.2080 112.3040 67
112.4640 112.6560 65
113.1040 113.2000 66
113.2320 113.5840 67
113.7440 113.9360 65
113.9680 113.9680 63
114.1280 114.1920 60
114.4480 114.5440 65
114.5760 114.9600 67
114.9920 115.2480 65
115.2800 115.3440 64
117.3920 117.4240 62
117.4560 117.6480 65
117.6800 117.9680 63
118.0000 118.1600 58
118.4160 118.5120 63
118.5440 118.6720 65
118.7040 118.9920 63
119.1200 119.3120 63
119.4720 119.5680 60
119.7600 119.8240 63
119.8560 120.4960 65
120.5280 120.5600 66
120.5920 120.9120 67
122.7360 122.8320 65
122.8640 122.9920 67
123.1200 123.2800 65
123.3120 123.3120 63
123.4400 123.6320 60
123.7600 123.7920 65
123.8240 123.8880 66
123.9200 124.0480 67
124.0800 124.7200 65
124.7520 124.9120 70
125.1360 125.2320 65
125.2640 125.3600 67
125.3920 125.6800 65
125.7120 125.8080 61
125.8400 126.4160 65
128.0800 128.1760 63
128.2080 128.3680 65
128.4000 128.5600 63
128.7520 128.9440 65
128.9760 129.5200 63
129.5520 129.7120 65
129.7440 130.0320 67
130.0640 130.2880 70
130.4800 130.6080 66
130.6400 131.9520 67
132.4640 132.9440 67
133.1360 133.6800 66
133.7120 134.3200 65
134.4480 134.7360 60
135.0880 135.1520 65
135.1840 135.6640 67
135.7920 137.0720 67
137.1040 137.3280 70
137.7760 137.8720 63
137.9040 138.3200 65
138.3520 138.6080 63
138.7680 138.8320 60
138.8640 138.9600 62
139.1200 139.4720 58
139.5040 139.6640 55
139.6960 139.9840 56
140.4320 140.4960 62
140.5280 140.6880 65
140.8160 141.0080 65
141.0400 141.2960 63
141.4240 141.4880 63
141.5200 141.6800 65
141.7120 141.9680 67
142.0960 142.2880 70
142.4160 142.5120 65
142.5440 142.7360 67
143.1200 143.1840 66
143.2160 143.6000 67
143.7920 144.4000 66
144.4320 144.9760 65
145.1360 145.4560 60
145.7440 146.7360 67
146.7680 146.8640 65
146.8960 147.2800 67
147.4080 147.7920 67
147.8240 148.0800 70
148.4320 148.4960 64
148.5280 149.0080 65
149.0400 149.3280 63
149.3600 149.6480 61
149.7440 149.9680 58
151.1200 151.1840 62
151.2160 151.6320 65
151.6640 151.9520 63
152.0800 152.1120 63
152.1440 152.5600 65
152.5920 152.8160 67
153.0720 153.3280 70
153.3600 153.9360 67
154.1280 154.1920 62
154.2240 156.2080 60
157.4240 157.4240 60
157.4560 157.6480 65
157.9040 158.3520 67
158.3840 158.5760 70
158.6080 158.6400 69
158.6720 158.8640 66
158.8960 159.1840 67
159.4720 159.5360 62
159.5680 161.9680 58
164.4320 164.4960 65
164.5280 165.2320 67
165.3600 165.4240 65
165.4560 165.5200 66
165.5520 165.6800 67
165.7120 166.3200 65
166.4800 166.7680 60
167.1200 167.1520 65
167.1840 167.9200 67
168.1120 168.3680 67
168.4000 168.6560 65
168.6880 168.9440 64
168.9760 169.0080 62
169.1680 169.2960 58
169.7440 170.0320 58
170.1280 170.3840 58
170.4160 170.5760 55
170.8000 170.8640 56
170.8960 171.6320 58
171.7600 171.8560 63
171.8880 172.1440 65
172.4000 172.6560 64
172.7840 172.9760 65
173.1360 173.5200 63
173.5520 173.7760 65
173.8080 174.0640 67
174.0960 174.2560 70
174.2880 174.2880 68
174.4480 174.5440 65
174.5760 174.7680 67
175.1200 175.1840 66
175.2160 175.6640 67
175.7920 175.9840 67
176.0160 176.0800 64
176.1120 176.2080 65
176.2400 176.3360 67
176.3680 176.6240 65
176.6560 176.8480 64
176.8800 177.0080 65
177.0400 177.1040 61
177.1360 177.3920 60
177.4240 177.5200 61
177.9040 178.2880 67
178.4480 179.0240 67
179.0560 179.3120 65
179.3440 179.3760 63
179.4080 179.5360 62
179.7920 180.0480 58
180.4320 180.4640 57
180.4960 180.6560 58
180.7840 180.9440 58
181.1680 181.4560 56
181.4880 182.0960 58
182.1280 182.2880 59
182.4160 182.4480 63
182.4800 182.6400 65
182.7680 182.8320 62
182.9920 183.5680 63
184.0800 184.1760 64
184.2080 184.4960 65
184.5280 185.0400 67
185.0720 185.2960 69
185.5840 185.9040 67
186.0960 186.2880 65
186.3200 186.3520 62
186.4480 188.3680 60
189.4880 189.8400 65
189.8720 190.2880 67
190.4480 190.6720 70
190.7040 190.8640 65
190.8960 191.1520 67
191.3760 191.6000 65
191.6320 191.6320 62
191.7920 193.4240 58
194.0640 194.1600 63
194.1920 194.3520 65
194.3840 194.4160 64
194.4480 195.0560 63
195.0880 195.1520 61
195.1840 195.3440 60
199.4080 199.4720 64
199.5040 199.7280 67
199.7600 202.0320 65
202.0640 202.2240 63
202.5760 202.7040 64
202.7360 202.8640 57
203.3120 203.3440 61
203.3760 203.4720 62
204.0800 204.6240 53
205.7120 205.8400 53
