18.5760 18.7680 51
18.8000 18.9920 52
19.0240 19.0880 53
19.2800 19.8560 54
19.8880 19.9520 53
19.9840 20.3360 52
20.3680 20.5280 54
20.7200 20.7840 57
20.8160 20.9120 58
20.9440 21.2320 59
21.2640 21.3280 58
21.3600 22.6720 56
24.3040 24.5600 52
24.5920 24.6560 53
24.6880 25.3600 54
25.3920 25.4560 53
25.5840 25.8080 52
25.8400 25.8720 53
25.9040 26.1280 54
26.2880 26.3200 56
26.3520 26.4800 57
26.5120 26.7040 58
26.7360 26.8000 57
26.9920 28.2400 52
29.0720 29.1040 56
29.1360 29.2640 57
29.2960 29.3920 58
29.4240 29.7760 59
29.8080 29.8400 58
29.8720 29.9360 57
29.9680 31.2480 56
31.8880 32.0800 59
32.1120 32.1760 60
32.2080 32.3360 61
32.3680 32.4320 60
32.5920 32.6560 55
32.6880 33.4240 54
33.4560 33.8080 55
33.8400 33.9040 54
33.9360 34.5120 52
34.6400 34.6720 53
34.7040 34.8640 54
34.8960 35.3120 55
35.3440 35.4080 54
36.2080 36.5920 51
37.4560 37.5520 54
37.5840 37.7440 55
37.7760 38.1600 56
38.1920 38.2560 55
38.2880 39.8240 54
41.0400 41.2960 52
41.3280 41.4240 53
41.6160 42.1600 54
42.2880 42.6720 52
42.7040 42.8320 54
43.0240 43.3760 57
43.4080 43.6960 59
43.7280 45.2960 56
45.3280 45.5200 55
46.6400 46.9600 52
46.9920 47.1200 53
47.1520 47.3760 54
47.5680 47.6320 54
47.6640 47.7600 53
47.8880 48.1760 53
48.2080 48.4960 54
48.5280 48.5920 55
48.6240 48.6880 57
48.7200 49.1680 59
49.5520 50.1600 53
51.3760 51.6320 57
51.6640 51.8880 59
51.9200 51.9520 58
52.1440 52.9120 56
52.9440 53.1360 55
53.1680 53.4880 56
54.2560 54.3520 60
54.3840 54.7680 61
54.8000 54.8000 58
54.8320 54.9600 55
54.9920 55.8880 54
56.3360 56.8160 52
57.0080 57.1360 54
57.1680 57.2640 55
57.2960 57.5520 56
57.6800 57.7760 53
58.4800 58.5760 51
60.2720 60.4320 51
60.4640 60.7520 52
60.7840 61.0720 58
61.1040 61.5520 56
61.5840 61.7120 54
61.7440 62.1600 52
62.1920 62.2560 56
62.2880 62.4800 58
62.7360 62.8320 52
62.8640 63.1840 51
63.3440 63.8560 52
64.6240 64.8480 56
64.8800 65.0720 55
65.1040 65.9680 56
66.0960 66.1600 61
66.1920 66.2880 62
66.3200 66.8640 63
66.8960 66.9920 62
67.4400 67.6000 55
67.7600 67.8240 55
67.8560 68.1440 56
68.3040 68.8160 56
68.8480 68.8480 58
68.8800 68.9120 61
68.9440 69.1040 62
69.1360 69.7760 63
70.2560 70.3200 60
70.3520 70.4480 61
70.5760 70.6400 60
70.6720 70.7040 62
70.7360 71.0560 63
71.0880 71.4720 64
71.5040 71.5360 62
71.6640 71.8880 55
71.9200 72.2080 56
72.2400 72.2720 55
72.3040 72.7200 54
72.7520 73.0720 53
73.7760 73.8400 58
74.0640 74.0960 60
74.1280 74.3840 61
74.4160 74.5760 63
74.7360 74.8640 63
74.8960 74.9920 64
75.0240 75.0560 63
75.4720 76.4640 56
76.4960 76.4960 59
76.5280 76.5600 62
76.5920 76.6560 63
76.6880 77.5200 64
77.5520 77.6160 63
78.2240 78.2560 56
78.2880 78.4800 58
78.6080 78.6720 55
78.7040 78.8960 56
78.9280 79.0880 58
79.3120 79.4080 62
79.4400 80.4640 64
81.0720 81.2320 63
81.3920 81.5840 61
81.7120 82.0320 63
82.0640 82.6400 68
82.7680 82.9280 66
82.9600 83.3760 68
83.4080 85.7440 66
85.7760 86.0640 65
87.0240 87.0880 65
87.1200 87.5680 66
87.6000 87.6960 65
87.7280 87.7920 64
87.8240 88.1440 63
88.3680 88.5280 62
88.5600 89.0400 64
89.0720 89.4560 56
89.5200 89.9040 56
89.9360 90.2560 59
90.4800 90.5440 62
90.5760 91.8240 66
91.8560 92.0480 64
92.1760 92.3360 64
92.5280 92.5920 64
92.6240 93.1680 66
93.2000 93.4880 64
93.5200 93.7120 63
93.7440 93.7760 62
93.9040 94.1600 63
94.1920 94.6080 64
94.9600 95.0240 58
95.3440 95.4400 58
95.4720 95.8880 59
96.0480 96.1440 65
96.3040 96.5600 66
96.7200 97.3920 66
97.4240 97.4880 68
98.1920 98.2880 64
98.3200 98.5760 63
98.6080 98.8000 64
98.8320 99.0240 66
99.2160 99.3760 63
99.4080 99.4720 62
99.5040 99.6320 67
99.6640 100.9120 68
100.9440 101.0720 67
101.1040 101.2000 71
101.6160 102.2880 68
102.4160 103.0240 64
103.6640 103.9200 71
103.9520 104.2400 64
104.3360 104.6880 66
104.7200 104.9440 64
105.1040 105.1360 67
105.1680 106.6400 68
107.2160 107.3120 62
107.5040 107.7600 67
107.8880 108.3360 67
108.3680 108.7200 66
109.2640 109.3920 64
109.4240 109.5200 65
109.5520 109.8400 66
109.8720 110.0000 65
110.0320 110.1600 64
110.1920 110.5120 63
110.6720 110.7680 62
110.8000 110.9280 63
110.9600 111.3120 64
111.3440 111.3440 62
111.3760 112.1120 56
112.1440 112.1760 57
112.2080 112.3040 58
112.3360 112.6240 59
112.7840 112.8160 63
112.8480 112.9120 65
112.9440 114.0960 66
114.1280 114.3200 65
114.8320 115.1520 65
115.1840 115.5040 66
115.5360 115.7280 64
115.7600 115.9840 63
116.2080 116.4000 63
116.4320 116.8480 64
116.8800 116.8800 61
116.9120 116.9440 58
116.9760 117.0400 56
117.0720 117.3280 55
117.3600 117.6480 56
117.6800 117.7760 57
117.8080 118.0640 59
118.0960 118.1280 58
118.5120 118.5120 64
118.5440 118.8640 66
118.8960 118.9280 65
119.0560 119.7280 66
119.7600 119.9200 65
120.4320 120.5600 62
120.5920 120.6880 64
120.8160 121.0080 64
121.1360 121.3280 66
121.4880 121.5840 64
121.6160 121.6800 63
121.8080 121.8080 65
121.8400 121.9360 67
121.9680 123.4080 68
123.8880 123.8880 65
123.9200 124.2400 69
124.2720 124.3360 67
124.3680 124.4960 68
124.5920 125.0080 64
125.0400 125.3600 63
125.6480 125.7120 64
125.8400 125.9360 64
125.9680 126.1600 63
126.3840 126.6400 63
126.7680 126.8000 65
126.8320 126.9280 66
126.9600 127.0240 65
127.0560 127.0560 63
127.4400 127.5360 55
127.5680 128.9120 56
128.9440 129.0080 55
129.4560 129.4880 59
129.5200 129.6800 60
129.8720 129.9040 67
129.9360 130.0960 68
130.1280 130.3200 67
130.3520 130.5440 68
130.5760 131.3120 66
131.3440 131.4080 64
131.6000 131.6960 61
131.7280 131.7600 62
131.7920 132.4000 63
132.4320 136.0800 64
139.3760 139.9840 64
141.4240 141.5520 66
141.8720 142.3520 69
145.2960 145.4240 66
148.1120 148.2400 68
148.4320 148.4960 67
148.6880 149.3600 64
155.6640 155.7280 53
155.7600 155.8560 54
155.9840 156.5920 54
156.7520 157.0400 52
157.0720 157.1040 53
157.1360 157.2960 54
157.4240 157.4240 54
157.4560 157.5200 57
157.5520 157.6480 58
157.6800 158.1920 59
158.2240 159.4720 56
161.0080 161.2960 52
161.3280 161.3600 53
161.3920 161.7760 54
161.9360 162.0960 54
162.1280 162.1600 53
162.2880 162.5440 52
162.5760 162.6080 53
162.6400 162.8960 54
162.9280 162.9920 55
163.0240 163.2800 57
163.7280 164.8800 52
165.8400 165.9680 56
166.0000 166.2560 59
166.2880 166.3520 58
166.5760 166.6400 57
166.6720 167.2480 56
167.2800 167.8240 55
168.6240 168.7840 59
168.8160 168.9120 60
169.1040 169.2000 58
169.2320 169.2960 57
169.3280 169.3920 55
169.4240 170.3520 54
170.6720 171.2800 52
171.4400 171.5680 54
171.6000 171.7280 55
171.7600 171.8560 56
172.0480 172.1120 53
172.8800 172.9440 51
174.6720 174.8320 51
174.8640 175.0880 52
175.1200 175.2160 53
175.2480 175.2800 58
175.3120 175.4400 59
175.4720 175.5040 57
175.5360 175.9200 56
175.9520 175.9840 55
176.0160 176.1440 54
176.1760 176.2080 53
176.2400 176.4960 52
176.6240 176.9760 58
177.1680 178.3840 52
179.0560 179.2480 56
179.3760 180.3040 56
180.4320 180.4960 60
180.5280 180.8160 62
180.8480 181.1360 63
181.1680 181.2000 62
181.8400 183.0880 56
183.2160 183.2160 58
183.2480 183.6960 62
183.7280 184.0160 63
184.0480 184.0800 64
184.1120 184.1760 65
184.5920 184.9760 61
185.0080 185.0720 62
185.1040 185.3920 63
185.4240 185.7120 64
185.7440 185.7760 63
186.2240 186.5440 56
186.5760 186.6720 55
186.7040 187.2480 54
188.4640 188.5280 58
188.5600 188.5920 60
188.6240 188.7520 61
188.7840 189.0080 62
189.1680 189.2320 62
189.2640 189.5520 63
189.8720 190.8000 56
190.9280 190.9600 60
190.9920 191.0560 63
191.0880 191.9840 64
192.0160 192.0800 63
192.6880 192.7200 57
192.7520 192.8800 58
193.0080 193.0400 55
193.0720 193.4560 56
193.6800 193.7440 61
193.7760 194.2560 64
194.4160 194.8960 64
195.4720 195.7600 63
195.7920 196.0160 61
196.0480 196.1120 62
196.1440 196.2720 64
196.4640 196.4960 66
196.5280 197.0400 68
197.0720 197.3600 67
197.3920 197.9040 68
197.9360 199.9520 66
199.9840 200.1120 65
201.4560 201.4880 65
201.5200 201.9680 66
202.0000 202.1280 65
202.1600 202.5760 63
202.7680 202.8640 62
202.8960 203.0240 63
203.0560 203.3760 64
203.4080 203.4720 63
203.5040 203.8880 56
203.9520 203.9840 56
204.1760 204.2080 56
204.2400 204.2720 57
204.3040 204.4960 58
204.5280 204.6240 59
204.6560 204.6880 58
204.9440 204.9440 61
204.9760 206.2560 66
206.2880 206.5120 65
206.9600 206.9920 64
207.0240 207.2480 65
207.2800 207.6640 66
207.6960 207.8880 64
207.9200 208.1760 63
208.3360 208.4960 63
208.5280 208.9440 64
209.1680 209.4880 56
209.7760 209.8400 57
209.8720 210.2880 59
210.4800 210.5760 65
210.7040 210.9920 66
211.1520 211.7920 66
211.8240 211.8880 67
212.5600 212.6240 61
212.6560 212.7520 63
212.7840 213.1680 64
213.2000 213.3920 66
213.5840 213.7120 64
213.7440 213.7440 59
213.9680 214.0640 55
214.0960 215.5040 56
215.8560 215.9200 54
215.9520 216.0160 55
216.0480 216.1120 56
216.1440 216.2400 57
216.2720 216.3360 56
216.3680 216.4320 54
216.4640 216.4960 55
216.5280 216.6560 56
216.9120 217.1680 63
217.2000 217.4240 64
217.4560 217.4880 63
217.5200 217.5840 62
217.9040 218.4160 63
218.4480 218.8000 64
218.8320 218.9920 66
219.1520 219.3440 64
219.4400 219.4400 63
219.4720 219.5040 65
219.5360 219.6000 66
219.6320 219.7280 68
219.7600 219.8560 67
219.8880 221.0080 68
221.4240 221.5520 60
221.5840 221.7760 61
221.9360 222.0640 67
222.0960 222.2240 68
222.2560 222.3840 67
222.4160 222.6080 68
222.6400 222.6720 67
222.7040 223.0560 66
223.0880 223.1520 65
223.1840 223.3760 64
223.6960 223.8240 65
223.8560 224.3360 66
224.3680 224.4320 65
224.4640 224.5920 64
224.6240 225.1680 63
226.8320 226.8320 60
226.8640 226.9280 63
226.9600 227.0240 64
227.0560 227.4080 65
227.4400 227.4720 63
227.5040 227.8880 57
227.9200 227.9840 58
228.0160 228.4000 60
228.6240 228.6240 63
228.6560 228.7200 66
228.7520 230.2240 67
230.4160 230.5760 70
230.6080 230.8640 67
230.9920 231.3760 67
231.4080 231.6640 65
231.6960 231.7920 64
232.0800 232.2080 63
232.2400 232.7200 65
232.7520 232.7520 63
232.7840 232.7840 61
232.8160 232.8800 58
232.9120 233.6160 57
233.6480 234.0000 60
234.1920 234.6720 67
234.8640 235.6320 67
235.6640 235.7280 69
236.3040 236.4320 65
236.6240 236.9120 65
236.9440 237.1360 67
237.2960 237.4880 65
237.6480 237.7760 68
237.8080 239.1200 69
239.7280 239.9200 70
239.9520 240.1120 67
240.1440 240.1760 68
240.2080 240.3680 69
240.4000 241.0720 65
241.1040 241.2000 62
241.7120 241.7440 56
241.7760 241.8080 59
241.8400 241.9040 62
241.9360 242.4800 65
242.5120 242.7040 67
242.7360 242.7360 65
242.7680 242.8320 62
242.8640 243.0240 65
243.0560 243.0880 63
243.2160 243.2160 66
243.2480 244.6560 69
244.6880 244.7200 67
245.1360 245.2000 60
245.2320 245.2640 61
245.2960 245.4240 62
245.6800 245.7120 67
245.7440 246.0960 68
246.1280 246.3200 69
246.3520 246.7680 67
246.8000 246.9920 69
247.0240 247.1200 64
247.1520 247.6000 65
247.6320 247.8880 64
248.1440 248.2080 63
248.2400 248.2720 64
248.3040 251.0560 65
251.0880 251.5040 64
251.6320 251.8560 64
253.0720 253.2320 65
253.6800 253.7440 64
253.7760 254.0320 65
254.0640 254.3200 64
254.9920 255.0560 64
255.2800 255.4080 64
256.6880 257.2320 65
257.3920 257.4560 65
257.7120 257.8080 69
258.1600 258.2240 66
258.2560 258.5440 65
258.5760 258.8960 64
259.2160 259.3760 63
259.4080 259.5680 65
259.6000 259.8880 64
259.9200 262.3520 65
262.3840 262.9600 64
264.3040 264.3680 62
264.5920 264.6880 62
264.7200 265.4880 65
267.5040 267.5680 65
273.5200 273.6160 65
273.7440 274.2880 65
274.4160 274.6720 65
