9.5200 10.3520 59
11.1200 11.1840 64
11.2160 11.3760 66
11.5040 11.6000 63
11.6320 11.7600 64
11.7920 11.8240 65
11.8560 12.0800 66
12.1120 12.3040 63
12.3360 12.4960 64
12.5280 12.9120 66
13.8080 14.0320 63
14.0640 14.2560 59
14.2880 14.4480 61
14.4800 14.6400 63
14.8320 14.9600 59
14.9920 15.1520 61
15.1840 15.3760 63
15.4080 15.4080 61
15.4400 15.6000 59
15.6320 15.7600 61
15.7920 16.0160 63
16.0480 16.2080 61
16.2400 16.2720 59
16.3040 16.3680 58
16.4000 16.6560 56
16.7520 17.5520 56
17.5840 17.9040 55
17.9360 18.2560 54
18.7680 19.2160 54
19.2480 20.0480 56
20.0800 20.3360 59
20.3680 20.7520 58
20.7840 20.8800 59
21.0400 21.0720 65
21.1040 21.1680 66
21.7120 21.7440 65
21.7760 21.9040 66
22.0320 22.1600 63
22.1920 22.3200 64
22.3520 22.6080 66
22.6400 22.6720 64
22.7040 22.8640 63
22.8960 23.0240 64
23.0560 23.4080 66
23.7280 23.7600 60
24.3360 24.5600 63
24.5920 24.6240 62
24.6560 24.8160 59
24.8480 24.9760 61
25.0080 25.2320 63
25.2640 25.2960 61
25.3280 25.4880 59
25.5200 25.6480 61
25.6800 25.8720 63
26.0000 26.1280 59
26.1600 26.2880 61
26.3200 26.6400 63
26.6720 26.7680 61
26.8000 26.9280 59
26.9600 27.1840 56
27.3440 28.0800 56
28.1120 28.2720 55
28.3040 28.4320 56
28.4640 28.8160 54
28.9760 29.0720 51
29.3600 29.7440 54
29.7760 30.5760 56
30.6080 30.8640 59
30.8960 31.4080 58
31.4400 31.6000 57
31.6320 31.8880 58
31.9200 32.8480 59
33.2640 33.3600 59
33.3920 33.4240 60
33.4560 33.5840 61
33.6160 33.8400 63
33.8720 34.2560 66
34.2880 34.5120 63
34.5440 34.5440 65
34.5760 34.7680 68
34.8000 34.8320 65
34.8640 35.3760 63
35.4080 35.4400 62
35.9520 36.0160 61
36.0480 36.3360 63
36.3680 36.9120 64
36.9440 37.1040 63
37.2320 37.6160 59
37.6480 37.6800 61
37.7120 37.7440 62
37.7760 38.0320 63
38.1600 38.2880 63
38.4800 38.6400 61
38.6720 38.8640 63
38.8960 39.5040 64
39.5360 40.1440 63
40.1760 40.3040 61
40.3360 40.4960 59
40.8480 40.8480 61
40.9120 40.9760 59
41.0080 41.1360 57
41.2640 41.9040 59
41.9360 42.2880 63
42.4800 43.1520 61
43.1840 43.3120 58
43.4400 43.6640 55
43.6960 43.9200 59
43.9520 44.1440 61
44.1760 44.4000 63
44.4320 44.8480 66
44.8800 45.0080 63
45.1680 45.3280 68
45.3600 45.4240 65
45.4560 46.0000 63
46.0320 46.0640 61
46.0960 46.1920 60
46.4160 46.5440 59
46.5760 46.7360 63
46.7680 46.9280 64
46.9600 47.0560 66
47.2480 47.4400 64
47.4720 47.6960 63
47.7280 47.7280 61
47.7600 48.3360 59
49.1360 49.2000 62
49.2320 49.5520 63
49.5840 50.0960 64
50.1280 50.2880 63
50.3200 50.4480 61
50.4800 50.5120 62
50.5440 51.0560 63
51.0880 51.1200 61
51.1520 51.4080 59
51.4400 51.5040 62
51.8560 52.5280 59
52.5600 52.5600 61
52.5920 52.7840 63
52.8160 52.9760 64
53.0080 53.5840 61
54.0320 54.2880 59
55.3440 56.0160 59
56.0480 56.1440 63
56.3680 57.0400 59
57.4560 57.9680 59
58.0000 58.1600 63
58.3200 58.8960 58
59.3760 59.6000 58
59.6320 59.9840 59
60.0160 60.0480 60
60.0800 60.1120 61
60.2720 60.3680 65
60.4960 60.5920 67
60.7520 61.2000 59
61.2320 61.2640 60
61.2960 61.4560 63
61.4880 61.5520 62
61.5840 62.3840 59
62.5760 62.6720 58
62.7040 63.1200 59
63.2480 63.4400 66
63.6000 63.7920 59
63.8240 64.4000 58
64.6240 65.1680 59
65.2000 65.2320 62
65.2640 65.2960 65
65.3280 65.4880 66
65.5200 65.7120 63
65.7440 65.8720 64
65.9040 66.1600 66
66.1920 66.3520 63
66.3840 66.5760 64
66.6080 66.8960 66
67.8560 67.8880 62
67.9200 68.0480 63
68.0800 68.1120 62
68.1440 68.3680 59
68.4000 68.5280 61
68.5600 68.6880 63
68.8800 69.0080 59
69.0400 69.1680 61
69.2000 69.2320 62
69.2640 69.4560 63
69.4880 69.6480 60
69.6800 69.8720 61
69.9040 70.1600 63
70.1920 70.2880 61
70.3200 70.3840 60
70.4160 70.4480 58
70.4800 70.7360 56
70.8640 71.6000 56
71.6320 71.8240 55
71.8560 71.9520 56
71.9840 72.3360 54
72.4960 72.5600 52
72.8480 73.2320 54
73.2640 73.2960 55
73.3280 74.1280 56
74.1600 74.3840 59
74.4160 74.8640 58
74.8960 74.9600 57
75.0880 75.2480 55
75.7600 75.7920 65
75.8240 75.9520 66
76.1120 76.2400 63
76.2720 76.4320 64
76.4640 76.7200 66
76.7520 76.9120 63
76.9440 77.1040 64
77.1360 77.6480 66
77.6800 77.8080 62
78.3840 78.6080 63
78.6400 78.6720 62
78.7040 78.8960 59
78.9280 79.0560 61
79.0880 79.3120 63
79.3440 79.5360 59
79.5680 79.6960 61
79.7280 79.9520 63
80.0800 80.1760 59
80.2080 80.4000 61
80.4320 80.6880 63
80.7200 80.8480 61
80.8800 80.9440 59
80.9760 81.0080 57
81.0400 81.2640 56
81.3920 81.9040 56
82.0320 82.1600 56
82.1920 82.3520 55
82.3840 82.4800 56
82.5120 82.8640 54
83.0240 83.1520 51
83.4400 83.7600 54
83.7920 83.8240 55
83.8560 84.6560 56
84.6880 84.9120 59
84.9440 85.9360 58
85.9680 86.1920 59
86.8640 86.9600 62
87.1520 87.1840 62
87.2160 87.6000 63
87.6320 87.6640 62
87.6960 88.1440 61
88.2720 88.7840 61
88.8160 88.8800 59
89.1680 89.2640 61
89.2960 89.3280 62
89.3600 89.4560 63
89.4880 89.5840 64
89.7760 90.2240 63
90.2560 90.2880 62
90.3200 90.4160 61
90.6080 90.8000 61
90.9280 91.4080 61
91.4400 91.5680 59
91.7920 91.8880 61
91.9200 91.9520 62
91.9840 92.0800 63
92.1120 92.2720 64
92.4320 92.9120 63
92.9440 92.9760 62
93.0080 93.0720 61
93.2000 94.0320 61
94.2240 94.7040 59
94.8960 95.1200 66
95.1520 95.1520 63
95.1840 95.1840 61
95.2160 95.4080 59
95.4400 96.5280 58
96.5600 97.4560 59
97.9040 98.0320 59
98.0640 98.1920 61
98.2240 98.4480 63
98.4800 98.5120 65
98.5440 98.8960 66
98.9280 99.1200 63
99.1520 99.1520 65
99.1840 99.3760 68
99.4080 99.4400 65
99.4720 100.0480 63
100.5600 100.6560 61
100.6880 100.8160 63
100.8480 100.9440 62
100.9760 101.5200 64
101.6480 101.8400 63
101.8720 102.3840 59
103.1520 103.1840 60
103.2160 103.3120 62
103.3440 103.5360 63
103.5680 104.1440 64
104.1760 104.3360 63
104.3680 104.4640 62
104.4960 104.9760 63
105.0080 105.1040 60
105.1360 105.2960 59
105.4880 105.5840 59
105.9360 106.5120 59
106.5440 106.5440 61
106.5760 106.8640 63
107.1520 107.6960 61
107.7280 107.7600 67
107.7920 108.0160 68
108.0480 108.2400 67
108.2720 108.3680 66
108.4000 108.5280 59
108.5600 108.7520 60
108.7840 108.9760 63
109.0080 109.3600 66
109.4880 109.6480 63
109.6800 109.7120 67
109.7440 109.9040 68
109.9360 110.0000 64
110.0320 110.5760 63
111.0560 111.1520 61
111.1840 111.2480 62
111.2800 111.3440 63
111.3760 111.6000 64
111.6320 111.8240 63
111.8560 112.0160 64
112.0480 112.3680 63
112.4000 112.5280 64
112.5600 113.2640 63
113.2960 113.3280 64
113.3600 113.4560 65
113.4880 113.5520 63
113.6800 113.8080 59
113.8400 113.8720 62
113.9040 114.0960 63
114.1280 114.7360 64
114.7680 114.9280 63
114.9600 115.2160 62
115.2480 115.6640 63
115.6960 115.7280 61
115.7600 116.0160 59
116.0480 116.1120 62
116.3680 116.4000 57
116.4320 116.4640 58
116.4960 117.1040 59
117.1360 117.1680 62
117.2000 117.3280 63
117.3600 117.4560 64
117.4880 117.5200 63
117.5520 118.1600 61
118.5120 118.6080 62
118.6400 119.0880 63
119.2800 119.4720 63
120.0160 120.0800 58
120.1120 120.6240 59
120.6560 120.7840 63
120.9760 121.6800 59
122.0640 122.5760 59
122.6080 122.6080 61
122.6400 122.7680 63
122.9280 123.0240 58
123.2480 123.2480 58
123.9520 124.1760 61
124.3040 124.4000 59
124.5920 124.7200 59
125.2960 125.3600 58
125.3920 125.8720 59
125.9040 125.9360 62
125.9680 126.1280 63
126.1600 126.1600 61
126.1920 126.9600 59
127.2160 127.3120 58
127.3440 127.7600 59
127.8880 128.0480 66
128.2080 128.4000 59
128.4320 129.0080 58
129.2320 129.7440 59
129.8720 129.8720 63
129.9040 130.0640 66
130.1920 130.3200 63
130.3520 130.4800 64
130.5120 130.7680 66
130.8000 130.9920 63
131.0240 131.1840 64
131.2160 131.4720 66
131.5040 131.8240 64
131.8560 132.3360 63
132.3680 132.5280 62
132.5600 132.6880 63
132.8160 132.9760 59
133.0080 133.1360 61
133.1680 133.3280 63
133.4880 133.6160 59
133.6480 133.7760 61
133.8080 133.8400 62
133.8720 134.0640 63
134.0960 134.1920 60
134.2560 134.2880 60
134.3200 134.4480 61
134.4800 134.5120 62
134.5440 134.7680 63
134.8000 134.9600 61
134.9920 135.0560 59
135.0880 135.3440 56
135.4720 136.2400 56
136.2720 136.6240 55
136.6560 136.9440 54
137.0720 137.2000 52
137.4560 137.8400 54
137.8720 137.9040 55
137.9360 138.7360 56
138.7680 138.9920 59
139.0240 139.0560 60
139.0880 139.3120 61
139.3440 139.6960 63
139.7280 139.7920 64
139.8240 140.0800 61
140.1120 140.2080 59
140.2400 140.3360 60
140.3680 140.3680 63
140.4000 140.5920 66
140.7200 140.8480 63
140.8800 141.0400 64
141.0720 141.3280 66
141.3600 141.5200 63
141.5520 141.7120 64
141.7440 142.5760 66
142.6080 142.7040 67
142.9920 143.2800 63
143.3120 143.5040 59
143.5360 143.6320 61
143.6640 143.9200 63
143.9520 144.1440 59
144.1760 144.2720 61
144.3040 144.5600 63
144.6880 144.7840 59
144.8160 145.0080 61
145.0400 145.3280 63
145.3600 145.4560 61
145.4880 145.5520 59
145.5840 145.8720 56
146.0000 146.5120 56
146.6400 146.7680 56
146.8000 147.1200 55
147.1520 147.4720 54
147.6960 147.9200 59
148.0480 148.3680 54
148.4000 148.4640 55
148.4960 149.2640 56
149.2960 149.5200 59
149.5520 150.5760 58
150.6080 150.8000 59
151.0240 151.1200 63
151.4400 151.6000 66
151.6320 151.7280 65
151.7600 152.2080 63
152.2400 152.2720 62
152.3040 152.4000 61
152.5600 153.4880 61
153.7440 153.8080 61
153.8400 153.9360 62
153.9680 154.0640 63
154.0960 154.1920 64
154.2240 154.3840 65
154.4480 154.8960 63
154.9280 155.0240 61
155.1840 155.3440 61
155.5360 156.1120 61
156.1440 156.1760 60
156.4320 156.4960 61
156.5280 156.5600 62
156.5920 156.6880 63
156.7200 157.0080 64
157.0400 157.5520 63
157.5840 157.8720 62
157.9040 158.5760 61
158.8960 159.4720 59
159.5040 159.5040 61
159.5360 159.7280 66
159.7600 159.7600 64
159.7920 159.7920 62
159.8240 160.0480 59
160.0800 161.1360 58
161.1680 161.7760 59
161.8080 161.8720 60
162.2240 162.3200 62
162.3520 162.7680 63
162.8000 162.9280 61
163.0880 164.0480 61
164.3040 164.5920 62
164.6240 164.7840 64
164.9760 165.3920 63
165.4240 165.5520 62
165.8080 165.8720 62
166.5120 166.7680 61
166.9600 167.0560 61
167.0880 167.1200 62
167.1520 167.2480 63
167.2800 167.5360 64
167.5680 168.1760 63
168.2080 168.2400 61
168.4000 168.4320 62
168.4960 168.5280 62
168.5600 169.0720 68
169.1040 169.4560 66
169.6480 169.9680 59
170.0960 170.2880 66
170.3200 170.3200 63
170.3520 170.5760 59
170.7040 171.6960 58
171.7280 172.2720 59
172.3040 172.5280 58
174.6080 174.8000 55
176.8160 177.0400 56
177.0720 177.1040 57
177.1360 177.4560 59
177.4880 177.7760 61
177.8080 178.2880 63
178.3200 178.5120 62
178.5440 179.0880 63
179.1840 179.4080 63
180.0160 180.5280 59
180.6560 180.8480 66
180.8800 180.8800 63
180.9120 180.9120 61
180.9440 181.2000 59
181.2320 182.2560 58
182.2880 183.3120 59
