23.8560 24.1760 68
24.2080 24.2400 67
25.5520 25.6160 61
25.8080 25.9040 61
27.1520 27.9520 61
31.3760 31.4080 48
31.4400 31.5040 49
31.5360 31.5680 50
31.6000 32.1120 51
32.1440 33.0720 53
33.1040 33.3920 51
33.4240 33.7760 52
33.8080 33.9040 51
34.6400 34.8640 50
34.8960 35.0880 49
35.4400 36.1120 56
36.3040 36.5280 56
36.5600 36.6880 53
36.9120 37.6160 56
38.1920 38.2880 53
38.4800 38.4800 56
38.5120 38.6080 58
38.6400 38.8000 61
38.9600 39.6640 61
39.6960 39.8560 60
39.9840 40.3360 60
40.3680 40.7840 61
41.2960 41.4560 60
41.4880 41.6480 61
41.6800 42.0640 60
42.2240 42.4800 60
42.6720 42.8000 60
42.8320 42.8960 59
42.9280 42.9600 57
43.1520 43.3120 52
43.4720 43.5680 53
43.6000 43.6960 54
43.7280 43.7600 55
43.7920 44.1440 56
45.2320 45.4560 56
45.4880 45.5520 58
45.5840 45.9360 56
45.9680 46.0000 57
46.0320 46.1280 58
46.2880 46.4800 58
46.5120 46.6400 60
46.6720 46.7040 59
46.7360 47.3120 58
47.3440 47.4400 57
48.0160 48.0160 51
48.0480 48.2080 53
48.2400 48.3680 58
48.5280 48.6560 56
48.8160 49.0400 56
49.0720 49.1040 57
49.1360 49.2000 58
49.3280 49.6160 53
49.6480 49.7760 52
49.8080 49.9680 51
50.3200 50.4160 47
50.6080 50.7040 48
50.8640 50.9280 48
51.9520 52.0160 50
52.1760 52.4320 51
52.4640 52.4960 52
52.5280 52.8480 53
52.8800 52.9120 52
52.9440 53.1680 51
53.2000 53.4240 50
53.9360 53.9680 50
54.0000 54.2880 51
54.3200 54.5440 53
54.7040 55.0560 56
55.0880 55.3120 58
55.3440 55.3760 57
55.4080 56.1760 56
56.2080 56.3040 55
56.3360 56.9440 56
56.9760 57.0720 55
58.0320 58.1280 49
58.2880 58.3840 51
58.5440 58.7680 51
58.8000 59.6640 53
59.6960 59.8880 51
59.9200 60.0160 52
60.1440 60.2400 54
60.3680 60.4320 54
60.4640 60.5280 53
60.5600 60.9120 52
61.3280 61.4880 51
61.5200 61.6800 49
62.2560 63.1200 56
63.1520 63.1840 54
63.2160 63.3760 53
63.4080 63.5360 56
63.6960 64.3360 56
64.8480 64.9760 53
65.0080 65.0720 52
65.1040 65.1040 55
65.1360 65.1680 58
65.2000 65.2960 59
65.3280 65.3920 61
65.4240 65.5200 60
65.5520 66.1920 61
66.4800 66.7680 60
66.8000 66.8960 61
66.9280 67.0240 60
67.0560 67.1520 62
67.1840 67.6000 60
67.8880 67.9200 59
67.9520 68.0800 60
68.1120 68.3360 61
68.4640 68.6880 60
68.8160 69.1360 60
69.2640 69.3920 60
69.4240 69.4560 58
69.4880 69.5200 56
69.5520 69.5840 55
69.6160 69.7120 54
69.7440 70.0000 53
70.0320 70.1600 55
70.1920 70.2880 54
70.3200 70.7360 55
70.7680 70.9600 54
70.9920 71.0880 55
71.1200 71.3440 56
71.3760 71.4400 54
71.4720 71.6000 53
71.7920 71.9520 56
71.9840 72.0800 57
72.2400 72.5280 56
72.5600 72.6560 58
72.8160 73.2320 58
73.2640 73.4880 61
73.5200 73.6480 58
73.8080 73.8720 58
73.9040 74.0000 57
74.0320 74.2240 58
74.2560 74.2880 57
74.4160 74.5120 57
74.6720 74.7360 53
74.8640 74.9280 56
75.0880 75.0880 54
75.1200 75.1840 56
75.2160 75.2480 55
75.4080 75.6640 56
75.6960 75.9520 57
75.9840 75.9840 55
76.0160 76.1760 53
76.3680 76.5600 51
76.5920 76.6560 50
76.6880 76.7520 48
77.0720 77.1680 48
77.3920 77.4560 47
77.7120 77.8400 47
78.4800 78.7040 48
78.7360 79.0880 51
79.2160 79.5040 51
79.5360 79.6640 50
79.8560 79.9520 53
80.1440 80.3360 53
80.3680 80.4320 54
80.4640 80.5280 56
80.8160 81.2640 53
81.2960 81.3280 52
81.3600 81.8720 51
81.9040 81.9680 53
82.0000 82.1280 51
82.2560 82.3520 48
82.5120 82.6400 48
82.7680 82.8960 48
83.0560 83.0880 48
83.1200 83.1840 49
83.3440 83.4080 47
83.6640 83.7920 48
84.0160 84.0160 48
86.2240 86.2880 56
86.3200 86.5440 57
86.5760 86.6080 56
86.7680 86.9600 63
86.9920 87.1520 65
87.1840 87.3760 66
87.4080 87.4080 64
87.4400 87.4400 62
87.4720 87.4720 60
87.6320 87.8560 63
87.9840 88.0160 65
88.0480 88.2080 66
88.2400 88.4320 65
88.4960 88.6560 67
88.6880 89.2960 65
89.3280 89.3920 62
89.4240 89.4240 59
89.7760 89.8400 55
90.0640 90.1280 65
90.1600 90.2560 63
90.2880 90.3840 65
90.4160 90.7040 66
90.7360 90.7680 65
90.8640 90.8640 65
90.9600 91.1200 65
91.2800 91.4720 66
91.5040 91.5040 63
91.5360 91.6000 60
91.8880 92.5600 60
92.5920 92.6240 59
92.6560 92.6880 58
93.1040 93.2000 55
93.2320 93.2640 53
93.3280 93.3920 54
93.4240 93.4240 56
93.4560 93.4560 58
93.4880 93.5200 60
93.5520 93.7120 61
93.9040 94.0320 60
94.0640 94.1600 61
94.1920 94.3840 58
94.4160 94.4160 56
94.4480 94.6080 52
94.6400 94.8320 53
94.9600 95.0240 62
95.0560 95.0880 61
95.2160 95.3440 61
95.3760 95.4400 59
95.4720 95.6000 62
95.6320 95.7600 60
95.7920 96.1120 62
96.1440 96.2400 61
96.8160 96.8480 58
96.8800 96.9760 59
97.0080 97.0720 61
97.2000 97.2640 62
97.2960 97.5200 60
97.6480 97.7440 58
98.0640 98.1600 53
98.3200 98.4160 57
98.6080 98.7040 56
98.8640 99.4720 56
99.5040 99.5360 55
100.0800 100.1120 55
100.1440 100.2400 56
100.2720 100.5600 58
100.5920 100.8480 56
101.0080 101.2000 58
101.3920 101.4240 59
101.4560 101.8720 61
101.9040 102.0960 58
102.1280 102.2560 57
102.2880 102.3520 58
102.3840 102.5440 56
102.5760 102.6400 58
102.6720 102.8960 57
102.9280 103.0560 56
103.3760 103.4720 55
103.5040 103.6000 56
103.6320 103.7280 57
103.7600 103.7600 54
103.7920 103.8240 51
103.8560 104.0800 49
104.3040 104.4320 49
104.6880 104.6880 55
104.7200 104.7840 57
104.9120 104.9440 67
104.9760 105.6480 68
105.8720 106.0320 62
106.4160 106.5760 60
106.6080 106.8320 61
106.8640 106.9920 62
107.0240 107.2800 61
107.3120 107.3440 59
108.2080 108.3040 57
108.4640 108.4960 58
108.5920 108.5920 58
108.6240 108.6880 61
108.7200 109.0720 58
109.2320 109.5200 58
109.5520 109.7440 57
109.7760 110.1280 58
110.1600 110.2240 57
110.5120 110.7040 63
110.7360 111.0240 65
111.3440 111.5360 58
111.7600 112.2720 63
112.5280 112.7840 63
113.4240 113.5200 63
113.6480 113.8400 65
113.8720 114.0960 66
114.1280 114.1280 64
114.1600 114.1920 62
114.2240 114.3520 61
114.3840 114.4800 64
114.6720 114.8960 66
114.9280 115.0880 65
115.1200 115.1200 67
115.1840 115.3120 66
115.3440 115.9520 68
115.9840 116.0160 67
116.3360 116.3360 56
116.4320 116.4960 55
116.5280 116.6240 56
116.6560 116.7520 61
116.7840 116.9440 63
116.9760 117.1040 65
117.1360 117.3920 66
117.6480 117.8080 61
118.0320 118.1280 66
118.1600 118.1920 65
118.5760 118.5760 63
119.3440 119.4720 56
119.7920 119.9200 53
120.1440 120.2720 59
120.3040 120.4640 61
120.6560 120.7200 62
120.7520 120.7840 61
120.8160 120.8480 60
121.1360 121.1680 69
121.3920 121.5200 65
121.5520 121.5520 63
121.5840 121.7760 61
121.8080 121.9040 59
121.9360 122.0320 61
122.0640 122.1600 59
122.1920 122.2880 62
122.3200 122.4160 59
122.4480 122.5440 63
122.5760 122.5760 61
122.7040 122.8320 63
122.8640 122.9600 62
123.2160 123.2160 64
123.4400 123.4400 62
123.4720 123.5360 64
123.5680 123.7280 63
123.8560 123.8880 60
123.9200 124.0160 61
124.0480 124.1120 60
124.1440 124.1760 59
124.2080 124.2400 58
124.2720 124.4000 57
124.4320 124.7840 58
124.8800 124.9120 59
124.9440 125.0080 58
125.0400 125.0720 57
125.3280 125.4560 56
125.5840 125.7120 56
125.8720 126.2560 56
126.2880 126.3200 55
126.3520 126.4160 54
126.7360 126.7680 55
126.8000 126.9280 56
126.9600 127.0880 58
127.1200 127.6320 56
127.6640 128.0480 58
128.0800 128.1760 59
128.2080 128.3040 61
128.3360 128.5280 58
128.5600 128.6560 55
128.6880 128.9440 56
128.9760 129.0400 58
129.0720 129.3280 57
129.3600 129.4560 56
129.4880 129.6800 57
129.7120 129.7440 56
130.0960 130.2240 56
130.2560 130.3520 57
130.5120 131.2160 49
131.3760 131.3760 52
131.4080 131.4080 54
131.4400 131.4400 56
131.4720 131.5360 58
131.5680 131.6000 56
131.6320 131.8880 55
131.9200 132.1440 56
132.5600 132.5600 58
132.5920 132.6240 61
132.6560 132.7200 62
132.7520 132.8480 63
133.0080 133.0400 60
133.0720 133.9040 61
133.9360 134.0000 60
134.8640 134.9600 65
135.0880 135.4400 65
135.4720 135.4720 63
135.5040 135.8880 61
135.9200 135.9200 59
136.0480 136.1760 61
136.3040 136.4320 61
136.4640 136.4960 59
136.5280 136.5920 58
136.7840 136.8800 63
136.9120 137.1680 65
137.2000 137.4560 63
137.4880 137.5520 62
137.5840 137.6480 61
137.8080 137.8080 59
137.8400 138.0960 61
138.1280 138.3840 63
138.4160 138.6400 61
138.8000 139.2480 61
139.2800 139.3760 63
139.4080 139.5040 61
139.5360 139.5680 62
139.6000 139.6640 63
139.8240 139.9520 63
140.1120 140.4320 62
140.4640 140.5280 63
140.6880 140.8160 62
140.9440 141.1040 62
141.1360 141.1680 61
141.2320 141.5840 61
141.6160 141.7120 62
159.0240 159.1840 68
165.9680 166.0320 60
166.3840 166.4800 60
166.5120 167.0880 61
171.3760 171.4400 48
171.6320 171.7280 51
171.8560 172.0800 51
172.1120 172.1440 52
172.1760 172.7520 53
172.8800 172.9440 53
172.9760 173.0080 52
173.0400 173.2000 51
173.2320 173.2960 52
173.4560 174.0000 53
174.0320 174.2240 52
174.6720 174.7040 51
174.7360 174.8000 52
175.0240 175.1520 58
175.1840 175.2160 57
175.5680 176.4640 56
176.4960 176.6240 53
176.7520 176.8800 56
177.0080 177.1040 56
177.1360 177.2320 55
177.2640 177.3600 56
177.3920 177.4880 55
177.5200 177.6480 54
178.1600 178.1920 53
178.2240 178.4160 54
178.4480 178.4800 58
178.5120 178.6080 59
178.6400 178.7040 61
178.7360 178.8320 60
178.8640 179.5040 61
179.5360 179.5360 59
179.7920 180.0800 60
180.1120 180.2080 61
180.2400 180.3360 60
180.3680 180.4320 62
180.4640 180.9120 61
180.9440 180.9440 59
181.2320 181.3920 60
181.4240 181.6800 61
181.7120 182.0000 60
182.1280 182.3840 60
182.4160 182.4480 59
182.5760 182.7040 60
182.7360 182.7680 58
182.8000 182.8320 56
182.8640 182.8960 55
182.9280 182.9920 54
183.0240 183.3440 53
183.3760 183.4400 55
183.4720 183.6320 54
183.6640 184.1760 55
184.2080 184.2720 56
185.1040 185.2960 56
185.3280 185.4240 58
185.5520 185.8400 56
185.8720 186.0000 58
186.1280 186.5120 58
186.5440 186.8000 61
186.8320 187.6000 58
187.7280 187.7920 56
187.9840 188.1440 53
188.1760 188.2720 57
188.4320 188.5600 56
188.7200 188.9760 56
189.0080 189.2640 57
189.2960 189.2960 55
189.3280 189.4560 53
189.4880 189.5200 52
189.7120 189.8720 51
189.9040 189.9680 50
190.0000 190.0640 48
190.4160 190.5440 48
190.7360 190.7680 48
191.0880 191.1200 48
191.7920 191.8560 48
191.9840 192.0480 48
192.0800 192.8480 51
192.8800 192.9760 50
193.1680 193.2640 53
193.4560 193.6480 53
193.6800 193.7440 54
193.7760 193.8720 56
194.1280 194.1280 51
194.1600 194.6400 53
194.6720 195.1840 51
195.2160 195.2800 53
195.3120 195.4400 51
195.5680 195.6000 48
195.6320 195.6960 49
195.8560 195.9520 48
196.0800 196.1120 47
196.1440 196.2400 48
196.3680 196.4000 48
196.4320 196.4960 49
196.5280 196.5280 47
196.6560 196.7520 48
196.7840 196.8160 51
196.8480 196.9440 56
197.1680 197.2640 58
197.7120 197.7760 59
199.5360 199.6000 55
199.6320 199.6640 56
199.6960 199.7920 57
199.8240 199.9200 56
200.0800 200.2720 63
200.3040 200.4000 65
200.5280 200.6880 66
200.7200 200.7520 65
200.9760 201.2000 66
201.3280 201.3600 63
201.3920 201.4880 66
201.5200 201.7440 65
201.7760 202.1600 68
202.1920 202.6080 65
202.6400 202.7040 62
202.7360 202.7680 59
202.8000 202.8320 57
203.3760 203.4400 65
203.4720 203.5680 63
203.6000 203.7280 65
203.7600 203.9840 66
204.0160 204.0480 65
204.2400 204.3040 63
204.3360 204.4000 65
204.5920 204.6560 66
204.6880 204.8160 63
204.8480 204.8480 61
204.8800 205.0400 58
205.2640 205.2960 60
205.3280 205.4880 59
205.5200 205.7120 60
205.7440 205.9360 59
205.9680 206.0000 58
206.0320 206.1280 57
206.5440 206.5760 52
206.6080 206.7040 53
206.7360 206.7360 56
206.7680 206.7680 58
206.8000 206.8320 60
206.8640 207.0560 61
207.1840 207.3440 60
207.3760 207.4720 61
207.5040 207.6000 58
207.6320 207.6640 57
207.6960 207.7600 56
207.7920 208.1440 53
208.2720 208.4000 61
208.4320 208.4960 59
208.5280 208.6240 61
208.6560 208.7520 59
208.7840 208.9120 62
208.9440 209.0080 60
209.0400 209.1360 62
209.1680 209.5200 61
209.5520 209.5840 59
210.0960 210.1280 59
210.1920 210.2880 59
210.3200 210.5760 61
210.6080 210.8320 60
210.8640 211.0240 58
211.0560 211.0880 54
211.3120 211.3440 52
211.3760 211.4720 53
211.6000 211.7280 56
211.7600 211.8560 53
211.8880 212.1440 54
212.1760 212.9120 56
213.3600 213.3920 53
213.4240 213.5200 55
213.5520 213.5840 57
213.6160 213.8720 58
213.9040 214.1600 56
214.2880 214.2880 54
214.3200 214.4480 57
214.4800 214.5440 58
214.7360 214.7680 60
214.8000 215.1840 61
215.2160 215.4080 58
215.4400 215.5680 57
215.6000 215.6960 58
215.7280 215.8560 57
215.8880 215.9840 58
216.0160 216.3040 57
216.3360 216.3360 55
216.5280 216.5920 54
216.6240 216.7200 53
216.7520 216.7840 55
216.8160 216.9120 56
216.9440 217.0400 57
217.0720 217.0720 52
217.1040 217.3920 49
217.5840 217.6480 48
217.6800 217.9040 49
217.9360 217.9680 52
218.0000 218.0000 54
218.0320 218.1280 57
218.2560 218.9920 68
219.2160 219.4400 62
219.6640 219.7280 59
219.7600 220.6560 61
220.6880 220.7200 59
221.4880 221.6160 57
221.7760 221.8080 59
221.9040 221.9040 59
221.9360 222.0320 61
222.0640 222.2240 58
222.3520 222.4800 61
222.5120 222.8000 58
222.8640 222.9280 56
222.9600 223.0560 57
223.0880 223.4400 58
223.4720 223.5360 56
223.5680 223.6320 57
223.7920 223.7920 60
223.8240 223.9840 63
224.0160 224.3360 65
224.3680 224.3680 63
224.5920 224.8160 58
225.0400 225.4560 63
225.5840 225.6800 63
225.8400 226.1600 63
226.7680 226.8320 63
226.8640 226.9280 62
226.9600 227.0880 65
227.2480 227.3120 63
227.3440 227.4400 65
227.6000 227.8240 61
228.0160 228.0800 63
228.1120 228.2080 65
228.2400 228.4320 63
228.4640 228.5280 68
228.5600 229.3280 65
229.3600 229.4240 61
229.4560 229.4560 59
229.8080 229.8720 55
230.0960 230.2880 63
230.3200 230.4800 65
230.5760 230.7360 66
230.7680 230.7680 64
230.9600 231.2160 61
231.3440 231.4720 64
231.5040 231.5040 62
231.5360 231.5360 60
231.5680 231.8880 58
231.9200 232.0160 60
232.0480 232.2400 59
232.2720 232.4000 60
232.4320 232.6880 59
232.7200 232.7840 57
233.1360 233.2640 53
233.4880 233.6160 60
233.6480 233.9040 61
233.9360 234.1280 60
234.3200 234.4160 70
234.4480 234.6080 69
234.6400 234.6720 67
234.7040 234.7680 66
234.8000 234.8320 64
234.8640 235.0880 61
235.1200 235.1840 58
235.2160 235.3440 61
235.3760 235.4720 58
235.5040 235.6000 61
235.6320 235.7600 59
235.7920 236.1760 61
236.2080 236.2400 60
236.5920 236.6880 62
236.9120 237.0400 62
237.1680 237.2000 60
237.2320 237.3600 61
237.3920 237.4560 60
237.5840 237.7120 57
237.7440 238.1280 58
238.1600 238.2560 60
238.3840 238.4800 57
238.6720 238.8000 57
238.9280 239.0560 56
239.1840 239.6000 56
239.6320 239.6640 55
240.0480 240.0800 54
240.1120 240.2400 56
240.2720 240.4320 58
240.4640 240.9760 56
241.0080 241.2000 58
241.3280 241.4240 58
241.4560 241.4880 59
241.5200 241.6480 60
241.6800 241.7440 58
241.7760 243.0560 57
243.4080 243.5680 56
243.6000 243.6640 58
243.8240 244.5280 49
244.7200 244.7200 53
244.7520 244.9440 57
244.9760 245.4880 55
245.9040 246.1920 61
246.3520 247.2800 61
247.3120 247.3760 59
247.4720 247.5040 59
248.1760 248.5600 65
248.5920 248.7840 64
248.8160 249.2000 61
249.2320 249.3280 59
249.3600 249.4240 61
249.4560 249.5840 60
249.6160 249.7120 61
249.7440 249.7760 60
249.8080 249.8720 59
249.9040 249.9360 58
250.0960 250.2240 63
250.2560 250.3520 65
250.4800 250.7040 63
250.8640 250.9920 61
251.1520 251.3760 61
251.4080 251.4400 62
251.4720 251.7280 63
251.7600 251.9520 61
252.1120 252.1760 63
252.2080 253.5520 61
253.6800 253.9040 62
253.9680 254.1600 61
254.2560 255.0560 61
