41.2640 41.4240 51
41.4560 41.6160 52
41.6480 41.7120 53
41.7440 41.8720 55
42.0000 42.0320 56
42.0640 42.1600 58
42.1920 42.3200 57
42.3520 42.4480 59
42.4800 42.4800 57
43.3440 43.3760 58
43.4080 43.5040 59
43.5360 43.5680 58
43.6000 43.6960 57
43.8240 43.8880 56
44.0480 44.2080 57
44.3680 44.5600 55
44.6880 44.7520 54
45.4240 45.5840 50
45.7120 45.8400 52
45.9680 46.0960 55
46.2560 46.2880 57
46.3200 46.4480 59
46.4800 46.6400 60
46.7680 46.8320 58
46.8640 46.9920 59
47.0240 47.2480 60
47.2800 47.4720 58
47.5040 47.5680 57
47.6000 47.6640 54
47.6960 48.0480 53
48.1440 48.1440 54
48.1760 48.7840 57
49.7440 49.7440 57
49.7760 49.9040 62
49.9360 49.9680 59
50.0000 50.0640 58
50.0960 50.1920 57
50.2240 50.4160 55
50.4480 50.5440 54
50.5760 50.5760 56
50.6080 50.7680 59
50.8000 50.8960 58
50.9280 51.0880 59
51.8880 52.0480 62
52.0800 52.1760 59
52.2080 52.3040 57
52.3360 52.4960 55
52.6240 52.6560 54
52.6880 52.7520 55
52.9120 53.2000 55
53.2320 53.3280 54
54.0640 54.1280 49
54.2560 54.4160 52
54.5440 54.6720 55
54.7040 54.8000 54
54.8320 54.8320 56
54.8640 55.0240 59
55.0560 55.2160 60
55.2480 55.4080 59
55.4400 55.5360 58
55.5680 55.6000 56
55.6320 55.7280 55
55.9200 55.9520 56
55.9840 56.1120 57
56.1440 56.2400 54
56.2720 56.3040 53
56.3360 56.6560 52
56.6880 56.7520 54
56.7840 57.0400 56
57.2000 57.2320 55
57.2640 57.2960 56
57.3280 57.5200 57
57.5520 57.6160 56
57.6480 58.0640 55
58.0960 58.1920 53
58.2240 58.2880 52
61.5200 61.5520 54
61.5840 61.6480 55
61.6800 61.8400 57
61.8720 61.9040 58
61.9360 62.0320 59
62.0640 62.0960 58
62.2880 62.3840 55
62.4160 62.5120 56
62.5440 62.7040 57
62.7360 63.2480 59
63.2800 63.3440 58
63.7600 64.0480 57
64.0800 64.2080 58
64.2400 64.3040 57
64.3360 64.5920 55
64.6240 64.7520 56
64.9440 64.9760 57
65.0080 65.0720 58
65.1040 65.1680 59
65.5520 65.6160 59
65.6480 65.7120 60
65.7440 65.9040 59
66.0960 66.1280 59
66.1600 66.2560 60
66.2880 66.3200 59
66.3840 66.4480 59
66.4800 66.5120 58
66.5440 66.6720 57
66.7040 66.7360 56
66.7680 66.9920 55
67.2160 67.4080 57
67.4400 67.4400 60
67.4720 67.6000 63
67.6320 67.8880 64
67.9200 67.9520 63
67.9840 68.4640 62
68.6240 68.6880 62
68.8160 69.5520 62
69.5840 69.6160 61
69.6480 69.7120 60
69.7440 69.7440 58
71.1520 71.2160 62
71.3760 71.4400 65
71.4720 71.8240 62
71.9840 72.0800 66
72.1120 72.4000 67
72.5280 72.5920 62
72.6240 72.7200 63
72.7520 72.7840 61
72.8160 72.8800 59
73.0400 73.3280 62
73.5520 73.6800 63
73.7120 73.8720 64
73.9040 73.9680 63
74.2880 74.4160 57
74.4480 74.6080 58
74.6400 74.9600 57
74.9920 75.2160 58
75.2480 75.2800 57
75.5360 75.8880 55
76.0480 76.1120 54
76.3040 76.3360 55
76.3680 76.4320 56
76.4640 76.4960 57
76.5280 76.6880 59
76.7200 76.7520 58
76.7840 76.9760 57
77.0080 77.2000 59
77.3280 77.4880 62
77.5200 77.6160 58
77.6480 77.7440 59
77.7760 77.8080 58
77.8400 77.9680 57
78.0960 78.2560 55
78.2880 78.2880 53
78.8960 78.8960 60
78.9280 79.0560 62
79.0880 79.1200 63
79.1520 79.2800 64
79.4400 79.9520 62
79.9840 80.0800 61
80.5600 80.9440 67
81.0720 81.1680 62
81.2000 81.2960 63
81.3280 81.4560 59
81.6160 81.9040 62
82.1280 82.2560 62
82.2880 82.3840 65
82.4160 82.4800 64
82.5120 82.5440 62
83.0880 83.1520 58
83.1840 83.5040 57
83.5360 83.6000 58
83.7280 83.7920 58
83.8240 83.8880 57
83.9200 84.0480 56
84.2720 84.4640 55
84.8480 84.8800 56
84.9120 85.0400 57
85.0720 85.2320 59
85.2640 85.2960 58
85.3280 85.5520 57
85.5840 85.7440 59
85.7760 85.8720 58
85.9040 86.0320 62
86.0640 86.0640 59
86.0960 86.2240 57
86.2560 86.3840 59
86.4160 86.6080 57
86.7360 86.8960 55
87.2160 87.4400 52
87.4720 87.5360 55
87.5680 87.7280 56
87.7600 88.0800 57
88.1120 88.5280 55
89.0720 89.1040 59
89.1360 89.1360 61
89.1680 89.2960 64
89.3280 89.5520 62
89.5840 89.6800 60
89.7120 89.7440 63
89.7760 89.8720 64
89.9040 89.9360 63
89.9680 90.0640 62
90.2240 90.2560 58
90.2880 90.4480 59
90.4800 90.5120 57
90.5440 90.8000 55
90.9920 91.0880 57
91.1200 91.2160 56
91.4720 91.6000 57
91.6320 91.7280 59
91.7600 91.7920 58
91.8240 92.0160 57
92.0480 92.1440 58
92.3360 92.4320 57
92.4640 93.0080 55
93.0400 93.0720 54
93.1040 93.2000 53
94.0000 94.0640 52
94.5440 94.8320 55
95.5680 95.6960 58
95.7600 95.7600 59
95.7920 95.9200 62
95.9520 96.0160 61
96.3680 96.4640 57
96.4960 96.5920 56
96.6880 96.8160 54
96.8480 96.9760 55
97.6800 97.7440 56
97.7760 97.9040 59
97.9360 97.9680 61
98.0000 98.0960 62
98.1280 98.1600 60
98.1920 98.2560 57
98.2880 98.4160 58
98.4480 98.6720 57
98.7040 98.7360 55
98.7680 98.8960 54
98.9280 99.1840 52
99.2160 99.2800 53
99.3120 99.3440 54
99.3760 99.4720 55
99.5040 99.6320 54
99.6640 99.6960 56
99.7280 99.9520 57
100.0800 100.2720 59
100.3040 100.4000 58
100.4320 100.7520 59
100.7840 100.8800 58
100.9120 100.9440 57
100.9760 101.0400 56
103.0240 103.5360 55
103.5680 103.6640 57
104.2080 104.3040 59
104.3360 104.5600 62
104.5920 104.5920 60
104.6240 104.7200 57
104.7520 104.8160 58
104.8480 105.0720 57
105.1040 105.2000 56
105.2320 105.7440 55
106.2560 106.4480 64
106.4800 106.8000 62
106.8320 106.9280 64
106.9600 106.9920 63
107.0240 107.1840 62
107.2160 107.3440 58
107.3760 107.4720 59
107.5040 107.5360 57
107.5680 107.6000 55
107.6320 107.6640 54
107.7600 107.7920 54
107.8240 108.8480 55
108.8800 108.9760 54
109.0080 109.1360 53
111.5680 111.7280 58
111.7600 111.8240 59
118.2880 118.4480 50
118.5760 118.7040 52
118.8320 118.9920 55
119.0880 119.0880 55
119.1200 119.1200 57
119.1520 119.2800 59
119.3120 119.3760 57
119.4080 119.5360 58
120.5280 120.7520 59
120.7840 120.8800 57
121.0080 121.1040 55
121.2320 121.3920 57
121.5520 121.6160 56
121.6480 122.0640 55
122.6080 122.8000 50
122.8320 122.8640 51
122.8960 123.0880 52
123.1200 123.2800 55
123.4720 123.5680 58
123.6000 123.7280 59
123.7600 123.8240 60
123.9520 124.1760 59
124.2080 124.4000 60
124.4320 124.5280 59
124.5600 124.7200 62
124.7520 124.8160 59
124.8480 124.9120 56
124.9440 124.9760 54
125.0080 125.1680 52
125.2000 125.2960 53
125.3280 125.3280 55
125.3600 125.3600 57
125.3920 125.4560 59
125.4880 125.6800 58
125.8080 126.3520 57
126.3840 126.5440 59
126.5760 126.6400 57
126.8320 126.8320 58
126.8640 126.8640 60
126.8960 127.0240 62
127.1520 127.3120 57
127.3440 127.6640 55
127.6960 127.8240 59
127.8560 127.9520 58
127.9840 128.0800 59
128.1120 128.1440 58
129.0080 129.0080 59
129.0400 129.1680 62
129.2000 129.2640 61
129.2960 129.4240 57
129.5520 129.6800 55
129.8080 129.9360 55
130.0960 130.1600 56
130.1920 130.5760 55
131.4080 131.4720 51
131.5040 131.6000 52
131.7280 131.8240 55
131.9520 131.9840 56
132.0160 132.1760 59
132.2080 132.5280 60
132.5600 132.6240 57
132.6560 132.7200 54
132.7520 132.7840 53
133.1040 133.2640 57
133.2960 133.3920 54
133.4240 133.4880 53
133.5200 133.8080 51
133.8400 133.8720 53
133.9040 133.9680 56
134.0000 134.1280 57
134.3520 134.4800 56
134.5120 134.6720 57
134.7040 134.7360 56
134.7680 135.6640 55
135.6960 135.7600 54
136.5280 136.5600 55
136.5920 136.7840 56
136.8160 136.8480 55
137.0720 137.3280 55
137.3600 137.4560 54
137.4880 137.4880 52
138.6720 138.7360 55
138.7680 138.8320 57
138.8640 138.9280 56
138.9600 139.0560 57
139.0880 139.1200 58
139.1520 139.3120 59
139.3440 139.4080 58
139.4400 139.4720 56
139.6320 139.8880 57
139.9200 139.9840 58
140.0160 140.3680 59
140.4000 140.4960 58
140.8160 140.8480 55
140.8800 140.9120 56
140.9440 141.1040 57
141.1360 141.3600 58
141.3920 141.3920 56
141.5840 141.5840 53
141.6160 141.8720 55
141.9680 142.0000 56
142.0320 142.0640 57
142.0960 142.1280 58
142.1600 142.5120 59
142.6400 142.6720 58
142.7040 142.7360 59
142.7680 142.8640 60
142.8960 142.9920 59
143.1840 143.2160 59
143.2480 143.3760 60
143.4080 143.5680 59
143.7280 143.7920 54
143.8240 144.0800 55
144.2720 144.4640 57
144.4960 144.5280 60
144.5600 144.6240 62
144.6560 144.6880 63
144.7200 145.0400 64
145.3280 145.3600 51
145.3920 146.5760 50
147.2160 147.2480 57
147.2800 147.3120 59
147.3440 147.4720 60
147.5040 147.6000 63
147.7600 147.7920 63
147.8240 147.8880 64
148.0160 148.3040 62
148.3360 148.3680 61
148.5280 148.5920 63
148.6240 148.9760 62
149.1040 149.2960 66
149.3280 149.5520 67
149.5840 149.7440 62
149.7760 149.8720 63
149.9040 150.0640 59
150.1920 150.5120 62
150.7040 150.8320 63
150.8640 150.9600 64
150.9920 151.1200 63
151.1520 151.1520 61
151.4720 151.5680 57
151.6000 151.7280 58
151.7600 152.1440 57
152.1760 152.3040 59
152.4640 152.4960 57
152.7840 153.0720 55
153.4560 153.6160 57
153.6480 153.8080 59
153.8400 153.8720 58
153.9040 154.1280 57
154.1600 154.3200 59
154.4480 154.5760 62
154.6080 154.6400 59
154.6720 154.7680 58
154.8000 154.8640 59
154.8960 154.9280 58
154.9600 155.0560 57
155.2480 155.4080 55
155.8240 155.8880 62
156.0480 156.2080 62
156.2400 156.2720 63
156.3040 156.4320 64
156.5920 156.6560 63
156.6880 157.1040 62
157.1360 157.2000 61
157.6800 158.0960 67
158.1280 158.2880 62
158.3200 158.4160 63
158.4480 158.4480 61
158.4800 158.6080 59
158.7360 159.2800 62
159.3120 159.3760 63
159.4080 159.5680 64
159.6000 159.6320 63
159.6640 159.6960 62
159.8560 160.0800 56
160.1120 160.1440 57
160.1760 160.3360 58
160.3680 160.6560 57
160.6880 160.7520 58
160.8800 161.0720 57
161.1040 161.1360 56
161.4560 161.6480 55
161.9680 162.0000 56
162.0320 162.1600 57
162.1920 162.3520 59
162.3840 162.4160 58
162.4480 162.7040 57
162.7360 162.9920 59
163.0240 163.1520 62
163.2800 163.3120 57
163.3440 163.3760 58
163.4080 163.5360 59
163.5680 163.7280 57
163.8560 163.9840 55
164.3680 164.4960 51
164.5280 164.5920 52
164.6240 164.7840 55
164.8160 164.8480 56
164.8800 165.0400 57
165.0720 165.1680 58
165.2000 165.2320 56
165.2640 165.6800 55
165.7120 165.7440 54
166.2560 166.2560 60
166.2880 166.4160 64
166.4480 166.6720 62
166.7040 166.7680 61
166.8000 166.8640 62
166.8960 167.0240 64
167.0560 167.2160 62
167.2480 167.2800 60
167.3120 167.3760 58
167.4080 167.5040 59
167.5360 167.6000 58
167.6320 167.8240 55
168.1120 168.2400 57
168.6560 168.7520 57
168.7840 168.8480 59
168.8800 168.9120 58
168.9440 169.1040 57
169.1360 169.2320 58
169.4240 169.4880 57
169.5200 169.5840 56
169.6160 169.9040 55
169.9360 170.0320 56
170.0640 170.1280 57
170.1600 170.1920 58
170.2240 170.2880 59
170.3200 170.3840 62
170.4160 170.4160 65
170.4480 170.6080 67
178.5760 178.7040 62
179.6320 179.8560 67
180.0480 180.1120 67
180.9760 181.0400 67
182.5440 182.6080 67
187.6640 187.6960 66
187.7280 188.0800 67
188.1120 188.4320 63
188.4640 188.6240 59
188.7520 189.0400 62
189.2640 189.3920 62
189.4240 189.5520 64
189.5840 189.6480 63
189.6800 189.7120 61
190.0960 190.2880 58
190.3200 190.7040 57
190.7360 190.7680 58
190.8000 190.9280 59
190.9600 191.0880 57
191.1200 191.1840 56
191.2160 191.6320 55
192.2720 192.4000 59
192.4320 192.4640 58
192.4960 192.6560 57
192.6880 192.7200 58
192.7520 192.9120 59
193.0400 193.1680 62
193.3280 193.4560 59
193.4880 193.5200 58
193.5520 193.6800 57
193.8400 193.9680 55
194.3840 194.4480 60
194.6400 194.7360 61
194.7680 194.8320 62
194.8640 194.8960 63
194.9280 195.0240 64
195.1840 195.2480 63
195.2800 195.6960 62
196.2720 196.3680 66
196.4000 196.6880 67
196.7200 197.0400 62
197.0720 197.1680 59
197.2000 197.2320 58
197.3600 197.6480 62
197.8080 197.9360 62
197.9680 198.0000 63
198.0320 198.1280 64
198.1600 198.2240 63
198.2560 198.2880 62
198.3200 198.3200 58
198.3520 198.4480 55
198.4800 198.7360 56
198.7680 199.2480 57
199.2800 199.3440 59
199.4720 199.5360 58
199.5680 199.6320 57
199.6640 199.7920 56
199.9840 200.2400 55
200.7200 200.7520 58
200.7840 200.9760 59
201.0080 201.0400 58
201.0720 201.2320 57
201.2640 201.2960 58
201.3280 201.5520 59
201.5840 201.7440 62
201.7760 201.8720 61
201.9040 202.0960 64
202.1280 202.3200 62
202.3520 202.4160 58
202.4480 202.6080 59
202.9600 203.1200 52
203.1520 203.2160 53
203.2480 203.3440 55
203.3760 203.5040 56
203.5360 203.6320 57
203.6640 203.7600 58
203.7920 203.8240 57
203.8560 203.8880 56
203.9200 204.2080 55
204.2400 204.3040 56
204.3360 204.4320 59
204.4640 204.4640 61
204.4960 204.6560 64
204.8160 204.8800 65
204.9120 205.2320 67
205.2640 205.4240 63
205.4560 205.5200 64
205.5520 205.6160 61
205.6480 205.8080 59
205.8400 206.3520 62
206.3840 206.4800 63
206.5120 206.7040 64
206.7360 206.8000 63
206.8320 206.8320 61
206.8640 206.8640 59
206.8960 207.0880 57
207.1840 207.2160 57
207.2480 207.4400 58
207.4720 207.6320 57
207.7600 207.8240 57
208.0160 208.1120 57
208.1440 208.2400 56
208.2720 208.6880 55
209.1680 209.3280 56
209.3600 209.5200 59
209.5520 209.5840 58
209.6160 209.8720 57
209.9040 210.1280 59
210.1600 210.3200 62
210.3520 210.4480 61
210.4800 210.6080 63
210.6400 210.7680 62
210.8000 210.8960 64
210.9280 211.2160 62
211.5680 211.7920 65
211.8240 211.9200 63
211.9520 212.0160 64
212.0480 212.1440 65
212.3360 212.4000 63
212.5920 212.8160 62
213.4560 213.4880 66
213.5200 213.8720 67
213.9040 214.0960 64
214.2240 214.3200 59
214.4800 214.9920 62
215.0240 215.0560 63
215.0880 215.3120 64
215.3440 215.3760 62
215.5360 215.8240 57
215.8560 215.9840 58
216.0160 216.3680 57
216.4000 216.5280 59
216.8480 216.9440 55
217.1360 217.2640 55
217.2960 217.3280 54
217.7120 217.9040 57
217.9360 218.0960 59
218.2240 218.4160 57
218.4480 218.7040 59
218.7360 218.9280 62
218.9600 219.0240 60
219.0560 219.0560 62
219.0880 219.1840 64
219.2160 219.3440 62
219.3760 219.4720 64
219.5040 219.7920 62
219.8240 219.8560 61
220.4320 220.4960 56
220.5280 220.5920 57
220.7200 220.8800 58
220.9120 220.9120 57
220.9440 220.9440 56
220.9760 221.4240 55
221.9360 221.9360 61
221.9680 221.9680 63
222.0000 222.0960 64
222.2240 222.3840 62
222.4160 222.4800 61
222.5120 222.5120 62
222.5440 222.6080 63
222.6400 222.7040 64
222.7360 222.7360 63
222.7680 222.8960 62
222.9280 222.9280 61
223.0880 223.1200 58
223.1520 223.2160 59
223.2480 223.2480 58
223.2800 223.2800 57
223.3120 223.3440 56
223.3760 223.6000 55
223.8240 223.9520 57
223.9840 223.9840 56
224.3680 224.4000 57
224.4320 224.5920 58
224.6240 224.8160 57
224.8480 224.8800 58
224.9120 224.9760 59
225.2320 225.2960 55
225.3280 225.4240 54
225.4560 225.6160 55
225.6480 225.7440 56
225.7760 225.7760 57
225.8080 225.8400 58
225.8720 225.9040 59
225.9360 225.9360 60
225.9680 225.9680 61
226.0000 226.0320 62
226.0640 226.1280 63
227.3760 227.6960 55
228.4320 228.4640 58
228.4960 228.5920 59
228.6240 228.6240 60
228.6560 228.6560 61
228.6880 228.7840 62
228.8160 228.8480 61
228.8800 228.8800 60
229.0400 229.1040 58
229.1360 229.1680 57
229.2000 229.2000 56
229.2320 229.2960 57
229.3280 229.4240 56
229.4560 229.4560 55
229.5520 229.5520 54
229.5840 229.8720 55
230.5120 230.5440 55
230.5760 230.5760 56
230.6080 230.6080 57
230.6400 230.6400 58
230.6720 230.7360 59
230.7680 230.7680 60
230.8000 230.8000 61
230.8320 230.9280 62
231.0560 231.1200 59
231.6320 231.7600 55
231.7920 231.7920 54
231.8240 231.8560 53
231.8880 232.0480 52
232.0800 232.0800 53
232.1120 232.2080 55
232.4000 232.4000 53
232.4320 232.4640 54
232.4960 232.5280 55
232.5600 232.5920 56
232.6240 232.7840 57
232.9120 233.0720 59
233.1040 233.2320 58
233.2640 233.7120 59
233.7440 233.8080 58
233.8400 233.8720 57
233.9040 233.9360 56
233.9680 233.9680 55
235.2160 235.2160 50
235.8880 236.3040 55
236.4320 236.4960 57
236.5280 236.5280 56
237.0720 237.1040 58
237.1360 237.1680 59
237.2000 237.2000 61
237.2320 237.3920 62
237.4240 237.4240 61
237.4560 237.4560 59
237.4880 237.5840 57
237.6160 237.7120 58
237.7440 237.9360 57
237.9680 238.0960 56
238.1280 238.5440 55
239.0880 239.0880 55
239.1200 239.1200 56
239.1520 239.1520 57
239.1840 239.1840 58
239.2160 239.3440 59
239.3760 239.6640 62
239.6960 239.6960 63
239.7280 239.8240 64
239.8560 239.8880 63
239.9200 239.9840 62
240.1440 240.2080 58
240.2400 240.3360 59
240.3680 240.4000 58
240.4320 240.4640 57
240.4960 240.6560 56
240.6880 241.2960 55
241.5520 241.5840 62
241.6160 241.6160 64
241.6480 241.7760 65
241.8080 241.9360 66
241.9680 242.5760 67
242.6080 242.6400 69
242.6720 243.0560 70
243.0880 243.4080 67
243.5680 243.6640 66
244.7520 244.8160 70
244.8480 245.0400 71
245.0720 245.2000 70
245.2320 245.3920 71
245.4240 245.4560 70
245.4880 245.5520 69
245.5840 245.6160 70
245.6480 245.8080 71
245.8400 245.8400 70
245.8720 246.2560 67
247.6640 248.5920 67
248.7520 248.8160 67
249.7760 249.8400 70
249.8720 250.5760 71
250.6080 250.6720 70
250.7040 250.8960 69
250.9280 251.3760 71
251.4080 251.5040 69
251.9200 252.2720 62
252.3680 252.4640 63
252.4960 252.4960 64
252.5280 252.7200 66
254.0960 254.1920 66
254.2240 254.3840 67
255.0560 255.1200 67
255.8560 255.9200 67
258.6400 258.6720 69
258.7040 258.7360 70
258.7680 259.0560 71
259.0880 259.1520 70
259.1840 259.4720 71
260.0160 260.2400 67
260.4000 260.4640 67
268.9760 270.5760 71
289.0400 289.1680 69
289.2000 289.2960 71
289.3280 289.3280 70
291.6960 291.7280 69
291.7600 291.9200 71
292.5600 292.6880 67
292.8160 292.9760 67
296.2400 296.3040 55
297.7760 297.8720 53
298.2560 298.3200 53
305.4560 305.4560 62
305.4880 305.6160 63
305.7760 305.7760 64
305.8080 306.0960 65
306.1280 306.1600 64
306.1920 306.2240 63
306.2560 306.2560 62
308.2080 308.2400 65
308.2720 308.3360 66
308.7520 308.7520 59
308.7840 308.8800 60
309.7120 309.7760 69
310.0640 310.1280 69
310.5120 310.5760 69
312.1760 312.2080 66
312.2400 312.4960 67
312.5280 312.7840 66
314.8320 314.8640 66
314.9600 314.9600 66
315.6640 315.7280 67
316.9760 317.1040 59
317.1360 317.2640 58
318.5760 318.5760 57
318.6080 318.6400 56
319.2160 319.2160 58
319.3120 319.3120 58
319.4080 319.4400 59
319.5040 319.5040 59
319.6000 319.6960 59
320.3360 320.4960 58
322.6080 322.6720 62
323.4720 323.6000 62
323.8240 323.8240 62
324.5920 324.6560 63
327.0240 327.2160 55
327.2480 327.3440 56
327.6320 327.7280 56
328.7200 328.7840 59
337.2320 337.2960 65
337.3280 337.4880 66
339.4400 340.6240 67
340.6560 340.6560 68
340.6880 340.6880 70
340.7200 341.1040 71
341.1360 341.1360 70
341.1680 341.2960 67
341.4240 341.4240 69
341.4560 341.4880 70
341.5200 342.2240 71
342.2560 342.3200 70
342.3520 342.5440 69
342.5760 342.5760 70
342.6080 342.9920 71
343.0240 343.1840 66
343.3760 343.4400 62
343.6320 343.8240 62
343.9520 343.9520 70
343.9840 344.0480 71
344.0800 344.1440 70
344.1760 344.5280 71
344.6560 344.8480 71
350.2880 350.3200 69
350.3520 350.3840 70
350.4160 350.7040 71
350.7360 350.8000 70
350.8320 351.0240 71
351.0560 351.0560 70
351.0880 351.4400 67
351.6640 351.8560 67
352.0480 352.0480 66
360.7840 362.2240 71
362.3520 362.4160 71
