0.9120 2.2880 55
2.5440 2.7360 64
2.7680 2.8640 63
2.8960 2.9280 64
3.1200 3.4400 69
3.5680 3.6960 67
3.7280 3.8560 65
3.8880 4.0160 64
4.0480 4.1120 65
4.1440 4.9440 67
4.9760 5.0080 66
5.0400 5.2000 65
5.2320 6.2880 62
7.2480 7.3760 59
7.4080 7.5360 60
7.5680 7.8560 62
7.8880 8.0160 63
8.0480 8.2080 66
8.4000 8.5280 69
8.5600 8.6880 70
8.7200 9.0080 69
9.0400 9.1040 68
9.1360 9.7120 67
9.7440 9.7760 68
9.8080 10.2240 69
10.2560 10.3840 67
10.6080 10.9600 59
10.9920 11.3440 62
11.4720 11.6000 62
12.8160 12.9760 65
15.9200 17.2960 62
17.5840 17.6160 66
17.6480 17.9360 67
17.9680 18.0320 68
18.0640 18.3840 69
19.0560 19.1520 63
19.1840 19.2160 62
19.6000 19.9200 59
19.9520 19.9840 60
20.0160 20.2400 62
21.0720 21.1360 62
21.2960 21.3600 62
21.6160 21.9680 64
22.0000 22.3840 67
22.5440 23.1200 64
23.8240 24.1440 62
24.1760 24.2080 63
24.2400 24.6240 64
24.6560 24.7520 63
25.0080 26.5440 62
26.5760 26.7680 65
26.8000 26.9280 64
26.9600 26.9920 63
27.0240 27.2480 62
27.3760 27.7280 67
27.7600 28.1760 69
28.2080 28.4960 70
28.5280 29.4240 71
29.4560 29.4880 70
29.5200 29.5520 69
29.7120 30.7360 67
31.1840 31.7920 64
31.8240 32.0160 63
32.0480 32.1760 64
32.2080 32.2720 65
32.3040 32.4960 67
32.5280 32.5600 66
32.7520 33.7120 67
33.7440 33.8720 66
33.9040 34.0960 64
34.2240 36.5600 62
36.5920 36.6560 63
36.8480 36.9120 64
36.9440 37.0080 63
37.0400 37.2000 62
37.3280 38.3840 59
38.4160 38.4800 60
38.5120 38.7680 62
38.8000 39.8880 59
40.0160 40.3040 57
40.4640 40.6880 59
40.7200 40.7840 60
40.8160 41.0080 62
41.0400 41.0720 61
41.2000 41.2960 59
41.3280 41.3600 60
41.3920 41.5200 61
41.5520 41.6160 59
41.6480 41.8080 58
41.8400 41.9360 57
41.9680 42.2240 58
42.2560 42.7680 59
43.0880 43.8240 62
43.8560 44.5280 64
44.5600 44.6240 63
44.6560 44.9120 62
45.0400 45.0720 63
45.1040 45.3280 64
45.3600 45.5840 67
45.6160 45.6800 66
45.7120 45.9680 64
46.0000 46.0640 66
46.0960 46.3200 65
46.3520 46.8640 67
46.8960 48.8800 69
49.2640 49.4880 61
49.6160 50.7360 67
50.7680 50.8000 68
50.8320 50.9600 69
51.2160 51.3760 69
51.4080 51.6000 70
51.6320 53.2640 71
53.5200 53.5840 71
53.6160 53.7120 72
53.7440 53.9040 71
53.9360 54.1600 70
54.1920 54.5440 69
54.5760 54.6080 70
54.6400 55.2160 71
55.5680 56.2400 69
56.2720 56.4320 67
56.4640 56.5280 68
56.5600 56.6560 69
56.6880 57.2640 70
57.4240 57.8080 69
57.8400 57.9680 70
58.0000 58.2560 69
58.2880 58.3840 71
58.4160 58.5120 69
58.5440 58.6080 68
58.6400 59.1840 67
59.2160 59.2800 65
59.3120 61.2960 64
61.3280 61.4240 63
61.9040 62.2560 58
62.2880 63.4080 59
63.4400 63.6640 62
63.6960 63.7920 65
63.8240 63.8560 63
63.8880 64.0480 62
64.0800 64.4320 59
64.5600 64.6240 59
64.6560 64.7520 62
64.7840 64.9440 63
64.9760 65.4560 64
65.4880 65.6160 67
65.7440 65.8400 69
65.8720 66.0320 67
66.0640 66.1280 65
66.1600 66.8960 64
66.9280 67.1520 63
67.1840 67.2800 64
67.6960 67.8560 68
67.8880 68.3040 67
68.3360 68.4000 68
68.4320 69.3600 69
69.3920 69.4560 70
69.4880 69.8720 71
69.9040 70.8640 74
70.8960 71.3440 71
71.3760 71.5040 69
71.5360 73.6800 67
76.5280 76.5920 61
76.6240 76.6560 60
76.6880 77.0400 59
77.0720 77.1360 60
78.8000 78.9600 62
82.1920 82.5120 62
83.0560 83.1200 62
83.3120 83.5040 58
83.5360 84.1760 59
84.2080 84.4000 56
84.4320 84.5280 58
84.5600 84.8480 56
84.8800 84.9440 57
85.4880 85.6160 60
85.6480 85.7120 61
85.7440 86.0000 62
90.0960 90.1600 66
90.4160 90.5120 64
90.5440 90.6720 62
90.8000 90.8960 61
90.9280 90.9600 60
90.9920 91.6960 59
91.9520 92.0800 61
92.1120 92.3040 64
92.3360 92.3680 63
92.4000 93.5520 62
93.5840 93.9040 63
93.9360 94.0000 65
94.0320 94.1600 66
94.1920 94.2880 65
94.3200 94.6080 66
94.6400 94.6720 65
94.7040 94.8640 64
95.0240 95.1200 70
95.1520 95.3760 71
95.5680 96.9120 67
97.3280 97.5840 62
97.6160 98.6720 63
98.7040 99.9200 62
99.9520 100.2080 65
100.2400 100.3040 63
100.3360 100.4640 62
100.4960 100.6560 63
100.6880 100.9440 67
100.9760 101.0080 68
101.0400 101.6160 69
101.6480 101.7440 70
101.7760 102.7680 71
102.8000 102.8000 69
102.9600 104.1120 67
104.4320 104.6240 65
104.6560 105.4880 64
105.5200 105.5840 65
105.6160 106.0000 66
106.0320 106.5760 67
106.7040 106.8960 66
106.9280 107.0240 67
107.0560 107.1840 66
107.2160 107.3120 64
107.3440 107.4080 63
107.4400 109.9360 62
110.1280 110.2240 63
110.2560 110.3200 62
110.6080 111.6320 59
111.6640 111.7280 60
111.7600 111.9520 62
112.1120 112.1760 60
112.2080 113.1360 59
113.1680 113.5200 57
113.5520 113.5840 58
113.6160 114.0000 59
114.0320 114.3200 62
114.3520 114.8000 59
114.8320 115.3440 57
115.3760 115.4080 58
115.4400 115.8240 59
116.2720 116.8800 62
116.9120 116.9760 63
117.0080 117.7760 64
117.8080 118.1600 62
118.1920 118.4160 64
118.4480 118.5120 65
118.5440 118.7680 67
118.8000 118.9920 64
119.0240 119.0880 65
119.1200 119.1840 66
119.2160 119.3120 64
119.3440 119.4080 65
119.4400 119.8880 67
119.9200 122.0960 69
122.2560 122.4800 61
122.5120 122.6720 62
122.7040 123.8240 67
123.8560 124.0800 69
124.2720 124.4000 69
124.4320 124.5280 70
124.5600 124.8480 71
125.0080 125.5840 71
125.7440 125.8720 72
125.9040 126.0320 71
126.0640 126.2880 72
126.3200 126.4800 74
126.5120 126.6720 72
126.7040 126.7680 74
126.8000 126.9280 71
126.9600 127.1200 70
127.1520 127.3120 69
127.3440 127.5360 70
127.5680 128.1440 71
128.4960 128.8800 69
128.9120 129.4240 67
129.4560 129.4880 68
129.5200 130.0960 70
130.1280 130.1280 72
130.1600 130.3200 74
130.3520 130.4800 69
130.5120 130.6720 70
130.7040 130.8640 69
130.8960 131.4400 70
131.4720 131.5040 69
131.5360 131.5680 68
131.6000 132.1120 67
132.1440 132.1760 66
132.2080 132.3040 65
132.3360 134.2880 64
134.7360 134.8000 57
134.8320 134.9920 58
135.1200 136.1760 59
136.2080 136.3680 60
136.4000 136.6560 62
136.6880 136.7200 61
136.7520 136.8160 60
136.8480 136.9760 63
137.0080 137.1360 59
137.1680 137.4880 60
137.5200 137.5520 61
137.5840 137.7440 62
137.7760 137.8080 63
137.8400 138.3200 64
138.3520 138.6400 67
138.6720 138.7680 69
138.8000 138.9920 67
139.0240 139.1200 65
139.1520 139.5680 64
139.6000 139.7280 65
139.7600 140.1120 64
140.1440 140.2080 65
140.5600 141.2000 67
141.2320 141.8720 69
141.9040 142.2240 70
142.2560 142.7680 71
142.8000 142.9600 75
142.9920 143.7600 74
143.7920 144.2080 71
144.2400 144.3680 69
144.4000 146.7680 67
146.8000 146.8320 66
146.8640 146.9920 64
147.0240 147.6640 63
147.6960 147.7920 65
147.8240 147.8880 63
147.9200 147.9840 65
148.0160 148.1440 63
148.1760 148.5280 62
148.5600 148.6240 63
148.6560 148.9120 64
148.9440 148.9760 63
149.0080 149.2640 62
149.5520 149.7440 59
149.7760 150.0320 60
150.0640 150.0960 61
150.1280 150.2560 62
150.2880 151.0560 63
151.0880 151.9520 62
152.2720 152.3360 62
153.1040 153.2320 62
153.3600 153.4560 64
153.4880 153.5520 67
153.5840 153.9040 63
153.9360 154.5760 62
154.8000 154.9600 64
154.9920 155.2480 62
155.2800 155.3440 63
155.3760 155.4400 64
156.3040 156.3680 55
156.4000 156.9120 56
157.0080 157.0400 55
157.1040 157.2640 55
157.4240 157.5200 55
157.7440 158.0640 56
158.3840 158.7680 62
158.8000 158.8640 64
159.2160 159.3440 61
159.3760 160.7520 62
160.7840 160.8480 64
160.8800 161.0400 65
161.0720 161.1040 63
161.1360 161.3920 62
161.5520 161.6160 68
161.6480 161.8400 67
161.8720 161.9040 68
161.9360 162.1280 69
162.1600 162.6400 70
162.6720 163.7280 71
163.7600 163.7920 69
163.9200 164.9440 67
165.4560 166.3840 64
166.4160 166.4480 65
166.4800 166.5440 66
166.5760 166.8000 67
166.8320 166.9280 68
166.9600 167.9520 67
167.9840 168.1120 66
168.1440 168.3040 64
168.3360 168.3680 63
168.4000 170.7360 62
170.7680 170.8960 63
170.9280 171.1520 64
171.1840 171.2480 63
171.2800 171.4080 62
171.5360 172.6240 59
172.6560 172.6880 61
172.7200 172.9440 62
172.9760 174.0320 59
174.0640 174.1280 58
174.1600 174.5760 57
174.6080 174.9280 59
174.9600 175.2480 62
175.2800 175.5040 59
175.5360 175.6320 61
175.6640 175.7280 59
175.7600 175.9840 57
176.1760 176.4640 58
176.4960 176.8800 59
177.2320 177.9680 62
178.0000 178.7680 64
178.8000 179.0560 62
179.0880 179.5360 64
179.5680 179.7600 67
179.7920 179.8560 63
179.8880 180.0800 64
180.1120 180.4640 65
180.4960 180.8160 67
180.8480 181.0080 68
181.0400 181.1040 70
181.1360 182.8640 69
182.8960 182.9600 68
183.2800 183.5360 61
183.5680 183.6320 62
183.7600 184.9120 67
184.9440 185.1040 69
185.2960 185.9360 71
185.9680 186.5760 72
186.6080 186.9600 71
186.9920 187.3120 72
187.3440 187.5360 74
187.5680 187.6960 72
187.7280 187.7920 74
187.8240 187.8560 73
187.8880 187.9840 69
188.0160 188.5920 70
188.6240 188.8160 71
188.8480 189.0400 72
189.0720 189.2000 71
189.2320 189.3280 72
189.8080 190.0320 69
190.0640 190.2560 68
190.2880 190.4160 67
190.4480 190.6400 68
190.6720 190.8320 69
190.8640 191.1520 70
191.1840 191.2480 72
191.2800 191.2800 70
191.5040 191.9840 69
192.0160 192.2720 70
192.3040 192.4000 71
192.4320 192.5920 69
192.6240 193.2320 67
193.2640 193.6800 65
193.7120 193.8400 64
193.8720 194.1280 65
194.1600 194.9280 64
194.9600 195.1840 65
195.2160 195.2800 64
195.8880 196.0480 58
196.0800 196.1760 57
196.2080 197.2640 59
197.2960 197.4240 60
197.4560 197.7760 62
197.8080 197.8400 60
197.8720 197.9360 59
197.9680 198.0640 63
198.0960 198.3520 59
198.3840 198.4800 60
198.5120 198.6080 59
198.6400 198.7680 62
198.8000 198.8960 63
198.9280 199.3440 64
199.3760 199.4400 65
199.4720 199.6000 67
199.7280 199.8240 69
199.8560 200.0800 67
200.1120 200.2080 65
200.2400 200.4000 64
200.4320 200.6880 65
200.7200 201.3280 64
201.7120 202.1920 67
202.2240 202.3520 68
202.3840 202.9920 69
203.0240 203.1520 70
203.2800 203.4080 70
203.4400 203.5040 71
203.5360 203.7920 72
203.8240 203.8880 71
203.9200 204.0160 75
204.0480 204.9760 74
205.0080 205.3280 71
205.3600 205.3920 70
205.4240 205.5200 69
205.5520 207.5360 67
207.5680 207.6320 66
207.8560 207.9200 64
207.9520 208.0800 65
208.1120 208.2400 66
208.4000 208.5280 57
208.7200 208.7520 58
208.7840 208.9120 61
209.1040 209.2640 61
209.5200 209.8720 63
210.0640 210.1920 66
210.2240 210.2240 71
210.2560 210.3520 73
210.3840 210.8000 69
210.8320 211.3760 71
211.4080 211.4400 69
211.5680 211.8880 59
212.1440 212.4640 59
213.0720 213.1040 67
213.1680 213.9680 67
