0.0800 0.0800 66
1.2640 1.2640 66
1.6800 1.7760 64
2.0320 2.1280 63
2.3520 2.4800 65
2.8000 2.8640 63
3.1840 3.2480 63
3.5680 3.6320 64
4.7520 4.8800 64
6.1280 6.3200 65
6.4480 6.5120 65
6.8640 6.9280 64
7.0880 7.2160 64
7.3760 7.6000 63
7.6320 7.7600 64
7.9200 8.3680 64
8.5280 8.6240 64
8.7200 8.8480 64
9.1040 9.2000 64
9.3600 9.4880 63
19.3120 19.7600 58
19.7920 19.9520 57
19.9840 20.0800 58
20.1120 20.2720 57
20.3040 20.7840 58
21.6160 21.8400 56
22.0000 22.1280 56
22.1600 22.2880 55
22.3200 22.4480 56
22.4800 22.7040 55
22.7360 23.1840 56
23.8240 24.4000 55
24.4320 24.4640 54
24.4960 24.5920 53
24.6240 25.0080 52
25.0400 25.2000 53
28.9120 29.3280 59
29.3600 29.3920 58
29.4240 29.5840 57
29.8080 29.9040 58
29.9360 30.0960 57
30.1280 30.4160 58
31.0240 31.3120 56
31.3440 31.4400 57
31.4720 31.6640 55
31.6960 31.7280 56
31.7600 31.8240 57
31.9840 32.1440 56
32.1760 32.3040 55
32.3360 32.4640 56
33.3280 33.7440 54
33.7760 34.0640 55
37.7760 37.8400 61
37.8720 38.1920 62
38.2240 38.4160 64
38.4480 38.5120 65
38.5440 38.7040 66
38.7360 39.0240 67
39.0560 39.0880 64
39.2480 39.3120 67
39.3440 39.7280 66
39.7600 40.2400 64
40.2720 40.3360 63
40.3680 40.9120 62
40.9440 41.1360 60
41.1680 41.2640 61
42.5120 42.5440 61
42.5760 42.9600 62
42.9920 43.2480 64
43.2800 43.3120 65
43.3440 43.4720 66
43.5040 44.0160 67
44.0480 44.4960 66
44.5280 45.0400 64
45.0720 45.7120 62
45.7440 46.1280 59
47.9520 48.0480 57
48.0800 48.3040 58
48.4320 48.5600 59
48.5920 48.6560 58
48.6880 48.7840 57
49.0080 49.1040 58
49.1360 49.2640 57
49.2960 49.8720 58
50.4480 50.5120 55
50.6720 50.7360 55
50.7680 51.6000 56
51.7280 51.8240 56
52.5920 52.6880 55
52.7200 52.9760 54
53.0080 53.2320 55
53.2640 53.3280 54
53.3600 53.4240 53
53.4560 53.7120 52
57.6800 58.5120 58
58.5440 58.8640 57
59.7920 60.5920 56
60.7520 60.8160 57
60.8480 61.5520 55
62.1920 62.5760 55
62.7360 62.9920 55
66.5440 66.9920 62
67.0240 67.2800 64
67.3120 67.3440 65
67.3760 67.5040 66
67.5360 67.8560 67
68.1440 68.4320 66
68.4640 69.1360 64
69.1680 69.7120 62
69.7440 70.2240 60
70.3520 70.4800 60
71.3760 71.7920 62
71.8240 72.1120 64
72.1440 72.8800 67
72.9120 73.2960 66
73.3280 73.7760 64
73.8080 73.9040 63
73.9360 74.3840 62
74.4160 74.4800 61
74.5120 74.5760 60
74.6080 74.7040 59
76.1760 76.5920 62
76.6240 76.9120 64
76.9440 77.1040 66
77.1360 77.6800 67
77.7120 78.0640 66
78.0960 78.6720 64
78.8960 78.8960 62
79.0240 79.0240 62
79.1200 79.1200 62
79.2480 79.3120 61
79.3440 79.4400 60
79.6320 79.7920 61
79.8240 80.1440 60
80.1760 80.2080 61
80.2400 81.8080 62
81.8400 81.8720 61
81.9040 81.9680 60
82.0000 82.0640 59
82.0960 82.1280 58
82.1600 82.2880 57
82.3200 82.3840 58
82.4160 82.5760 59
82.6080 82.9600 58
83.3120 83.9520 64
85.2320 85.3920 57
85.4240 85.7120 58
85.9360 86.0960 55
86.5440 86.6400 71
86.6720 86.9280 70
86.9600 86.9920 69
87.0240 87.0880 68
87.8560 88.0160 59
88.0480 88.1120 56
88.1440 88.4320 55
88.5600 88.6240 53
88.6560 88.8800 52
89.1040 89.5840 57
89.6160 89.7120 58
89.7440 89.9040 59
89.9360 90.3200 58
90.3520 90.4800 57
90.7360 90.9280 55
91.1200 91.4080 54
91.5360 91.7280 52
91.9840 92.2080 55
94.4800 94.7360 52
94.8640 95.0240 57
95.0560 95.2800 59
95.6000 95.7280 65
95.8560 95.9840 64
96.1120 96.3040 59
96.3360 96.6880 57
97.0400 97.1680 60
97.3280 97.5200 59
97.5520 97.7440 57
97.7760 97.9040 55
97.9360 98.0000 52
98.5120 98.6720 59
98.7040 99.0560 57
99.0880 99.1840 58
99.2160 99.3760 59
99.5680 99.6960 54
99.7280 100.4000 55
100.4320 100.4640 54
100.4960 100.9120 52
104.3360 104.3680 56
106.0640 106.1600 59
106.1920 106.2560 58
106.2880 106.5120 57
106.5440 106.7040 58
106.7360 106.8320 57
106.8640 107.0240 58
107.0560 107.3120 59
107.9840 109.0080 56
110.1600 110.8640 55
111.4400 111.6000 59
115.3120 115.7600 58
115.9200 115.9840 58
116.2400 116.7520 58
117.3600 117.4240 57
117.6800 118.7360 56
119.7600 120.2720 55
123.9840 124.2720 59
124.3040 124.4000 62
124.5600 124.8800 64
124.9120 125.0720 66
125.1680 125.5200 67
125.6160 125.6160 66
125.6800 125.7120 66
125.8080 126.0960 66
126.1280 126.7040 64
126.7360 127.2800 62
127.3120 127.4080 61
127.4400 127.7280 60
127.8560 127.9840 59
128.0160 128.4320 58
128.8800 129.0720 58
129.1040 129.2320 60
129.2640 129.3600 62
129.3920 129.6800 64
129.7120 130.0960 67
130.5440 130.8960 66
130.9280 131.4720 64
131.5040 132.0480 62
132.0800 132.4320 60
132.6240 133.0400 61
133.5520 133.6160 62
133.7760 134.1920 62
134.2240 134.3200 64
134.3520 134.5120 65
134.5440 134.7040 66
134.7360 135.2160 67
135.2480 135.6320 66
135.6640 135.6960 65
135.7280 136.3040 64
136.3360 136.8480 62
136.8800 136.9440 61
136.9760 137.7760 60
137.8080 138.1280 62
138.1600 138.3840 61
138.4160 138.9920 62
139.0240 139.0560 61
139.0880 139.1520 60
139.1840 139.5040 59
139.5360 139.6640 58
139.6960 139.9520 57
139.9840 140.0480 58
140.0800 140.3680 59
140.4000 140.6560 60
142.8320 142.9920 57
143.0240 143.3120 58
143.5360 143.8880 55
144.1440 144.2400 59
144.2720 144.6560 57
144.9120 145.0720 55
145.1040 145.2320 56
145.4880 145.5840 59
145.6160 145.6480 57
145.6800 146.0000 55
146.1600 146.2240 53
146.2560 146.4800 52
146.7040 147.1840 57
147.2160 147.3120 58
147.3440 147.5040 59
147.5360 147.9200 58
147.9520 148.0160 57
148.0480 148.1120 56
148.3360 148.5280 55
148.7200 148.9440 54
149.1680 149.3600 52
149.5840 149.7760 55
150.0320 150.2240 58
152.1120 152.3680 52
152.4960 152.5600 57
152.5920 152.6240 58
152.6560 152.8800 59
153.2000 153.3280 65
153.4560 153.5840 64
153.6160 153.8720 59
153.9040 154.3200 57
154.8960 155.0240 59
155.0560 155.1520 58
155.1840 155.3120 57
155.3440 155.4720 55
155.8240 155.9200 52
156.1120 156.2720 59
156.3040 156.6560 57
156.6880 156.8800 58
156.9120 157.0080 57
157.0400 157.0720 56
157.1040 157.2960 54
157.3280 158.0000 55
158.0320 158.0640 54
158.0960 158.5120 52
161.8720 162.0640 55
162.0960 162.4160 58
162.4480 162.5120 57
162.7360 162.9600 55
163.3120 163.4400 71
163.4720 163.8880 70
163.9200 163.9840 71
164.6880 164.7520 71
164.7840 164.8480 69
164.8800 165.0720 67
165.7440 165.8080 59
165.9680 166.3840 57
166.4160 166.5120 58
166.5440 166.7040 59
166.8960 166.9600 57
166.9920 167.1200 58
167.1520 167.2480 57
167.2800 167.2800 55
167.5360 167.7280 55
167.9200 168.9120 55
169.6800 170.0000 55
171.3760 171.5680 64
171.6960 172.0480 58
172.3680 172.8160 64
172.8480 172.8480 67
172.8800 173.1040 71
173.1360 173.4880 69
174.0640 174.4160 71
174.4480 174.5760 69
174.6080 174.7040 67
174.7360 174.8000 65
174.9920 175.0560 65
175.2800 175.5040 71
175.5360 175.8240 69
176.3040 176.3360 64
176.3680 176.4000 65
176.4320 176.4960 66
176.5280 177.2640 67
177.2960 177.3280 65
177.3600 177.8400 64
178.0320 178.0960 65
178.1280 178.1920 66
200.9440 201.3920 64
201.4240 201.4560 63
204.4000 204.9440 64
