1.2960 1.5200 61
1.7760 2.0000 63
2.2240 2.4480 65
2.7040 2.7680 61
3.0240 3.0560 62
3.0880 3.2160 63
3.4720 3.6640 65
3.9520 4.0160 61
4.1760 4.4000 63
4.6240 4.8800 65
5.1040 5.2000 73
5.6160 5.8400 75
6.0960 6.2240 65
6.5120 6.5440 72
6.5760 6.7360 73
6.7680 6.8000 74
6.8320 7.0560 75
7.2800 7.7920 68
7.8240 7.9520 67
7.9840 8.0480 68
8.1760 8.3360 68
8.3680 8.4000 69
8.4320 8.5920 70
8.6240 8.7520 68
8.9120 9.0080 65
9.2000 9.3280 63
9.3600 9.6160 65
9.6480 10.0000 63
10.0320 10.2240 65
10.2560 10.2880 63
10.3200 10.4160 61
10.5760 10.9600 63
10.9920 11.1520 61
11.2800 11.4080 63
11.5680 11.9200 68
12.2400 12.3360 63
12.5280 12.8480 61
12.8800 13.0720 58
13.2000 13.3280 61
13.4560 13.6480 58
13.6800 13.8080 61
14.0000 14.0640 65
14.0960 14.2880 68
14.4160 14.9280 65
16.3040 16.4960 68
16.5280 16.6560 70
16.9760 17.1360 70
17.2640 17.4240 68
17.4560 17.6160 70
17.9360 18.0640 65
18.1920 18.4800 68
18.6720 18.8320 65
18.8640 19.1520 68
19.1840 19.2480 70
19.3760 19.6000 70
19.8560 20.0160 61
20.1440 20.3360 63
20.3680 20.4000 62
20.4320 20.6880 61
20.8480 20.9120 63
21.1360 21.2000 61
21.2320 21.2960 62
21.3280 21.4240 63
21.5840 21.8080 68
22.0960 22.4800 61
23.6960 23.8880 58
24.0160 24.0800 58
24.1120 24.1440 62
24.1760 24.3360 65
24.3680 24.4000 64
24.9120 24.9440 57
24.9760 25.2000 56
25.3600 25.5200 56
25.5840 25.6160 57
25.6480 25.8080 58
25.8400 25.9680 56
26.0000 26.0320 59
26.0640 26.0960 62
26.1280 26.2880 63
27.2800 27.3440 56
27.4720 27.6640 58
27.6960 27.7280 57
27.7600 27.8560 56
27.9840 29.2320 61
29.4240 29.5520 63
29.7760 30.2240 56
31.1200 31.2480 56
31.2800 31.5040 58
31.6320 31.6960 58
31.7280 31.7600 62
31.7920 32.0480 65
32.4960 32.6880 66
32.7200 33.3600 68
33.3920 33.4240 67
33.4560 33.6800 65
33.7120 33.8720 63
33.9040 33.9680 62
34.4160 34.5440 65
34.8640 35.2480 65
35.2800 35.4720 63
35.5040 35.5680 62
35.6000 35.6960 61
35.7280 35.7600 60
35.7920 35.9840 59
36.0160 36.1760 61
36.2080 36.4640 58
36.4960 36.6880 61
36.7200 36.8800 62
36.9120 37.4560 63
37.4880 38.7680 61
39.2160 40.5920 61
40.7840 40.9120 65
40.9440 41.2640 63
41.2960 41.3920 62
41.4240 41.6480 61
41.6800 42.4480 63
42.7040 42.7680 59
42.8000 42.8640 60
43.0240 43.3760 61
43.4080 43.4400 59
43.4720 43.6000 58
43.6320 43.7920 61
43.8240 44.1120 59
44.1440 44.2720 61
44.3040 44.3040 59
44.4640 44.6240 56
44.6560 44.7840 58
44.9120 45.0080 55
45.1360 45.4880 56
46.7680 46.8320 59
47.0240 47.2480 61
47.2800 47.4080 60
47.4400 48.3680 61
48.4000 48.5280 65
48.5600 49.2960 61
49.3280 49.6800 63
49.7120 49.8400 62
49.8720 50.0640 63
50.0960 50.2240 62
50.3840 50.7680 60
50.8000 51.6000 61
52.2400 52.4640 65
52.4960 52.5920 63
52.7200 53.0720 63
53.4560 53.5520 66
54.1280 54.2880 70
54.8320 55.0560 63
55.0880 55.2160 65
55.2480 55.2800 64
55.3120 55.6640 63
55.6960 55.9200 65
56.0800 56.1760 61
56.3040 56.5600 63
56.5920 56.6560 62
56.6880 56.8480 61
57.0400 57.1040 63
57.4880 57.6480 68
58.2240 58.4480 61
58.4800 58.7360 58
59.1520 59.3760 58
59.4080 59.5360 61
59.7280 59.9840 68
60.1120 60.6880 65
60.9120 60.9760 67
62.0000 62.0960 68
62.2240 62.4800 70
62.5120 62.6720 68
62.7040 62.8320 70
62.9600 63.1200 66
63.1520 63.3760 70
63.6320 63.8240 65
63.8560 64.2400 68
64.3680 64.5600 65
64.5920 64.7200 68
64.8800 64.9440 70
65.0720 65.2000 70
65.5840 65.6480 61
65.8080 66.1280 62
66.1600 66.3520 61
66.5120 66.5760 63
66.7360 66.8640 61
66.8960 66.9600 62
66.9920 67.0880 63
67.2160 67.5360 67
67.6640 68.1760 63
68.2080 68.4320 62
69.1360 69.2320 68
69.3600 69.5200 70
69.8720 69.9360 64
70.0640 70.2880 63
70.3200 70.5440 65
70.5760 70.8000 63
70.8320 70.9280 64
70.9600 71.1840 65
71.3440 71.4720 61
71.5040 71.8560 63
71.8880 71.9520 62
71.9840 72.0800 61
72.5600 72.5600 68
72.5920 72.6560 71
72.6880 72.8800 68
73.2000 73.2640 62
73.5200 73.6480 61
73.6800 73.7120 60
73.7440 73.8080 59
73.8400 74.0320 58
74.1600 74.2880 61
74.4160 74.5120 58
74.6400 74.7680 61
74.9280 74.9920 67
75.0240 75.2160 68
75.2480 75.2800 67
75.3760 75.9520 65
77.2320 77.3280 68
77.4880 77.6160 70
77.7440 77.8720 68
77.9040 78.1280 70
78.1600 78.2240 67
78.2560 78.3520 68
78.3840 78.6080 70
78.8640 78.9920 65
79.1200 79.2480 68
79.6000 79.7920 65
79.8240 79.8560 67
79.8880 80.0160 68
80.0800 80.1120 70
80.2720 80.4960 70
80.7840 80.8160 61
80.8480 80.9440 62
81.0720 81.3280 62
81.3600 81.6160 61
81.7440 81.8400 63
82.0640 82.1600 61
82.1920 82.2560 62
82.2880 82.3520 63
82.4800 82.7360 68
82.9600 83.6640 61
83.9840 84.0480 61
85.1040 85.3280 73
85.5840 85.8080 75
86.0320 86.2880 65
86.5120 86.7040 73
86.8320 86.9280 75
86.9600 87.0240 74
87.2800 87.4720 65
87.7600 87.9200 73
87.9520 88.1760 75
88.2080 88.2080 73
88.4320 88.6880 65
88.9120 89.1680 73
89.3920 89.6480 75
89.9040 90.1280 65
90.3520 90.6080 73
90.6400 90.8320 75
90.8640 90.8960 74
91.0880 91.1840 68
91.2160 91.6960 67
92.0800 92.2080 56
92.2400 92.5280 58
92.7200 92.9120 65
93.6160 93.8080 65
93.9680 94.0960 56
94.1280 94.3520 58
94.3840 94.5760 57
94.6080 94.7680 63
95.5040 95.7280 63
95.7600 95.7920 57
96.0160 96.2720 58
96.3040 96.4000 56
96.5280 97.8080 61
97.9680 98.1280 63
98.2560 98.5440 56
98.8640 99.1520 67
99.8240 100.0480 58
100.0800 100.2400 56
100.2720 100.2720 59
100.3040 100.3360 63
100.3680 100.4640 65
100.6560 100.7520 65
100.7840 100.9120 66
101.0720 101.3600 65
101.4880 101.9680 68
102.0000 102.2240 65
102.2560 102.4480 63
102.4800 102.5120 61
102.7680 102.8640 61
103.0880 103.1840 65
103.2160 103.3760 63
103.4080 103.7920 65
103.9200 104.0480 63
104.0800 104.2400 61
104.2720 104.5280 58
104.5600 104.7840 61
104.8160 105.0400 58
105.0720 105.5200 61
105.5520 106.0640 63
106.0960 106.9920 61
107.7600 108.7520 61
108.7840 108.8800 59
109.0400 109.2960 61
109.3280 109.4560 65
109.4880 109.9360 63
109.9680 110.2240 61
110.2560 110.5440 63
110.6080 110.9920 63
111.2480 111.4080 60
111.6000 111.9200 61
111.9520 112.1760 58
112.2080 112.3360 61
112.3680 112.6560 58
112.6880 112.8160 61
113.0400 113.2000 56
113.2320 113.3600 59
113.7120 113.9680 56
114.3520 114.5120 61
115.3440 115.4080 61
115.5680 115.7920 61
115.8240 115.9840 60
116.0160 116.2400 61
116.6560 116.8160 61
116.9120 117.1680 64
117.2000 117.4240 61
117.5200 117.5200 62
117.6160 117.8720 61
117.9040 118.0960 63
118.1280 118.3840 62
118.4160 118.6400 63
118.6720 118.7040 62
118.7360 118.7680 61
118.9600 119.2800 60
119.3120 120.0800 61
120.1120 120.2720 62
120.3040 120.3360 65
120.3680 120.4640 66
120.7840 121.0080 70
121.0400 121.6480 68
122.2560 122.2880 68
122.3200 122.4160 69
122.7040 122.9280 70
122.9600 122.9920 68
123.2800 123.3760 68
123.4080 123.4080 65
123.4400 123.6320 63
123.6640 123.7920 65
123.8240 124.2400 63
124.2720 124.4960 65
124.6560 124.7520 61
124.8800 125.2320 63
125.2640 125.4240 61
125.5840 125.6800 63
125.8400 125.8400 65
125.8720 125.9360 68
126.0640 126.2240 68
126.5120 126.5760 63
126.8000 127.0560 61
127.0880 127.3120 58
127.5040 127.5680 61
127.7280 127.9200 58
127.9520 128.1120 61
128.3040 128.3360 67
128.3680 128.5600 68
128.6880 129.2640 65
129.5200 129.6480 67
129.7120 129.7120 67
130.0960 130.2240 65
130.2560 130.5440 67
130.5760 130.7360 68
130.7680 130.9920 70
131.0240 131.0560 69
131.0880 131.2160 68
131.2480 131.4400 70
131.6640 131.6960 68
131.7280 131.9520 70
132.2080 132.3040 65
132.4320 132.6880 68
132.7200 132.8160 67
132.9440 133.1040 65
133.1360 133.3280 68
133.3600 133.8080 70
134.0960 134.1280 60
134.1600 134.2240 61
134.3840 134.4800 62
134.5120 134.6080 63
134.6400 134.9280 61
135.0560 135.1520 63
135.3120 135.4400 61
135.4720 135.5040 62
135.5360 135.6640 63
135.7920 135.9200 67
135.9520 136.0800 68
136.2400 136.6560 63
136.6880 136.7200 62
136.8480 136.9120 62
136.9440 137.1680 58
137.2000 137.3280 59
137.7440 137.8080 67
137.9360 138.0960 70
138.1280 138.1280 68
138.6400 138.8640 63
138.8960 139.1200 65
139.1520 139.3120 63
139.3440 139.4720 64
139.5040 139.6960 65
139.7280 139.7600 63
139.8240 140.0480 61
140.0800 140.4640 63
140.5920 140.6560 61
141.2640 141.4560 68
141.7760 141.8400 62
142.0640 142.1920 61
142.2560 142.3200 60
142.3520 142.6080 58
142.7360 142.8640 61
142.9920 143.1520 58
143.1840 143.3440 61
143.5040 143.6000 67
143.6320 143.8560 68
143.9520 144.4640 65
144.4960 144.5600 64
144.7200 144.7200 63
144.7520 144.8160 66
144.8480 144.8800 67
145.3280 145.4560 65
145.5200 145.7120 67
146.0640 146.2560 70
146.2880 146.3200 68
146.4160 146.4480 69
146.4800 146.7040 70
146.7360 146.9600 68
146.9920 147.1520 70
147.4400 147.5680 65
147.7280 147.7600 68
147.9520 148.0480 67
148.1760 148.3360 65
148.3680 148.5280 68
148.7200 148.7520 70
148.7840 148.8480 73
148.8800 149.1040 70
149.3600 149.5200 62
149.6480 149.9040 63
149.9360 150.2880 61
150.3200 150.8960 62
151.0560 151.3120 68
151.5360 151.8880 61
151.9520 151.9520 60
152.0480 152.1440 61
153.2000 153.2640 60
153.6480 153.6800 60
153.7760 154.6720 62
154.7040 154.9280 64
154.9600 155.0560 68
155.3440 155.4080 60
155.5360 155.9840 61
156.0160 156.5600 62
156.5920 156.7840 64
156.8160 156.8480 66
156.8800 156.9440 69
157.4240 157.6160 59
157.6480 157.7120 57
157.9040 158.0000 59
158.0320 158.0960 58
158.1280 158.2880 57
158.5440 158.6080 59
158.6400 158.8960 57
159.1520 159.4720 64
161.4240 161.6800 61
161.7120 162.1600 62
162.1920 162.2560 61
162.2880 162.4800 64
162.9600 163.0560 59
163.0880 163.1200 60
163.1520 163.6000 61
163.6320 164.1760 62
164.2080 164.4320 64
165.0400 165.2320 71
165.2640 165.2960 69
165.3600 165.3920 69
165.5520 165.6800 71
165.7120 165.7440 69
166.0960 166.1920 71
166.4480 166.9920 69
168.4320 168.5280 70
168.6880 168.7840 68
169.1360 169.3280 63
169.4240 169.5840 65
169.6160 169.7760 63
169.8080 169.9680 64
170.0000 170.2240 65
170.2560 170.4480 61
170.7040 170.9920 63
171.0240 171.1200 61
171.7600 171.8880 68
172.0800 172.2080 60
172.2400 172.3360 63
172.5280 172.7520 61
172.7840 173.0720 58
173.2000 173.3920 61
173.4240 173.6160 58
173.6480 173.8080 61
173.9680 174.2880 68
174.3200 174.9920 65
175.0240 175.1520 62
175.2480 175.2480 62
175.3120 175.3760 67
175.9840 176.4000 67
176.4320 176.7200 70
176.7520 176.7840 68
177.0080 177.1360 70
177.1680 177.2640 66
177.2960 177.4240 68
177.4560 177.6160 70
177.9040 178.0320 65
178.1920 178.2880 68
178.4160 178.4800 67
178.6400 178.8320 65
178.8640 178.9600 67
179.0880 179.4720 70
179.8560 179.9840 62
180.1120 180.3360 63
180.3680 180.6560 61
180.7840 180.8800 63
180.9120 181.2960 61
181.3280 181.3920 63
181.5200 181.7760 68
182.0320 182.2560 61
182.5440 182.7360 66
182.7680 182.8960 67
183.4400 183.8560 67
183.8880 184.1120 68
184.1440 184.2720 70
184.4640 184.5280 68
184.5600 184.7520 70
184.8800 185.0400 68
185.0720 185.2640 70
185.5200 185.5520 64
185.5840 185.7760 66
185.8080 186.0640 68
186.2880 186.3200 65
186.4800 186.5760 68
186.6080 186.7040 72
186.9920 187.1840 70
187.2160 187.3440 64
187.3760 187.7280 60
187.7600 187.8240 63
188.1440 188.3360 60
188.4320 188.4320 60
188.7200 188.7840 61
189.0400 189.3600 68
189.7120 190.1280 61
190.3200 190.8320 56
190.8640 191.0240 58
191.3440 191.5360 61
191.6320 191.8880 63
192.0480 192.2720 65
192.4640 192.4960 71
192.5280 192.7200 73
192.7520 192.9760 75
193.1680 193.4880 65
193.9040 193.9360 63
194.5760 194.8000 58
194.9600 195.0560 58
195.3760 195.6000 61
195.8240 195.8560 67
195.8880 196.0160 68
196.0480 196.3040 72
196.3360 196.9120 73
