5.7440 5.8080 56
5.9680 6.0320 57
6.1600 6.4160 56
6.4480 6.4800 55
6.6080 6.7040 55
6.8960 7.0560 54
9.9360 10.0320 54
10.4480 10.6080 54
10.6400 10.7680 53
15.9520 16.0800 56
16.2720 16.5920 55
16.7200 16.8160 56
16.8480 16.8800 55
16.9120 17.0720 54
17.1040 17.3600 53
17.6160 17.6480 53
17.8080 18.0320 54
19.2480 19.3120 55
19.9520 19.9520 54
37.2640 37.3920 62
37.4240 37.6160 61
37.6480 37.8400 62
37.8720 38.0000 64
38.1280 38.2880 60
38.3200 38.4480 61
38.6720 38.8640 62
39.0240 39.0560 64
39.0880 39.1840 65
39.2160 39.4080 66
39.4400 39.5040 65
39.6960 39.8240 62
39.9520 40.1760 59
40.8800 40.9440 62
41.0720 41.1360 62
41.2960 41.3920 62
41.5200 41.6480 63
41.7760 41.8720 59
41.9040 42.0960 61
42.1280 42.4480 62
42.4800 42.5440 64
42.5760 42.6080 65
42.6400 42.8960 66
42.9280 42.9600 65
43.0880 43.2160 62
43.4400 43.6000 57
44.4000 44.4640 61
44.6560 44.7200 61
44.8480 45.0080 62
45.0400 45.2640 63
45.2960 45.4560 60
45.4880 45.7120 61
45.7440 45.8080 62
46.0000 46.0640 65
46.0960 46.3840 66
46.8640 46.9280 62
47.0880 47.2160 59
47.2480 47.2800 60
47.3120 47.3760 61
47.4080 47.6320 62
47.8560 48.1120 66
48.6560 48.6880 61
48.7200 48.9120 62
48.9440 49.0400 65
49.0720 49.2000 67
49.3600 49.4240 67
49.4560 49.5520 66
49.5840 49.6160 64
49.6480 49.8400 62
50.1600 50.3200 58
50.5440 50.8000 57
51.5040 51.7600 62
51.7920 51.8880 61
51.9200 52.2080 62
52.2400 52.4000 64
52.4320 52.4320 62
52.4640 52.6560 60
52.6880 52.8480 61
52.8800 53.1040 62
53.3920 53.5200 65
53.5520 53.7760 66
53.8080 53.8720 65
54.0320 54.1920 62
54.2240 54.6720 59
55.1520 55.3440 62
55.3760 55.4720 61
55.5040 55.7920 62
55.8240 55.9520 64
55.9840 56.0160 62
56.0480 56.2080 59
56.2400 56.2720 60
56.3040 56.4640 61
56.4960 56.7840 62
56.9760 57.0080 67
57.0400 57.1680 68
57.2000 57.3920 69
57.6160 57.7120 66
57.9040 58.1280 62
58.7680 58.8320 62
58.8640 59.0880 61
59.1200 59.3120 62
59.4400 59.6000 64
59.6320 60.0160 61
60.0480 60.2720 62
60.5600 60.8160 66
61.2000 61.2640 62
61.4560 61.5840 60
61.6160 61.8400 61
61.8720 62.1920 62
62.2240 62.2560 64
62.2880 62.3840 65
62.4160 62.6400 66
62.8960 63.3120 62
63.3440 63.4720 64
63.5040 63.6960 63
66.7680 66.8320 64
66.8640 66.9280 65
66.9600 67.5680 66
67.6000 67.6320 65
67.6640 67.7600 63
67.7920 67.8560 64
67.9840 68.4960 66
68.5280 68.6880 65
68.7200 69.3920 66
69.4240 69.7120 65
69.7440 70.0000 64
70.1920 70.2560 62
70.2880 70.3200 63
70.3520 72.2080 64
72.4320 72.4640 63
72.4960 72.9440 64
72.9760 73.2640 63
73.2960 73.4880 62
73.7440 73.9360 62
73.9680 74.1280 67
74.1600 74.2880 69
74.4160 74.4800 67
74.7040 75.0240 66
75.0560 75.3440 62
75.7600 75.9200 59
75.9520 76.1760 61
76.2080 76.7840 62
76.8160 76.9440 64
77.1040 77.2640 62
77.5200 77.7440 64
77.7760 77.8080 65
77.8400 78.0320 66
78.2240 78.6080 64
78.6400 78.7680 66
78.9600 79.1200 69
79.1520 79.4400 64
79.4720 79.7920 66
81.0720 81.2640 65
81.2960 81.4560 66
81.5840 82.8000 66
82.8320 83.0240 65
83.0560 83.6640 66
83.8240 84.0480 65
84.0800 84.3360 64
84.3680 84.6560 63
84.6880 86.2880 64
86.3200 86.4160 63
86.4480 86.6080 62
86.6400 87.1200 64
87.1520 87.3760 69
87.4080 87.6000 64
87.6320 87.8560 62
88.0160 88.0800 62
88.3040 88.4320 67
88.4640 88.6560 69
88.6880 89.5200 67
89.5520 89.5520 65
89.5840 89.9360 62
90.0640 90.8320 62
91.4400 91.6000 64
91.7600 91.9520 62
91.9840 93.7440 64
94.5120 94.7360 69
94.7680 94.9600 67
94.9920 95.1840 66
95.2160 96.0800 62
96.1120 96.3360 61
96.3680 96.6240 62
97.1040 97.1680 62
97.2000 97.2320 63
97.2640 97.4240 64
97.4560 97.6480 66
98.1280 98.2880 69
98.3200 98.3520 68
98.3840 98.5760 67
98.6080 98.7040 66
98.8320 98.9920 62
99.0240 99.2160 64
99.5040 99.6640 64
99.6960 99.7600 62
99.7920 99.9200 63
99.9520 100.1120 64
100.3680 100.5280 57
100.5600 100.5920 58
100.6240 100.7520 59
100.7840 100.9760 61
101.0080 101.1680 62
101.7120 101.8720 69
101.9040 102.1600 67
102.1920 102.2560 66
102.2880 102.3520 65
102.3840 102.7680 62
102.8000 102.8640 63
103.0560 103.2160 62
103.3760 103.5360 61
103.5680 103.8560 62
103.8880 103.8880 60
104.2400 104.3680 62
104.4000 105.0080 64
105.1360 105.2640 62
105.2960 105.4240 64
105.6160 105.7440 62
106.1920 106.2880 66
106.3200 106.6080 67
106.6400 106.7680 66
106.8000 107.0880 64
107.1200 107.2160 65
107.2480 107.4720 67
107.5040 107.6320 66
107.6640 107.6960 65
107.7280 107.8880 64
108.0160 108.1440 64
108.1760 108.3360 66
108.8480 109.0400 69
109.0720 109.3280 67
109.3600 109.4240 66
109.4560 109.4880 65
109.5200 110.1600 62
110.2560 110.3520 62
110.5120 110.6720 61
110.7040 110.9280 62
111.4080 111.5040 63
111.5360 111.7280 64
111.8560 112.0160 66
112.4640 112.4960 68
112.5280 112.6880 69
112.7200 112.9120 67
112.9440 113.0400 66
113.2320 113.3920 63
113.4240 113.7120 64
113.7440 114.2240 66
114.2560 114.5120 69
114.5440 114.9600 66
115.0880 115.1520 69
115.1840 115.3760 71
115.4080 115.6960 72
115.7280 116.4640 71
116.8800 116.9120 66
116.9440 117.1040 67
117.1360 117.2960 69
117.3280 117.6800 67
117.8720 117.9680 67
118.1280 118.1600 67
118.1920 118.2560 68
118.2880 118.4480 69
118.4800 118.8960 67
119.6960 119.8240 59
119.8560 120.0160 61
120.0480 120.5920 62
120.6240 120.7840 64
120.8160 121.1040 62
140.4960 140.6880 60
142.7360 143.3440 64
143.3760 143.5040 65
143.5360 143.6640 66
144.2400 145.2320 69
146.1280 146.1920 60
146.2240 146.4480 59
146.8000 147.1840 62
147.8560 148.0800 64
148.3040 148.4960 62
148.6560 148.6560 61
148.6880 148.8480 63
148.8800 148.9120 62
148.9440 149.0400 61
149.0720 150.8640 62
151.9200 152.4960 62
152.5280 152.6240 64
152.7840 152.9120 59
152.9440 153.0720 61
153.2640 153.5200 62
153.6480 153.6800 64
153.7120 153.8400 65
153.8720 154.0320 66
154.0640 154.1280 65
154.2880 154.4800 62
154.5120 154.9600 59
155.4400 155.6000 62
155.7280 155.7920 62
155.9200 156.1120 62
156.1440 156.2720 64
156.4000 156.4320 59
156.4640 156.7200 61
156.7520 156.9760 62
157.0080 157.0720 63
157.1040 157.2320 65
157.2640 157.5840 66
157.6160 157.8720 62
158.0000 158.3200 57
159.0880 159.3440 62
159.4720 159.6640 62
159.6960 159.8240 65
159.8560 160.4640 62
160.6240 160.7840 66
160.8160 160.9120 67
161.5200 161.5840 62
161.7120 161.9040 60
161.9360 162.1920 61
162.4800 162.8000 66
163.2480 163.5040 63
163.5360 163.7920 67
163.9520 164.1440 66
164.1760 164.4960 62
164.6880 164.8480 57
164.8800 164.9440 59
165.1360 165.4240 57
165.9680 166.8320 62
166.8640 167.0240 64
167.0560 167.0880 62
167.1200 167.2480 60
167.2800 167.4720 61
167.5040 167.7280 62
167.9840 168.2080 65
168.2400 168.5280 66
168.6560 168.8160 62
168.8480 169.2640 59
169.8080 170.4160 62
170.4480 170.6400 65
170.6720 170.8640 60
170.8960 171.0560 61
171.0880 171.4080 62
171.5680 171.8240 67
171.8560 172.0160 69
172.2400 172.3680 66
172.4960 172.7200 62
173.1360 173.2320 58
173.3600 173.9040 62
174.0320 174.1920 64
174.2240 174.2560 62
174.2880 174.4160 59
174.4480 174.6400 61
174.6720 174.9920 62
175.1520 175.4720 66
175.8240 175.8880 62
176.0800 176.2400 59
176.2720 176.3680 60
176.4000 176.4640 61
176.4960 176.7840 62
176.8160 176.9440 65
176.9760 177.0400 66
177.0720 177.2000 67
177.4880 177.9680 62
178.0000 178.1600 64
178.1920 178.6720 62
181.3920 181.4240 63
181.4560 181.5200 64
181.5520 182.2560 66
182.4160 184.3360 66
184.3680 184.5600 64
184.7840 184.9760 62
185.0080 185.1040 64
185.2320 186.7360 64
187.0240 187.5680 64
187.6000 187.8560 63
187.8880 188.0800 62
188.3360 188.5600 62
188.5920 188.7520 67
188.7840 188.9120 69
189.0400 189.1360 67
189.3280 189.4560 66
189.4880 189.6800 67
189.7120 190.0320 62
190.3840 190.5120 59
190.5440 190.7680 61
190.8000 191.4080 62
191.4400 191.5680 64
191.7280 192.0160 62
192.2080 192.4000 64
192.4320 192.6240 66
192.7840 193.2000 64
193.2320 193.3600 66
193.5200 193.6800 69
193.7120 193.7440 67
193.7760 194.0320 65
194.0640 194.4160 66
195.3440 195.3760 67
195.4080 195.5040 66
195.5360 195.8560 65
195.8880 196.0800 66
196.2080 197.4880 66
197.5200 197.6800 64
197.7120 198.2560 66
198.4480 198.7040 65
198.7360 198.9600 64
198.9920 199.0560 63
199.0880 199.3120 62
199.3440 201.7440 64
201.7760 202.0000 69
202.1280 202.4800 62
202.9280 203.0560 67
203.0880 203.2800 69
203.3120 204.1440 67
204.1760 205.6160 62
206.0000 206.1920 64
206.3520 206.5760 62
206.6080 207.8560 64
207.8880 208.0160 65
208.0480 208.1760 66
208.2080 208.6880 64
209.1680 209.3920 69
209.4240 209.8720 67
209.9040 210.6400 62
210.8320 211.2480 62
211.4080 211.5040 58
211.7280 211.8240 62
211.8560 212.0800 64
212.1120 212.3360 67
212.7520 212.9760 69
213.0080 213.3600 67
213.4880 213.7440 63
213.7760 214.1280 65
214.1600 214.2880 64
214.4160 214.5760 62
214.6080 214.8000 64
215.0880 215.1520 58
215.2800 215.3120 59
215.3440 215.4080 60
215.4400 215.8560 62
216.3360 216.4960 69
216.5280 216.5920 68
216.6240 216.9440 67
216.9760 216.9760 65
217.0080 217.4560 62
217.7120 217.8720 62
218.0000 218.1600 61
218.1920 218.4800 62
218.5120 218.5120 60
218.5440 218.5760 58
218.8640 218.8960 62
218.9280 219.0240 63
219.0560 219.6320 64
219.7600 219.8880 62
219.9200 220.0480 64
220.2080 220.3360 62
220.8160 220.9440 66
220.9760 221.1040 67
221.2640 221.3920 66
221.4240 221.7120 65
221.7440 221.8400 66
221.8720 222.1920 67
222.2240 222.2880 66
222.3200 222.4800 65
222.6400 222.7360 66
222.7680 222.8960 67
222.9280 223.1520 66
223.3760 223.7280 69
223.7600 224.0160 67
224.0480 224.2720 66
224.4320 224.5600 61
224.5920 225.9360 62
226.4800 226.5120 62
226.5440 226.5760 63
226.6080 226.8320 64
226.8640 227.0880 66
227.1200 227.2160 67
227.2480 227.4400 69
227.4720 227.8240 67
228.0160 228.1760 62
228.2080 228.4000 64
228.4320 228.7200 66
228.7520 228.8480 67
228.8800 229.1040 69
229.1360 229.4240 66
229.4560 229.5200 67
229.7760 229.9680 71
230.0000 230.3840 72
230.4160 231.1200 71
231.4400 231.6960 68
231.7280 231.9520 69
231.9840 232.1120 68
232.1440 232.2080 67
232.7200 232.8480 67
232.8800 233.0720 69
233.1040 233.4880 67
233.6160 233.6800 64
234.2560 234.3840 59
234.4160 234.6720 61
234.7040 235.1200 62
235.1520 235.1840 63
235.2160 236.2400 64
236.2720 237.8080 62
245.8720 246.0960 68
246.1280 247.2160 69
247.2480 247.4720 71
247.5040 247.6320 69
247.6640 247.7920 71
247.8240 248.3360 70
248.3680 249.1040 69
249.1360 249.2320 67
249.2640 249.3600 66
249.3920 250.1280 62
250.1600 250.3200 61
250.3520 250.6080 62
251.0880 251.4400 64
251.4720 251.6640 66
252.1440 252.3360 69
252.3680 252.7200 67
252.9440 253.0720 62
253.1040 253.4560 64
253.4880 253.9040 66
253.9360 254.1280 69
254.1600 254.6720 66
254.7040 254.8640 65
254.8960 255.0240 71
255.0560 255.3120 73
255.3440 257.0080 74
258.7680 258.9600 67
258.9920 259.2480 69
259.2800 259.6320 67
259.9200 260.0800 60
260.3360 260.4640 67
260.4960 260.8160 69
261.0400 261.3600 67
262.8640 262.9600 60
262.9920 263.2160 61
263.5360 263.7280 62
263.8880 264.1760 62
288.4000 289.0080 54
290.0320 290.1600 56
290.1920 290.7040 53
290.8960 291.0560 52
