1.2960 1.3600 68
17.3280 17.3920 60
17.4240 17.4560 61
17.4880 17.6160 62
17.8080 17.9680 58
18.0000 18.0960 59
18.2560 18.3520 61
18.3840 18.5440 62
18.7360 18.8960 59
18.9280 19.0240 60
19.1840 19.3120 61
19.3440 19.5040 62
19.6640 19.8560 60
19.8880 19.9840 59
20.0160 20.4960 58
20.9760 21.1040 61
21.1360 21.2320 62
21.4560 21.5840 58
21.6160 21.6480 59
21.6800 21.8720 60
21.9040 21.9680 61
22.0000 22.1280 62
22.3520 22.5760 59
22.6080 22.7680 60
22.8000 22.9920 62
23.0240 23.2160 63
23.2480 23.4400 65
23.4720 23.5040 63
23.5360 23.6000 59
23.6320 24.0800 58
24.6560 24.7520 61
24.7840 24.9440 62
24.9760 25.0400 59
25.0720 25.2000 58
25.2320 25.2640 59
25.2960 25.4240 60
25.5840 25.6800 61
25.7120 25.8720 62
25.9040 25.9680 59
26.0000 26.1280 58
26.2880 26.6400 60
26.6720 26.8960 62
27.2160 27.3440 61
27.3760 27.4080 60
27.5680 28.0160 58
28.0480 28.3360 60
28.4640 28.6880 60
28.7200 28.7520 61
28.7840 29.4240 62
30.7040 30.7360 61
30.7680 30.9280 62
30.9600 30.9920 61
31.0240 31.0880 60
31.1200 31.1520 59
31.1840 31.3760 58
31.8240 31.8880 60
31.9200 31.9520 61
31.9840 32.1120 62
32.3040 32.4320 58
32.4640 32.4960 59
32.5280 32.6240 60
32.7520 32.8480 61
32.8800 33.0080 62
33.2640 33.4880 58
33.5200 33.8080 60
33.8400 34.0320 62
34.1920 34.2560 61
34.2880 34.3520 60
34.3840 34.5120 59
34.6400 34.9600 58
35.4720 35.5680 61
35.6000 35.7280 62
35.9520 36.0800 58
36.1120 36.1760 59
36.2080 36.3360 60
36.3680 36.4960 61
36.5280 36.6880 62
36.8800 37.1040 58
37.1360 37.2000 60
37.2320 37.2640 61
37.2960 37.5200 62
37.5520 37.7760 63
37.8080 37.9680 65
38.0000 38.0000 63
38.0320 38.1600 59
38.1920 38.6400 58
39.1520 39.2480 60
39.2800 39.3120 61
39.3440 39.5040 62
39.5360 39.6000 59
39.6320 39.7280 58
39.8560 40.2400 60
40.2720 40.4640 62
41.0400 41.3280 60
41.3600 41.3920 61
41.4240 41.5200 62
41.7120 41.8400 60
41.8720 41.9040 59
41.9360 42.0000 58
42.1280 42.3200 58
42.3520 42.3840 59
42.4160 42.7680 60
42.8000 42.8640 59
42.8960 44.1120 58
44.9760 45.0080 64
45.0400 45.1680 65
45.2000 45.2320 63
45.2640 45.3920 62
45.4240 45.6800 60
45.7120 45.8720 62
46.0320 46.2560 56
46.2880 46.3520 59
46.3840 46.5120 62
46.6720 46.7040 60
46.7360 46.7680 61
46.8000 46.8960 62
46.9280 47.3440 60
47.3760 47.5680 59
47.6000 48.0800 60
48.6560 48.8480 62
48.8800 49.0720 65
49.1040 49.3280 67
49.3600 49.5520 69
49.5840 49.8080 67
49.8400 50.2560 65
50.5120 50.6720 60
50.7040 51.0240 62
51.0560 51.1840 61
51.2160 51.6960 58
51.7280 51.7920 59
52.2720 52.3040 64
52.3360 52.4960 65
52.5280 52.6560 62
52.6880 52.7200 61
52.7520 52.9440 60
52.9760 53.0720 62
53.6480 53.7760 60
53.8080 53.8720 62
53.9040 54.0960 61
54.1280 54.4800 60
54.7040 54.8640 59
54.8960 55.2160 60
55.7600 55.8880 60
55.9200 56.1120 59
56.2400 56.3360 60
56.3680 56.5600 59
56.5920 56.7520 56
56.8800 57.0080 59
57.0400 57.4880 60
57.8080 58.4480 60
58.7360 59.3760 60
59.4080 59.5040 61
59.6640 59.9200 60
59.9520 60.5920 62
60.7200 60.9440 62
60.9760 61.0720 66
61.1040 61.6480 67
61.9040 62.4480 62
62.6080 62.6720 65
62.7040 62.7360 66
62.7680 63.2480 67
63.6000 64.2080 62
64.5600 64.6560 64
64.6880 65.3280 65
65.5200 66.0320 62
66.2240 66.3520 66
66.3840 66.6400 67
66.6720 66.8000 65
67.1520 67.2480 62
67.4400 67.8560 62
67.8880 67.9840 60
68.0160 68.4960 58
68.5280 68.6240 59
68.6560 68.9120 60
69.1680 69.3280 62
69.3600 69.4560 61
69.4880 69.6480 62
69.6800 69.8400 60
69.9680 70.0960 60
70.1280 70.3200 59
70.3520 70.6720 60
71.2160 71.2800 57
71.5040 71.6000 58
71.7280 72.2720 58
72.4000 72.4960 58
72.5280 72.5600 59
72.5920 72.7520 60
72.7840 72.9440 63
72.9760 73.0400 65
73.0720 73.1360 68
73.1680 73.2000 69
73.2320 73.3920 70
73.5520 73.8080 69
73.8400 74.1920 65
74.2240 74.7360 62
74.8640 74.8960 65
74.9280 75.0240 66
75.0560 75.3120 67
75.3440 75.4720 65
75.5040 75.6000 66
75.6320 76.3680 67
76.4000 77.0720 62
77.1040 77.1360 65
77.1680 77.2320 66
77.2640 77.4880 67
77.6160 77.8080 67
78.0640 78.7040 62
79.0880 79.1840 64
79.2160 79.8560 65
80.0480 80.5600 62
80.7520 80.8480 65
80.8800 81.1680 67
81.2000 81.4240 65
81.6480 81.7440 62
81.9040 82.0000 62
82.0320 82.1920 61
82.2240 82.3520 62
82.3840 82.4800 60
82.5120 82.6080 59
82.6400 82.9280 58
83.0560 83.0880 59
83.1200 83.4080 60
83.7280 83.8880 62
83.9200 84.0160 61
84.0480 84.1760 62
84.2080 84.4960 60
84.7840 84.8480 59
84.8800 85.2320 60
85.7120 85.8720 55
86.0000 86.1600 57
86.1920 86.7040 58
86.7360 86.7680 57
87.1200 87.2480 60
87.2800 87.3120 61
87.3440 87.5360 62
87.5680 87.7920 65
88.0480 88.2080 67
88.2400 88.2720 64
88.4640 88.8800 62
88.9120 89.0720 61
89.1040 89.1360 64
89.1680 89.2960 65
89.4880 89.5520 60
89.5840 89.6160 61
89.6480 89.8720 62
89.9040 91.0560 60
91.0880 91.1200 61
91.1520 91.2800 62
91.3120 91.3440 61
91.3760 91.4080 59
91.4400 91.6320 58
91.6640 91.6960 59
91.7280 91.9200 60
91.9520 92.0480 61
92.0800 92.4320 62
92.4640 92.4960 61
92.5280 92.5920 60
92.6240 92.6560 59
92.6880 93.2000 58
93.6480 93.6800 59
93.7120 93.7440 60
93.7760 93.8080 61
93.8400 93.9680 62
94.1600 94.2560 59
94.3840 94.5760 60
94.6080 94.7360 61
94.7680 94.8960 62
95.1520 95.3120 59
95.3440 95.4400 60
95.4720 95.5040 61
95.5360 95.7280 62
95.7600 95.9200 63
96.0480 96.2080 65
96.2400 96.2720 63
96.3040 96.3680 59
96.5600 96.9440 58
97.3600 97.3920 60
97.4240 97.4880 61
97.5200 97.6160 62
97.6480 97.6800 61
97.7120 98.0000 58
98.0320 98.0640 59
98.0960 98.3840 60
98.4160 98.5120 62
98.7360 98.8640 58
98.8960 98.9280 59
98.9600 99.0560 60
99.2160 99.2800 60
99.3120 99.3440 61
99.3760 99.6320 62
99.6640 99.8240 60
99.8560 99.9840 58
100.1440 100.2080 58
100.4640 100.5920 58
100.6240 100.6560 59
100.6880 101.0400 60
101.2000 101.2640 61
101.2960 101.4560 60
101.4880 102.3520 62
103.0560 103.0880 60
103.1200 103.2480 61
103.2800 103.9200 60
103.9520 103.9840 59
104.0160 104.1760 58
104.5920 104.7200 61
104.7520 105.0080 62
105.3600 105.5520 60
105.5840 105.6160 61
105.6480 105.7760 62
106.0000 106.0960 58
106.1280 106.1920 59
106.2240 106.3520 60
106.4800 106.5760 61
106.6080 106.7680 62
106.9600 107.0880 60
107.1200 107.1520 59
107.1840 107.7280 58
108.2080 108.3040 60
108.3360 108.3680 61
108.4000 108.4960 62
108.7200 108.9120 58
108.9440 109.1680 60
109.2000 109.2320 61
109.2640 109.4240 62
109.6800 110.0640 60
110.0960 110.2240 62
110.2560 110.3840 63
110.5120 110.7360 65
110.7680 110.7680 61
110.8000 111.3440 58
111.9200 112.0160 60
112.0480 112.2080 62
112.3360 112.5920 58
112.6240 112.6880 60
112.8480 113.2000 61
113.2320 113.5200 58
113.5520 113.9680 60
114.0000 114.2240 62
114.5760 114.7360 60
114.8640 115.3440 58
115.3760 115.8880 60
115.9200 115.9840 58
116.1120 117.1040 58
117.7440 117.9360 65
117.9680 118.0640 62
118.0960 118.4160 60
118.4480 118.5440 62
118.7680 118.9280 55
118.9600 119.0560 56
119.0880 119.0880 59
119.1200 119.2480 62
119.4080 119.4720 61
119.5040 119.6320 62
119.6640 119.7600 60
119.8880 119.9840 60
120.0160 120.0800 59
120.1120 120.2080 58
120.2400 120.7200 60
121.3920 121.6160 62
121.6480 121.8080 65
121.8400 122.0320 67
122.2880 122.5120 67
122.5440 122.9600 65
123.2480 123.2800 60
123.3120 123.3760 61
123.4080 123.7600 62
123.7920 123.8560 60
123.8880 123.9520 59
123.9840 124.4320 58
124.9760 125.0080 64
125.0400 125.2320 65
125.2640 125.3600 62
125.3920 125.4240 61
125.4560 125.6480 60
125.6800 125.7760 62
126.0640 126.1920 56
126.3840 126.4800 61
126.5120 126.6720 62
126.7040 126.8000 61
126.8320 126.9280 62
126.9600 127.2160 60
127.4400 127.6000 58
127.6320 127.6640 59
127.6960 128.0160 60
128.4960 128.6560 60
128.7840 129.0720 60
129.1040 129.2960 59
129.3280 129.3280 57
129.3600 129.4880 55
129.6160 129.6480 58
129.6800 129.7120 59
129.7440 130.2240 60
130.4800 130.5440 61
130.5760 130.8640 60
130.9920 131.1200 60
131.4080 132.0480 60
132.0800 132.1120 61
132.1440 132.2080 62
132.4000 132.5600 59
132.5920 132.6880 60
132.7200 133.3600 62
133.7120 133.9040 66
134.2560 134.3840 67
134.6080 134.7040 61
134.7360 134.8960 60
134.9280 134.9920 62
135.1840 135.3440 60
135.5360 135.5360 61
135.5680 136.7200 67
136.7840 136.8160 66
136.8480 138.0320 65
138.2240 138.8000 62
138.9600 139.0560 66
139.0880 139.3440 67
139.3760 139.6000 65
139.8880 139.9840 62
140.1440 140.5600 62
140.5920 140.7200 60
140.7520 141.2640 58
141.2960 141.5520 60
141.5840 141.6480 61
141.9360 142.0640 62
142.0960 142.3840 61
142.4160 142.8640 60
142.8960 143.0560 59
143.0880 143.4080 60
143.8560 144.0160 56
144.1760 144.2400 57
144.2720 145.2640 58
145.2960 145.4560 60
145.4880 145.6160 62
145.6480 145.7120 63
145.7440 145.8080 66
145.8400 145.9040 69
145.9360 146.1280 70
146.2560 146.5120 69
146.6400 146.9280 65
146.9600 147.5680 62
147.6000 147.6320 65
147.6640 147.7280 66
147.7600 148.0160 67
148.0480 148.2080 65
148.2400 148.3360 66
148.3680 149.3600 67
149.3920 149.8080 62
149.8400 149.9360 66
149.9680 150.5760 67
150.7360 151.4080 62
151.8240 151.9200 64
151.9520 152.5920 65
152.7840 153.2960 62
153.4880 153.5840 65
153.6160 153.8720 67
153.9040 154.1600 65
154.3520 154.4480 62
154.6400 154.7360 62
154.7680 155.0880 61
155.1200 155.2160 60
155.2480 155.3440 59
155.3760 155.6640 58
155.7600 155.8240 59
155.8560 156.1440 60
156.4640 156.9120 62
156.9440 157.0400 60
157.0720 157.1680 59
157.2000 157.3920 58
157.4880 157.5840 59
157.6160 157.9680 60
158.3840 158.5760 55
158.7360 158.8960 57
158.9280 159.5040 58
159.8560 160.0480 60
160.0800 160.3040 62
160.3360 160.5280 65
160.7520 160.9120 67
160.9440 160.9440 65
161.2000 161.8400 62
161.8720 162.0320 65
162.2240 162.3200 60
162.3520 162.5760 62
162.6080 163.8240 60
163.8560 164.1120 62
164.7840 165.1680 61
165.2000 165.4240 58
165.4560 165.6800 55
165.7120 165.8720 54
166.4160 166.4800 59
166.5120 166.5440 61
166.5760 166.7040 62
166.8640 167.0240 58
167.0560 167.1520 59
167.2800 167.4720 61
167.5040 167.7600 62
168.4960 168.5600 58
168.5920 168.6560 59
168.6880 169.0400 60
169.2000 169.4880 58
170.0640 170.1600 60
170.1920 170.3520 62
170.3840 170.4480 59
170.4800 170.6720 58
170.7040 170.8320 60
170.9920 171.0240 60
171.0560 171.0880 61
171.1200 171.3120 62
171.3440 171.4720 59
171.6320 171.9520 60
171.9840 172.3360 62
172.3680 172.4640 60
172.4960 172.5600 59
172.5920 172.6240 58
172.8160 173.2000 58
174.1600 174.2880 57
174.3200 175.1520 58
175.1840 175.2160 59
175.2480 176.0800 60
176.1120 176.1760 61
176.2080 176.2720 62
176.4960 176.6880 60
176.7200 176.9440 62
176.9760 177.1040 61
177.2960 177.4240 66
177.4560 178.0000 67
178.3200 178.8320 62
178.9280 178.9280 63
178.9600 179.0240 65
179.0560 179.1200 66
179.1520 179.6320 67
179.8560 180.0480 69
180.5920 180.8160 69
180.9440 181.8080 65
181.8400 182.1920 62
182.4160 182.9920 67
183.0240 183.2480 65
183.3760 183.4400 65
183.4720 183.5040 62
183.7600 184.2080 62
184.2400 184.3680 60
184.4000 184.5600 58
184.6880 184.8800 58
184.9120 184.9760 59
185.1040 185.2640 60
185.2960 185.3600 59
185.3920 185.4880 58
185.5200 185.6480 59
185.6800 185.7440 61
185.7760 186.2240 60
186.3840 186.5120 60
186.5440 186.7040 59
186.7360 187.0240 60
187.0560 187.0880 59
187.1200 187.5680 58
187.6000 187.8560 60
187.9200 188.1120 61
188.2400 188.3680 58
188.5600 188.9120 58
188.9440 189.1040 60
189.1360 189.2960 62
189.4240 189.4880 67
189.5200 189.7760 70
189.9040 190.1600 70
190.3200 190.4800 65
190.6080 191.0880 62
191.2480 191.6640 67
191.6960 191.8240 65
191.8560 191.9520 66
191.9840 193.0400 67
193.4560 193.5840 66
193.6160 193.8400 67
193.9680 194.1600 67
194.1920 194.1920 65
194.3520 194.4480 61
194.4800 195.0560 62
195.0880 195.1840 65
195.4720 195.5680 64
195.6000 196.1440 65
196.1760 196.3360 60
196.5920 196.7840 62
197.1040 197.2000 65
197.2320 197.5200 67
197.5520 197.7760 65
198.0000 198.0960 62
198.2560 198.3840 62
198.4160 198.5440 61
198.5760 198.7040 62
198.7360 198.8320 60
198.8640 198.8960 59
198.9280 199.2480 58
199.4400 199.4720 59
199.5040 199.7600 60
199.7920 199.8880 59
199.9200 200.1120 58
200.1440 200.4640 61
200.4960 200.6880 60
200.7200 200.8480 59
200.8800 201.0720 58
201.1040 201.2320 59
201.2640 201.5520 60
201.5840 201.6480 59
201.6800 202.0320 58
202.0640 202.1600 59
202.1920 202.3200 60
202.4800 202.5120 60
202.5440 202.6080 61
202.7360 202.8320 59
202.8640 203.0560 58
203.0880 203.1200 57
203.5040 203.6960 60
203.7280 203.9200 62
203.9520 204.1760 65
204.4000 204.5920 67
204.6240 204.6880 65
204.8480 205.4560 62
205.4880 205.6800 65
205.8400 205.9680 60
206.0000 206.2240 62
206.2560 207.3440 60
