1.6800 1.7440 64
1.9360 2.0320 67
2.0640 2.2240 68
2.3840 2.5440 64
2.5760 3.1520 61
3.7600 3.7600 64
3.7920 3.9200 66
3.9520 4.2720 68
4.3040 4.4000 66
4.4320 4.5280 64
4.7200 4.7840 62
4.8160 4.9120 61
5.4560 5.4560 63
5.4880 6.2240 66
6.2560 6.5120 65
6.5440 7.2160 66
7.6960 7.8240 66
7.8560 7.8880 67
7.9200 8.1440 68
8.1760 8.3360 69
8.3680 8.9120 68
9.1040 9.2320 67
9.2640 9.6480 68
9.6800 9.7120 67
9.7440 9.8720 66
9.9040 9.9360 65
9.9680 10.0960 64
10.1280 10.1600 65
10.1920 10.3520 66
10.3840 10.9920 64
11.3760 11.4720 67
11.5040 11.6640 68
11.7920 12.2080 64
12.7520 12.7840 66
12.8160 12.8800 67
12.9120 13.1360 68
13.1680 13.3600 69
13.3920 13.5520 68
13.5840 13.7120 66
13.7440 13.8080 67
13.8400 14.0320 68
14.0640 14.3200 66
14.5120 14.9280 66
14.9600 15.1840 65
15.2160 15.7600 66
15.7920 15.8880 64
16.1440 17.1680 64
18.4160 18.5440 67
18.8640 19.6640 64
20.2400 20.4320 59
20.6880 21.2960 59
23.4400 23.4720 61
23.5040 23.8880 64
23.9200 24.0160 67
24.0480 24.2400 68
24.2720 24.3360 67
24.3680 24.9440 66
24.9760 25.5520 64
25.7120 25.9680 66
26.0000 26.1920 68
26.2240 26.3840 66
26.4160 26.5120 64
26.5440 26.9600 61
27.4080 27.5680 60
27.6000 27.6000 62
27.6320 27.6960 66
27.7280 27.9520 68
28.0480 28.2400 66
28.2720 28.3680 65
28.5600 29.0720 66
29.3920 29.8400 66
29.8720 30.1920 68
30.3520 30.5120 69
30.5440 30.8640 68
31.0240 31.1200 67
31.1520 31.9520 68
31.9840 32.0800 67
32.6240 32.6240 62
32.6560 32.7520 64
32.8800 33.7120 68
33.7440 33.8400 67
33.9680 34.1920 67
34.2240 34.6720 66
34.7040 34.7360 64
34.8640 35.2800 64
35.3120 35.3440 63
35.3760 35.4720 62
35.5040 35.5680 61
35.6000 35.7280 59
36.0800 36.1120 63
36.1440 36.2080 64
36.2400 36.4960 66
36.5280 36.7200 64
36.7520 37.2640 66
37.4240 37.4880 66
37.6480 38.1920 66
38.3520 38.4480 67
38.6080 38.7040 65
38.7360 38.9280 66
38.9600 39.5360 64
40.2720 40.3040 66
40.3360 40.3680 67
40.4000 40.6240 68
40.6560 40.6880 65
40.7200 41.2320 64
41.7760 42.0000 59
42.2240 42.8320 66
42.8640 43.0560 65
43.0880 45.9680 66
46.1280 46.5120 64
46.5440 46.6080 63
46.6400 46.7360 62
47.3120 47.4080 67
47.4400 47.6960 68
47.7280 47.8240 67
47.8560 48.5920 64
48.8800 49.0720 59
49.3600 49.7120 59
50.0000 51.0240 59
52.9760 53.0400 64
53.2000 53.3280 67
53.3600 53.6160 68
53.6480 53.9040 64
53.9360 54.5440 61
55.0560 55.2480 66
55.2800 55.4080 68
55.4400 55.6000 67
55.6320 55.6960 66
55.7280 55.8240 64
56.0160 56.1760 61
56.6880 56.8800 67
56.9120 57.1040 66
57.1360 57.3600 67
57.3920 57.4240 66
57.6160 57.6480 64
57.6800 57.7120 65
57.7440 58.4480 66
58.4800 58.4800 63
58.5120 58.6080 60
58.9600 59.1520 66
59.1840 59.3120 68
59.4400 59.6000 69
59.6320 60.1440 68
60.3680 60.4640 67
60.4960 60.6240 68
60.8160 60.9760 68
61.0080 61.2000 66
61.2320 61.4560 64
61.4880 61.6800 66
61.7120 62.1600 64
62.1920 62.2240 63
62.7040 62.7680 67
62.8000 62.9920 68
63.0240 63.5680 64
64.0480 64.1440 67
64.1760 64.4320 68
64.4640 64.6560 69
64.6880 64.8800 68
64.9120 65.0400 66
65.0720 65.3280 68
65.3600 65.6480 66
65.8080 66.2880 66
66.3200 66.4480 62
66.4800 66.4800 64
66.5120 67.0560 66
67.0880 67.1840 64
67.4720 68.0160 64
68.0480 68.1120 63
68.1440 68.1760 62
69.0400 69.1680 60
69.2000 69.2640 61
69.5520 69.6480 67
69.6800 69.9040 68
69.9360 70.5760 64
71.0240 71.2800 59
71.5360 71.7280 55
71.7600 72.1120 54
72.3680 75.2160 54
75.3760 75.8880 64
75.9200 75.9520 62
76.4000 76.6560 67
76.6880 77.0080 68
77.0400 77.1040 67
77.1360 77.8400 64
77.8720 77.9040 63
78.2240 78.5120 59
78.6720 78.8000 59
78.8320 78.8320 62
78.8640 78.9600 67
78.9920 79.1840 68
79.6000 79.6960 65
79.7280 81.9360 66
82.3200 82.4480 64
82.4800 82.5120 65
82.5440 82.7680 66
82.8000 82.8640 67
82.8960 83.0560 68
83.0880 83.1840 67
83.2160 83.2480 65
83.2800 83.3440 64
83.3760 83.5040 62
83.5360 83.5680 63
83.6000 83.7600 64
83.7920 83.8880 63
84.5920 84.6560 63
84.6880 84.8800 64
85.0720 85.2000 64
85.2320 85.6160 66
85.7440 85.9040 66
85.9360 86.0320 63
86.2240 86.3840 61
86.4160 86.9600 59
87.1200 87.2160 61
87.2480 87.2800 62
87.3120 87.7280 63
87.8560 87.9840 61
88.0160 88.0480 62
88.0800 88.2400 63
88.2720 88.4960 62
88.5280 88.9440 63
88.9760 89.2640 64
89.3920 89.4560 64
89.4880 89.5200 65
89.5520 89.6480 66
89.8400 90.0320 66
90.0640 90.6720 64
91.2800 91.6320 68
91.6640 91.7600 69
91.7920 92.3040 68
92.3360 92.4320 70
92.4640 92.6560 68
92.6880 92.8160 67
92.8480 93.0720 66
93.1040 93.2000 67
93.2320 93.3280 66
93.3600 93.8400 64
93.8720 94.0000 65
94.0320 94.1920 64
94.2240 94.2880 65
94.5120 94.6080 64
94.6400 94.7360 66
94.8960 96.2080 66
96.2400 96.3680 65
96.4000 96.6240 66
96.6560 96.9440 68
97.1680 97.3600 69
97.3920 97.8080 68
97.8400 97.8720 63
97.9040 97.9680 61
98.3200 98.4800 67
98.6080 98.7040 66
98.7360 98.7680 65
98.8000 98.8960 64
99.0240 99.3760 64
99.5040 99.7920 64
99.8240 99.8560 63
100.1440 100.2080 64
100.2400 100.2720 65
100.3040 100.5280 66
100.5600 100.8480 64
100.8800 101.0400 61
101.0720 101.2320 59
101.7760 101.9360 61
101.9680 102.4800 63
102.6400 103.0560 63
103.1840 103.8560 64
103.9200 103.9200 64
104.0480 104.2720 64
104.4960 104.6560 66
104.7840 105.0400 68
105.2000 105.4560 64
105.4880 105.6160 61
106.2240 106.3200 67
106.3520 106.5120 68
106.6080 107.1200 64
107.7280 107.9200 59
108.1760 108.2080 66
108.2400 108.3680 67
108.4000 108.7200 66
108.7520 108.7840 62
108.8480 108.8800 62
108.9120 108.9760 65
109.0080 111.6640 66
111.6960 111.8880 67
111.9200 111.9840 66
112.0160 112.2080 65
112.2400 112.4320 64
112.4640 112.5280 63
112.5600 112.7200 62
113.2640 113.3280 67
113.3600 113.7760 68
113.8080 113.9040 67
113.9360 113.9680 65
114.0000 114.1600 64
114.2880 114.6080 64
114.9280 115.0240 61
115.0560 115.1520 64
115.2800 115.4080 64
115.4400 115.4720 65
115.5040 115.5040 67
115.5360 115.6320 71
115.6640 116.1120 73
116.2400 116.3360 70
116.3680 117.6160 71
117.7760 117.9040 74
117.9360 119.0240 75
120.3040 120.3360 75
120.3680 121.5520 76
134.5440 134.6080 70
134.7680 134.8640 71
134.8960 135.0240 72
135.0560 135.4080 71
135.5360 135.6960 66
135.9520 136.5600 64
136.7520 136.9120 67
136.9440 137.6800 64
137.8720 137.9360 60
137.9680 138.3200 59
139.5040 139.7280 62
139.7600 140.2720 63
140.4640 140.5920 62
140.6240 140.7520 63
140.9120 140.9760 62
141.0080 141.0720 61
141.1040 141.2000 59
141.3920 142.6400 59
143.5680 143.6000 65
143.6320 143.6960 66
143.7280 143.7600 67
143.7920 143.8560 68
144.0800 144.2080 66
144.2400 144.3040 65
144.5280 144.7200 61
145.0720 145.0720 65
145.1040 145.1360 67
145.1680 145.2320 68
145.2640 145.3600 65
145.3920 145.5520 64
146.2240 146.3200 65
146.3520 146.7680 66
146.8960 147.1840 66
147.4080 147.5360 66
147.5680 147.6000 65
147.6320 147.6960 64
147.7280 147.7600 63
148.3040 148.5280 61
148.5600 148.6240 63
148.7840 149.0400 63
149.2320 149.6160 63
149.9680 150.0320 62
150.0640 150.1920 63
150.4160 150.8000 64
150.8320 150.9280 65
151.1200 151.3440 66
151.3760 151.8560 64
151.8880 152.2400 66
152.2720 152.3040 67
152.3360 152.5600 68
152.5920 152.6240 67
152.6560 152.7200 66
152.7520 152.8160 64
152.8480 152.9120 63
153.0400 153.6800 64
153.7120 153.8400 65
153.8720 154.6400 66
154.8960 155.0880 66
155.1200 155.3120 64
155.9840 156.1760 62
156.2080 156.7840 63
156.9440 157.2960 63
157.4560 157.5520 63
157.7440 158.2240 64
158.4480 158.6400 64
158.6720 158.7040 65
158.7360 159.0560 66
159.4080 160.6560 64
167.9840 168.0480 63
168.2400 168.2720 66
168.3040 168.3360 67
168.3680 168.6240 68
168.6560 168.8800 64
168.9120 169.5840 61
170.0000 170.0320 61
170.0640 170.2240 66
170.2560 170.2880 67
170.3200 170.3840 68
170.5440 170.8000 68
171.0240 171.0880 67
171.1200 171.2800 66
171.7600 171.8560 67
171.8880 172.2080 68
172.2400 172.5280 69
172.6560 172.7200 70
172.7520 172.8160 71
172.8480 172.9440 68
172.9760 173.5840 66
174.0320 174.2240 66
174.2560 174.4800 68
174.5120 174.6720 69
174.7040 174.8640 68
174.9920 175.3120 68
175.5040 175.5680 67
175.6000 175.6640 68
175.7920 176.0480 68
176.0800 176.2080 66
176.2400 176.2720 65
176.3040 176.4640 63
176.4960 176.5280 66
176.5600 176.6880 67
176.7200 177.2640 64
177.7440 177.8080 67
177.8400 178.6080 68
179.0880 179.1840 67
179.2160 179.9200 68
179.9520 180.0800 66
180.1120 180.2080 69
180.2400 180.3680 68
180.4000 180.6880 66
180.8480 181.2960 66
181.3280 181.3920 63
181.5840 181.6800 66
181.8080 182.0960 66
182.1280 182.1920 63
182.5120 182.9280 64
182.9600 182.9920 62
183.3760 183.4400 67
183.4720 183.5360 68
183.8240 184.3360 64
184.5280 185.0720 64
185.3920 185.8080 66
185.8400 185.8720 67
185.9040 186.0960 68
186.1280 186.2560 67
186.2880 186.3200 65
186.3520 186.4160 64
186.5440 186.5760 63
186.6080 186.9920 64
187.0240 187.1200 62
187.2800 187.9840 59
188.2720 188.4960 62
188.6880 188.7200 63
188.7520 188.8480 64
188.8800 188.9440 62
188.9760 189.0080 61
189.1680 189.2000 62
189.2320 189.2960 63
189.3280 189.5840 64
189.6160 189.6800 62
189.8400 190.1280 61
190.1600 190.2880 62
190.3200 190.3840 63
190.4160 190.6720 64
191.1840 191.2480 65
191.2800 191.6960 66
192.0800 192.4000 64
192.7840 192.8800 70
192.9120 193.4240 71
193.4560 193.7760 67
193.9040 194.0640 67
194.0960 194.3200 64
194.3520 194.4800 65
194.8320 194.8640 61
194.8960 195.2480 62
195.2800 195.4080 63
195.4400 195.5680 62
195.7280 196.7520 63
196.7840 196.9440 64
197.0720 197.2320 64
197.2640 197.2960 65
197.3280 197.7760 66
197.8080 197.8720 67
197.9040 197.9680 68
198.2560 198.6080 64
199.1840 199.3120 67
199.3440 199.4720 68
199.6000 200.1120 64
200.7520 200.8480 59
200.8800 200.9120 58
200.9440 200.9760 57
201.1680 201.3600 55
201.3920 201.6800 54
201.8080 201.8080 61
201.8400 201.8720 64
201.9040 201.9680 65
202.0000 203.4400 66
203.4720 203.6640 64
203.6960 204.8800 63
205.0400 205.2320 63
205.2640 205.6160 64
205.6480 205.6800 63
206.1920 206.2880 70
206.3200 206.5440 71
206.5760 206.9920 68
207.1200 207.2160 67
207.2480 207.4080 68
207.4400 207.5680 67
207.8240 208.0800 64
208.2720 208.4000 64
208.4320 208.4320 68
208.4640 208.8160 73
208.9440 209.0720 69
209.1040 210.7680 71
210.9280 211.0560 74
211.0880 211.2800 75
211.3120 211.3760 74
211.4080 211.9840 71
212.5920 212.6880 66
212.7200 212.8480 68
212.8800 213.1040 71
213.2320 213.3600 71
213.3920 213.5200 73
213.5520 214.0320 71
214.2240 214.2880 67
214.3200 214.3840 66
214.6720 215.2800 64
216.5280 216.6560 56
216.6880 216.7200 57
216.7520 216.8800 59
217.1040 217.2640 67
217.2960 218.5440 64
218.8320 218.9600 61
218.9920 220.7200 59
