28.8800 29.3280 62
29.3600 29.4560 63
29.8080 30.8960 62
31.2480 31.8560 59
31.8880 31.9200 58
31.9520 31.9840 57
35.6960 36.1440 62
36.1760 36.2720 63
36.3040 37.0080 64
37.0400 37.2320 65
37.2640 37.6800 66
37.7120 38.0320 67
38.0640 38.1920 64
38.3200 38.4480 64
38.4800 38.5120 63
42.5440 42.9600 62
42.9920 43.0880 63
43.4720 44.4320 62
44.6880 44.7520 60
45.0080 45.0400 58
45.0720 45.4240 59
45.4560 45.5840 58
45.6160 45.6800 57
47.7280 47.8880 59
48.3680 48.6880 59
48.7200 48.8480 58
48.9760 49.0720 59
49.2640 49.9360 59
50.2240 50.4480 59
50.7040 50.7680 59
50.9920 51.3120 59
51.3440 51.9520 55
51.9840 52.4640 54
56.1120 56.7200 62
56.7520 56.7840 63
56.8160 56.9120 64
56.9440 58.1600 62
58.1920 58.2560 60
58.4800 59.1200 59
62.5760 62.8960 62
62.9280 63.3760 64
63.6320 63.8880 64
63.9200 64.0800 65
64.1120 64.8160 66
64.8480 65.0400 67
65.0720 65.2320 64
65.2640 65.6480 65
65.6800 65.8080 64
65.8400 65.9360 62
65.9680 66.0000 60
69.4560 69.9040 64
69.9360 70.0320 63
70.0640 71.3120 62
71.6000 71.6640 60
71.8240 72.4000 59
72.4320 72.4960 58
72.5280 72.6880 57
72.7200 72.7520 56
74.0640 74.2560 57
74.2880 74.3200 58
74.3520 74.8320 59
74.8640 75.0880 60
75.1200 75.4720 59
75.7280 75.9200 60
75.9520 76.4000 59
76.5600 76.6240 60
76.9440 77.3920 59
77.4240 77.5840 60
77.6160 77.9040 59
77.9360 78.0000 58
78.0320 78.0960 57
78.6400 79.5040 54
81.0080 81.2320 54
81.2640 81.7120 55
81.9040 82.0000 55
82.0320 82.0640 56
82.0960 82.1920 57
82.3840 82.7680 55
82.8000 82.9920 56
83.1840 83.4400 54
83.4720 83.7280 55
83.7600 83.9520 56
83.9840 84.1120 55
84.1440 84.2720 53
84.3040 84.4000 52
84.5280 84.6560 54
84.6880 85.3920 55
85.4240 85.4880 56
85.5200 85.5840 57
85.7760 86.0320 55
86.0640 86.1600 56
86.1920 86.2880 55
86.6080 86.7680 54
86.9280 87.3120 55
88.1760 88.2080 54
88.2400 88.7200 55
88.7520 88.9440 57
88.9760 89.0080 56
89.0400 89.3600 55
89.3920 89.8720 56
90.1280 90.3840 57
90.4160 90.6720 59
90.7040 90.9280 60
90.9600 91.3120 59
91.3440 91.5360 60
91.5680 93.5840 59
94.6720 95.1840 59
95.2160 95.2800 63
95.3120 95.3440 66
95.3760 95.4400 67
95.6640 96.6560 66
96.6880 96.7520 63
96.7840 96.8160 61
96.8480 97.0720 59
97.2640 98.5120 64
98.5440 98.5760 62
98.6080 98.8320 60
98.8640 99.4400 59
99.4720 99.5360 58
99.5680 99.6000 57
101.4560 101.8720 59
101.9040 102.0000 60
102.0320 102.0960 61
102.1280 102.1920 64
102.2240 102.4800 67
102.5120 103.0560 66
103.0880 103.3120 67
103.3440 103.6000 66
103.6320 104.0160 64
104.0480 105.4240 67
105.6480 106.0320 69
106.0640 106.1280 67
106.1600 106.1920 65
106.2240 106.6080 64
106.6400 107.0560 65
108.2400 108.2720 69
108.3040 108.3680 70
108.4000 108.5600 71
108.5920 108.7840 72
108.8160 109.2000 71
109.2320 109.3600 70
109.9040 110.2240 67
110.2560 110.3520 69
110.5760 110.9600 64
111.6000 112.6560 71
112.6880 112.9440 69
113.0080 113.2320 72
113.2640 113.4560 74
113.4880 113.8720 72
113.9040 114.2880 71
114.8960 115.2800 67
115.3120 115.7920 69
115.8240 115.8560 70
115.8880 116.3360 71
116.3680 116.4320 68
116.4640 117.2640 67
117.5840 117.7120 66
117.7440 117.8080 65
117.8400 117.8720 64
118.5760 118.7680 62
118.9600 119.1840 64
119.2160 119.3120 63
120.3360 120.4640 66
120.4960 120.6560 67
120.8160 120.9760 66
121.2000 121.4240 67
121.6800 121.8720 66
121.9040 122.1600 67
122.2880 122.4160 64
122.4480 122.6720 65
122.7040 122.7680 64
130.8640 131.7280 67
131.7600 131.7920 70
131.8240 132.4000 71
132.6560 132.7520 69
133.0400 133.2320 69
133.6480 133.7760 64
136.6240 138.4160 62
138.4480 138.5760 61
138.6080 138.7360 60
138.8960 139.4080 59
139.4400 139.6000 58
139.6320 140.3680 57
140.4000 140.6560 56
140.6880 140.7520 57
143.1520 143.2480 63
143.2800 143.6960 62
143.7280 143.7600 63
143.7920 144.0800 64
144.1120 144.3040 66
144.3360 144.4640 65
144.4960 144.9440 64
144.9760 145.3280 66
145.3600 145.4880 67
145.6480 146.5120 64
146.9600 147.3760 61
147.4080 147.5040 60
147.5360 148.1120 59
148.1440 148.2720 58
148.3040 148.4000 57
149.9360 150.1920 62
150.3200 150.4800 64
150.5120 150.5760 62
150.7680 150.9280 62
150.9600 151.0240 61
151.0560 151.8880 59
152.0160 152.1760 60
152.3040 152.7520 59
152.7840 153.1040 58
153.1360 154.7680 57
154.8000 155.3760 59
155.4080 155.6000 60
155.6320 156.1760 59
156.2080 156.4640 60
156.4960 156.8800 59
156.9120 156.9440 58
158.7040 158.8640 63
158.8960 159.4720 64
159.5040 159.7920 65
159.8240 161.1360 66
161.4240 162.0320 59
162.0640 162.2880 67
162.4160 163.6640 66
163.6960 163.7920 61
163.9200 165.3600 64
165.3920 165.6160 60
165.6480 166.2880 59
166.3200 166.5440 58
168.1760 168.6240 59
168.6560 168.7200 62
168.7520 168.8160 65
168.8480 169.0720 67
169.1040 169.4240 66
169.4560 169.9040 67
169.9360 170.2880 66
170.3200 170.6720 64
170.7040 171.9840 67
172.0160 172.0800 69
172.2080 172.6880 69
172.7200 172.7840 68
172.8160 172.8800 67
172.9120 173.6480 64
173.6800 174.1280 65
174.9920 176.1120 71
176.5600 177.0080 67
177.0400 177.1680 70
177.2000 177.7120 64
178.3200 179.3440 71
179.3760 179.7280 69
179.7600 179.9200 72
179.9520 180.1440 74
180.1760 180.5600 72
180.5920 181.0080 71
181.6480 182.0320 67
182.0640 182.5120 69
182.5440 183.0560 71
183.0880 183.9840 67
184.2080 184.5920 66
184.6240 184.6880 64
185.2000 185.3920 62
185.5840 186.0320 64
186.9920 187.3440 67
187.4720 187.6640 66
187.7600 188.8800 67
188.9120 190.0640 64
190.0960 190.1280 63
190.2880 190.8640 66
191.4400 191.5360 67
194.3520 194.9600 67
194.9920 195.3120 66
195.3440 195.6320 67
195.6640 195.7600 68
195.7920 195.9840 69
196.0160 196.0800 67
196.1120 196.8480 64
196.8800 197.2640 65
197.2960 197.5200 62
197.5520 197.6480 64
198.6080 198.8640 66
198.8960 199.1200 67
199.1520 199.4080 66
199.4400 200.3680 67
200.4000 200.4320 66
201.0080 201.1040 66
201.1360 201.5840 67
201.6160 202.0000 66
202.0320 202.2560 67
202.2880 202.5120 69
202.5440 202.5760 70
202.6080 205.4560 71
205.4880 205.6800 70
205.7120 207.9520 69
207.9840 208.0800 68
208.1120 208.2720 69
208.3040 208.9120 71
208.9440 209.1680 67
209.2000 209.2320 69
209.2640 209.3600 70
209.3920 209.5200 67
209.5520 209.7120 64
209.7440 210.0000 62
210.0320 210.6080 64
210.6400 211.3120 65
211.3440 212.1440 64
212.6880 212.8800 69
213.0080 213.1360 69
215.0240 215.1520 70
215.1840 215.3760 71
215.4080 215.6640 72
215.6960 216.0800 71
216.1120 216.2080 70
216.7840 217.0720 67
218.4800 218.6080 70
218.6400 219.6000 71
219.8240 220.7200 67
220.7520 221.0400 64
221.9040 222.2240 67
222.2560 222.6080 69
222.6400 223.2480 71
223.4080 223.5040 67
223.6640 224.0800 67
224.4640 224.7520 67
226.0640 226.1280 64
227.6000 227.8880 67
228.0800 228.2080 67
228.4640 228.7840 67
228.9440 229.3920 66
229.5520 229.8400 64
