20.9120 20.9760 59
21.0080 21.0720 60
21.1040 21.2640 61
21.4240 21.9360 59
21.9680 22.1600 61
22.3200 22.4160 59
22.6720 22.8320 57
22.8640 23.0560 58
23.6960 23.8240 58
23.8560 24.1760 59
25.3920 25.4880 59
25.6480 25.9360 57
26.1280 26.2240 56
26.2560 26.3840 55
26.4160 26.7040 54
27.1520 27.2480 53
27.4080 27.6320 55
27.6640 27.7280 56
29.1040 29.2320 59
29.3920 29.4880 57
29.5200 29.6800 58
29.8080 30.0000 56
30.1600 30.3520 54
30.5120 30.7680 52
31.2480 31.4400 52
32.1440 32.2400 57
32.2720 32.4000 58
32.6240 32.7200 58
32.7520 32.8160 57
32.8480 32.8800 56
32.9120 33.0080 55
33.0400 33.4560 54
35.8880 35.9200 58
35.9520 35.9840 59
36.0160 36.0480 60
36.0800 36.3040 61
36.3360 36.5920 59
36.8160 36.8800 59
36.9120 36.9440 60
36.9760 37.2000 61
37.2320 37.5840 59
37.6160 37.8080 61
38.0320 38.1280 61
38.1600 38.2880 62
38.4800 39.0560 59
40.3040 40.6880 59
40.7200 40.7520 60
40.7840 40.8800 61
41.0400 41.5840 61
41.8400 41.8720 64
41.9040 41.9680 65
42.0000 42.1280 66
42.1600 42.1600 64
42.1920 42.2240 61
42.2560 42.3520 60
42.3840 42.8960 59
44.0800 44.2400 59
44.3680 44.4640 59
44.4960 44.5280 60
44.5600 45.3280 61
45.3600 45.4560 62
45.4880 45.5520 63
45.5840 45.6160 64
45.6480 45.7120 65
45.7440 45.8720 66
46.2560 46.3840 63
46.4160 46.5760 64
46.7040 47.0240 62
47.0560 47.1520 61
47.4080 47.8560 59
48.0800 48.1760 61
48.2080 48.2400 62
48.2720 48.9760 63
49.0080 49.0400 62
49.0720 49.4560 61
49.9360 50.0960 59
50.2240 50.3840 58
50.4160 50.7360 59
50.8960 50.9600 64
50.9920 51.0240 65
51.0560 51.1520 66
51.1840 51.2160 65
51.2480 51.2480 63
51.3760 51.5360 59
51.5680 51.7920 58
51.8240 52.1120 59
52.3040 52.3360 64
52.3680 52.4000 65
52.4320 52.5600 66
52.5920 52.5920 64
52.7520 52.8480 59
52.8800 52.9760 58
53.2640 53.5200 55
53.7760 53.8400 55
53.8720 54.0320 56
54.0640 54.1600 57
54.1920 54.4160 58
54.4480 54.6720 59
54.8640 55.1840 61
55.5680 55.6640 61
55.6960 55.7600 62
55.7920 56.4000 63
56.4320 56.4960 62
56.5280 56.9440 61
57.4240 57.6160 59
57.6480 57.8720 58
57.9040 58.2880 59
58.3200 58.3520 60
58.3840 58.4480 64
58.4800 58.5120 65
58.5440 58.6720 66
58.7040 58.7360 65
58.7680 58.7680 63
58.8000 59.0240 59
59.0560 59.2800 58
59.3120 59.6000 59
59.6320 59.6960 60
59.7280 59.7600 61
59.7920 59.8560 64
59.8880 59.9200 65
59.9520 60.1440 66
60.2720 60.4640 60
60.4960 60.5920 61
60.7520 60.8800 63
60.9120 61.0720 64
61.1040 61.1360 63
61.1680 61.7120 62
61.7440 62.0640 61
62.6400 62.8000 59
62.8320 63.1840 61
63.2160 63.4720 62
63.5040 63.6640 61
63.8880 64.1440 61
64.1760 64.3680 60
64.5280 65.0720 59
65.1040 66.4160 61
68.4640 69.0720 63
69.1040 69.2960 60
69.4240 69.9360 62
69.9680 70.0320 60
70.0640 70.2560 58
70.3840 70.5760 58
70.6080 70.7040 59
70.7360 71.0240 62
71.0560 71.1200 61
71.2800 71.5040 60
72.2080 72.6240 62
72.6560 72.7840 63
72.8160 72.8800 62
72.9120 73.2320 60
73.2640 73.5200 62
73.6480 73.7120 61
73.7440 73.8080 60
73.8400 73.9360 59
73.9680 74.3520 58
74.5760 74.7040 63
74.7360 75.0560 65
75.0880 75.2480 63
75.2800 75.3440 62
75.7280 76.0800 56
76.2080 76.7200 55
76.9440 77.2640 53
77.6480 77.7440 56
77.8720 78.1280 65
78.1600 78.2880 63
78.4160 78.6720 63
78.7040 78.7040 61
78.7360 78.7360 59
78.7680 79.3760 56
79.9520 80.2720 58
80.4000 80.6240 58
80.6560 80.7200 60
80.9120 81.2320 60
81.3920 81.4880 57
82.0960 82.1600 61
82.1920 82.2240 62
82.2560 82.7040 63
83.4720 83.6320 63
83.6640 83.8240 62
83.8560 84.0480 63
84.0800 84.5280 60
84.5600 84.7840 63
84.8160 84.9760 62
85.0080 85.0720 60
85.1040 85.1680 59
85.2000 85.5520 58
85.8080 86.0000 63
86.0320 86.0640 62
86.0960 86.1600 61
86.1920 86.5440 60
87.2160 87.5680 62
87.6000 87.6960 63
87.7280 87.7600 62
87.9520 88.0480 61
88.2080 88.3360 62
88.3680 88.6880 63
88.7200 88.7520 61
88.7840 88.8480 60
88.8800 88.9760 59
89.0080 89.2960 58
89.3280 89.4560 59
89.4880 89.5520 62
89.5840 89.6800 63
89.7120 89.7440 64
89.7760 89.9360 65
89.9680 90.0000 64
90.0320 90.3200 63
90.7680 90.9600 57
91.1840 91.3440 63
91.3760 91.6640 65
92.0800 92.1760 65
92.2080 92.2400 66
92.2720 92.4320 67
92.5920 92.7520 68
92.9760 93.5200 63
94.0320 94.1280 65
94.1600 94.4160 67
94.4480 94.6080 68
94.8320 94.9600 60
94.9920 95.2160 61
95.2480 95.3760 60
95.4080 95.4720 59
95.5040 95.8880 58
96.5920 96.7520 63
96.7840 96.8480 62
96.8800 97.1360 61
97.1680 97.2000 60
97.2320 97.4240 59
97.4560 97.5520 60
97.8400 97.9360 56
98.0960 98.2240 56
98.2560 98.7360 58
98.7680 98.8320 57
98.8640 99.5680 56
104.8160 105.1680 61
105.9360 106.0640 65
106.2880 106.6400 61
106.7680 107.0560 63
112.1120 112.2400 66
112.8160 112.8800 66
113.2640 113.3280 66
113.7760 114.0960 64
114.1280 114.2240 65
114.3840 114.5760 70
114.8320 115.0880 70
115.1200 115.1520 69
115.1840 115.7280 68
115.9840 116.2080 68
116.2400 116.8480 67
116.8800 117.3600 68
118.9600 119.0240 69
122.1920 122.2240 59
122.2560 122.5120 61
122.5440 122.6080 60
122.6400 122.8640 59
123.0560 123.1200 59
123.1520 123.4080 61
123.4400 123.7920 59
123.8240 124.1120 61
124.2720 124.5280 62
124.7520 125.3280 59
126.5440 126.7040 59
126.8320 126.9920 59
127.0240 127.8240 61
127.8560 127.9520 62
127.9840 128.3040 65
128.3360 128.4000 61
128.4320 129.3280 59
130.2560 130.3840 59
130.6400 130.6720 59
130.7040 131.5680 61
131.7280 131.8880 64
131.9200 132.1120 66
132.4320 132.5920 63
132.6240 132.8800 64
132.9120 133.2320 62
133.2640 133.5200 61
133.5520 133.5840 60
133.6160 134.1600 59
134.1920 134.4160 61
134.4480 135.1520 63
135.1840 135.2160 62
135.2480 135.6320 61
136.1760 136.3680 59
136.4000 136.6240 58
136.6560 136.9760 59
137.1360 137.2320 63
137.2640 137.4560 66
137.4880 137.4880 63
137.5840 137.7440 59
137.7760 138.0000 58
138.0320 138.3840 59
138.5440 138.6080 63
138.6400 138.8000 65
139.0240 139.0880 60
139.1200 139.2160 59
139.2480 139.3760 56
139.4080 139.6320 55
139.9520 140.0800 55
140.1120 140.3040 56
140.3360 140.4000 57
140.4320 140.5600 58
140.6880 141.0400 59
141.0720 141.3920 61
141.8080 141.8720 61
141.9040 141.9360 62
141.9680 142.6080 63
142.6400 143.2480 61
143.6960 143.8880 59
143.9200 144.1120 58
144.1440 144.5920 59
144.6240 144.7520 64
144.7840 144.9440 66
145.1040 145.9680 59
146.0000 146.3200 65
146.4800 146.7040 59
146.7360 146.8320 61
146.9920 147.1840 63
147.2160 147.3760 64
147.4080 147.7920 62
147.8240 148.2720 61
148.3040 148.4960 59
148.8800 149.0400 59
149.0720 149.4560 61
149.4880 149.6160 63
149.8080 149.9040 61
150.0960 150.4160 61
150.8000 151.3440 66
151.3760 151.9200 68
151.9520 152.9760 66
154.7360 155.3440 63
155.3760 155.5360 60
155.6640 156.2080 62
156.2400 156.4960 59
156.6240 156.9120 58
156.9440 157.0080 60
157.0400 157.2000 63
157.2320 157.3920 61
157.7120 157.8400 60
158.4800 159.1200 63
159.1520 159.4400 60
159.4720 159.5680 61
159.6000 159.8880 62
159.9200 160.0800 60
160.1120 160.5920 59
160.8480 160.9440 63
160.9760 161.2960 65
161.3280 161.5200 63
161.9680 162.0640 56
162.0960 162.2240 58
162.2560 163.1520 67
163.1840 163.5680 65
164.1120 164.2720 65
164.3040 164.7840 63
164.8160 164.9440 65
165.0720 165.5200 56
166.1920 166.2880 58
166.4480 166.5440 59
166.6720 166.8640 58
166.8960 166.9600 60
167.1520 167.4720 60
167.6640 167.7280 58
168.3360 168.3680 61
168.4000 169.0080 63
169.7120 169.9040 63
169.9360 170.0960 62
170.1280 170.3200 63
170.3520 170.8000 60
170.8320 171.0880 63
171.1200 171.2160 62
171.2480 171.3120 60
171.3440 171.4080 59
171.4400 171.7600 58
172.0480 172.1120 64
172.1440 172.2400 63
172.2720 172.3360 62
172.3680 172.4960 61
172.5280 172.8480 60
173.4560 173.5520 63
173.5840 173.6160 62
173.6480 173.7760 61
173.8080 173.8400 62
173.8720 174.0320 63
174.1920 174.2880 61
174.4480 174.5760 61
174.6080 174.8000 63
174.8320 174.9600 62
174.9920 175.0880 60
175.1200 175.2160 59
175.2480 175.5040 58
175.5360 175.6000 59
175.7600 175.8880 63
175.9200 176.1760 65
176.2080 176.2400 64
176.2720 176.4640 63
177.0400 177.1360 56
177.1680 177.2320 57
177.4240 177.5840 63
177.6160 177.8720 65
178.3520 178.4480 65
178.4800 178.7040 67
178.8320 179.0240 68
179.2480 179.8240 63
180.2080 180.2720 65
180.3040 180.3360 66
180.3680 180.6560 67
180.6880 180.8800 68
181.0720 181.2000 60
181.2320 181.4560 61
181.4880 181.6160 60
181.6480 181.6800 59
181.7120 182.2240 58
182.8320 183.0240 63
183.0560 183.4400 61
183.4720 183.7920 59
184.0480 184.2080 55
184.4320 184.4960 56
184.5280 184.6560 58
184.6880 184.8800 59
184.9120 184.9760 58
185.0080 185.7760 56
189.6480 189.7760 57
189.8080 189.9680 60
190.1280 190.5440 61
190.5760 190.6720 59
190.7040 190.8640 60
191.0560 191.2160 58
191.2480 191.3120 57
191.3440 191.4080 56
191.5360 191.7280 56
191.9520 191.9840 63
192.0160 192.0800 64
192.1120 192.3680 66
192.4000 192.5600 64
192.5920 192.9120 65
192.9440 193.2960 66
193.3280 193.3920 65
193.4240 193.5840 63
193.6160 193.8400 65
193.8720 194.0320 63
194.0640 194.1280 62
194.1600 194.5760 61
194.7040 195.2160 61
195.2480 195.4720 60
195.5040 195.6000 61
195.7280 195.8560 60
196.0160 196.0800 57
196.1120 196.3040 56
196.3360 196.3680 57
196.4000 196.6560 58
196.6880 197.2960 61
197.5840 197.7440 61
197.7760 197.8400 62
197.8720 198.0320 63
198.0640 198.2560 65
198.2880 198.4160 64
198.5440 198.6720 65
198.9920 199.1200 63
199.1520 199.3440 65
199.5040 199.7920 63
199.8240 200.1120 65
200.1440 200.1760 64
200.2080 200.2720 63
200.4000 200.5920 65
200.6240 200.9440 66
200.9760 201.0720 68
201.1040 201.2000 66
201.3920 201.5840 65
201.6160 201.6800 63
201.8400 202.1920 63
202.2240 202.2880 62
203.4720 203.5680 65
203.6000 203.7280 64
203.7600 203.8240 63
203.8560 204.0800 65
204.1120 204.2720 62
204.4320 204.5600 63
204.5920 204.8480 65
204.8800 204.9440 63
204.9760 205.0720 62
205.1040 205.2320 60
205.3600 205.6160 60
205.6480 205.7120 61
205.7440 206.0000 65
206.0320 206.0640 63
206.2880 206.5760 62
207.2160 207.4720 65
207.5040 207.6000 63
207.6320 207.8560 65
207.8880 207.9200 63
207.9520 208.1440 62
208.1760 208.3040 63
208.3360 208.5280 65
208.6560 208.7200 63
208.7520 208.8480 62
208.8800 209.3600 60
209.6160 209.7120 65
209.7440 209.9360 67
209.9680 210.2880 65
210.7040 211.0560 58
211.1840 211.1840 67
211.2160 211.8560 69
211.9840 212.3040 67
212.8800 213.2640 66
213.4240 213.6800 65
213.7120 213.7440 63
213.7760 214.9280 58
215.4080 215.5360 59
215.5680 215.7280 61
215.8880 216.1120 60
216.1440 216.2720 58
216.6560 216.7520 63
216.7840 217.0400 65
217.0720 217.1680 63
217.2960 217.4240 62
217.5840 217.7120 63
217.7440 218.0000 65
218.0640 218.2560 65
218.4800 219.0240 65
219.1520 219.5360 62
219.5680 219.7600 65
219.7920 219.9520 63
219.9840 220.0800 62
220.1120 220.1440 61
220.1760 220.5600 60
220.8160 221.0080 65
221.0400 221.0720 64
221.2000 221.5200 62
222.1920 222.2880 65
222.4480 222.5760 63
222.6080 222.7680 65
222.9280 223.0240 62
223.1840 223.3120 63
223.3440 223.5360 65
223.5680 223.6320 64
223.6640 223.6960 63
223.7280 223.8560 62
223.8880 223.9520 61
223.9840 224.3680 60
224.4000 224.5280 61
224.5600 224.6880 65
224.7200 224.7840 66
225.0080 225.2640 65
225.7760 225.9360 58
226.1920 226.3200 65
226.3520 226.5440 67
226.5760 226.6080 66
227.0880 227.2480 67
227.2800 227.5360 69
227.5680 227.7600 70
227.9840 228.5280 65
228.9440 229.1040 67
229.1360 229.3920 69
229.4240 229.5840 70
229.7760 229.9040 62
229.9360 230.2240 63
230.2560 230.4160 62
230.4480 230.4800 61
230.5120 231.1200 60
231.6320 231.9520 65
231.9840 232.1120 63
232.1440 232.2720 62
232.4320 232.6240 62
232.6560 232.7200 59
232.7520 232.8160 58
232.8480 233.0720 57
233.2320 233.3280 58
233.3600 233.4240 59
233.4560 233.5200 60
233.7120 233.8080 61
233.8400 233.9040 60
233.9360 234.9280 58
