1.6480 1.7440 60
1.8720 2.1600 59
3.6320 3.6960 64
5.0400 5.2640 67
5.2960 5.5840 65
5.8400 6.0320 73
6.6720 6.8000 75
7.4400 7.6640 71
10.5440 10.6400 58
10.6720 10.7360 57
14.9920 15.0560 56
15.0880 15.3120 55
16.6880 16.8800 55
23.2800 23.4080 65
23.6960 24.1760 67
24.2080 24.5600 69
25.7760 25.8720 67
26.4480 26.5120 67
26.7680 26.8000 67
26.8320 27.2160 69
27.2480 27.3120 68
29.4240 29.6800 65
29.8080 30.3200 67
30.3520 30.6720 69
30.7040 30.7360 68
30.9280 30.9920 70
31.6960 31.7280 67
32.8800 33.1040 64
33.2640 33.3920 62
33.4240 33.5840 65
33.6160 33.6480 62
33.6800 34.0320 60
34.3520 34.5760 57
34.7680 34.9600 57
34.9920 35.3120 58
35.3440 35.5360 57
35.7600 35.8880 58
36.2720 36.3040 58
36.3360 36.3680 61
36.4000 36.4640 62
36.4960 36.5920 65
36.6240 36.6560 63
36.6880 36.7200 61
36.7520 37.0400 60
37.4880 37.9040 58
37.9360 38.0320 57
38.0640 38.3840 58
38.4160 38.5120 57
39.4400 39.5360 62
39.5680 39.6960 65
39.7280 39.8240 62
39.8560 40.0480 60
40.4960 40.7840 58
40.9440 41.7440 58
41.7760 42.3520 60
42.3840 42.4800 62
42.5120 42.5760 64
42.7040 43.1200 65
43.1520 43.1520 63
43.5040 44.0160 60
44.2720 44.4000 69
44.4320 44.5920 70
44.6240 45.0080 69
45.6160 45.6800 62
45.7120 45.8720 65
45.9040 45.9680 61
46.0000 46.2240 60
46.6400 47.5680 58
47.6000 47.7280 57
48.6240 48.6240 59
48.6560 48.7200 62
48.7520 48.7840 64
48.8160 48.9760 65
49.0080 49.0720 62
49.1040 49.4240 60
49.7760 50.2240 58
50.2560 50.3520 57
50.3840 50.6720 58
50.7040 50.8320 57
51.7600 51.8240 63
51.8560 51.9840 65
52.0160 52.0480 63
52.0800 52.1440 61
52.1760 52.4960 60
52.8800 53.1040 58
53.1360 53.3280 57
53.4560 53.7760 58
53.8080 53.8400 59
53.8720 54.6400 60
54.6720 54.7360 61
54.7680 54.8320 64
54.8640 55.3760 65
55.9520 56.1760 60
56.2080 56.3040 59
56.5600 56.8160 70
56.8480 57.2320 69
57.4880 57.9360 69
57.9680 58.0640 67
58.0960 58.5120 65
58.8000 58.9280 60
59.0880 59.0880 65
59.1200 59.4400 69
59.4720 59.6000 67
59.6320 59.9840 65
60.3680 60.4960 72
60.5280 60.6560 67
60.6880 60.7520 69
60.9760 61.1040 67
61.1360 61.5520 65
62.0640 62.1280 63
62.1600 62.3200 68
62.4480 62.5440 69
62.5760 62.6400 67
62.7680 63.0560 65
63.0880 63.0880 62
63.6640 63.7920 67
63.8240 64.0480 69
64.0800 64.2080 67
64.2400 64.2720 65
64.4320 64.7200 65
65.0080 65.1360 58
65.1680 65.2320 62
65.2640 65.3280 66
65.4560 65.7120 67
65.7440 65.7440 65
65.9680 66.2560 65
66.2880 66.5440 62
66.5760 66.6720 65
66.7040 67.0560 67
67.0880 67.0880 64
67.1200 67.3120 62
67.3440 68.1440 60
68.6560 70.0320 69
70.0640 70.1920 67
70.2240 70.3200 69
70.3520 70.3840 67
70.4800 70.5120 67
70.5440 70.8000 69
70.8320 70.8960 67
70.9280 71.1520 69
71.3440 71.5680 69
71.8880 72.2080 69
72.3040 72.3680 70
72.4000 72.5600 72
72.5920 72.6240 70
72.8160 73.5200 67
73.7120 73.7760 67
74.4800 74.5120 70
74.5440 74.6400 72
74.6720 74.9280 70
74.9600 75.3440 69
75.3760 75.9200 67
75.9520 76.0800 69
76.1120 76.3360 67
76.3680 76.4000 69
76.4320 76.4960 68
76.9120 77.0720 67
77.1040 77.5840 69
77.8720 78.0320 69
78.0640 78.2240 67
78.2560 78.4800 69
78.9920 79.9840 67
80.5920 80.6240 70
80.6560 80.7520 71
80.9120 81.1360 70
81.1680 81.1680 68
81.2640 81.4560 69
81.6160 81.9680 67
82.4160 82.5120 67
82.7360 82.9600 72
83.1200 83.2800 65
83.4720 83.7280 72
83.8560 83.9840 64
84.0160 84.0480 62
84.0800 84.1760 61
84.2080 84.4000 60
84.6240 84.8480 65
84.9760 85.1680 72
85.3600 85.5520 65
85.7440 85.9040 72
86.1920 86.3520 65
86.5120 86.7040 72
86.7360 87.1520 70
87.2800 87.4400 69
87.4720 87.9200 67
88.2720 88.4000 69
88.4320 88.5280 67
88.6560 89.2640 69
89.4240 89.6160 69
89.6480 89.7440 67
90.0000 90.1280 68
90.1600 90.4480 69
90.5760 90.8960 69
91.3440 92.0480 67
92.0800 92.1440 68
92.7840 92.8160 65
92.8480 92.9760 68
93.0080 93.5840 70
93.6160 93.7120 67
93.7440 93.7760 68
93.8080 94.0960 69
94.1280 94.2560 67
94.2880 95.1200 65
97.8080 97.8080 59
97.8720 97.8720 60
97.9040 97.9040 62
97.9360 98.0640 65
98.2880 98.6080 60
99.0240 99.5680 57
99.6960 99.8880 58
99.9200 100.0160 57
100.0480 100.1120 56
100.9440 101.0080 58
101.0400 101.0400 61
101.0720 101.1360 64
101.3600 101.5840 60
102.0320 102.2880 58
102.7040 102.9600 58
102.9920 103.2160 57
103.9520 104.0160 59
104.0480 104.1120 63
104.1440 104.3040 65
104.3360 104.4000 62
104.4320 104.4640 61
104.4960 104.7520 60
105.2000 105.4560 58
105.4880 105.6800 57
105.7120 106.3200 58
106.3520 106.5120 60
106.7040 106.9920 60
107.3760 107.7600 65
108.0480 108.4320 60
108.6240 108.7840 69
108.8160 109.2000 70
109.2320 109.6480 69
110.1920 110.2240 62
110.2560 110.2880 63
110.3200 110.4160 64
110.5760 110.8640 60
111.1840 111.3120 57
111.3440 111.6320 58
111.6640 111.6960 57
111.9520 112.1120 58
112.3360 112.4000 58
113.3600 113.3600 62
113.6480 113.8720 60
113.9040 113.9360 59
114.4800 114.8640 57
114.8960 115.1840 58
116.3040 116.3360 59
116.3680 116.4320 62
116.4640 116.6240 65
116.6560 116.7200 62
116.7520 117.0080 60
117.0400 117.1040 59
117.3920 117.4560 57
117.4880 117.7440 58
117.7760 117.9360 57
118.1280 118.6080 58
118.6400 119.4080 60
119.4400 119.4400 62
119.4720 119.9840 65
120.3680 120.9440 60
121.1680 121.4880 70
121.5200 121.8720 69
122.1280 122.1920 67
122.2240 122.5440 69
122.5760 122.7040 67
122.7360 123.0880 65
123.6640 123.6960 66
123.7280 123.7920 67
123.8240 124.0800 69
124.1120 124.2400 67
124.2720 124.6240 65
125.0720 125.1680 68
125.2000 125.2960 67
125.3280 125.3920 69
125.5840 125.6480 68
125.6800 125.7760 67
125.8080 125.9360 64
125.9680 126.1280 65
126.7360 126.8320 67
126.8640 126.9600 69
127.0880 127.2480 67
127.3760 127.6320 65
127.6640 127.6640 63
128.2720 128.4000 67
128.4320 128.5920 69
128.6240 128.7840 67
128.8160 128.8160 65
129.0080 129.3280 65
129.8080 129.8400 66
129.8720 130.3200 67
130.3520 130.3840 65
130.5760 130.8960 65
130.9280 131.1840 62
131.2160 131.3120 65
131.3440 131.6960 67
131.7280 131.9200 62
131.9520 132.8160 60
133.2640 133.4240 70
133.4560 133.5840 69
133.6160 133.8080 70
133.8400 134.4160 69
134.4480 134.5120 67
134.5440 134.7360 68
134.7680 134.8320 67
134.8640 134.9920 69
135.0240 135.0560 67
135.1200 135.1520 67
135.1840 135.3760 69
135.4080 135.5040 67
135.5360 135.7600 69
135.9840 136.1760 69
136.4960 136.5600 69
136.6880 136.9440 69
136.9760 137.1680 72
137.3920 138.1920 67
139.0240 139.1840 72
139.2160 139.5360 70
139.5680 139.8880 69
139.9200 140.4000 67
140.5920 140.6880 69
140.8160 140.9440 67
140.9760 141.1360 69
141.3600 141.4880 69
141.5200 141.7120 67
141.7440 141.9040 69
141.9360 142.1280 67
142.1600 142.2560 69
142.5120 142.6400 69
142.6720 142.8640 67
142.8960 143.1840 69
143.2160 143.2480 71
143.5680 144.4000 67
145.1360 145.3920 71
145.5200 145.7440 70
145.9040 146.0960 69
146.2560 146.6080 67
147.0240 147.1200 66
147.3120 147.6000 72
147.7280 147.8880 65
148.0800 148.3680 72
148.8480 149.0720 72
149.2640 149.4880 65
149.6800 149.7120 65
149.9680 150.0960 65
150.4160 150.5440 72
150.5760 150.5760 68
150.8000 151.0240 65
151.1200 151.1200 68
151.1520 151.3440 72
151.3760 152.0800 70
152.1120 152.2400 67
152.3680 152.5280 67
152.8480 153.0720 69
153.1040 153.1360 67
153.2640 153.4560 69
153.4880 153.4880 67
153.6480 153.9040 69
154.0320 154.2240 69
154.2560 154.4160 67
154.4480 155.4720 69
155.6000 155.6640 71
155.8240 156.0160 79
156.0480 156.0480 73
156.0800 156.0800 70
156.1440 156.6560 67
156.8160 156.9120 67
157.4240 157.4880 67
157.5200 157.5840 69
157.6160 158.2560 70
158.2880 158.3520 68
158.3840 158.5760 69
158.6080 158.7040 67
158.7360 159.0560 65
159.2800 159.6640 65
159.8240 159.8880 67
159.9200 160.1440 69
160.1760 160.3680 66
161.0720 161.2960 70
161.3280 161.4560 67
161.4880 161.5840 69
161.8400 161.9040 67
162.3840 162.4480 65
162.5760 162.7040 65
162.8960 162.9280 67
162.9600 163.1520 69
163.1840 163.2160 68
163.2480 163.2800 67
163.5680 163.7600 69
164.0800 164.2080 72
164.2400 164.3680 69
164.8160 164.8480 67
164.9120 164.9120 68
165.1040 165.4240 71
166.0640 166.2880 69
166.6400 166.7680 68
167.1200 167.4400 70
167.4720 167.6320 68
167.6640 167.8240 69
167.8560 167.9200 68
167.9520 168.0800 67
168.2720 168.4640 67
168.4960 168.7520 66
168.7840 168.9760 67
169.2960 169.7760 70
170.5760 170.9280 62
170.9600 171.2800 60
171.7600 171.8240 63
171.8560 172.0160 65
172.0480 172.0480 62
172.0800 172.4320 60
172.8480 173.0400 57
173.2960 173.8720 57
174.7680 174.8000 57
174.8320 174.8960 60
174.9280 175.1200 63
175.1520 175.5040 60
175.5360 175.5680 59
175.9520 176.8480 58
176.8800 177.0080 57
177.9680 178.0000 63
178.0320 178.1920 65
178.2240 178.2880 62
178.3200 178.5120 60
179.0240 179.2800 58
179.4080 179.5360 57
179.5680 180.2400 58
180.2720 180.9120 60
180.9440 180.9760 63
181.0080 181.0720 65
181.2320 181.6160 65
182.0640 182.4800 60
182.7680 182.8320 69
182.8640 183.0880 70
183.1200 183.3440 69
183.3760 183.4400 70
183.6960 183.7920 67
183.8240 184.1120 69
184.1440 184.2400 67
184.2720 184.6560 65
184.9760 185.1360 60
185.1680 185.2000 61
185.2320 185.2320 64
185.2640 185.3280 67
185.3600 185.6160 69
185.6480 185.8080 67
185.8400 186.1920 65
186.6080 186.7040 61
186.7360 186.7360 64
186.7680 186.8640 67
186.8960 186.9600 69
187.1840 187.2160 68
187.2480 187.7280 65
187.7600 187.7920 64
188.3040 188.3360 66
188.3680 188.4000 67
188.4320 188.4960 69
188.6240 188.8160 67
188.8480 189.1680 65
189.2000 189.2640 63
189.8080 189.9360 67
189.9680 190.2240 69
190.2560 190.3840 67
190.4160 190.4480 65
190.6080 190.9280 65
191.4080 191.8880 67
191.9200 191.9520 65
192.1440 192.3680 65
192.5280 192.5920 70
192.6240 193.0400 72
193.0720 193.1040 69
193.1360 193.8720 67
194.8000 194.8960 72
194.9280 195.0560 74
195.0880 195.4080 72
195.4400 195.7280 74
195.7600 195.9200 72
195.9520 196.0160 69
196.0480 196.1760 70
196.2080 196.3360 67
196.3680 196.4960 69
196.5280 196.5600 67
196.7520 196.9120 69
196.9440 197.1040 67
197.1360 197.3280 69
197.4880 197.7120 69
198.0000 198.5120 69
198.6400 198.7360 72
198.8960 198.9280 68
198.9600 199.6960 67
199.7280 199.7920 68
200.5920 200.7520 72
200.7840 201.1360 70
201.1680 201.4880 69
201.5200 201.9680 67
202.2560 202.2560 69
202.4480 202.7360 69
202.9600 203.7280 69
204.0480 204.1760 69
204.2720 204.4000 67
204.4320 204.6240 69
204.7840 204.8800 71
205.2000 205.9040 67
206.8320 206.8320 71
207.0880 207.2800 70
207.4080 207.4720 68
207.5040 207.6320 69
207.8880 208.1440 67
208.5600 208.6880 65
208.9120 209.1360 72
209.2960 209.4880 65
209.6480 209.9040 72
210.0320 210.1920 65
210.3840 210.5760 72
211.1840 211.3440 72
211.4720 211.5360 74
211.9520 212.0160 72
212.3360 212.5280 65
212.6880 212.8800 72
212.9120 213.2960 70
213.4880 213.6160 69
213.6480 213.7440 67
213.8720 214.0640 67
214.5120 214.6080 69
214.8320 215.4720 69
215.6320 216.0160 69
216.0800 217.0400 69
217.1680 217.2320 71
217.3920 217.5200 79
217.8080 218.3200 67
219.0240 219.1840 69
219.2160 219.6960 71
219.7280 219.9200 70
219.9520 220.2400 72
220.2720 220.3040 70
220.3360 220.3680 69
220.4000 220.4640 68
220.4960 220.5600 72
220.5920 220.6560 69
220.6880 220.7520 70
220.7840 220.8800 68
220.9120 220.9760 67
221.0720 221.0720 69
221.3280 221.4560 69
221.4880 221.5840 68
221.7440 221.9360 69
222.1600 222.3520 69
222.6400 222.7360 69
222.9280 223.1840 69
223.2160 223.2480 70
223.2800 223.3440 72
223.4720 223.8880 67
223.9840 223.9840 67
224.0800 224.1120 67
224.1440 224.2720 71
224.3040 224.4640 70
224.4960 224.7520 72
225.2320 225.3280 72
225.3600 225.7440 70
225.7760 226.1280 69
226.1600 226.6400 67
226.8000 226.8640 69
226.9920 227.0880 67
227.1200 227.2480 69
227.6320 227.8240 68
227.8560 228.1120 69
228.1440 228.2080 67
228.2400 228.3040 70
228.3360 228.4000 71
228.6560 228.8160 69
228.8480 229.0400 67
229.0720 229.1680 69
229.2000 229.2640 70
229.3920 229.4240 71
229.4560 229.5520 72
229.8720 230.5440 67
231.2800 231.3760 67
231.5040 231.5680 70
231.7280 231.9520 70
232.0800 232.2400 69
232.4000 232.7520 67
233.5200 233.7760 72
233.8080 233.8080 70
233.8400 233.8400 68
233.8720 234.0320 65
234.2880 234.5440 72
234.6720 234.8640 65
234.9920 235.2160 72
235.3440 235.6640 65
235.7920 235.8880 65
236.1120 236.1760 63
236.2080 236.3040 65
236.5600 236.7200 72
237.0080 237.2000 64
237.3600 237.5200 72
237.5520 238.1600 70
238.1920 238.2880 69
238.3200 238.6720 67
239.0560 239.2480 69
239.2800 239.3440 67
239.4720 239.6320 69
239.6640 239.7920 68
239.8240 239.9840 69
240.0160 240.1760 68
240.2080 241.6160 69
241.6480 241.7440 68
241.7760 241.8720 71
241.9040 242.0640 69
242.0960 242.9280 67
243.6960 244.4960 70
244.5280 244.6240 68
244.6560 244.8160 69
244.8480 245.1360 70
245.1680 245.3600 69
245.3920 246.0640 65
246.0960 246.3840 64
