9.2000 9.2640 61
9.2960 9.3600 62
9.3920 10.1600 63
10.1920 10.2240 62
10.2560 10.2880 61
10.3200 10.4160 60
10.6720 10.7680 57
10.8000 10.8320 58
10.8640 10.9280 61
10.9600 11.0240 62
11.0560 11.2160 63
11.3440 11.6000 63
11.7920 12.0800 63
12.1120 12.1760 62
12.2080 12.2720 61
12.3040 12.3360 60
12.7520 12.8160 60
12.8480 13.1040 62
13.2960 13.4880 61
13.5200 13.6160 60
13.7440 13.8080 60
13.8400 13.8720 59
13.9040 14.1600 58
14.5440 14.7360 58
14.9280 15.3760 61
15.4080 15.6000 60
15.6320 15.7600 59
15.7920 15.9520 58
15.9840 16.0800 57
16.8480 16.8800 61
16.9120 16.9760 62
17.0080 17.2000 63
17.3280 17.3920 63
17.5840 17.8400 63
17.8720 17.9360 62
17.9680 18.0640 60
18.2560 18.5120 57
18.6400 18.7040 61
18.7360 18.8000 62
18.8320 19.3440 63
19.5040 19.7600 63
19.7920 19.8240 62
19.8560 19.9840 61
20.4640 20.5280 61
20.5600 20.7520 62
20.7840 21.1680 61
21.2000 21.2960 60
21.3280 21.5520 59
21.5840 21.8720 58
22.4480 23.0880 61
23.1200 23.2800 60
23.3120 23.4720 59
23.5040 23.7280 58
24.1440 24.3360 58
24.3680 24.4640 59
24.4960 24.8160 60
24.8480 24.9120 59
24.9440 25.3920 58
25.4240 25.4560 57
25.4880 26.0640 56
26.0960 26.1600 57
26.1920 26.3520 58
26.3840 26.4800 57
26.5120 26.5760 56
26.7040 26.8960 56
26.9280 26.9920 57
27.1840 27.2160 60
27.2480 27.4080 61
27.4400 27.6320 60
27.6640 27.7600 59
27.7920 28.2720 58
28.3040 28.4960 59
28.6560 29.2960 58
29.3280 29.5840 57
31.7920 32.0480 58
32.0800 32.1760 59
32.2080 32.5280 60
32.5600 32.5920 59
32.6240 33.0720 58
33.1040 33.2000 57
33.2320 33.6800 56
33.7120 33.7440 57
33.7760 34.0640 58
34.0960 34.1920 57
34.2240 34.8640 56
34.8960 34.9280 60
34.9600 35.1200 61
35.1520 35.3120 60
35.3440 35.4400 59
35.4720 35.9840 58
36.0160 36.1760 59
36.3360 36.8800 58
37.5520 37.6800 63
37.9040 37.9680 63
39.3760 39.6320 63
39.6640 39.6960 66
39.7280 39.7920 67
39.8240 40.7200 68
40.7520 41.4880 70
41.5200 41.9680 72
42.3200 42.5120 68
42.5440 42.9920 72
43.0240 43.0560 71
43.2480 43.8560 65
44.2080 44.4320 63
44.4640 44.9120 65
45.0720 45.1360 64
45.1680 45.2960 63
45.3280 45.3600 64
45.3920 45.6800 65
45.7120 45.7760 66
45.8080 45.9680 68
46.1600 46.2560 65
46.2880 46.8320 67
47.2800 47.3440 66
47.3760 47.4720 65
47.5040 48.3680 68
48.4000 49.1680 70
49.2000 49.6480 72
49.9040 50.0320 66
50.0640 50.1600 68
50.1920 50.2240 71
50.2560 50.3520 72
50.3840 50.5440 73
50.5760 50.7040 72
50.9280 51.5360 65
51.8880 52.1120 63
52.1440 52.4960 65
52.5280 52.5600 64
52.8480 53.1040 63
53.1360 53.2640 65
53.2960 53.4240 66
53.4560 53.6160 68
53.8400 53.9360 65
53.9680 54.5120 67
55.2480 55.2800 72
55.3120 55.3760 73
55.4080 55.6960 75
55.7280 56.2080 72
56.2400 56.5920 70
56.6240 56.6560 69
56.6880 56.8480 68
56.9760 57.1360 68
57.1680 57.1680 66
57.2000 57.6160 63
57.9040 58.6400 63
58.9280 59.0560 66
59.0880 59.0880 68
59.1200 59.2160 73
59.2480 59.5360 75
59.5680 60.0160 72
60.0480 60.4640 70
60.4960 60.5280 69
60.5600 60.9440 68
61.0720 61.4560 63
61.4880 61.7440 61
61.7760 62.3840 63
62.7040 62.7360 66
62.7680 62.8320 67
62.8640 63.7600 68
63.7920 64.4960 70
64.5280 64.8480 72
64.8800 64.9760 70
65.3280 65.5520 68
65.5840 65.6800 72
65.7120 65.8720 73
65.9040 66.0320 72
66.0640 66.1280 71
66.2880 66.9280 65
67.2160 67.4720 63
67.5040 67.9840 65
68.2080 68.4320 64
68.4640 68.8480 65
68.8800 68.9440 66
68.9760 69.0400 68
69.0720 69.1040 67
69.1360 69.3280 66
69.3600 69.8720 67
70.6080 70.7040 61
70.7360 70.7680 62
70.8000 71.1520 63
71.3440 71.5680 63
71.6000 71.6320 62
71.6640 71.6960 61
71.7280 71.7920 60
72.0480 72.1760 57
72.2080 72.3040 58
72.3360 72.3680 61
72.4000 72.4320 62
72.4640 73.1040 63
73.2640 73.5200 63
73.5520 73.5840 62
73.6160 73.7120 61
74.1920 74.2560 61
74.2880 74.5440 62
74.5760 74.9600 61
74.9920 75.1520 60
75.1840 75.3120 59
75.3440 75.5040 58
75.5360 75.6640 57
76.1760 76.2720 61
76.3040 76.4640 62
76.4960 76.7520 61
76.8800 77.0400 60
77.0720 77.2320 59
77.2640 77.3280 58
77.5200 77.6800 57
78.2880 78.3200 61
78.3520 78.5440 62
78.5760 78.6400 63
78.7680 78.8960 62
79.0560 79.2800 63
79.3120 79.3440 62
79.3760 79.4080 61
79.4400 79.5040 60
79.5360 79.5680 59
79.7280 79.9200 56
80.4640 81.2320 63
81.2640 81.2960 61
81.3280 81.3920 60
81.6800 81.7760 58
81.8080 81.8400 59
81.8720 81.9360 60
81.9680 82.1280 62
82.1600 82.2240 61
82.3840 82.4480 61
82.6080 82.7040 60
82.7360 83.0880 59
83.8240 83.8880 61
83.9200 84.0800 62
84.1120 84.5280 61
84.5600 84.6560 60
84.8160 84.9120 59
84.9440 85.0080 58
85.1680 85.2640 57
85.5840 85.6160 57
85.6480 85.7760 58
85.8080 85.9040 59
85.9360 86.2560 60
86.2880 86.3520 59
86.3840 86.8640 58
86.9920 87.5680 56
87.6000 87.8880 57
87.9200 87.9520 56
88.1440 88.3360 56
88.3680 88.4320 57
88.6240 88.6560 60
88.6880 88.8480 61
88.8800 89.1040 60
89.1360 89.2320 59
89.2640 89.7440 58
89.7760 89.9360 59
90.0960 90.7680 58
90.8000 90.9600 57
93.2640 93.4560 58
93.4880 93.5840 59
93.6160 93.9360 60
93.9680 94.0640 59
94.0960 94.7360 58
94.8320 94.8960 60
94.9280 95.0560 61
95.1840 95.4080 59
95.4400 95.5360 58
95.5680 95.6000 57
95.8240 96.2400 56
96.2720 96.3040 57
96.3360 96.4960 61
96.5280 96.7200 60
96.7520 96.8480 59
96.8800 97.4240 58
97.4560 97.5840 59
97.7440 97.9360 59
97.9680 98.2240 62
98.2560 98.7040 63
98.7360 98.9600 62
98.9920 99.5360 63
99.5680 99.6960 65
99.8560 100.1120 67
100.8480 101.0720 63
101.1040 101.1680 66
101.2000 101.2320 67
101.2640 102.1600 68
102.1920 102.6400 70
102.7680 102.8960 70
102.9280 103.3440 72
103.3760 103.3760 70
103.7280 103.7280 65
103.7600 103.9200 68
103.9520 103.9520 70
103.9840 104.0800 72
104.1120 104.2720 73
104.3040 104.4960 72
104.6880 105.2960 65
105.6480 105.8720 63
105.9040 106.4160 65
106.5120 106.7680 63
106.8000 106.8320 64
106.8640 107.0560 65
107.2160 107.4400 68
107.6000 107.7280 65
107.7600 108.2720 67
108.6240 108.9440 67
108.9760 109.8080 68
109.8400 110.6080 70
110.6400 110.9600 72
110.9920 111.0560 70
111.4400 111.5360 68
111.6640 111.6960 71
111.7280 111.7920 72
111.8240 111.9840 73
112.0160 112.1440 72
112.3680 113.0080 65
113.3280 113.5840 63
113.6160 113.9680 65
114.2560 114.5440 63
114.5760 114.7680 65
114.8960 114.9280 67
114.9600 115.1200 68
115.2480 115.3440 68
115.3760 115.7600 67
115.7920 115.8560 65
116.6880 116.7200 72
116.7520 116.8160 73
116.8480 117.1360 75
117.1680 117.6480 72
117.6800 118.0960 70
118.1280 118.5760 68
118.6080 118.6080 66
118.6400 119.0880 63
119.3440 120.1440 63
120.3680 120.4640 66
120.4960 120.4960 69
120.5280 120.5600 72
120.5920 120.6560 73
120.6880 120.9440 75
120.9760 121.1680 72
121.2000 121.3280 74
121.3600 121.4880 72
121.5200 121.6480 70
121.7760 121.9360 70
121.9680 122.3520 68
122.4800 122.8640 63
123.1840 123.7920 63
124.1440 124.1760 66
124.2080 124.2720 67
124.3040 125.0720 68
125.1040 125.1360 69
125.1680 125.4240 70
125.4560 125.5520 68
125.5840 125.6800 70
125.7120 125.8720 72
125.9040 126.0320 71
126.0640 126.3520 72
126.3840 126.3840 70
126.4160 126.4800 67
126.7680 126.8000 67
126.8320 126.9920 68
127.0240 127.1200 72
127.1520 127.3120 73
127.3440 127.5680 72
127.7280 128.4640 65
128.4960 128.5600 64
128.6880 128.9120 63
128.9440 129.4880 65
129.5840 129.8080 63
129.8400 129.8720 64
129.9040 130.1920 65
130.2240 130.2880 67
130.3200 130.4480 68
130.4800 130.5440 67
130.5760 130.7680 65
130.8000 131.3440 67
133.1680 133.3920 68
133.4240 133.4560 69
133.4880 133.6160 70
133.9680 134.0640 62
134.5440 134.5760 58
135.4400 135.6000 57
135.6320 135.6640 60
135.6960 135.7280 61
135.7600 136.0160 62
136.1440 136.4000 61
136.4320 136.4960 60
136.6240 136.7200 59
136.7520 136.9440 58
136.9760 137.0400 57
137.0720 137.1040 56
137.3280 137.4560 56
137.4880 137.5520 57
137.5840 137.6160 60
137.6480 137.7120 61
137.8400 138.2880 61
138.3200 138.5760 60
138.6080 138.6720 59
138.7040 138.8320 58
138.8640 138.9920 57
139.2480 139.5680 57
139.6000 139.6960 58
139.7280 139.8240 59
139.8560 140.6240 60
140.6560 140.7520 59
140.7840 140.8160 58
143.0240 143.1520 57
143.3440 143.4080 61
143.4400 143.6000 62
143.6320 144.0480 61
144.0800 144.2400 60
144.2720 144.4000 59
144.4320 144.7200 58
145.2960 145.3920 61
145.4240 145.5520 62
145.5840 145.9040 61
145.9360 146.1600 60
146.1920 146.3520 59
146.3840 146.4480 58
146.5760 146.7680 56
146.9920 147.9200 56
149.8080 149.9680 56
150.0000 150.0320 57
150.0640 150.0960 58
150.1280 150.1600 59
150.1920 150.4160 60
150.4480 150.5760 59
150.6080 150.7360 58
150.7680 150.9920 57
151.0240 151.1840 58
151.2160 151.3760 59
151.5360 152.1760 58
152.2080 152.3040 57
152.3360 152.4640 56
154.4800 154.5120 59
154.5440 154.6080 60
154.6400 154.8320 63
154.9920 154.9920 66
155.0240 155.1200 68
155.1520 155.2480 69
155.8560 156.5600 70
156.9440 157.2640 72
157.2960 157.9680 70
158.0000 158.2560 72
158.2880 158.2880 70
158.4800 159.1840 65
159.4080 159.6320 63
159.6640 160.3040 65
160.3360 160.5600 63
160.5920 161.0080 65
161.0720 161.2320 67
161.2640 161.3920 65
161.5840 161.8400 67
161.8720 161.9680 68
162.0960 162.2240 63
162.2560 162.3520 65
162.3840 162.4800 64
162.5120 162.7040 67
162.7360 163.6000 68
163.6320 164.3680 70
164.4000 164.7200 72
164.7520 164.8160 70
165.1040 165.2000 67
165.2320 165.4560 68
165.6800 165.6800 68
165.7120 165.7760 70
165.8080 166.0000 72
166.1600 166.5120 65
166.5440 167.1840 63
167.2160 167.8240 65
168.0800 168.3360 63
168.3680 168.4320 66
168.4640 168.8160 68
168.8480 169.5200 67
169.5520 169.6160 65
170.6400 170.8640 56
170.9920 171.0560 56
171.2160 171.4400 56
171.4720 171.8880 58
171.9200 172.3040 60
172.4640 172.5920 62
172.6240 172.8480 61
173.1040 173.4240 63
173.6160 173.6800 63
173.7120 173.9040 65
174.3200 174.3840 72
174.4160 174.7360 75
174.7680 174.9280 72
174.9920 175.1840 72
175.2160 175.6000 70
175.6320 175.6320 68
175.7600 176.2080 61
176.2400 176.6240 63
176.6880 176.9440 60
176.9760 177.6480 63
177.6800 178.0320 65
178.1600 178.2880 65
178.4480 178.9600 68
178.9920 179.4400 70
179.5680 179.6960 70
179.7280 179.9840 72
180.0160 180.1760 68
180.2080 180.3040 65
180.3360 180.4640 63
180.5920 180.6560 62
180.8160 180.9120 63
180.9440 181.0720 65
181.1040 181.1040 71
181.1360 181.2000 74
181.2320 181.6160 72
181.6480 182.1600 75
182.4480 182.5760 70
182.6080 182.9600 72
182.9920 183.0560 70
183.3760 183.5360 68
183.6640 183.8240 67
184.0160 184.1120 70
184.1440 184.4960 68
184.5280 184.8160 70
184.9760 185.2640 60
185.2960 185.3600 58
185.3920 185.3920 56
185.6160 186.6400 56
186.6720 187.3760 58
187.4080 187.8240 60
188.2400 188.4000 68
188.4320 188.9440 72
189.1680 189.7120 65
190.0960 190.3840 63
190.4160 190.8960 65
191.0560 191.3760 63
191.4080 191.6640 65
191.7920 191.8240 65
191.8560 192.0160 68
192.1440 192.2400 65
192.2720 192.7520 67
