9.7760 9.8720 47
10.0000 10.1600 47
10.1920 10.2560 49
10.2880 10.3840 51
10.4160 10.7040 50
12.0800 12.1440 49
12.1760 12.3040 48
12.3360 12.4320 47
13.5520 13.6160 48
13.6480 13.7440 47
29.0400 29.1360 51
29.1680 29.2320 52
29.2640 29.3280 53
29.3600 29.4240 56
29.4560 29.4880 57
29.5200 29.5520 58
29.5840 29.8720 59
29.9040 29.9360 58
29.9680 30.2560 57
30.4480 30.6080 57
30.6400 30.9280 56
30.9600 30.9920 57
31.0240 31.0560 58
31.0880 31.8240 59
32.8480 33.0400 59
33.0720 33.2960 58
33.3280 33.5520 59
33.7760 33.9360 57
34.0640 34.4800 56
34.7040 34.8640 57
34.9920 35.6960 56
36.7840 36.9440 56
36.9760 37.1360 55
37.1680 37.3600 56
37.3920 37.4240 55
37.4560 38.0320 54
38.0640 38.1600 55
38.1920 38.5120 56
38.7040 38.8320 56
38.8640 39.2160 57
39.4080 39.6640 55
39.6960 39.9520 54
40.0800 40.2720 52
40.4320 40.9120 52
44.3040 44.4000 51
44.4320 44.6560 52
44.6880 44.7200 53
44.7520 44.8800 54
45.0080 45.1360 54
45.3280 45.7120 54
45.7440 45.8400 55
45.8720 46.5760 56
46.6080 46.7040 57
46.8640 47.0240 63
47.2160 47.6960 64
47.8560 48.0160 56
48.1440 48.2400 54
48.2720 48.4640 56
48.4960 48.9120 54
48.9440 49.1040 53
49.2640 49.3920 52
49.4240 49.5200 53
49.7120 49.8400 59
49.8720 49.9040 60
49.9360 50.4160 61
51.8240 52.0160 56
52.0480 52.3360 57
52.5280 52.6880 56
52.8800 53.2000 54
53.7760 54.2240 52
55.5360 55.7600 56
55.7920 56.0800 57
56.2400 56.4000 56
56.5600 56.8480 54
57.2640 57.4560 53
57.6160 58.2560 54
62.2880 62.4160 56
62.4480 62.4800 58
62.5120 62.6720 59
62.7040 62.7360 58
62.7680 62.9280 57
62.9600 63.6960 56
63.7280 64.0800 57
64.1120 64.4640 59
64.5920 64.6880 64
64.7200 64.9440 66
64.9760 65.3600 64
65.4880 65.9040 64
66.0960 66.1600 59
66.3520 67.0560 57
68.4000 68.5920 61
68.6240 68.7200 59
68.7520 68.9760 61
69.0080 69.4560 59
69.4880 69.6800 57
69.8400 70.0320 57
70.2560 71.0240 59
71.8240 71.9520 61
72.1760 72.3360 55
72.3680 72.8480 56
73.6480 73.8080 54
73.8400 73.8720 55
73.9040 74.2240 56
74.2560 74.4160 57
74.5760 74.6720 56
74.7040 74.7680 55
74.8000 75.2480 54
75.4400 75.6960 53
75.7280 76.2720 54
76.8480 76.9760 57
77.0080 77.1360 59
77.1680 77.2000 58
77.2320 77.4240 57
77.4560 77.6480 56
77.6800 77.8400 55
77.8720 78.1280 56
78.1600 78.6080 57
78.6400 78.8640 59
79.1200 79.2480 64
79.2800 79.4400 66
79.4720 79.7280 64
79.9840 80.6560 64
80.8480 80.9760 67
81.0080 81.2640 68
81.2960 81.3920 67
81.4240 81.7440 68
81.7760 81.8400 67
82.2880 82.3520 64
82.3840 82.4480 63
82.4800 82.5120 61
82.5440 83.4080 60
84.7840 85.2320 59
85.2640 85.3280 62
85.3600 85.3920 63
85.4240 86.0000 64
86.6080 87.0240 54
87.3760 87.4720 55
87.5040 88.0160 54
88.2400 88.3040 50
88.3360 88.4000 51
88.4320 88.8800 52
88.9120 89.0080 53
89.3280 89.3600 60
89.3920 90.0000 61
90.1280 90.3200 61
96.0800 96.5600 67
97.1040 97.1680 66
97.9040 98.0000 66
101.8720 101.9040 51
101.9360 102.1280 52
102.1600 102.1920 55
102.2240 102.3520 57
102.3840 102.7040 59
102.7360 103.0240 57
103.1840 103.2800 57
103.3120 103.6320 56
103.6640 103.7280 58
103.8880 104.4320 59
105.3280 105.5200 59
105.5520 105.5840 58
105.6160 105.7120 57
105.7440 105.9040 59
105.9360 106.1280 57
106.1600 106.2880 56
106.3200 106.4480 55
106.4800 106.5760 56
106.7680 106.8320 56
107.0880 107.1840 57
107.2160 107.9200 56
107.9520 107.9840 58
108.0160 108.3040 59
109.0080 109.1680 56
109.2000 109.2640 54
109.2960 109.5840 55
109.6160 109.9680 54
110.0000 110.2240 55
110.2560 110.5440 56
110.7040 110.8320 56
110.8640 111.1840 57
111.2160 111.2480 56
111.2800 111.4080 55
111.4400 111.5360 56
111.5680 111.7280 54
112.0160 112.5600 52
113.2320 113.5520 59
113.5840 113.6480 60
113.6800 114.0000 61
114.0320 114.0640 60
115.8240 116.1440 52
116.1760 116.2080 53
116.2400 117.2960 54
117.3280 118.0640 56
118.0960 118.1600 59
118.1920 118.3200 63
118.5120 118.9280 64
119.0880 119.1520 56
119.3440 119.3760 54
119.4080 119.4720 55
119.5040 119.6320 56
119.6640 119.7920 54
119.9520 120.0800 54
120.1120 120.2080 52
120.4000 120.5920 52
120.7840 120.9440 59
120.9760 121.9040 61
122.6720 122.7680 56
122.9600 123.2160 57
123.2480 123.4400 56
123.6320 123.9520 54
124.1440 124.1760 50
124.2080 124.4000 51
124.4320 124.9440 52
124.9760 125.0720 51
125.1040 125.2000 52
126.0320 126.1280 55
126.1600 126.3200 56
126.3520 126.7360 57
126.7680 126.8640 61
126.8960 127.4720 64
127.5040 127.5360 65
127.5680 127.7280 66
127.8880 128.0480 64
128.0800 129.8080 66
129.8400 129.9680 65
130.0960 130.1920 62
130.6080 130.6400 56
130.7040 130.7360 56
130.7680 130.9600 59
130.9920 131.1520 57
131.1840 131.4720 56
131.5040 131.6320 54
131.6640 131.8880 56
131.9200 132.3040 57
132.3360 132.7200 59
132.7520 132.8800 64
132.9120 133.1360 66
133.1680 134.0320 64
134.2240 134.2880 57
134.3200 134.4480 56
134.4800 135.4720 57
135.6320 135.7280 63
136.3680 136.5600 61
136.5920 136.7200 59
136.7520 136.9760 61
137.0080 137.1680 59
137.2960 137.4240 59
137.4560 138.0640 57
138.0960 139.5360 59
139.5680 139.6960 61
139.9200 140.2080 56
140.2400 140.4320 54
140.4640 140.8480 56
141.2960 141.4240 54
141.4560 141.8720 56
141.9040 142.0960 57
142.1280 142.3200 56
142.4480 142.6400 54
142.6720 142.7680 53
142.8000 143.1200 52
143.2480 143.8560 54
144.2720 144.4320 57
144.4640 144.6880 59
144.7200 144.9440 57
144.9760 145.2000 56
145.2320 145.2960 54
145.3280 145.6160 56
145.6480 145.9040 57
146.0960 146.1280 58
146.1600 146.3200 59
146.5440 146.6720 65
146.7040 146.8640 66
146.8960 146.9920 65
147.0240 148.0480 64
148.1760 148.3040 67
148.3360 149.0400 68
149.0720 149.1040 67
149.1360 149.1680 66
149.4560 149.5520 63
149.5840 149.7440 64
149.9360 150.0320 65
150.0640 150.1600 67
150.1920 151.2160 64
151.2480 151.3440 63
151.7920 152.0160 56
152.0480 152.2400 57
152.2720 152.2720 59
152.3040 152.4320 63
152.4640 153.0400 64
153.2640 153.3280 65
153.3600 153.4240 64
153.4560 153.4880 63
153.5200 153.6800 61
153.7120 155.3440 63
155.3760 155.4720 66
155.5040 158.0000 64
158.0320 158.1920 63
158.4480 158.6080 64
158.6400 159.2800 68
159.3120 161.3280 64
161.3600 161.4560 68
166.5120 166.7680 59
168.3360 168.4960 57
168.5280 168.7520 59
168.7840 169.1680 56
169.2000 169.3920 55
169.4240 169.6480 56
169.6800 170.0320 57
170.0640 170.0960 58
170.1280 170.5440 59
170.5760 170.7040 64
170.7360 170.8320 66
170.8640 171.2480 64
171.3760 171.7920 64
172.1760 172.7520 57
174.0640 174.2240 68
174.2560 174.4800 67
174.5120 174.6720 68
174.7040 174.9600 66
174.9920 175.0880 67
175.1200 175.2480 66
175.2800 175.3760 67
175.4080 175.9520 64
175.9840 177.2000 66
177.2320 177.4560 68
177.5840 178.4800 68
178.5120 178.6080 66
179.0240 179.2160 66
179.2480 179.4400 68
179.4720 179.5360 66
179.5680 179.8880 68
179.9200 180.1440 69
180.1760 180.2720 66
180.3040 180.3680 65
180.4000 180.6880 64
180.7200 180.9120 66
180.9440 181.0400 69
181.0720 181.1680 65
181.2000 181.6160 66
182.1920 182.3840 59
182.4160 182.6080 57
182.6400 182.8320 56
182.8640 182.8960 55
182.9280 183.0560 54
183.0880 183.3120 56
183.3440 183.6320 57
183.7920 184.0480 59
184.1760 184.2720 64
184.3040 184.3360 65
184.3680 184.5280 66
184.5600 184.8160 65
184.8480 185.6480 64
185.6800 185.7440 65
185.9040 186.0000 66
186.0320 186.8640 68
187.1520 187.2800 68
187.3120 187.4720 69
187.5040 187.5680 68
187.6000 188.0480 67
188.0800 188.9120 64
188.9440 189.0720 63
189.1040 189.1360 62
189.4880 189.7120 56
189.7440 190.0000 57
190.0320 190.1280 63
190.1600 190.7680 64
190.9600 191.0560 65
191.0880 191.2160 64
191.3440 191.4720 62
191.5040 192.0480 63
192.0800 192.1440 65
192.1760 192.6880 63
192.7200 193.1040 64
193.1360 193.2320 66
193.2640 194.1280 64
194.1600 194.2880 71
194.3200 194.5440 68
194.5760 194.9280 66
194.9600 195.5360 64
195.5680 195.6320 61
195.6640 195.7280 58
196.4000 196.8160 57
196.8480 196.9760 63
197.0080 197.5840 64
197.9040 198.0000 54
198.0320 198.0960 56
198.1280 198.4800 54
198.5120 198.5760 55
198.7680 198.9280 56
199.0560 199.9840 63
200.0160 200.1120 65
200.1440 204.4000 64
204.4320 204.4960 65
