24.5600 24.6880 56
24.7200 24.7840 60
24.8160 24.8800 61
24.9120 25.1360 62
25.4560 25.7440 62
26.3520 26.5120 62
26.7040 26.9280 62
26.9600 27.2800 60
27.6320 27.7280 58
27.7600 27.9200 59
28.0480 28.7840 57
29.4240 29.5200 55
29.5520 29.6160 56
29.6480 29.8080 57
30.0000 30.2560 55
30.2880 30.3200 56
30.3520 30.6080 57
30.6400 30.6720 58
30.7040 30.8960 59
31.3760 31.4080 57
31.4400 31.4720 58
31.5040 31.6960 59
31.7280 31.8880 60
31.9840 32.5600 62
32.5920 32.6240 63
32.6560 32.9120 64
33.9040 34.1920 67
34.2240 34.3520 66
34.5440 34.8000 64
35.1520 35.2800 62
35.3120 35.3440 61
35.3760 35.9520 60
35.9840 36.0800 62
36.1120 36.1440 63
36.1760 36.3680 64
36.4000 37.8080 62
39.7600 39.8880 63
39.9200 40.6240 64
41.2000 41.2960 69
41.3280 41.5200 71
41.5520 41.8400 69
42.0000 42.2560 64
42.2880 42.5120 66
42.8960 42.9920 64
43.0240 43.2160 66
43.2480 43.3120 65
43.3440 43.4720 64
43.5040 43.9200 62
44.4320 44.4640 59
44.4960 44.5600 60
44.5920 44.7200 62
44.8480 44.9760 62
45.0080 45.1680 64
45.2960 45.5520 62
45.5840 45.5840 60
45.6160 45.6480 58
45.6800 45.9360 57
45.9680 46.0000 58
46.0320 46.3520 59
47.2160 47.3120 55
47.3440 47.3440 57
47.3760 47.4080 59
47.4400 47.6000 60
47.7600 47.9520 60
48.1760 48.4640 60
48.9440 49.2960 62
49.3280 49.4240 64
49.4560 50.0960 62
50.1280 50.2560 60
50.2880 50.3200 61
50.3520 50.6720 62
50.7040 50.7360 60
50.7680 50.8640 58
50.8960 51.0560 57
51.0880 51.2480 59
51.2800 51.3120 58
51.3440 51.5360 57
51.7600 51.9200 55
51.9520 51.9840 56
52.0160 53.3920 57
54.4800 54.7040 56
54.8320 54.8960 56
54.9280 54.9920 59
55.0240 55.2800 62
55.4720 55.7920 62
56.2080 56.9120 62
56.9440 57.1680 60
57.2000 57.2320 59
57.4880 57.5200 55
57.5520 57.6160 56
57.6480 57.7120 57
57.7440 57.9040 59
57.9360 57.9680 58
58.0960 58.8000 57
59.3120 59.6640 57
59.8560 59.9840 57
60.0160 60.0800 56
60.1120 60.3680 55
60.4000 60.4320 56
60.4640 60.7200 57
60.7520 60.7840 58
60.8160 61.0080 59
61.0400 61.0720 58
61.2640 61.3920 55
61.4240 61.4560 58
61.4880 61.7120 59
61.7440 62.0000 60
62.0320 62.2240 62
62.3840 62.6720 62
62.7040 63.0880 64
63.9200 64.2080 67
64.2400 64.4000 66
64.4320 64.7520 64
65.0080 65.0720 59
65.1040 65.2000 60
65.2320 65.3600 62
65.3920 65.7440 60
65.7760 65.8400 61
65.9680 66.1600 62
66.1920 66.3520 64
66.3840 66.4160 63
66.4480 68.4000 62
69.7760 70.1280 62
70.1600 71.1200 64
71.1520 71.2160 68
71.2480 71.5360 71
71.5680 71.8240 69
71.8560 71.8560 67
71.8880 72.2080 64
72.2400 72.4640 66
72.9120 72.9440 64
72.9760 73.0080 65
73.0400 73.2960 66
73.3280 73.4880 64
73.5200 73.9360 62
74.4160 74.4480 57
74.4800 74.5760 60
74.6080 75.0560 62
75.2480 75.6000 59
75.8880 76.1760 66
76.2080 76.3680 67
76.6560 76.9120 64
77.1040 77.1680 64
77.2000 77.2320 65
77.2640 77.4560 66
77.6800 77.9040 66
77.9360 78.2240 67
78.6080 78.8320 64
78.8640 79.0240 67
79.1520 79.2480 69
79.2800 79.6960 71
79.7280 79.9200 72
79.9520 79.9840 70
80.0160 80.1120 68
80.1440 80.6560 69
80.6880 81.1680 67
81.2000 83.4400 69
84.1440 84.4640 67
84.4960 84.5280 68
84.5600 84.9760 69
85.0080 85.1680 71
85.2000 85.2000 67
85.2320 85.9040 62
86.1920 86.3840 67
86.4160 87.6960 69
88.5600 88.6880 67
88.7200 88.9440 69
89.2320 89.3280 64
89.3600 89.3920 65
89.4240 89.5520 66
89.5840 89.6160 64
89.6480 90.0640 62
90.3520 90.6080 66
90.6400 91.2160 67
92.0480 92.1760 62
92.3360 92.4320 62
92.4640 92.6880 64
92.7200 93.0720 66
93.1040 93.2640 65
93.2960 93.8400 67
93.8720 93.9680 69
94.1280 94.2880 67
94.3200 94.3200 65
94.3520 94.8960 62
95.3440 95.3440 63
95.3760 95.4080 66
95.4400 95.7280 67
95.7600 95.9200 69
96.0480 96.1120 69
96.1440 96.5280 71
96.5600 96.6880 72
96.8800 97.0400 67
97.0720 97.4880 69
97.6800 97.9680 67
98.1920 98.3520 67
98.3840 98.6720 69
99.2800 99.3440 65
99.3760 99.5040 67
99.5360 99.9200 69
99.9520 100.1120 71
100.1440 100.1440 69
100.1760 100.8160 64
100.9440 101.2640 67
101.4880 101.6480 67
101.6800 102.7040 69
103.5040 103.6320 67
103.6640 103.8880 69
104.2080 104.3360 65
104.3680 104.5600 66
104.5920 105.1040 62
105.4240 105.6800 66
105.7120 106.2560 67
106.8640 107.1520 59
107.2800 107.3760 57
107.4080 107.4720 59
107.5040 107.6960 60
107.7280 107.7600 61
107.7920 107.9520 62
108.0800 108.2080 62
108.2400 108.4000 64
108.5280 108.8480 67
108.8800 109.1040 69
109.1360 109.3920 71
109.5200 109.7440 71
109.7760 109.9360 72
109.9680 109.9680 70
110.0960 110.1920 65
110.2240 110.7680 67
110.8000 110.9920 69
111.0240 111.1520 68
111.1840 111.4080 69
111.4400 111.5680 67
111.7600 111.8880 66
111.9200 114.3200 67
125.8080 125.9360 57
125.9680 126.0320 58
126.0640 126.1600 61
126.1920 126.4160 62
126.6400 126.9280 62
127.5360 127.6960 62
127.8240 128.0480 62
128.0800 128.4320 60
128.7200 128.7840 56
128.8160 128.8480 58
128.8800 129.0400 59
129.0720 129.1040 58
129.1360 129.3280 57
129.4560 130.0640 57
130.5760 131.1840 57
131.2160 131.4400 55
131.4720 131.5680 56
131.6000 131.7920 57
131.8240 131.8560 58
131.8880 132.0480 59
132.4320 132.4960 56
132.5280 132.7520 59
132.7840 133.0080 60
133.0400 133.0720 61
133.1040 133.6160 62
133.6480 133.6800 63
133.7120 134.1280 64
134.8000 135.2160 67
135.2480 135.3760 66
135.4080 135.4400 65
135.4720 135.7600 64
136.1440 136.1760 61
136.2080 136.3680 62
136.5280 136.6560 62
136.6880 136.7200 61
136.7520 136.9760 60
137.1040 137.2320 62
137.2640 137.3920 64
137.4240 137.4560 63
137.4880 139.1840 62
140.4960 140.7840 62
140.8160 140.8480 63
140.8800 142.0640 64
142.0960 142.1280 68
142.1600 142.3200 71
142.4800 142.7680 69
143.0240 143.2480 64
143.2800 143.4720 66
143.7920 143.8880 64
143.9200 144.2080 66
144.2400 144.3360 64
144.3680 144.8160 62
144.8480 144.8800 61
145.2640 145.4240 58
145.4560 145.4880 61
145.5200 146.0000 62
146.1600 146.4800 59
146.6720 146.9600 66
146.9920 147.2160 67
147.5680 147.9840 64
148.0160 148.0480 65
148.0800 148.3040 66
148.4640 148.7520 66
148.7840 149.1680 67
149.4560 149.5840 64
149.7120 149.9040 67
149.9360 150.0640 69
150.0960 150.2560 71
150.4160 150.5120 71
150.5440 150.7360 72
150.8640 150.9600 67
150.9920 151.1200 69
151.2480 151.4400 69
151.4720 151.9520 67
151.9840 154.5120 69
154.7360 155.1520 67
155.1840 155.6000 69
155.6320 155.7600 71
155.7920 155.7920 69
155.8240 155.8240 67
155.8560 155.8560 65
155.8880 156.5600 62
156.7840 157.0080 67
157.0400 158.4480 69
159.1520 159.3120 68
159.3440 159.5680 69
159.8240 159.9840 65
160.0160 160.2080 66
160.2400 160.2720 63
160.3040 160.6880 62
160.9440 161.2320 66
161.2640 161.8720 67
162.6080 162.7680 62
162.9280 163.0240 62
163.0560 163.1840 64
163.3120 163.6640 66
163.8240 163.8560 66
163.8880 164.4000 67
164.4320 164.5280 69
164.6560 164.8160 67
164.8480 164.8800 65
164.9120 165.4560 62
165.9040 165.9040 63
165.9360 165.9680 66
166.0000 166.2880 67
166.3200 166.6720 69
166.7040 167.0560 71
167.0880 167.2800 72
167.4080 167.6000 67
167.6320 168.0160 69
168.2080 168.5280 67
168.7200 168.8800 67
168.9120 169.2320 69
169.8080 169.9680 67
170.0000 170.1280 69
170.2560 170.3840 70
170.4160 170.5760 71
170.6080 170.6080 69
170.6400 170.6400 67
170.6720 170.7040 65
170.7360 171.2160 64
171.3760 171.6960 67
171.8880 172.0480 68
172.0800 173.3280 69
173.9680 174.0640 67
174.0960 174.2880 69
174.5760 174.6080 64
174.6400 174.7040 65
174.7360 174.8960 66
174.9280 174.9600 63
174.9920 175.4720 62
175.7280 175.9840 66
176.0160 176.7840 67
176.8160 176.8800 66
177.2320 177.5520 59
177.6800 177.7440 57
177.7760 177.8400 59
177.8720 177.9680 60
178.0000 178.0960 61
178.1280 178.2560 62
178.4160 178.5120 62
178.5440 178.7360 64
178.8640 179.1840 67
179.2160 179.4080 69
179.4400 179.6960 71
179.8240 180.0480 71
180.0800 180.2720 72
180.4000 180.4320 64
180.4640 180.5280 65
180.5600 181.0720 67
181.1040 181.2640 69
181.2960 181.4240 68
181.4560 181.7120 69
181.7440 181.8400 67
182.0320 182.1600 66
182.1920 184.7200 67
185.2640 185.5840 65
185.6160 186.5120 67
186.6400 186.8320 67
186.8640 187.7600 69
188.0480 188.0800 66
188.1120 188.1440 67
188.1760 188.4000 69
188.4320 188.4640 68
188.4960 188.6240 67
188.6560 189.1040 65
189.6160 189.6800 59
189.7120 189.8400 62
189.9680 190.1600 62
190.3200 190.6080 60
190.7680 191.0560 60
191.0880 191.2480 62
191.2800 191.3120 61
191.6320 191.6960 58
191.7280 192.0800 62
192.1120 192.1760 64
192.3360 192.4320 63
192.4640 192.6560 65
192.6880 193.2320 63
193.6160 193.8080 63
194.0000 194.0640 65
194.0960 194.2240 67
194.2560 194.2880 66
194.3200 194.6400 65
195.0560 195.1840 65
195.2160 195.2480 63
195.2800 195.3440 59
195.3760 195.7280 58
195.9840 196.0800 65
196.1120 196.2720 60
196.3040 196.3360 61
196.3680 199.0880 62
199.7920 199.8560 62
199.8880 200.0160 61
200.0480 200.1760 60
200.2080 201.2960 62
201.3280 201.5200 63
201.5520 202.2560 62
202.6400 202.7040 60
202.7360 202.9600 62
202.9920 202.9920 67
203.0240 203.0240 69
203.0560 203.1840 72
203.2160 203.3440 70
203.3760 203.5040 71
203.5360 203.9840 70
204.0160 204.0160 68
204.0480 204.0480 66
204.0800 204.1440 63
204.1760 204.1760 65
204.2080 204.2080 67
204.2400 204.7840 70
204.8160 205.2320 69
205.2640 206.7360 70
207.1200 207.3760 66
207.4080 207.7920 67
207.8240 207.9200 65
207.9520 207.9840 64
208.0160 208.6560 63
208.6880 208.7520 65
208.7840 209.8720 67
209.9040 210.0960 69
210.1280 210.3840 68
210.4160 213.9040 69
214.1600 214.2880 69
214.3200 216.7200 70
217.1040 217.1680 69
217.2000 217.4880 68
217.5200 217.8720 70
217.9040 218.0960 72
218.1280 218.1280 69
218.1600 218.1600 67
218.1920 218.2240 65
218.2560 218.7680 63
218.8000 218.8640 64
219.1200 219.2480 68
219.2800 219.3120 69
219.3440 220.7200 70
221.2640 221.3280 67
221.3600 221.4560 68
221.4880 221.6800 70
221.7120 221.7760 71
222.0320 222.1280 66
222.1600 222.3520 67
222.4800 222.8640 63
223.0560 223.1840 71
223.2160 223.4400 73
223.4720 223.6000 71
223.6320 223.9200 72
223.9520 224.0800 70
224.1120 224.4000 68
224.7520 225.1040 63
225.1360 225.1680 64
225.2000 225.4560 65
225.4880 225.8400 67
226.0000 226.0320 67
226.0640 226.6080 68
226.6400 226.7040 70
226.8640 226.9600 68
226.9920 227.0240 67
227.0560 227.0880 65
227.1200 227.5680 63
228.0160 228.0480 67
228.0800 228.3360 68
228.3680 228.7520 70
228.7840 229.1360 72
229.1680 229.2640 73
229.4560 229.6800 69
229.7120 230.0640 70
230.2880 230.3840 70
230.4160 230.5440 72
230.7360 230.8640 68
230.8960 231.0560 70
231.3760 231.4400 70
231.4720 231.5680 72
231.6000 231.7280 70
231.8560 232.0480 68
232.0800 232.4320 70
232.4640 232.6240 72
232.6560 232.6560 69
232.6880 232.7200 67
232.7520 233.2640 65
233.2960 233.3600 66
233.3920 233.4560 67
233.4880 233.7120 68
233.9360 234.0320 71
234.0640 234.2880 72
234.3200 234.7360 68
234.7680 235.3440 70
235.3760 235.8880 72
235.9200 236.0480 68
236.0800 236.2400 70
236.3680 236.6240 63
236.6560 236.6880 66
236.7200 236.9120 67
237.0400 237.4240 63
237.6160 237.9360 67
237.9680 238.5440 68
238.5760 238.7040 64
238.7360 238.9920 65
239.0240 239.1200 63
239.1520 239.2480 61
239.2800 239.3760 60
239.4080 239.5680 63
239.6000 240.0480 61
240.0800 240.1440 63
240.1760 240.2080 62
240.2400 240.3680 61
240.4640 240.4640 63
240.4960 240.5920 65
240.7840 241.1040 68
241.1360 241.3920 70
241.4240 242.0640 72
242.0960 242.2240 73
242.4480 243.0240 68
243.0560 243.2160 70
243.2480 243.3760 69
243.4080 243.6000 70
243.6320 243.7920 69
244.0160 244.2080 67
244.2400 246.7040 68
249.6480 249.7120 70
249.7440 249.8720 71
249.9040 250.0000 70
250.1280 250.3200 68
250.3520 250.4800 70
250.6080 250.7360 70
250.7680 250.8960 72
250.9280 250.9280 69
250.9600 250.9920 67
251.0240 251.5360 65
251.6960 251.9840 68
252.2080 252.4320 68
252.4640 253.0400 70
254.4160 254.5120 68
254.5440 254.5760 69
254.6080 254.8000 70
255.1200 255.2480 65
255.2800 255.4720 67
255.5040 255.5680 64
255.6000 256.0160 63
256.3360 256.5920 67
256.6240 257.1360 68
258.0640 258.2560 60
258.3840 258.4480 59
258.4800 258.5120 60
258.5440 258.8320 61
258.8640 259.0240 63
259.2160 259.3120 63
259.3440 259.5360 65
259.6960 259.9520 68
259.9840 260.0160 69
260.0480 260.3040 70
260.3360 260.5920 72
260.7520 261.1680 72
261.3280 261.4560 67
261.4880 262.0320 68
262.0640 262.7360 70
262.7680 262.9280 68
263.0880 263.2480 67
263.2800 264.7200 68
265.8400 266.0960 60
266.2880 266.3840 59
266.4160 266.6400 61
266.6720 266.7360 62
266.7680 266.9600 63
267.1200 267.2160 63
267.2480 267.5680 65
267.6000 268.0800 68
268.1120 268.3360 70
268.4640 268.5920 70
268.6240 268.8160 72
269.0400 269.3600 72
269.3920 270.5760 73
271.7600 271.7920 65
271.8240 271.8560 67
271.8880 272.5280 68
272.5600 272.7200 70
272.9440 273.0720 69
273.1040 273.3280 70
273.3600 273.3600 69
273.3920 273.6800 68
273.7120 274.0960 67
274.1280 276.6880 68
