0.2080 0.2400 61
0.2720 0.3680 62
0.4000 1.1360 63
1.1680 1.3920 62
1.4240 2.0640 63
2.0960 2.1280 62
4.4000 4.4320 61
4.4640 4.5600 62
4.5920 6.1280 63
6.1600 6.3200 62
8.8480 8.9120 67
9.0720 9.2320 67
9.2640 9.2960 66
9.3280 9.8080 65
9.8400 9.8720 64
9.9040 9.9680 63
10.1280 10.2240 63
10.2560 10.2880 61
10.3200 10.5440 60
10.6080 10.6400 62
10.6720 10.9920 63
11.0240 11.0880 64
11.1200 11.4080 65
13.0080 13.0720 63
13.1040 13.6160 65
13.7760 13.9040 65
13.9360 14.0000 62
14.0320 14.0960 59
14.1280 14.8640 58
14.8960 14.9920 59
15.0240 15.0560 62
15.0880 15.2160 65
15.2480 15.3760 67
15.8880 16.2080 63
16.2400 16.2720 62
16.4000 16.8160 62
16.8480 16.9760 63
17.9680 18.0640 65
18.0960 18.1920 66
18.3840 18.4480 69
18.9920 19.2800 66
19.4400 19.7600 63
19.7920 19.9520 65
19.9840 20.0800 64
20.1120 20.2080 65
20.2400 20.4000 67
20.5920 20.7200 67
20.7520 21.0400 68
21.6160 21.7120 65
21.7440 21.7760 64
21.8080 22.2240 63
22.2560 22.3840 65
22.9600 23.0560 59
23.2160 23.2800 60
23.4720 23.5680 65
23.6000 23.6320 66
23.6640 24.0480 67
24.2400 24.2720 63
24.3040 24.4640 64
24.4960 24.7200 61
24.7520 25.0720 63
25.2640 25.3920 62
25.4240 26.1600 63
26.1920 26.4480 62
26.4800 27.1200 63
27.1520 27.1840 62
27.6000 27.6640 60
27.6960 27.8560 62
27.8880 28.2400 63
28.2720 28.6240 62
28.6560 28.7520 63
28.9440 29.1040 62
29.1360 29.2320 63
29.2640 29.2960 62
29.4560 29.5200 60
29.6480 29.8080 59
29.9680 30.0640 65
30.0960 30.7040 67
30.7360 30.7360 65
31.2800 31.3760 60
31.5360 31.5680 61
31.6000 31.6960 62
31.7280 31.8880 63
31.9200 31.9520 62
32.3040 32.3360 61
32.3680 32.4320 62
32.4640 32.6240 63
32.6560 33.2640 62
33.2960 33.4880 63
33.6160 33.7440 62
33.7760 35.3440 63
35.3760 35.6000 62
35.9840 36.0480 63
36.2400 36.3040 62
36.3360 36.3680 61
36.7520 36.8480 63
37.0080 37.1040 69
37.2960 37.7120 63
38.0640 38.1280 59
38.3200 38.4160 65
38.4480 39.0240 67
39.3440 39.4720 63
39.6320 39.8240 70
39.8560 40.2400 67
40.6560 40.6880 65
40.7200 40.7520 66
40.7840 40.9760 67
41.0080 41.5840 65
41.6160 41.8720 67
41.9040 42.0960 66
42.2560 42.2560 67
42.2880 42.3200 69
42.3520 42.6720 70
42.7040 42.7040 68
42.7360 42.9280 63
42.9600 43.2480 62
43.2800 43.4080 63
43.4400 43.6320 62
43.6640 43.7920 63
44.2720 44.4000 68
44.4320 44.6880 70
44.7200 44.7200 68
44.8480 45.0720 62
45.1040 45.5200 63
46.0960 46.0960 70
46.4160 46.4480 68
46.4800 46.5120 69
46.5440 46.8320 70
46.8640 46.8640 68
46.9920 47.1200 63
47.1520 47.4400 62
47.4720 47.6640 63
47.6960 47.7600 70
47.7920 47.8240 71
47.8560 47.9520 72
47.9840 48.0160 71
48.0480 48.1760 70
48.2080 48.5600 67
50.5760 50.6400 66
50.6720 50.7040 69
50.7360 50.9920 70
51.0240 51.0240 68
51.0560 51.2480 63
51.2800 51.6000 62
51.6320 51.8880 63
51.9200 52.0160 62
52.0480 52.1440 63
52.4000 52.4640 69
52.6560 52.6880 68
52.7200 52.7520 69
52.7840 53.0400 70
53.0720 53.1040 68
53.1360 53.4240 62
53.4560 53.5840 63
53.6160 53.8080 65
53.8400 53.9680 63
54.4800 54.5440 60
54.5760 54.6080 61
54.6400 55.7280 62
56.0480 56.0800 61
56.1120 56.3040 62
56.3360 56.4640 63
56.4960 56.6560 65
56.6880 56.8800 63
58.5120 58.7680 58
58.9600 58.9920 56
59.0240 59.0560 57
59.0880 59.3440 58
59.3760 59.4080 59
59.4400 59.4720 61
59.5040 59.9200 62
59.9520 60.1440 63
60.1760 60.5920 62
60.7520 60.8160 58
61.0080 61.0400 56
61.0720 61.1040 57
61.1360 61.3280 58
61.5200 61.6800 62
61.8080 62.0640 63
62.0960 62.1920 62
62.8320 63.0240 58
63.0560 63.1840 57
63.2160 63.4400 58
63.6000 63.7920 63
63.8240 64.1120 62
64.1440 64.2720 63
64.3040 64.3040 65
64.3360 64.3360 67
64.3680 64.4320 70
64.4640 64.4960 71
64.5280 64.6240 72
64.6560 64.7840 70
64.9440 65.0080 66
65.0400 65.2320 67
67.0240 67.1840 58
67.2160 67.3760 57
67.4080 67.6000 58
67.8240 67.9840 63
68.0160 68.8800 62
69.1040 69.2320 58
69.3600 69.4560 57
69.6160 69.6800 58
69.8720 70.0640 61
70.0960 70.1280 62
70.1600 70.2240 63
70.2560 70.4480 65
70.4800 70.6720 63
71.1520 71.2800 60
71.3120 71.7600 62
71.9520 72.3360 62
72.3680 72.4320 61
72.4640 72.5920 58
72.6240 72.7200 59
72.7520 72.9440 62
72.9760 73.0720 63
73.1040 73.1360 64
73.1680 73.3280 65
73.3600 75.1200 63
109.0080 109.4560 67
109.4880 109.6160 65
109.7760 109.9360 65
110.0640 110.4480 63
110.4800 110.5440 62
110.5760 110.7040 61
110.8320 110.9280 63
111.0880 111.1840 63
111.2160 111.5360 65
113.2000 113.2640 64
113.2960 113.5840 65
113.7120 114.0320 65
114.3520 114.4480 59
114.4800 114.6720 58
115.2800 115.3760 65
115.4080 115.5360 67
115.8240 115.8560 65
116.0480 116.3040 64
116.3360 116.4640 63
116.4960 116.8160 62
116.8480 117.0080 63
117.3280 117.3920 59
117.4240 117.6160 58
117.9040 117.9360 60
118.1280 118.1920 65
118.2240 118.2560 66
118.2880 118.5760 67
118.6080 118.6400 71
118.6720 118.9600 72
118.9920 119.0240 71
119.1840 119.2800 66
119.3120 119.4720 67
119.6960 119.9200 63
119.9520 119.9840 64
120.0160 120.1760 65
120.2080 120.5920 67
120.7200 120.9120 67
120.9440 121.2000 68
121.7760 121.9680 65
122.0000 122.1920 63
122.3200 122.4480 65
122.4800 122.4800 63
122.6720 123.2800 58
123.4080 123.4720 59
123.6320 123.7280 65
123.7600 124.0160 67
124.1440 124.2720 67
124.4320 124.4960 64
124.5280 124.6240 65
124.6560 124.7200 61
124.7520 124.8800 60
124.9120 124.9440 62
124.9760 125.2960 63
142.1280 142.1600 61
142.1920 142.2880 62
142.3200 143.0560 63
143.0880 143.3120 62
143.3440 143.9840 63
144.0160 144.0800 62
144.4640 144.5280 61
144.5600 144.7200 62
144.7520 144.8800 63
145.0400 145.1680 63
145.2000 145.4880 62
145.5200 145.6160 63
145.8080 145.9680 62
146.0000 146.0960 63
146.1280 146.1600 62
146.5440 146.6720 58
146.8320 146.9280 65
146.9600 147.5680 67
147.8880 147.9520 58
148.1440 148.2720 58
148.4000 148.4320 61
148.4640 148.5600 62
148.5920 148.8160 63
149.2000 149.2960 62
149.3280 149.4880 63
149.5200 150.1280 62
150.1600 150.3200 63
150.3520 150.3840 62
150.4160 150.5120 61
150.5440 150.6400 62
150.6720 152.2080 63
152.2400 152.4640 62
152.8480 152.9440 63
153.1040 153.2000 62
153.2320 153.2640 61
153.6160 153.7120 62
153.8720 153.9360 58
154.1600 154.4800 63
155.1840 155.1840 63
155.2160 155.2800 65
155.3120 155.8880 67
156.2080 156.3680 63
156.4960 156.6880 70
156.7200 157.1360 67
157.5200 157.6160 66
157.6480 157.8400 67
157.8720 158.1920 65
158.3200 158.4480 65
158.4800 158.6400 67
159.0880 159.1200 67
159.1520 159.2160 68
159.2480 159.4400 70
159.4720 159.4720 68
159.6320 159.8240 63
159.8560 160.1120 62
160.1440 160.3040 63
160.3360 160.5280 62
160.5600 160.8480 63
161.2000 161.2640 69
161.2960 161.4880 70
161.5200 161.5200 68
161.7120 161.8400 62
161.9680 162.2240 63
162.2560 162.3200 62
163.0240 163.1840 58
163.3120 163.3440 57
163.3760 163.6320 58
163.7920 163.9520 63
163.9840 164.3040 62
164.3360 164.4640 63
164.4960 164.5280 68
164.5600 164.9440 70
165.1040 165.1360 65
165.1680 165.4880 67
167.1840 167.7920 58
167.9840 169.1040 62
169.2960 169.3920 58
169.5520 169.6160 57
170.0640 170.2880 61
170.3200 170.4160 63
170.4480 170.6080 65
170.6400 170.8320 63
171.3120 171.4720 60
171.5040 171.9200 62
172.1440 172.2080 61
172.3680 172.5600 62
172.5920 172.8800 58
172.9120 173.2320 62
173.2640 173.3280 64
173.4560 175.0240 63
175.0880 175.0880 62
175.4080 175.6960 58
175.7280 175.8240 56
175.8560 175.9840 57
176.0160 176.1440 58
176.3040 176.4320 63
176.4640 176.7200 62
176.8480 176.9760 63
177.0080 177.3920 62
177.5840 177.6800 58
177.7120 177.7760 57
177.8080 177.9680 56
178.0000 178.0960 58
178.3840 178.6080 62
178.6400 178.9600 63
178.9920 179.0240 62
179.6960 179.8240 58
179.9840 180.0480 57
180.0800 180.3360 58
180.4960 180.9760 62
181.0080 181.1360 63
181.2640 181.3600 70
181.3920 181.5200 71
181.5520 181.6160 70
181.6480 181.6800 69
181.8080 181.9040 65
181.9360 182.2560 67
182.2880 182.4480 66
182.4800 182.7680 67
182.8000 182.8320 66
182.8640 182.9600 65
183.1200 183.2160 65
183.3760 183.4400 65
183.8880 183.9520 58
184.1440 184.1760 56
184.2080 184.3040 57
184.3360 184.4960 58
184.6880 184.8160 63
184.8480 185.1680 62
185.2000 185.2960 63
185.3280 185.5520 62
185.5840 185.7440 63
186.1920 186.3200 68
186.3520 186.6080 70
186.6400 186.6400 68
186.7680 187.1200 63
187.1520 187.3440 65
187.3760 187.5040 63
188.0480 188.1440 61
188.1760 189.2640 62
189.2960 189.3600 60
189.6160 189.8400 62
189.8720 190.0000 63
190.0320 190.1920 65
190.2240 191.5040 63
191.9520 192.0480 63
192.0800 192.2080 62
192.4320 192.6560 63
192.9760 193.4880 66
196.6560 196.7520 72
197.1680 197.5200 72
197.7120 198.0640 72
198.0960 198.1920 70
198.2240 198.4480 68
200.4640 200.5920 70
200.6240 200.7200 72
202.1920 202.3840 70
202.6400 202.6720 67
202.7040 202.7360 74
202.7680 203.4080 75
203.4400 204.6240 72
205.1360 205.4880 72
205.5200 205.7440 70
205.7760 206.3200 67
206.3520 206.8320 72
206.9920 208.1440 75
208.3040 208.4320 75
209.1680 209.2640 66
209.6160 209.9360 67
210.3840 210.5120 70
210.7360 210.8320 70
210.8640 211.0240 72
211.0560 211.3120 70
212.4960 212.5600 67
212.9120 213.0080 63
213.9040 214.9280 65
214.9600 215.0240 67
215.0560 215.6320 70
215.6640 216.8480 67
217.1360 217.4880 67
217.8080 218.2560 75
218.2880 218.8320 72
218.8640 219.0880 70
219.1200 219.4080 72
219.4400 219.6320 75
219.6640 219.9200 72
219.9520 220.4000 70
220.6240 221.3920 67
221.5840 222.4480 70
222.4800 223.0240 72
223.0560 223.6640 74
223.6960 225.4880 75
