14.3840 15.0560 64
16.9120 17.1680 64
17.2960 17.4240 60
17.4560 17.6800 61
17.7120 17.7440 59
18.1920 18.6080 59
18.6400 18.7360 61
18.8960 18.9600 59
19.1840 19.2480 58
19.2800 19.3120 57
20.3040 21.0400 52
22.9280 23.1200 64
23.3440 23.4080 60
23.4400 23.5680 61
23.6960 23.8880 59
24.0160 24.2400 59
24.4640 24.4960 59
24.5280 24.5920 60
25.2320 25.3920 64
26.3200 26.4160 64
26.4480 26.4800 63
26.7040 26.8320 59
26.8640 27.1200 61
27.1520 28.1760 59
28.3680 28.4000 62
28.4320 28.4960 63
28.9440 29.0720 64
29.4880 29.6800 61
29.7120 29.7120 59
30.0960 30.5120 59
30.7680 30.7680 59
30.8960 30.8960 59
31.2480 31.4720 57
31.6640 31.6640 57
31.9520 32.0800 57
32.1120 32.2080 59
32.3360 32.9120 59
33.1040 33.1360 59
33.1680 33.2320 58
33.2640 33.4240 57
33.4560 33.5840 59
33.6160 33.7120 61
33.7440 33.7440 59
33.7760 33.9040 57
33.9360 34.0640 59
34.2240 34.5440 57
34.6400 34.6720 58
34.7040 34.7680 59
34.9280 35.0240 64
35.0560 35.0560 60
35.3760 35.3760 59
35.4080 35.5680 61
35.6320 35.6320 61
35.9520 35.9520 58
36.0160 36.0480 58
37.2320 37.4240 57
37.6800 37.7440 64
37.7760 37.8080 60
37.9040 38.0640 57
38.0960 38.2240 59
38.4480 38.5760 59
39.0560 39.2160 59
39.2480 39.3760 57
39.4080 39.5680 59
39.6000 39.7280 61
40.1440 40.5280 57
41.3280 41.5840 64
41.7120 41.7760 62
41.8080 42.1600 61
42.1920 42.3200 59
42.4800 42.5760 59
42.6080 42.6720 60
42.8000 42.8960 57
43.0240 43.1200 59
43.2480 43.5040 57
43.7920 43.9200 57
43.9520 44.0800 59
44.1120 44.1760 57
44.3040 44.3680 65
44.4000 44.5280 64
44.7200 45.1040 61
45.1360 45.6160 59
45.6480 45.9360 57
45.9680 46.1600 59
46.1920 46.2880 58
47.3440 47.4080 59
47.4400 47.5360 56
47.6640 47.6640 56
47.6960 47.7600 59
48.0800 48.2080 61
48.2400 48.2400 59
48.4640 48.9440 61
48.9760 48.9760 59
49.6800 49.9680 60
50.0000 50.8640 59
51.0880 51.6000 59
51.6320 51.7280 61
51.7600 51.9520 58
52.2080 52.5280 57
52.6880 52.8480 52
53.0080 53.0720 51
53.1040 53.3280 52
53.3600 53.5840 49
53.7760 53.8400 47
54.2560 54.3520 52
54.4800 54.7680 49
54.8000 54.9280 47
55.2160 55.3760 47
55.6320 55.8880 52
55.9200 56.2720 49
56.4960 56.9440 49
57.0720 57.3600 50
57.3920 57.5520 48
57.8400 57.9680 49
58.0000 58.2880 50
58.3200 58.5760 49
59.1840 59.3440 52
59.3760 59.6000 49
59.7280 59.8240 47
60.2400 60.3360 52
60.5600 60.6880 49
60.8800 60.9440 48
61.2640 61.3920 52
61.6800 61.9360 49
61.9680 62.1600 47
62.3840 62.5760 49
63.1520 63.2800 50
63.4720 63.5680 47
63.9200 64.1120 50
64.3680 64.4960 49
65.0080 65.1040 49
65.2320 65.2320 48
66.0960 66.3200 61
66.4480 66.5440 60
66.6720 66.7680 61
66.8000 66.9280 59
66.9600 67.0880 61
67.3120 67.5680 59
67.7920 68.1440 61
68.3680 68.8800 61
69.1040 69.4560 61
69.4880 69.6160 59
69.8400 69.8720 59
69.9040 70.0640 61
70.1920 70.2880 61
70.3200 70.8640 59
70.8960 71.0880 57
71.1200 71.3440 59
71.3760 71.5360 61
71.7280 71.7920 59
72.2400 72.5920 61
72.9760 73.1040 59
73.1680 73.2000 58
73.2640 73.6480 59
73.6800 73.9360 57
73.9680 74.0320 59
74.0640 74.1920 61
74.3520 75.3760 61
75.4080 75.6640 59
75.8880 76.2720 49
76.3680 76.5280 47
76.9760 77.0400 52
78.0960 78.5120 61
78.5440 78.9920 58
79.1200 79.4720 57
79.6000 79.9840 61
80.1120 80.2080 58
80.3360 80.5280 59
80.5600 81.0400 57
81.0720 81.2320 59
81.2640 81.4880 61
81.5200 81.6160 58
81.6480 81.6800 56
81.8720 81.9360 57
81.9680 82.1280 59
82.1600 82.4800 57
82.7040 83.0240 60
83.0560 83.2800 61
83.6640 83.7920 61
84.0800 84.2080 61
84.3680 84.4960 61
84.5280 84.6560 59
84.6880 84.6880 57
84.8480 85.0720 59
85.1040 85.5840 57
85.6160 85.6480 59
85.6800 86.0640 61
86.0960 86.9920 57
87.0240 87.3760 61
87.5360 87.6640 59
87.6960 87.8240 57
87.8560 88.5600 59
89.2960 89.3600 60
89.4880 89.6480 61
90.0640 90.4160 59
90.7040 90.9600 59
91.3120 91.3760 57
91.9520 92.0480 57
92.0800 92.2080 59
92.3680 92.9120 59
93.0720 93.2000 59
93.2320 93.3600 57
93.5520 93.5520 59
93.5840 93.7120 61
93.7440 93.7760 59
93.9360 94.0640 59
94.1920 94.7040 57
94.7360 94.8960 59
95.0240 95.1200 60
95.3760 95.4080 59
95.4400 95.5680 61
95.6640 95.8880 59
95.9200 96.1120 58
96.9120 96.9120 62
97.2320 97.4880 57
97.9040 98.0640 57
98.0960 98.2240 59
98.3520 98.5760 59
99.0560 99.1840 59
99.2160 99.3120 57
99.3440 99.5040 59
99.6320 99.7280 61
99.8240 99.8240 65
99.8560 99.9200 67
100.2080 100.5280 57
101.3920 101.5840 64
101.7120 102.1600 61
102.1920 102.6720 59
102.9280 102.9600 57
102.9920 103.0560 59
103.2160 103.5040 57
103.9200 104.0800 59
104.1120 104.1440 57
104.3360 104.5280 64
104.6880 105.0720 61
105.1040 105.6160 59
105.6480 105.9680 57
106.0000 106.1600 59
106.1920 106.2240 58
106.3520 106.4800 57
107.3440 107.4720 60
107.6640 107.8560 59
108.0480 108.1760 60
108.5280 108.9760 61
109.0080 109.0400 58
109.0720 109.1040 56
109.6800 109.9680 60
110.0000 110.8640 59
111.0880 111.1520 59
111.2800 111.5680 59
111.6000 111.6320 60
111.7920 111.8880 58
111.9200 111.9840 59
112.2400 112.5280 57
114.0960 114.2560 62
114.2880 115.2480 64
115.2800 115.5360 66
115.6640 116.2400 61
116.3360 116.3360 62
116.5280 116.5920 63
116.8480 117.7440 61
117.7760 117.9360 62
118.5120 118.5760 61
118.6080 118.9600 59
118.9920 119.0880 62
120.0480 120.3680 56
120.4960 120.8480 56
121.1680 121.2320 57
121.2640 122.0640 59
122.0960 122.1280 61
122.1600 122.2560 62
122.7360 122.7360 62
124.3360 124.3680 70
124.4000 124.5280 71
125.4560 125.6480 57
125.7760 125.8720 51
125.9040 126.2880 52
126.4480 126.5760 53
126.6080 126.9280 54
127.2160 127.7280 47
128.0480 128.2080 54
128.3680 128.5920 47
128.7200 128.8480 47
128.8800 129.5520 49
129.5840 129.7440 50
130.2880 130.4160 48
131.7280 132.5600 52
132.5920 132.7520 54
132.7840 132.9120 47
133.1680 133.2640 48
133.2960 133.7440 47
134.0960 134.2240 49
134.2560 134.2880 47
134.7360 134.8320 48
134.8640 135.5040 49
135.5360 135.7600 50
135.7920 136.5600 49
136.6240 136.6880 48
136.9760 137.0080 48
137.8080 138.0960 52
138.4160 138.5440 53
138.5760 138.9920 54
139.4080 139.4080 50
139.4400 139.7600 54
139.7920 139.8880 55
140.0160 140.1760 54
140.3680 140.6560 47
140.6880 140.7840 48
140.8160 141.5520 49
141.5840 141.8400 50
142.6400 142.7040 50
143.2800 143.4080 52
143.6960 143.8560 51
143.8880 144.1120 52
144.4640 144.5600 52
144.5920 145.0400 54
145.3280 145.8080 54
146.3520 147.2160 64
147.4080 148.2720 62
148.4000 148.7200 61
148.7520 148.7520 57
148.8800 149.1040 64
149.4880 149.7120 61
150.0640 150.4160 59
150.7040 150.7360 59
150.8960 150.9600 59
151.2480 151.4720 57
151.8880 152.0480 57
152.0800 152.2080 59
152.4000 153.2320 59
153.2960 153.2960 57
153.4240 153.5520 59
153.5840 153.6800 61
153.7120 153.7120 58
153.8080 153.9040 57
154.0320 154.5760 57
154.7680 154.8640 62
155.0560 155.2160 61
155.3440 155.4080 59
155.4400 155.5680 61
155.6000 155.6640 60
155.6960 155.7600 59
156.2720 156.3040 59
156.3680 156.4000 59
157.2320 157.4560 57
157.9680 158.0640 57
158.0960 158.1920 59
158.2240 158.2880 58
158.3840 158.3840 59
158.4800 158.5120 59
158.8640 158.9280 59
159.0560 159.2480 59
159.2800 159.3760 57
159.4080 159.5680 59
159.6000 159.6960 61
159.7280 159.7280 59
159.7600 159.7920 57
160.2080 160.3680 57
161.3280 161.5840 64
161.6160 161.7440 63
161.8720 162.1600 61
162.1920 162.3200 59
162.5120 162.5760 59
162.6080 162.6720 60
163.2480 163.4720 57
163.8240 164.1760 58
164.3360 164.5280 64
164.6880 165.0720 61
165.1040 165.6160 59
165.6480 165.9360 57
165.9680 166.1920 59
166.2240 166.4800 57
167.3120 167.4400 60
167.5040 167.5040 61
167.6320 167.7600 59
168.1440 168.1440 59
168.2720 168.2720 59
168.5280 168.9440 61
168.9760 168.9760 59
169.6800 169.9680 60
170.0000 170.1920 59
170.2880 170.8320 59
171.2800 171.5680 59
171.6000 171.6960 61
171.7920 171.9840 58
172.2080 172.5280 57
172.7200 172.9760 64
173.2000 173.7440 61
173.8720 174.3520 61
174.5120 174.9920 59
175.2160 175.2800 64
175.4720 175.6000 64
175.7920 177.1680 62
177.9360 178.0640 59
178.2560 178.5120 56
179.5680 179.6640 54
179.9520 180.0800 54
180.5280 180.5920 54
181.3280 181.4240 54
181.6160 181.8080 54
182.5120 182.7360 52
182.8960 183.6320 50
184.0480 184.3680 50
185.0720 185.1360 50
186.3200 186.9920 47
189.7120 190.5440 50
190.7360 190.8960 50
199.1520 199.2160 60
199.9520 200.0800 59
200.5280 201.4560 58
