23.1520 23.2800 58
23.3120 23.6960 59
23.8560 24.3680 57
24.5920 25.4240 62
25.4560 26.7040 59
28.8800 29.5520 59
29.5840 29.9680 57
30.0000 30.0640 58
30.3200 30.3840 64
30.4160 31.0240 66
31.1840 31.3760 64
31.5040 32.5600 62
34.0320 34.1920 62
34.4160 34.4480 62
34.4800 34.5440 63
34.5760 35.4080 64
35.4400 35.8240 66
35.8560 36.7840 67
36.9120 37.1680 66
37.2000 37.2640 65
37.2960 37.8720 64
38.3520 38.4480 62
38.7040 39.0560 59
39.0880 39.1520 58
40.1120 40.2080 56
40.2400 40.8800 55
40.9120 41.0080 56
41.0400 41.1040 57
41.1360 41.2000 58
41.2320 41.5840 59
41.7440 42.4480 57
42.7040 42.8640 55
43.0240 43.8560 55
46.0000 46.0960 57
46.1280 46.5760 59
46.7680 47.2800 57
47.4400 48.3360 62
48.3680 49.5200 59
51.7600 53.0080 58
53.0400 53.1680 61
53.2000 53.2640 64
53.2960 53.9360 66
54.0960 54.3200 64
54.3520 55.3440 62
57.0080 57.3280 62
57.3600 58.2240 64
58.2560 58.6720 66
58.7040 59.6640 67
59.6960 60.1120 66
60.1440 60.2080 65
60.2400 61.1040 64
61.1360 61.2000 63
61.2320 61.3600 62
61.5840 62.2880 59
62.9600 63.7920 55
63.8240 63.8880 56
63.9200 63.9840 57
64.0160 64.0480 58
64.0800 64.4000 59
64.5920 65.3600 57
65.3920 65.5200 56
65.5520 66.5760 55
68.5600 68.7200 62
68.8800 69.0720 59
69.2640 69.4880 60
69.5200 69.5840 61
69.6160 69.9680 62
70.0000 70.4160 67
70.4480 71.1840 69
71.2160 72.7840 71
74.2240 74.3840 62
74.4160 74.9280 59
74.9600 75.1840 60
75.2160 75.6000 62
75.7280 76.0800 67
76.1120 76.8160 69
76.9760 77.0400 69
77.0720 78.4800 71
79.7280 80.0160 67
80.1760 80.2720 72
80.3040 81.0720 74
81.2320 81.4240 72
81.4560 82.7040 71
82.9920 84.9120 71
84.9440 85.2000 67
85.6160 85.8720 67
86.0000 86.1280 72
86.1600 86.7680 74
86.8960 87.2160 72
87.2480 88.3040 71
88.3360 88.4640 72
88.7200 89.1680 71
89.2000 89.9680 67
91.2160 91.5040 69
91.7600 92.4960 71
92.5280 92.7200 69
92.7520 93.2320 67
93.2640 93.4880 69
93.7120 93.8400 65
93.8720 94.1920 66
94.2240 94.7680 67
94.8000 94.8960 66
96.7840 96.9760 64
97.0080 97.2960 62
97.3280 97.3920 60
97.4240 98.0000 59
101.4560 101.6800 59
108.4000 108.9120 62
108.9440 109.1040 61
114.4480 114.5120 60
121.7760 121.8080 57
121.8400 122.1920 58
122.2240 122.8640 57
122.8960 122.9600 58
123.1520 123.8560 62
123.8880 123.9520 61
124.1120 124.2080 58
124.2400 125.3920 59
127.4080 127.5040 57
127.5360 127.5680 58
127.6000 128.0160 59
128.0480 128.2400 58
128.2720 128.4640 57
128.4960 128.5600 58
128.5920 128.7840 59
128.8160 128.8800 60
128.9120 128.9760 63
129.0080 129.0720 65
129.1040 129.7760 66
129.8080 129.9040 67
130.1920 131.5360 62
131.5680 131.6320 61
131.6640 131.6960 60
132.6560 132.8480 62
133.0080 133.9360 64
134.0640 134.2880 66
134.3200 135.5040 67
135.5360 135.6960 66
135.8560 136.8480 64
136.8800 137.1680 62
137.2000 138.1280 59
138.8960 139.0880 55
139.2800 139.6320 55
139.8240 140.3360 59
140.3680 141.2000 57
141.5840 142.2560 55
144.2720 144.4320 60
144.6240 144.7840 59
144.9760 145.2320 60
145.2640 145.7120 62
145.7440 146.1920 67
146.2240 147.0240 69
147.0560 148.7200 71
149.4880 150.2240 61
150.2560 150.6080 59
150.6400 151.1200 60
151.1520 151.4080 62
151.4400 151.7280 67
151.7600 151.8560 68
151.8880 152.7520 69
152.7840 154.2240 71
154.4480 155.0240 71
155.5680 155.7600 67
155.9200 155.9520 72
155.9840 156.7840 74
156.9120 158.4480 71
158.7040 160.5600 71
160.5920 160.6880 69
160.7200 161.0080 67
161.3920 161.6800 67
161.7120 161.7440 68
161.7760 161.8720 72
161.9040 162.5440 74
162.7040 164.2080 71
164.4320 164.8160 71
164.8480 164.9120 69
164.9440 165.8080 67
166.7360 166.9280 67
166.9600 167.6000 69
167.6320 167.8240 71
168.1760 168.4640 69
168.4960 168.9440 67
168.9760 169.1360 69
169.3920 169.4240 64
169.4560 169.4880 65
169.5200 169.9040 66
169.9360 170.5760 67
170.6080 170.7680 65
172.4320 172.9760 62
173.0080 173.7120 59
175.1200 175.4400 60
175.5680 175.9840 60
176.5600 176.9120 59
177.8720 178.1280 62
178.5760 178.7360 68
178.7680 178.8640 70
179.1200 179.9520 75
180.1120 180.2080 75
180.9440 181.2960 75
181.3280 181.3920 74
182.8640 183.1840 74
186.1600 186.2240 67
186.8960 187.1520 67
187.8240 188.1120 66
188.3360 188.4960 66
188.6560 189.0080 66
189.1360 189.2000 65
189.9680 190.0640 66
190.5440 190.6080 67
190.7360 191.0560 67
191.1840 191.4400 67
191.7600 191.8240 62
191.8560 192.6240 61
195.6640 195.8240 62
196.0160 196.2400 59
196.4000 196.7200 60
196.7520 197.0720 62
197.2000 197.6160 67
197.6480 198.4800 69
198.5120 200.4640 71
201.3600 201.5840 62
201.6160 202.4160 59
202.4480 202.8320 62
202.8640 203.2480 67
203.2800 204.1440 69
204.1760 204.4320 71
204.4640 204.6560 72
204.6880 206.1280 71
207.0240 207.6640 67
207.7920 208.2080 74
208.3680 209.9360 71
210.1280 212.0480 71
212.0800 212.4000 67
212.8160 213.1360 67
213.2000 213.2640 72
213.3280 213.3600 74
213.4240 213.6800 74
213.8080 213.9680 74
214.0960 214.2240 73
214.2560 214.4160 72
214.4480 215.5040 71
215.5360 215.6320 72
215.8560 216.3360 71
216.3680 217.5200 67
218.1280 218.2240 65
218.3840 218.7360 69
218.9280 219.6640 71
219.6960 219.8880 69
219.9200 220.4000 67
220.4320 220.6240 69
220.8800 220.9440 65
220.9760 221.3280 66
221.3600 222.0960 67
223.8240 223.9200 69
224.2080 224.4320 69
224.6240 224.7840 70
224.8160 225.2960 71
225.3280 225.3920 70
225.4240 225.6160 69
225.6480 226.0960 67
226.1280 226.3520 69
226.6080 227.8240 67
227.8560 227.9840 64
229.6480 229.7760 67
229.8080 230.2880 69
230.3200 230.4160 70
230.4480 230.8320 71
231.0240 231.1200 70
231.1520 231.8240 67
231.8560 232.0480 69
232.3040 232.4000 65
232.4320 232.7840 66
232.8160 233.5520 67
235.3760 235.5040 64
235.5360 235.8560 62
235.8880 235.9520 61
235.9840 237.1680 59
