11.5680 11.7600 62
19.4080 19.6320 61
19.6640 20.5280 63
20.5600 20.6240 62
20.6560 20.8480 61
20.8800 21.0080 63
21.2320 21.3600 66
21.3920 21.3920 63
21.4240 21.5520 61
21.7120 21.8400 61
21.8720 21.9680 60
22.1600 22.2880 56
22.3200 22.4160 59
22.4480 22.5440 61
22.6720 22.8640 59
22.8960 23.0240 61
23.1520 23.3440 64
23.3760 23.5360 66
23.5680 23.5680 64
23.6000 23.8240 59
24.1440 24.3360 56
24.3680 24.4960 59
24.9440 25.1360 59
25.1680 25.2000 61
25.2320 25.2960 62
25.3280 25.4880 63
25.6160 26.6720 63
27.3120 27.4720 61
27.5040 27.5360 62
27.5680 28.1120 63
28.2720 28.4000 63
28.4320 28.4640 62
28.4960 28.7520 61
28.7840 29.0080 63
29.0400 29.2320 66
29.2640 29.2640 63
29.2960 29.7440 61
30.1280 30.2560 58
30.2880 30.4480 61
30.4800 30.6400 59
30.7680 30.8640 61
31.0560 31.1840 64
31.2160 31.2480 65
31.2800 31.4080 66
31.4400 31.4720 63
31.5040 31.6320 59
31.6640 31.6960 58
32.0160 32.1120 56
32.2720 32.3360 59
32.3680 32.4000 58
32.4320 32.5920 57
32.7520 32.8160 62
32.8480 33.0400 63
33.2320 33.6800 61
33.7120 34.4160 59
35.0560 35.1840 59
35.2160 35.3120 61
35.4720 35.6320 63
35.6640 35.7920 62
35.8240 36.0800 61
36.1120 36.1440 62
36.1760 36.3680 63
36.4000 36.5920 66
36.9120 37.1360 59
37.1680 37.3920 61
37.4240 37.7120 62
37.9360 38.0640 61
38.0960 38.1280 62
38.1600 38.3520 63
38.3840 38.4800 65
38.5120 38.7040 66
38.9280 38.9600 61
38.9920 39.2480 62
39.4400 39.7280 55
39.7600 40.4320 56
43.0560 43.1200 61
43.3120 43.3440 62
43.3760 43.6000 63
43.7600 43.9840 61
44.0160 44.2080 63
44.2400 44.4960 65
44.7840 45.0080 59
45.0400 45.2320 61
45.2640 45.5520 62
45.7120 45.8720 61
45.9040 45.9360 62
45.9680 46.1920 63
46.2240 46.3200 66
46.3520 46.5760 68
46.6080 46.6400 67
46.6720 46.7360 66
46.9600 46.9920 65
47.0240 47.5680 66
47.6000 47.6320 65
47.6640 47.9200 61
47.9520 48.0800 63
48.1120 48.1760 62
48.2080 49.2320 61
51.1200 51.3440 71
51.3760 51.5040 68
51.5360 51.7920 70
51.8240 51.8240 68
51.8560 52.5920 66
52.6240 53.3280 63
53.6800 53.7120 63
53.9360 54.0000 66
54.0320 54.0640 65
54.0960 54.4480 63
54.4800 54.6720 66
54.7040 54.7680 65
54.8000 55.2480 63
55.2800 55.6320 66
55.8240 55.9840 68
56.0160 56.0160 66
56.1440 57.2320 59
59.0240 59.2160 71
59.2480 59.2800 69
59.3120 59.3760 68
59.4080 59.6960 70
59.7280 59.7280 68
59.7600 60.5920 66
60.6240 61.2000 63
61.5200 61.6160 63
61.7440 61.9040 66
61.9360 62.3200 63
62.3520 62.4160 65
62.4480 62.6400 66
62.6720 62.9280 63
62.9600 63.0880 66
63.1200 63.5360 68
63.8240 63.8880 63
63.9200 64.1440 62
64.1760 64.4320 63
64.4640 64.9440 61
64.9760 65.1040 62
66.8320 67.0880 71
67.1200 67.2480 69
67.2800 67.5680 70
67.6000 68.3360 66
68.3680 69.0720 63
69.4560 69.5200 63
69.6480 69.7440 66
69.8720 70.1280 63
70.1600 70.1920 64
70.2240 70.3840 66
70.4160 70.4480 65
70.5760 70.9920 63
71.0240 71.3760 66
71.5360 71.7280 68
71.9200 73.0080 59
74.7360 74.8000 62
74.8320 74.9600 63
75.0880 75.1520 62
75.3120 75.4080 59
75.5360 75.6640 56
75.6960 75.7600 57
75.7920 76.7840 59
78.2240 78.3520 54
78.3840 78.4160 55
78.4480 78.5760 56
78.7360 78.7680 54
78.8000 78.9280 55
78.9600 78.9600 58
78.9920 79.0560 62
79.0880 79.3120 63
79.5360 80.1760 59
80.2080 80.5280 61
80.9440 81.0720 62
81.1040 81.2320 63
81.2640 81.4240 62
81.4560 81.6160 61
81.6480 81.8080 60
81.8400 82.0960 61
82.4480 82.5760 56
82.7040 83.6960 59
97.5840 97.8080 58
98.0960 98.2880 61
98.3200 98.3520 62
98.3840 98.5120 63
98.6400 99.0240 63
99.1840 99.2480 63
99.2800 99.3120 62
99.3440 99.4720 61
99.6000 99.8240 63
99.8560 100.0480 66
100.0800 100.5920 61
100.8160 100.8480 56
100.8800 100.9120 57
100.9440 101.0080 58
101.0400 101.0720 59
101.1040 101.2640 61
101.2960 101.5520 59
101.5840 101.7120 61
101.8400 102.0320 64
102.0640 102.1920 66
102.2240 102.2240 64
102.3520 102.5760 59
102.8320 102.9280 56
103.0560 103.1840 59
103.2160 103.5360 57
103.5680 103.6960 59
103.7280 103.7600 60
103.7920 103.8880 61
103.9200 103.9520 62
103.9840 104.1440 63
104.1760 104.3040 62
104.3360 104.3680 63
104.4000 104.4960 64
104.5280 105.4560 63
106.0000 106.1600 61
106.1920 106.2240 62
106.2560 106.8320 63
106.9920 107.1200 62
107.2480 107.4720 61
107.5040 107.6000 63
107.7600 107.8880 66
107.9200 107.9200 64
107.9520 108.4000 61
108.7520 108.8160 57
108.8480 108.9440 59
108.9760 109.1040 61
109.2320 109.4240 59
109.4560 109.6800 61
109.7120 109.8080 64
109.8400 110.0640 66
110.0960 110.0960 64
110.1280 110.3840 59
110.7040 110.8000 56
110.8320 110.8960 57
110.9280 111.0560 59
111.0880 111.1200 58
111.1520 111.3760 57
111.4080 111.5040 61
111.5360 111.6640 63
111.6960 111.7600 62
111.9200 112.0800 61
112.2080 112.3360 61
112.3680 113.2000 59
113.6480 113.6800 57
113.7120 113.7760 58
113.8080 113.8400 59
113.8720 114.1920 61
114.2240 114.2560 62
114.2880 114.4480 63
114.6400 114.8320 61
114.8640 115.0560 63
115.0880 115.3440 66
115.6000 115.6960 59
115.8560 116.2080 61
116.2400 116.4320 63
116.6240 116.7840 61
116.8160 117.0720 63
117.1040 117.1680 65
117.2000 117.3280 66
117.3600 117.4560 65
117.4880 117.6480 62
117.6800 117.9040 63
118.0960 118.2880 55
118.3200 119.2480 56
121.4880 121.6480 58
121.6800 121.7120 59
121.7440 121.8720 61
122.0000 122.3520 63
122.4800 122.6400 61
122.6720 122.7040 62
122.7360 122.8320 63
122.9600 123.1840 66
123.4400 123.5680 59
123.7280 124.0800 61
124.1120 124.3360 63
124.4640 124.6560 61
124.6880 124.8480 63
124.8800 124.9120 66
124.9440 125.0080 67
125.0400 125.3280 68
125.3600 125.4880 66
125.5200 125.6480 67
125.6800 126.3520 66
126.3840 126.5440 62
126.5760 126.7360 63
126.8960 127.0560 61
127.0880 127.3120 63
127.3440 127.9200 61
129.7760 130.0320 71
130.0640 130.2240 68
130.2560 130.4800 70
130.5120 130.5120 68
130.5440 130.7040 66
130.7360 130.8000 65
130.8320 131.2800 66
131.3120 132.0160 63
132.3680 132.5280 63
132.5600 132.7200 66
132.7520 132.9440 63
132.9760 133.0400 62
133.0720 133.1360 63
133.1680 133.3600 66
133.3920 133.4560 65
133.4880 133.9360 63
133.9680 134.4160 66
134.4480 134.4800 67
134.5120 134.7040 68
134.8320 135.9200 59
136.0480 136.1440 60
137.7120 137.9040 71
137.9360 138.0640 69
138.0960 138.3840 70
138.4160 138.4800 68
138.5120 139.2800 66
139.4400 139.4720 60
139.5040 139.8880 63
140.1760 140.2080 62
140.2400 140.3040 63
140.4320 140.5920 66
140.6240 140.9120 63
140.9440 141.0080 64
141.0400 141.2960 66
141.3280 141.5840 63
141.6160 141.7760 66
141.8080 142.1280 68
142.4480 142.5760 63
142.6080 142.6720 60
142.7040 142.7680 61
142.8000 142.9280 63
142.9600 143.6000 61
143.6320 143.6960 62
145.4880 145.5200 70
145.5520 145.7440 71
145.7760 145.8080 69
145.8400 145.9680 68
146.0000 146.2240 70
146.2560 146.2560 68
146.2880 146.4480 66
146.4800 146.5440 65
146.5760 146.9920 66
147.0240 147.7600 63
148.1120 148.2400 63
148.2720 148.4320 66
148.4640 148.6560 63
148.6880 148.7840 62
148.8160 148.8800 64
148.9120 149.1040 66
149.1360 149.1680 65
149.2960 149.6160 63
149.6480 150.1280 66
150.2560 150.4480 68
150.4800 150.4800 65
150.6720 151.6000 59
153.4240 153.5200 62
153.5520 153.6480 64
153.7760 153.8720 62
154.0000 154.0960 59
154.1280 154.1600 58
154.1920 154.2240 57
154.2560 154.3200 56
154.3520 154.4160 57
154.4480 155.3120 59
155.3440 155.4080 60
156.8800 157.0400 54
157.0720 157.1040 55
157.1360 157.2640 56
157.4240 157.4560 54
157.4880 157.5840 55
157.6160 157.6160 57
157.6480 157.6480 59
157.6800 158.0000 62
158.2240 158.8320 59
158.8640 158.8960 60
158.9280 159.2480 61
159.6320 159.7280 62
159.7600 159.8880 63
159.9200 159.9840 62
160.0160 160.2720 61
160.3040 160.4640 60
160.4960 160.7840 61
160.8160 160.9760 59
161.0080 161.2960 56
161.3280 161.4240 59
161.4560 161.5840 61
161.6160 163.2480 59
163.4400 163.5040 59
165.0080 165.4560 59
165.4880 165.7120 61
165.7440 166.0320 62
166.0640 166.6080 66
166.7360 166.8320 65
166.8640 166.8960 61
166.9280 167.4080 59
167.4400 167.8560 61
167.8880 167.9840 60
168.0160 168.5280 66
168.9120 169.1040 59
169.2320 169.4240 59
169.4560 169.7760 61
169.9040 170.0320 63
170.0640 170.0960 62
170.1280 170.3200 61
170.3520 171.6640 63
172.9440 173.0080 58
173.0400 173.3600 59
173.3920 173.7120 61
173.9040 173.9040 63
173.9360 174.5760 66
174.7680 175.2800 59
175.3120 175.6640 61
175.9200 176.4000 66
176.5600 176.6560 65
176.6880 177.3920 66
177.4240 177.6800 68
177.7120 178.1280 66
178.1600 178.2240 68
178.2560 178.2880 67
178.3200 179.1840 66
179.2160 180.7200 68
180.9760 181.2000 73
181.2320 181.3600 71
181.3920 181.6480 72
181.6800 181.8400 68
181.8720 181.9360 67
181.9680 182.3840 68
182.4160 183.1840 65
183.5360 183.6640 65
183.6960 183.8880 68
183.9200 184.2080 65
184.2400 184.2720 66
184.3040 184.5600 68
184.5920 185.0400 65
185.0720 185.4240 68
185.6480 185.8080 70
185.8400 185.8400 68
185.8720 185.8720 66
185.9040 186.9920 61
187.0240 187.0560 62
187.1520 187.1520 62
188.8160 189.0080 73
189.0400 189.2000 71
189.2320 189.4880 72
189.5200 189.5520 70
189.5840 189.6160 68
189.6480 189.8080 67
189.8400 190.2560 68
190.2880 190.4480 65
190.5760 191.0880 65
191.3440 191.4400 65
191.5680 191.7280 68
191.7600 192.0480 65
192.0800 192.1120 66
192.1440 192.1760 67
192.2080 192.4000 68
192.4320 192.4960 67
192.5280 192.7520 65
192.7840 192.9120 68
192.9440 193.2960 70
193.3280 193.4560 69
193.6480 193.7120 65
193.7440 193.9040 62
193.9360 194.0320 65
194.0640 195.0880 63
196.6880 196.7200 72
196.7520 196.8480 73
196.8800 196.9120 72
196.9440 197.1040 71
197.1360 197.3280 72
197.3600 197.5520 68
197.5840 197.7120 66
197.7440 198.1280 68
198.1600 199.0240 65
199.2800 199.3440 65
199.4720 199.6000 68
199.6320 199.8240 65
199.8560 199.9200 64
199.9520 200.0160 65
200.0480 200.2720 68
200.3040 200.3360 67
200.3680 200.7840 65
200.8160 201.1680 68
201.3600 201.5200 70
201.7440 201.8080 61
201.8400 201.8720 62
201.9040 202.1280 63
202.1600 202.8000 61
202.8320 202.8960 62
202.9280 202.9600 61
204.2400 204.3360 63
204.5600 204.6240 63
204.6560 204.7840 66
204.9440 205.0080 65
205.1360 205.2640 61
205.2960 205.5520 58
205.5840 205.6480 60
205.6800 206.7360 61
207.8560 208.2400 56
208.2720 208.4000 58
208.5600 208.6880 56
208.7200 208.7520 59
208.7840 208.8480 63
208.8800 209.0400 65
209.0720 209.1040 64
209.3280 209.9360 61
209.9680 210.0000 62
210.0320 210.2560 63
210.2880 210.3200 64
210.3520 210.4800 65
210.5120 210.5440 64
210.5760 210.6080 63
210.7680 210.8640 63
210.8960 211.0560 65
211.0880 211.1200 64
211.1520 211.4080 63
211.4400 211.6640 62
211.6960 211.9200 63
211.9520 212.1120 61
212.1440 212.3040 57
212.3360 212.3680 58
212.4000 212.4640 59
212.4960 212.5920 61
212.6240 212.8800 63
212.9120 212.9440 62
212.9760 214.4480 61
216.4320 216.5280 66
216.5600 216.6240 65
216.6560 216.7200 63
216.7520 216.8480 65
216.8800 216.9120 63
216.9440 217.0720 61
217.1040 217.4240 58
217.4560 218.3520 61
219.8560 220.0480 56
220.0800 220.2400 58
220.2720 220.4320 56
220.6240 220.6880 63
220.7200 220.9120 65
220.9440 221.0080 64
221.1040 221.7120 61
221.8400 221.8720 62
221.9040 222.1280 63
222.4800 222.6080 63
222.6400 222.8320 65
222.8640 223.1840 63
223.2160 223.2480 62
223.2800 223.3760 61
223.4080 223.4400 62
223.4720 223.6320 63
223.6640 223.6960 62
223.7280 224.1120 61
224.2400 224.4000 57
224.4320 224.6240 58
224.6560 224.6880 57
224.7200 225.7760 56
227.9200 227.9520 58
227.9840 228.1120 59
228.1440 228.4320 61
228.6560 230.0640 61
