0.9440 3.6320 65
4.1440 4.5920 67
4.6240 5.0080 69
5.2320 5.3280 69
5.4880 5.7120 69
5.9040 6.0320 69
6.2880 6.8000 69
10.3840 11.9520 51
16.0480 20.0160 65
20.2080 20.7840 56
20.8160 22.5760 51
25.3280 25.4880 60
26.1920 26.2560 61
26.2880 27.1840 62
30.7680 31.3440 62
31.3760 32.0160 67
32.0480 32.0800 65
32.2080 32.5600 62
32.5920 34.8000 65
35.4080 35.8560 62
35.9840 36.0480 61
36.0800 36.5920 65
36.6240 36.7200 62
36.7520 36.7840 59
36.8160 37.0080 56
37.1360 38.8640 55
39.8880 40.2400 53
40.4000 41.1680 55
41.2000 41.3920 58
41.5200 42.5120 62
42.6400 42.7040 63
42.7360 42.9280 65
42.9600 43.1200 67
43.1520 43.2800 65
43.7280 43.7920 56
43.8240 44.7520 60
45.0080 45.1360 57
45.2640 45.7760 58
46.0000 47.6640 60
47.7920 47.9200 62
48.5920 49.0080 62
49.1360 49.7120 67
49.7440 49.8080 65
49.8400 49.8400 63
49.9680 50.1280 62
50.2880 52.4640 65
53.0080 53.4560 62
53.4880 53.5840 59
53.6160 53.6160 61
53.6480 54.1920 65
54.2240 54.2880 62
54.3200 54.5760 58
54.6080 56.1440 55
56.1760 56.4000 56
57.3600 57.7440 53
57.8720 58.5120 55
58.5440 58.5760 54
58.7040 58.8320 58
58.9920 59.9840 62
60.0160 60.1440 61
60.1760 60.7520 65
61.1360 61.1680 58
61.2000 61.3280 59
61.3600 61.8720 60
61.9040 61.9360 61
61.9680 62.1280 62
62.2880 62.6400 57
62.6720 62.7040 56
62.7360 63.1840 55
63.3440 63.3760 56
63.4080 63.4720 57
63.5040 65.4880 58
65.9680 66.0960 69
66.1280 66.9920 70
67.0240 67.5680 69
67.6000 68.4320 67
68.4640 68.5280 65
68.5600 68.5920 63
68.8480 69.4240 60
69.8080 69.9360 66
69.9680 70.4480 65
70.4800 70.5760 66
70.6080 70.7680 67
70.9600 71.1520 59
71.1840 71.4720 60
71.5040 71.6320 61
71.6640 71.8880 63
72.0160 74.0960 62
74.7680 75.7280 69
75.7600 76.2400 67
76.4000 77.2640 65
77.2960 77.3600 62
77.3920 78.5440 58
79.0240 79.0880 61
79.1200 79.9840 62
80.0160 80.0480 61
80.2400 80.3040 62
80.3360 80.5600 65
80.5920 80.5920 63
80.6240 80.6240 61
80.7520 80.7840 59
80.8160 81.2000 60
81.2320 81.3920 59
81.4240 81.4880 57
81.5200 81.6480 58
81.6800 82.2560 57
82.2880 82.7360 58
83.3440 83.8240 62
83.9520 83.9520 63
83.9840 83.9840 65
84.0160 84.5600 67
84.5920 84.6240 66
84.6560 84.6880 65
84.7200 85.0080 62
85.1360 85.1680 62
85.2000 87.2800 65
87.7920 88.2080 62
88.3680 88.4000 59
88.4320 88.4640 64
88.4960 88.9760 65
89.0080 89.1040 62
89.2960 89.5520 59
89.5840 89.6480 56
89.6800 91.0560 55
92.1120 92.6560 53
92.6880 93.3280 55
93.4560 93.6160 57
93.7440 94.7040 62
94.8320 94.8960 62
94.9280 95.5040 65
95.8560 96.0480 59
96.0800 96.7520 60
96.7840 96.8480 62
97.0400 97.4240 56
97.4560 97.8720 55
98.0960 98.1280 56
98.1600 98.1920 57
98.2240 100.1440 58
102.0960 102.4800 61
102.5120 102.5760 59
102.6080 102.7040 57
102.9280 103.0560 55
103.0880 103.2800 53
103.3120 103.3760 54
103.4080 103.4720 55
104.5600 104.6560 67
104.6880 104.8160 65
104.9440 105.0400 63
105.0720 105.0720 61
105.1040 105.2000 59
105.3280 105.4240 57
105.4560 105.5200 59
105.7120 105.9040 58
107.2800 107.5360 62
107.6640 107.7600 66
107.7920 108.0800 62
108.1120 108.2080 59
108.4000 108.4640 63
108.4960 108.5600 62
108.5920 109.0400 59
109.4240 109.4880 60
109.5200 109.7760 58
109.8080 110.0000 57
110.0320 110.1920 59
110.2240 110.3200 57
110.5120 110.8640 58
111.0560 111.3440 57
112.7520 113.1040 63
113.1360 113.2320 66
113.2640 113.3280 63
113.4560 113.7440 61
113.7760 113.9360 60
113.9680 114.2240 57
114.2560 114.4800 59
114.8960 115.0560 61
115.0880 115.2800 58
115.3120 115.5040 60
115.6640 115.7600 57
115.7920 115.8880 56
115.9200 115.9520 55
116.1120 116.3360 58
116.4960 116.6560 58
117.5200 117.6800 59
117.9360 118.2560 56
118.4800 118.5760 59
118.8960 119.2800 56
119.3120 119.5680 53
119.8560 120.0480 53
120.4000 120.7200 55
122.7040 122.9280 61
122.9600 123.1200 58
123.9200 124.3360 60
124.3680 124.4960 57
124.6880 124.7840 60
124.8160 124.8480 58
125.0400 125.1040 58
125.1360 125.2640 59
125.2960 125.5520 57
125.5840 125.7440 58
125.7760 125.9040 55
125.9360 126.1280 58
126.1600 126.2880 57
126.4800 126.5760 58
126.6080 126.7040 56
126.7360 126.8640 59
126.8960 126.9600 57
127.8560 127.9200 59
127.9520 128.0160 58
128.1760 128.4320 62
128.4640 128.5920 60
128.6240 128.6560 59
128.6880 128.9120 58
128.9440 129.0080 65
129.0400 129.1040 62
129.1360 129.2640 61
129.3920 129.5840 62
129.7440 129.8080 62
129.8400 129.9360 61
130.6720 130.7360 63
130.7680 130.8640 62
130.8960 130.9600 64
131.1200 131.2160 63
131.2480 131.3120 61
131.3440 131.5040 60
131.7920 131.9520 58
132.1440 132.2400 60
132.2720 132.3360 58
135.2800 135.4080 71
135.4400 135.5680 70
135.6000 135.7280 71
135.8560 136.3360 70
136.3680 136.8800 69
136.9120 137.7760 67
137.8080 137.8400 65
137.8720 137.9680 62
138.0000 138.0640 61
138.2880 138.7360 60
139.1200 139.9520 65
139.9840 140.1120 67
140.2720 140.3360 62
140.3680 140.5280 59
140.5600 140.7840 60
140.8160 143.1840 62
144.0480 144.9760 69
145.0080 145.1040 68
145.1360 145.5200 67
145.6800 146.5760 65
146.6080 146.7040 62
146.7360 147.7280 58
148.3680 149.3600 62
149.5200 149.5200 61
149.5520 149.8720 65
149.9040 150.7360 60
150.7680 151.0880 58
151.1200 151.5680 57
151.6000 152.1120 58
152.1440 152.3040 60
152.6880 153.2960 62
153.3280 153.3280 64
153.3600 153.8400 67
153.8720 153.9360 65
153.9680 154.2880 62
154.4160 154.5440 64
154.5760 156.6240 65
157.1360 157.5520 62
157.5840 157.7120 59
157.7440 157.8080 63
157.8400 158.2880 65
158.3200 158.3840 62
158.4160 158.4800 59
158.5120 158.7040 56
158.8320 160.0480 55
161.4240 161.7760 53
161.9360 162.6400 55
162.7680 162.8960 58
163.0560 164.2080 62
164.2400 164.7840 65
165.1680 166.0640 60
166.0960 166.1920 62
166.2240 166.2560 59
166.2880 166.3520 58
166.3840 166.7680 57
166.8640 167.3760 55
167.4080 169.6800 58
