6.7360 6.8960 59
6.9280 7.2160 61
7.2480 7.2800 60
7.3120 7.5360 59
7.9840 8.2400 59
8.4960 8.6880 59
8.7200 8.7520 58
8.7840 9.4560 57
9.4880 9.5200 56
9.5520 9.9680 55
10.0320 10.0640 56
10.0960 10.3840 57
10.4160 10.5120 58
10.5440 10.9600 59
11.3120 12.0800 54
12.1120 12.4960 57
13.2320 13.2640 61
13.2960 13.5200 62
13.5520 13.7120 61
13.7440 13.8720 62
14.0320 14.6080 62
14.6400 15.1200 61
15.1520 15.9200 59
15.9520 16.2400 57
16.4320 16.8480 59
16.8800 17.5520 61
19.5680 19.6320 60
19.6640 19.7920 61
19.8560 19.8880 62
19.9200 20.5280 64
20.5600 20.6240 63
20.6560 20.7840 60
20.8160 21.1040 61
21.1360 21.1680 62
21.2000 22.3520 64
22.3840 22.9920 66
23.0240 23.0240 64
23.0560 23.2800 60
23.3120 23.5040 62
23.5360 23.8240 61
23.9520 24.6880 59
24.7200 25.0400 57
25.0720 25.2000 58
26.0960 26.4480 59
26.6720 26.7040 60
26.7360 27.2480 61
27.2800 27.3120 59
27.5040 27.8880 59
27.9200 28.6880 61
28.8480 29.1040 64
29.3920 29.6160 59
29.6480 29.6800 60
29.7120 29.8720 61
29.9040 30.3200 59
31.0880 31.4720 56
31.5040 31.7600 57
31.7920 31.9200 58
31.9520 32.0800 59
32.3040 32.6240 61
32.6560 33.2000 59
33.2320 33.4560 61
33.4880 33.8400 59
33.8720 33.9680 58
34.0000 34.2880 59
34.3200 34.9600 57
34.9920 35.0240 56
35.0560 35.5040 55
35.6320 36.0160 57
36.0480 36.5920 59
36.8160 37.3920 54
37.5840 37.6160 54
37.7120 37.9360 57
38.8960 39.5680 61
39.6000 39.8560 62
39.8880 40.1760 61
40.3360 40.6880 61
40.7200 41.3920 59
41.4240 41.4560 58
41.4880 41.5200 57
41.5520 41.5840 56
41.9040 42.3840 59
42.4160 43.0880 61
45.0720 45.1040 59
45.1360 45.1680 60
45.2000 45.4560 61
45.4880 45.5840 63
45.6160 45.7760 64
45.9040 46.1600 64
46.1920 46.4480 61
46.4800 46.6080 62
46.6400 46.6720 61
46.8000 47.9200 64
47.9520 47.9840 65
48.0160 48.5600 66
48.5920 48.7840 60
48.8160 49.3280 61
49.5200 50.0960 59
50.1280 50.1600 58
50.1920 50.6400 57
51.3760 51.4080 57
51.4400 51.5360 58
51.5680 52.2080 59
52.2400 52.7840 61
52.8160 52.8160 59
53.0080 53.4240 59
53.4560 54.1600 61
54.3200 55.0240 64
55.0560 55.1200 65
55.1520 55.3440 66
55.3760 55.6000 65
55.6320 55.9200 64
56.6240 57.3280 61
57.3600 57.5200 64
57.5520 57.6160 65
57.7760 57.8400 65
57.8720 58.0960 66
58.1280 58.8000 64
58.9920 59.0240 59
59.0560 59.0880 60
59.1200 59.6960 61
59.7280 60.5600 59
60.5920 60.6560 60
60.6880 61.6800 61
62.9600 62.9920 60
63.0240 63.2480 61
63.3760 63.6640 61
63.6960 64.0480 64
64.0800 64.4640 68
64.4960 64.5280 65
64.5600 64.8480 64
64.8800 65.2000 65
65.2960 65.3280 65
65.3600 66.0640 61
66.0960 66.6080 59
66.7680 66.8640 59
66.8960 67.0880 60
67.1200 67.1520 59
67.1840 67.2480 58
67.2800 68.0800 57
69.3920 70.0000 54
70.0320 70.0640 56
70.0960 70.5120 57
70.5440 70.8320 59
70.8640 70.9600 62
70.9920 71.1840 61
71.2160 71.2480 60
71.2800 72.1120 59
72.6240 73.0400 54
73.0720 73.2320 55
73.2640 73.5520 57
73.5840 73.6480 58
73.6800 74.0320 59
74.0640 74.3840 61
74.4160 75.3760 59
76.8480 76.9120 62
76.9440 77.0080 63
77.0400 77.9680 64
78.0000 78.0000 62
78.1280 78.2880 61
78.4800 79.5680 64
79.6000 79.9840 61
80.2720 80.7200 68
80.8800 81.0720 67
81.1040 81.1680 65
81.2000 81.3600 64
81.3920 81.5840 63
82.0320 82.7040 61
82.7360 82.8000 64
82.8320 83.0560 65
83.2480 83.5360 66
83.5680 84.1760 64
84.3680 84.4320 60
84.4640 85.1040 61
85.1360 86.0000 59
86.0320 87.0240 61
88.4640 89.0720 61
89.1040 89.3600 64
89.5520 89.9360 68
89.9680 90.3200 64
90.3520 90.6400 65
90.7680 90.8640 60
90.8960 91.5040 61
91.5360 92.2080 59
92.2400 92.4000 60
92.4320 92.4960 62
92.5280 92.5920 61
92.6240 92.7200 59
92.7520 93.5840 57
93.8720 94.0000 57
94.8000 94.9920 54
95.3760 95.4400 56
95.4720 95.6960 57
95.8880 95.9520 58
95.9840 96.2720 59
96.3040 96.3360 60
96.3680 96.6560 61
96.6880 96.7200 60
96.7520 97.4880 59
98.0320 98.4800 54
98.5120 98.7040 55
98.7360 99.1520 57
99.1840 99.4720 59
99.5040 99.8240 61
99.8560 100.6880 59
102.3200 102.3520 62
102.3840 103.4080 64
103.5360 103.8240 61
104.0160 104.0480 62
104.0800 104.1120 63
104.1440 104.9120 64
104.9440 104.9760 63
105.0080 105.4560 61
105.4880 105.5200 62
105.5520 105.8400 66
105.8720 106.1600 68
106.2880 106.4160 66
106.6080 107.0240 63
107.4400 107.6960 61
108.0800 109.0400 61
120.1760 120.8160 65
120.8480 121.0400 64
121.0720 121.2000 63
133.9680 134.3520 61
134.3840 134.6400 59
134.7680 134.8320 58
135.1520 135.3760 59
135.6000 135.7920 59
135.8240 136.6560 57
136.8480 137.0720 55
137.2000 137.6160 57
137.6480 138.1600 59
138.4480 139.2160 54
139.2480 139.6000 57
140.3680 140.4320 60
140.4640 140.7520 62
140.7840 141.2960 61
141.4880 141.8400 62
142.0000 142.2880 61
142.3200 143.0880 59
143.1200 143.3760 57
143.5680 143.9520 59
143.9840 144.5920 61
146.6720 146.7680 58
146.8000 147.0240 61
147.1520 147.8240 64
147.8560 148.2720 61
148.3040 148.3680 63
148.4000 149.5520 64
149.5840 150.1600 66
150.2880 150.6400 69
151.1520 151.1520 59
151.2160 151.3760 62
151.4080 151.9200 61
151.9520 152.2080 59
152.2400 152.4640 57
153.1360 153.2000 58
153.2320 153.6160 59
153.6480 153.7760 60
153.8080 154.4160 61
154.4480 154.4800 60
154.5120 154.9920 59
155.1840 155.3120 61
155.3440 155.6960 62
155.8560 156.6560 64
156.6880 156.7520 65
156.7840 156.9760 66
157.0080 157.2000 65
157.2320 157.4560 64
157.4880 157.5520 63
158.1920 158.2240 59
158.2560 158.2880 60
158.3200 158.9920 61
159.0240 159.0880 63
159.1200 159.1840 64
159.2160 159.3120 65
159.3440 159.3760 70
159.4080 159.5360 71
159.5680 159.7600 72
159.7920 159.7920 70
159.8880 159.9840 69
160.0160 160.2720 64
160.3360 160.4640 64
160.8160 161.3920 61
161.5200 162.1920 59
162.2880 162.2880 59
162.4800 162.7040 61
162.8640 163.2800 61
164.6560 164.6880 60
164.7200 165.3600 61
165.3920 165.7120 64
165.9680 165.9680 52
166.0320 166.8320 52
166.8640 166.9280 53
167.3440 167.8240 61
167.8560 168.5280 59
168.5600 168.6880 60
169.1040 169.8400 57
171.1200 171.3120 54
171.4400 171.5040 53
171.5360 171.7600 54
171.7920 172.1440 57
172.4000 172.5600 59
172.5920 172.7840 61
173.0080 173.1360 62
173.7120 173.7760 60
173.8080 173.8400 59
174.2880 174.5440 55
174.6720 174.6720 56
174.7360 175.2480 57
175.2800 175.3760 58
175.4080 175.6960 59
175.7280 176.0160 61
176.3040 176.3040 59
176.9120 177.0720 59
178.5120 178.5760 62
178.6080 178.6720 63
178.7040 179.6960 64
179.8240 179.9520 61
179.9840 180.0160 62
180.0480 181.2320 64
181.2640 181.6160 61
181.9040 182.0000 67
182.0320 182.4160 68
182.4480 182.5760 65
182.6080 182.7360 66
182.7680 182.8000 64
182.8320 183.0240 63
183.0560 183.1200 62
183.6320 184.3040 61
184.3360 184.4320 63
184.4640 184.5280 64
184.5600 184.6240 65
184.6560 184.6880 66
184.7200 184.7520 70
184.8480 185.0720 71
185.2640 185.3920 70
185.4880 185.5200 70
185.5840 185.8400 69
186.2240 186.7360 61
186.8960 186.9600 59
187.3760 187.5360 59
187.7920 187.8240 61
188.0160 188.1120 61
188.5280 188.7200 61
190.0000 190.1600 63
190.1920 190.6720 64
190.7040 191.0240 61
191.3120 192.2400 52
192.6560 193.1360 52
193.3280 193.4880 54
193.6160 193.6800 54
194.3840 195.4080 57
196.4640 196.4960 52
196.5280 196.5920 53
196.6240 196.9440 54
196.9760 197.1360 55
197.1680 197.3280 58
197.3600 197.5200 57
197.5520 197.5840 58
197.6160 197.9360 59
197.9680 198.2240 61
198.6080 198.7040 60
198.7360 199.0560 59
199.0880 199.1840 60
199.6000 199.7280 63
199.7600 200.6880 64
200.7200 200.8160 65
200.8480 201.0720 66
201.1040 201.2640 60
201.2960 201.4880 61
201.5200 202.3520 59
202.3840 202.4480 60
203.8880 203.9200 62
203.9520 205.0080 64
205.1360 205.1680 63
205.2000 206.3200 64
206.4160 208.3040 64
208.3360 208.4960 65
208.7520 208.9120 64
208.9440 209.0400 60
209.0720 209.3920 61
209.7120 209.9680 59
210.0960 210.2560 59
210.3520 210.5440 59
210.5760 211.6000 57
221.6480 222.4480 66
222.4800 222.6720 64
222.7040 222.8000 63
234.9280 235.1520 72
235.4080 235.5360 71
235.5680 235.5680 66
235.6640 235.6640 63
235.8880 236.1440 64
236.3040 236.4000 65
236.4320 236.4320 62
236.6560 236.9440 61
237.1040 237.2960 61
237.3920 237.3920 59
237.9040 237.9040 59
237.9360 238.0000 61
238.7040 238.9280 61
239.1840 239.2480 63
