18.3200 18.3520 71
18.3840 18.4480 72
18.4800 18.8640 73
18.8960 19.1840 78
19.2160 20.2400 75
21.2000 23.4400 73
23.9520 24.2080 73
24.3360 24.4000 73
36.1760 36.4960 63
36.5280 36.6560 64
36.7840 36.9440 64
37.1040 37.7120 64
37.7440 37.9360 65
38.2560 38.5760 59
39.9840 40.1120 59
40.1440 40.1760 60
40.2080 40.3360 61
40.5600 40.6880 63
40.7200 40.7520 62
40.7840 41.1040 61
41.2960 41.4560 59
41.9360 42.0640 56
43.6960 43.8560 59
43.8880 43.9840 61
44.1440 44.9120 61
44.9440 44.9760 60
45.0080 45.2640 59
45.6160 45.8080 57
45.9360 46.0960 59
46.1280 46.2560 61
46.2880 46.3200 60
46.3520 46.4480 59
47.1840 47.4080 53
47.9200 48.3040 56
48.3360 48.4960 57
48.6880 48.7840 57
48.8160 48.9440 58
49.3920 49.5520 54
51.1520 51.3440 63
51.3760 52.2720 64
52.4320 52.6560 64
53.1360 53.7120 63
54.9280 54.9600 58
54.9920 55.0560 59
55.0880 55.2160 61
55.3760 55.6320 63
55.6640 55.9520 64
56.1120 56.3360 68
56.3680 56.5600 69
56.5920 57.4880 68
58.7040 58.8000 59
58.8320 59.1200 61
59.1520 59.2800 63
59.4400 59.6640 63
59.6960 59.8240 64
59.8560 59.8880 63
60.1440 60.4000 61
60.6560 60.7520 59
61.4240 61.9360 64
62.1280 62.3200 65
62.3520 62.5760 66
62.6080 63.9520 64
65.0720 65.6160 64
65.6480 66.8640 66
66.8960 67.3120 64
67.5680 67.7280 67
67.7600 67.9200 68
68.0800 68.9440 66
68.9760 69.2000 69
69.2320 69.3920 71
69.9040 70.0320 62
70.0640 70.6080 63
70.6400 70.7040 61
70.7360 70.8320 62
71.2480 71.4720 63
71.5040 71.6640 64
71.7920 72.5280 63
72.7520 72.9760 69
73.0080 73.2000 71
73.6800 73.9040 69
74.0640 74.2880 71
74.4480 74.6720 72
74.7040 74.9280 73
75.0560 75.4400 71
75.4720 75.5040 70
75.5360 75.6640 69
75.8240 76.0480 71
76.0800 76.1760 73
76.3680 76.7520 71
77.1040 77.2640 64
77.4240 77.5520 64
77.5840 77.7440 66
77.9040 78.2880 68
78.3200 78.6080 69
78.6400 78.8320 70
78.8640 79.1840 71
79.3760 80.2400 66
81.1680 81.4560 66
81.6160 81.9040 66
81.9360 82.3840 64
82.5440 82.7040 66
82.7360 82.9280 68
82.9600 83.0240 67
83.0560 83.7600 66
84.0160 84.2080 70
84.2400 84.4640 71
84.8480 85.0720 63
85.1040 85.2000 64
85.3280 85.5520 63
85.7120 86.0960 61
86.3200 86.5120 63
86.5440 86.7040 64
86.7360 87.3760 63
87.6960 87.9520 70
87.9840 88.1440 71
88.1760 88.2080 70
88.6560 88.9440 69
88.9760 89.2640 71
89.2960 89.4880 72
89.5200 89.8720 73
90.0320 90.3200 71
90.4480 90.6400 69
90.8000 90.9280 71
90.9600 91.2480 73
91.2800 91.6640 71
92.1440 92.3040 64
92.4960 92.6880 64
92.7200 93.7440 66
94.8000 95.0240 63
95.2160 95.6960 64
95.7280 95.9840 66
96.0160 96.1760 65
96.2080 97.8720 64
107.1200 107.6000 56
108.6880 108.9120 56
111.1840 111.4720 63
111.6960 112.1760 64
112.4320 112.5920 64
112.6240 112.9440 66
112.9760 113.6160 63
114.9280 115.1200 61
115.4080 115.5360 63
115.7600 115.9200 61
116.1760 116.4960 59
116.5280 117.0080 56
117.3280 117.9360 59
118.6720 118.8320 60
118.8640 119.8560 61
120.0800 120.3360 59
120.3680 120.6880 57
120.8800 121.0080 59
121.0400 121.1680 61
121.2960 121.7120 59
122.0640 122.4800 54
122.5120 122.7040 53
122.7360 122.8960 54
122.9280 123.2160 56
123.3440 123.7920 57
123.8240 124.1120 59
124.1440 124.1760 57
124.2080 124.3680 54
126.1600 126.3520 63
126.3840 127.2160 64
127.2480 127.3440 63
127.3760 127.6000 64
127.6320 127.8560 66
128.0800 128.8800 63
129.4560 129.4880 66
129.5200 129.6480 67
129.6800 129.7440 66
129.9680 130.0320 61
130.3840 130.6720 63
130.7040 130.8640 64
131.1200 131.6960 68
131.8560 132.5600 68
133.6800 133.8720 59
133.9040 134.1280 61
134.1600 134.6720 63
134.7040 134.9280 64
135.1200 135.4080 61
135.4400 135.8240 59
136.5280 137.3280 64
137.3600 137.5200 66
137.5520 139.5680 64
140.0480 140.6560 64
140.6880 141.3280 66
141.3600 141.5520 68
141.5840 141.8400 66
141.8720 142.2240 64
142.2560 142.3200 65
142.5760 142.7040 66
142.7360 142.9600 68
142.9920 143.9520 66
143.9840 144.5600 70
144.8480 145.5840 63
145.6160 146.0640 61
146.2880 147.5360 63
147.7280 147.9840 69
148.0160 148.1760 71
148.6880 148.9440 69
149.0720 149.6160 71
149.6480 149.9680 73
150.0000 150.4160 71
150.4480 150.6720 69
150.8960 151.0560 71
151.0880 151.2160 73
151.3440 151.7920 71
152.1120 152.2720 64
152.4320 152.5600 64
152.5920 152.7520 66
152.8800 153.2640 68
153.2960 153.6480 69
153.6800 153.8400 70
153.8720 154.0960 71
154.1280 154.1920 70
154.3520 155.4720 66
156.0480 156.5920 67
156.6240 156.8480 66
156.8800 157.4560 64
157.4880 157.7120 66
157.7440 157.9680 68
158.0000 158.8000 66
159.0240 159.1840 70
159.2160 159.4400 71
159.8880 159.9200 61
159.9520 160.0160 62
160.0480 160.2400 63
160.4000 160.5600 63
160.7520 161.1360 61
161.3280 162.7040 63
162.7360 163.2160 70
163.6640 164.0160 69
164.0480 164.2720 71
164.3040 164.5280 72
164.5600 165.0080 73
165.0400 165.2960 71
165.3280 165.4560 73
165.4880 165.7120 69
165.8720 166.0320 71
166.0640 166.2240 73
166.2560 166.6400 71
166.6720 166.7040 68
166.7680 166.8000 67
167.0880 167.6000 64
167.6320 169.0720 66
169.7760 170.0640 63
170.1920 170.6080 64
170.6400 170.8320 66
170.8640 172.5600 64
172.5920 172.7200 65
172.7520 174.2240 66
174.2560 174.7360 62
174.8000 174.8640 69
174.8960 178.3520 71
183.0880 183.1840 69
183.2160 183.5040 71
183.5360 183.5680 70
183.7280 183.8880 63
183.9200 184.1120 62
185.2320 185.4880 64
185.7120 185.9680 66
186.0640 186.3840 67
186.4160 186.5760 68
186.6080 186.8000 66
186.8320 187.2800 64
187.5680 187.8880 67
188.0480 188.9120 66
188.9440 188.9760 69
189.0080 189.1680 70
189.2000 189.4240 71
189.9360 190.2880 63
190.4160 190.5440 63
190.7040 191.1200 61
191.3120 191.6640 63
191.8240 192.5600 63
192.7200 193.2320 70
193.6480 193.9040 69
194.0640 194.6080 71
194.6400 194.9280 73
195.0560 195.3120 71
195.3440 195.6320 69
195.8560 196.0160 71
196.0480 196.2400 73
196.3680 196.8480 71
197.1680 197.5520 64
197.5840 197.8720 66
197.9040 198.3200 68
198.3520 198.8000 69
198.8320 198.9920 71
199.1840 199.2800 67
199.3120 199.5040 68
199.5360 200.5280 66
201.0720 201.3920 66
201.4240 201.5520 68
201.5840 201.8720 66
201.9040 202.5440 64
202.5760 202.7360 66
202.7680 202.9600 68
202.9920 203.7920 66
203.9840 204.2080 70
204.2400 204.4960 71
204.8800 205.1040 62
205.1360 205.2640 64
205.3920 205.6160 63
205.6480 206.3200 61
206.3520 207.6960 63
207.7280 207.9840 69
208.0160 208.1760 71
208.2080 208.3040 70
208.5920 208.9440 69
209.0720 209.2640 71
209.3920 209.5840 71
209.6160 210.0320 73
210.0640 211.7600 71
212.0800 212.5600 64
212.5920 214.0320 66
215.2480 215.6640 63
215.8560 216.8160 64
217.2000 220.6880 64
