8.5920 8.6880 58
8.9120 8.9120 60
17.1360 17.2960 64
17.3280 17.5520 66
17.5840 17.9040 59
18.1280 18.5760 62
18.6080 18.9600 64
19.9840 20.2720 64
20.3040 20.4000 66
20.4320 20.4640 63
20.4960 20.7520 59
20.9120 21.6160 62
21.9040 22.4800 62
22.5120 22.6720 64
22.9280 23.0560 59
23.0880 23.2480 61
23.4080 23.8240 57
23.8560 24.1120 54
24.4640 24.5280 52
24.5600 24.8160 54
24.8480 25.1040 57
25.3280 25.4240 57
25.4560 25.6160 59
25.7760 25.9040 57
25.9360 26.3840 59
28.6560 28.6560 59
28.6880 28.7520 62
28.7840 28.9120 64
28.9440 29.0720 66
29.1040 29.1040 62
29.1360 29.5520 59
29.5840 29.8400 62
30.0640 30.5120 64
31.4720 31.4720 59
31.5040 31.5040 61
31.5360 31.7600 64
31.7920 31.8880 66
31.9200 31.9200 64
31.9520 31.9520 62
31.9840 32.4000 59
32.5600 32.8160 62
32.9760 33.2320 64
33.2640 33.3280 62
33.4560 34.0000 62
34.0320 34.2560 63
34.3840 34.5120 59
34.5440 34.7680 61
34.8960 35.2160 57
35.2480 35.3120 56
35.4720 35.6000 55
35.9200 36.0160 52
36.0480 36.2720 54
36.3040 36.6240 57
36.8160 37.0080 62
37.0400 37.2320 64
37.2640 37.4560 62
37.4880 37.7120 64
37.7440 38.1920 62
39.2160 39.6320 59
39.6640 40.0480 62
40.2400 40.4320 64
40.4640 41.2960 66
41.3280 41.4240 65
41.5840 41.8080 64
42.3840 42.4480 59
42.5760 42.8960 62
43.0240 43.2160 64
43.2480 44.1760 66
44.2080 44.3680 65
44.4000 44.5920 64
44.9440 44.9760 61
45.0080 45.5200 62
45.5520 45.5840 63
45.6160 45.7440 64
45.9040 46.0640 59
46.0960 46.3200 61
46.3520 46.8000 57
46.9600 47.3120 54
47.3440 47.5040 52
47.5360 47.6960 54
47.8240 48.1760 57
48.3040 48.4640 62
48.4960 48.6880 64
48.7200 48.8800 62
48.9120 49.1360 64
49.1680 49.3600 62
50.2880 50.3840 67
50.4160 50.6720 69
50.7040 51.1200 67
51.1520 51.2160 62
51.2480 51.3440 64
51.3760 51.5680 66
51.6000 51.6000 63
51.6320 52.1440 59
52.9120 53.0400 68
53.1680 53.2960 67
53.3280 53.5840 69
53.6160 54.0320 67
54.0640 54.2240 64
54.2560 54.4160 66
54.4480 54.8960 64
55.0880 55.2160 64
55.2480 55.5040 62
55.5360 55.7280 64
55.7600 55.9520 62
55.9840 56.2400 64
56.2720 56.7840 62
56.9440 57.3280 64
57.3600 57.4560 62
57.4880 57.6160 64
57.6480 58.3200 66
58.8640 59.0560 64
59.0880 59.1840 66
59.3760 59.9840 69
60.0160 60.1760 71
60.3360 60.4960 69
60.5280 60.7520 71
60.7840 61.3920 69
61.7440 61.9040 67
61.9360 62.1280 69
62.1600 62.5760 67
62.6080 62.6720 69
62.7040 62.8960 64
62.9280 63.0240 66
63.0560 63.0560 64
63.2160 63.6960 59
64.6240 64.7840 67
64.8160 65.1040 69
65.1360 65.4880 67
65.5840 65.7760 64
65.8080 66.0320 66
66.0640 66.7680 64
66.8000 66.9920 62
67.0240 67.2480 64
67.2800 67.3440 62
67.5040 67.9200 64
68.0480 68.1760 64
68.2080 68.4640 66
68.4960 68.5600 63
68.9120 69.0080 62
69.0400 69.5520 64
69.5840 69.8720 66
69.9040 70.0640 62
70.3840 70.8000 64
70.8320 70.8960 62
70.9280 71.0560 64
71.0880 71.3760 66
71.4080 71.5040 62
71.8240 72.4320 69
72.4640 72.5280 70
72.8160 72.9440 66
73.2640 74.0960 69
74.7040 74.7680 61
74.8000 74.8960 64
74.9280 74.9600 65
74.9920 75.0880 66
75.2160 75.6640 59
75.6960 76.3360 62
76.3680 76.6240 63
77.5840 77.6160 59
77.6480 77.6800 62
77.7120 77.8400 64
77.8720 77.9680 66
78.0000 78.3840 59
78.4160 78.5120 58
78.5440 78.5440 60
78.5760 79.1200 62
79.1520 79.2160 64
79.2480 79.3440 63
79.4720 79.5040 61
79.5360 80.1120 62
80.1440 80.2720 64
80.4640 80.6560 59
80.6880 80.8800 61
80.9120 80.9440 59
80.9760 81.4240 57
81.4560 81.5520 55
81.5840 81.6800 54
82.0640 82.0960 52
82.1280 82.1600 53
82.1920 82.3840 54
82.4160 83.0240 57
83.0560 83.2160 59
83.2480 83.5680 57
83.6000 84.3360 59
86.1920 86.2240 60
86.2560 86.2880 63
86.3200 86.5120 64
86.5440 86.6400 65
86.6720 86.7040 61
86.7360 87.0240 59
87.2160 87.8560 62
87.8880 88.1120 64
89.0720 89.1040 59
89.1360 89.1680 63
89.2000 89.2960 64
89.3280 89.4560 65
89.6160 89.7120 58
89.7440 90.0320 59
90.0640 90.4160 62
90.4480 90.5440 60
90.5760 90.6720 62
90.7040 90.9280 63
91.0560 91.5360 62
91.5680 91.8240 64
91.8560 91.9840 61
92.0160 92.1440 59
92.1760 92.3680 61
92.5280 92.8800 57
93.0400 93.2320 54
93.4240 93.6160 52
93.6480 93.8720 54
93.9040 94.2560 57
94.4160 94.5760 62
94.6080 94.7680 64
94.8000 95.0560 62
95.0880 95.3440 64
95.3760 95.9840 62
96.7840 96.9760 59
97.2320 97.7120 62
97.7440 98.0000 64
98.0320 98.8960 66
98.9280 99.0240 64
99.1840 99.4080 64
99.7920 99.9200 59
100.1760 100.5600 62
100.6560 100.6560 60
100.6880 100.8480 64
100.8800 101.8720 66
101.9040 101.9040 64
102.0640 102.2880 64
102.5440 102.5760 59
102.6080 102.8960 62
103.0240 103.0240 60
103.0560 103.1840 62
103.2160 103.4080 64
103.4400 103.4400 61
103.4720 103.6640 59
103.6960 103.8560 61
103.8880 104.3360 57
104.4640 104.8480 54
104.8800 105.1040 52
105.1360 105.3280 54
105.4880 105.8080 57
105.8400 105.8400 59
105.8720 106.0320 62
106.0640 106.1920 64
106.3840 106.5120 62
106.5440 106.7360 64
106.7680 107.0560 62
107.7600 107.9840 67
108.0160 108.2720 69
108.3040 108.6560 67
108.7840 108.7840 62
108.8160 109.2000 66
109.2320 109.2320 62
109.2640 109.7120 59
110.7040 110.8320 67
110.8640 111.1520 69
111.1840 111.5680 67
111.6000 111.7600 64
111.7920 112.0160 66
112.0480 112.2400 65
112.2720 112.5920 64
112.6240 112.7200 66
112.7520 112.8160 64
112.8480 113.0400 62
113.0720 113.2960 64
113.3280 113.5200 62
113.5520 113.8080 64
113.8400 113.8720 62
114.0960 114.3520 62
114.6080 114.8960 64
114.9280 115.0240 62
115.0560 115.1840 64
115.2160 115.3760 66
115.4080 115.5680 64
115.6000 116.0800 66
116.1120 116.2400 65
116.4320 116.6240 64
116.6560 116.9120 66
116.9440 116.9760 67
117.0080 117.5840 69
117.6160 117.7120 71
117.7440 117.7440 69
117.7760 117.9680 66
118.0000 118.1920 67
118.2240 118.9600 69
119.3440 119.5040 67
119.5360 119.7280 69
119.8560 120.1760 67
120.2080 120.3040 68
120.3360 120.4640 64
120.4960 120.6560 66
120.6880 120.6880 62
120.8160 120.8800 58
120.9120 121.3280 59
122.2240 122.3840 67
122.4160 122.7040 69
122.7360 123.1520 67
123.1840 123.2480 66
123.2800 123.3760 64
123.4080 123.6000 66
123.6320 123.9520 64
123.9840 124.0480 65
124.0800 124.2080 63
124.2400 124.3680 64
124.4000 124.5920 62
124.6240 124.8480 64
124.8800 124.9760 62
125.1040 125.1680 63
125.2000 125.7440 64
125.7760 126.0000 66
126.0320 126.0640 65
126.5440 126.5440 59
126.5760 126.6080 63
126.6400 127.1520 64
127.1840 127.5040 66
127.5360 127.6000 63
128.0160 128.0160 62
128.0480 128.6240 64
128.6560 128.9120 66
128.9440 129.1040 63
129.4240 130.0960 69
130.3840 130.5760 66
130.8640 130.8960 56
130.9280 131.3760 57
131.5040 131.8880 69
132.0800 132.3040 67
132.3360 132.4320 66
132.4640 132.5600 65
132.5920 133.0080 66
133.0400 133.1040 65
133.1360 133.3280 62
133.7760 134.2240 57
134.2560 134.5760 59
134.6080 134.7040 58
134.7360 134.8640 61
134.8960 135.3760 62
135.6960 135.8880 69
135.9200 135.9840 65
136.0160 136.1440 66
136.1760 136.3680 69
136.4000 136.5920 66
136.6240 137.2640 69
137.2960 137.3920 71
137.5840 138.0320 66
138.0640 138.2560 68
138.2880 139.0240 69
139.4400 139.6320 64
139.6640 139.7600 66
139.9840 140.5280 69
140.5600 140.7520 70
140.7840 140.8160 67
140.9760 141.1680 67
141.2000 142.0640 69
142.3520 142.5440 67
142.5760 142.7360 69
142.9920 143.3120 67
143.3440 143.4400 64
143.4720 143.5040 65
143.5360 143.6960 66
143.7280 144.0480 63
144.0800 144.4000 62
145.2640 145.4240 67
145.4560 145.7440 69
145.7760 146.1280 67
146.3200 146.4160 64
146.4480 146.6400 66
146.6720 146.8320 65
146.8640 147.1520 64
147.3760 147.4720 63
147.5040 147.6640 62
147.6960 147.7280 63
147.7600 147.9200 64
147.9520 148.1760 63
148.2080 148.5920 64
148.7200 148.8160 64
148.8480 149.0400 66
149.2320 149.2960 63
149.3280 149.3600 64
149.3920 149.4880 65
149.6160 150.2240 64
150.2560 150.4480 66
150.8640 151.0240 58
151.0560 151.4080 64
151.4400 151.5360 62
151.5680 151.6640 64
151.6960 151.9200 66
152.4960 153.1040 64
153.3280 153.6160 62
153.9040 154.5120 64
155.3120 155.6000 67
155.6320 156.6240 69
156.7840 156.9440 67
156.9760 157.1360 69
157.2960 157.5520 67
157.7760 157.8720 64
157.9040 158.0960 66
158.2240 158.7040 64
159.6000 159.7280 67
159.7600 159.9520 69
160.1120 160.2720 67
160.6240 160.7200 64
160.7520 161.0080 66
161.0400 161.2000 65
161.2320 161.7120 64
161.7440 162.0000 66
162.0320 162.1280 63
162.1600 162.1920 62
162.5440 162.8320 64
163.0240 163.1520 64
163.1840 163.3760 66
163.5360 163.7920 62
164.0160 164.4960 64
166.8640 167.1200 67
167.1520 167.1840 68
167.2160 168.1440 69
168.2720 168.4960 67
168.5280 168.6560 69
168.7840 169.1040 67
169.2640 169.3920 67
169.4240 169.5520 69
169.7760 169.8720 65
169.9040 170.1280 64
170.2880 170.4800 62
171.3440 171.4720 62
171.6320 171.9200 64
171.9520 172.0480 63
172.0800 172.2400 64
172.2720 172.4960 66
172.6240 172.7520 64
172.7840 173.2000 66
176.9120 177.1040 67
177.1360 177.3600 69
177.3920 177.7440 67
177.9360 177.9360 62
177.9680 178.0640 65
178.0960 178.2880 66
178.3200 178.3200 62
178.3520 179.0240 59
179.7920 179.9520 67
179.9840 180.2720 69
180.3040 180.7200 67
180.7520 180.9120 64
180.9440 181.1680 66
181.2000 181.3920 65
181.4240 181.9680 64
182.0000 182.1920 62
182.2240 182.4480 64
182.4800 182.6720 62
182.7040 182.9280 64
182.9600 182.9920 62
183.1840 183.5040 62
183.6640 183.6640 60
183.6960 184.0480 64
184.1760 184.2400 62
184.2720 184.3360 64
184.3680 184.5600 66
184.5920 184.7520 65
184.7840 185.7760 66
185.8080 185.9360 65
188.4320 188.5920 67
188.6240 188.8480 69
188.8800 188.9440 66
188.9760 189.4240 67
189.4560 189.5520 64
189.5840 189.8720 66
189.9040 189.9040 62
189.9360 190.5440 59
190.5760 190.6400 60
191.3440 191.5040 67
191.5360 191.7600 69
191.7920 191.8240 68
191.8560 192.2080 67
192.3360 192.3680 63
192.4000 192.4640 64
192.4960 192.7200 66
192.7520 192.9120 65
192.9440 193.2320 64
193.2640 193.3600 66
193.3920 193.4880 64
193.5200 193.7440 62
193.7760 193.8080 63
193.8400 194.0000 64
194.0320 194.0640 63
194.0960 194.1600 62
194.1920 194.2560 59
194.2880 194.3200 62
194.3520 194.8960 64
194.9280 195.3120 66
195.6640 195.7280 62
195.7600 196.3040 64
196.3360 196.6240 66
196.6560 196.8480 62
197.1360 197.4560 64
197.4880 197.4880 61
197.5200 197.6160 59
197.6480 197.8080 64
197.8400 198.0640 66
198.0960 198.2240 62
198.5760 199.2160 64
199.2480 199.3120 66
199.3440 199.4400 65
199.4720 199.7600 62
199.9200 200.0480 64
200.0800 200.4640 65
200.4960 200.7840 64
200.8160 200.9440 65
200.9760 201.1040 64
201.1360 201.8720 62
205.7760 205.8400 68
205.8720 206.1920 69
206.2240 206.2560 70
206.2880 206.4480 71
206.4800 207.1520 66
207.1840 207.4080 69
207.4400 208.4960 66
208.5280 208.7840 69
208.8160 209.1360 71
209.1680 210.6080 73
221.5520 221.6160 52
222.5120 222.7680 73
222.8000 222.9600 70
222.9920 223.1200 69
