22.1920 22.2560 58
22.2880 22.5440 56
22.5760 22.6080 58
22.7040 22.7040 60
22.7360 22.8320 63
22.8640 22.8640 59
22.8960 23.0880 54
26.4160 26.7040 60
26.9920 27.1520 59
27.8560 27.9840 60
28.1760 28.2720 66
28.3040 28.3680 62
29.0400 29.1040 54
31.4400 31.9200 57
32.8160 33.0400 58
33.1680 33.2960 58
33.3280 33.4880 61
33.5200 33.6480 58
33.9040 34.0960 59
34.6400 34.7360 58
37.9360 38.0000 60
38.1600 38.2240 62
38.8320 38.9280 67
39.1520 39.2480 56
39.2800 39.3120 54
41.9360 42.0320 58
42.1920 42.5440 61
42.5760 42.6080 59
43.1840 43.3760 59
43.6000 43.6640 63
44.0800 44.2400 61
44.2720 44.3360 63
44.4960 44.5600 65
44.5920 44.6880 61
44.8160 44.8800 58
48.2400 48.4000 61
50.8000 51.1520 62
51.2160 51.2480 63
51.4400 51.5040 62
51.5360 51.6320 59
51.6640 51.6640 56
53.3920 53.7120 67
53.7440 53.8720 62
53.9040 53.9040 66
53.9360 54.0640 70
54.3200 54.5440 71
54.7360 54.8000 68
54.8320 54.8640 66
55.0240 55.2480 59
62.7040 62.8960 63
63.1840 63.2160 60
63.2480 63.3120 62
63.3440 63.5680 63
63.6000 63.9520 66
65.4240 65.4880 68
65.5200 65.7440 67
65.8400 66.0320 67
66.0640 66.1920 70
66.5120 66.6080 63
66.6400 66.6400 60
67.1840 67.3440 70
67.5040 67.5680 65
67.6000 67.6960 63
67.8880 68.0800 70
68.1120 68.1760 67
70.6080 70.8320 63
70.8640 71.0240 58
71.0560 71.0560 61
71.0880 71.2160 65
72.5280 72.5920 69
72.6240 72.7520 65
72.7840 72.8160 61
72.9440 73.0080 60
73.0400 73.1040 67
73.2960 73.4240 69
74.4160 74.4800 67
76.0160 76.0480 67
76.0800 76.1440 69
76.1760 76.4960 71
76.5280 76.5600 67
76.8160 76.9120 71
76.9440 77.2000 67
77.3920 77.4560 72
77.4880 77.5520 65
79.5360 79.5360 65
81.8720 81.9680 76
82.0000 82.0960 72
82.2880 82.4800 73
86.8960 87.0560 59
87.0880 87.8240 62
87.8560 89.9040 64
89.9360 90.1280 65
91.4400 92.2080 67
92.2400 92.6880 69
92.7200 92.8800 70
92.9120 93.6800 71
93.7120 93.7760 72
93.8080 94.2560 74
94.2880 94.3200 72
94.3520 94.8000 70
94.8320 98.4160 71
99.2480 100.2080 67
100.2400 102.0960 69
102.1280 102.8000 70
103.7920 104.5920 71
104.6240 105.3920 67
105.4240 105.5520 65
105.5840 105.7760 64
105.8080 106.4480 62
106.4800 106.7040 63
106.7360 109.5200 64
111.3120 112.1120 67
112.3680 112.4320 65
112.4640 112.7520 64
112.7840 113.4880 62
113.5200 113.6480 60
113.6800 114.7680 59
116.2080 116.4000 60
116.4320 116.8800 62
117.0720 117.3920 62
117.4240 118.0320 64
118.0640 118.7040 67
118.7360 121.9360 69
123.0880 123.1200 62
123.1520 123.7280 67
123.7600 123.8240 69
123.8560 124.2080 70
124.2400 124.7200 71
124.7520 124.7840 72
124.8160 127.9840 74
128.5920 128.6240 67
128.6560 129.1360 71
129.1680 129.4560 74
129.4880 129.8080 75
129.8400 130.1920 74
130.2240 130.6080 71
130.6400 131.0240 69
131.0560 131.7280 71
131.7600 132.4000 69
132.4320 132.5280 71
132.5600 133.3280 67
133.3600 133.4880 65
133.5200 133.7120 64
133.7440 134.0640 62
134.0960 135.5040 59
135.5360 136.3680 62
136.4000 137.3920 64
137.4240 137.7440 67
137.7760 138.6080 69
138.6400 139.1200 70
139.1520 139.5040 71
139.5360 139.6000 68
139.6320 140.3040 67
140.3360 140.4320 66
140.4640 140.8160 59
140.8480 141.2320 62
141.2640 141.2960 63
141.3280 144.4960 64
147.7280 147.8240 65
147.8560 148.3360 67
148.3680 148.8800 66
148.9120 148.9440 60
148.9760 148.9760 58
149.1360 149.3920 59
149.5520 149.7120 59
149.7440 149.8080 62
149.8400 150.6400 65
150.6720 151.3440 66
151.3760 151.9200 67
151.9520 152.2080 66
152.4000 152.8160 66
154.7040 154.7040 64
154.7360 155.6320 66
155.6640 155.7280 62
155.7920 156.5280 59
156.5600 156.6880 63
156.7200 157.4560 64
157.4880 159.0880 66
159.8880 159.9520 58
159.9840 160.0800 61
160.1120 160.9120 62
160.9440 163.0560 64
163.0880 163.5040 65
164.8480 165.4560 67
165.4880 165.6480 68
165.6800 165.7440 69
165.7760 166.0000 70
166.0320 166.0960 69
166.2560 167.0240 71
167.0560 167.2480 72
167.2800 167.4080 74
167.4400 167.6640 72
167.6960 167.7280 71
167.7600 168.1120 70
168.1440 171.3440 71
171.3760 171.6320 72
172.7840 173.0720 67
173.1040 173.4880 68
173.5200 173.7440 67
173.7760 176.0800 69
176.1120 176.5280 70
177.5520 178.3520 71
178.3840 178.3840 67
178.5120 179.1520 67
179.1840 179.5360 64
179.5680 180.1440 62
180.1760 183.5040 64
185.0400 185.4560 67
185.4880 185.7440 64
185.7760 186.2880 62
186.3200 186.3520 63
186.3840 189.3280 64
191.3440 191.6000 67
191.6320 191.7920 66
191.8240 191.9840 64
192.0160 192.6240 62
192.6560 195.7280 64
197.6160 198.0640 67
198.0960 198.3520 65
198.3840 198.9920 62
199.0240 202.0320 64
202.1920 202.4480 64
