18.6080 18.8000 56
18.8320 19.0560 58
19.2480 19.4080 58
19.4400 19.5360 60
19.6960 19.7600 60
19.7920 19.8240 59
19.8560 19.9840 58
20.1440 20.7520 56
20.7840 20.8800 58
21.0400 21.3280 56
21.4880 21.9360 53
25.6800 25.8400 56
25.8720 25.9040 57
25.9360 26.1920 58
26.3840 26.5120 58
26.5440 26.6720 60
26.8000 26.8960 59
26.9280 27.0880 58
27.2160 27.5040 56
27.6960 27.8560 56
27.8880 27.9840 58
28.1760 28.4320 56
28.5920 28.6560 52
32.7200 32.9120 56
32.9440 33.2000 58
33.3920 33.4240 58
33.4560 33.5200 59
33.5520 33.6800 60
33.8720 33.9360 59
33.9680 34.1280 58
34.2880 34.5760 56
34.7040 34.8640 56
34.8960 35.0240 58
35.0560 35.2480 57
35.2800 35.4080 56
35.6000 36.0160 53
39.7920 39.9200 56
39.9520 39.9840 57
40.0160 40.3040 58
40.4320 40.5920 58
40.6240 40.7200 60
40.9120 40.9760 59
41.0080 41.2000 58
41.2320 41.2640 57
41.2960 41.6480 56
41.8080 41.9680 56
42.0000 42.0960 58
42.2240 42.3200 57
42.3520 42.5760 56
42.7360 42.8000 52
42.8320 43.0240 51
46.8640 47.0560 54
47.0880 47.2160 56
47.2480 47.5040 55
47.5360 48.0480 56
48.5600 48.5920 52
48.6240 48.6880 54
48.7200 48.7520 55
48.7840 48.8800 56
49.0400 49.2000 55
49.2320 49.2640 53
49.2960 49.3280 51
49.5520 49.7120 63
49.7440 49.9680 65
50.0000 50.6080 63
50.6400 50.7680 62
52.1120 52.1440 53
52.1760 52.2720 54
52.3040 52.7200 56
52.7520 52.7520 54
53.0720 53.2320 59
53.2640 53.4880 60
53.5200 54.5120 58
56.5920 56.8160 59
56.8480 57.2640 60
57.9680 58.1920 61
58.2240 58.5120 57
58.5440 59.0240 58
60.0800 60.3360 62
60.3680 60.6560 63
60.6880 60.7520 61
60.7840 60.8480 60
61.8720 61.9360 59
61.9680 62.0320 60
62.0640 62.2240 61
62.3520 62.6720 60
62.7040 62.8960 58
62.9280 63.2800 56
63.4080 63.6640 62
63.6960 64.2400 63
65.3920 65.5200 60
65.5520 65.7120 61
65.7440 66.0000 60
66.1280 66.2240 60
66.2560 66.4480 58
66.4800 66.5760 55
66.6080 66.8000 56
66.9920 67.2160 62
67.2480 68.2400 63
70.1600 70.2560 54
70.2880 70.4480 56
70.4800 70.8640 58
70.8960 71.0880 60
71.1200 71.3120 63
71.4400 71.5680 63
71.6000 71.6320 62
71.7920 71.8880 55
71.9200 72.0480 56
72.4320 72.4640 57
72.4960 72.5280 58
72.5600 72.6240 59
72.6560 72.8480 60
72.8800 73.2000 61
73.2320 73.3600 58
73.3920 74.0960 56
74.1280 74.1600 59
74.1920 74.4160 61
74.4480 75.5680 63
75.9520 75.9520 57
75.9840 76.1120 60
76.1440 76.3040 61
76.4320 76.7520 60
76.7840 76.8160 59
76.8480 77.0400 58
77.0720 77.3920 56
77.5520 77.5520 56
77.5840 77.7440 62
77.7760 78.0960 63
78.1280 78.2880 62
79.4720 79.5680 59
79.6000 79.6320 60
79.6640 79.8240 61
79.9520 80.2720 60
80.3040 80.3360 59
80.3680 80.5920 58
80.6240 80.9120 56
81.0720 81.0720 56
81.1040 81.1040 59
81.1360 81.2640 61
81.2960 81.3280 62
81.3600 81.6480 63
81.6800 81.9360 62
82.5120 83.0560 60
83.0880 83.1200 59
83.2480 83.3120 59
83.3440 83.6960 58
83.7280 83.7600 57
84.4000 84.4320 55
84.4640 84.5600 56
84.5920 84.6560 58
84.8800 84.9440 58
84.9760 85.0080 59
85.0400 85.2640 60
85.2960 85.3280 62
85.3600 85.5200 63
85.7440 85.8080 63
85.8400 85.9360 62
86.2560 86.3520 56
86.5120 86.5760 58
86.6080 86.6720 59
86.7040 86.9600 60
86.9920 87.2160 61
87.3440 87.4400 59
87.4720 87.5680 58
87.7600 87.9840 56
88.3360 88.6240 55
96.2720 96.4960 56
96.5280 96.7840 58
96.9440 97.1040 59
97.1360 97.4240 60
97.4560 97.4880 59
97.5200 97.6800 58
97.8080 98.2240 56
98.2560 98.4160 57
98.4480 98.5440 58
98.7040 98.8000 57
98.8320 98.9600 56
98.9920 99.0240 55
99.0560 99.3120 53
103.3120 103.3760 54
103.5360 104.0800 58
104.1120 104.2400 60
104.2720 104.4960 59
104.5280 104.6880 58
104.8160 105.1360 56
105.2960 105.4560 56
105.4880 105.5520 58
105.7440 105.8080 57
105.8400 106.0320 56
110.3200 110.3520 51
110.3840 110.4800 54
110.5120 110.5440 55
110.5760 110.7680 56
110.8000 111.0560 55
111.0880 111.6320 56
112.0480 112.1120 51
112.1440 112.2080 54
112.2400 112.2720 55
112.3040 112.5280 56
112.5600 112.7200 55
112.7520 112.7520 53
112.7840 112.9120 51
113.0400 113.0720 62
113.1040 113.2640 63
113.2960 113.4880 65
113.5200 114.3200 63
114.3520 114.3840 62
115.6960 115.7920 55
115.8240 115.9200 56
116.0480 116.2080 56
116.2400 116.2400 54
116.2720 116.4000 51
116.5600 116.5600 57
116.5920 116.7520 59
116.7840 116.9760 60
117.0080 117.8080 58
120.0800 120.1120 57
120.1440 120.3040 58
120.3360 120.5600 60
120.7840 120.8480 59
120.8800 121.2960 58
121.3280 121.3280 56
121.3600 121.3600 54
121.3920 121.3920 52
121.4240 121.6480 48
121.6800 122.7680 49
123.6000 123.6640 60
123.6960 123.7280 62
123.8240 123.8240 61
124.0160 124.0800 61
124.1120 124.1760 60
124.2720 124.4960 62
125.3920 125.7760 60
125.9040 126.1920 60
126.2240 126.4800 58
126.5120 126.8320 56
126.9600 126.9600 57
126.9920 127.1840 61
127.2160 127.3120 63
127.6960 127.7920 63
128.8800 129.5200 60
129.6480 129.7440 60
129.7760 129.9680 58
130.0000 130.3200 56
130.3840 130.4160 60
130.4480 130.6720 62
130.8000 132.2720 63
133.7120 133.8400 56
133.9680 134.3200 58
134.3520 134.5440 60
134.5760 134.8000 63
134.9600 135.1520 63
135.1840 135.1840 59
135.4080 135.8240 56
136.1760 136.3360 60
136.4320 136.4640 61
136.5280 136.6880 61
136.7200 136.8480 58
136.8800 137.0400 54
137.0720 137.6160 56
137.6480 138.2560 60
138.3200 138.3520 60
138.5760 138.7040 56
139.4720 139.4720 57
139.5040 139.8240 61
139.9520 140.3680 60
140.4000 140.5600 58
140.5920 140.8480 56
141.0400 141.2960 61
141.5200 141.5840 63
141.7760 142.0640 63
142.7680 142.8320 59
143.0240 143.3440 61
143.4720 143.6320 60
143.6640 143.7600 62
143.7920 144.0480 58
144.0800 144.2400 55
144.2720 144.4000 56
144.5600 144.6560 63
144.8160 145.0080 51
145.2320 145.7120 51
145.8720 146.6080 60
146.8320 147.2160 58
147.8560 148.0480 56
148.3360 148.6880 60
148.7200 148.9760 63
149.1680 149.3600 63
149.9360 150.0640 59
150.0960 150.6720 60
150.8320 150.8960 59
150.9280 150.9920 58
151.0240 151.0560 57
151.2800 151.4080 55
151.8560 152.0160 55
152.0480 152.9440 56
152.9760 153.2000 57
153.2320 153.4880 56
154.0960 154.2240 58
154.2560 154.2880 59
154.3200 154.4480 61
154.6080 155.2800 63
155.4400 155.6640 63
156.1440 156.6880 60
156.7200 157.0080 56
157.2960 157.7440 60
157.8720 158.0000 60
158.1280 158.7360 63
169.4560 170.0320 62
171.2480 171.5680 60
171.6960 171.8560 60
171.9840 172.3040 58
172.3360 172.6240 56
172.8160 172.9760 61
173.0080 173.0400 62
173.0720 173.4240 63
174.8000 174.9280 60
174.9600 175.0560 61
175.2160 175.4400 60
175.4720 175.7600 58
175.9200 176.3040 56
176.3360 176.3360 59
176.3680 176.5920 62
176.6240 177.1360 63
179.6640 179.8240 56
179.8560 180.2400 58
180.2720 180.4320 60
180.4640 180.6240 63
180.8160 180.8480 60
180.8800 181.0720 63
181.1040 181.1040 59
181.1360 181.3920 55
181.8080 182.0000 58
182.0320 182.6080 60
182.6400 182.8640 57
182.9600 183.5360 56
183.5680 183.7920 61
183.9520 184.1440 61
184.1760 184.4640 63
185.1040 185.1680 61
185.3280 185.3280 58
185.3600 185.6800 61
185.8080 186.0960 60
186.1280 186.1920 59
186.2240 186.4160 58
186.4480 186.5440 55
186.5760 186.7360 56
186.8960 187.0560 62
187.5680 187.6320 63
187.6640 187.7280 60
187.8560 187.9520 63
188.6880 188.7520 62
188.9120 188.9760 59
189.0080 189.4560 61
189.6160 189.9040 58
189.9360 190.0320 54
190.0640 190.2880 56
190.4480 190.5440 52
190.7360 190.8640 65
190.8960 191.2480 63
191.9200 193.1680 63
193.7120 193.8080 67
193.9680 194.3520 58
194.3840 194.6080 60
194.6400 194.8640 63
194.8960 194.9920 61
195.0240 195.0880 63
195.1200 195.2480 60
195.4720 195.7600 56
195.7920 195.9520 59
195.9840 196.2720 60
196.4320 196.6560 61
196.8480 196.9120 59
196.9440 197.0720 58
197.2960 198.2880 56
199.5040 200.5600 56
