0.9120 1.0400 59
1.0720 1.2000 62
1.3600 1.4880 60
1.5200 1.7120 58
1.7440 2.1600 56
2.6400 2.7040 57
2.7360 3.0560 60
3.0880 3.1840 58
3.2160 3.4400 56
3.6640 4.3360 54
4.3680 4.5920 53
5.2960 5.3600 60
5.5200 5.6480 60
5.9360 6.1920 58
6.4800 6.7360 56
6.9280 7.0240 58
7.2160 7.3760 60
7.5040 7.8240 55
8.2720 8.5280 56
8.8800 9.2960 55
10.4800 10.5760 56
10.7360 10.8000 56
10.9920 11.0560 55
11.2160 11.3120 56
11.8240 12.5280 55
12.6880 13.1360 53
13.8720 14.0000 57
14.1600 14.2560 59
14.3840 14.5120 57
14.7040 14.8000 62
14.9600 15.3120 63
15.3440 15.6320 58
15.7920 16.1120 58
16.2720 16.4320 57
16.5920 16.6560 55
17.1360 17.2320 54
17.4880 17.5840 54
17.8080 17.8720 53
18.4800 18.5440 56
18.7360 19.0560 60
19.0880 19.1520 58
19.3120 20.4000 55
20.5600 20.8160 56
20.9440 21.1040 57
21.2960 21.5520 56
21.5840 21.9040 54
22.6080 22.7680 63
22.8640 23.0240 61
23.0560 23.2800 58
23.4400 23.7920 59
23.9520 24.3680 59
24.4960 24.6560 60
24.8160 24.9120 59
25.4560 25.7120 59
26.2240 26.3520 56
26.4480 27.0880 55
27.2160 27.4400 55
27.8880 28.2080 56
28.4640 28.5600 55
28.7200 28.7840 54
29.2320 29.4560 59
29.4880 29.5520 61
29.8400 30.0000 59
30.1280 30.2240 57
30.3840 30.4160 55
30.7360 30.8960 55
31.0560 31.5680 56
31.7280 31.7920 56
31.9840 32.5600 57
32.6880 32.9120 57
33.0720 33.2000 54
33.8080 33.9040 54
34.1280 34.2880 54
35.0240 35.1840 57
35.3440 35.4720 56
35.5040 35.6960 60
35.7280 35.7920 59
35.8240 36.3040 57
36.4960 36.8160 55
36.8480 37.0400 56
37.2000 37.3280 57
37.4560 37.5520 55
37.6800 38.1920 53
38.2240 38.4160 52
41.1360 41.2640 61
41.2960 41.3600 60
41.3920 41.9040 56
42.0960 42.3520 55
43.2480 43.4720 61
43.6000 43.7600 57
43.8880 43.9840 56
44.6880 44.7520 55
44.9440 45.0080 57
45.1680 45.2320 55
46.8640 47.1200 59
47.6000 47.8880 56
48.5280 48.8480 62
49.0400 49.2320 56
49.3920 49.4560 55
49.5840 49.7120 54
50.2560 50.4800 55
51.0240 51.4080 57
52.0480 52.2400 60
52.2720 52.4320 55
52.7520 52.8800 55
53.9360 54.3840 60
54.6400 54.7040 61
54.8320 54.9920 60
55.6960 56.2720 59
56.4000 56.6560 57
56.8480 57.0720 54
58.0640 58.9600 60
59.0560 59.7920 58
60.0160 60.2080 55
60.5280 60.5920 56
61.0080 61.1360 56
61.3280 61.5840 61
61.6160 61.9360 56
62.1280 62.1920 56
62.3200 62.4160 55
62.6400 62.7680 57
62.9600 63.3120 54
64.0480 64.6560 62
64.7840 64.9120 61
65.3600 65.7760 61
66.1600 66.2240 61
68.0800 68.6880 57
68.8800 69.2000 56
69.7760 70.1920 56
70.8320 71.1520 59
71.3760 71.8240 60
72.4320 72.5280 61
72.6880 72.8480 64
72.9760 73.1360 64
73.2640 73.5840 58
73.7760 73.9360 54
74.8640 77.0720 71
94.8320 95.2800 55
95.8560 96.2400 54
96.7200 96.9120 52
97.0720 97.3600 55
97.9680 98.2880 54
98.4160 98.6080 53
98.8640 99.0240 53
101.0400 101.2960 55
101.6480 101.9680 56
102.4800 102.7680 55
102.9280 103.8240 53
107.1520 107.1520 53
107.2160 107.5040 53
124.9120 125.0720 61
125.2320 125.3600 61
125.5520 125.8400 58
126.0640 126.1920 59
126.9600 127.0240 54
127.1520 127.2160 56
127.4400 128.0480 55
128.4000 128.6240 55
128.7840 128.9120 54
130.6720 131.1200 56
131.5040 131.8240 55
131.9520 132.0160 57
132.1760 132.3360 58
132.5280 132.8800 56
133.2640 133.6160 56
133.8400 134.1600 54
134.3200 134.5120 55
134.6720 135.1200 54
136.7520 136.9120 55
137.0720 137.1360 56
137.3280 137.4560 59
137.5840 137.6800 62
138.6080 139.3120 58
139.7280 140.0480 56
140.3040 140.6240 55
140.7520 140.9120 57
142.2560 142.3200 55
142.4480 142.7680 55
143.9520 144.0800 55
144.2400 144.6560 53
147.2160 147.6960 62
148.1760 148.2720 57
149.0080 149.1360 56
149.2640 149.5840 55
149.7440 150.0000 54
150.5120 150.6720 57
150.8000 151.1840 59
151.3120 151.6320 53
151.8560 151.9200 58
152.3360 152.5600 57
153.1360 153.5840 67
153.8080 154.6400 63
154.9280 155.9840 58
156.1760 156.9120 63
157.0400 157.5200 63
157.5520 158.0000 59
158.6080 159.3440 63
159.4720 159.5360 63
162.8320 163.2800 66
163.4400 164.3040 63
164.6560 164.9440 60
165.2640 165.5840 58
165.8720 167.2160 63
167.2480 167.3760 58
167.4080 167.6960 60
168.2720 168.8160 74
169.1360 169.4560 75
169.5840 170.0320 72
172.5280 172.9760 68
173.1680 173.4560 67
173.7440 174.3840 63
174.4160 174.7680 68
174.9920 175.3440 66
175.5360 175.8240 65
175.9840 176.2400 67
176.4320 176.7840 65
176.8160 177.2640 60
178.1600 178.3840 62
178.8640 179.1840 67
179.3120 179.7600 65
181.6480 182.1920 62
182.3520 182.4480 63
182.6400 182.7680 63
182.8000 183.4400 65
183.4720 183.6960 63
184.0480 184.4320 62
184.4640 184.8800 63
185.1040 185.2320 63
185.2640 185.8720 65
186.0000 186.1600 63
186.4800 186.8320 62
186.8640 187.0560 63
187.4400 187.5680 63
187.6000 187.8880 65
188.2720 188.5920 64
188.8160 189.0720 60
189.1040 189.5840 63
190.6720 190.7360 62
190.7680 191.0240 65
191.3120 191.4720 66
191.5040 192.2400 67
192.3360 192.5600 67
192.7840 193.0720 67
194.8000 194.9600 70
195.1200 195.5680 67
195.6000 196.6240 65
197.2000 197.3280 70
197.4880 199.0880 67
200.0480 200.7200 63
201.0080 201.1040 65
201.2320 201.7440 67
201.8080 201.8400 67
202.2240 203.5360 67
204.4960 204.6240 70
204.7840 204.9440 67
205.0720 205.3600 67
205.5520 206.3840 66
206.9280 207.0560 70
207.2160 207.8560 67
207.9840 208.7840 67
209.2000 209.8400 66
209.9680 210.3840 63
210.5440 211.6640 62
213.2640 213.3600 69
213.5840 213.6480 70
214.0320 215.2480 68
215.4080 216.6880 63
221.0080 221.2960 67
221.6160 222.5120 63
222.7040 223.6320 62
224.0480 224.7200 63
224.9440 225.8400 62
226.4800 226.7360 63
230.7040 231.0240 67
231.2800 233.1360 63
233.3280 233.3920 62
233.7120 234.1920 63
234.3200 235.4400 65
236.9440 237.3920 67
237.4880 237.8720 65
239.8240 240.6560 63
240.8480 241.5840 65
242.2240 242.4160 62
242.6400 243.0560 63
243.2160 243.5680 65
243.7600 244.0160 65
244.2080 244.3360 63
244.6880 246.0640 63
246.3840 246.7360 64
247.0560 247.7280 63
248.8800 249.2000 64
249.5200 249.8400 67
252.9760 253.1040 69
253.2960 253.4240 67
253.5520 254.8960 65
255.4080 256.7520 67
256.9120 257.3280 65
258.2880 258.9280 63
259.1840 260.0800 67
260.4640 260.4960 67
260.5920 260.6240 67
260.6880 260.9120 67
261.2640 261.2960 63
261.3600 261.3920 63
261.4880 261.4880 63
261.8720 261.8720 63
261.9360 262.0640 63
262.7040 262.8640 70
262.9280 264.5280 67
265.1040 265.2320 70
265.3920 265.9680 67
266.1600 267.0240 66
267.9840 268.6240 63
268.9440 269.7760 67
270.0640 270.6720 67
271.0240 271.0560 67
271.1200 271.1520 67
272.0800 272.5280 65
272.6240 272.8160 67
272.9440 273.2640 67
273.4240 274.2880 66
274.5120 274.7680 64
274.8000 274.9280 70
275.0880 275.5680 67
275.6640 276.3680 66
276.4960 276.6560 65
277.0400 277.6800 67
277.9680 278.2560 63
278.4160 279.2480 63
279.2800 279.5360 59
281.0720 281.1680 65
281.4880 281.6800 71
281.8720 282.5120 70
282.6400 283.0880 68
283.2800 284.6240 63
288.4000 290.3200 67
290.3520 292.7520 63
292.9760 293.3280 63
293.4560 293.5840 65
294.4480 294.8960 65
295.4080 296.0160 63
296.2080 296.3360 60
296.4640 297.2640 58
297.7120 297.9040 63
299.0880 299.1520 63
299.3120 299.9520 65
300.2400 300.8800 63
301.7440 302.1920 65
302.6720 303.2800 63
303.5040 303.6960 67
303.8880 304.0480 63
304.3040 304.3680 66
304.4320 305.1360 66
305.2960 305.6800 67
305.7440 306.2560 67
306.4160 307.4720 67
307.9840 308.2080 60
308.4000 309.0400 67
309.4880 309.8720 66
310.9280 311.5360 67
311.8880 312.3040 65
312.5920 312.9760 58
313.4240 313.6480 60
313.8400 314.0000 63
314.3520 314.4800 65
315.0880 316.6880 68
316.7840 317.6480 67
318.4160 318.5440 69
318.7360 319.3440 67
319.4720 320.2720 66
320.8160 320.9760 70
321.1040 321.7120 67
321.8720 322.8000 66
323.7600 324.1120 63
324.2080 324.4000 65
324.7200 324.8480 65
325.7120 326.5120 67
326.8000 327.3120 67
327.8880 328.0480 66
328.1120 328.2720 70
328.4640 328.5600 67
328.7200 329.0400 67
329.1360 329.7120 67
330.1280 330.2240 72
330.5760 330.6720 70
330.8320 331.3440 67
331.6640 332.0800 67
332.2400 332.4000 65
332.8480 333.3920 67
333.5840 334.0000 64
334.1920 334.5760 65
334.8000 335.3760 60
335.5360 336.2080 67
336.4320 336.5600 67
336.6240 336.6240 68
337.8400 337.9680 70
338.1280 339.7280 67
339.9840 339.9840 65
340.0480 340.4000 70
340.5280 341.1040 67
341.2960 342.2240 66
343.1200 344.9440 62
345.2000 345.3600 60
345.5200 346.0960 63
346.3200 346.3520 62
346.5440 347.2800 67
347.5360 347.6640 70
347.8240 348.4000 67
348.5600 349.3280 67
349.7760 350.0960 70
350.2240 350.8320 67
350.9920 351.9520 66
352.1760 352.4640 67
352.7840 353.2960 65
353.4240 354.3520 63
354.5760 356.8480 63
357.2320 359.5040 65
359.6320 360.5280 67
360.7200 361.4880 66
361.9040 363.0880 65
363.2800 363.6960 65
363.8880 364.3360 59
370.5760 371.0560 58
371.1840 371.4720 56
371.6960 371.7920 59
371.9520 372.4640 56
372.5920 372.6560 55
372.8160 373.1040 59
373.4240 373.6480 58
373.8720 374.0960 57
375.0880 375.2480 55
375.5680 375.6960 54
376.8480 377.0080 60
377.2320 377.3920 57
377.5200 378.2240 55
378.4160 378.5120 53
379.2800 379.4720 57
379.6000 379.9200 59
380.0800 380.4640 59
380.9120 381.0720 58
381.2640 381.3280 57
381.4560 381.6160 56
381.8400 381.9360 54
383.6000 384.0160 55
386.2240 386.3520 58
386.8320 387.1520 59
387.3120 387.6320 57
387.8560 387.9840 56
388.4960 388.9760 56
390.0000 390.3520 56
390.5760 390.6720 59
390.9280 391.7280 55
391.9840 392.1760 53
392.5280 392.7840 56
392.9760 393.4240 55
393.6800 393.9040 54
394.0320 394.2240 54
394.8960 394.9600 58
395.3120 395.6640 59
395.8560 395.9520 58
396.0800 396.6240 57
396.8480 396.9760 58
397.2000 397.2640 58
397.3920 397.4880 58
397.8400 397.9360 55
398.2560 398.3840 59
398.5760 398.9600 60
399.0880 399.1520 58
399.2800 399.3440 56
400.6240 400.9760 58
401.0720 401.5520 58
401.7760 402.3200 57
402.4480 402.5440 56
402.7360 403.1840 60
403.4080 403.5360 57
403.9200 404.0480 59
404.1760 404.3040 58
404.4960 404.6240 57
404.8160 404.9440 56
405.9360 406.1280 55
406.5760 406.7040 59
407.6000 408.3680 57
408.5600 408.7520 56
408.9120 409.5840 55
411.0240 411.2480 56
411.4080 411.5360 57
411.8240 411.9840 56
412.1440 412.4320 57
412.6560 412.9440 56
413.5200 414.0320 57
414.3840 414.4800 55
414.6720 414.7680 55
415.4400 415.5040 55
416.3680 416.4960 54
416.8800 417.0080 54
420.8480 420.8800 57
421.3280 421.4880 57
421.7440 422.0960 56
422.5120 423.2160 55
423.2800 423.4720 54
423.8240 424.0800 54
424.3040 424.4000 55
427.7280 427.7920 55
427.9840 428.2400 57
428.4000 428.5600 56
431.9200 432.3040 53
432.5280 432.6240 56
432.9760 433.1040 59
441.0400 441.4240 58
442.1600 442.3520 56
442.5120 442.6720 55
442.8320 443.3120 54
443.4720 443.6000 53
445.9680 445.9680 60
446.3840 446.9600 61
447.2160 447.7920 57
448.0160 448.1440 57
450.1280 450.3840 55
450.6400 450.7680 56
