7.7600 8.3360 60
8.3680 8.5600 62
8.5920 8.8480 64
9.0080 10.0960 57
10.7680 11.0560 60
11.3760 11.9200 57
12.1760 13.4240 62
14.1920 14.6400 62
14.8320 14.9280 67
15.0560 15.2160 69
15.3440 16.6560 60
17.3600 18.4480 65
18.4800 18.7040 62
18.7360 19.8560 64
20.5600 20.9440 65
21.1360 21.2960 64
21.3280 21.8080 62
21.8400 22.0960 57
22.2240 22.5440 57
22.6720 22.8960 59
23.1200 24.6560 60
25.2640 25.9680 60
26.1920 26.4800 59
26.5120 28.0800 55
28.3680 31.3440 57
33.0080 33.8080 60
33.8400 34.2560 64
34.2880 35.8560 57
36.1120 36.3040 60
36.4640 36.9760 57
37.2000 38.5120 62
38.9920 39.6000 62
39.6320 39.8240 67
39.8560 40.3360 69
40.6240 41.6160 60
42.0960 42.6080 67
42.8320 43.0560 64
43.2800 43.6640 62
43.6960 44.5920 64
45.0400 45.2960 65
45.4560 45.7440 64
45.7760 46.0640 62
46.2240 46.5120 57
46.6720 46.9600 57
46.9920 47.1520 59
47.3440 48.9120 60
49.4880 49.8400 59
50.0320 50.1280 60
50.3840 50.9280 59
50.9600 51.0560 54
51.0880 51.6320 55
51.7920 52.3040 57
52.4640 54.7040 57
56.8480 57.5520 67
57.8080 58.8320 69
58.8640 59.1520 71
59.3120 59.8880 72
60.0480 60.3680 69
60.4960 61.0720 67
61.2000 61.8400 67
61.8720 61.9360 65
61.9680 62.5760 64
62.8960 63.3120 65
63.3440 63.6000 64
63.8560 65.6480 62
65.6800 66.3840 57
66.5120 66.6080 60
66.8640 68.0800 62
68.1120 68.9120 65
69.4240 69.5520 67
69.7760 70.7360 69
70.7680 71.1840 71
71.2160 71.7920 72
71.8240 71.9840 71
72.0160 72.4000 69
72.4320 73.0720 67
73.2960 73.5200 64
73.5520 73.7440 62
73.7760 74.5760 64
75.1520 75.6000 64
75.8240 76.8480 62
77.6480 77.7440 57
77.9040 78.0640 55
78.0960 78.3840 57
78.4160 79.0880 59
79.1200 79.2480 57
79.2800 83.1840 60
83.3120 84.3360 65
84.4960 84.5280 61
84.5600 85.2640 65
85.3920 87.0560 58
87.0880 87.3760 61
87.6320 88.1760 58
88.4320 89.8400 63
90.3520 90.9280 63
90.9600 91.4400 70
91.5680 93.3600 61
93.5200 94.9280 66
94.9600 95.1520 63
95.1840 96.2720 65
96.7840 97.8720 65
97.9040 98.7360 58
98.7680 99.5360 60
99.5680 100.9120 61
101.5520 102.2880 61
102.4160 102.8960 60
104.8800 105.1040 56
105.2640 106.5760 58
106.9600 110.2240 58
