0.6560 0.6560 54
0.8800 2.2240 56
2.3840 2.5120 77
2.7040 3.6000 77
3.7920 3.9840 65
4.1120 4.5600 77
4.7840 5.2000 78
5.2320 5.6160 77
5.7120 5.7120 78
5.7760 6.0640 77
7.2480 7.3760 60
7.4080 7.6000 63
7.6320 7.8560 61
7.8880 8.1120 63
8.1440 8.3680 65
8.4000 9.7760 62
9.8080 10.8000 65
10.8320 10.9600 67
11.1520 11.3440 65
11.6000 11.9840 61
12.0160 12.2080 58
12.2400 12.5920 55
14.0640 14.1280 61
14.1600 14.2880 65
14.3200 14.4480 63
14.4800 14.8320 65
14.8640 16.0160 67
16.0480 16.3360 65
16.3680 16.6560 67
16.9120 17.1680 63
17.7440 18.0000 63
18.1600 18.3840 63
18.5440 18.6080 62
18.9920 19.3760 60
20.6560 20.7840 60
20.8160 21.4560 63
21.4880 21.8720 65
22.4800 22.6400 63
22.8000 22.9920 63
23.1520 24.0800 65
24.1120 24.2720 67
24.4640 24.9120 65
24.9440 25.3280 62
25.3600 25.4880 59
25.6480 25.7440 56
27.3760 27.4400 61
27.4720 28.2080 65
28.2400 29.0720 67
29.1040 29.4560 65
29.4880 29.8720 66
29.9040 30.2560 67
30.2880 30.3520 66
30.3840 30.7680 65
30.8000 31.0560 63
31.2160 31.7600 64
31.7920 31.8240 61
31.8880 32.0160 56
32.0480 32.3680 55
32.4000 32.7200 56
34.2560 35.4720 65
35.5040 35.7920 64
35.8880 36.0480 65
36.0800 36.1440 63
36.1760 36.1760 59
36.2080 36.2720 56
36.4000 36.5920 56
36.6240 36.7200 57
36.7520 36.7840 60
36.8160 36.8480 61
36.8800 37.0080 62
37.0400 37.1040 64
37.1360 37.4560 65
37.4880 37.6160 66
37.6480 37.7440 67
37.7760 37.8080 65
37.8400 37.9360 63
37.9680 38.0320 61
38.6400 38.6720 60
38.7040 38.8320 61
38.8640 39.1200 63
39.1520 39.3760 66
39.4080 39.5360 67
39.5680 39.5680 65
40.9120 40.9120 65
40.9440 40.9760 67
41.0080 41.3600 68
41.3920 41.5520 67
41.6800 42.1600 68
42.1920 42.5120 67
42.5440 42.9920 68
43.0240 43.2160 65
43.2480 43.3120 68
43.3440 43.4720 65
43.5040 43.7280 67
43.7600 44.1120 68
44.1440 44.2080 71
44.2400 44.6240 70
44.9760 45.0720 68
45.1040 45.5520 67
45.5840 45.7760 65
45.8080 45.8080 63
45.8400 46.0320 61
46.0640 46.0960 62
46.1280 46.4160 63
46.4480 46.5440 65
46.7040 47.2480 65
47.2800 47.3760 64
47.4080 47.4720 63
47.5040 47.7600 61
47.7920 47.8560 63
47.9840 48.1120 61
48.1440 48.1760 62
48.2080 48.4000 63
48.4320 48.6880 65
49.4240 49.5840 63
49.7760 49.9360 63
50.0960 51.0560 65
51.0880 51.4400 67
51.4720 51.6000 66
51.6320 51.7600 65
51.9200 52.0480 61
52.1760 52.3360 61
52.3680 52.4960 58
52.6560 52.7840 55
54.4480 55.2480 65
55.2800 56.0800 67
56.1120 56.5280 65
56.5600 56.7840 66
56.8160 56.9760 67
57.2000 57.3600 65
57.6160 57.7120 65
57.7440 58.1280 63
58.1600 58.5440 64
58.5760 58.6720 63
58.8320 58.9600 56
59.3120 59.4720 56
59.8880 59.9200 62
59.9520 60.0800 63
60.1120 60.1440 64
60.1760 60.3360 65
60.3680 60.5280 66
61.1360 61.2320 69
61.2640 63.6640 68
63.8240 64.0800 72
64.2080 64.3360 72
65.3920 65.7440 67
66.3200 66.6080 67
66.9280 67.0880 65
68.1440 68.1440 72
68.2080 68.3680 72
68.4000 68.4960 71
68.5280 68.5600 69
68.8480 68.9120 67
68.9440 68.9760 65
69.8080 69.9360 68
70.0960 70.2880 70
70.3200 70.5440 67
70.5760 70.6080 65
71.4080 71.7920 67
72.8800 72.9120 67
72.9440 73.0400 68
73.0720 73.1040 67
73.9680 74.0320 70
74.9600 75.0880 67
75.3120 75.5360 68
75.5680 75.6960 67
75.8880 75.9840 68
77.7440 77.8720 67
78.1920 79.2480 67
81.1040 81.2640 72
81.2960 81.3280 70
81.5200 82.4480 67
82.4800 82.5760 72
82.6080 82.6720 67
82.7040 82.7680 70
82.8000 82.8960 65
82.9280 83.0880 67
83.6640 83.8560 72
83.8880 83.9200 70
84.1440 84.2080 67
84.3360 84.4000 63
84.9440 84.9760 65
85.1680 85.2320 67
85.2640 85.2960 65
86.4160 86.4160 66
86.4480 86.5440 68
86.5760 86.6400 67
86.7360 86.7360 65
87.0240 87.1200 67
87.2480 87.6320 67
88.2400 88.2720 64
88.3040 88.5920 65
88.6240 88.8800 64
88.9120 89.1040 65
89.1360 89.2960 63
89.3280 89.4880 65
89.5200 89.7760 64
89.8080 90.5760 65
90.6080 90.7040 60
90.7360 90.7680 61
90.8000 90.9920 62
91.0240 91.4720 65
91.5040 91.6320 66
91.6640 91.8240 67
91.8560 91.8560 65
91.8880 91.9840 63
92.6880 92.8480 61
92.8800 92.9120 63
92.9440 93.1680 64
93.2000 93.3280 66
93.3600 93.4880 65
93.5200 93.6480 67
94.9280 94.9600 67
94.9920 95.2480 68
95.2800 95.5680 67
95.6000 96.2080 68
96.2400 96.5280 67
96.5600 97.0400 68
97.0720 97.2000 66
97.3280 97.4560 65
97.4880 97.7120 67
97.7440 98.2560 68
98.2880 98.7680 70
98.9920 99.5680 67
99.6000 99.7920 66
99.8240 100.0800 61
100.1120 100.4640 63
100.4960 100.5920 66
100.7200 100.7200 63
100.7520 101.2960 65
101.3280 101.5200 64
101.5520 101.5840 62
101.6160 101.7440 61
101.7760 101.9040 63
102.0320 102.1920 62
102.2240 102.4160 63
102.4480 102.8640 65
103.4080 103.6320 63
103.7920 103.9200 63
104.0800 105.0720 65
105.1040 105.2960 67
105.3920 105.3920 67
105.4560 105.7760 65
105.9680 106.3520 61
106.3840 106.5440 58
106.6720 106.8000 56
108.4320 108.4320 62
108.4640 109.3280 65
109.3600 110.0320 67
110.0640 110.8320 66
110.8640 111.0240 67
111.4400 111.7600 65
111.7920 111.9520 64
111.9840 112.0800 63
112.7200 112.9120 78
112.9440 113.0400 75
113.0720 113.2320 77
113.2640 113.2640 75
113.5840 114.3840 65
114.4160 114.6080 67
114.6400 114.6400 65
114.6720 114.8320 63
114.8640 114.9280 60
114.9600 115.0240 63
115.0560 115.0880 67
115.1200 115.2800 70
115.3120 115.4400 71
115.4720 115.5040 69
115.5360 115.6640 68
115.6960 115.9200 69
115.9520 121.2960 68
121.3280 121.3920 73
