31.1200 31.3120 51
31.3440 31.5040 52
31.5360 31.6960 51
31.7280 31.9520 52
31.9840 33.1040 51
34.4800 34.6080 51
34.6400 34.8000 52
34.9600 35.0880 51
35.1200 35.3120 52
35.3440 35.4080 51
35.6640 36.2400 50
37.9360 38.0320 51
38.1600 38.2560 52
38.2880 38.3520 54
38.5120 38.8000 54
39.2800 40.1120 48
41.3600 41.5520 51
41.5840 41.6160 52
41.6480 41.7120 53
41.7440 42.0960 54
42.1280 42.1600 53
42.5120 42.7360 47
43.0880 43.2480 47
44.7840 44.8160 49
44.8480 44.9120 50
44.9440 44.9760 51
45.0080 45.1680 52
45.2000 45.3600 51
45.3920 45.5520 52
45.5840 46.6080 51
46.6400 46.8640 50
48.2400 48.3360 51
48.4640 48.5600 54
48.7520 48.7840 56
48.8160 48.8800 57
48.9120 49.2000 58
49.2320 49.3600 56
49.4880 49.6800 54
49.9040 50.0000 58
50.0320 50.5760 59
50.7680 50.8960 57
50.9280 51.0560 58
51.2480 51.4080 56
51.4400 51.5360 54
51.6960 52.5920 54
52.6240 52.6560 55
52.6880 53.2000 56
53.2320 53.2320 54
53.7440 53.8400 49
53.8720 53.9040 50
53.9360 54.2880 51
54.3200 54.3840 52
54.4160 54.7040 54
54.8640 55.0240 50
55.0560 55.3760 51
55.4080 55.4720 50
55.5040 56.8800 49
58.5120 58.5440 50
58.5760 58.7040 51
58.7360 58.8320 52
58.9920 59.0880 51
59.1200 59.3120 52
59.4400 60.4320 51
60.4640 60.5280 50
61.9040 61.9360 49
61.9680 62.0000 50
62.0320 62.0960 51
62.1280 62.2560 52
62.2880 62.3200 51
62.3520 62.4800 50
62.5120 62.5440 51
62.5760 62.7040 52
62.7360 62.8960 51
62.9280 62.9920 50
63.0240 64.1440 49
65.3280 65.3600 50
65.3920 65.4560 51
65.4880 65.5520 52
65.5840 65.6480 54
65.8720 66.0960 54
66.1280 66.1920 53
66.4160 66.6720 48
68.7840 68.9120 51
68.9440 68.9760 52
69.0080 69.0720 53
69.2320 69.5840 54
72.2400 72.4000 51
72.4320 72.6240 52
72.6560 72.8480 51
72.8800 73.0400 52
73.1680 74.1280 51
74.1600 74.2560 50
75.6320 75.7600 51
75.7920 75.8560 52
75.8880 76.0160 54
76.0480 76.1760 55
76.2080 76.3360 56
76.3680 76.5920 58
76.6240 76.7520 56
76.7840 77.0400 54
77.2960 77.4240 58
77.4560 78.0960 59
78.1280 78.2880 57
78.3200 78.6720 58
78.7040 78.8000 56
78.8320 79.1520 54
79.3440 79.9840 54
80.0160 80.5920 56
81.1360 81.2960 54
81.3280 81.6160 56
81.8400 82.3200 59
82.3520 82.3840 58
82.5120 82.7040 56
82.7360 82.8640 59
82.8960 82.9920 61
83.0240 83.1200 62
83.1520 84.2400 61
84.6560 84.6880 61
84.7200 84.7840 62
84.8160 85.1680 63
85.2000 85.3600 61
85.3920 85.6160 62
85.6480 86.0320 63
86.0640 86.0960 62
86.1280 86.5120 61
86.6400 87.0880 63
87.1200 87.2480 60
87.2800 87.5040 61
87.5360 87.9200 63
87.9520 88.0800 60
88.1120 88.3360 61
88.3680 88.6880 63
88.7200 88.8160 60
88.8480 88.9760 61
89.1680 89.5520 63
89.5840 89.5840 61
89.7120 89.7120 65
89.7440 89.9040 68
89.9360 90.7680 70
90.8000 90.9280 69
90.9600 91.0240 68
91.0560 91.1200 67
91.1520 91.8880 66
92.4000 92.6240 63
92.6560 92.7520 64
92.7840 93.4240 66
93.4560 93.4880 65
93.5200 93.5200 63
93.9040 94.1600 58
94.1920 94.4800 56
94.5120 94.8000 58
94.8320 95.0240 57
95.0560 95.3120 58
95.3440 95.8560 59
95.8880 96.0800 61
96.1120 96.1440 60
96.1760 97.7120 59
98.3200 98.4160 57
98.4480 98.4800 58
98.5120 98.6400 59
98.7680 99.2800 61
99.3120 99.3440 62
99.3760 99.5040 63
99.5360 99.5360 60
99.6640 99.7920 55
99.8240 99.9200 56
99.9520 100.0480 57
100.0800 101.1040 56
101.7760 101.8720 58
101.9040 102.1920 59
102.2240 102.4480 61
102.4800 102.5760 60
102.6080 102.7040 61
102.7360 102.7680 62
102.8000 102.9600 63
102.9920 102.9920 61
103.1520 103.2160 55
103.2480 103.6320 54
103.6640 103.7280 57
103.7600 103.8240 59
103.8560 104.0160 61
104.0480 104.2080 59
104.2400 104.9760 61
105.5840 105.7120 58
105.7440 106.0320 59
106.0640 106.5120 61
106.5440 109.2320 63
112.0480 112.0800 61
112.1120 112.2080 62
112.2400 112.5920 63
112.6240 112.7200 62
112.7520 112.7840 61
112.9120 112.9440 61
112.9760 113.0400 62
113.0720 113.4240 63
113.4560 113.5200 62
113.5520 113.8720 61
114.0640 114.4800 63
114.5120 114.7680 61
114.8960 115.3120 63
115.4720 115.6640 61
115.7920 116.0800 63
116.1120 116.5600 61
116.5920 116.9440 63
117.1680 117.2320 68
117.2640 117.3280 69
117.3600 118.2240 70
118.2560 118.4160 68
118.4480 118.4800 67
118.5120 119.4080 66
119.6640 119.8880 63
120.0160 120.1440 65
120.1760 120.4640 66
120.6240 120.9120 66
120.9440 120.9440 64
120.9760 120.9760 62
121.0720 121.6160 58
121.7440 121.8400 57
122.0000 122.2880 58
122.3200 122.3840 57
122.4160 122.5120 56
122.5440 122.7680 58
122.8000 123.3440 59
123.3760 123.5680 61
123.6000 124.7840 59
125.7760 125.8400 57
125.8720 125.9040 58
125.9360 126.1920 59
126.2240 126.4480 61
126.6400 126.7680 61
126.8000 126.9280 63
126.9600 126.9600 61
127.1200 127.2800 55
127.3120 128.5280 56
129.2320 129.3280 58
129.3600 129.5840 59
129.6160 129.7760 61
130.0640 130.0960 61
130.1280 130.1920 62
130.2240 130.4160 63
130.4480 130.6720 60
130.7040 131.5040 61
132.0480 132.1440 63
132.1760 132.2400 61
132.2720 132.3360 62
132.3680 132.4960 63
132.5280 132.5280 61
132.5600 133.2000 59
133.5200 133.9680 58
134.0000 134.1600 59
134.1920 134.2880 61
134.3200 134.3520 60
134.3840 136.1760 59
145.9680 146.3520 62
146.3840 146.4480 61
146.4800 146.5440 60
146.5760 146.6720 59
146.7040 146.8640 58
147.6640 148.0160 54
157.9040 157.9680 48
158.0000 158.0320 50
158.0640 158.1280 51
158.1600 158.2560 52
158.4160 158.5440 51
158.5760 158.7040 52
158.8320 159.9200 51
161.3600 161.3920 49
161.4240 161.4560 50
161.4880 161.5520 51
161.5840 161.6800 52
161.7120 161.7440 51
161.7760 161.9040 50
161.9360 161.9680 51
162.0000 162.1280 52
162.1600 162.3200 51
162.3520 162.4480 50
162.4800 163.3120 49
164.7840 164.8160 50
164.8480 164.9440 51
164.9760 165.0720 54
165.3280 165.5840 54
165.6160 165.6160 52
165.8720 166.4160 48
168.1760 168.2080 50
168.2400 168.2720 51
168.3040 168.3360 52
168.3680 168.4320 53
168.6880 168.7840 56
168.8160 168.8480 57
168.8800 169.0080 58
169.0400 169.2960 56
169.3280 169.4240 57
169.4560 169.5520 56
169.5840 170.9280 54
170.9600 171.0240 53
171.6320 171.6640 50
171.6960 171.7600 51
171.7920 171.9520 52
172.0800 172.1760 50
172.2080 172.2400 51
172.2720 172.4000 52
172.4320 173.2960 51
173.3280 173.7120 50
175.0240 175.1840 51
175.2160 175.3120 54
175.5040 175.5360 56
175.5680 175.6320 57
175.6640 175.9520 58
175.9840 176.0160 57
176.0480 176.1440 56
176.3360 176.3680 59
176.4000 176.4320 60
176.4640 176.6240 61
176.6560 177.2640 59
177.6160 177.7120 56
177.7440 177.7760 57
177.8080 178.0000 58
178.0320 178.2880 59
178.5120 179.4720 54
179.5040 180.1120 56
180.5920 180.7200 55
180.7520 181.0400 56
181.2640 181.8080 59
181.8400 181.9360 62
181.9680 182.1920 63
182.2240 182.2880 61
182.3200 182.3520 62
182.3840 182.5120 63
182.5440 182.5760 62
182.6080 183.4720 61
183.5040 183.5360 60
183.5680 183.7280 59
184.0160 184.1760 62
184.2080 184.5920 63
184.6240 184.6560 62
184.6880 184.7520 61
184.8800 184.9120 61
184.9440 185.0400 62
185.0720 185.5200 63
185.5520 185.9680 61
186.0000 186.0320 62
186.0640 186.4800 63
186.5120 186.5440 62
186.5760 186.8960 61
186.9280 187.2800 63
187.5040 187.7600 61
187.7920 188.1120 63
188.1440 188.4000 61
188.5600 189.0080 63
189.1680 189.3280 68
189.3600 190.2240 70
190.2560 190.4480 68
190.4800 191.3440 66
191.7280 191.7600 62
191.7920 191.9200 63
192.0480 192.1120 64
192.1440 192.1760 65
192.2080 192.8800 66
192.9120 192.9120 64
193.0720 193.1360 58
193.3280 193.5840 58
193.6160 193.9040 56
193.9360 194.2240 58
194.2560 194.2880 57
194.3200 194.4160 56
194.4480 194.7360 58
194.7680 195.3120 59
195.3440 195.5680 61
195.6000 196.9760 59
197.7440 197.8720 58
197.9040 198.0320 59
198.1920 198.7040 61
198.7360 198.8960 63
198.9280 198.9280 60
199.0560 199.0880 54
199.1200 199.1840 55
199.2160 199.3120 56
199.3440 199.4400 57
199.4720 200.4320 56
200.4640 200.6240 57
200.8480 200.9440 59
201.2000 201.2640 57
201.2960 201.3280 58
201.3600 201.6160 59
201.6480 202.1600 61
202.1920 202.3520 63
202.5440 203.0560 54
203.0880 203.0880 56
203.1200 203.2480 59
203.2800 203.4720 61
203.5040 203.6640 59
203.6960 204.2720 61
204.3040 204.4000 62
205.0400 205.1680 57
205.2000 205.3920 59
205.4240 205.9360 61
205.9680 206.0000 62
206.0320 208.4960 63
209.5520 209.6480 66
209.8720 209.9040 67
209.9360 210.5440 68
210.5760 210.8000 66
211.4720 211.5040 61
211.5360 211.6320 62
211.6640 212.0480 63
212.0800 212.1760 65
212.3360 212.4960 62
212.5280 212.9120 63
212.9440 213.2960 61
213.4880 213.9040 63
213.9360 214.0320 60
214.0640 214.2240 61
214.3520 214.7360 63
214.8640 214.8960 60
214.9280 215.1840 61
215.2160 215.4720 63
215.5040 215.5360 62
215.5680 215.6320 60
215.6640 215.9840 61
216.0160 216.0480 62
216.0800 216.4000 63
216.6240 216.6880 68
216.7200 216.7520 69
216.7840 217.5840 70
217.6160 217.7440 69
217.7760 217.8720 68
217.9040 218.8000 66
219.0880 219.1840 62
219.2160 219.3760 63
219.4080 219.6000 65
219.6320 220.3040 66
220.3360 220.3680 63
220.4000 220.4000 60
220.4320 220.4960 57
220.5280 221.0400 58
221.1680 221.2640 56
221.2960 221.3280 57
221.3600 221.6800 58
221.7120 221.8720 57
221.9040 222.1600 58
222.1920 222.7360 59
222.7680 222.9600 61
222.9920 224.3040 59
224.3360 224.4960 60
225.1360 225.1680 56
225.2000 225.2960 57
225.3280 225.5200 59
225.5520 225.5840 60
225.6160 225.8400 61
226.0640 226.1600 62
226.1920 226.3200 63
226.3520 226.3520 61
226.3840 226.3840 59
226.4160 226.6400 55
226.6720 226.7680 56
226.8000 226.8960 57
226.9280 227.9840 56
228.6240 228.7520 58
228.7840 229.0080 59
229.0400 229.2320 61
229.4880 229.5840 62
229.6160 229.7760 63
229.9040 230.0320 59
230.0640 231.0240 61
231.0560 231.1200 62
231.5680 231.9840 62
232.0160 232.7200 59
232.8800 233.2960 58
233.3280 233.4560 59
233.4880 233.6480 61
233.6800 233.7120 60
233.7440 235.8560 59
236.8480 237.5520 59
247.7280 247.8240 64
249.7440 250.0000 61
250.0320 250.1280 60
250.1600 250.2560 59
250.2880 250.4160 58
250.5760 250.6080 62
250.6400 250.7040 63
250.7360 250.9600 64
251.5680 251.7920 64
252.6240 252.7520 62
252.7840 253.1680 63
253.2000 253.2320 62
253.2640 253.3920 61
253.4240 253.6480 62
253.6800 254.0640 63
254.0960 254.1920 62
254.2240 254.5120 61
254.6720 255.1520 63
255.1840 255.5360 61
255.5680 255.9200 63
256.1440 256.3680 61
256.4000 256.7200 63
256.7520 257.0720 61
257.2640 257.6480 63
257.8400 257.9360 68
257.9680 258.8000 70
258.8320 259.0880 68
259.1200 259.7920 66
260.3680 260.4960 63
260.7200 260.7520 64
260.7840 261.5840 66
261.6160 261.6480 63
261.6800 261.7120 60
261.7440 262.2240 58
262.2560 262.2880 57
262.3200 262.5120 56
262.5440 262.5760 57
262.6080 262.8640 58
262.8960 263.0880 57
263.1200 263.3440 58
263.3760 263.6960 59
263.8560 263.9520 60
263.9840 264.1760 61
264.2080 265.3920 59
266.3840 266.5120 58
266.5440 266.7680 59
266.8000 267.0240 61
267.0560 267.0880 60
267.2480 267.3440 61
267.3760 267.5360 63
267.5680 267.5680 61
267.6000 267.6000 59
267.6320 267.8240 55
267.8560 267.9840 56
268.0160 268.1120 57
268.1440 269.1040 56
269.7760 269.8720 57
269.9040 269.9360 58
269.9680 270.1600 59
270.1920 270.2240 60
270.2560 270.5120 61
270.5440 270.6400 59
270.6720 270.7680 61
270.8000 270.9600 63
271.2480 271.6960 54
271.7280 271.7280 56
271.7600 271.8880 59
271.9200 272.0800 61
272.1120 272.2720 59
272.3040 272.8480 61
273.2000 273.3280 58
273.3600 273.4880 59
273.6480 274.0960 61
274.1280 274.1600 62
274.1920 274.3200 63
274.3520 274.4160 62
274.4480 274.6080 61
274.6400 276.2400 63
276.5600 276.6880 59
276.7200 276.8160 61
276.8480 276.9760 62
277.0080 277.2320 61
277.2640 277.2960 60
277.3280 277.4240 59
277.4560 277.6480 66
277.6800 277.8400 68
277.8720 279.4720 66
280.0480 280.0800 61
280.1120 280.1760 62
280.2080 280.5920 63
280.6240 280.7520 62
280.7840 280.8800 61
280.9120 281.0720 62
281.1040 281.5520 63
281.5840 281.9360 61
282.1280 282.5440 63
282.6720 282.8320 61
282.9600 283.3440 63
283.4720 283.5360 60
283.5680 283.6640 61
283.7920 284.0800 63
284.1120 284.5280 61
284.5600 284.5920 62
284.6240 284.9440 63
285.2000 285.2960 69
285.3280 286.1920 70
286.2240 286.3520 69
286.3840 286.4480 68
286.4800 286.5120 67
286.5440 287.3440 66
287.7600 287.9520 63
288.0800 288.1760 64
288.2080 288.2400 65
288.2720 288.8480 66
288.8800 288.8800 63
289.0720 289.1040 56
289.1360 289.3280 57
289.3600 289.6160 58
289.6480 289.6800 57
289.7120 289.8080 56
289.9680 290.2880 58
290.3200 290.4800 56
290.5120 290.7360 58
290.7680 291.0240 59
291.2160 291.2800 59
291.3120 291.3440 60
291.3760 291.5360 61
291.5680 292.9440 59
292.9760 293.0720 58
293.1040 293.2960 61
293.7760 293.8720 57
293.9040 294.1920 59
294.2240 294.6720 61
294.7040 294.7360 62
294.7680 294.9280 63
294.9600 294.9600 61
294.9920 295.1840 55
295.2160 295.3120 56
295.3440 295.4720 57
295.5040 296.2400 56
296.2720 296.4640 55
297.1680 297.2640 57
297.2960 297.5520 59
297.5840 297.7760 61
297.9360 298.0640 61
298.0960 298.3520 63
298.3840 298.6400 59
298.6720 299.5360 61
299.5680 299.6640 63
300.1440 300.3360 61
300.3680 300.5600 63
300.6880 301.2960 59
301.4880 301.5520 57
301.6800 302.0000 58
302.1920 302.3200 59
302.3520 302.5120 61
302.5440 304.3680 59
