19.6960 19.7600 58
19.7920 19.9520 59
20.0800 20.1440 65
20.1760 20.4320 66
20.5600 20.7200 64
20.7520 20.9440 62
20.9760 21.7440 63
23.3440 23.6960 59
23.8240 23.9200 65
23.9520 24.1760 66
24.4960 24.5600 62
24.5920 24.7840 64
24.9760 25.7120 63
26.6080 26.7040 59
26.8320 27.2480 63
27.2800 27.4400 64
27.4720 27.5040 65
27.5360 27.8240 66
27.8560 27.9520 68
28.1120 28.4640 66
28.7520 28.8160 63
28.8480 28.8800 62
28.9120 29.0720 61
29.2320 29.3920 63
29.4240 29.5840 64
29.6160 29.7760 65
29.9680 30.0000 61
30.0320 30.2560 62
30.3840 30.8000 61
31.5360 31.6960 59
31.9200 31.9840 59
32.0160 32.0480 60
32.0800 32.7520 61
34.7680 34.9280 59
35.0880 35.1520 64
35.1840 35.3760 66
35.4080 35.6000 64
35.7280 35.7600 61
35.7920 35.8560 62
35.8880 36.3040 63
36.3360 36.4320 62
36.4640 37.2320 61
38.1600 38.2240 58
38.2560 38.7040 59
38.8320 38.8960 65
38.9280 39.0880 66
39.1200 39.1520 65
39.1840 39.3440 64
39.5040 39.5360 61
39.5680 39.6320 62
39.6640 40.0480 63
40.0800 40.1120 62
40.1440 40.9120 61
41.9040 41.9680 58
42.0000 42.4480 59
42.4800 42.6080 61
42.7680 42.8960 63
43.0240 43.0560 66
43.0880 43.1520 67
43.1840 43.3760 68
43.8240 43.9840 63
44.0160 44.0480 62
44.0800 44.2400 61
44.4640 44.5600 59
44.5920 44.6240 58
44.6560 44.6880 57
44.7200 45.5200 56
46.0640 46.1280 61
46.1600 46.1920 62
46.2240 46.3520 63
46.3840 46.4160 62
46.5440 46.6400 61
46.8640 47.0240 59
47.0560 47.2160 61
47.2480 47.2800 60
47.3120 48.4960 59
50.2880 50.4160 58
50.4480 50.4800 59
50.5120 50.8320 61
50.8640 50.8960 62
50.9280 51.2800 63
51.3120 51.3760 62
51.4080 51.7600 61
51.7920 51.9520 62
52.1760 52.2720 62
52.3040 52.5600 61
52.5920 52.7200 63
52.8480 52.9760 61
53.0080 53.0400 62
53.0720 53.2960 63
53.3280 53.4240 64
53.4560 53.8080 66
53.8400 53.9040 67
54.3840 54.5440 64
54.5760 54.9600 66
54.9920 55.0240 67
55.0560 55.2160 68
55.3760 55.5360 64
55.6640 55.7600 64
55.7920 56.0160 66
56.1760 56.2400 64
56.2720 56.4320 66
56.4640 56.5280 64
56.5600 57.2320 63
57.5840 57.6480 60
57.6800 57.7120 61
57.7440 57.9040 63
57.9360 58.3200 66
58.3520 58.7680 68
58.8000 58.8320 67
58.8640 59.0880 66
59.1200 59.2160 67
59.2480 59.4720 68
59.6320 59.7600 68
59.7920 59.7920 66
59.8240 59.9840 63
60.0160 60.0480 62
60.0800 60.4640 61
60.4960 60.5600 63
60.5920 60.6560 62
60.8480 61.2000 56
61.4880 61.5520 57
61.7440 61.7440 65
61.7760 61.8400 67
61.8720 62.9280 68
63.6320 63.7280 65
63.7600 65.1360 66
65.6480 65.7760 57
65.8080 65.8080 60
65.8400 65.9040 62
66.0320 66.0960 63
66.1280 66.1920 64
66.2240 66.2560 65
66.2880 66.5120 66
66.7680 66.8320 62
66.8640 66.9280 63
66.9600 67.1200 64
67.1520 67.1840 65
67.2160 67.4400 66
67.6000 67.6640 63
67.6960 67.8560 66
67.8880 68.2080 63
68.3360 68.4640 71
68.4960 68.6880 73
68.7200 69.0720 70
69.1040 69.1360 69
69.4560 69.5520 70
69.5840 69.8080 71
69.9680 70.0320 69
70.0640 70.2880 70
70.3200 70.5760 68
70.6080 70.7360 67
70.7680 71.0240 66
71.0560 72.3040 63
73.4880 73.6480 61
73.6800 73.7440 62
73.7760 74.0320 63
74.3840 74.5120 61
74.6400 74.9280 63
75.1200 75.2160 59
75.2480 75.4080 61
75.5680 75.6320 59
75.7920 75.8240 66
75.8560 75.8880 67
75.9200 76.0800 68
76.2720 76.5600 63
76.9760 77.0400 59
77.0720 77.2960 61
77.4560 77.6480 59
77.6800 77.7760 60
77.8080 77.8080 62
77.8400 78.0320 68
78.1600 78.1920 61
78.2240 78.2880 62
78.3200 78.5120 63
78.5440 78.6720 66
78.8320 79.7600 66
80.2720 80.3360 58
80.3680 80.4000 59
80.4320 80.5600 60
80.7520 80.8480 62
80.9760 81.1360 64
81.1680 81.5200 66
81.9040 82.0960 64
82.1280 82.4160 66
82.5760 82.6720 66
82.7040 82.9280 67
82.9600 83.1840 63
83.2800 83.2800 67
83.3120 83.4080 71
83.4400 83.6000 73
83.6320 83.6960 72
83.7280 83.7600 71
83.7920 84.1760 70
84.4000 84.5600 70
84.5920 84.7200 71
84.9120 84.9440 68
84.9760 85.0080 69
85.0400 85.2320 70
85.2640 85.5200 68
85.6800 86.0000 66
86.0320 86.1920 63
86.3520 86.8640 63
86.8960 86.9280 62
87.2800 87.2800 60
87.3120 87.3120 63
87.3440 87.3760 65
87.4080 87.4400 66
87.4720 87.5040 69
87.5360 87.6320 70
87.6640 87.8880 66
88.1120 88.1440 69
88.1760 88.2080 70
88.2400 88.7520 71
89.1360 89.3280 59
89.3600 89.5200 61
89.6480 89.8720 63
89.9040 90.0640 66
90.0960 90.4480 68
90.9920 91.0240 65
91.0560 91.1520 66
91.4400 91.5360 64
91.5680 91.7280 63
91.7600 91.8240 62
91.9520 92.7520 61
93.8720 93.9360 59
94.0640 94.1920 61
94.2240 94.2560 62
94.2880 94.4160 63
94.5440 94.6400 58
94.6720 94.8960 59
94.9280 94.9600 60
94.9920 95.0880 61
95.2480 95.4080 63
95.4400 95.5680 60
95.6000 95.6960 61
95.7280 97.0400 59
105.9360 106.0960 59
106.2880 106.3840 59
109.8400 109.9040 61
110.4480 110.5120 58
111.5680 111.8240 59
111.9520 112.2720 65
112.3040 112.4960 64
112.5280 112.6880 62
112.7200 113.2320 63
113.2640 113.2960 62
113.3280 113.9040 61
113.9360 114.1280 60
114.9600 114.9920 57
115.0240 115.0880 58
115.1200 115.5360 59
115.5680 115.6000 60
115.6320 115.6960 63
115.7280 115.9840 66
116.3360 116.4640 62
116.4960 116.8480 64
116.8800 117.7440 63
118.5120 118.7040 59
118.7360 118.7680 62
118.8000 119.0880 63
119.1200 119.3440 64
119.3760 119.6640 66
119.6960 119.7280 67
119.7600 119.8560 68
119.8880 119.9520 67
119.9840 120.3360 66
120.6240 120.6880 63
120.7200 120.9120 62
121.0400 121.1360 63
121.2640 121.3920 64
121.4240 121.6160 66
121.6480 121.6480 64
121.8080 121.9680 61
122.0000 122.0960 63
122.1280 122.2560 62
122.2880 122.8000 61
123.3760 123.4720 59
123.6640 123.8240 59
123.8560 124.7520 61
126.4480 126.6080 58
126.6400 126.8640 59
126.8960 126.8960 61
126.9280 126.9920 65
127.0240 127.3120 66
127.3440 127.3760 65
127.4080 127.5040 64
127.5360 127.6960 62
127.7280 128.1760 63
128.2080 128.2400 62
128.2720 128.4000 61
128.4320 128.6880 62
128.7200 129.5200 59
129.9040 130.0000 55
130.0320 130.0640 58
130.0960 130.6080 59
130.6400 130.6400 63
130.6720 130.7680 65
130.8000 130.9600 66
130.9920 131.0560 65
131.0880 131.2160 64
131.2480 131.4400 62
131.4720 131.9520 63
131.9840 132.0800 61
132.3040 132.6560 61
132.6880 132.9440 62
133.6800 133.7120 54
133.7440 133.8080 55
133.9360 133.9680 58
134.0000 134.2880 59
134.3200 134.4160 60
134.4480 134.5120 61
134.5440 134.5760 62
134.6080 134.7040 63
134.8640 134.9600 67
134.9920 135.2160 68
135.2480 135.2480 66
135.2800 135.4400 62
135.4720 135.6320 63
135.8240 135.9840 61
136.0160 136.1440 59
136.3040 136.4320 59
136.4640 136.8160 56
136.8480 137.0400 55
137.0720 137.3280 56
137.9040 138.1600 62
138.1920 138.5440 61
138.5760 138.6720 62
138.7040 138.8000 61
138.8320 140.5600 59
141.9040 142.0000 58
142.1280 142.1920 57
142.2240 142.2880 58
142.3200 142.3520 59
142.3840 142.6400 61
142.6720 142.7040 62
142.7360 142.9280 63
142.9600 143.2480 62
143.2800 143.6320 61
143.6640 143.8560 63
144.0480 144.1120 62
144.1440 144.4000 61
144.4320 144.5920 63
144.7200 144.8800 61
144.9120 145.0400 63
145.0720 145.1680 62
145.2000 145.2960 64
145.3280 145.7440 66
146.2560 146.4160 65
146.4480 146.6400 66
146.7680 146.8000 66
146.8320 146.8640 67
146.8960 147.0880 68
147.2800 147.4080 64
147.5360 147.5680 64
147.6000 147.6320 65
147.6640 147.8880 66
147.9200 147.9520 68
147.9840 148.0800 65
148.1120 148.2400 66
148.2720 148.3040 65
148.3360 148.4000 64
148.4320 149.1040 63
149.4240 149.5200 63
149.6480 149.8080 64
149.8400 149.9680 65
150.0000 150.1920 66
150.2240 150.6720 68
150.7040 150.9280 66
150.9600 151.0880 67
151.1200 151.2800 68
151.3120 151.6000 67
151.6320 151.6640 65
151.6960 151.8240 63
151.8560 151.8880 62
151.9200 152.3040 61
152.3360 152.5280 63
152.6880 152.7200 55
152.7520 153.0400 56
153.3920 153.4880 56
153.6480 153.9040 67
153.9360 155.0560 68
155.4720 155.6000 67
155.6320 155.7280 68
155.7600 157.1680 66
157.5200 157.5840 57
157.6160 157.6160 59
157.6480 157.8720 62
157.9040 158.0320 64
158.0640 158.0960 65
158.1280 158.3840 66
158.6400 158.7680 62
158.8000 158.9600 64
158.9920 159.0240 65
159.0560 159.3120 66
159.5040 159.5360 65
159.5680 159.6960 66
159.7280 160.0480 63
160.2080 160.2400 71
160.2720 160.5600 73
160.5920 161.0080 70
161.3280 161.4240 70
161.4560 161.6480 71
161.9040 162.1600 70
162.1920 162.6080 68
162.6400 162.8640 66
162.8960 164.0480 63
165.1680 165.2320 58
165.3920 165.5520 61
165.5840 165.9040 63
166.2880 166.4800 61
166.5120 166.8000 63
166.9920 167.0240 59
167.0560 167.0880 60
167.1200 167.2800 61
167.5040 167.5680 58
167.7280 167.7600 66
167.7920 168.0160 68
168.1760 168.5280 63
168.8800 169.2640 61
169.2960 169.6480 59
169.6800 169.7120 65
169.7440 169.9040 68
169.9360 169.9360 65
169.9680 170.1600 62
170.1920 170.4160 63
170.4480 170.5440 66
170.7680 170.8320 66
170.8640 170.9600 68
170.9920 171.8240 66
172.1760 172.2080 58
172.2400 172.3040 59
172.3360 172.4000 61
172.5920 172.6560 61
172.6880 172.8160 63
172.8480 173.0400 64
173.0720 173.3600 66
173.7760 173.9680 64
174.0000 174.5440 66
174.5760 174.8000 67
174.9280 175.0240 63
175.2160 175.3120 71
175.3440 175.6000 73
175.6320 175.9840 70
176.0160 176.0480 68
176.1760 176.4320 70
176.4640 176.6880 71
176.7840 176.8480 67
176.8800 177.1360 70
177.1680 177.3600 68
177.5520 177.8720 66
177.9040 178.9600 63
178.9920 179.2160 62
179.2480 179.3120 66
179.4400 179.5360 70
179.5680 179.7280 66
179.9520 180.5920 71
180.7840 181.1680 59
181.2000 181.3600 61
181.5200 181.7120 63
181.7440 181.8400 66
181.8720 182.5440 68
182.8640 182.9280 64
182.9600 183.0880 66
183.2800 183.4720 64
183.5040 183.6960 63
183.8240 183.8560 61
183.8880 184.0800 62
184.1120 185.3280 61
185.7440 185.9040 59
185.9360 186.0960 61
186.1280 186.3200 62
186.3520 186.5120 58
186.5440 186.8000 59
186.8320 187.0560 61
187.0880 187.2800 63
187.3120 187.5680 61
187.6000 188.4960 59
188.5280 188.6240 60
189.6480 189.6800 59
189.9360 190.2880 71
190.4160 190.5760 71
190.6080 190.7680 70
190.8000 190.8000 68
190.8320 191.0240 66
191.0560 191.2480 61
191.2800 191.3440 62
191.3760 191.6960 63
191.8880 191.9520 65
191.9840 192.6240 66
192.7520 192.7840 66
192.8160 193.0080 68
193.0400 193.0720 67
193.1040 194.3200 66
194.6400 195.2480 58
195.2800 195.9200 59
196.0480 196.1440 70
196.1760 196.8800 71
196.9760 197.3280 71
197.4560 198.1920 71
198.2240 198.2880 70
198.3200 198.5120 66
198.6080 198.8000 61
198.8320 199.2800 63
199.3120 199.3440 65
199.5680 200.0800 66
200.2400 200.3360 66
200.3680 200.4640 68
200.4960 203.4400 66
204.1120 204.2400 59
204.2720 204.4960 61
204.5280 204.5920 59
204.6240 204.6880 62
204.8160 205.0400 64
205.0720 205.3280 66
205.6160 205.7440 63
205.7760 205.9360 64
205.9680 206.3200 66
206.5120 206.7040 66
206.7360 206.9920 63
207.1840 207.3120 71
207.3440 207.4720 73
207.5040 207.8880 71
208.2080 208.2400 69
208.2720 208.4320 71
208.5600 209.0080 70
209.0400 209.3280 68
209.4880 209.7440 66
209.7760 210.6080 63
212.0160 212.1120 58
212.2400 212.4640 61
212.4960 212.7520 63
213.1680 213.3920 61
213.4240 213.6800 63
213.8720 214.1920 60
214.3520 214.4160 59
214.5760 214.8640 68
215.0560 215.3440 63
215.6960 216.0160 61
216.1440 216.5280 59
216.5600 216.5920 65
216.6240 216.7840 68
216.8160 217.0400 61
217.0720 217.2640 63
217.2960 217.4560 66
217.5840 217.8080 68
217.8400 218.6720 66
219.0560 219.2160 59
219.2480 219.3120 61
219.5680 219.9200 64
219.9520 220.2400 66
220.4960 220.5280 62
220.6880 220.8800 64
220.9120 221.2640 66
221.2960 221.6480 67
221.6800 221.7440 65
221.7760 221.9360 63
222.0320 222.0320 67
222.0640 222.1600 71
222.1920 222.3200 74
222.3520 222.4480 73
222.4800 222.8640 70
222.8960 222.8960 68
223.5360 223.8560 70
223.9840 224.2080 68
224.3680 224.4640 67
224.4960 224.7200 66
224.7520 225.6800 63
226.0320 226.0640 64
226.0960 226.2240 66
226.2560 226.3840 70
226.4160 226.6080 65
226.8000 226.8960 69
226.9280 227.4720 71
227.9840 228.1760 59
228.2080 228.3360 61
228.5600 228.7520 63
228.7840 228.9120 66
228.9440 229.4240 68
229.8400 230.0320 65
230.2880 230.4480 64
230.5440 231.1520 63
231.1840 232.3040 61
233.4560 233.6800 61
233.7120 233.8720 64
233.9040 234.0320 63
234.5120 234.6720 60
234.7040 234.8640 61
235.1840 235.3120 62
235.3440 235.6640 63
236.0160 236.7840 59
