9.1360 9.1680 53
9.2000 9.2320 54
9.2640 9.2960 55
9.3280 9.3600 56
9.3920 9.6160 57
9.6480 9.6800 58
9.7120 9.8080 59
9.9680 10.1280 57
10.2880 10.5120 53
10.6720 10.7680 52
11.0880 11.2160 52
15.2160 15.2480 54
15.2800 15.3440 55
15.3760 15.5040 57
15.6320 15.7600 57
15.7920 15.8880 59
16.0480 16.1120 56
16.1440 16.1760 55
16.2080 16.4960 54
16.6560 16.7520 52
21.3280 21.3920 54
21.4240 21.4880 55
21.5200 21.8400 57
21.8720 21.9680 59
22.1280 22.2880 56
22.3200 22.7040 54
22.7360 22.7680 53
22.8000 22.8960 52
23.2160 23.3120 52
23.4720 23.6000 54
25.4240 25.4560 57
25.4880 25.6160 58
27.3760 27.5040 54
27.5360 27.8880 57
27.9200 28.1120 59
28.3040 28.4640 57
28.6560 28.7200 52
28.7520 28.8160 53
28.8480 29.0080 54
29.0400 29.2000 53
29.3600 29.4880 52
31.4720 31.4720 59
31.5040 31.5680 61
31.6000 31.6320 62
31.6640 32.0160 64
32.0480 32.1760 66
33.3600 33.6160 56
33.6480 33.7760 57
34.2560 34.4160 56
34.4480 34.4800 57
34.5120 34.5120 59
34.5440 34.6720 62
34.7040 34.9600 64
34.9920 35.0240 65
35.0560 35.1840 66
36.4640 36.5280 61
36.5600 36.6240 62
36.6560 37.2960 64
37.5520 37.7120 67
37.7440 37.9360 66
37.9680 38.0640 65
38.0960 38.1280 64
38.1600 38.7040 62
43.4400 43.5680 52
43.6000 43.6000 59
43.6320 43.7600 62
43.7920 44.0160 64
44.0480 44.0800 65
44.1120 44.2400 66
45.5520 45.8080 57
45.9360 46.0000 59
46.6720 46.7360 61
46.8640 47.1520 64
47.1840 47.3120 66
48.5600 48.6880 62
48.7200 49.4240 64
49.6800 49.6800 64
49.7120 49.8720 67
49.9040 49.9680 66
50.0960 50.2560 64
50.2880 51.2160 62
51.2480 51.3760 65
51.4080 51.5680 67
53.9040 53.9680 64
54.0000 54.0960 66
54.2560 54.3520 64
54.3840 54.7360 62
54.7680 54.8960 63
55.4080 55.6640 62
55.6960 55.7600 60
55.7920 56.1760 57
56.2080 56.2720 58
56.3040 56.3680 59
56.5280 56.6240 64
56.6560 56.8800 66
56.9120 57.1040 67
57.2640 57.3920 64
57.4240 57.6480 66
57.6800 57.9680 67
58.0000 58.1920 64
58.2240 58.5120 66
58.5440 58.6080 65
58.6400 58.9280 62
59.1840 59.3440 62
59.3760 60.2080 64
60.2400 60.4000 62
60.4320 60.4960 65
60.5280 60.5920 66
60.7200 60.7520 65
60.7840 60.8480 67
60.8800 61.0080 66
61.0400 61.1040 65
61.1360 61.2960 62
62.6080 62.6080 61
62.6400 62.7040 63
62.7360 63.0240 66
63.0560 63.1840 67
63.3760 63.4720 64
63.5040 63.7920 66
63.8240 63.8880 64
63.9200 63.9840 62
64.1440 64.2720 62
64.4960 65.0400 62
65.2640 65.4560 62
65.4880 65.5200 63
65.5520 66.0320 64
68.5600 68.6240 52
68.6560 68.6560 55
68.6880 68.6880 59
68.7200 68.7200 62
68.7520 68.8160 64
68.8480 69.0720 66
69.1040 69.2000 67
69.2320 69.2960 66
69.4240 69.4880 65
69.5200 69.7760 66
69.8080 70.0960 67
70.1280 70.2880 64
70.3200 70.4800 66
70.5120 70.6080 65
70.6400 70.7040 64
70.7360 71.8240 62
72.1120 72.4960 62
72.5280 72.6240 64
72.6560 73.0720 66
73.1040 73.1680 65
73.2000 73.4560 62
74.7680 74.8000 64
74.8320 74.8640 65
74.8960 75.1200 66
75.1520 75.2800 67
75.5040 75.6320 64
75.6640 75.8560 66
75.8880 76.0480 65
76.0800 76.1760 62
76.3040 77.5520 62
77.5840 78.6720 64
79.5680 79.6960 59
79.7280 79.8880 62
79.9200 80.0800 64
80.1120 80.2080 65
80.2400 80.4640 66
80.4960 80.5920 65
80.6240 80.7200 62
80.7520 80.8800 59
80.9120 81.2960 62
81.3280 81.3280 64
81.3600 81.4880 66
84.8800 85.0080 67
85.0400 85.1040 69
85.2320 85.6800 69
85.7120 86.3520 67
86.3840 86.5120 66
86.5440 86.6400 65
86.6720 86.8000 66
86.8320 86.9600 65
86.9920 87.3120 66
90.9600 91.1200 67
91.2480 91.6640 69
91.6960 91.7280 68
91.7600 92.4960 67
92.5280 92.8160 66
93.0080 93.1360 64
93.1680 93.7440 66
93.7760 93.9040 69
94.1600 94.2240 65
94.2560 94.2880 64
94.3200 94.4480 62
94.4800 94.7040 64
97.0080 97.0080 65
97.0400 97.1040 67
97.1360 97.3920 68
97.4240 97.5200 69
97.5520 97.6480 68
97.6800 97.8400 69
97.8720 98.5760 67
98.6080 98.6720 66
98.7040 98.8000 62
98.8320 98.8640 64
98.8960 98.9280 65
98.9600 99.0560 66
99.0880 99.2480 65
99.2800 99.4400 66
99.4720 99.5040 65
101.6480 101.6800 59
101.7120 101.9040 62
101.9360 102.2240 64
102.2560 102.3840 66
102.4160 102.5440 65
102.5760 102.6400 64
102.6720 103.0560 62
103.2800 103.4400 62
103.4720 103.7280 64
103.7600 103.8560 67
103.8880 103.8880 65
104.3040 104.3680 55
104.4000 104.4000 58
104.4320 104.5600 62
104.5920 104.6240 63
104.6560 104.8160 64
105.1360 105.1360 62
105.1680 105.2640 64
105.2960 105.3920 66
105.4240 105.4880 68
105.9360 106.0320 62
106.0640 106.4800 64
106.5120 106.9280 62
107.4080 107.8240 57
108.2080 108.2080 59
108.2400 108.3680 61
108.4000 108.7200 62
108.7520 109.1040 61
109.3280 109.3920 61
109.4240 109.8080 62
112.4320 112.5920 54
112.6240 112.6560 56
112.6880 112.9440 57
112.9760 113.0080 58
113.0400 113.1040 59
113.1360 113.3600 57
113.3920 113.4240 55
113.5840 113.9040 54
113.9360 113.9680 53
114.0000 114.0640 52
114.3840 114.4800 52
114.5120 114.6080 53
116.5600 116.6240 57
118.5120 118.6400 54
118.6720 118.7680 57
118.8640 118.8960 56
118.9280 119.0240 57
119.0560 119.2160 59
119.4080 119.5360 56
119.5680 120.0160 54
120.0480 120.1440 52
120.6560 120.8480 52
124.4000 124.5280 59
124.5600 124.7200 62
124.7520 124.8800 61
125.0080 125.2000 59
125.2320 125.3600 61
125.3920 125.4560 60
125.4880 125.5200 59
125.5520 125.8400 57
125.8720 125.8720 55
125.9680 126.0960 54
126.1280 126.1600 53
126.1920 126.2560 52
126.4160 126.5440 54
126.5760 126.6720 53
127.1200 127.3760 54
127.6960 127.7920 52
127.8240 127.9840 54
128.0160 128.1760 52
128.2080 128.3040 53
128.7520 128.9760 58
129.1040 129.2320 53
129.2640 129.3920 54
129.4240 129.5520 53
129.5840 129.6480 52
130.6720 130.7680 54
130.8000 130.8320 55
130.8640 131.0880 56
131.1200 131.2160 57
131.2480 131.3760 59
131.4080 131.5360 57
131.6960 132.0480 54
132.0800 132.1440 53
132.1760 132.3040 52
134.8000 134.8000 60
134.8320 134.9920 62
135.0240 135.2800 64
135.3120 135.4720 66
136.7200 136.8480 56
136.8800 137.2320 57
137.6480 137.7760 57
137.8080 137.8080 59
137.8400 137.9680 62
138.0000 138.0640 64
138.1920 138.3200 64
138.3520 138.4800 66
139.7280 139.8880 62
139.9200 140.6240 64
140.8800 141.0080 67
141.0400 141.0720 66
141.2320 141.3600 65
141.3920 141.8720 62
146.7360 146.8960 56
146.9280 147.0880 62
147.1200 147.4080 64
147.4400 147.5680 66
148.7840 149.1040 57
149.7760 149.8720 57
150.0000 150.1280 62
150.1600 150.1920 63
150.2240 150.4160 64
150.4480 150.4800 65
150.5120 151.6320 66
151.6640 152.5920 64
152.6240 152.8800 62
152.9120 152.9120 65
152.9440 153.0720 69
153.2000 153.7760 66
153.8080 153.9360 64
157.2000 157.2320 63
157.2640 157.3600 66
157.3920 157.6160 65
157.7440 158.0320 62
158.0640 158.1600 64
158.7040 158.8000 61
158.8320 158.9600 62
158.9920 159.0560 64
159.0880 159.2800 66
159.8560 159.9200 64
159.9520 160.1760 66
160.2080 160.4320 67
160.5920 160.6880 64
160.7200 160.9760 66
161.0080 161.2320 67
161.2640 161.2960 66
161.3280 161.4560 65
161.4880 161.6800 66
161.7120 161.7760 65
161.8080 161.9040 64
161.9360 162.1920 62
162.4800 162.5760 62
162.6080 162.6400 63
162.6720 163.4400 64
163.4720 163.6320 62
163.6640 163.7280 65
163.7600 163.8560 66
163.9840 164.0800 67
164.1120 164.2400 66
164.2720 164.3680 65
164.4000 164.4320 62
165.7440 165.7760 54
165.8080 165.8400 55
165.8720 165.8720 57
165.9040 165.9040 62
165.9360 166.0000 64
166.0320 166.2240 66
166.2560 166.6080 67
166.6400 166.7360 65
166.7680 166.8960 66
167.0560 167.1840 64
167.2160 167.2800 62
167.4080 168.3040 62
168.5280 168.7200 62
168.7520 168.8160 63
168.8480 169.5200 64
169.5520 169.7120 62
169.7440 169.7760 64
169.8080 169.8720 65
169.9040 170.0640 66
170.0960 170.1280 65
170.1600 170.2880 64
170.3200 170.3840 62
170.4160 170.5440 59
170.5760 170.8960 57
172.0160 172.0480 65
172.0800 172.3680 66
172.4000 172.4640 67
172.7200 172.8160 64
172.8480 172.9440 66
172.9760 173.1680 65
173.2000 173.2640 64
173.2960 173.7440 62
173.9040 174.3840 62
174.6720 174.8320 67
174.8640 175.5360 69
175.5680 175.7280 67
175.7600 175.8240 70
176.1440 176.4000 64
176.4320 176.8800 66
176.9120 176.9760 64
177.0080 177.1040 62
178.0640 178.0640 63
178.0960 178.1600 65
178.1920 178.4480 66
178.4800 178.8000 67
178.8320 179.1840 65
179.2160 179.3440 64
179.3760 180.2400 62
180.6880 180.8800 62
180.9120 180.9440 63
180.9760 182.4480 64
183.4080 183.5360 69
183.6960 184.2400 66
184.2720 184.3360 65
184.3680 184.4960 62
186.6400 186.8640 62
187.0560 187.1520 63
187.8240 187.8880 67
188.1760 188.2400 67
188.2720 188.9120 69
188.9440 189.5840 67
189.6160 189.7440 66
189.7760 189.8720 65
189.9040 190.0640 66
190.0960 190.2240 65
190.2560 190.5120 66
194.2560 194.3200 67
194.3520 194.3840 68
194.4800 194.5120 68
194.5440 195.0240 69
195.0560 195.7920 67
195.8240 196.1120 66
196.3040 196.4000 64
196.4320 196.9760 66
197.0080 197.0400 67
197.0720 197.1360 68
197.4240 197.4880 65
197.5200 197.5520 64
197.5840 197.6800 62
197.7120 197.7440 63
197.7760 197.9360 64
199.6000 199.6960 67
199.8240 199.8880 67
200.3360 200.4000 67
200.4320 200.6560 68
200.6880 201.1680 69
201.2000 201.8080 67
201.8400 201.9040 66
201.9360 201.9360 62
202.0320 202.0320 62
202.0640 202.1600 64
202.1920 202.3200 66
202.3520 202.4800 64
202.5120 202.7360 66
204.6240 204.7520 62
204.7840 204.8480 65
204.8800 205.0400 64
205.0720 205.2960 66
205.3280 205.4240 65
205.4560 206.6080 62
206.6400 206.7680 64
207.6320 207.6640 59
207.6960 207.8560 62
207.8880 207.9840 64
208.0160 208.0800 66
208.4000 208.4000 61
208.4320 208.5280 64
208.5600 208.6240 66
208.6560 208.7200 67
209.1680 209.2960 62
209.3280 209.3600 63
209.3920 209.7120 64
209.7440 210.1920 62
210.7040 210.7680 56
210.8000 211.0880 57
211.5040 211.5360 60
211.5680 211.6320 61
211.6640 212.0480 62
212.0800 212.2080 61
212.2400 212.4960 62
212.6240 213.6160 62
213.9680 214.3520 66
214.3840 214.4160 65
214.4480 214.4800 64
214.5120 214.5440 63
223.1200 223.1840 59
223.2160 223.7920 62
223.9200 224.5280 61
224.7200 225.2960 59
225.4240 226.0000 57
226.0320 226.1280 59
226.3200 226.4160 59
226.4480 226.4800 60
226.7040 226.8000 62
238.0640 238.0960 61
238.1280 238.2560 62
238.2880 238.4800 64
238.5120 238.6400 65
238.6720 238.8320 66
238.8640 239.0240 64
239.0560 239.2160 65
239.2480 239.6000 62
239.6320 239.6640 64
239.6960 239.7280 65
239.7600 239.9200 66
242.8640 242.9280 67
242.9600 243.1520 68
243.1840 243.5360 69
243.6960 244.2720 67
244.3040 244.4320 66
244.4640 244.5600 65
244.5920 244.7200 66
244.7520 244.8800 65
244.9120 245.4880 66
245.5200 245.5840 65
245.6160 245.9680 62
248.8800 248.9120 58
248.9440 248.9440 63
248.9760 248.9760 65
249.0080 249.0720 67
249.2640 249.3280 70
249.3600 249.6800 69
249.8080 250.4480 67
250.4800 250.8000 66
250.9920 251.0880 64
251.1200 251.6640 66
251.6960 251.7280 67
251.7600 251.8880 68
252.1120 252.2720 64
252.3040 252.4000 62
252.4320 252.6880 64
253.0720 253.2000 64
253.4560 253.5520 65
253.5840 253.8080 66
253.8400 253.8720 65
253.9040 253.9680 64
254.0000 254.3200 62
254.9920 255.0880 64
255.1200 255.2160 66
255.3440 255.8240 66
255.8560 256.3040 64
256.3360 256.4000 65
256.4320 256.4960 67
256.5280 256.6240 66
256.6560 256.7200 68
256.7520 256.8480 65
256.8800 256.9440 64
256.9760 257.2960 62
257.3280 257.3600 59
257.3920 257.4240 58
259.3760 259.5040 62
259.5360 259.7600 64
259.7920 259.9840 66
260.0160 260.0800 65
260.1120 260.1760 64
260.2080 261.2960 62
261.3280 261.4560 64
262.2560 262.3200 55
262.3520 262.3520 59
262.3840 262.5440 62
262.5760 262.6400 64
262.6720 262.7360 65
263.1200 263.2160 64
263.2480 263.4400 66
263.8560 263.9520 62
263.9840 264.0160 63
264.0480 264.4320 64
264.4640 264.9120 62
265.4240 265.5840 57
266.1920 266.2880 61
266.3200 266.7680 62
266.8000 267.0880 61
267.3440 267.5680 62
268.4320 268.5600 62
268.5920 268.6240 63
268.6560 268.7840 64
269.1680 269.2320 63
269.2640 269.3920 66
269.4240 269.5520 67
269.9040 270.0320 62
270.0640 270.0960 63
270.1280 270.5120 64
270.5440 270.8960 62
271.4080 271.4720 55
271.5040 271.6640 56
271.6960 271.7280 57
272.2080 272.2080 60
272.2400 272.2400 62
272.2720 272.4000 66
272.4320 272.9760 67
273.0080 273.1040 70
273.1360 273.2000 69
273.3920 273.5840 64
273.6160 273.9360 66
273.9680 274.0320 64
274.0640 274.2240 62
274.2560 274.3520 59
274.3840 275.2160 57
275.2480 275.2480 61
275.2800 275.3760 64
275.4080 275.5680 66
276.0800 276.2080 62
276.2400 276.6240 64
276.6560 277.0400 62
277.5840 277.8400 57
277.8720 277.9040 56
278.4160 278.4480 52
278.4800 278.5120 53
278.5440 278.5760 54
278.6080 279.1840 55
279.2160 279.3440 57
279.3760 279.4400 56
279.4720 279.7600 53
279.7920 280.8160 54
280.8480 282.0640 52
