12.4640 13.3600 72
16.2720 16.8480 56
16.8800 17.0400 54
17.0720 17.3920 58
17.4240 17.6160 60
17.6480 18.6400 58
20.2720 20.5600 56
20.5920 20.7520 58
20.8800 21.3600 56
21.5840 21.8080 53
21.9360 22.1920 52
22.7040 23.2160 56
23.2480 23.4720 54
23.5040 23.5040 58
23.5360 23.5360 60
23.5680 23.7600 63
23.7920 24.0480 65
24.0800 24.5600 63
24.6880 25.9040 63
26.3520 26.5440 60
26.5760 26.6400 58
26.8320 27.3440 56
28.4320 28.8480 61
28.8800 29.1360 59
29.1680 29.3280 58
29.3600 29.4560 57
29.4880 29.6160 56
29.7440 29.8400 55
29.8720 30.2240 54
30.2560 30.2880 55
30.3200 30.8320 56
30.8640 31.1200 57
33.2960 34.4800 58
34.5120 34.6080 59
34.6400 34.8320 60
34.8640 35.0560 59
35.2160 35.9200 59
36.1120 36.6880 56
37.0080 38.1280 53
39.6960 40.0480 59
40.2400 42.3520 59
42.5120 42.8320 56
42.8640 42.8960 59
42.9280 48.6240 63
49.8400 50.5760 60
50.6400 50.7680 60
51.0560 51.6000 65
51.6960 52.3680 65
52.6880 53.0400 64
53.1680 53.7760 63
53.8080 54.0320 65
54.0640 54.8320 63
54.8640 55.5680 60
55.6640 55.6640 59
56.7200 56.7840 57
56.8160 57.6800 59
57.7120 59.2160 58
59.2480 59.5040 57
60.3040 60.4320 61
60.4640 60.7520 60
60.7840 60.9440 61
60.9760 62.3200 63
62.3520 62.5440 60
62.8320 63.1200 60
63.2160 63.3120 60
63.6000 63.7280 60
63.7600 63.8560 63
63.9520 65.3920 65
65.4240 65.4880 68
65.5200 65.8080 63
65.8400 66.0640 65
66.2880 67.2160 63
67.2480 67.4080 65
67.4400 67.8240 63
67.8560 68.0160 61
68.0480 68.8160 60
69.6160 69.9360 60
70.1280 70.2560 59
70.2880 70.4800 60
70.5120 70.7680 58
70.9280 71.8560 58
71.8880 71.9840 57
72.2080 72.5600 52
72.6240 73.2320 53
73.7120 74.9920 75
75.2480 75.6000 71
75.7280 76.3360 60
76.5280 76.6880 61
76.7200 76.8800 63
77.0080 78.4160 53
78.5440 78.9920 66
79.1840 79.5360 65
79.7600 80.4000 64
80.5600 80.8160 63
80.8480 81.8720 60
82.5760 83.4080 60
83.4400 83.6640 58
83.8880 84.6240 58
86.6720 87.9200 68
88.1440 88.4000 68
88.4320 93.6800 65
104.8800 105.4240 66
105.6800 106.3520 65
106.4800 112.9440 53
