9.5520 9.6800 73
9.7120 9.7760 72
9.8080 10.0000 70
10.3520 10.4800 69
10.5120 10.7040 70
19.4400 19.5680 55
19.6000 19.7600 56
19.9520 20.3360 54
20.3680 20.5280 55
20.5600 20.6880 56
20.7200 20.7840 55
20.8160 20.9760 54
21.1680 21.6160 56
21.6480 21.7120 57
21.7440 21.8400 61
22.0640 22.4480 61
22.4800 22.5120 60
23.1840 23.2800 53
23.3120 23.4720 54
23.6640 23.9200 53
24.0800 24.2080 53
24.2400 24.3360 54
24.4960 24.6560 52
24.8160 25.0720 54
25.1040 25.1680 55
25.4240 25.5200 57
25.5520 26.1600 58
26.8000 27.1200 51
27.2800 27.6000 53
27.7280 27.8560 53
27.8880 28.0160 54
28.2720 28.3680 51
28.5920 28.7840 50
30.0640 30.0960 57
30.1280 30.1920 58
30.3520 31.0560 58
31.0880 31.3440 59
31.6000 31.9520 56
34.0640 34.1600 51
34.1920 34.2240 54
34.2560 34.3200 55
34.3520 34.5760 56
34.6080 34.7360 55
34.7680 35.0240 54
35.1520 35.2800 55
35.3120 35.5360 56
35.6640 35.9200 54
35.9520 36.2720 56
36.4960 36.6240 61
36.8480 37.2960 61
37.9040 37.9360 52
37.9680 38.0320 53
38.0640 38.2880 54
38.3200 38.8960 53
38.9280 39.1200 54
39.2480 39.4080 52
39.5680 39.6320 55
39.6640 39.8880 54
39.9200 40.0160 55
40.1760 40.2080 62
40.2400 40.4000 63
40.4320 40.9120 61
41.3600 41.5520 57
41.5840 41.6160 60
41.6480 41.7120 61
41.7440 41.9040 63
42.0640 42.4160 65
42.4480 42.6400 64
42.6720 42.7040 65
42.7360 42.8640 66
42.8960 42.8960 63
42.9280 42.9280 61
42.9600 42.9920 56
43.0240 43.6000 54
44.1120 44.4960 58
44.5280 44.6880 59
44.8800 45.0720 58
45.1040 45.3280 59
45.5840 45.7760 59
45.8080 45.8400 60
45.8720 46.0320 61
46.2880 46.3200 56
46.3520 46.4480 57
46.4800 46.7040 56
47.1520 47.4400 54
47.6640 48.1440 56
48.1760 48.2080 57
48.2400 48.4000 58
48.4320 48.4960 57
48.5280 48.5920 56
48.7200 49.0720 58
49.2000 49.3600 61
49.3920 49.4240 62
49.4560 49.6160 63
49.6480 49.6800 62
49.9040 49.9360 55
49.9680 50.2560 56
50.2880 50.4480 55
50.5760 50.8000 56
51.0560 51.2160 59
51.2480 51.3440 61
51.3760 51.4080 60
51.7600 52.0480 54
52.2400 52.3680 53
52.4000 53.0080 54
53.0400 53.0720 55
53.1040 53.2000 56
53.2320 53.2960 55
53.3280 53.3280 53
53.3600 53.7760 51
54.2560 54.3520 55
54.3840 54.6080 52
54.6400 54.6720 54
54.7040 54.8320 55
55.2480 55.4080 56
55.4400 55.5680 57
55.6000 55.7600 58
55.8880 56.0480 56
56.2080 56.4000 58
56.6240 56.8800 62
56.9120 57.1360 63
57.1680 57.1680 61
57.2000 57.2320 58
57.2640 57.6160 56
57.7440 57.8400 54
58.0000 58.2880 56
58.4800 58.6080 63
58.6400 58.8640 65
59.1200 59.2480 63
59.2800 59.5360 65
59.5680 60.3360 66
60.6240 60.6560 64
60.6880 60.8160 65
60.9440 61.1040 65
61.1360 61.3920 66
61.4240 61.4880 65
61.6800 61.8720 66
62.1920 62.6400 58
62.6720 62.8960 59
62.9280 64.6240 61
65.8400 65.9680 66
66.0000 66.2560 65
66.2880 66.4160 66
66.5760 66.6080 56
66.6400 66.7040 57
66.7360 66.8320 58
66.9920 67.2480 56
67.2800 67.6000 58
67.6320 67.6640 59
67.6960 67.8560 60
67.8880 68.0800 61
68.3680 68.4640 54
68.4960 68.5280 55
68.5600 68.7520 56
68.7840 69.0400 54
69.0720 69.2640 56
69.5520 69.6480 63
69.6800 69.7120 64
69.7440 69.9360 65
70.1280 70.1600 66
70.1920 70.3200 64
70.3520 70.7360 65
70.9600 71.3440 66
71.5360 71.7920 58
71.8240 72.0800 59
72.1120 72.7520 61
73.2000 73.2640 63
73.2960 73.4240 66
73.4560 73.6160 65
73.6480 73.7440 66
73.9360 74.0640 62
74.0960 74.2240 63
74.2560 74.2880 62
74.3200 74.5440 61
74.5760 74.6080 62
74.6400 74.8640 63
74.8960 75.0560 62
75.0880 75.2800 65
75.3120 75.5040 66
75.7600 76.1440 61
76.1760 76.2080 65
76.2400 76.3040 66
76.4960 76.5600 62
76.5920 76.6880 61
76.7200 76.7520 59
76.7840 77.2000 58
77.4880 77.5520 57
77.5840 77.6800 58
77.7120 78.0000 59
78.0320 78.0640 61
78.0960 78.2560 62
78.2880 78.7040 61
78.9280 79.1200 63
79.1520 79.1520 60
79.1840 79.4400 57
79.4720 79.6000 58
79.6320 80.1440 56
80.1760 80.2400 57
80.5600 80.5920 64
80.6240 80.9440 65
80.9760 81.1360 66
81.1680 81.1680 63
81.2000 81.2000 60
81.2320 81.4240 56
81.4560 81.6480 58
81.7760 81.8400 56
82.0640 82.3520 58
82.4800 82.6400 60
82.6720 82.8000 62
82.8320 82.8640 61
83.1840 83.2800 55
83.3120 83.5040 56
83.5360 83.5680 55
83.6000 83.7280 54
83.7600 83.7920 55
83.8240 84.0480 56
84.3040 84.4640 63
84.4960 84.7200 65
84.9760 85.1040 64
85.1360 85.3600 65
85.3920 85.5520 66
85.7120 86.1280 66
86.1600 86.8320 68
86.8640 86.8960 69
86.9280 87.4400 70
87.7280 87.8880 67
87.9200 88.2400 68
88.2720 88.3680 70
88.4000 88.4320 67
88.4640 88.7200 65
88.7520 89.0080 66
89.0400 89.8080 63
90.2880 90.3200 61
90.3520 90.3840 62
90.4160 90.5120 63
90.5440 90.9600 61
90.9920 90.9920 63
91.0240 91.1840 65
91.2160 91.2160 63
91.2480 91.3120 60
91.3440 91.7920 61
92.0800 92.3360 58
92.3680 92.7520 59
92.7840 93.0720 61
93.1040 93.3600 63
93.5520 93.8400 66
94.1600 94.1920 68
94.2240 94.3840 69
94.4160 95.0240 70
95.0560 95.2800 67
95.3120 95.8880 68
95.9200 95.9200 66
96.0480 96.2400 65
96.2720 97.2320 66
100.1440 100.2080 68
100.2400 100.3040 69
100.3360 100.4640 70
100.4960 100.5600 69
100.5920 101.7120 68
104.3680 104.5280 55
104.5600 104.6880 56
105.1040 105.1680 54
105.3280 105.4240 55
105.4560 105.6480 56
105.6800 105.7120 55
105.7440 105.9360 54
105.9680 106.0000 55
106.0320 106.4480 56
106.6400 106.8320 61
106.9920 107.2480 61
107.2800 107.3760 60
108.0480 108.0800 51
108.1120 108.1760 52
108.2080 108.4320 54
108.5600 109.1040 53
109.1360 109.2320 54
109.2640 109.3280 53
109.4560 109.5520 51
109.5840 109.6800 52
109.7120 109.9360 54
109.9680 110.0640 55
110.3520 110.5760 58
110.6080 110.7680 57
110.8000 111.0240 58
111.5040 111.5680 54
111.6000 111.7280 55
111.7600 111.7600 59
111.7920 111.8560 61
111.8880 111.9200 62
111.9520 112.2080 63
112.2400 112.4640 65
112.6560 112.7200 65
112.7520 112.9760 66
113.0080 113.0080 64
114.2240 114.3200 58
114.5120 114.6400 58
114.6720 114.8320 59
114.9600 115.1840 58
115.2160 115.4720 59
115.6640 115.8880 59
115.9200 116.0800 61
116.3680 116.5280 57
116.5600 116.7840 56
117.3920 117.6160 54
117.6480 117.7120 55
117.7440 117.8720 56
118.2240 118.3200 56
118.3520 118.3840 57
118.4160 118.6080 58
118.6400 118.9600 56
118.9920 119.1520 58
119.3760 119.4080 61
119.4400 119.6320 62
119.6640 119.8560 63
119.8880 119.9520 62
119.9840 119.9840 60
120.0160 120.2080 55
120.2400 120.3680 56
120.4000 120.4320 55
120.4640 120.6880 54
120.7200 120.7520 55
120.7840 121.1680 56
121.2000 121.2320 59
121.2640 121.3600 60
121.3920 121.5520 61
121.8080 121.8720 54
121.9040 122.0000 53
122.0320 122.3840 54
122.4160 122.5120 53
122.5440 123.1840 54
123.2160 123.2480 55
123.2800 123.4400 56
123.6320 123.6320 60
124.7840 125.1040 54
125.1360 125.7120 56
125.7440 125.9360 58
125.9680 126.0000 57
126.0320 126.0640 56
126.3200 126.6080 58
126.7360 126.7680 60
126.8000 126.9600 61
126.9920 127.0240 62
127.0560 127.2480 63
127.2800 127.3440 65
127.3760 127.3760 63
127.4080 127.4080 58
127.4400 127.7280 56
127.7600 127.9200 55
128.1760 128.4640 56
128.5920 128.5920 60
128.6240 128.7200 63
128.7520 128.7840 64
128.8160 129.0400 65
129.2000 129.2320 63
129.2640 129.3920 64
129.4240 129.7120 65
129.7440 130.3200 66
130.3520 130.4480 68
130.7680 130.8320 67
130.8640 131.2480 65
131.2800 131.5040 66
131.5360 131.6640 65
131.8880 132.1440 66
132.3360 132.5920 58
132.7840 133.0080 59
133.0400 133.0720 60
133.1040 135.1520 61
135.9520 136.4000 65
136.4320 136.5600 66
136.5920 136.5920 64
136.7200 137.0400 58
137.1680 137.2960 56
137.4560 137.7760 58
137.8080 138.0000 59
138.0320 138.2880 61
138.3200 138.3520 59
138.4800 138.6080 54
138.6400 138.8960 56
138.9280 139.1840 54
139.2160 139.4080 56
139.6640 139.8240 63
139.8560 140.0480 65
140.3040 140.4000 64
140.4320 140.8160 65
140.8480 140.9120 66
141.1360 141.5200 66
141.7120 141.9680 58
142.0000 142.2240 59
142.2560 142.5120 61
142.5440 142.7360 63
143.3760 143.7600 65
143.7920 143.9200 66
144.0800 144.1120 61
144.1440 144.2080 62
144.2400 144.4000 63
144.4320 144.5280 60
144.5600 144.6880 61
144.7200 144.7520 62
144.7840 145.0720 63
145.1040 145.2000 62
145.2320 145.4240 65
145.4560 145.6480 66
145.9040 146.2880 61
146.3200 146.3520 63
146.3840 146.4800 65
146.6720 146.8320 61
146.8640 146.9280 59
146.9600 147.3440 58
147.6320 147.6960 56
147.7280 147.8240 58
147.8560 148.1440 59
148.1760 148.2080 61
148.2400 148.2720 62
148.3040 148.4000 63
148.4320 148.8480 61
149.0720 149.2960 63
149.3280 149.3280 61
149.3600 149.3920 59
149.4240 149.5840 57
149.6160 149.7760 58
149.8080 150.0640 56
150.0960 150.1920 57
150.7040 151.1200 65
151.1520 151.3120 66
151.4720 151.6000 57
151.6320 151.8560 58
151.8880 151.9840 56
152.2400 152.3360 58
152.6240 152.7520 59
152.7840 152.9120 61
152.9440 152.9760 60
153.2960 153.4240 55
153.4560 153.6480 56
153.6800 153.7120 55
153.7440 153.9680 54
154.0000 154.1600 56
154.4480 154.5120 64
154.5440 154.8640 65
155.1520 155.1840 64
155.2160 155.5040 65
155.5360 155.7280 66
155.8880 156.2400 66
156.2720 156.3040 67
156.3360 157.0720 68
157.1040 157.6160 70
157.8720 158.0320 67
158.0640 158.3520 68
158.3840 158.5120 70
158.5440 158.5440 67
158.6720 158.8320 65
158.8640 159.1520 66
159.1840 159.9840 63
160.4320 160.5920 63
160.6240 160.6560 62
160.6880 161.0720 61
161.1040 161.1360 64
161.1680 161.3280 65
161.3600 161.9040 61
162.2880 162.6400 58
162.6720 162.9280 59
162.9600 163.2800 61
163.3120 163.5360 63
163.6960 164.0480 66
164.3360 164.3680 67
164.4000 164.6240 69
164.6560 165.2000 70
165.2320 165.2960 66
165.3280 165.4560 67
165.4880 166.0640 68
166.0960 166.1280 66
166.1600 166.2240 64
166.2560 166.3200 65
166.4480 166.7360 54
166.7680 166.8640 53
166.8960 167.0560 54
167.0880 167.2160 53
167.3440 167.4720 51
167.6320 167.6960 54
167.7280 167.7920 53
167.9200 168.0160 54
168.3040 168.6240 54
169.1680 169.2640 51
169.4560 169.8400 53
170.1280 170.3520 54
170.3840 170.4800 53
170.5120 170.7040 54
170.7360 170.8000 53
171.3120 171.4080 53
171.4400 171.7280 54
172.0160 172.0160 52
172.2080 172.2720 54
172.4320 172.4960 54
172.6560 172.8800 56
173.0400 173.2000 56
173.2320 173.4880 58
173.8080 174.2880 61
174.3200 174.3520 60
174.3840 174.4160 59
174.7360 174.8320 58
174.9920 175.0240 61
175.2480 175.3120 61
175.6320 175.6960 61
175.8240 175.8880 61
176.0480 176.2080 61
176.6240 176.6880 63
176.8480 177.1360 61
177.4880 177.5200 65
177.5520 178.8320 66
178.8640 178.8960 64
178.9280 179.0560 62
179.5680 179.7280 66
179.7600 179.7920 67
179.8240 179.8880 68
180.0800 180.1120 65
180.1440 180.4000 66
180.5280 180.5920 65
180.6240 180.8480 66
181.0400 181.1040 56
181.1360 181.1680 57
181.2000 181.2960 58
181.4560 181.7120 56
181.7440 182.0640 58
182.0960 182.1280 59
182.1600 182.2880 60
182.3200 182.4800 61
182.8320 182.9280 54
182.9600 182.9920 55
183.0240 183.2160 56
183.2480 183.5040 54
183.5360 183.7600 56
184.0160 184.1120 63
184.1440 184.2080 64
184.2400 184.4320 65
184.6560 184.7520 63
184.7840 184.8160 64
184.8480 185.2320 65
185.4560 185.8400 66
185.8720 185.8720 64
186.0640 186.3200 58
186.3520 186.5760 59
186.6080 187.0560 61
187.6640 188.0800 65
188.1120 188.1760 66
188.4000 188.4320 61
188.4640 188.7200 63
188.7520 188.7520 61
188.7840 188.8800 59
188.9120 189.0720 61
189.1040 189.3920 63
189.4240 189.5200 62
189.5520 189.7120 64
189.7440 189.9680 66
190.2240 190.6080 61
190.6400 190.6400 63
190.6720 190.7680 66
190.9600 191.1200 61
191.1520 191.6320 58
191.6640 191.7920 56
191.9520 192.0160 55
192.0480 192.1440 58
192.1760 192.3360 59
192.4960 192.8480 62
192.8800 193.1680 61
193.4240 193.4880 68
193.5200 194.1280 70
194.1600 194.9920 68
195.0240 195.4400 65
195.4720 195.6000 66
195.6320 195.6320 61
195.6640 195.6640 57
195.7280 195.8240 55
195.8560 195.8880 56
195.9200 196.1440 58
196.1760 196.2080 56
196.5280 196.8160 58
196.9760 197.2000 59
197.2320 197.4240 61
197.6480 197.7760 55
197.8080 198.0320 56
198.0640 198.2880 54
198.3200 198.4800 56
198.7680 198.8640 63
198.8960 198.9280 64
198.9600 199.2480 65
199.3760 199.7920 65
199.8240 200.4960 66
200.5280 200.5600 67
200.5920 200.7520 68
200.7840 200.8160 67
200.8480 200.9440 66
200.9760 201.0080 67
201.0400 201.1040 68
201.1360 201.3600 69
201.3920 202.0960 70
202.1280 202.3200 67
202.3520 202.6400 68
202.6720 202.8320 70
203.0240 203.1840 65
203.2160 203.4400 66
203.5040 204.4640 63
204.7520 204.9760 63
205.0080 205.3280 61
205.4560 205.6160 66
205.7440 206.2240 61
206.2560 206.4160 58
206.5760 206.6720 58
206.8320 207.2160 59
207.2480 207.4720 61
207.5040 207.7920 63
208.0160 208.3680 66
208.5920 208.6880 67
208.7200 208.9440 69
208.9760 209.4560 70
209.5840 209.7760 67
209.8080 210.3840 68
210.4160 210.6400 65
210.6720 211.1200 66
211.3120 211.5360 66
212.0160 212.3040 66
212.6240 213.2000 54
213.4880 213.5520 51
213.8080 213.8400 53
214.8000 214.8640 54
214.8960 215.1520 53
215.1840 215.3440 54
215.5680 216.0160 54
216.2720 216.4640 57
216.4960 216.5920 54
216.7200 216.8160 54
217.0080 217.4880 56
217.5200 217.8080 58
218.1280 218.6080 61
218.6400 218.8000 59
219.0240 219.1200 58
219.2480 219.3120 61
219.5360 219.6960 61
220.3360 220.4640 61
220.5920 220.7840 61
221.2640 221.3600 62
221.7440 221.8400 64
221.8720 223.1520 66
223.1840 223.4080 62
223.8880 224.5280 66
224.5600 224.7840 68
224.8160 225.0400 66
225.0720 225.1360 63
225.1680 225.2640 65
225.5840 225.8080 54
225.9360 226.2240 54
226.4480 226.5440 53
226.7040 227.1520 54
227.3760 228.0480 54
228.2400 228.3680 51
228.5600 228.9760 54
229.1680 229.4240 54
229.5840 229.8400 54
230.1280 230.1920 52
230.3520 230.8640 54
231.0240 231.3440 54
231.4720 231.5680 54
231.7920 232.2080 56
232.2400 232.4960 58
232.5280 232.6240 59
232.6560 232.6560 62
232.6880 232.8160 66
232.8480 233.3600 61
233.8080 233.9680 58
234.0960 234.3520 61
234.7040 234.8000 60
234.8320 234.9600 61
234.9920 235.1520 58
235.1840 235.4080 61
235.4400 235.4400 59
235.9520 236.2720 61
236.5920 237.3600 66
237.5840 237.8720 66
237.9680 238.1600 62
238.2560 238.3840 66
238.4160 238.4800 64
238.6400 238.8000 66
238.8320 238.9920 68
239.1520 239.2160 65
239.2480 240.2400 66
