2.1600 2.3840 62
2.5440 2.9600 62
2.9920 3.1200 63
3.1520 3.2160 62
3.4400 3.5360 60
4.4960 4.5920 60
10.7680 11.6960 62
11.7280 11.7920 63
11.8240 11.9200 64
12.0480 12.1440 62
12.1760 12.2400 63
12.2720 12.3360 64
12.5920 13.1040 68
13.1360 13.2000 67
19.4720 19.6640 53
19.7600 19.8880 54
20.0160 20.1120 54
20.5920 20.8160 55
20.9760 21.7760 56
21.8080 22.0320 55
22.0640 22.1920 54
22.2240 22.3200 55
22.3520 22.9280 56
22.9600 23.1840 55
23.3440 23.4720 54
23.7920 23.9840 55
24.0160 24.1760 56
24.3040 24.5920 59
27.6640 27.8560 59
27.9840 28.9120 61
29.0400 29.5840 59
29.6160 30.1600 61
30.1920 30.9280 59
30.9600 31.4080 61
31.4400 31.7600 59
31.9520 32.2720 59
32.4000 32.6240 59
32.6560 32.7520 61
33.2320 33.3280 64
36.7520 36.8800 62
36.9120 37.0400 63
37.0720 37.6480 64
37.6800 37.7440 65
37.7760 37.9360 66
38.2240 38.6720 68
38.7040 38.7680 67
38.8000 38.9280 66
39.1520 39.2800 66
39.5360 39.5680 64
39.6000 39.8240 66
39.8560 40.2400 68
40.2720 40.4000 66
40.5280 40.5280 66
40.5920 40.8800 66
41.1040 41.4240 67
41.4560 41.7120 64
44.7840 45.3280 64
45.3600 45.7120 71
45.7440 45.9680 73
46.0000 46.1280 71
46.3520 46.6400 71
46.7680 47.0880 71
47.1200 47.4080 73
47.4400 47.5360 72
47.5680 48.0160 71
48.2720 48.2720 67
48.3040 48.5600 71
48.5920 48.8800 73
48.9120 48.9440 71
49.0080 49.0720 70
49.2640 49.8080 59
49.8400 50.0320 61
50.2560 50.4480 64
54.0000 54.0640 74
54.0960 54.4800 75
54.5120 54.6720 73
54.7040 54.7680 75
54.9920 55.1200 73
55.1520 55.2800 71
55.4400 56.2080 68
56.3360 56.4640 68
56.4960 56.7200 70
56.7520 57.1360 68
57.1680 57.2640 67
57.8080 57.9040 63
58.2880 58.5120 63
61.0080 61.1680 68
61.2000 62.0000 69
62.2240 63.4080 67
63.6640 64.0800 64
64.1120 64.8800 67
65.4880 65.5200 62
68.2400 68.4640 67
68.4960 68.6240 69
68.6560 69.6800 68
69.7120 69.8400 66
69.8720 70.1600 68
70.1920 70.2560 66
70.2880 70.6400 67
70.8960 71.0880 64
71.2160 71.3120 65
71.3440 71.8880 67
71.9840 72.0160 66
72.2720 72.4000 59
72.5280 72.6240 57
72.8480 73.2320 56
73.4560 73.5200 58
78.5120 78.6720 52
78.7040 78.9920 53
79.4720 79.7600 54
79.7920 79.8880 55
79.9200 80.0800 56
80.9760 81.1680 54
81.2000 81.7120 56
82.3520 82.8000 54
82.8320 83.0880 56
83.2800 83.5680 59
86.7680 87.0880 59
87.1200 87.4400 61
87.4720 87.8560 62
87.8880 88.0480 61
88.0800 88.2720 60
88.5600 89.1680 61
89.2000 89.3920 59
89.5200 89.8720 59
89.9040 90.0960 60
90.1280 90.4160 61
90.4480 90.5120 60
90.5440 90.6720 59
90.9280 91.6000 59
91.6320 91.7280 61
92.0160 92.1440 63
95.8240 96.0160 63
96.0480 96.7200 64
96.7520 96.8160 65
96.8480 96.9440 66
97.2320 97.5520 68
97.5840 97.6800 67
97.7120 98.0640 66
98.1280 98.5120 66
98.7360 98.8960 66
98.9280 99.2800 68
99.3120 99.4400 65
99.6000 99.8560 65
100.1120 100.2720 66
100.6240 100.8480 71
101.8080 102.3840 56
102.6400 102.6720 56
103.6960 104.1120 64
104.4000 104.6560 71
104.6880 104.7520 72
104.7840 105.0080 73
105.0400 105.1360 72
105.1680 106.1600 71
106.2880 106.4800 61
106.5120 107.0560 59
107.2480 107.6000 59
107.6320 108.1120 61
108.1440 108.8800 59
108.9120 109.1040 61
109.1680 109.2320 62
109.2640 109.4880 64
113.0720 113.8720 75
114.0320 114.2240 73
114.2560 114.4160 71
114.7040 115.4400 68
115.4720 115.7600 70
115.7920 116.1440 68
116.1760 116.3680 67
116.6560 116.7200 64
116.9440 117.0080 63
117.4560 117.7440 63
118.8000 118.9280 64
120.0480 120.2080 68
120.2400 121.0720 69
121.2640 121.4240 68
121.4560 122.4480 67
123.1520 123.8560 67
124.0160 124.0800 60
124.1120 124.1760 59
124.2080 124.4320 57
124.9760 125.1040 61
127.2480 128.2080 68
128.4320 129.6480 67
129.8720 130.3520 64
130.3840 130.5440 68
130.6720 131.0880 67
131.4400 131.6640 67
131.8560 131.9520 61
132.1440 132.3040 61
133.8720 133.9680 65
134.1600 134.6400 63
134.6720 134.8320 61
134.9920 135.0880 63
135.1200 135.4720 64
136.1760 136.3040 64
136.3360 136.4000 62
136.4320 136.6240 61
136.6560 136.7520 60
137.0720 137.1680 60
137.2000 137.3600 59
137.5840 137.9360 59
140.4000 140.7840 61
140.8160 141.1680 63
141.3280 141.6160 61
141.6480 141.8400 67
141.8720 141.9680 64
142.0000 142.1280 63
142.1600 142.5120 60
142.5440 142.6720 62
142.8000 143.6320 67
143.6640 144.2080 68
144.2400 144.4640 66
144.4960 144.8800 64
144.9120 145.0080 65
145.0400 145.3600 66
145.8720 146.1280 64
147.4080 147.6000 64
147.6320 147.8880 66
147.9200 148.0160 65
148.0480 148.1760 64
148.3360 148.6240 66
148.6560 148.8160 67
148.9120 149.0080 68
149.0400 149.3280 67
149.3600 149.9680 68
150.0640 150.3200 65
150.8640 150.9600 62
151.0560 151.7920 61
153.1360 153.4240 64
153.4560 154.0640 66
154.0960 154.1600 67
154.1920 154.4160 68
154.4480 154.5760 67
154.6080 154.8000 65
154.8320 155.2480 64
155.7920 155.8880 64
155.9200 156.1440 63
156.2080 156.3360 62
157.2000 157.2960 61
162.2880 162.7680 63
162.8000 163.0880 61
163.1200 163.2800 62
163.4400 163.5360 61
163.5680 163.6320 60
163.6640 163.7920 59
163.9520 165.0720 56
165.1040 165.3920 57
165.4240 165.7440 56
165.7760 165.8400 55
166.5760 166.7680 55
166.8000 166.9280 56
170.5120 170.5760 67
170.6080 170.7360 69
170.8640 171.4400 68
171.6960 171.9200 68
171.9520 172.1440 66
172.1760 172.2720 67
172.3040 172.3680 68
172.4960 172.6560 66
172.6880 172.9440 67
172.9760 173.0400 66
173.3280 173.9360 65
173.9680 174.0320 67
174.0640 174.1280 68
174.2560 174.7680 67
175.1520 175.2800 64
175.6000 175.6640 62
175.6960 175.8880 61
175.9200 176.3040 62
179.1840 179.2480 68
179.2800 179.4720 69
179.5040 179.7280 68
179.7600 179.9840 69
180.0160 180.1120 68
180.3680 180.4640 68
180.4960 180.6240 67
180.6560 180.9440 66
180.9760 181.1040 68
181.1360 181.5200 67
181.5520 181.6480 68
181.6800 181.7760 65
182.0640 182.6400 64
182.6720 182.7360 65
182.7680 182.9280 68
183.0880 183.3120 66
183.3440 183.6320 67
183.6640 183.7280 66
184.1440 184.5600 64
184.5920 184.8160 63
184.8480 185.0400 62
185.0720 186.0640 61
