8.0160 8.0480 64
8.0800 9.4240 65
9.8080 9.9040 62
9.9360 10.1280 63
10.1600 11.1520 62
11.1840 11.6320 61
11.6640 11.7280 62
11.7600 11.8560 63
11.8880 13.7440 65
14.3200 14.4160 64
16.3680 16.4640 59
16.8480 17.0080 60
17.0400 17.0720 59
17.1040 17.4880 58
17.5200 18.0320 60
18.0640 18.1920 58
18.4160 18.4800 60
19.1200 19.3120 51
19.3440 19.3760 52
19.4080 19.4720 53
19.6960 20.0800 53
20.2080 20.2720 54
23.3440 23.4720 54
23.5040 23.6000 56
23.6320 23.6640 57
23.6960 23.8240 58
23.8560 23.9840 56
24.0160 24.0800 57
24.1120 24.2400 58
24.4640 25.4240 56
26.4160 26.5760 56
26.7040 27.1200 56
27.3120 27.4720 61
27.6960 27.8880 59
27.9200 28.8480 60
28.8800 28.9760 59
29.0080 29.0720 58
29.2320 29.4240 56
30.7040 30.7040 58
30.7360 30.8320 60
30.8640 31.0240 58
31.1520 31.3120 60
31.4400 31.5040 57
31.5360 31.5680 56
31.6960 31.8240 58
31.8560 32.2720 60
32.3040 32.5280 58
32.5600 32.5920 59
32.6240 32.8800 60
32.9120 33.0720 62
33.1040 33.2000 63
33.2320 34.7360 61
34.8640 34.9280 60
37.4240 37.4880 49
37.5200 37.6480 50
37.6800 37.6800 52
37.7120 37.9360 54
38.0640 38.0960 55
38.1280 38.3520 56
38.5440 38.6400 56
38.6720 38.7680 57
38.8000 39.0240 58
39.0560 39.1200 59
40.1760 40.5600 58
40.6880 40.8160 55
40.8480 40.9120 56
40.9440 41.7440 57
41.7760 41.9680 58
42.0000 42.0960 59
42.1280 42.1600 58
42.1920 42.1920 56
42.2240 42.2240 53
42.5440 42.6080 54
42.6400 42.8320 53
42.8640 42.9920 52
43.0240 43.1200 53
43.9200 44.0800 58
44.1120 44.4320 60
44.4640 46.0320 62
46.2880 46.3840 62
46.4160 46.4800 61
48.0800 48.0800 59
48.1120 48.1120 62
48.1440 48.2080 66
48.2400 48.2720 67
48.3040 48.4320 68
48.5600 48.6240 67
48.6560 49.3280 66
49.4560 49.4880 61
49.5200 49.5840 62
49.6160 49.8400 63
49.8720 50.0640 59
50.0960 50.5440 60
50.5760 50.6080 57
51.3760 51.5360 65
51.5680 51.7280 61
51.7600 53.1360 62
53.2960 53.3920 62
54.8000 54.9280 63
54.9600 55.4080 65
55.4400 56.5280 66
56.6560 56.7200 58
56.8800 56.9440 58
56.9760 57.0080 59
57.0400 57.2320 60
57.2640 57.3280 58
57.3600 57.5520 56
58.2880 58.4480 56
58.4800 58.7040 62
58.7360 59.1520 63
59.1840 59.2480 65
59.3760 59.7600 65
59.7920 59.9840 63
60.0160 60.4320 65
60.5920 60.6240 56
60.6560 60.7520 57
60.7840 61.5840 58
62.7040 62.7680 55
62.8000 62.8640 57
62.8960 63.0560 58
63.2160 63.4400 58
63.9520 64.0480 60
64.0800 64.1120 59
64.1440 64.4960 58
64.5280 65.0400 57
65.5520 65.6800 57
65.7120 65.7120 59
65.7440 65.9680 61
66.0000 66.1600 60
66.1920 66.2560 58
66.2880 66.3520 59
66.3840 66.4480 60
66.4800 66.5760 61
66.6080 66.9280 60
66.9600 67.6960 58
70.5120 70.6720 61
70.7040 70.7360 62
70.7680 70.9600 63
70.9920 71.0240 64
71.0560 71.1520 65
71.3440 71.4400 62
71.4720 71.5680 63
71.6000 71.7600 62
71.7920 72.8800 63
73.5840 73.7440 63
73.7760 74.0960 65
74.1280 74.8320 63
74.8640 74.9920 62
75.0240 75.2480 63
75.2800 75.3440 62
75.3760 76.1120 58
77.0720 77.2320 56
77.2640 77.4240 58
77.9040 77.9360 59
80.2080 80.5920 64
80.6240 80.7520 61
80.9760 81.1040 61
81.1360 81.3280 63
81.4880 81.6480 58
81.8080 81.9680 58
82.1920 83.0880 58
83.1200 83.5680 60
83.8880 84.1440 60
84.6560 85.9680 61
86.0960 86.1600 61
86.3200 86.3840 61
89.1680 89.3920 49
89.4240 89.7440 54
89.8720 90.0960 56
90.2240 90.4800 58
90.5120 91.1200 56
92.1760 92.4000 54
92.4320 92.9760 56
93.1360 93.2640 56
93.2960 93.2960 58
93.3280 93.4560 60
93.6160 93.7760 58
93.8080 94.0000 60
94.0320 94.2560 59
94.2880 94.7040 60
94.7360 94.8320 59
96.2080 96.2720 58
96.3040 96.5600 59
96.5920 96.6560 58
96.8160 97.0720 59
97.6160 97.7120 60
97.8720 98.1600 58
98.1920 98.2560 59
98.2880 98.7040 60
98.7360 98.9600 58
98.9920 99.4400 60
99.4720 99.5360 61
99.7600 99.8240 62
99.8560 100.9440 61
101.1360 101.2000 59
102.8640 103.2800 49
103.4400 103.4720 52
103.5040 103.5360 53
103.5680 104.1760 54
104.3680 104.4320 56
104.5920 104.6880 57
104.8480 104.9760 57
105.0080 105.3280 58
105.3600 105.6480 59
105.6800 105.7760 58
106.7680 106.8320 57
106.8640 107.3760 58
107.4080 108.2080 57
108.2400 108.3360 58
108.3680 108.4000 57
108.5280 108.6560 58
108.6880 108.7200 59
108.7520 109.9680 60
110.0000 110.0320 59
110.0640 110.1280 58
110.1600 110.3520 55
110.5120 110.6720 58
110.7040 110.9920 60
111.0240 112.6240 62
112.6560 112.7520 61
114.6720 114.7040 63
114.7360 114.8640 66
114.8960 115.0560 68
115.1840 115.9200 66
115.9520 116.2080 61
116.2400 116.4640 63
116.4960 117.2000 60
117.2320 117.4560 57
117.9680 118.1280 65
118.1600 119.7600 62
121.3280 121.3600 63
121.3920 121.9040 65
121.9360 123.0560 66
123.1840 123.4400 58
123.4720 123.5360 59
123.5680 123.7920 60
123.8240 123.8880 58
123.9200 123.9520 57
123.9840 124.1760 56
124.7520 124.9120 56
124.9440 125.1040 61
125.1360 125.1680 62
125.2000 125.6160 63
125.6480 126.8640 65
127.0240 127.1200 56
127.1520 127.1840 57
127.2160 128.3040 58
128.3360 128.4000 57
129.0400 129.1040 50
129.1360 129.1680 53
129.2000 129.2640 56
129.2960 129.3280 57
129.3600 129.5200 58
129.6800 129.8720 58
130.3200 130.3840 52
130.6080 130.7680 59
130.8000 131.2160 58
131.2480 131.5680 57
132.0160 132.0480 59
132.0800 132.1120 60
132.1440 132.3680 61
132.4000 132.5920 60
132.6240 132.7840 59
132.8160 133.3600 60
133.3920 134.7360 58
134.7680 134.8640 59
137.4240 137.6800 61
137.8720 137.9360 61
137.9680 138.0640 62
138.0960 139.9520 63
139.9840 140.1440 65
140.1760 140.2080 64
141.3280 141.4240 63
141.5840 141.7760 63
141.8080 142.7360 65
142.8960 142.9600 63
143.1200 143.2800 55
143.4400 143.6000 61
143.7920 143.8880 61
143.9200 144.0160 65
144.0480 144.3360 66
144.3680 144.4640 65
144.6240 144.8480 65
144.8800 144.9440 63
144.9760 145.0080 62
145.0400 145.0720 61
145.2640 145.2960 65
145.3280 145.4240 66
145.4560 145.6480 63
145.6800 146.0000 65
146.0320 146.6720 63
146.7040 147.0560 61
147.3760 147.8880 56
147.9200 149.0080 58
149.6160 149.7440 64
149.7760 149.9040 65
150.0320 150.0640 61
150.0960 150.1600 62
150.1920 150.8640 63
151.0880 151.1840 63
151.2160 151.3440 65
151.3760 151.4080 64
151.4400 151.5680 63
151.6000 151.7280 62
151.7600 151.8560 60
151.8880 152.2720 58
152.3040 152.9120 59
152.9440 153.0720 58
153.1040 153.2320 59
153.2640 153.3280 61
153.3600 153.4560 62
153.4880 153.5200 61
154.8640 154.8960 60
154.9280 154.9280 62
154.9600 155.0240 66
155.0560 155.0880 67
155.1200 155.2800 68
155.4400 156.3040 66
156.3360 156.4320 65
156.4640 156.7200 62
156.7520 156.9440 63
156.9760 157.5520 60
157.5840 157.8080 56
158.4160 158.5760 65
158.6080 158.7680 61
158.8000 160.5280 62
161.7760 161.9360 63
161.9680 162.1920 65
162.2240 162.3520 64
162.3840 162.4160 65
162.4480 163.5680 66
163.6960 163.7600 57
163.9200 164.1120 58
164.1440 164.3040 60
164.3360 164.4640 58
164.4960 164.7520 56
165.2960 165.4880 56
165.5200 165.7440 61
165.7760 166.1920 63
166.2240 166.2880 65
166.4160 166.7680 65
166.8000 167.0240 63
167.0560 167.4720 65
167.6000 167.7600 56
167.7920 169.2640 58
169.2960 169.2960 56
169.6160 169.6800 54
169.7120 169.7760 56
169.8080 169.9680 58
170.1600 170.3520 58
170.6400 170.8000 60
170.8320 171.2800 58
171.3120 171.6640 57
172.4960 172.5600 57
172.5920 172.6560 59
172.6880 172.9120 61
172.9440 173.1360 60
173.1680 173.3280 58
173.3600 173.9360 60
173.9680 175.2480 58
175.2800 175.3440 59
175.4720 175.7280 59
175.9520 176.2720 59
177.7120 177.8080 63
177.8400 177.9360 65
178.1600 178.2880 63
178.6080 178.6400 63
178.6720 178.7360 64
178.8640 179.2800 65
183.6960 183.7600 62
183.7920 184.5920 63
184.8800 184.9760 60
185.3280 185.4560 54
185.4880 185.7440 53
191.5360 191.6000 63
191.7280 192.0160 63
192.0480 192.1760 62
193.7760 193.8720 62
193.9040 193.9360 63
193.9680 194.0000 64
194.0320 195.1200 65
195.1520 195.2480 62
195.2800 195.3440 64
195.3760 195.5680 65
195.6640 195.7280 63
195.7600 195.8240 65
195.8560 197.0400 66
197.0720 197.1680 67
197.2960 197.4240 63
197.4560 197.5840 65
197.6160 198.2240 63
198.8960 199.0560 66
199.0880 199.1200 67
199.1520 199.2800 68
199.3120 199.4720 63
199.5040 199.6320 65
199.7600 199.9200 63
199.9520 200.1120 65
200.1440 200.2400 62
200.2720 200.3680 63
200.4000 200.6880 65
200.7200 200.8800 63
200.9120 201.0080 64
201.0400 201.3280 63
201.3600 202.7360 61
202.7680 203.0880 63
203.1200 203.6320 65
204.7200 204.7520 50
204.7840 204.8160 52
204.8480 204.9120 53
204.9440 204.9760 56
205.0080 205.0400 57
205.0720 205.2640 58
205.4240 205.6160 58
206.2240 206.3520 59
206.3840 206.7680 58
206.8000 207.5040 57
207.6640 207.7280 57
209.6480 209.7120 65
209.7440 209.8720 63
209.9040 210.1600 65
210.1920 210.3840 63
210.4160 210.5760 62
210.6080 210.9280 63
210.9600 211.1200 62
211.1520 211.2480 63
211.2800 211.3120 62
211.3440 211.3760 61
211.4080 211.4400 59
211.4720 211.5360 58
211.5680 211.7600 57
211.7920 211.9200 59
211.9520 212.1440 61
212.1760 212.3360 57
212.3680 213.4240 58
213.4560 213.5200 59
213.6480 213.9040 58
214.0320 214.1280 58
214.3520 214.5120 58
214.5440 214.8640 59
215.4080 215.6000 59
216.2080 216.3680 69
216.4000 217.7120 70
217.7440 217.8720 68
217.9040 217.9360 67
217.9680 218.0640 63
218.0960 218.1280 64
218.1600 218.2560 65
218.2880 218.3520 64
218.3840 219.7600 63
219.7920 219.9200 62
219.9520 220.2400 61
220.5920 220.7200 64
220.7520 224.7840 65
