43.8880 44.0160 58
44.2080 44.3360 60
44.4640 44.6880 60
44.9120 45.5520 62
45.8400 46.0000 58
46.1600 46.2880 62
46.3200 46.9600 63
47.4080 47.5360 62
47.7920 47.8880 60
48.0800 48.4000 58
48.4320 48.4640 59
48.4960 48.7200 60
48.7520 48.9440 62
49.1680 49.2000 60
49.2320 49.2640 61
49.2960 50.1600 62
51.5360 51.7920 58
51.8240 51.9520 59
52.1760 52.2080 59
52.2400 52.3680 60
52.5600 53.3600 62
53.5200 53.6480 58
53.8400 53.8720 61
53.9040 54.0000 62
54.0320 54.4800 63
55.0560 55.1520 60
55.1840 55.2800 62
55.4720 55.7280 60
55.7600 55.9840 58
56.0160 56.0160 61
56.0480 56.0480 64
56.0800 56.2080 67
56.2400 56.6880 69
56.8800 57.0400 65
57.0720 57.2640 67
57.2960 58.1920 65
58.8320 58.9600 64
58.9920 59.0880 65
59.3120 59.4400 63
59.6000 59.8560 62
59.8880 60.0160 63
60.0480 60.0800 62
60.4000 60.4960 56
60.7520 61.0400 62
61.0720 61.7440 63
62.8640 62.9920 63
63.2480 63.3760 62
63.4080 63.5360 59
63.5680 63.8560 60
63.8880 63.9200 61
63.9520 65.1040 62
66.3200 66.4800 62
66.6720 66.7040 60
66.7360 66.8960 62
67.0240 67.2160 60
67.2480 67.6640 58
67.6960 68.0480 60
68.5920 68.6880 60
68.7200 68.9760 62
69.0080 69.1040 60
69.1360 69.3600 58
69.5840 69.6480 59
69.6800 69.9680 60
70.5760 70.8000 61
70.9280 71.2160 58
71.2480 71.2480 60
71.2800 71.3760 63
71.4080 71.7920 65
71.8240 71.8240 62
71.8560 73.6480 60
74.8960 74.9280 58
75.1200 75.6000 60
75.8240 76.6560 62
76.8160 77.0400 59
77.0720 77.2320 62
77.2640 77.7120 63
78.3200 78.4160 62
78.6400 78.8640 60
78.8960 79.1200 58
79.1520 79.4720 60
79.7280 80.6560 62
82.4480 82.8640 58
82.8960 83.5040 60
83.5360 84.2720 62
84.8160 85.0080 62
85.0400 85.5200 63
86.0640 86.1280 61
86.1600 86.2560 62
86.2880 86.5760 60
86.6080 86.8640 58
86.8960 86.8960 62
86.9280 86.9280 65
86.9600 87.0560 68
87.0880 87.5680 69
87.7600 87.9840 65
88.2080 88.5280 62
88.7200 88.7840 62
88.8160 88.8800 63
88.9120 89.3600 65
89.8080 89.8720 70
89.9040 89.9040 72
89.9360 90.0320 74
90.2560 90.4480 62
90.5760 90.7040 62
90.8320 91.1840 62
91.3440 91.4400 55
91.7280 91.9520 62
91.9840 92.4960 63
93.8080 94.2560 62
94.2880 94.4480 60
94.4800 94.5760 59
94.6080 94.8000 60
94.8320 95.1200 62
95.1520 95.4080 65
95.4400 96.2720 60
96.3040 96.4960 62
96.6560 97.1040 58
97.6800 97.7760 58
97.9680 98.2240 60
98.2560 98.9920 62
99.0240 99.3760 63
99.5040 99.9840 63
100.0160 100.1440 62
100.4000 100.9120 60
101.5200 101.5200 59
101.5520 101.7760 62
101.8080 102.1600 60
102.1920 102.4160 61
102.6720 102.8960 60
103.2160 105.2640 58
105.6800 105.8720 67
105.9040 106.0000 69
106.1600 106.2240 68
106.3520 108.6880 65
109.0400 109.1680 65
109.3280 109.7440 72
109.7760 109.8400 70
110.0640 110.4160 69
110.4480 112.6560 70
113.1680 113.2320 60
113.2640 113.3280 62
113.5200 113.6800 63
113.7120 113.7440 64
113.7760 113.9040 65
114.0960 114.1920 66
114.2240 114.8960 67
115.0880 115.4720 67
115.5040 115.6320 65
115.8560 115.8880 65
115.9200 116.4000 67
116.7840 116.9120 67
117.0400 117.3600 67
117.3920 117.5840 69
117.7120 117.8720 70
118.0640 118.1600 70
118.1920 121.4560 72
122.2880 122.3520 68
122.3840 123.0560 69
123.3440 123.7600 62
123.7920 124.2720 65
124.7520 124.9440 65
124.9760 125.0400 62
125.2320 125.7120 62
125.7440 125.9680 69
126.1280 126.6400 70
126.7680 128.1120 70
128.6240 128.8480 70
129.0400 129.2640 72
129.2960 129.4560 75
129.6800 130.1280 67
130.5760 130.6400 68
130.6720 130.8960 70
130.9280 131.2160 72
131.2480 131.3440 74
131.3760 131.4400 71
131.6320 131.9200 67
132.1440 132.3680 67
132.4960 132.9760 74
133.0080 133.1040 72
133.3600 133.6480 70
133.9040 134.0000 70
134.0320 136.7840 72
137.0400 137.2000 72
137.2640 137.2640 67
137.2960 139.6640 65
139.9840 140.1440 65
140.3680 140.7200 72
140.7520 140.8160 70
141.0080 141.3280 69
141.3600 143.5360 70
144.1440 144.2080 60
144.2400 144.3040 62
144.4640 144.6560 63
144.7840 145.1040 65
145.1360 146.2240 67
146.2560 146.6400 65
146.8320 146.9920 65
147.0240 147.3120 67
147.7280 147.8880 67
148.0800 148.3040 67
148.3360 148.5920 69
148.6240 149.1040 70
149.1360 152.4960 72
152.7520 152.8160 71
153.2960 153.3600 67
153.3920 153.5200 68
153.5520 153.6800 69
153.8720 154.1280 69
154.2560 154.7040 62
154.7360 155.1200 65
155.6960 155.8880 65
155.9200 156.4960 62
156.6560 156.6880 67
156.7200 156.9760 69
157.0720 157.3600 70
157.3920 157.8080 69
157.8400 158.9600 70
159.6000 159.6960 69
159.7280 159.9200 70
159.9520 160.1120 72
160.1440 160.2400 71
160.2720 160.4640 74
160.4960 160.4960 70
160.5280 161.1040 67
161.1360 161.5840 65
161.6160 161.7120 67
161.9040 162.0320 69
162.0640 162.0640 67
162.1920 162.2240 68
162.2560 162.3840 69
162.4160 162.8640 70
162.8960 162.8960 68
163.3760 163.4400 65
163.6960 163.8880 74
163.9200 164.3040 75
164.3360 164.6880 74
164.7200 164.8800 70
165.2320 165.2960 70
165.3280 165.7760 72
165.9360 169.0080 70
194.8960 194.9920 57
195.1840 195.3120 60
195.4400 195.6640 60
195.9200 196.6240 62
196.9120 197.0720 58
197.1040 197.1680 59
197.2000 197.3280 62
197.3600 197.8720 63
198.4160 198.4800 61
198.7040 198.9600 60
198.9920 199.3120 58
199.3440 199.5040 59
199.5360 199.6000 60
199.8560 200.6560 62
202.5760 202.6400 57
202.6720 202.8000 56
202.8320 202.8960 58
202.9280 202.9920 59
203.0240 203.5040 60
203.6320 204.3360 62
204.5920 204.6880 58
204.8800 205.0720 62
205.1040 205.5520 63
206.1280 206.2560 60
206.2880 206.3840 62
206.4160 206.5760 60
206.6080 206.6720 59
206.7040 206.9600 58
206.9920 206.9920 63
207.0240 207.1520 67
207.1840 207.5360 69
207.5680 207.5680 67
207.7920 208.0480 65
208.3360 208.6240 62
208.7840 208.9120 62
208.9440 209.4240 65
209.8720 209.9040 61
209.9360 210.0000 62
210.0320 210.0960 63
210.3200 210.5440 63
210.6720 210.8000 62
210.9280 211.0880 63
211.1200 211.1520 62
211.7600 211.8880 62
211.9200 212.6880 63
213.8080 213.8080 59
213.8400 213.8720 61
213.9040 214.4160 62
214.4480 214.8640 60
214.8960 215.1840 62
215.2160 215.5360 65
215.5680 215.5680 62
215.6000 216.3360 60
216.3680 216.5920 62
216.7520 216.7840 57
216.8160 217.1360 58
217.7440 217.8720 58
218.0000 218.1280 59
218.1600 218.2880 60
218.3200 219.0880 62
219.1200 219.4400 63
219.5680 219.7920 63
219.8240 220.1440 62
220.4000 220.9120 60
221.6160 221.6480 61
221.6800 221.8400 62
221.8720 222.0960 60
222.2240 222.2880 61
222.3200 222.4160 62
222.7040 222.7360 59
222.7680 222.9280 60
222.9600 222.9920 59
223.0240 223.0880 58
223.2800 223.3440 57
223.3760 223.6320 58
223.7600 224.2720 58
224.3040 224.7840 57
225.7120 225.8080 54
225.8400 225.9040 55
225.9360 226.0000 56
226.4480 228.7200 65
228.7520 228.7520 62
229.0720 229.2000 65
229.3280 229.4880 71
229.5200 229.8080 72
229.8400 229.9040 70
230.1280 230.4480 69
230.4800 232.8160 70
233.3280 233.4240 62
233.5840 233.8400 63
233.8720 233.9680 65
234.1920 234.2240 65
234.2560 234.9600 67
235.1520 235.3440 67
235.3760 235.5680 66
235.6000 235.6960 65
235.9520 236.1120 65
236.1440 236.4320 67
236.4640 236.4640 65
236.8480 236.9760 67
237.1360 237.2000 70
237.2320 237.4240 67
237.4560 237.7440 69
237.7760 237.9680 70
238.1600 238.2240 71
238.2560 241.5520 72
242.4160 242.4480 68
242.4800 243.1520 69
243.4400 243.8240 62
243.8560 244.3040 65
244.8800 245.0080 65
245.0400 245.0720 63
245.1040 245.1360 62
245.2960 245.7760 62
245.8080 245.8080 65
245.8400 245.8720 68
245.9040 246.0320 69
246.1600 246.8960 69
246.9280 248.1760 70
248.7200 248.7520 69
248.7840 248.9440 70
249.1680 249.3920 72
249.4240 249.5840 74
249.7760 250.1280 67
250.6720 250.7680 68
250.8000 250.9920 70
251.0240 251.3120 72
251.3440 251.4720 74
251.5040 251.5360 72
251.7280 252.0480 67
252.2720 252.4640 67
252.6560 252.6880 72
252.7200 252.7840 73
252.8160 253.1040 74
253.1360 253.2320 72
253.4240 253.5520 71
253.5840 253.7760 70
253.9680 254.0320 70
254.0640 254.0960 71
254.1280 256.9760 72
257.0080 257.0720 68
257.1040 257.2000 71
257.4880 259.6000 65
260.0480 260.1760 65
260.3680 260.4320 71
260.4640 260.7520 72
260.7840 260.8800 71
261.0720 261.4240 69
261.4560 263.6000 70
264.2080 264.2400 61
264.2720 264.4000 62
264.5280 264.7200 63
264.8480 265.2000 65
265.2320 265.9360 67
266.0960 266.2880 67
266.3200 266.7040 65
266.8960 267.0560 65
267.0880 267.3440 67
267.7600 267.9840 67
268.1760 268.4000 67
268.4320 268.6880 69
268.7200 269.1680 70
269.2000 272.5600 72
273.4240 273.4880 67
273.5200 273.7760 69
273.9360 274.1920 69
274.3520 274.8000 62
274.8320 275.3440 65
275.8240 275.9840 65
276.0160 276.0480 63
276.0800 276.5920 62
276.7520 277.2000 69
277.2320 277.3920 70
277.4240 277.9040 69
277.9360 279.1200 70
279.6960 279.7600 68
279.7920 279.9840 70
280.0160 280.2400 72
280.3680 280.5600 74
280.5920 280.5920 70
280.6240 280.8800 67
281.0080 281.2640 67
281.2960 281.6480 65
281.6800 281.7440 67
281.9360 282.0960 69
282.1280 282.1280 67
282.2560 283.3440 70
283.7600 283.8560 65
284.1120 285.0080 74
285.0400 285.2000 70
285.4880 285.6160 70
285.6480 286.0960 72
286.2880 289.3920 70
