0.8160 0.9120 47
1.1360 1.2640 47
2.2880 2.4800 63
2.5120 2.6720 59
2.8000 2.9600 61
2.9920 3.0880 63
3.1200 3.3120 65
3.3440 3.4720 67
3.5040 3.5680 63
3.6000 3.6320 60
3.6640 3.7600 56
4.2400 4.4960 57
4.5280 4.5920 54
6.1600 6.1600 56
7.5680 7.6320 51
8.9440 9.0400 50
9.0720 9.1360 52
11.1200 11.2800 51
11.3120 11.4720 49
11.6320 11.7280 47
11.8880 11.9520 49
11.9840 12.0480 47
12.2720 12.3360 47
14.6720 14.8000 51
16.2080 16.3360 48
16.5920 16.6880 47
17.4240 17.6480 62
17.6800 17.7440 59
17.7760 18.0320 57
18.1920 18.4160 59
18.4480 18.5440 56
18.8640 18.9280 47
20.1440 20.2720 59
20.3040 20.3680 61
20.4000 20.5600 59
20.7520 20.9120 56
22.2240 22.7040 54
22.8960 23.0240 50
23.2480 23.3440 50
24.8800 24.9760 70
25.5520 25.6160 60
26.7040 26.7360 50
27.5360 27.6320 68
27.6640 27.7600 64
27.7920 27.9840 67
28.0160 28.0160 64
28.0480 28.0480 61
28.0800 28.1120 58
28.2400 28.3040 63
28.3360 28.4640 66
28.4960 28.6240 64
28.9440 29.0400 65
29.0720 29.2640 62
29.2960 29.2960 66
29.3920 29.6160 67
29.6480 29.8400 70
29.8720 29.9680 66
30.0000 30.2240 64
30.2880 30.6080 61
30.6400 30.7360 58
30.8640 31.0240 58
31.0560 31.1840 56
31.2160 31.2480 53
32.6880 32.6880 47
32.7200 32.7520 52
32.7840 32.8480 54
34.6720 34.7360 47
34.9280 35.0240 47
36.2400 36.3360 49
39.7920 40.0800 57
41.0400 41.0720 57
41.2960 41.5840 58
42.8960 42.9280 55
43.1200 43.4720 55
43.9200 44.0160 71
45.0720 45.1680 68
48.8160 48.8800 55
53.0400 53.1680 71
55.5360 55.7920 59
55.8240 56.1440 56
59.9520 60.0160 53
60.1440 60.2400 52
60.2720 60.3360 50
60.3680 60.4640 48
62.0640 62.1280 50
83.2480 83.3120 54
86.2560 86.3200 54
86.3520 86.6400 56
86.6720 86.8640 57
86.9920 87.0240 54
87.0560 87.1840 55
87.2160 87.8240 52
88.9120 89.0080 49
89.1680 90.1280 57
92.1760 92.3360 57
92.3680 92.4960 59
92.5280 92.5600 60
92.5920 92.7520 61
92.7840 92.8160 60
93.0080 93.2960 57
94.1600 94.2560 57
94.3840 94.5120 59
94.5440 94.5760 60
94.6080 94.7360 61
94.9600 95.0880 57
96.7840 96.8480 57
96.8800 97.1360 56
97.1680 97.4240 57
97.5520 97.8080 56
98.0320 98.1600 54
98.1920 99.0880 52
99.2480 99.6000 52
102.0320 102.1280 54
102.1600 102.3840 56
102.4160 102.5760 57
102.7680 102.9280 55
102.9600 103.7280 52
103.9520 104.1120 52
104.1440 104.6560 49
104.9120 106.0960 57
106.1280 106.4800 59
106.5120 106.6080 61
106.7040 106.9600 61
107.9200 108.1120 51
108.1440 108.2400 53
108.3680 108.5600 56
108.5920 108.7520 59
108.7840 109.0400 61
109.2960 109.4560 62
109.6480 109.8080 61
109.8400 110.4480 57
110.4800 110.5120 55
110.5440 110.7040 52
110.7360 110.9280 54
111.7920 111.9200 51
112.0480 112.2400 54
112.2720 112.4640 57
112.4960 112.5280 62
112.5600 112.7840 64
112.8160 112.9440 66
112.9760 113.9360 64
113.9680 114.0640 61
114.2560 114.4480 61
114.4800 114.5760 59
114.8000 115.3120 59
116.0160 116.3680 64
116.4000 116.6240 61
116.6560 117.1680 59
117.2000 117.5200 61
117.6800 118.0320 64
118.1600 118.3200 61
118.4480 118.8960 59
118.9280 119.3760 61
119.4080 120.3040 64
120.3360 120.5600 61
120.5920 120.9760 59
121.1360 121.6160 61
121.6480 122.0640 59
122.0960 122.3840 61
122.4160 122.5760 59
122.6080 122.6080 57
122.6400 123.3120 54
123.3440 123.5040 57
123.8560 124.2720 64
124.3040 124.4640 61
124.4960 125.0400 59
125.0720 125.3600 61
125.5520 125.9680 59
126.0000 126.2240 61
126.2560 126.6720 59
126.8000 126.9600 61
126.9920 126.9920 59
127.0240 127.1200 55
127.2800 127.4720 54
127.7920 128.2080 54
128.2400 128.4960 57
128.5280 128.6560 59
128.7840 128.9440 61
128.9760 129.1680 59
129.2000 129.3600 57
129.5200 129.9680 59
130.0000 130.2880 61
130.4800 131.1520 64
131.6960 132.1120 64
132.1440 132.3360 61
132.3680 132.8160 59
132.8480 132.8800 60
132.9120 133.2320 61
133.4240 133.6800 64
133.7120 134.0960 61
134.2240 134.6080 59
134.6720 134.7040 59
134.7360 134.9600 61
135.1520 135.4080 64
135.6320 136.1440 57
136.3680 136.4000 66
136.4320 136.8160 68
136.8480 137.2320 69
137.3920 137.4240 66
137.4560 137.5200 67
137.5520 137.7120 68
137.7440 137.8080 65
137.8400 138.2560 64
138.2880 138.3520 63
138.3840 139.2800 59
139.3120 139.6320 57
139.8240 139.9200 64
139.9520 139.9840 65
140.0160 142.6400 66
142.6720 142.7360 67
143.7920 143.8240 59
143.8560 143.8880 60
143.9200 144.3040 61
144.3360 145.0720 59
146.2880 146.3200 59
146.3520 146.4160 60
146.4480 146.7360 61
146.7680 147.1840 62
147.2160 147.2480 60
147.2800 147.3760 59
147.4080 147.5680 61
147.6000 147.6320 60
147.6640 147.7600 59
147.9200 147.9520 60
147.9840 148.0800 61
148.1120 148.2080 59
148.2400 150.1600 57
151.4400 151.6000 57
151.6320 151.7280 56
151.8880 151.9840 52
152.0160 152.0800 53
164.9760 165.1040 54
165.1360 165.3280 56
165.3600 165.5520 57
165.7760 165.8400 54
165.8720 165.9360 55
165.9680 166.0000 53
166.0320 166.4160 52
166.4480 166.5120 51
167.4720 167.7280 47
167.8880 167.8880 52
167.9200 168.5600 57
168.6880 169.1040 52
170.8000 171.0560 57
171.0880 171.2800 59
171.3120 171.5040 61
171.6960 172.0480 57
172.4960 172.5280 58
172.5600 172.6560 62
172.7840 173.0080 57
173.0400 173.2960 59
173.3280 173.4560 61
173.6800 173.7760 58
174.6400 174.8960 57
174.9280 174.9920 56
175.3440 175.4080 57
175.4400 175.8240 56
175.8560 176.1120 57
176.3040 176.4640 56
176.4960 176.5280 55
176.5600 176.8800 54
176.9120 177.0080 53
177.3920 177.5840 52
177.7440 177.8080 55
177.8400 177.9360 54
177.9680 178.0320 52
178.2240 178.6080 52
180.1760 180.6560 52
180.6880 180.8160 54
180.8480 181.0080 56
181.1360 181.2640 57
181.4880 181.6480 54
181.6800 182.1600 52
182.6720 182.8000 52
182.8320 182.8960 50
182.9280 182.9920 49
183.1200 183.3120 49
183.3440 183.4080 50
183.6320 183.6640 57
183.6960 183.7920 58
183.8240 184.8160 57
184.8480 185.1040 59
185.1360 185.1680 60
185.2000 185.2640 61
185.4240 185.7120 61
185.8720 186.0320 57
186.2240 186.5120 57
186.5440 186.7040 52
186.8320 187.0240 54
187.0560 187.3120 57
187.3440 187.4720 59
187.5040 187.7280 61
187.8560 188.0480 64
188.0800 188.3360 62
188.3680 188.4960 61
188.5280 188.5600 59
188.5920 189.1680 57
189.2000 189.2320 55
189.2640 189.3280 52
189.3600 189.3920 53
189.4240 189.5840 54
190.2560 190.5120 49
190.5440 190.6080 50
190.7680 190.8960 54
190.9280 191.0560 56
191.0880 191.1520 57
191.1840 191.1840 59
191.2160 191.2160 61
191.2480 191.4080 64
191.4400 191.4720 65
191.5040 191.6320 66
191.6640 192.3360 64
192.4320 192.5280 65
192.5600 192.6240 64
192.6560 192.7520 61
192.9760 193.1040 61
193.1360 193.2320 59
193.4240 194.4800 59
194.5120 194.5760 60
194.7040 195.0560 64
195.0880 195.1520 63
195.1840 195.3120 61
195.3440 195.7920 59
195.8240 195.8560 60
195.8880 196.1760 61
196.4000 196.5600 64
196.5920 197.0720 61
197.1040 197.6160 59
197.6480 198.0640 61
198.0960 198.9280 64
198.9600 198.9920 63
199.0240 199.2800 61
199.3120 199.6320 59
199.7920 200.2080 61
200.2400 200.6880 59
200.7200 201.0080 61
201.0400 201.2320 59
201.2640 201.2640 57
201.2960 201.7760 54
201.9360 202.0320 60
202.0640 202.2560 59
202.5440 202.5440 59
202.5760 202.7040 63
202.7360 202.9280 64
202.9600 203.1520 61
203.1840 203.2160 60
203.2480 203.6320 59
203.6640 203.6960 60
203.7280 204.0160 61
204.0480 204.2400 62
204.2720 204.6240 59
204.6560 204.6880 60
204.7200 204.9120 61
205.0400 205.3600 59
205.3920 205.4560 62
205.4880 205.6800 61
205.7120 205.7120 57
205.7440 205.8400 54
206.0000 206.3200 54
206.3520 206.3840 53
206.5120 206.9280 54
206.9600 207.0880 57
207.1200 207.1520 58
207.1840 207.3440 59
207.4720 207.5680 61
207.6960 207.7920 59
207.8240 207.8560 58
207.8880 208.1760 57
208.2080 208.5280 59
208.5600 208.5920 57
208.6240 208.6880 56
208.7200 208.8480 60
208.8800 208.8800 58
208.9120 209.0400 56
209.2000 209.5520 64
209.6160 209.6480 64
209.7120 209.7440 58
209.7760 210.0640 57
210.0960 210.3840 58
210.4160 210.8000 64
210.8320 211.0240 61
211.0560 211.5680 59
211.6000 211.8880 61
211.9200 212.1120 57
212.1440 212.3360 63
212.3680 212.4960 60
212.5280 212.7840 61
212.8160 213.2960 59
213.3280 213.3600 60
213.3920 213.5520 61
213.5840 213.6800 62
213.7120 214.0640 64
214.2560 214.5760 62
214.8000 214.8960 62
215.0560 215.1840 67
215.2160 215.5360 68
215.5680 215.8880 69
215.9200 215.9200 66
216.0160 216.1440 66
216.1760 216.2080 67
216.2400 216.4320 68
216.4640 216.9440 64
216.9760 217.9040 59
218.0320 218.3200 57
218.5760 218.7360 64
218.7680 221.0400 66
221.0720 221.2000 65
221.2320 221.5200 62
221.6480 221.9680 62
222.0000 222.0320 66
222.0640 222.1600 67
222.1920 222.2240 65
222.2560 222.2560 63
222.2880 222.2880 61
222.3200 222.3200 59
222.5120 222.6080 59
222.6400 223.0560 61
223.0880 223.7920 59
224.9440 225.0720 59
225.1040 225.3920 61
225.4240 225.8720 62
225.9040 226.0320 60
226.0640 226.3200 61
226.3520 226.4160 62
226.8000 226.8960 60
226.9280 228.1440 57
228.1760 228.3680 58
228.4000 228.4320 56
228.4640 228.4960 54
228.5280 228.8800 53
229.8080 230.0000 58
230.4160 230.7360 52
230.8640 230.8960 53
230.9280 231.5680 54
232.0160 232.2720 56
233.6800 234.0320 64
234.0640 234.1600 63
237.8400 239.0880 66
239.1200 239.3760 64
239.4080 239.4720 65
239.5040 239.5360 68
239.5680 240.7840 69
240.8160 241.8400 68
242.0000 242.3200 64
242.3520 242.4160 63
242.4480 242.5760 61
242.6080 243.0240 59
243.0560 243.0880 60
243.1200 243.3760 61
243.6000 243.8240 64
244.3360 244.4640 61
244.5920 244.9120 59
244.9440 245.2640 61
245.2960 245.3280 62
245.3600 245.7120 64
245.8080 246.2240 64
246.2560 246.4480 61
246.4800 246.8320 59
247.0560 247.3440 61
247.3760 247.4080 60
247.4400 247.9200 59
247.9520 247.9840 60
248.0160 248.3040 61
248.3360 248.4640 59
248.4960 248.4960 57
248.5280 249.0720 54
249.3280 249.4560 57
249.8080 250.1920 64
250.2240 250.3840 61
250.4160 250.9280 59
250.9600 251.2160 61
251.4400 251.8560 59
251.8880 252.1120 61
252.2400 252.6240 59
252.7520 252.9120 61
252.9440 252.9440 58
252.9760 253.0400 55
253.2640 253.3600 54
253.7760 254.1280 54
254.1600 254.2560 56
254.2880 254.4160 57
254.4480 254.5440 59
254.6720 254.8320 61
254.8640 255.0880 59
255.1200 255.2800 57
255.4720 255.8880 59
255.9200 256.1440 61
256.4000 257.0720 64
257.6160 257.9680 64
258.0000 258.0640 63
258.0960 258.2240 61
258.2560 258.3520 58
258.3840 258.8000 59
258.8320 259.0880 61
259.3120 259.5040 64
259.5360 259.5680 63
259.6960 260.0800 61
260.1120 260.4960 59
260.6240 260.8800 61
261.0400 261.1680 65
261.2000 261.2320 64
261.6160 261.9040 56
261.9360 262.0640 57
262.3200 262.5120 66
262.5440 262.7680 68
262.8000 263.2800 69
263.3120 263.5040 67
263.5360 264.0800 64
264.1120 264.1440 63
264.1760 265.1040 59
265.1360 265.2320 61
265.2640 265.2960 59
265.3280 265.4880 57
265.7120 265.9040 64
265.9360 265.9680 65
266.0000 268.4640 66
268.4960 268.6240 67
269.9040 269.9360 59
269.9680 270.1920 60
270.2240 270.6080 59
270.6400 270.8320 60
271.1200 271.1520 63
271.1840 271.8240 64
272.2080 272.2400 59
272.2720 272.3360 60
272.3680 272.5920 61
272.6240 273.3600 62
274.3840 274.5120 59
274.5440 276.0800 57
276.2720 277.4240 52
277.9360 278.0000 58
278.0320 278.9600 59
279.1200 280.4640 57
280.9760 281.3280 57
281.3600 281.3920 56
281.4240 281.4560 55
281.9040 285.6800 54
286.3520 286.3840 67
286.4160 286.7360 68
286.8640 290.0000 68
290.0320 290.1280 69
290.2880 290.4160 68
290.5760 291.5360 71
295.3440 295.4400 58
295.7280 296.0160 56
299.4720 299.6320 57
299.6640 299.7600 58
299.7920 299.8240 57
299.9840 300.0800 55
300.1760 300.2720 57
305.1040 305.1040 57
305.9040 305.9360 57
305.9680 306.0320 58
306.0640 306.1600 60
306.1920 306.1920 57
306.2240 306.4160 55
306.4480 306.5120 57
306.5440 306.7360 56
306.7680 306.9280 57
306.9600 307.0240 56
307.1520 307.1840 55
307.2160 307.3440 56
307.4720 307.6320 57
309.3600 309.4560 58
309.4880 309.5200 57
309.6480 309.6800 55
309.7120 309.8080 56
309.8400 310.0320 55
310.0640 310.5120 56
310.5440 310.6400 57
311.5360 311.6000 59
311.6320 311.7280 57
311.9200 312.0480 56
312.1440 312.3360 57
313.2640 313.3600 56
314.8320 314.9280 55
318.6720 318.7360 57
318.7680 318.8640 56
319.3440 319.4400 59
320.1760 320.4000 59
320.4320 320.5280 56
320.5600 320.6880 57
320.7200 320.7840 56
321.0400 321.1680 58
321.2000 321.2640 59
321.5520 321.7120 58
321.7440 321.8400 55
322.0960 322.2240 55
322.2560 322.3520 57
322.3840 322.4160 56
322.4480 322.5760 55
322.6080 322.7040 57
322.7360 322.8640 56
322.9920 323.1200 57
323.8240 323.9200 61
323.9520 323.9840 60
324.0480 324.0480 57
324.0800 324.0800 55
324.1760 324.1760 55
324.3040 324.4320 59
324.4640 324.5280 55
324.5600 324.6880 53
324.7520 324.7840 55
324.8160 324.9120 59
326.1600 326.2560 50
326.2880 326.3200 49
326.3520 326.3840 48
327.6000 327.6640 47
328.0800 328.2400 47
332.6880 332.7520 58
332.7840 332.8800 57
333.4240 333.4560 56
335.6960 335.8880 60
335.9200 335.9200 58
335.9520 336.1120 55
338.6080 338.7040 57
339.2800 339.3440 54
339.3760 339.4400 56
