4.0160 4.1760 53
4.2080 4.2400 54
4.2720 4.4000 55
4.5280 4.6560 55
4.6880 4.7200 56
4.7520 4.9120 57
5.1040 5.2320 59
5.2640 5.5200 60
5.6480 5.8400 60
6.1920 6.6080 53
6.7680 6.8320 52
7.3440 7.5040 59
7.5360 8.0800 60
8.4320 8.6880 53
8.7200 8.8480 52
8.9760 9.2640 53
9.5520 9.6800 55
9.7120 9.9360 57
10.1280 10.2560 57
10.6720 11.0880 53
11.2160 11.5680 52
11.7600 11.9840 55
12.0160 12.1120 57
12.3040 12.6240 57
13.1360 13.2640 48
13.4240 13.5200 48
13.5520 13.9680 50
14.2560 14.4160 53
14.5440 14.9280 52
15.3760 15.4400 50
15.6640 15.9200 48
16.2080 16.3040 52
16.4640 17.1680 53
17.6160 17.8080 57
17.8400 18.0960 58
18.1280 18.3200 57
18.4480 18.5120 55
18.7360 19.0560 53
19.2160 19.3760 50
19.5680 19.7280 53
19.7600 20.2720 55
21.7440 22.0000 53
22.0320 22.1920 55
22.3200 22.4800 55
22.5120 22.9920 57
23.0240 23.2800 60
23.4400 23.6320 60
23.9200 24.4000 53
24.5600 24.8480 52
25.1040 25.2640 59
25.2960 25.5200 60
25.6480 25.8720 60
26.2880 26.4480 62
26.4800 26.6080 64
26.6400 26.9280 62
26.9600 27.2480 64
27.2800 27.6000 65
27.8560 27.9840 65
28.1440 28.2400 57
28.4320 28.6560 57
28.6880 28.6880 61
28.7200 29.0720 64
29.1040 29.4880 62
29.5200 30.4480 60
30.8960 31.2800 60
31.3120 31.8880 62
32.0160 32.1760 56
32.3040 32.5280 55
33.1360 33.5200 58
33.7440 34.0960 60
34.2880 34.3520 55
34.5440 34.9600 53
35.4080 36.3360 57
36.4960 36.9120 57
37.0400 37.2000 57
37.2320 37.4240 53
37.6160 37.7440 60
37.7760 37.8720 62
37.9040 38.6720 60
38.7040 38.7680 59
39.2800 39.4400 60
39.4720 39.6000 61
39.8560 39.9840 63
40.0160 40.2400 65
40.4000 40.7520 60
40.9440 41.0720 57
41.2320 41.3600 55
41.3920 41.4880 57
41.5200 41.9680 55
42.0000 42.4160 53
42.6080 42.9600 55
43.1840 43.2800 58
43.3120 43.9200 60
44.2720 44.3680 63
44.4000 44.6560 65
44.8160 44.9440 60
45.0720 45.2960 60
45.3280 45.4880 57
45.6480 45.7760 55
45.8080 45.9360 57
45.9680 46.0640 55
46.1920 46.4800 55
46.5120 46.6400 53
46.8000 46.8960 54
47.0240 47.1200 55
47.3760 47.5680 55
47.6000 47.6640 56
47.6960 48.3360 57
48.7200 48.8480 60
49.0080 49.0400 60
49.0720 49.4880 62
49.5200 50.6400 64
50.6720 50.8000 65
50.9280 51.0880 62
51.1200 51.7280 60
51.7600 51.9200 64
52.0480 52.4320 65
52.5920 52.8480 65
53.4240 53.6480 58
53.6800 53.8720 57
53.9040 54.1920 58
54.2240 54.4800 57
54.5120 54.6080 58
54.8320 55.0240 58
55.0560 55.2480 60
55.3760 56.6880 60
57.0400 57.2320 60
57.2640 57.2960 61
57.3280 57.5520 62
57.5840 57.7120 63
57.7440 58.0640 65
58.0960 58.4800 60
58.7040 58.8960 57
58.9280 59.0880 55
59.1200 59.2160 57
59.2480 59.7600 55
59.7920 60.0480 53
60.0800 60.6560 55
60.9120 60.9760 58
61.2320 61.6800 60
62.0320 62.2560 60
62.2880 62.4480 64
62.6080 63.1200 65
63.1520 63.5680 67
63.6000 63.7280 69
63.8880 65.2960 60
65.9360 66.0000 57
66.1920 66.6400 60
66.6720 66.9920 62
67.0240 67.2480 64
67.2800 67.4720 65
67.6000 68.1760 64
68.7200 68.8800 62
68.9120 69.0720 60
69.2640 69.3920 60
69.5520 69.6480 67
69.8080 70.4160 65
70.9600 71.1520 57
71.1840 71.3760 58
71.5040 71.7600 57
71.7920 71.9520 58
72.1120 72.3040 57
72.3360 72.5280 58
72.5600 72.8160 57
73.1680 73.2640 57
73.2960 73.6160 58
73.7440 73.9360 60
73.9680 74.5760 55
74.8000 75.1840 53
75.4080 75.9200 53
88.1760 88.4000 59
88.7200 88.9440 56
89.0720 89.1360 56
92.8480 93.1680 53
93.2000 93.5520 55
93.5840 93.9680 57
94.0000 94.1600 58
94.1920 94.7680 60
95.0880 95.5360 53
95.6640 95.8560 52
96.2080 96.3680 58
96.4000 96.6240 60
96.7520 96.9440 60
97.3600 98.0640 62
98.0960 98.3840 64
98.4160 98.7360 65
98.9600 99.1200 65
99.2480 99.3440 57
99.5040 99.7280 57
99.7600 99.7920 62
99.8240 100.2720 64
100.3040 100.5920 62
100.6240 100.8160 60
100.9440 101.6160 60
102.0000 102.4160 60
102.4480 103.0240 62
103.1840 103.3120 56
103.4720 103.6320 55
104.2720 104.6240 58
104.8480 105.2000 60
105.3920 105.4560 55
105.6480 106.0000 53
106.5120 107.4400 58
107.6000 108.0480 57
108.1760 108.3360 57
108.3680 108.5280 53
108.6880 108.8160 60
108.8480 108.9760 62
109.0080 109.9360 60
110.3520 110.6400 60
110.9280 111.0560 63
111.0880 111.3120 65
111.4720 111.8240 60
112.0160 112.1760 57
112.3360 113.1040 55
113.1360 113.3920 53
113.4240 113.5200 54
113.7120 114.0640 55
114.2880 114.3840 58
114.4160 115.0240 60
115.3760 115.4720 63
115.5040 115.8240 65
115.8560 115.8880 63
115.9200 116.0480 60
116.1760 116.4000 60
116.4320 116.6240 57
116.7520 117.1680 56
117.2960 117.5520 55
117.5840 117.9680 53
118.1600 118.6720 55
118.8320 119.4720 57
119.8240 119.9520 60
120.1120 120.6240 62
120.6560 121.7120 64
122.0640 122.1920 62
122.3200 122.8320 60
122.8640 123.0240 64
123.1520 123.5360 65
123.7280 123.8880 65
124.5600 124.7520 58
124.7840 124.9760 57
125.0080 125.2960 58
125.3280 125.5840 57
125.6160 125.7120 58
125.9680 126.1280 58
126.1600 127.8880 60
128.1440 128.3360 60
128.3680 128.4000 61
128.4320 128.6880 62
128.7200 128.8480 63
128.8800 129.1360 65
129.2640 129.6160 60
129.8080 130.0320 57
130.0640 130.1920 55
130.2240 130.2880 57
130.3200 130.5760 55
131.1200 131.8240 55
132.0160 132.1120 58
132.3360 132.8160 60
133.1360 133.3600 60
133.3920 133.5840 63
133.7120 134.2240 65
134.2560 134.6720 67
134.7040 134.8320 69
134.9920 135.1200 60
135.1520 135.2160 62
135.3440 135.4720 60
135.5040 135.6000 62
135.6320 136.4000 60
137.0400 137.1360 57
137.2960 137.7440 60
137.7760 138.0960 62
138.1280 138.3520 64
138.3840 138.5760 65
138.7040 138.7680 65
138.8000 138.8960 63
138.9280 139.2800 64
139.5360 139.6000 62
139.8240 140.0160 62
140.0480 140.0800 60
140.1120 140.2400 57
140.3680 140.4640 60
140.6560 140.7520 66
140.9120 141.5200 65
142.0640 142.4800 58
142.6080 142.7680 57
142.9280 143.0560 58
143.2160 143.9840 57
144.0160 144.1760 55
144.2080 144.2720 56
144.3040 144.4000 57
144.4320 144.7200 58
144.8480 145.0400 60
145.0720 145.6480 55
145.9680 146.2560 53
146.5440 146.8320 53
148.1440 148.3040 60
148.6880 148.8160 63
148.8480 149.0720 65
149.2640 149.5840 60
149.8080 150.1920 57
150.3520 150.7360 55
150.9280 151.1200 53
151.1520 151.2800 55
151.5040 151.8560 55
152.0480 152.1440 58
152.1760 152.7520 60
153.2320 153.2320 63
153.2640 153.5200 65
153.7120 153.8400 60
153.9680 154.1920 60
154.2240 154.3520 57
154.5440 154.9600 55
155.0880 155.3440 55
155.3760 155.5040 53
155.7920 156.6240 55
156.6560 157.2960 57
157.6160 157.7440 60
157.9040 157.9680 60
158.0000 158.3840 62
158.4160 159.5360 64
159.8240 159.9200 62
160.0800 160.5920 60
160.6240 160.8160 64
160.9440 161.0720 65
161.1040 161.1680 67
161.2000 161.3280 65
161.4880 161.7440 65
162.3200 162.5440 58
162.5760 162.7040 57
162.8960 163.1200 58
163.1520 163.4080 57
163.7280 164.1120 65
164.1440 164.1440 63
164.2720 164.5280 65
164.5600 165.6480 67
165.9360 166.1920 60
166.2240 166.4480 62
166.4800 166.6080 63
166.6400 166.8640 65
167.0240 167.2800 60
167.8560 167.8880 55
167.9200 168.0480 57
168.1760 168.2400 55
168.4320 168.5920 55
168.9760 169.1360 53
169.1680 169.5840 55
170.0960 170.5440 60
170.9280 171.1840 60
171.2160 171.3760 65
171.5040 172.0160 65
172.0480 172.4960 67
172.5280 172.6560 69
172.7840 173.2640 60
173.2960 173.3600 62
173.3920 174.1280 60
174.1600 174.2240 59
175.0880 175.5360 60
175.5680 175.8880 62
175.9200 176.1440 64
176.1760 176.3680 65
176.4000 176.4640 68
176.4960 176.5280 65
176.5600 176.6880 63
176.7200 177.0720 64
177.1040 177.1040 62
177.3280 177.3920 62
177.6160 177.7760 62
177.8080 178.2880 60
178.4160 178.8640 67
178.8960 179.1200 69
179.1520 179.2160 67
179.2480 179.5360 65
180.0480 180.2720 58
180.3040 180.5600 57
180.6880 180.8160 58
180.9760 181.1360 57
181.1680 181.4240 58
181.4560 181.7440 57
182.0320 182.2560 57
182.2880 182.6080 58
182.6400 182.8000 60
182.8320 182.8320 58
182.8640 182.9920 55
183.0240 183.0560 56
183.0880 183.2160 57
183.2480 183.3760 55
183.7280 184.1120 53
184.3360 184.8800 53
