38.4480 38.5120 61
38.5440 38.6080 63
38.6400 38.6720 64
38.7040 38.9600 65
38.9920 39.0240 63
39.0560 39.3440 62
39.3760 39.4720 61
39.6000 40.0480 58
40.0800 40.1760 57
40.2080 40.2080 60
40.2400 40.2400 62
40.2720 40.3360 64
40.5280 40.6560 62
40.8160 40.9760 58
41.0080 41.0720 59
41.1040 41.1360 62
41.1680 41.2960 63
41.3280 41.7120 65
42.2560 42.3200 62
42.3520 42.4800 63
42.5120 42.6720 64
42.8320 42.9280 62
43.4400 43.6000 63
43.6320 43.9200 65
43.9520 44.1120 63
44.1440 44.3360 62
44.5920 44.7200 60
44.7520 44.9760 59
45.0080 45.2320 60
47.7600 47.9520 62
47.9840 48.1760 65
48.2080 48.2400 63
48.2720 48.3680 62
48.4000 48.4320 61
48.5920 49.0400 58
49.1680 49.2000 62
49.2320 49.3920 63
49.4240 49.6800 65
49.7120 49.8720 63
49.9040 49.9040 61
49.9360 50.2240 58
50.3520 50.6080 63
50.6400 50.9280 65
51.3440 51.4080 62
51.5360 51.5680 62
51.6000 51.7280 63
51.7600 52.0160 65
52.0480 52.2400 63
52.3680 52.6240 57
52.6560 52.7200 62
52.7520 52.8800 63
52.9120 53.0720 65
53.1040 53.1360 64
53.2640 53.3600 62
53.3920 53.7440 63
53.8720 53.9040 59
53.9360 54.0320 60
54.1600 54.2240 59
54.2560 54.8960 60
55.0560 55.2800 61
55.6960 55.7600 59
55.7920 56.1120 60
56.2720 56.4000 60
56.4320 56.5600 61
57.0400 57.0720 61
57.1040 57.2640 63
57.2960 57.4880 65
57.6480 57.8400 62
57.8720 58.2240 57
58.7680 58.8320 62
58.8640 58.9280 64
59.0880 59.2480 62
59.4080 59.4720 56
59.6960 59.9200 63
59.9520 60.2400 65
61.1360 61.5840 63
61.6160 61.8080 57
62.0000 62.6080 63
62.6400 62.7680 62
62.8000 62.8320 61
62.8640 63.6640 60
66.2560 66.2880 56
66.3200 66.3200 58
66.3520 66.5440 63
66.5760 66.7360 65
66.9280 67.0880 63
67.1200 67.3760 57
67.4080 67.6640 58
68.0160 68.0480 60
68.0800 68.1120 63
68.1440 68.2080 64
68.3680 68.5280 62
68.7200 68.7840 56
68.9120 68.9440 62
68.9760 69.1680 63
69.2000 69.5520 65
69.7760 70.0320 58
70.0640 70.1600 65
70.3840 70.6080 65
70.6400 71.2160 68
71.2480 71.7280 65
71.7600 72.3040 63
72.3360 72.9120 60
72.9440 73.2320 59
73.2640 73.2960 60
73.3280 73.6480 61
73.6800 73.8400 60
74.1920 74.2880 59
74.3200 74.6080 60
74.6400 74.9600 58
75.6640 75.7600 56
75.7920 76.0480 58
76.0800 76.1440 57
76.2720 76.5600 58
76.5920 76.6560 61
76.8480 76.9760 65
77.1360 77.2960 68
77.4560 77.5520 67
77.7120 77.9680 63
78.0000 78.2240 65
78.2560 78.6080 63
78.8640 79.0240 59
79.2160 79.3440 60
79.4720 79.6320 60
79.7600 80.3040 58
80.3360 80.3680 62
80.4000 80.7520 65
80.7840 81.1360 63
81.1680 81.3920 65
81.7760 81.9040 65
81.9360 82.2880 63
82.3200 82.4800 65
82.6400 82.8640 63
82.8960 83.2160 65
83.5040 83.6640 60
83.8240 84.4640 60
84.5920 85.0720 61
85.2960 85.7120 61
85.7440 86.0640 63
86.0960 86.2240 65
86.2560 86.2560 63
86.3840 86.7680 60
87.2800 87.3760 58
87.6000 87.8240 61
87.8560 88.0160 60
88.1440 90.5120 60
91.9840 92.0480 57
92.2400 92.3680 60
92.5600 92.6880 60
92.8480 92.9440 59
92.9760 93.1360 60
93.1680 93.5200 61
93.5520 93.7120 60
93.8720 93.9680 60
98.4160 98.6080 59
98.6400 99.4720 60
100.0160 100.7520 60
102.4480 102.9920 60
103.0240 103.6320 61
103.6640 103.8560 60
107.0560 107.2800 59
140.8800 140.9440 62
140.9760 141.0720 63
141.1040 141.4240 65
141.4560 141.5520 63
141.5840 141.8080 62
141.8400 141.9040 61
142.0640 142.5120 58
142.6400 142.6400 59
142.6720 142.8000 64
142.9600 143.0560 63
143.2800 143.3760 59
143.5040 143.6960 63
143.7280 144.0800 65
144.6240 144.7520 63
144.7840 144.8480 64
144.8800 145.0720 65
145.2320 145.3600 63
145.8720 145.9360 62
145.9680 146.0320 63
146.0640 146.3520 65
146.3840 146.6080 63
146.6400 146.8000 62
147.0240 147.5680 59
150.2880 150.4480 63
150.4800 150.7040 65
150.8640 151.0240 61
151.1840 151.6640 58
151.6960 151.8560 63
151.8880 152.2720 65
152.3040 152.4000 63
152.4320 152.4320 61
152.4640 152.7200 58
152.8480 153.0720 63
153.1040 153.4560 65
153.9040 154.1920 63
154.2240 154.4480 65
154.4800 154.5760 63
154.6080 154.7360 62
154.7680 154.8000 60
155.1200 155.2160 62
155.2480 155.3440 63
155.3760 155.6000 65
155.7280 155.8880 63
155.9200 156.0160 62
156.0480 156.6240 60
157.2000 157.2640 59
157.2960 157.4560 60
157.4880 157.9040 61
158.0640 158.2560 61
158.2880 158.6080 60
158.6400 158.9600 61
159.4720 159.5040 60
159.5360 159.6000 62
159.6320 159.6960 63
159.7280 159.9520 65
160.1440 160.3040 62
160.3360 160.6880 58
161.2320 161.2960 62
161.3280 161.4240 65
161.5840 161.7760 63
161.8080 161.9360 67
162.1600 162.3840 63
162.4160 162.6720 65
163.5680 164.0160 63
164.0480 164.0480 59
164.0800 164.2400 56
164.4640 165.1360 63
165.1680 165.2960 62
165.3280 165.4560 60
165.6160 166.3520 60
168.7840 168.7840 60
168.8160 169.0400 63
169.0720 169.2320 65
169.4560 169.5200 63
169.5520 169.6160 62
169.6480 169.8720 57
169.9040 170.0320 58
170.5440 170.5440 60
170.5760 170.7360 64
170.8640 171.0240 62
171.3760 171.6640 62
171.6960 172.0160 65
172.5600 172.6880 65
172.8480 173.0720 65
173.1040 173.6480 68
173.6800 173.9040 65
174.0320 174.2240 65
174.2560 174.6400 63
174.6720 174.8000 62
174.8320 175.0880 60
175.1200 175.6960 59
175.7280 176.3360 60
176.6560 176.6880 57
176.7200 176.8800 59
177.0080 177.2640 60
177.4240 177.4880 60
177.8720 177.9040 59
177.9360 178.0000 61
178.1600 178.4160 61
178.4480 178.6080 62
178.6400 179.4400 61
179.6000 179.9840 68
180.0160 180.0480 67
180.1760 180.3360 63
180.4640 180.6560 65
180.6880 180.9760 63
181.3280 181.3920 58
181.4240 181.5200 60
181.6480 181.8080 60
181.9360 182.0960 61
182.1280 182.3840 58
182.5120 182.6080 61
182.8000 182.9600 65
183.0880 183.8560 65
184.2080 184.4640 65
184.4960 184.7840 63
184.8160 184.9760 65
185.1360 185.3600 63
185.3920 185.6800 65
186.0000 186.1280 59
186.3200 186.8960 60
187.4720 188.1760 61
188.3680 188.6240 63
188.6560 188.8160 65
189.0080 189.1680 60
189.7760 189.8400 56
190.1280 190.3520 61
190.3840 192.3040 60
194.4800 194.5760 56
194.8000 194.8960 60
195.1200 195.2480 60
195.4080 195.6000 59
195.6320 196.6240 61
204.6880 204.7840 59
204.8160 205.4560 60
205.4880 206.0320 61
206.1600 206.5120 61
206.7040 206.8000 61
207.0560 207.4400 68
207.6320 207.7920 68
207.8240 207.9520 67
208.1760 208.4320 63
208.4640 208.7200 65
208.7520 209.0080 63
209.2960 209.4560 59
209.6480 209.7760 60
209.9040 210.0640 60
210.1920 210.7680 58
210.8000 210.8640 62
210.8960 211.2480 65
211.2800 211.5680 63
211.6000 211.8240 65
212.2400 212.7520 63
212.7840 212.9440 65
213.1040 213.3600 63
213.3920 213.6480 65
214.0000 214.1600 59
214.3200 215.1840 60
215.4400 215.5360 57
215.5680 215.6320 60
215.8560 216.3360 61
216.3680 216.6240 63
216.6560 216.8160 65
217.0080 217.3920 60
217.8720 217.9680 58
218.1600 218.4160 61
218.4480 218.5760 60
218.7360 220.5920 60
222.5760 222.6400 58
222.8000 222.9280 59
223.1520 223.2800 60
223.4720 225.2640 61
234.0640 234.2880 67
234.3200 234.5440 70
234.5760 235.0560 65
235.1840 235.3440 68
235.5040 235.6640 68
235.6960 235.8240 70
235.8560 235.9520 67
236.1440 236.5280 65
236.5600 236.8480 63
236.8800 238.4480 65
243.3440 243.4080 66
243.4400 243.8880 69
243.9200 244.5280 65
244.5600 244.7520 68
244.8800 245.3600 68
245.5200 245.9680 65
246.0000 246.2560 63
246.2880 247.4400 65
252.7520 252.9120 68
252.9440 253.0720 70
253.1040 253.1680 69
253.2000 253.2320 67
253.2640 253.8720 65
253.9040 254.4160 68
254.4480 254.5760 70
254.6080 254.6720 67
254.8640 255.3120 65
255.3440 255.6000 63
255.6320 256.7840 65
