35.8240 36.4000 53
36.4320 36.6240 54
36.6560 36.7840 55
36.8160 37.3600 56
38.5760 38.6080 55
38.6400 38.7360 56
38.7680 38.8320 55
38.8640 39.3760 54
39.4080 39.4400 53
39.6320 39.7600 53
39.9520 40.1120 52
40.1440 40.4320 53
40.8160 40.8800 53
40.9120 41.0080 52
41.0400 41.1680 51
41.2000 41.3920 50
42.4160 42.6400 49
42.6720 42.7680 50
43.0880 43.3120 51
43.3440 43.5040 50
43.5360 43.6640 49
44.7840 45.0080 49
45.0400 45.2320 50
45.2640 45.6160 51
45.6480 45.9360 52
45.9680 46.0960 51
46.1280 46.4800 52
48.4320 48.5600 53
48.7520 49.1040 53
49.1360 49.2640 54
49.2960 49.4240 55
49.4560 50.0320 56
51.1520 51.1840 60
51.2160 51.3760 61
51.5040 51.7600 60
51.7920 51.9520 59
51.9840 52.0160 60
52.0480 52.2080 61
52.2400 52.4320 60
52.4640 52.6560 59
52.6880 53.0400 61
53.3280 53.6160 59
53.6480 53.8400 60
53.8720 53.9040 59
53.9360 54.1920 58
55.2160 55.3760 57
55.4080 55.6960 56
55.7280 55.8240 55
55.8560 55.8880 54
56.2720 56.5920 50
56.6240 56.7520 51
56.7840 56.9440 52
56.9760 57.2320 51
57.2640 57.3600 52
57.3920 57.6160 51
57.6480 57.7120 50
57.8080 58.3520 49
59.8880 60.1120 50
60.1440 60.2720 51
60.4000 60.9760 53
61.7760 62.0320 51
62.1600 62.2240 51
62.2560 62.2880 52
62.3200 62.5120 53
62.5440 62.7680 54
62.8000 62.8640 53
62.8960 63.2480 52
63.2800 63.8880 51
64.0480 65.0400 49
66.8960 66.9920 56
67.0240 67.2160 57
67.2480 67.7920 56
67.8240 67.9840 58
68.0160 68.4960 56
68.5280 68.5600 57
68.5920 68.7200 58
68.8480 68.9760 61
69.0080 69.1040 60
69.2640 69.6480 58
69.6800 69.7440 61
69.7760 69.8080 62
69.8400 70.7680 63
71.1840 71.2800 63
71.3120 71.4720 65
71.6000 71.6960 63
71.7280 71.7920 62
71.8240 72.2400 61
72.4320 72.6560 60
72.8160 74.0000 61
74.3840 74.6080 61
74.8640 75.1520 60
75.1840 75.5040 61
75.5360 75.6640 63
75.6960 75.7280 62
75.7600 76.1440 61
76.2720 76.4320 64
76.4640 77.1680 65
77.4560 77.4880 62
77.5200 77.6160 63
77.6480 77.7760 65
77.8080 77.8720 64
77.9040 77.9680 63
78.0000 78.0640 62
78.0960 78.1920 61
78.3520 78.5760 61
78.7040 78.8000 63
78.8320 78.9280 62
78.9600 80.0160 61
80.2400 80.3360 59
80.3680 80.4000 60
80.4320 80.6880 61
80.7200 80.8480 59
80.8800 81.1360 60
81.1680 81.2640 59
81.5520 81.6800 56
81.7120 81.8400 55
82.0640 82.1280 53
82.3200 82.5760 54
82.7040 83.1200 54
83.5040 83.6320 52
83.6640 84.8160 53
85.4560 85.5200 54
85.5520 85.9680 56
86.0000 86.7360 57
87.1520 87.6320 57
87.8240 87.9520 65
87.9840 88.1120 66
88.2400 88.2720 63
88.3040 88.3360 64
88.3680 88.5280 65
88.6880 88.8160 63
88.9440 89.0080 64
89.0400 89.1680 63
89.2000 89.2320 62
89.2640 90.2240 61
90.2560 90.3200 60
90.3520 90.4800 59
91.6000 91.6640 60
91.6960 91.7280 61
91.7600 91.8880 63
91.9200 91.9520 64
91.9840 92.0480 65
92.1760 92.2080 65
92.2400 92.4640 67
92.4960 92.6240 64
92.6560 92.8480 65
92.8800 93.0400 63
93.0720 93.1040 62
93.1360 93.3600 61
93.7440 93.8080 67
93.8400 93.9680 70
94.0000 94.0320 69
94.1600 94.1920 63
94.2240 94.2560 64
94.2880 94.4480 65
94.4800 94.5760 64
94.6080 94.6400 63
94.6720 94.7040 62
94.7360 94.8640 61
94.9920 95.2800 61
95.3120 95.3440 62
95.3760 96.0800 63
96.4960 96.5600 63
96.5920 96.6240 64
96.6560 96.7840 65
96.9120 97.0080 63
97.0400 97.1040 62
97.1360 97.5520 61
97.6800 97.9680 62
98.1280 99.2800 61
99.6640 99.8560 61
100.0480 100.6560 61
100.6880 100.8160 62
100.8480 100.9440 63
100.9760 101.0080 62
101.0400 101.4880 61
101.6160 101.7760 64
101.8080 102.4160 65
102.8000 102.8960 64
102.9280 103.0560 65
103.2160 103.4080 62
103.4400 103.8240 61
104.0480 104.1120 59
104.1440 104.3680 60
104.4000 105.0080 61
105.0400 105.2000 60
105.5840 105.6160 59
105.6480 105.6800 60
105.7120 105.8080 61
105.9680 106.0960 59
106.1280 106.3200 60
106.3520 106.4160 59
106.4480 106.5760 57
106.6080 106.9280 56
106.9600 107.0240 55
107.0560 107.0880 54
107.5680 108.1120 54
108.2400 108.3360 54
108.3680 108.4320 55
108.5920 110.0640 56
110.0960 110.2240 55
110.7040 110.7680 55
110.8000 111.3120 56
111.3440 111.8880 57
112.2720 112.8480 57
112.8800 112.9760 58
113.0080 113.0080 60
113.0400 113.0400 62
113.0720 113.1680 65
113.2000 113.3280 66
113.4880 113.5840 64
113.6160 113.8080 65
113.8400 114.0000 63
114.1920 114.2880 64
114.3200 114.4800 63
114.5120 114.5760 62
114.6080 115.4400 61
115.4720 115.6320 60
116.8480 116.9120 61
116.9440 117.0080 62
117.0400 117.1040 63
117.2320 117.4560 65
117.4880 117.5200 67
117.5520 117.6800 68
117.7120 117.7760 67
117.8080 117.8720 65
117.9040 117.9360 64
118.0640 118.1280 64
118.1600 118.3200 63
118.4480 118.6400 61
119.0240 119.0560 69
119.0880 119.2800 70
119.3120 119.3760 67
119.4080 119.6640 65
119.7920 119.8880 65
119.9200 119.9520 63
119.9840 120.0480 62
120.0800 120.3360 61
120.3680 120.4320 62
120.6240 120.7200 64
120.7520 121.2320 65
121.2640 121.7120 63
121.7440 122.0000 65
122.6720 123.0880 61
123.1200 123.3760 60
123.6000 123.6960 63
123.7280 123.9200 62
123.9520 126.3520 61
128.0160 128.0800 61
132.5280 132.6240 62
134.1600 135.2480 61
135.4080 135.5040 59
136.9120 137.4560 53
137.4880 137.7120 54
137.7440 137.8080 55
137.8400 138.2880 56
139.6320 139.6960 55
139.7280 139.8240 56
139.8560 139.9200 55
139.9520 140.6240 54
140.6560 140.7840 53
140.9440 141.1680 52
141.2000 141.9680 53
142.0000 142.0320 52
142.0640 142.2240 51
142.2560 142.5440 50
143.4080 143.7920 49
144.1440 144.4960 50
144.5280 144.7520 49
145.8400 146.0320 49
146.0640 146.2240 50
146.2560 146.6400 51
146.6720 146.7360 52
146.7680 146.8640 53
146.8960 147.1520 52
147.1840 148.0160 53
149.3920 149.4560 51
149.4880 149.5840 52
149.7760 150.0640 53
150.0960 150.2560 54
150.2880 150.4160 55
150.4480 151.0240 56
152.2080 152.2400 60
152.2720 152.4000 61
152.5280 152.7840 60
152.8160 152.8480 59
152.9760 153.5200 60
153.6480 153.7120 59
153.7440 154.4480 61
154.4800 154.8640 60
154.8960 155.3440 58
156.1120 156.7520 56
156.7840 156.8480 55
157.2960 158.6080 51
158.7360 158.8640 50
158.8960 159.4080 49
160.9120 160.9760 49
161.0080 161.1680 50
161.2000 161.4560 51
161.4880 162.2560 53
162.8320 162.9600 52
162.9920 163.1200 51
163.2800 163.3120 52
163.3440 163.4720 53
163.6000 163.9520 54
163.9840 164.2720 55
164.3040 164.3040 53
164.4960 164.8160 53
164.8480 164.9120 52
164.9440 164.9760 51
165.1040 165.1680 50
165.2000 165.8720 49
165.9040 166.0000 50
166.0320 166.1280 51
166.1600 166.5120 52
167.9840 168.0480 57
168.0800 168.2080 58
168.2400 168.2720 57
168.3040 168.6240 56
168.8160 168.8480 57
168.8800 169.0400 58
169.0720 169.1040 57
169.1360 169.5520 56
169.5840 169.8720 58
169.9040 170.1280 61
170.6720 171.7600 63
171.7920 171.8560 62
172.2400 172.3360 63
172.3680 172.5280 65
172.5600 172.7200 63
172.7520 172.8160 62
172.8480 173.2640 61
173.4240 173.4560 59
173.4880 173.7120 60
173.9040 174.8640 61
175.4400 175.6960 61
175.8240 176.1440 60
176.1760 177.1680 61
177.2960 177.4240 63
177.4560 178.0960 65
178.1280 178.2560 64
178.2880 178.3200 63
178.5440 178.6720 63
178.7040 178.8640 65
178.8960 179.0560 63
179.0880 179.6000 61
179.7600 179.8560 63
179.8880 180.8160 61
181.2960 181.3920 59
181.4240 181.4560 60
181.4880 181.6160 61
181.6480 181.6800 60
181.7120 181.8400 59
181.8720 182.2240 60
182.5120 182.7360 56
182.7680 182.8320 54
182.9600 183.1520 52
183.3120 183.6000 54
183.7280 184.0480 54
184.0800 184.3360 55
184.4960 184.6560 52
184.6880 185.9040 53
186.4800 187.0560 56
187.0880 187.6640 57
188.0800 188.6560 57
188.8480 188.9440 65
188.9760 189.1360 66
189.2640 189.3920 64
189.4240 189.5520 65
189.7120 189.8080 63
189.9360 190.0000 64
190.0320 190.1280 63
190.1600 191.2160 61
191.2480 191.4400 59
192.6240 192.7840 61
192.8160 192.9760 63
193.0080 193.0720 65
193.2000 193.2320 65
193.2640 193.4880 68
193.5200 193.9040 65
193.9360 194.1920 63
194.2240 194.3200 61
194.5760 194.7680 66
194.8000 195.0560 70
195.1840 195.6000 65
195.6320 195.6640 63
195.6960 195.8560 62
195.9840 196.3680 62
196.4000 197.2320 63
197.4880 197.5200 63
197.5520 197.6160 64
197.6480 197.7440 65
197.9040 198.0000 63
198.0320 198.2240 62
198.2560 198.4480 61
198.4800 198.9920 62
199.1840 200.3680 61
200.7200 200.9120 61
201.1040 201.2640 62
201.2960 201.7760 61
201.8080 202.0320 62
202.0640 202.1600 61
202.2880 202.5120 61
202.6400 202.6720 63
202.7040 202.7680 64
202.8000 203.6320 65
203.8560 203.9520 64
203.9840 204.1120 65
204.2720 204.4640 62
204.4960 204.7840 61
204.8160 204.8800 63
205.0720 205.1360 59
205.1680 205.4240 60
205.4560 206.0320 61
206.0640 206.2240 60
206.6400 206.8640 61
206.9920 207.1520 59
207.1840 207.3760 60
207.4080 207.4720 59
207.5040 207.5680 57
207.6000 208.0480 56
208.2400 208.4000 51
208.6240 209.1360 54
209.2640 209.3600 56
209.3920 209.8400 57
209.8720 210.0960 58
210.1280 210.9920 56
211.0240 211.2800 55
211.7280 211.7920 55
211.8240 212.2720 56
212.3040 212.9120 57
213.2960 213.3280 56
213.3600 213.8720 57
213.9040 214.0000 58
214.0320 214.0320 60
214.0640 214.0640 62
214.0960 214.1280 64
214.1600 214.1920 65
214.2240 214.3520 66
214.5120 214.5760 63
214.6080 214.6400 64
214.6720 214.8320 65
214.8640 215.0240 63
215.1840 215.2800 65
215.3120 215.4400 63
215.4720 215.5040 62
215.5360 216.4320 61
216.4640 216.4960 60
216.5280 216.6880 59
217.0080 217.1040 60
217.9040 217.9680 61
218.0000 218.0640 62
218.0960 218.2560 63
218.2880 218.3840 65
218.5120 218.5120 65
218.5440 218.8000 68
218.9600 219.2160 65
219.2480 219.3760 63
219.5040 219.6320 61
219.8880 219.9520 67
220.1120 220.1440 69
220.1760 220.3360 70
220.3680 220.4320 67
220.4640 220.5920 64
220.6240 220.7520 65
220.8800 221.0080 63
221.0400 221.3280 61
221.3600 221.4240 62
221.6160 221.7440 64
221.7760 222.2880 65
222.3200 222.8640 63
222.8960 223.1520 65
223.1840 223.2800 63
223.6960 224.1440 61
224.1760 224.4640 60
224.6560 224.7200 63
224.7520 227.7280 61
228.3680 229.7760 63
229.8080 230.7040 61
230.7360 230.8640 60
248.0480 248.1440 63
248.1760 248.3040 65
248.4640 248.5920 63
248.6240 248.6880 62
248.7200 249.1360 61
249.3280 249.4880 61
249.7120 250.7360 61
251.2480 251.4400 61
251.6640 251.7920 63
251.8240 252.2720 61
252.3040 252.5280 62
252.5600 253.0080 61
253.1680 253.3280 64
253.3600 253.8720 65
254.2880 254.4160 63
254.4480 254.6080 65
254.6400 254.7040 64
254.7360 254.8320 63
254.8640 254.8960 62
254.9280 255.3760 61
255.5360 255.6640 63
255.6960 255.7600 62
255.7920 256.6880 61
257.2640 257.3920 61
257.4240 257.9360 60
257.9680 258.1600 58
258.3200 258.6080 56
258.6400 258.6720 54
258.8000 258.9920 51
259.1520 259.4080 54
259.5360 259.7600 54
259.7920 259.8880 56
259.9200 260.1760 58
260.3040 260.4000 57
260.4320 260.8800 58
260.9120 260.9440 57
260.9760 261.7440 56
261.7760 261.8720 55
262.3840 262.6400 55
262.6720 262.8960 56
262.9280 263.3760 57
263.8880 264.4320 57
264.6880 264.7200 65
264.7520 264.9120 66
265.0400 265.1360 64
265.1680 265.3600 65
265.5200 265.6800 63
265.8400 265.9040 64
265.9360 266.0320 63
266.0640 266.0960 62
266.1280 266.9600 61
266.9920 267.0240 62
267.0560 267.1840 63
267.2160 267.5680 65
267.6000 267.6320 63
268.4000 268.4960 61
268.5280 268.7200 63
268.7520 268.8480 65
268.9760 268.9760 63
269.0080 269.0080 65
269.0400 269.2640 68
269.2960 269.2960 65
269.3280 269.4560 63
269.4880 269.7120 65
269.7440 269.9040 63
269.9360 270.1920 62
270.5760 270.6720 69
270.7040 270.8640 70
270.9920 271.0240 64
271.0560 271.4080 65
271.4400 271.5040 63
271.5360 271.6640 61
271.7920 271.8240 61
271.8560 271.9840 62
272.0160 272.7200 65
272.7520 273.0720 63
273.1040 273.2960 65
273.4240 273.4560 63
273.4880 273.5520 64
273.5840 273.6800 65
273.7120 273.8400 63
273.8720 273.9040 62
273.9360 274.3200 61
274.3520 274.3520 59
274.7360 274.8320 63
274.8640 274.9920 62
275.1520 276.1440 61
276.5280 276.7200 61
276.9120 277.6160 61
277.6480 277.7760 63
277.8080 278.2560 61
278.4160 278.5440 63
278.5760 279.2480 65
279.6640 279.7600 63
279.7920 279.8560 65
280.0160 280.2080 63
280.2400 280.6560 61
280.8480 281.9680 61
282.4160 282.5760 61
282.8000 282.9280 61
282.9600 283.2160 63
283.2480 283.7920 61
283.9520 284.2080 63
284.3680 284.7200 61
284.7520 284.8800 63
285.0080 285.0080 63
285.0400 285.2000 67
285.2320 286.8640 68
286.8960 286.9920 67
287.0240 287.0880 65
287.5360 287.6640 55
287.6960 288.1120 56
288.1440 288.7840 57
289.0720 289.1680 56
289.2000 289.6480 57
289.6800 289.7440 58
289.8720 290.1600 57
290.3520 290.6720 65
290.7040 290.8640 63
291.0560 291.1840 65
291.2160 291.3760 63
291.4080 292.2080 61
292.2400 292.4320 63
292.4640 293.0720 65
293.6800 293.6800 60
293.7120 294.0320 63
294.0640 294.2880 65
294.3200 294.5760 68
294.6080 294.7680 65
294.8960 295.1840 63
295.2160 295.4720 61
295.6640 295.7280 67
295.8560 296.1440 70
296.1760 296.4960 65
296.6240 296.6880 64
296.7200 296.8160 63
296.8480 297.1680 61
297.4240 298.0640 65
298.0960 298.6400 63
298.6720 298.9280 65
298.9600 299.0560 64
299.5040 299.8880 61
299.9200 300.2400 60
300.4640 300.5920 63
300.6240 300.6560 62
300.6880 303.4080 61
308.8160 308.9120 61
308.9440 309.2000 60
309.4880 309.4880 60
309.5200 311.5360 61
324.3680 324.4320 64
325.8720 325.9360 64
328.4320 328.6880 64
329.6160 329.7760 65
331.3760 331.4400 66
333.1680 333.2960 62
335.4400 335.5040 61
336.5280 336.6240 61
340.9120 341.0080 61
341.2960 341.8400 59
342.0000 342.1920 58
342.3840 342.4480 58
343.0880 343.3120 59
346.5760 346.6400 59
347.4080 347.6320 59
348.1120 348.3680 58
349.4560 349.5200 63
349.7120 349.9040 65
350.0960 350.2240 65
350.5760 350.6400 65
352.4000 352.5280 61
352.7520 352.8480 61
353.1680 353.2640 61
353.2960 353.3920 62
353.5840 353.6480 62
354.5760 354.6720 62
354.8640 354.9280 62
355.3120 355.3760 62
358.6720 358.7360 64
