1.6480 1.7440 62
4.6880 4.7200 55
7.3760 8.0160 55
8.2080 8.3040 55
8.3360 8.6560 54
8.6880 9.0720 55
9.3280 9.5520 54
12.1440 12.2400 54
12.9120 12.9760 51
13.0400 13.0720 50
13.1040 15.5680 52
15.8240 15.8880 62
15.9520 15.9520 62
16.1760 16.2720 61
16.3040 17.6160 62
17.7120 18.8000 62
19.1840 19.3120 59
19.4400 20.0480 60
20.0800 20.2080 59
20.7840 20.7840 61
20.8800 20.8800 61
21.0080 21.0080 61
21.3280 21.4560 62
21.6160 22.0320 61
22.5120 22.5760 64
23.0240 23.1840 64
23.5360 23.5680 62
23.9840 24.1120 58
24.4640 24.5920 52
24.6560 24.7840 52
25.3920 25.4560 48
25.4880 25.6160 50
25.6480 25.9680 52
26.0320 26.0640 55
26.3200 26.8320 55
26.9600 27.5040 57
27.5680 27.6320 56
27.6640 27.7600 58
27.7920 28.1440 55
28.2720 28.4000 51
28.5280 29.2640 52
29.4240 30.1600 51
31.8240 32.1760 52
32.3040 32.4000 58
32.5920 33.1040 55
33.1360 33.8080 57
33.8400 34.0640 59
34.0960 34.1600 61
34.1920 34.4800 59
34.5120 34.9600 57
34.9920 36.0480 59
36.0800 36.1440 56
36.1760 36.2400 59
36.7840 36.8480 59
37.0080 37.3280 59
37.4560 37.5840 59
37.9040 38.1600 62
38.1920 39.1200 64
39.1520 39.2800 65
39.3120 39.6320 58
40.4960 40.6880 57
40.7200 41.1040 55
41.1360 41.5520 57
41.7440 41.8400 56
41.8720 42.2880 57
42.4800 42.8000 59
42.8320 42.8640 58
42.8960 43.2160 57
43.2480 43.4400 58
43.4720 43.5680 59
44.1120 44.1760 62
44.2080 44.2080 59
44.4320 44.6560 57
44.6880 44.8800 56
44.9760 45.4560 57
45.5840 45.9360 57
45.9680 46.3840 54
46.4160 46.4800 52
46.5120 47.1200 50
47.1520 47.8560 52
48.2720 48.5920 53
50.0640 50.1280 62
50.2560 50.4480 62
50.5760 51.0560 64
51.6960 52.8160 64
52.9120 53.1040 64
53.2640 53.3280 65
53.3920 53.4240 65
53.8080 54.0000 59
55.6000 55.7600 59
55.8240 55.8240 59
56.3040 56.6880 55
56.7200 56.9760 58
57.2640 57.8400 57
58.1920 58.6720 57
58.7680 58.7680 58
58.8000 58.9600 62
59.1520 59.3760 62
59.6320 59.6640 59
59.8560 59.9520 58
59.9840 60.2080 59
60.3680 60.4320 67
61.3600 61.4560 68
61.4880 61.5840 67
61.9040 62.5440 59
62.7680 62.8320 58
62.8640 63.1520 57
63.4400 63.4720 58
63.5680 63.6000 58
63.6640 63.7280 59
64.0160 65.4240 57
65.6160 65.7760 54
66.0320 66.1920 52
66.2240 66.2880 54
66.4160 66.5760 52
67.4080 67.6960 55
67.7600 67.8240 55
68.4640 68.5280 52
68.6880 68.7840 55
68.9440 69.0400 54
69.0720 69.1360 55
69.1680 69.4240 56
69.4560 69.6800 54
70.5120 70.7360 54
70.9280 71.1200 54
71.1520 71.3440 52
72.0160 72.2720 52
72.3040 72.4000 55
72.6240 73.0720 55
73.5840 73.8400 55
74.0000 74.3200 55
88.5600 88.9120 62
91.7600 91.9840 50
94.0000 94.2240 52
94.2880 94.3200 52
94.3840 94.5760 52
94.7040 95.1200 52
100.4000 100.7840 52
100.8160 100.8800 56
101.1040 101.5840 55
101.7120 102.3840 57
102.4480 102.8640 54
102.9920 103.1200 51
103.3760 104.1120 52
104.2400 104.9440 52
106.5440 106.9280 52
107.1520 107.1520 57
107.2480 107.8560 55
107.8880 108.5600 57
108.5920 108.7520 59
108.7840 108.9120 62
108.9440 109.2000 59
109.2320 109.6480 57
109.7440 110.6400 59
110.7680 111.2800 59
112.2080 112.3040 59
112.6880 112.8800 62
112.9120 113.5200 64
113.6480 113.9360 64
113.9680 114.0320 65
114.1920 114.6080 58
115.2480 115.5360 56
115.8240 116.2720 58
116.4640 117.0080 57
117.2640 117.6480 59
117.6800 118.1600 57
118.1920 118.3840 59
118.8320 118.9280 63
118.9600 119.0560 58
119.2480 119.6000 57
119.6320 119.6640 55
119.7920 120.1120 57
120.3360 120.6560 57
120.6880 121.0400 54
121.0720 121.1040 52
121.2960 121.8080 50
121.8400 122.0960 52
122.1280 122.2560 54
122.2880 122.5760 52
123.2800 123.3760 52
124.7840 124.8480 50
125.0080 125.2000 50
125.3280 126.0320 52
126.1600 126.3840 52
126.4480 126.4800 52
126.8000 127.0880 64
127.3120 127.8560 64
127.8880 127.9520 67
127.9840 128.1440 64
128.4640 128.6240 59
128.7520 128.8160 59
129.6480 129.6480 59
129.7440 129.7760 59
130.9920 131.4720 55
131.5040 131.8880 57
132.0480 132.1760 57
132.3680 132.4640 57
132.4960 132.5920 55
132.8480 133.0720 56
133.1040 133.3920 57
133.7120 133.7760 62
133.9680 134.0000 62
134.0320 134.2240 63
134.2560 134.4800 59
134.5120 134.6080 57
134.6400 135.0240 59
135.6960 135.6960 59
135.7920 135.8880 59
136.6240 137.0720 59
137.1040 137.3280 61
137.4880 137.6800 57
138.6720 138.8000 55
138.8320 140.0800 57
140.1120 140.2080 56
140.3680 140.5280 55
140.6560 141.2000 52
142.1920 142.3200 55
142.4480 142.5760 55
143.2160 143.3120 52
143.5040 143.5680 55
143.7600 144.0160 53
144.2720 144.4320 54
144.8160 144.8160 54
145.2320 145.4560 55
145.6480 145.8720 55
145.9040 146.1280 52
146.4480 146.7040 50
146.7360 146.9600 52
147.0880 147.9840 52
148.1760 148.2080 52
148.2720 148.5600 52
148.6240 148.6560 52
148.6880 148.9120 55
149.4880 149.6480 59
149.6800 149.7760 62
150.0000 150.0000 62
150.0960 150.0960 62
150.1920 150.6080 64
150.8640 150.9600 64
151.4400 151.7600 64
151.9200 151.9520 63
152.2400 152.7840 64
152.8160 152.9440 66
152.9760 153.1360 64
155.9200 156.4320 55
156.4640 156.7520 57
156.9440 157.2000 57
157.3280 157.3920 57
157.7760 157.9360 56
157.9680 158.1600 57
158.2880 158.3520 57
158.5120 158.7040 62
158.9600 159.0560 62
159.0880 159.1520 63
159.1840 160.1120 59
160.2720 160.3360 59
161.1360 161.3280 59
161.3600 161.5520 61
161.5840 162.0000 59
162.0320 162.2240 61
162.4160 162.7360 57
163.5360 165.2320 57
165.2640 165.5520 54
165.5840 166.1600 52
166.3200 166.4480 52
167.0880 167.4400 55
168.1120 168.2400 52
168.5920 169.3280 55
169.5520 169.6160 53
170.1280 170.3520 54
170.5760 170.8000 54
170.8320 171.0240 52
171.0560 171.4400 50
171.6960 172.5920 52
173.1680 174.2240 52
176.1760 176.2400 59
178.5760 178.6720 50
178.9280 178.9920 50
179.1840 179.4080 50
181.1680 181.1680 55
181.3600 181.5200 55
181.7120 182.0960 55
182.2560 182.3200 55
182.7040 182.8960 54
183.0880 183.4720 54
185.9040 186.2880 67
186.3840 186.5120 65
