11.9520 12.3360 68
15.8560 15.9200 59
18.8000 19.0560 71
19.0880 19.1520 72
19.3440 19.4720 72
19.5040 19.6640 71
20.1120 20.2080 69
20.4000 20.5280 68
20.7200 20.8800 65
21.1040 21.2960 68
22.0000 22.0960 65
24.7840 25.2000 65
25.6800 25.8400 62
25.8720 25.9680 63
26.1280 26.1600 64
26.1920 26.4800 65
26.8640 27.0880 67
27.8880 28.0160 59
28.0480 28.1760 60
28.4960 28.5600 66
28.6880 28.8480 65
29.0720 29.1360 63
30.4480 30.7040 63
30.7360 30.9920 65
31.8560 32.0480 57
32.7200 32.7840 58
32.9120 33.0400 59
33.6480 33.9360 56
36.7840 36.9120 59
38.0320 38.0960 63
38.2560 38.3840 66
38.4160 38.7040 68
38.9600 39.0880 65
39.1200 39.3760 63
39.4080 39.5040 65
39.7600 41.7440 65
43.3440 43.5680 67
43.6000 44.1760 68
44.2080 44.2400 72
44.2720 44.5280 70
44.5600 44.9120 72
44.9440 47.5040 70
48.3040 48.4320 69
48.4640 48.9120 70
49.0720 49.6480 62
50.1600 50.4480 67
50.4800 50.8000 65
50.8320 51.0240 67
51.0560 51.1840 66
51.4080 51.5680 65
51.6000 51.6640 63
51.6960 52.5920 62
54.3520 54.5760 65
54.9280 55.4400 63
55.4720 55.9520 65
55.9840 56.3040 67
56.5600 56.6560 68
56.6880 56.8480 69
56.8800 58.7040 68
71.7920 71.8560 58
73.6160 73.7760 60
76.3680 76.6880 71
76.8480 77.2640 72
77.5200 77.7120 70
77.7440 78.0640 67
78.0960 78.3520 65
78.5760 78.8000 68
80.1760 80.2400 63
82.2880 82.9280 65
83.2160 83.4720 63
83.6000 84.0800 65
84.1120 84.1760 68
84.3680 84.5920 68
85.4560 85.7760 60
85.8080 86.0000 65
86.0320 86.1600 68
86.1920 86.3200 65
87.9840 88.2080 63
88.2400 88.7520 65
88.9760 89.1360 63
89.4240 89.6160 57
89.8720 90.0000 63
90.4800 90.5760 60
91.1200 91.1840 72
91.6640 91.7280 68
94.3840 94.5120 59
94.7040 94.7040 63
94.7360 94.7680 65
94.8000 94.8640 67
95.1840 95.6960 63
95.8560 95.9840 66
96.0160 96.0800 69
96.1120 96.3680 67
96.5920 96.7200 65
96.7520 96.8160 62
96.8480 97.0080 63
97.0400 97.1360 65
97.3600 97.9680 64
98.0000 99.4400 65
100.3040 100.3360 63
100.3680 100.4000 64
100.5920 100.8160 65
101.0400 101.0720 67
101.1040 101.7440 68
101.7760 101.8400 69
101.8720 101.8720 71
101.9040 101.9680 75
102.0000 102.2240 70
102.2560 102.5760 72
102.6080 105.2960 70
106.0000 106.2240 68
106.2560 106.3520 69
106.3840 106.4800 70
106.5120 106.6400 71
106.8000 107.1200 63
107.1520 107.3440 62
107.9520 108.0800 67
108.1120 108.2080 66
108.2400 108.5920 65
108.6240 108.8480 67
109.2000 109.3280 65
109.3600 109.4240 63
109.4560 110.3200 62
112.6560 112.8480 62
112.8800 113.2320 63
113.2640 113.7120 65
113.7440 113.8400 67
113.8720 114.1600 68
114.1920 114.3200 67
114.3520 116.6880 68
130.3200 130.4160 58
130.6720 130.8000 59
131.1200 131.2800 59
131.6960 132.6240 63
134.1600 134.4480 70
134.7040 135.0880 72
135.3760 135.5040 70
136.0160 136.1760 65
136.3680 136.3680 65
136.4000 136.8800 68
138.0640 138.2240 63
138.3840 138.4800 63
138.5120 138.8000 65
138.8320 139.4400 63
140.0160 140.6560 65
141.1040 141.2960 62
141.4560 141.8720 65
142.1600 142.4160 67
143.2800 143.4720 60
143.6000 143.7280 69
143.7600 143.8560 67
143.8880 144.1440 65
144.2720 144.4000 64
144.4320 144.5600 62
145.7440 146.0320 63
146.0640 146.2880 65
146.7360 146.8640 62
147.1520 147.3440 57
147.9840 148.0480 58
148.3360 148.5600 58
149.6800 149.6800 56
153.6480 153.7760 66
153.8080 154.0000 68
154.3200 154.4480 66
154.4800 154.7680 63
154.8000 154.8640 65
155.1520 155.4080 64
155.4400 155.5360 63
155.5680 157.1680 65
158.4160 158.5120 72
158.7680 159.4400 68
159.4720 159.5680 69
159.6000 159.6640 75
159.6960 159.9520 70
159.9840 160.4000 72
160.4320 163.0560 70
163.7600 163.9840 68
164.0160 164.3680 70
164.5280 165.1680 62
165.8080 165.9040 67
166.1920 166.5760 79
166.9600 167.1200 65
167.1520 168.1120 62
169.6480 170.0960 65
170.4160 170.9600 62
170.9920 171.4400 65
171.4720 172.0160 67
172.0480 174.6720 68
174.7040 174.8320 71
174.8640 175.5680 67
175.6000 176.0480 68
176.1760 176.3360 68
176.5920 176.6560 68
177.2320 177.3280 73
178.4480 180.2080 68
