10.8000 10.8320 63
10.9920 11.1200 66
11.1520 11.2160 67
11.3440 11.4400 63
11.6000 12.1440 59
12.3040 12.3360 61
12.3680 12.4960 63
12.6240 13.0080 64
13.0400 13.1360 62
15.5360 15.6320 66
15.7920 15.8560 68
15.8880 16.0160 64
16.2400 16.4960 59
16.6560 16.8800 59
16.9120 16.9760 61
17.1040 17.5840 64
17.6160 17.7120 61
18.1920 18.2560 64
18.2880 18.3520 66
18.4800 18.8320 66
18.9600 19.2160 66
19.3760 19.8880 66
19.9200 20.0160 68
21.1040 21.3920 59
21.4240 21.4240 64
21.4560 21.6160 67
21.7440 21.8720 64
21.9040 22.0320 66
22.6080 22.8640 59
22.8960 22.9920 62
23.2480 23.9200 66
24.0480 24.5280 66
24.5600 24.6880 68
25.8080 25.9680 59
26.1600 26.1600 64
26.1920 26.2880 68
26.4480 26.5760 64
26.6080 26.6720 66
29.5840 29.6480 66
29.8080 29.9360 68
29.9680 30.0000 65
30.1920 30.8960 59
30.9280 31.0560 63
31.0880 31.6000 64
31.6320 31.7920 61
34.1920 34.2880 66
34.4480 34.5440 68
34.5760 34.6720 64
34.8000 35.0880 59
35.2480 35.5360 59
35.7920 36.2720 64
36.3040 36.4000 62
36.8480 36.9120 64
36.9440 37.2000 65
37.2320 37.8080 66
37.8400 37.9040 65
38.0000 38.5120 66
38.5440 38.6720 68
39.8240 39.8560 58
39.8880 40.0160 59
40.0480 40.0480 61
40.0800 40.0800 63
40.1120 40.2400 67
40.4320 40.5600 64
40.5920 40.6880 66
41.2640 41.3920 59
41.5520 42.5120 66
42.7360 43.2800 66
43.3120 43.4720 68
43.5040 43.5360 66
44.4320 44.7200 59
44.7840 44.8160 64
44.8480 44.9440 68
45.1040 45.2000 64
45.2320 45.3600 66
47.0560 47.1520 63
47.1840 47.2800 64
48.4960 48.6240 66
48.6560 49.2000 68
49.2320 49.7440 64
49.7760 50.5760 66
50.6080 50.7040 68
50.8640 51.1840 66
51.2160 51.3120 67
51.3440 51.9520 64
53.2960 53.9680 66
54.0000 54.0960 63
54.1280 54.3840 66
54.4160 54.8640 68
54.9920 55.4080 64
55.6000 55.9840 66
56.0160 56.6560 64
57.8720 58.0640 67
58.1920 58.4160 68
58.4480 58.5760 66
58.6080 58.9280 64
59.0880 59.8880 66
59.9200 60.0480 68
60.2720 60.6560 66
60.6880 61.2960 64
62.6080 63.3120 66
63.3440 63.4400 63
63.4720 63.6000 66
63.6320 63.7280 65
63.7600 63.8240 68
63.8560 64.0160 69
64.0480 64.2080 68
64.2400 64.7200 64
64.7520 65.2000 66
65.2320 65.8080 64
65.8400 65.9680 65
66.0000 66.2560 61
66.7360 67.9520 68
67.9840 68.0160 62
68.5280 69.7120 66
69.7440 69.7440 62
69.7760 70.0320 59
70.2240 70.9280 66
70.9600 71.1520 59
71.9520 72.6240 66
72.6560 72.7520 63
72.7840 73.0400 66
73.0720 73.5200 68
73.6480 74.0320 64
74.0640 74.6080 66
74.6400 75.3120 64
75.4400 75.6000 61
76.0800 77.2640 68
77.8400 79.0240 66
79.0560 79.0560 62
79.0880 79.3760 59
79.5680 80.2400 66
80.2720 80.4960 59
81.2640 81.9360 66
81.9680 82.0640 63
82.0960 82.3840 66
82.4160 82.8320 68
82.9920 83.4080 64
83.4400 84.0160 66
84.0480 84.6560 64
84.6880 84.9440 66
85.6160 85.7440 66
85.7760 85.8720 68
85.9040 86.0640 64
86.2240 86.9600 59
86.9920 87.6320 64
87.6640 87.7920 62
90.2240 90.2560 62
90.2880 90.3520 64
90.3840 90.6400 66
90.6720 90.7680 64
90.8000 91.5360 59
91.7920 92.2400 64
92.2720 92.4640 61
92.9120 93.5200 66
93.6480 93.8400 66
94.0000 94.4160 66
94.6080 94.7360 68
96.0800 96.2400 66
96.4000 96.4960 64
96.5280 96.8480 66
97.3920 97.3920 64
97.4240 97.7120 66
97.8400 98.5440 66
98.7360 99.2480 66
99.2800 99.4720 68
100.5280 100.5920 59
100.8160 100.8480 66
101.1040 101.4240 66
103.0880 103.4080 64
103.5360 103.6960 61
104.4960 104.6560 66
104.6880 105.0400 68
105.0720 105.2000 67
105.2320 105.7120 64
105.7440 106.5440 66
106.5760 106.7360 68
106.8640 107.3120 66
107.3440 107.9840 64
109.2320 109.9040 66
109.9360 110.0320 63
110.0640 110.3520 66
110.3840 110.8000 69
110.9280 111.3440 64
111.5360 111.7920 66
111.8240 111.9200 68
111.9520 112.5920 64
113.8400 113.9360 66
113.9680 114.0320 68
114.2880 114.3520 68
114.4800 114.5440 65
114.5760 114.9280 64
115.0560 115.8560 66
115.8880 116.0160 68
116.2080 116.6880 66
116.7200 117.2000 64
118.5440 119.2480 66
119.2800 119.4080 64
119.4400 119.5680 66
119.6000 119.6640 64
119.6960 120.1440 68
120.2720 120.6880 64
120.7200 121.2320 66
121.2640 122.0000 64
122.0320 122.0960 62
122.1280 122.1920 64
122.2240 122.2880 66
122.7040 124.0480 68
124.4960 126.9920 66
127.8880 129.0080 66
129.0400 129.4560 69
129.5840 129.9680 64
130.0000 130.4160 66
130.4480 130.6400 68
130.6720 131.2480 64
131.3760 131.5360 62
132.0480 133.3600 68
133.8400 136.4320 66
137.2320 137.9040 66
137.9360 138.0320 63
138.0640 138.3200 66
138.3520 138.8000 68
138.9280 139.3760 64
139.4080 139.8560 66
139.9520 140.5920 64
140.6240 140.9440 66
141.6160 141.8400 66
142.0000 142.0640 62
142.2240 142.8000 59
142.9280 142.9920 61
143.0240 143.0880 63
143.2480 143.6320 64
143.6640 143.7600 62
146.1600 146.2560 66
146.4160 146.4800 68
146.5120 146.6400 65
146.8320 147.1200 59
147.2800 147.5040 59
147.5360 147.6000 62
147.7280 148.1760 64
148.2080 148.3360 61
148.8160 148.8800 64
148.9120 148.9760 66
149.1040 149.4560 66
149.5840 149.8400 66
150.0000 150.5120 66
150.5440 150.6400 68
151.7600 152.0160 59
152.0480 152.2080 66
152.3680 152.4960 64
152.5280 152.6560 66
153.2320 153.4880 59
153.5200 153.5840 61
153.8720 154.4800 66
154.6720 155.1520 66
155.1840 155.3120 68
155.9520 156.0800 66
160.0480 160.8480 68
160.9120 161.0720 68
161.2000 161.7440 68
161.7760 164.2400 66
164.8480 165.0080 68
165.2320 166.2240 66
166.2560 166.3200 64
166.3520 166.4160 67
166.4480 166.7360 69
166.7680 166.8640 66
166.8960 167.3120 64
167.3440 167.7600 66
167.7920 167.8880 68
167.9200 168.4640 64
168.4960 168.6560 66
168.6880 168.8800 60
169.4240 169.5840 68
169.7440 170.0640 68
170.0960 170.1280 64
170.3520 170.6720 68
170.8000 171.0560 68
171.0880 172.8160 66
172.9440 173.5840 66
173.6160 173.8080 60
174.5440 175.2480 66
175.2800 175.3440 64
175.3760 175.6640 66
175.6960 176.1120 68
176.1440 176.2080 66
176.2400 176.6880 64
176.7200 177.1040 66
177.1360 177.2320 68
177.2640 177.9360 64
177.9680 178.2240 66
178.7040 179.4400 68
179.6640 180.4000 68
180.4320 181.3600 66
181.4560 182.4480 66
182.5760 183.1840 66
183.3760 183.5680 56
183.6640 183.6640 56
183.6960 183.8560 61
183.8880 184.1760 59
184.2080 184.2720 66
184.3040 184.8160 68
185.0080 185.1040 66
185.2960 186.5440 66
186.7680 187.6640 66
187.6960 187.8880 68
187.9200 188.0480 66
188.0800 189.2640 68
189.8080 191.0240 66
191.3760 191.3760 66
191.4720 192.2080 66
192.2400 192.2400 62
192.2720 192.4000 59
192.9440 192.9440 57
192.9760 193.3920 59
193.4240 193.4240 62
193.4560 193.5840 66
193.6160 193.9680 68
194.0000 194.0320 67
194.0640 194.1280 66
194.3520 196.0800 66
196.2080 196.9760 66
197.0080 197.1680 67
