21.2320 21.2960 59
26.4800 26.5760 59
26.6080 26.8320 61
26.9920 27.1200 59
27.8240 28.0800 59
28.1120 28.3360 61
28.4640 28.5920 59
28.6240 28.7200 61
28.7520 28.8800 59
29.3600 29.9360 59
30.5120 30.6080 59
30.6400 30.8320 61
31.0240 31.1840 59
31.8240 32.1120 59
32.1440 32.3680 61
32.4960 32.6240 59
32.6560 32.7840 61
32.8160 32.9440 59
33.2960 33.3600 62
33.3920 33.4240 63
33.4560 33.6800 64
33.7120 33.7760 62
33.8080 33.9680 61
34.5120 34.5440 59
34.5760 34.6080 60
34.6400 34.8640 61
35.0240 35.2480 59
35.8880 36.1120 59
36.1440 36.4320 61
36.4640 36.6240 59
36.6560 36.7520 61
36.7840 36.9760 59
37.3280 38.0960 59
39.5360 39.6960 59
42.5760 42.6720 59
42.7040 42.9600 61
43.1200 43.3120 59
44.1120 44.1440 59
44.1760 44.2080 60
44.2400 44.5600 61
44.5920 44.6880 59
44.7200 44.8160 61
44.8480 45.0400 59
45.3280 46.0640 59
46.6080 46.7360 59
46.7680 47.0560 61
47.0880 47.3440 59
48.1440 48.2080 59
48.2400 48.2720 60
48.3040 48.5280 61
48.6560 48.6880 59
48.7200 48.7520 60
48.7840 48.8480 61
48.8800 49.0720 59
49.3920 49.3920 60
49.4240 49.5520 62
49.5840 49.8080 64
49.8400 49.8720 62
49.9040 50.0640 61
50.6720 50.7040 59
50.7360 50.7680 60
50.8000 51.0240 61
51.1520 51.3120 59
51.3440 51.4080 60
52.1440 52.2720 59
52.3040 52.5600 61
52.6880 52.7200 60
52.7520 52.9760 61
53.0080 53.1360 59
53.4880 53.8080 59
53.9360 54.0320 59
55.5360 55.8560 59
58.2240 58.3520 64
58.3840 58.5120 66
58.5440 58.6720 62
58.7040 58.7360 61
58.9600 59.1200 62
59.1520 59.3120 64
59.3440 59.6960 60
59.7280 59.7920 61
59.8240 60.5280 59
61.1360 61.2000 59
61.8400 61.9680 59
62.0000 62.2560 61
62.2880 62.3840 64
62.4160 62.5440 66
62.5760 62.6080 62
62.6400 62.8320 61
62.9920 63.2800 64
63.5360 63.6320 59
64.4960 64.5920 59
65.8400 66.0000 59
66.0320 66.2880 61
66.3200 66.4480 64
66.4800 66.6080 66
66.6400 66.8000 62
66.8320 66.8640 61
67.0560 67.0880 63
67.1200 67.3760 64
67.4080 67.5040 60
67.5360 67.6320 61
67.8240 68.5600 59
69.2000 69.5520 59
69.7440 70.2240 59
71.7920 72.1440 59
74.3840 74.5120 69
74.5440 74.9920 71
75.0560 75.0880 69
75.1200 75.9840 71
76.1440 76.1760 71
76.3360 76.9760 71
77.1040 77.5520 71
77.5840 77.6800 72
77.7120 77.9040 73
77.9360 78.0320 71
78.0640 78.1600 69
78.1920 78.3840 67
78.4160 78.5120 69
78.5440 78.8320 71
78.8640 78.8640 69
79.1520 79.2800 71
79.5360 79.9840 71
80.0160 80.0800 70
80.3680 80.3680 69
80.4000 80.9760 71
81.1680 81.2320 72
81.2640 81.3920 71
81.5200 81.6160 71
81.6480 81.7120 72
81.7440 81.9360 73
81.9680 82.0960 71
82.1280 82.1600 69
82.1920 82.2240 67
82.2560 82.3840 66
82.4160 82.4800 69
82.5120 82.5440 70
82.5760 82.9280 71
82.9600 83.0240 70
83.1840 83.4400 71
83.5680 84.2400 71
84.4320 84.4640 68
84.4960 84.5920 69
84.6240 85.0400 71
85.2000 86.3520 71
86.4480 86.5760 71
86.8320 87.0240 71
87.2160 88.3360 71
88.4320 88.5920 71
88.7840 88.8160 72
88.8800 88.9440 71
89.0080 89.6800 71
89.7120 89.7760 72
89.8080 90.0000 73
90.0320 90.1280 71
90.4800 90.4800 66
90.5120 90.5440 69
90.5760 90.6400 70
90.6720 90.9600 71
91.0880 91.5040 71
91.6320 91.6320 69
91.6640 92.1440 71
92.1760 92.2720 72
92.3040 93.6160 71
93.6480 93.8080 72
93.8400 94.0320 73
94.0640 94.1920 71
94.2240 94.2880 68
94.3200 94.3840 66
94.5440 94.6720 69
94.7040 95.2160 71
95.2480 95.3120 73
95.3440 96.2080 71
96.4640 96.4960 67
96.5280 97.3920 71
97.4240 97.8400 72
97.8720 98.0640 73
98.0960 98.2240 71
98.2560 98.3200 69
98.3520 98.4480 66
98.4800 98.5440 65
98.5760 98.7040 69
98.7360 100.4640 71
100.4960 100.5600 67
100.5920 100.6560 69
100.6880 100.7200 70
100.7520 101.0720 71
101.2000 101.5200 71
101.7440 102.2880 71
102.3200 102.3840 68
102.4160 102.8000 71
102.9280 103.5680 71
103.6960 103.8560 71
103.8880 103.9840 72
104.0160 104.1440 73
104.1760 104.2400 71
104.2720 104.3680 69
104.4000 104.5920 66
104.6240 104.7520 71
104.9440 105.1360 71
105.3600 105.6800 71
105.7120 105.9040 72
105.9360 106.1280 73
106.1600 106.2880 71
106.3200 106.3840 69
106.4160 106.6080 66
106.6400 107.6960 71
107.7280 107.8880 72
107.9200 108.1440 73
108.1760 108.2720 71
108.3040 108.4000 69
108.4320 108.5280 66
108.5600 108.5920 65
109.1360 109.2320 59
109.2640 109.3920 61
109.4240 109.4560 59
109.4880 109.6160 60
109.6480 109.8720 59
110.6720 110.7680 60
110.8000 111.0240 61
111.0560 111.2480 60
111.2800 111.3760 61
111.4080 111.8560 59
112.0480 112.6240 59
113.1680 113.2000 59
113.2320 113.2640 60
113.2960 113.5520 61
113.6800 113.8720 59
114.7040 114.8000 59
114.8320 115.0560 61
115.2160 115.3760 61
115.4080 115.6320 59
115.9200 115.9520 59
115.9840 116.0800 62
116.1120 116.1440 63
116.1760 116.4000 64
116.4320 116.4960 61
116.5280 116.6240 60
117.2320 117.2960 59
117.3280 117.7760 61
117.8080 117.9680 59
118.7040 118.8320 59
118.8640 119.2160 61
119.2480 119.3440 60
119.3760 119.5040 61
119.5360 119.8880 59
119.9520 120.6560 59
122.0320 122.0640 69
122.0960 122.1280 70
122.1600 123.2160 71
124.8480 124.9120 64
124.9440 125.1040 66
125.1360 125.2640 61
125.2960 125.3600 60
125.4880 125.5200 61
125.5520 125.6480 62
125.6800 125.8080 64
125.9360 126.3520 60
126.3840 127.0240 59
127.1840 127.3760 59
127.5680 128.5280 59
128.5600 128.6560 61
128.6880 128.8160 60
128.8480 128.9440 64
128.9760 129.1360 66
129.1680 129.3280 61
129.5520 129.7120 62
129.7440 129.8720 64
129.9040 129.9040 62
129.9360 129.9680 59
130.1280 130.1920 59
130.8960 131.1520 59
132.4320 132.5600 59
132.5920 132.6560 61
132.6880 132.8480 62
132.8800 132.9760 64
133.0080 133.1680 66
133.2000 133.2000 63
133.2320 133.3920 60
133.5840 133.9680 64
134.0000 134.0000 61
134.0320 134.1280 59
134.1600 134.2240 60
134.3520 135.1200 59
135.2160 135.3760 59
135.6320 135.7600 59
136.2720 136.9120 59
137.6800 137.7760 62
138.1600 138.1600 69
138.1920 139.6000 71
140.4640 140.5600 71
140.5920 140.7200 73
140.7520 140.7520 67
140.8480 140.8800 64
140.9120 140.9120 67
140.9440 141.0400 69
141.0720 143.1520 71
143.2800 144.1120 71
144.1440 144.2400 72
144.2720 144.4000 73
144.4320 144.4640 72
144.4960 144.5920 71
144.6240 144.7200 69
144.7520 144.8160 67
144.8480 144.9120 65
144.9440 145.0080 69
145.0400 145.0720 70
145.1040 145.4880 71
145.6480 146.7360 71
146.8960 147.2160 71
147.3440 147.5040 71
147.7280 148.1760 71
148.2080 148.2720 72
148.3040 148.4320 73
148.4640 148.4960 72
148.5280 148.6240 71
148.6560 148.6880 69
148.7200 148.7840 67
148.8160 148.8800 66
148.9120 148.9760 64
149.0080 149.0080 67
149.0400 149.1360 69
149.1680 150.9280 71
150.9600 151.1200 69
151.1520 153.0080 71
153.0720 153.2000 71
153.3920 153.5520 71
153.7760 153.9680 71
154.0960 154.5120 71
154.5440 154.6080 70
155.0560 155.1520 59
155.4080 155.5360 59
155.7920 155.9840 59
156.1440 156.3040 71
156.3360 156.5600 72
156.5920 156.6240 71
156.6560 156.7840 70
156.8160 156.8480 68
156.8800 157.0400 66
157.0720 157.2000 69
157.2320 158.0640 71
158.1920 158.1920 66
158.2240 158.8320 71
158.9920 160.1760 71
160.2080 160.3680 72
160.4000 160.5920 73
160.6240 160.7200 71
160.7520 160.8160 69
160.8480 161.0720 66
161.1040 161.1680 69
161.2000 161.2320 70
161.2640 161.5840 71
161.7120 163.5680 71
163.7280 164.1760 71
164.2080 164.3680 72
164.4000 164.6240 73
164.6560 164.7840 71
164.8160 164.8800 69
164.9120 165.0080 66
165.0400 165.1040 65
165.1360 165.1360 67
165.1680 165.2640 69
165.2960 166.9920 71
167.0240 167.0560 70
167.0880 167.2480 69
167.2800 168.1120 71
168.3040 168.8480 71
168.8800 168.8800 68
169.1680 169.2960 71
169.4240 170.4160 71
170.4480 170.4800 72
170.5120 170.6400 73
170.6720 170.7360 72
170.7680 170.8320 71
170.8640 170.9280 69
170.9600 171.1520 67
171.1840 171.3120 71
171.4720 171.6960 71
171.9200 172.1440 71
172.2720 172.4640 72
172.4960 172.6240 73
172.6560 172.6880 72
172.7200 172.8160 71
172.8480 172.9760 69
173.0080 173.1040 66
174.2240 174.3200 64
174.3520 174.9280 66
174.9600 174.9920 65
175.0240 175.4720 64
175.5040 175.6000 61
175.9520 176.5600 59
176.7200 176.8160 59
176.8480 176.9120 61
176.9440 177.4560 59
178.2560 178.7040 59
178.7360 178.8320 61
179.0240 179.0880 62
179.1200 179.1520 63
179.1840 179.4080 64
179.4400 179.5040 62
179.5360 179.7920 61
179.9840 180.1120 59
180.1440 180.2400 61
180.2720 180.4640 59
182.2560 182.3840 64
182.4160 182.8640 66
183.0240 183.5040 64
183.5360 183.6320 61
184.0160 184.1120 59
184.1440 184.3360 61
184.3680 184.6240 59
184.7840 184.8160 59
184.8480 184.8800 60
184.9120 185.0720 61
185.1040 185.4880 59
187.0560 187.3120 69
187.3440 187.5040 71
187.5360 187.5680 70
187.6000 187.6640 69
187.7600 187.7600 70
187.7920 187.8880 72
187.9200 188.1120 73
188.1440 188.2400 72
188.2720 189.1040 73
189.1360 189.2000 72
189.2320 189.2640 71
189.2960 189.4560 69
189.4880 190.3200 71
190.4480 190.4480 69
190.4800 191.1200 71
191.2160 191.8880 71
192.0480 192.4320 71
192.4640 192.6240 72
192.6560 192.8480 73
192.8800 192.9760 71
193.0080 193.0080 69
193.0400 193.2320 67
193.3600 193.4240 69
193.4560 193.4880 70
193.5200 193.9040 71
194.0640 194.2560 71
194.2880 194.3200 70
194.4800 194.4800 68
194.5120 194.6400 71
194.6720 194.8960 73
194.9280 195.1200 71
195.1520 195.3120 72
195.3440 196.5280 71
196.5600 196.6560 72
196.6880 196.8480 73
196.8800 196.9760 71
197.0080 197.1040 69
197.1360 197.2640 66
197.4240 197.5520 70
197.5840 197.9680 71
198.0000 198.1920 70
198.2240 198.4160 71
198.4480 198.6080 70
198.6400 199.3120 71
199.3440 199.5680 70
199.6000 200.0160 71
200.0480 200.1440 70
200.1760 200.4640 71
200.4960 200.5920 68
200.6240 200.7200 69
200.7520 200.8160 70
200.8480 200.9120 71
200.9440 201.0080 74
201.0400 201.2640 75
201.2960 201.4240 74
201.4560 201.5520 72
201.5840 203.3440 73
203.3760 203.8560 72
203.8880 204.0160 71
204.0480 204.0800 72
204.1440 204.1760 72
204.2080 204.4000 71
204.5920 204.7520 72
204.7840 205.1360 73
205.3280 205.3920 65
205.4240 205.4560 66
205.5200 205.5840 70
205.6160 206.4800 71
206.6080 206.6080 69
206.6400 207.2480 71
207.3760 207.6960 71
207.8240 208.0160 71
208.2080 208.4320 71
208.5920 208.7520 72
208.7840 208.9440 73
208.9760 209.0080 72
209.0400 209.1360 71
209.1680 209.2960 69
209.3280 209.3920 68
209.4240 209.4240 71
209.4560 209.6160 74
209.6480 210.1600 76
210.1920 210.3840 75
210.4160 210.6080 76
210.6400 210.6720 75
210.7040 210.8640 74
210.9920 211.1520 72
211.1840 211.5040 73
211.5360 211.6000 71
211.6320 211.6640 72
211.6960 212.2400 73
212.2720 213.2640 72
213.2960 213.4560 71
213.4880 213.6160 70
213.6480 214.0320 71
214.1600 215.4720 71
215.5040 215.6320 70
215.6640 216.0480 71
216.0800 216.3680 70
216.4000 216.6240 71
216.6560 216.8160 69
216.8480 216.9120 70
216.9440 217.0720 71
217.1040 217.1360 72
217.1680 217.3280 73
217.3600 218.5120 71
218.6720 218.7360 71
218.7680 219.1200 72
219.1520 219.2480 71
219.2800 219.5040 66
219.5360 220.8480 71
220.8800 221.0720 73
221.1040 221.2320 71
221.2640 221.2960 69
221.3280 221.5200 66
226.7040 227.0240 59
