12.6880 12.7200 66
12.7520 12.8160 67
15.9840 16.0480 67
32.5920 32.7200 52
32.7520 32.8800 55
33.0400 33.2320 57
33.2640 33.5840 55
33.6160 33.7120 54
33.7440 34.2560 55
34.2880 34.3200 54
34.3520 34.3840 53
35.1520 35.1840 52
35.2160 35.2800 53
35.3120 35.6000 55
35.6320 36.1120 57
36.1440 36.2720 59
36.3040 36.4320 58
36.4640 36.5600 57
36.5920 36.7520 59
36.7840 36.9440 58
36.9760 37.0720 57
37.1040 37.4880 55
37.6800 38.0000 55
38.1280 38.2880 55
38.3200 38.5120 57
38.5440 38.5760 55
38.8320 39.2800 55
39.4720 39.5680 56
39.6000 39.7280 57
39.7600 39.7920 56
39.9520 40.2720 50
40.3040 40.3360 51
40.3680 41.1680 52
42.8960 42.9600 51
42.9920 42.9920 53
43.0240 43.1520 55
43.3120 43.4400 57
43.4720 43.5040 56
43.5360 43.6320 55
43.7920 43.8560 55
43.9840 44.5600 55
44.5920 44.6880 52
45.2000 45.3600 47
45.3920 45.4240 52
45.4560 45.5200 53
45.5520 45.6800 55
45.8400 46.4160 57
46.4480 46.5120 59
46.5440 46.5760 58
46.7360 46.8320 57
46.8640 46.9280 59
46.9600 47.2160 58
47.2480 47.3440 57
47.3760 47.4720 55
47.6000 48.2720 55
48.3040 48.4320 54
48.4640 48.5280 55
48.5600 48.5920 56
48.6240 49.2000 57
49.7440 49.7760 55
49.8080 49.8400 56
49.8720 50.2880 57
50.3200 50.3520 56
50.3840 50.7680 55
51.0560 51.0880 54
51.1200 52.2080 55
54.8960 54.9600 54
55.1520 55.1840 59
55.2160 55.2800 60
55.3120 55.5360 62
55.7600 55.7920 60
55.8240 55.8880 61
55.9200 56.4000 62
56.4320 56.4320 58
56.4640 56.7200 55
56.7520 56.7840 58
56.8160 56.8160 60
56.8480 57.4240 62
58.0960 58.1920 54
58.2240 58.2560 55
58.2880 58.2880 58
58.3200 58.4160 61
58.4480 58.6720 64
58.7040 59.2800 62
59.3120 59.4400 58
59.4720 59.8560 57
59.9840 61.1040 55
61.2960 61.6800 57
61.7120 61.7760 58
61.9360 62.5440 59
62.5760 62.7040 57
63.3760 63.4400 51
63.4720 63.5360 52
63.5680 63.7280 55
63.8880 63.9200 56
63.9520 64.4960 57
64.5280 64.7200 59
64.7520 65.0400 57
65.1680 65.3280 55
65.3600 65.4880 60
65.5200 65.8080 62
66.0320 66.1280 61
66.1600 66.7040 62
66.7360 66.7360 59
66.7680 66.9280 55
66.9600 67.0240 56
67.0560 67.0560 59
67.0880 67.6320 62
68.3680 68.4000 55
68.4320 68.5600 56
68.5920 68.7200 62
68.7520 68.8480 63
68.8800 68.9440 64
68.9760 69.5520 62
69.6800 69.7440 58
69.7760 70.1600 57
70.2880 71.5360 55
71.5680 71.6320 56
71.6640 71.8880 57
71.9200 72.8160 59
72.8480 72.9760 57
73.7440 73.8720 53
73.9040 74.0960 55
74.2240 74.4480 57
74.5760 74.7040 57
74.7360 74.8960 59
75.0240 75.2160 59
75.2480 75.6000 57
75.6320 75.6640 56
75.6960 77.1680 55
81.3600 81.3920 46
81.4240 81.4240 49
81.4560 81.5520 52
81.5840 81.6160 54
81.6480 81.8720 55
81.9040 82.0640 57
82.0960 82.3840 55
82.5440 83.0880 55
83.1200 83.1840 54
83.2160 83.2800 52
84.0480 84.0800 52
84.1120 84.1440 53
84.1760 84.4320 55
84.4640 84.7840 57
84.8160 84.8480 56
84.8800 84.9120 55
85.1040 85.2960 57
85.3280 85.6480 59
85.6800 85.8720 57
85.9040 85.9360 56
85.9680 86.5120 55
86.6400 86.7680 55
87.0560 87.1840 56
87.2160 87.6640 57
87.6960 87.7920 55
87.9200 88.3040 55
88.3360 88.4640 57
88.4960 88.4960 55
88.5280 88.5280 52
88.5600 89.2000 50
89.2320 90.0000 52
91.7600 91.7920 52
91.8240 91.8880 53
91.9200 92.0480 55
92.1760 92.2080 56
92.2400 92.4000 57
92.4320 93.4240 55
93.4560 93.5200 53
93.5520 93.6160 52
94.2880 94.4160 52
94.4480 94.6720 55
94.7040 95.2800 57
95.3120 95.3760 58
95.6000 95.6320 57
95.6640 96.1120 58
96.1440 96.2080 57
96.2400 96.2720 56
96.3040 97.2960 55
97.3280 97.5200 56
97.5520 97.8080 55
97.9680 98.4480 55
98.6080 98.8000 56
98.8320 98.9280 55
99.0560 100.6880 55
103.7600 103.8240 54
103.9840 104.1120 61
104.1440 104.4000 62
104.6240 104.7520 61
104.7840 105.2000 62
105.2320 105.2320 60
105.2640 105.2640 58
105.2960 105.5520 55
105.5840 105.6160 56
105.6480 105.6800 59
105.7120 105.7440 61
105.7760 106.2880 62
106.9600 106.9920 52
107.0240 107.1200 54
107.1520 107.1520 56
107.1840 107.3440 62
107.3760 107.5360 64
107.5680 107.6000 63
107.6320 108.1120 62
108.2400 108.4640 58
108.4960 108.7840 57
108.8160 108.8800 54
108.9120 110.0320 55
110.1920 110.5760 57
110.6080 110.6720 58
110.8320 111.4400 59
111.4720 111.5040 57
111.5360 111.6320 56
112.1120 112.2080 49
112.2400 112.3040 50
112.3360 112.4320 52
112.4640 112.6560 55
112.8160 113.2320 57
113.2640 113.3920 56
113.4240 113.6480 59
113.6800 113.9680 57
114.0000 114.0640 54
114.0960 114.1920 55
114.2240 114.2240 57
114.2560 114.3840 60
114.4160 114.6720 62
114.8960 114.9280 60
114.9600 115.0240 61
115.0560 115.5360 62
115.5680 115.5680 58
115.6000 115.7600 55
115.7920 115.8880 56
115.9200 115.9200 59
115.9520 116.5920 62
117.1680 117.2640 53
117.2960 117.4240 55
117.4560 117.4880 61
117.5200 117.6160 62
117.6480 117.7760 64
117.8080 117.8400 63
117.8720 118.4480 62
118.4800 118.6080 58
118.6400 119.0240 57
119.2160 120.4960 55
120.5280 120.8160 57
120.8480 121.7760 59
121.8080 121.8720 57
121.9040 121.9360 56
122.6080 122.7360 54
122.7680 122.9280 55
123.0560 123.5680 57
123.6000 124.0800 59
124.1120 124.5280 57
124.5600 124.6560 55
124.7840 125.8720 55
125.9040 125.9360 56
125.9680 126.0960 57
129.1040 129.2000 52
129.2320 129.3600 54
129.3920 129.5200 53
129.5520 129.9040 54
129.9360 130.2240 56
130.2560 130.8320 57
130.8640 130.8960 56
130.9280 131.0560 55
131.2480 132.4640 55
133.1680 133.2000 58
133.2320 133.2640 59
133.3600 133.3920 60
133.4240 133.4560 61
133.4880 133.6480 62
133.7760 134.0320 62
134.1600 134.1600 60
134.1920 134.3200 62
134.3520 134.4800 64
134.5120 134.5440 63
134.6720 135.8560 59
135.8880 135.9200 58
135.9520 136.9120 57
138.0640 138.1600 62
138.1920 138.3840 64
138.4160 138.5120 62
138.7040 138.9600 62
139.1200 139.7920 62
139.8240 139.8560 61
139.8880 139.9200 59
139.9520 140.0480 55
140.2080 140.4640 55
140.5600 140.6240 54
140.6560 140.8800 55
140.9120 141.0720 57
141.2960 142.0320 57
142.9600 142.9920 54
143.0240 143.0880 55
143.2160 143.3440 62
143.3760 143.5360 64
143.5680 143.6000 63
143.6320 143.7280 62
143.8240 144.1440 62
144.3040 145.1360 62
145.3600 145.3920 53
145.4240 145.9360 54
146.2560 147.4720 55
150.2880 150.3200 60
150.3520 150.4160 61
150.4480 150.6720 62
150.8960 151.0560 61
151.0880 151.5040 62
151.5360 151.5360 60
151.5680 151.5680 58
151.6000 151.8880 55
151.9200 151.9520 59
151.9840 152.5600 62
153.2960 153.3600 54
153.3920 153.4880 56
153.5200 153.5200 60
153.5520 153.6800 62
153.7120 153.8720 64
153.9040 154.4480 62
154.5760 155.0240 57
155.0560 155.0880 56
155.2160 155.2800 54
155.3120 156.3360 55
156.4960 156.9760 57
157.1680 157.7760 59
157.8080 157.8720 56
158.5760 158.5760 51
158.6080 158.7040 53
158.7360 158.9280 55
159.0560 159.6960 57
159.7280 159.9200 59
159.9520 160.2400 57
160.3680 160.4960 55
160.5280 160.5600 56
160.5920 160.7200 60
160.7520 160.9440 62
161.1680 161.3280 60
161.3600 161.8400 62
161.8720 161.8720 58
161.9040 161.9040 56
161.9360 162.0000 54
162.0320 162.0960 55
162.1280 162.1920 56
162.2240 162.2240 59
162.2560 162.8000 62
163.5360 163.5680 53
163.6000 163.6960 54
163.7280 163.7280 56
163.7600 163.7600 59
163.7920 163.9200 62
163.9520 164.1440 64
164.1760 164.7200 62
164.8800 165.3280 57
165.3600 165.3920 56
165.4240 165.5200 54
165.5520 166.7680 55
166.8000 167.0240 57
167.0560 167.0880 58
167.1200 168.0800 59
168.1120 168.2400 57
168.9440 168.9760 52
169.0080 169.0720 53
169.1040 169.2640 55
169.3920 169.8400 57
169.8720 169.9040 58
169.9360 170.4160 59
170.4480 170.5760 57
170.6080 170.9280 55
171.0880 171.1840 60
171.2160 172.1760 62
172.2080 172.2080 59
172.2400 172.4640 55
172.4960 172.5600 56
172.5920 172.5920 59
172.6240 173.2000 62
173.8400 173.9040 54
173.9360 174.0960 55
174.1280 174.1600 61
174.1920 174.2560 62
174.2880 174.4480 64
174.4800 174.5120 63
174.5440 175.0880 62
175.2160 175.6960 57
175.7280 175.7600 56
175.7920 177.0720 55
177.1040 177.7120 57
177.7440 178.3840 59
178.4160 178.4800 57
178.5120 178.5760 56
179.0560 179.0880 49
179.1200 179.1840 50
179.2160 179.2800 52
179.3120 179.5360 55
179.6640 179.6960 56
179.7280 180.1440 57
180.1760 180.3040 56
180.3360 180.5600 59
180.5920 180.8800 57
180.9120 181.0080 54
181.0400 181.1680 55
181.2000 181.2000 57
181.2320 181.3280 61
181.3600 181.6160 62
181.7760 181.8080 60
181.8400 181.9040 61
181.9360 182.3520 62
182.3840 182.3840 60
182.4160 182.4480 58
182.4800 182.5440 56
182.5760 182.7680 55
182.8000 182.8000 57
182.8320 182.8320 59
182.8640 183.4400 62
183.9840 184.0480 55
184.0800 184.1760 54
184.2080 184.3360 56
184.3680 184.4960 62
184.5280 184.7200 64
184.7520 185.4240 62
185.4560 185.6800 58
185.7120 185.9360 57
185.9680 186.0320 56
186.0640 187.3760 55
187.4080 187.6960 57
187.7280 188.6560 59
188.6880 188.7840 57
189.5200 189.6160 54
189.6480 189.8400 55
189.9680 190.4480 57
190.4800 190.9600 59
190.9920 191.4400 57
191.4720 191.5360 55
191.5680 191.6640 54
191.6960 192.7840 55
192.8160 192.8480 56
192.8800 192.9760 57
202.3520 202.4480 53
202.4800 202.5120 54
202.5440 202.6720 55
202.8000 202.9920 56
203.0240 204.0160 55
204.9120 205.0400 53
205.0720 205.3600 55
205.3920 205.9040 57
205.9360 206.0640 59
206.0960 206.3200 58
206.3520 206.5440 59
206.5760 206.8640 57
206.8960 207.2480 55
207.4720 207.7600 55
207.8880 208.0480 55
208.0800 208.2720 57
208.3040 208.3040 55
208.5920 209.0400 55
209.2320 209.5520 57
209.5840 209.5840 55
209.7120 210.0960 50
210.1280 210.8960 52
