27.3120 27.4080 58
27.5680 27.7600 58
27.9520 28.1440 59
28.4640 28.5280 62
28.9120 28.9440 63
29.1040 29.8080 63
29.8400 29.8720 62
30.0000 30.0960 62
30.1280 30.2560 61
32.4640 32.6880 59
32.8160 33.0720 59
33.2960 33.3600 57
33.3920 34.9920 56
35.0240 35.2160 57
35.2480 35.5040 58
37.8720 38.4160 58
38.4480 38.8000 59
39.0560 41.1360 55
41.2640 41.3280 55
42.9920 43.0560 63
43.5680 43.7600 63
43.7920 43.8880 64
44.1120 44.1440 68
44.1760 44.2080 69
44.2400 46.9280 70
48.9440 49.3600 55
49.3920 49.5520 56
49.5840 49.7760 57
49.8080 50.1280 58
51.0880 51.1520 58
51.4080 51.4720 58
51.6320 51.6640 61
51.6960 52.0480 62
52.4320 52.5280 58
52.7520 52.9120 58
54.3520 54.8640 58
54.8960 55.0880 59
55.1200 55.6640 60
56.3360 56.4640 62
56.6560 56.7840 67
56.8160 57.0080 68
57.0400 57.6160 67
57.7440 58.4480 65
58.4800 58.5440 64
59.0880 59.1520 58
59.1840 59.3440 59
59.3760 59.4400 62
59.4720 59.5680 63
59.6000 59.6320 64
59.6640 59.7920 65
59.8240 59.9200 66
59.9520 61.1040 67
61.1360 61.2960 68
61.3280 61.6480 67
61.6800 62.2560 65
62.3840 62.5440 63
62.8320 62.9280 62
62.9600 63.0240 61
63.0560 64.0160 60
64.7520 65.1040 62
65.1360 65.2960 60
65.3280 65.3920 61
65.4240 65.9040 62
66.3200 66.5120 62
66.5440 66.6720 63
66.8320 67.6960 65
67.7280 68.1440 67
68.1760 68.3360 68
68.4960 68.9760 67
69.0080 69.0400 66
69.0720 69.1680 65
69.2000 69.2320 64
69.2640 69.7120 63
69.7440 69.7760 64
69.8080 69.8400 65
69.8720 69.9360 66
69.9680 71.1520 67
71.1840 71.2480 66
72.0160 72.2720 57
72.4000 73.1360 58
73.8080 73.9040 58
74.3200 74.4160 62
74.4480 74.7360 63
74.7680 75.1200 62
75.4080 76.3040 59
76.3360 76.4320 58
77.1680 77.4240 58
77.5840 77.6480 59
77.6800 78.6400 60
79.2480 79.2800 59
79.3120 79.4400 60
79.4720 79.5040 61
79.5360 79.8240 62
79.8560 80.3360 63
80.3680 81.4880 65
81.9040 82.0320 68
82.3200 82.4800 63
82.6080 82.8320 65
82.8640 83.8880 67
83.9200 84.1440 68
84.1760 84.5600 67
84.7520 85.1360 65
85.1680 85.5200 63
85.5520 85.7440 62
85.8720 85.9360 61
85.9680 86.3840 60
86.4160 86.9280 61
87.5680 87.9520 62
87.9840 88.1120 61
88.1440 88.4000 60
88.4320 88.4640 61
88.4960 88.8800 62
89.2320 89.3280 61
89.3600 89.3920 62
89.4240 89.6160 63
89.7440 90.2880 65
90.5760 90.8000 67
90.9600 91.1200 67
91.1520 91.3760 68
91.4080 91.8880 67
91.9200 92.1120 65
92.3040 92.3360 65
92.3680 92.4000 66
92.4320 92.5600 67
92.7840 94.0320 63
94.0640 94.1920 62
94.7040 94.8640 58
94.8960 95.0560 59
95.0880 95.1200 66
95.1520 95.7920 67
95.9520 96.0800 67
96.1120 96.2400 68
96.2720 97.0400 67
97.3600 97.4240 63
97.4560 97.4880 64
97.5200 97.6160 65
97.6480 98.2240 67
98.2560 98.5120 68
98.5440 98.7360 67
98.7680 98.8640 65
99.0560 99.6000 63
100.0480 100.2400 60
100.2720 100.3360 61
100.4640 101.4880 68
101.5200 101.7120 70
101.7440 102.2240 68
102.6720 102.8000 65
102.8320 102.9920 67
103.0240 103.5360 68
103.5680 103.6640 69
103.6960 103.9520 70
103.9840 104.0800 68
104.1120 105.0400 65
105.4560 105.7120 62
105.7440 105.7760 65
105.8080 105.8080 67
105.8400 106.6080 70
106.7360 106.8960 70
106.9280 107.0560 72
107.0880 107.8240 70
108.1120 109.2640 68
109.2960 109.4560 69
109.4880 109.7120 70
109.7440 110.6080 72
110.8640 111.0880 72
111.1200 112.0800 70
112.1120 112.4960 68
112.5280 112.8480 67
112.8800 112.9120 66
112.9440 113.1680 65
113.2000 113.2640 66
113.5200 113.6160 66
113.6480 113.9360 67
113.9680 114.7680 68
114.8960 115.0560 70
115.0880 115.1200 68
115.1520 115.3440 65
115.3760 115.6000 67
115.6320 116.1440 65
116.4960 116.8800 63
116.9120 116.9760 66
117.0080 117.9360 72
117.9680 121.1040 70
121.2960 121.4880 65
121.6160 122.0640 67
122.2560 122.4800 67
122.5120 122.7040 65
122.8960 124.6240 63
128.5600 129.1040 67
134.8000 134.9280 59
135.0880 135.3440 59
135.8560 137.1680 67
139.6320 139.9840 65
140.1760 140.7520 63
140.9440 142.7360 58
167.7280 168.2720 56
168.3040 168.5920 58
168.6240 168.9760 59
169.0080 169.1040 58
169.7440 169.9040 58
170.0640 170.1600 58
170.3200 170.3840 60
170.4160 170.4480 62
170.4800 170.7040 63
170.7360 171.0560 62
171.2800 171.8240 59
171.8560 172.0480 58
173.1040 173.3600 58
173.5200 173.5840 58
173.6160 173.6800 59
173.7120 174.1280 60
174.1600 174.7040 59
175.2480 175.2800 59
175.3120 175.4400 60
175.4720 175.8240 62
175.8560 176.3360 63
176.3680 177.4240 65
177.9040 178.0960 57
178.2560 178.4480 63
178.6080 178.8640 65
178.8960 180.5280 67
180.7840 181.1680 65
181.2960 181.8400 63
181.9680 182.7040 61
183.5680 183.9520 62
183.9840 184.4960 60
184.5280 184.8800 62
185.2640 185.6160 63
185.7760 186.3200 65
186.6080 187.8560 67
187.8880 188.0480 65
188.2400 188.3360 65
188.3680 188.5280 67
188.7520 188.7840 63
188.8160 189.2320 64
189.2640 190.0000 63
190.0320 190.1920 64
190.7040 190.7360 59
190.8000 190.8000 59
191.0560 191.7600 67
191.9520 191.9840 67
192.0160 192.2400 68
192.2720 192.9440 67
193.3600 193.4560 63
193.4880 193.6160 65
193.6480 194.1920 67
194.2240 194.5120 68
194.6400 194.7680 67
194.8000 194.8960 65
195.1200 195.3120 63
195.3440 195.5680 62
196.4960 196.5280 67
196.5600 197.2320 68
197.4240 197.7120 69
197.7440 198.3200 68
198.7040 198.9280 67
198.9600 199.6640 68
199.6960 199.9840 70
200.0160 200.0800 68
200.1120 201.0720 65
201.4240 201.5520 62
201.5840 201.7760 63
201.8080 201.8080 68
201.8400 202.6080 70
202.7680 202.8320 71
202.8640 202.9600 72
202.9920 203.0240 71
203.0560 203.7600 70
204.1120 204.1760 68
204.2080 204.4960 67
204.5280 205.3280 68
205.3600 205.3920 69
205.4240 205.7120 70
205.7440 206.5760 72
206.8000 207.0880 72
207.1200 208.1120 70
208.1440 208.5280 68
208.5600 209.2320 67
209.5520 209.9040 67
209.9360 210.6720 68
210.7040 210.8640 69
210.8960 211.0880 70
211.1200 211.3440 66
211.3760 211.5680 67
211.6000 212.0800 65
212.4000 212.4640 64
212.4960 212.7840 63
212.9440 212.9440 68
212.9760 213.0400 70
213.0720 213.1040 71
213.1360 213.9040 72
213.9360 214.0000 71
214.0320 217.1040 70
217.6480 217.7760 67
217.8080 218.0000 68
218.1920 218.4160 67
218.4480 218.6080 65
218.8000 219.8560 63
220.3040 220.4000 59
220.6240 220.6560 61
220.6880 220.7200 66
220.7520 221.4560 67
221.6480 222.6720 67
222.9600 223.1200 63
223.1520 223.2160 65
223.2480 223.8240 67
223.8560 224.1440 68
224.1760 224.3360 67
224.3680 224.4960 65
224.6880 224.9120 63
224.9440 225.0400 62
225.7120 225.9680 60
226.1280 226.1600 67
226.1920 226.8640 68
226.9920 227.0880 68
227.1200 227.2480 70
227.2800 227.9520 68
228.3040 228.4640 65
228.4960 228.6240 67
228.6560 229.2960 68
229.3280 229.5840 70
229.6160 229.7760 68
229.8080 230.6720 65
231.0240 231.3440 63
231.3760 231.4080 68
231.4400 232.2080 70
232.4640 233.4240 70
233.6800 233.7760 69
233.8080 234.1280 67
234.1600 234.9920 68
235.0240 235.3760 70
235.4080 236.2080 72
236.4640 236.6880 72
236.7200 236.7520 71
236.7840 237.7440 70
237.7760 238.1280 68
238.1600 238.7360 67
239.2480 239.5680 67
239.6000 240.4320 68
240.4640 240.7200 70
240.7520 241.7760 65
242.0960 242.5440 63
242.5760 242.6400 66
242.6720 242.7360 70
242.7680 243.5680 72
243.6000 243.6960 71
243.7280 246.7680 70
247.2160 247.3120 67
247.3440 247.6000 68
247.8240 248.0160 67
248.0480 248.2400 65
248.4960 249.5520 63
249.9040 250.0320 60
250.1600 250.2880 61
250.3200 251.0560 67
251.2160 252.2720 67
252.5920 252.7200 63
252.7520 252.8800 65
252.9120 253.4880 67
253.5200 253.7120 68
253.9040 254.0000 67
254.0320 254.1600 65
254.3840 254.8000 63
255.2800 255.5680 60
255.7280 256.7520 68
256.7840 256.8800 70
256.9120 257.1360 68
257.1680 257.3920 69
257.4240 257.5200 68
257.9360 258.0640 65
258.0960 258.2560 67
258.2880 258.7680 68
258.8000 258.8960 69
258.9280 259.2160 70
259.2480 259.3120 69
259.3440 259.4080 67
259.4400 260.1760 65
260.6240 260.7520 62
260.7840 260.9120 63
260.9440 260.9440 65
260.9760 261.0400 68
261.0720 261.6800 70
262.0960 262.2560 72
262.2880 262.9600 70
263.3120 263.4400 68
263.4720 263.7920 67
263.8240 264.5920 68
264.7200 264.8480 70
264.8800 264.9440 71
265.1040 265.6800 72
266.1280 266.3840 72
266.4160 267.1840 70
267.8560 267.9200 67
269.0400 269.2640 67
