19.7920 19.9520 57
19.9840 20.2400 59
20.4000 20.6240 61
20.7840 21.0720 62
21.1040 21.2320 61
21.2640 21.3600 59
21.3920 21.4880 60
21.5200 22.1600 61
22.8640 23.0240 59
23.0560 23.1200 61
23.3120 23.5040 61
23.5360 23.5360 58
23.5680 23.6000 56
23.6320 23.8240 54
23.8560 23.9520 56
23.9840 25.4240 57
26.7680 26.9280 61
26.9600 26.9920 60
27.2160 27.7920 59
28.0800 28.1440 62
28.1760 28.3680 61
28.4000 28.4320 60
28.4640 28.6560 59
28.6880 28.7840 58
28.8160 28.9440 55
28.9760 29.1360 56
29.1680 29.5840 57
29.7440 29.8720 55
30.1600 30.3200 61
30.5760 31.2160 59
31.4720 31.8240 61
33.1680 33.2000 64
33.2320 33.2960 65
33.3280 33.4880 66
33.5200 33.7120 65
33.7440 34.0000 66
34.0320 34.5440 68
34.5760 34.7360 69
34.9280 35.1200 63
35.1520 35.4400 64
35.4720 35.5360 63
35.5680 35.5680 61
35.6000 35.6000 58
35.6320 35.7920 55
35.8240 35.9200 56
35.9520 36.4000 57
37.0400 37.2000 58
37.2320 38.3520 59
38.3840 38.9280 57
39.6000 39.6960 59
39.7280 39.8880 61
39.9200 40.0160 62
40.0480 40.3040 64
42.2240 42.2880 62
42.9920 43.1840 59
43.4720 44.1120 59
47.2160 47.2800 54
47.4400 47.4720 59
47.5040 47.5680 60
47.6000 47.8880 61
47.9200 48.1440 62
48.1760 48.6240 61
48.6560 48.8480 60
48.8800 49.1680 61
49.5840 49.6800 59
49.7120 49.7440 56
49.7760 49.8080 54
49.8400 49.8720 53
50.2880 50.4480 59
50.4800 50.5440 60
50.7680 51.1200 61
51.1520 51.2160 58
51.2480 51.6640 57
54.1280 54.2240 56
54.2560 54.2880 58
54.3200 54.8640 59
54.8960 54.9600 58
54.9920 55.3120 57
55.3440 55.4080 58
55.4400 55.5040 61
55.7280 55.9840 61
56.1120 56.3360 61
56.3680 56.5280 60
57.1360 57.4880 61
57.5200 57.8080 59
58.0320 58.3840 59
58.4160 58.4480 58
58.4800 58.6720 57
59.0240 59.3120 61
59.3440 59.7600 59
59.7920 59.9520 61
60.6240 60.8800 57
60.9440 61.0400 59
61.0720 61.0720 62
61.1040 61.1680 65
61.2000 61.2960 66
61.4560 62.0000 68
62.0320 62.2240 69
62.2560 62.2560 67
62.2880 62.6400 64
62.6720 62.8000 63
62.8320 62.8960 62
62.9280 62.9920 59
63.0240 63.0560 58
63.0880 63.5360 57
64.0480 64.1760 57
64.2080 64.3360 58
64.3680 65.6480 59
65.6800 65.7120 58
65.7440 66.1280 57
66.9600 67.1200 59
67.1520 67.2800 61
67.5040 67.6320 64
68.4640 68.7200 64
71.2160 71.2480 57
71.5040 72.8160 57
74.3200 74.4160 66
74.4480 74.5760 67
74.7040 74.8000 72
74.8320 75.0880 73
75.1200 75.8560 69
76.0160 76.5920 66
76.6240 76.7200 65
76.9120 77.0720 62
77.3280 77.3920 71
77.4240 77.4880 72
77.5200 77.6480 73
77.6800 77.8720 72
78.5120 78.6080 68
78.8320 79.6640 68
81.5840 81.7120 67
81.7440 81.9680 68
82.0000 82.1920 69
82.2240 82.7040 68
82.7360 82.8320 67
82.8640 82.8960 65
82.9280 83.1520 64
83.2800 83.3120 66
83.3440 83.4080 67
83.4400 83.7280 68
83.9840 84.3040 69
84.5920 84.8160 68
85.0080 85.0720 69
85.1040 86.2240 68
86.2560 86.3200 67
86.3520 87.2160 66
88.4000 88.5600 61
88.5920 88.8800 62
89.2960 89.7120 62
90.1600 90.5120 66
90.5440 90.6720 67
90.7040 90.8000 68
90.8320 91.2160 69
91.4720 93.0400 68
95.3120 95.6960 68
96.2400 96.5600 68
97.1040 97.4880 69
97.5200 97.8720 68
97.9040 97.9680 69
98.5120 98.8000 69
98.9600 99.2160 69
105.3600 105.4560 64
105.6160 105.7440 71
105.7760 106.0000 73
106.0320 106.0640 72
106.0960 106.4480 71
106.4800 106.5760 70
106.6080 106.8320 71
106.8640 106.9920 69
107.1520 107.4400 57
107.4720 107.5040 56
107.5360 107.6000 55
107.6320 107.7920 54
108.0160 108.2080 57
108.4640 108.5920 70
108.6240 108.8480 71
108.8800 108.8800 69
108.9440 109.2000 67
109.3280 109.4240 68
109.4560 109.4880 67
109.5200 109.6800 66
109.8720 109.9680 67
110.0000 110.3200 66
110.5440 111.1520 64
111.8560 112.3040 61
112.4640 112.5600 62
112.5920 112.6240 63
112.6560 112.7840 64
112.8160 113.0080 62
113.1680 114.1280 69
115.5040 115.6960 57
116.0160 116.3360 59
116.5600 117.3920 61
117.4240 117.4560 60
117.4880 117.6480 59
117.6800 117.7760 60
118.1600 118.2240 60
118.2560 118.7040 59
118.7360 118.8640 58
118.8960 118.9280 60
118.9600 119.0560 61
119.0880 119.2800 57
119.3120 119.5360 61
119.5680 119.7280 65
119.7600 120.4320 62
120.5920 120.7520 63
120.7840 121.1680 64
121.4560 121.7760 62
122.3200 122.3840 60
122.4160 122.6720 62
122.7040 122.8960 61
123.1520 123.3120 64
123.5680 123.6640 67
123.6960 124.0160 68
124.0480 124.8800 69
126.6720 127.2480 65
127.4720 127.6320 65
127.6640 128.0480 64
128.2720 128.4960 62
128.5280 128.5600 61
128.5920 128.7200 59
128.7520 128.8480 62
128.8800 129.4240 64
129.4560 129.6160 63
129.6480 129.7440 62
129.7760 129.8080 63
129.8400 132.4000 64
142.0960 142.1920 64
150.0640 150.1280 54
150.3520 150.4160 60
150.6400 150.7360 61
150.7680 150.9920 62
151.0240 151.4400 61
151.4720 151.6960 60
151.7280 152.3040 61
152.5600 152.7840 54
152.8160 152.8800 58
153.1360 153.2960 59
153.3280 153.4560 61
153.5840 153.9680 61
154.0000 154.6080 57
157.0400 157.1680 57
157.2000 157.8080 59
158.0000 158.2560 57
158.2880 158.4160 60
158.6080 158.8000 61
160.0480 160.3680 61
160.4000 160.7200 59
160.8800 161.2960 59
161.3280 161.5200 57
161.7440 162.1280 61
162.1600 162.3520 59
163.4720 163.6640 57
163.8240 163.8560 60
163.8880 163.9200 63
163.9520 164.1440 66
164.3040 165.1040 68
165.1360 165.2320 65
165.2640 165.5520 64
165.5840 165.7120 63
165.7440 165.7760 62
165.8080 165.8720 61
165.9040 165.9360 59
166.0640 166.4160 57
166.8960 166.9280 57
166.9600 167.0880 58
167.1200 168.5280 59
168.5600 168.5920 58
168.6240 169.1680 57
169.8400 169.8720 59
169.9040 169.9680 60
170.0000 170.0640 61
170.3200 172.1440 64
173.7440 173.8080 57
174.0000 176.0480 57
176.0800 176.1760 58
177.5520 177.6800 72
177.7120 177.8720 73
177.9040 177.9680 72
178.0000 178.7040 69
178.8640 179.4400 66
179.4720 179.5680 65
179.7600 179.9520 62
180.1760 180.2080 71
180.2400 180.3040 72
180.3360 180.5280 73
180.5600 180.6880 72
180.7200 180.7840 71
180.8160 180.8800 70
180.9120 180.9440 69
180.9760 182.8960 68
184.4320 184.5600 67
184.5920 184.7520 68
184.8800 185.0720 69
185.1040 185.6160 68
185.6480 185.7120 67
185.7440 185.9040 64
186.1600 186.2560 67
186.2880 186.6080 68
186.8320 187.2160 69
187.4400 187.6960 68
187.8880 189.1040 68
189.1360 189.2000 67
189.2320 190.4160 66
191.3120 191.4080 60
191.4400 191.5040 61
191.5360 191.6000 62
192.1440 192.4320 62
193.0080 193.3920 66
193.4240 193.4240 68
193.4560 193.5200 71
193.5520 193.6160 72
193.6480 193.9680 73
194.3520 196.0480 68
198.1280 198.5120 68
198.9920 199.3120 68
199.8560 200.3040 69
200.3360 200.9760 68
201.1680 204.0800 69
204.6240 204.8160 65
204.8480 204.8800 64
205.0080 205.1040 71
205.1360 205.1680 72
205.2000 205.4240 73
205.4560 206.2560 71
206.2880 206.9600 69
206.9920 207.2480 66
207.4400 207.6960 69
207.8560 207.9840 69
208.0160 208.2720 71
208.3040 208.3040 69
208.4000 208.9120 68
208.9440 209.1040 66
209.2640 209.3920 67
209.4240 209.7120 66
209.9360 210.8320 64
211.2480 211.6960 61
211.8560 212.0160 62
212.0480 212.1440 64
212.1760 212.2080 63
212.2400 212.4320 62
212.5600 213.8400 69
214.8640 215.3440 57
215.3760 215.8240 59
215.8560 216.8800 61
216.9120 217.0720 59
217.1040 217.5840 61
217.6160 217.9040 59
218.0960 218.2240 58
218.2560 218.3840 59
218.4160 218.5440 61
218.7360 218.9600 61
218.9920 219.1200 65
219.1520 219.1840 63
219.2160 219.8560 62
220.0160 220.1760 63
220.2080 220.4960 64
220.5280 220.5600 63
220.5920 220.6560 62
220.8480 221.2640 62
221.7120 221.7760 60
221.8080 221.8400 61
221.8720 222.1920 62
222.2240 222.2560 61
222.5440 222.7680 64
222.9600 223.0880 67
223.1200 223.4080 68
223.4400 224.7200 69
225.5520 225.5520 65
225.5840 225.6480 67
225.6800 225.7440 69
226.0640 226.6720 65
226.8640 226.9280 65
226.9600 227.1840 64
227.2160 227.4400 63
227.7280 228.6240 62
228.6560 228.7200 63
228.7520 230.5120 64
230.5440 230.6080 66
230.6400 230.8960 64
230.9280 230.9280 66
230.9600 231.0880 69
231.1200 231.5360 68
231.5680 231.9200 69
231.9520 232.0480 70
232.0800 232.3680 71
232.4000 232.5280 72
232.5600 232.7520 73
232.7840 232.9440 71
232.9760 233.1040 73
233.1360 233.2640 70
233.2960 233.4240 71
233.4560 233.5200 70
233.5520 234.1280 69
234.5440 234.7360 66
234.7680 234.8000 67
234.8320 235.0240 69
235.2480 235.7920 71
235.8240 236.1760 67
236.3040 236.8480 66
236.8800 236.9760 63
237.0080 238.2880 64
238.8320 238.9600 59
238.9920 239.0240 60
239.0560 239.8880 61
240.0480 240.2400 61
240.5600 240.9120 59
241.0400 241.3920 62
241.7120 242.2240 62
242.2560 242.4480 64
242.4800 242.5120 61
242.5440 242.7680 59
242.8000 243.7920 61
243.9200 244.1440 61
244.1760 244.6880 64
244.7200 244.8160 63
244.8480 245.1040 61
245.7120 245.8400 59
245.8720 245.9680 61
246.1280 246.3200 61
246.3520 246.6080 62
246.6400 246.7680 66
246.9920 247.0560 62
247.4720 247.5040 62
247.5360 247.6000 63
247.6320 247.9520 64
247.9840 248.0480 63
248.3040 248.6560 62
249.1360 249.7120 61
249.9680 250.1920 64
250.3840 250.5120 67
250.5440 250.8000 68
250.8320 252.1760 69
252.9760 253.0080 65
253.0400 253.0400 67
253.0720 253.1360 69
253.4880 254.3520 65
254.3840 254.6080 64
254.6400 254.8640 63
255.1520 255.6320 62
255.6640 255.7600 60
255.7920 256.0160 62
256.0480 256.3360 63
256.3680 256.4320 65
256.4640 259.7600 64
262.8000 263.2160 61
263.2480 263.4400 62
263.7280 263.8880 68
263.9200 266.6720 69
266.7040 267.8560 68
267.8880 268.0480 71
268.0800 268.1120 70
268.1440 268.3040 69
268.3360 268.4640 68
269.1680 269.3280 68
269.3600 269.6160 69
269.8400 270.5440 69
274.3200 274.4480 71
275.3440 275.3760 67
275.4080 275.5680 68
275.7920 276.5920 69
276.6240 276.8480 70
277.2960 277.4240 71
277.4560 277.5520 72
277.5840 278.2880 75
278.3200 278.7040 73
279.1840 279.3760 68
279.4720 279.6000 68
279.9520 280.1120 69
286.5760 286.9920 72
287.0240 287.1840 70
287.2160 287.3760 67
287.4080 287.6320 66
288.0480 288.1440 66
288.4320 288.5280 66
289.5840 289.6800 67
289.7120 289.7760 68
290.3520 290.4160 69
290.4480 290.5120 68
290.5440 290.6400 67
290.6720 290.7040 66
