1.4880 1.7760 52
2.9600 3.2480 52
3.5040 3.5680 52
6.1280 6.5120 60
6.6400 7.2480 62
7.2800 7.3120 65
7.3440 7.4400 66
7.4720 7.9840 67
8.0160 9.9360 64
9.9680 10.0000 63
12.1120 12.6240 62
12.7840 12.9120 65
12.9440 13.5840 67
13.6160 13.6480 65
13.6800 13.8720 62
13.9040 13.9360 63
13.9680 14.5760 64
14.6080 14.6400 63
14.6720 14.8960 62
15.0240 15.8240 60
16.3680 16.5280 60
16.5600 16.6240 61
16.6560 16.6560 63
16.6880 16.6880 66
16.7200 16.7200 68
16.7520 16.8480 70
16.8800 17.3920 71
17.4240 18.0320 72
18.0640 18.2560 67
18.2880 19.6320 69
20.1120 20.4320 60
20.6560 22.8320 67
23.4720 23.5680 63
23.6000 25.4560 65
25.4880 25.7760 67
25.9360 26.0960 62
26.1280 26.4480 64
26.4800 27.2480 62
28.1120 28.3360 67
28.4640 29.3280 64
29.4560 30.6720 65
30.8320 31.0560 67
31.0880 31.4080 62
31.4400 31.9520 64
32.1120 32.2720 60
32.3040 32.7840 62
33.4560 33.6160 59
33.6480 36.4960 60
59.5040 60.1120 60
60.1440 60.2720 61
60.3040 60.3360 62
60.3680 60.4640 65
60.4960 61.0080 67
61.0400 61.2960 65
61.3280 61.5840 64
61.7440 62.6400 65
63.6640 64.1120 56
64.4320 64.4640 58
64.4960 64.8800 59
65.0400 65.2640 62
65.3920 65.6160 62
65.7440 66.3200 65
66.3520 66.6400 64
66.6720 66.9280 62
67.0560 67.1840 62
67.2160 67.2480 63
67.2800 67.9840 64
69.7120 70.0640 57
70.0960 70.2880 58
70.3200 70.3840 59
70.4160 70.6080 60
70.7680 70.9280 60
71.0560 71.1520 65
71.1840 71.7920 67
71.8240 71.8560 66
71.8880 72.0800 65
72.1120 72.1440 64
72.4000 72.5920 59
72.6240 72.8160 60
72.8480 72.9120 59
73.1040 73.4880 57
74.0640 74.1280 62
74.1600 74.2880 64
74.3200 74.5440 65
74.7040 74.8960 64
75.0560 75.2800 65
75.3120 75.5040 64
75.5360 75.5680 63
75.7600 75.9200 60
76.2080 76.5280 57
76.6560 77.5520 55
79.3760 79.9840 55
80.4640 81.5840 60
81.6160 81.6800 63
81.7120 81.8080 65
81.8400 82.2880 67
82.4160 82.6400 65
82.7680 83.1840 64
83.2160 83.8880 65
84.7840 85.1680 55
85.7760 86.1280 59
86.4160 86.9920 62
87.1200 87.2800 65
87.4400 87.6640 65
87.6960 87.9520 64
88.1120 88.5920 62
88.6240 89.2640 64
91.0880 91.5360 57
91.5680 91.7280 58
91.7600 92.3680 60
92.4000 92.4960 65
92.5280 93.1360 67
93.1680 93.6160 65
93.7760 94.2560 60
94.4480 94.8000 57
95.4720 95.7600 63
95.7920 95.9840 65
96.1120 96.2720 64
96.3040 96.7200 65
96.7520 97.0080 64
97.0400 97.2640 60
97.4240 97.8080 69
98.0000 98.8640 67
99.5360 99.9840 60
100.1440 100.6880 62
100.7200 100.8160 65
100.8480 100.9120 66
100.9440 101.4240 67
101.4560 101.4880 66
101.5200 101.7760 65
101.8080 104.0160 64
104.6240 105.2000 60
105.4880 105.9360 62
106.0960 106.2560 65
106.2880 106.9600 67
107.0880 107.2480 62
107.2800 108.0800 64
108.1120 108.3360 62
108.3680 109.0720 60
110.1280 110.2880 70
110.3200 110.5120 71
110.8000 111.1840 72
111.5360 112.7840 69
113.9040 114.0320 65
114.0640 115.9520 67
116.9120 117.9680 65
118.0960 118.8000 65
118.8320 119.0240 67
119.2160 119.3760 62
119.4080 119.7600 64
119.7920 120.2400 62
120.6560 121.2960 60
121.4560 122.0640 62
122.0960 122.7360 67
122.7680 125.3920 64
125.5200 125.5840 64
126.1280 126.5120 60
126.8320 127.2800 62
127.4400 127.5680 65
127.6000 128.3040 67
128.4320 128.6240 62
128.6560 129.3600 64
129.3920 129.6160 62
129.6480 129.8400 61
129.8720 130.4800 60
131.0880 131.2480 60
131.2800 131.3760 61
131.4080 131.4080 65
131.4400 131.4400 67
131.4720 131.6000 69
131.6320 132.0800 71
132.1120 132.6880 72
132.7200 132.7200 68
132.8160 132.9440 67
132.9760 134.4480 69
135.2800 135.4400 65
135.4720 137.3600 67
138.1600 138.2240 64
138.2560 140.0160 65
140.0480 140.2720 67
140.4960 140.7200 62
140.7520 140.8160 64
140.8480 140.9120 63
141.0720 141.9040 62
142.8320 143.0560 67
143.1840 144.0160 64
144.1760 145.0720 65
145.5840 145.7120 67
146.1280 146.4160 64
146.8320 146.9600 60
146.9920 147.3760 62
148.1760 148.3040 59
148.3360 151.4400 60
179.1840 179.3440 59
179.3760 179.4400 60
179.7920 180.0160 60
180.4960 180.5920 66
180.6240 181.1360 67
181.1680 181.3920 65
181.5520 181.9680 64
182.0000 182.6400 65
183.5040 183.6320 62
185.1360 185.7120 62
185.8400 186.0320 65
186.1920 186.4480 65
186.4800 186.7040 64
186.8640 187.1200 62
187.1520 187.2800 63
187.3120 187.8560 64
189.8720 190.2880 57
190.4800 190.7040 60
190.8960 191.0560 60
191.0880 191.1200 62
191.1520 191.9200 67
191.9520 192.2400 65
192.5280 192.7520 59
192.7840 193.0400 60
193.0720 193.1360 59
193.1680 193.4240 57
194.1920 194.2560 63
194.2880 194.3520 65
194.5120 194.7040 65
194.8640 195.0560 64
195.1840 195.4400 65
195.4720 195.5360 63
195.5680 195.7920 64
196.0480 196.3040 60
196.4640 196.5280 67
196.5600 197.1360 69
197.1680 197.7120 67
198.0640 198.7040 60
198.8960 199.4720 62
199.5040 199.6960 65
199.7280 200.3040 67
200.3360 202.8320 64
202.9600 203.1840 65
203.2160 203.6640 64
203.6960 203.8560 63
204.2720 204.6240 60
204.6560 204.7200 62
204.8800 204.9440 65
204.9760 205.0080 66
205.0400 205.7760 67
205.8080 206.0640 63
206.0960 206.7360 64
206.8640 207.0560 62
207.0880 207.2160 61
207.2480 207.2800 60
207.3120 207.7920 59
208.9120 208.9440 69
208.9760 209.0080 70
209.0400 209.5200 71
209.5520 209.9680 72
210.2560 210.3200 68
210.3520 211.6640 69
212.6240 212.7520 65
212.7840 214.6400 67
215.6640 215.7280 65
215.8560 216.7200 65
216.8800 217.4560 65
217.4880 217.5520 66
217.5840 217.7760 67
218.1280 218.4800 64
218.5120 218.6080 63
218.6400 218.8640 62
218.8960 219.1840 60
219.2160 219.8560 59
219.8880 220.0480 60
220.2400 220.7200 62
220.7520 220.7840 63
220.8160 220.9760 66
221.0080 221.4880 67
221.5200 223.7600 64
225.5840 226.0320 62
226.2560 226.3840 65
226.4160 227.0880 67
227.2160 227.4080 63
227.4400 228.1440 64
228.2720 228.4960 62
228.6240 230.1920 60
230.2240 230.3840 69
230.4160 230.8000 71
230.9280 231.3120 72
231.3440 231.5680 69
231.6000 231.7280 67
231.7600 233.0720 69
233.4240 233.5200 69
234.0960 234.2240 66
234.2560 236.1440 67
237.0080 238.3520 65
238.5120 238.8000 65
238.9280 239.0560 69
239.7920 240.3040 62
240.8800 241.3920 60
241.5520 242.1280 62
242.1600 242.1920 65
242.2240 242.8320 67
242.8640 242.9600 65
243.0560 243.0880 64
243.1520 243.3440 64
243.4720 245.4880 64
245.7440 245.8080 60
245.9360 246.0320 60
246.2240 246.6720 60
246.9600 247.4400 62
247.6000 248.4640 67
248.5920 248.7840 62
248.8160 249.4240 64
249.5840 249.6800 62
249.7120 249.7760 61
249.8720 250.5760 60
251.0240 251.4080 72
251.5040 252.1440 71
252.2720 252.7520 72
252.8800 254.5120 69
254.6720 254.8960 69
255.0560 255.1840 68
255.4080 257.3920 67
258.2560 260.0800 65
260.2080 260.4000 65
260.5600 261.1040 64
261.1360 261.6480 62
261.6800 261.6800 61
261.7120 261.8400 62
262.1920 262.2560 63
262.9920 263.0880 65
263.2800 263.8560 64
263.9840 264.0800 65
264.2400 265.3600 65
266.1600 266.2880 61
266.4480 266.5760 61
266.9600 266.9920 61
267.0240 267.3440 62
267.3760 267.3760 61
267.5680 267.8880 59
268.2400 268.4640 59
268.6560 271.1840 60
271.3120 271.3760 60
271.5360 271.5680 60
290.1920 290.7040 70
290.9920 291.1200 70
291.2480 291.5040 70
294.2560 294.6400 68
294.8000 295.0560 68
295.4720 295.5360 68
295.6960 295.7600 68
