27.0560 27.2800 52
27.3120 27.6640 55
27.6960 27.9200 52
27.9520 28.4320 55
28.4640 28.4960 53
29.8400 30.2240 52
30.2560 30.2880 53
30.3200 30.3520 54
30.3840 30.4800 55
30.6080 30.7680 52
30.8000 30.9920 46
31.0240 31.1200 47
31.1520 31.5040 48
32.7200 32.9120 45
32.9440 33.0080 47
33.0400 33.2960 48
33.3280 33.3600 46
33.3920 33.6480 45
33.6800 33.7120 46
33.7440 33.9040 47
33.9360 34.2560 48
35.5360 35.6000 46
35.7920 35.9200 50
35.9520 36.1120 52
36.1440 36.1760 50
36.3040 36.5600 45
36.5920 36.6880 48
36.7200 37.0080 50
38.3200 38.4800 52
38.5120 38.5440 53
38.5760 38.9920 55
39.0240 39.3120 52
39.3440 39.5040 55
39.5360 39.6640 54
39.6960 39.7920 51
41.1680 41.2960 51
41.4240 41.5840 57
41.6160 41.7440 59
41.8720 42.0640 57
42.0960 42.0960 54
42.1280 42.3520 50
42.3840 42.7040 52
43.9840 44.1120 49
44.2400 44.6240 52
44.6560 44.8800 55
44.9120 45.1360 50
45.1680 45.6160 52
45.6480 45.9680 50
46.0000 47.4400 48
52.4640 52.6880 52
52.7200 53.1040 55
53.1360 53.4240 52
53.4560 53.5200 53
53.5520 54.2240 55
55.2800 55.4080 52
55.5360 55.6640 55
55.6960 55.8240 51
55.8560 55.9520 49
55.9840 56.1760 51
56.2080 56.2080 49
56.2400 56.4960 46
56.5280 56.7840 48
56.8160 56.9120 47
58.1280 58.2880 46
58.3200 58.4160 47
58.4480 58.6720 48
58.8320 58.8960 46
59.0560 59.6320 48
60.2720 61.1360 51
61.2640 61.4880 45
61.6160 62.3840 50
63.7600 63.9840 52
64.0160 64.4320 55
64.4640 64.5600 52
64.7520 65.4240 55
65.4560 65.4880 53
66.5440 66.7680 52
66.8000 66.9600 57
66.9920 67.1200 59
67.1520 67.4080 57
67.5360 67.7920 52
67.8240 67.9200 50
67.9520 68.1120 47
69.4240 69.5200 50
69.5520 69.9680 45
70.0960 70.2880 52
70.4160 70.6720 51
70.7040 70.8640 48
70.8960 70.9280 46
71.0880 71.3120 45
71.4400 72.7520 48
77.8080 77.8080 52
77.8400 78.0640 57
78.0960 78.4160 60
78.5440 78.7360 57
78.7680 78.9280 60
78.9600 79.1520 62
79.1840 79.4080 59
79.4400 80.0800 60
80.1120 80.1760 57
80.2080 80.2080 52
80.2400 80.2400 50
80.6240 80.8480 51
80.8800 80.8800 53
80.9120 81.2640 55
81.2960 81.5840 52
81.6160 81.7760 55
81.8080 82.0000 57
82.0320 82.2560 54
82.2880 82.7680 55
82.8000 82.9920 53
83.4720 83.4720 57
83.5040 83.6320 60
83.7600 84.0480 57
84.1760 84.3360 55
84.4640 84.6560 50
84.6880 84.9440 52
84.9760 85.0720 50
85.1040 85.2000 49
85.2320 85.5840 48
85.6160 86.0640 50
86.0960 86.1600 51
86.1920 86.2880 52
86.3200 86.3840 53
86.4160 86.7680 55
86.8000 87.0560 57
87.0880 87.3120 54
87.3440 88.2720 55
88.3040 88.3680 54
89.1680 89.1680 55
89.2000 89.3920 57
89.4240 89.7760 60
89.8080 90.1280 57
90.1600 90.2880 60
90.3200 90.5440 62
90.5760 91.5040 60
91.9840 92.1760 52
92.2080 92.2720 53
92.3040 92.6240 55
92.6560 92.6560 58
92.6880 92.7200 61
92.7520 92.8480 63
92.9760 93.3280 62
93.3600 94.1280 60
94.1600 94.1600 56
94.1920 94.1920 54
94.2240 94.2560 52
94.8320 95.0240 50
95.0560 95.3120 52
95.3440 95.3760 51
95.5040 95.6960 55
95.7280 96.0800 51
96.1120 96.4320 52
96.4640 96.7200 50
96.8160 98.0640 48
103.2480 103.2800 51
103.3120 103.4720 52
103.5040 103.7280 54
103.7600 104.3360 52
104.3680 104.9120 55
104.9440 105.0400 53
106.0000 106.2880 52
106.3200 106.4480 55
106.4800 106.5760 54
106.6080 106.9600 51
106.9920 107.1840 45
107.2160 107.5680 48
108.8800 109.0400 46
109.1680 109.5200 48
109.5520 109.7120 46
109.8400 110.1600 48
110.5120 110.6720 45
110.8960 110.9920 51
111.0240 111.1520 50
111.1840 111.3440 52
111.3760 111.5040 50
111.5360 111.6640 52
111.6960 111.6960 50
111.7920 111.9520 46
112.1120 112.6240 50
114.5440 114.7680 52
114.8000 115.2160 55
115.2480 115.4400 52
115.4720 116.2720 55
116.3040 116.3680 52
116.4000 116.4000 50
117.2960 117.3600 49
117.3920 117.5520 52
117.6800 117.7120 57
117.7440 118.0960 59
118.1280 118.2880 57
118.3200 118.3200 54
118.3520 118.9600 52
120.1440 120.2400 46
120.3680 120.9760 51
121.1680 121.5520 51
121.5840 121.7120 48
121.8400 122.2240 45
122.2560 123.4720 48
128.5600 128.6240 55
128.6560 128.8480 57
128.8800 129.2000 60
129.3600 129.5520 57
129.5840 129.7120 60
129.7440 129.9360 62
129.9680 130.2240 59
130.2560 130.9280 60
131.4400 131.6960 52
131.7280 132.0480 55
132.2080 132.3680 52
132.4000 132.5600 55
132.5920 132.8160 57
132.8480 133.0400 53
133.0720 133.5200 55
133.5520 133.6160 50
134.2880 134.2880 56
134.3200 134.4800 59
134.5120 134.6720 55
134.7040 134.8000 57
134.8320 134.8640 56
134.9920 135.0880 55
135.2800 135.6640 52
135.6960 135.8240 49
135.9520 136.3680 48
136.4000 136.5280 50
136.6560 136.7840 50
136.8160 137.1040 52
137.1360 137.5200 55
137.5520 137.8080 57
137.8400 138.0640 54
138.0960 138.8320 55
138.8640 138.8960 54
139.9520 139.9520 55
139.9840 140.1760 57
140.2080 140.5920 60
140.6240 140.8800 57
140.9120 141.0400 61
141.0720 141.2960 62
141.3280 142.1280 60
142.7680 142.9600 52
142.9920 143.3760 55
143.4080 143.4080 59
143.4400 143.6000 63
143.7280 144.1120 62
144.1440 145.1360 60
145.5840 145.9040 50
145.9360 146.2560 52
146.2880 146.4480 55
146.4800 146.4800 53
146.5120 146.7040 50
146.7360 146.9600 52
147.2480 147.3760 50
147.6640 147.7920 47
147.8240 149.0720 48
154.0640 154.0640 51
154.0960 154.2560 57
154.2880 154.3520 58
154.3840 154.6720 60
154.8000 155.0560 57
155.0880 155.4080 62
155.4400 155.6960 59
155.7280 156.0480 60
156.2080 156.2720 60
156.8800 156.9760 52
157.1360 157.1360 53
157.1680 157.5520 55
157.5840 157.7120 59
157.7440 157.9360 57
157.9680 158.0000 58
158.0320 158.1280 59
158.1600 158.1920 58
158.2240 158.3840 56
158.4160 158.7680 57
163.9840 164.1120 45
164.2400 164.3680 47
164.4000 164.6240 48
164.6560 164.6560 53
164.6880 164.8480 55
164.8800 164.8800 52
164.9120 165.0080 49
165.0400 165.1360 50
165.1680 165.4240 52
165.6480 165.9680 50
166.0000 166.0320 48
166.0640 166.1920 46
166.2240 166.3840 47
166.4160 167.4400 48
