14.5440 14.7360 65
14.7680 14.8320 63
15.1520 15.2800 62
15.3120 15.6320 63
15.6640 15.7280 61
15.8880 16.0480 63
16.2720 16.4000 63
16.4320 16.4960 65
17.6160 17.7120 64
17.7440 17.7760 63
18.3520 18.6720 63
18.8640 19.0240 61
19.0560 19.2160 63
19.3440 19.4400 59
20.9760 21.1040 64
21.1360 21.2640 61
21.2960 21.7120 63
21.7440 21.8400 61
21.8720 21.9040 62
21.9360 22.0960 63
22.3200 22.4160 63
22.4480 22.5760 65
23.7920 23.9520 63
23.9840 24.2400 61
24.2720 24.3360 63
24.5280 24.6560 63
24.6880 24.7200 62
24.7520 25.0080 61
25.0400 25.0720 62
25.1040 25.1680 63
26.6400 26.7680 65
26.8960 26.9600 62
27.1520 27.2800 61
27.3120 27.6320 63
27.6640 27.7280 62
27.8880 28.0160 61
28.0480 28.2400 63
28.2720 28.3040 61
28.3360 28.3680 59
29.5520 29.5840 64
29.6160 29.7440 65
29.7760 29.8400 63
29.8720 29.9040 62
29.9360 30.2240 61
30.2560 30.3200 63
30.5120 30.6400 63
30.6720 30.9600 61
30.9920 31.1520 63
31.2800 31.4720 58
32.5600 32.7840 65
32.8160 32.9440 63
32.9760 33.0720 65
33.1040 33.2640 62
33.2960 33.5520 63
33.6800 34.0000 61
34.0320 34.2240 63
34.2560 34.2880 61
35.7920 35.9200 63
36.1440 36.2080 63
36.4960 36.5600 63
36.5920 36.6880 62
36.8480 37.0080 61
37.0400 37.2000 63
37.2320 37.5200 58
38.0000 38.7360 65
38.7680 38.9600 63
39.3440 39.7280 60
39.9200 40.0800 60
40.1120 40.1440 58
40.1760 40.7840 56
40.8160 40.9120 55
41.0720 41.4880 56
42.2880 42.3520 59
42.3840 42.7040 60
42.8960 43.0560 59
43.0880 43.1520 58
43.1840 43.2160 57
43.2480 44.3360 56
44.3680 44.4960 54
44.5280 44.7840 53
44.9760 45.0720 65
45.1040 45.1040 63
45.2640 45.6800 63
45.8720 46.0640 62
46.0960 46.7680 60
46.8000 46.8320 59
47.0240 47.3760 60
47.4080 47.5360 57
48.0480 48.8160 61
48.8480 49.2640 63
49.2960 49.6160 68
49.6480 50.0640 65
50.3840 50.5760 65
50.7360 50.9920 65
51.1520 51.1840 63
51.2160 51.8880 65
51.9200 52.5600 63
52.5920 52.6240 62
52.6560 52.8800 61
53.3600 53.5840 65
53.7440 54.0000 65
54.1280 54.9280 65
54.9600 55.5680 63
55.6000 55.9520 61
56.1760 56.5280 67
56.5600 56.7520 65
56.7840 56.8480 63
56.8800 57.2640 65
57.2960 57.5520 63
57.8720 58.0320 68
58.0640 58.2560 65
58.4480 58.8000 65
58.8320 59.0240 63
59.2160 59.4080 59
59.4400 59.5680 57
59.7600 59.8240 65
59.9840 60.1440 63
60.1760 60.7200 65
60.8800 61.1360 65
61.1680 61.2320 63
61.2640 61.7760 61
62.0000 62.9920 65
63.0880 63.8880 65
63.9200 64.5600 63
64.5920 64.9120 61
65.3280 65.5840 65
65.7440 66.0000 65
66.1280 66.9280 65
66.9600 67.5680 63
67.6000 67.9520 61
68.1120 68.2080 66
68.3680 68.5920 66
68.6240 69.0720 65
69.2320 69.2960 64
69.3280 69.4560 63
69.8400 70.0000 68
70.0320 70.4480 65
70.4800 70.6400 64
70.8320 70.9600 63
71.3760 71.5360 68
71.5680 71.7920 65
71.9840 73.0720 65
73.1040 73.2320 62
73.3920 73.9680 63
74.0000 74.9920 65
75.1200 75.2480 64
75.2800 75.8560 65
75.8880 76.6240 63
76.6560 76.9120 61
77.3600 77.5520 64
77.7120 78.3840 61
78.8640 79.0560 63
79.2480 79.7920 61
79.8240 80.0160 63
80.3360 80.6880 66
81.1680 81.2640 61
81.2960 81.6800 63
81.9040 82.1280 63
82.3200 82.4800 63
82.5120 82.6080 65
83.3760 83.5040 58
83.7920 83.9520 63
83.9840 84.2400 61
84.2720 84.4000 63
84.5280 84.7200 63
84.8800 85.0400 61
85.0720 85.2640 63
85.2960 85.3920 59
86.3840 86.5760 66
86.6080 86.7680 65
86.8000 86.9280 64
86.9600 87.0880 65
87.1200 87.2480 62
87.2800 87.6640 63
87.6960 87.7280 61
87.9200 88.1440 63
88.3360 88.3680 63
88.4000 88.4320 64
88.4640 88.5600 65
89.3920 89.5840 57
89.7760 89.9040 63
89.9360 89.9360 61
90.1280 90.1600 61
90.1920 90.3840 63
90.6080 90.6080 59
90.8320 91.0560 61
91.0880 91.1520 63
92.0160 92.3680 65
92.5280 93.3600 65
93.5520 93.7120 63
93.7440 94.3840 61
95.7600 95.8240 63
95.8560 96.0160 65
96.5280 96.7200 63
96.8800 97.0720 61
97.2640 97.3920 63
97.4240 97.5840 65
97.6160 98.2560 63
98.3840 98.6720 66
98.8000 99.0240 63
99.1520 99.3760 61
99.5360 99.8240 63
99.8560 100.0480 61
100.0800 100.2720 63
101.3920 101.5840 57
101.7760 101.8720 62
102.1280 102.2560 61
102.2880 102.6080 63
102.6400 102.7360 62
102.8960 102.9920 61
103.0240 103.2160 63
103.6320 103.6640 66
103.6960 103.9840 68
104.0160 104.3040 67
104.3360 104.5280 68
104.5600 104.7520 65
104.7840 105.0400 63
105.3280 105.7440 60
105.9360 106.0320 60
106.0640 106.0960 59
106.1280 106.1920 58
106.2240 106.7680 56
106.8000 106.8640 55
106.8960 106.9920 54
107.0240 107.0880 55
107.1200 107.4720 56
108.3040 108.3360 59
108.3680 108.7200 60
108.9120 108.9760 59
109.1040 109.2000 57
109.2320 109.7120 56
109.9680 110.3200 56
110.3520 110.5440 54
110.5760 110.7040 53
110.7360 110.7680 54
110.8000 110.8640 56
110.9920 111.0880 65
111.1200 111.1200 63
111.2480 111.2800 62
111.3120 111.6960 63
111.9520 111.9840 62
112.0160 112.0800 61
112.1120 112.8160 60
113.0400 113.3920 60
113.4240 113.6160 57
113.6480 113.7120 58
113.7440 113.8400 59
114.0640 114.8320 61
114.8640 115.2480 63
115.2800 115.2800 65
115.3120 115.3440 67
115.3760 115.6320 68
115.6640 116.1760 65
116.3680 116.5600 65
116.7200 116.9760 65
117.1360 117.2640 63
117.2960 117.9040 65
117.9360 118.6080 63
118.6400 118.8960 61
119.3440 119.5680 65
119.7600 119.9840 65
120.1440 120.2720 64
120.3040 120.9120 65
120.9440 121.6160 63
121.6480 121.9680 61
122.1280 122.5120 67
122.5440 122.7360 65
122.7680 122.8000 63
122.8640 122.8960 63
122.9280 123.2800 65
123.3120 123.5360 63
123.8560 123.9840 68
124.0160 124.0800 67
124.1120 124.2720 65
124.4640 124.5920 64
124.6240 124.7840 65
124.8160 125.0080 63
125.2320 125.3280 59
125.3600 125.3600 62
125.3920 125.5200 68
125.5520 125.6160 65
125.9680 126.1600 63
126.1920 126.6720 65
126.8960 127.1520 65
127.1840 127.2480 62
127.2800 127.7280 61
127.7600 127.7920 60
128.0160 128.1440 65
128.1760 128.3040 63
128.3360 128.9760 65
129.1360 129.1680 63
129.2000 129.2640 64
129.2960 129.8720 65
129.9040 130.6080 63
130.6400 130.8960 61
131.3440 131.5680 65
131.7600 132.0160 65
132.1120 132.1440 65
132.1760 132.2720 64
132.3040 132.9120 65
132.9440 133.5840 63
133.6160 133.6480 62
133.6800 133.9680 61
134.0960 134.2880 66
134.3200 134.5760 67
134.6080 135.0880 65
135.2480 135.4400 63
135.8560 136.0480 68
136.0800 136.6560 65
136.8160 136.9440 63
137.3280 137.5200 68
137.5520 137.8080 65
138.0000 139.0880 65
139.1200 139.2800 62
139.4080 139.9840 63
140.1120 140.1120 62
140.1440 140.9760 65
141.1040 141.9040 65
141.9360 142.6080 63
142.6400 142.8960 61
143.3440 143.5040 65
143.5360 143.5360 63
143.7280 144.3680 61
144.8480 145.0400 64
145.0720 145.1040 62
145.2320 145.7760 61
145.8080 146.0320 63
146.1280 146.1600 66
146.3520 146.7040 66
