0.5280 0.5600 68
0.5920 0.6240 69
0.6560 1.0720 70
1.1040 1.7120 67
1.7440 1.8080 65
1.8400 2.0320 64
2.0640 2.2240 63
2.2560 3.1200 62
3.7600 4.0160 63
4.1760 4.2720 66
4.3040 4.4000 65
4.7840 4.8480 62
4.9760 5.0720 61
5.1040 5.9040 60
6.9280 7.1520 65
7.1840 7.2160 68
7.2480 7.5680 69
7.6000 7.9520 70
7.9840 8.0480 69
8.0800 8.9760 68
9.0080 9.2320 67
9.2640 9.3280 68
10.2240 10.3520 65
10.3840 10.5440 64
10.7360 10.8320 63
10.8640 10.9600 62
10.9920 11.0880 63
11.1200 12.2400 64
12.8160 12.9120 68
12.9440 12.9760 69
13.0080 13.1680 70
13.2000 13.2320 69
13.2640 13.5520 68
13.5840 13.7760 67
13.8080 14.0320 66
14.0640 14.1920 65
14.2240 15.4400 63
16.1440 16.4960 63
16.6560 16.8800 65
16.9120 16.9440 63
16.9760 17.2640 62
17.4880 18.1920 61
18.2240 18.4800 62
19.4080 19.6640 66
19.7920 19.8560 68
19.8880 20.4000 69
20.5920 21.6800 67
23.4720 23.7600 66
23.7920 23.8880 65
23.9200 23.9520 64
23.9840 25.4240 63
25.4560 25.5200 68
25.5520 25.5840 70
25.6160 25.7120 71
25.8720 26.0320 67
26.0640 26.1600 68
26.2880 26.4480 66
26.4800 26.6400 65
26.6720 27.4400 64
28.4000 28.7840 64
28.8160 28.9120 65
28.9440 29.1040 64
29.2640 29.3280 60
29.3600 30.4800 59
31.4080 31.4400 59
31.4720 31.5360 62
31.5680 31.6000 64
31.6320 31.7920 65
31.8240 32.3040 68
32.3360 32.5920 69
32.6240 33.6480 68
34.7040 34.7680 65
34.8000 34.9280 64
35.1200 35.3120 64
35.5360 35.8880 65
35.9200 36.4320 66
37.2960 37.4240 69
37.4560 37.6160 71
37.6480 38.0960 67
38.1280 38.1920 66
38.2240 38.2880 64
38.4480 39.4400 64
40.3680 40.6240 64
40.6560 40.7840 65
40.8160 40.9120 64
40.9440 41.0720 61
41.1040 42.3520 59
43.2480 43.3120 59
43.3440 43.3760 62
43.4080 43.6320 64
43.6640 43.8240 67
43.8560 44.3680 68
44.4000 44.5600 66
44.5920 44.8160 67
44.8480 45.2320 68
45.8720 45.9040 64
45.9360 46.1920 65
46.2240 46.3840 66
46.4160 46.7040 67
46.7360 46.7680 66
46.9280 46.9920 67
47.0240 47.1520 66
47.1840 47.4080 65
47.4400 47.6000 64
48.0800 48.8160 64
50.6400 50.7040 70
50.7360 50.9600 71
51.0880 51.2160 67
51.2480 51.3760 68
51.6000 51.6640 66
51.7920 51.8560 65
51.8880 52.6560 64
53.5840 53.8080 64
53.9680 54.0640 66
54.0960 54.2240 64
54.4480 54.6080 59
54.7680 55.6640 59
56.7520 56.8800 52
56.9120 56.9760 55
57.0080 57.3920 56
57.4240 57.6480 57
57.6800 59.0560 56
59.9200 60.0160 65
60.3040 60.8800 64
60.9120 61.1040 65
61.1360 61.6800 66
62.4800 62.5760 57
62.6080 62.7680 59
62.8000 62.8320 58
62.8640 63.2160 56
63.2480 63.4400 54
63.6000 64.6560 52
65.3920 66.0960 64
66.1280 66.2880 61
66.3200 66.4160 59
66.5760 67.2800 59
68.4640 68.4960 60
68.5280 68.6240 64
68.7840 69.0080 56
69.1680 69.2000 68
69.2320 69.4240 69
69.5840 69.6800 66
69.7120 70.4480 68
70.9920 71.1200 64
71.1520 71.3120 65
71.3440 72.0160 66
72.1440 72.3680 54
72.4000 74.5440 52
78.1280 78.2240 67
78.2560 78.4160 64
78.4480 78.4800 67
78.5120 78.6400 68
80.9440 81.3600 71
81.3920 81.4560 70
81.4880 81.7440 69
81.7760 82.0960 68
82.1280 82.2880 67
82.3200 82.3520 66
82.3840 82.5120 65
82.5440 82.8320 64
82.8640 83.2800 67
83.3120 83.5040 68
83.5360 83.6960 67
83.7280 83.7920 66
83.8240 83.8560 65
83.8880 84.0800 64
84.4000 84.4640 64
84.4960 84.7200 65
84.7520 85.2000 66
85.2320 85.4240 67
85.4560 85.5840 66
85.6160 85.7440 68
85.8720 86.2560 66
87.4080 87.4720 67
87.5040 87.5680 68
89.9360 90.0640 67
90.0960 90.2880 65
90.3200 90.3520 67
90.3840 90.6080 68
92.7840 93.2000 71
93.2320 93.5200 69
93.5520 93.8080 68
93.9680 94.0960 66
94.1280 94.2240 65
94.3520 94.5760 64
94.6080 95.1520 66
95.1840 95.3440 68
95.5040 96.0160 65
96.2080 96.3040 64
96.4320 97.1040 64
98.0000 98.2880 71
98.3200 98.8960 68
98.9280 99.2160 65
101.0720 101.2960 64
101.3280 101.5520 66
101.7440 101.9680 61
102.0000 102.5760 58
102.7680 102.8320 59
103.9520 104.3040 64
104.3360 104.6240 68
104.6560 104.9440 71
104.9760 106.3200 68
106.3520 106.4800 70
107.2160 107.4720 66
107.5040 107.9200 64
107.9520 108.0480 65
108.0800 109.2320 66
109.8400 110.0960 71
110.1280 110.1920 70
110.2240 110.2880 67
110.3200 110.4480 70
110.5760 110.6400 67
110.6720 110.7360 66
110.7680 111.0240 65
111.0560 111.4720 64
111.5040 111.6320 63
111.6640 111.8560 64
112.7840 113.1040 64
113.1360 113.1680 65
113.2000 113.2960 66
113.3280 113.3600 65
113.3920 113.4560 63
113.4880 113.5520 61
113.8080 113.9040 58
113.9360 113.9680 57
114.3200 114.4160 56
115.7920 116.1120 52
116.1440 116.6240 56
116.6560 116.7520 57
116.9760 117.8080 56
118.4160 118.6400 53
118.6720 118.9600 54
119.0880 119.7280 66
119.9200 119.9840 65
120.0160 120.2400 66
120.6880 120.7520 66
120.7840 121.0080 67
121.0400 121.2000 65
121.2320 121.3920 66
121.4240 121.8400 65
128.7520 128.8480 59
128.8800 128.9440 60
128.9760 128.9760 56
129.0720 129.1040 54
129.1360 130.8320 53
132.3680 132.4320 60
132.7200 133.1680 60
133.4240 133.9040 59
134.9920 135.4720 75
136.9760 137.3600 74
137.3920 137.5200 73
137.7120 138.4160 74
140.7200 140.9440 67
140.9760 141.2640 68
141.2960 141.3920 69
141.4240 141.7120 68
141.7440 141.8080 67
141.8720 141.9360 66
142.0960 142.3520 67
142.3840 142.6080 66
142.7360 142.9280 66
143.0880 143.1520 66
143.6640 143.7280 66
145.3600 145.4880 68
145.5200 145.6480 71
145.7760 145.9040 66
145.9360 146.0320 67
146.2880 146.3840 66
146.4160 146.4800 65
146.5120 147.5360 64
148.3040 148.7840 65
148.8160 148.9440 64
149.0720 149.1680 60
149.2000 150.3200 59
151.3120 151.3440 58
151.3760 151.3760 60
151.4080 151.6960 64
151.7280 153.6160 68
154.6080 154.8320 64
154.9920 155.2160 64
155.3760 155.8880 64
155.9200 156.4000 66
157.1680 157.2000 68
157.2320 157.5200 70
157.5520 158.2240 67
158.2560 158.4160 64
158.4480 158.7680 63
158.8000 159.1200 64
159.1520 159.4400 63
160.2400 160.4960 64
160.5280 160.6560 66
160.6880 160.7840 64
160.8160 160.8480 62
160.8800 160.9440 60
160.9760 162.0960 59
163.3440 163.4400 64
163.5680 163.9840 68
164.0160 164.2080 69
164.2400 164.6880 67
164.7200 165.1360 68
165.7440 165.8080 64
165.8400 166.0320 65
166.0640 166.2240 66
166.2560 166.9280 67
166.9600 167.0560 66
167.0880 167.5360 65
167.5680 167.6320 64
167.6640 167.7600 63
167.7920 169.0080 64
170.5440 170.8320 71
170.8640 171.1200 67
171.1520 171.2480 68
171.6640 171.9520 64
171.9840 172.1760 63
172.3040 172.4320 63
173.4880 173.5200 64
173.5840 173.5840 64
173.9040 174.0320 64
174.0640 174.0960 63
174.4160 174.4800 58
174.6720 174.8640 59
175.4720 175.5360 59
176.5280 176.5600 62
176.5920 176.7200 64
176.8800 176.9760 67
177.1680 178.8960 56
179.9200 180.0160 66
180.2720 180.4000 63
180.4320 180.5280 65
180.5600 180.6560 63
180.8160 181.3920 54
181.4560 181.6160 54
182.3520 182.4480 70
182.4800 182.6720 71
182.7040 182.7680 68
183.1840 183.3120 67
183.5040 183.9200 63
185.2320 185.5200 64
185.9360 185.9680 62
186.5120 186.6400 59
186.8640 186.9280 59
188.2400 188.2720 60
188.3040 188.3360 62
188.3680 188.4960 63
188.6880 188.9120 68
189.1360 189.3600 69
189.5200 189.9680 66
190.0000 190.4480 68
191.0560 191.1200 64
191.1520 191.6640 65
191.6960 192.5600 67
192.5920 192.7840 66
192.8160 192.8800 64
192.9120 193.1680 65
193.2000 194.0320 64
194.0960 194.5760 64
