1.4240 1.4880 72
5.2640 5.3280 67
9.8720 10.0640 71
11.1520 11.1840 68
11.2480 11.2480 68
11.9520 12.0160 67
12.6240 12.6560 58
12.6880 12.7520 59
12.7840 12.8160 60
12.8480 12.9760 61
13.0080 13.0720 59
26.1600 26.1920 65
26.2240 26.3520 66
26.5440 26.6400 63
26.6720 26.9600 62
27.5040 27.6000 50
27.7280 27.9840 50
28.1440 28.4320 50
28.4640 28.5280 49
29.7440 29.8400 51
30.3840 30.4480 49
30.6080 31.6000 50
32.1760 32.3680 50
32.6240 32.7200 54
32.9440 33.0720 50
33.7120 33.7760 49
33.8080 33.9680 50
34.1280 34.8320 50
35.3760 35.4720 62
35.6960 35.8240 63
35.8560 35.9200 64
36.1120 36.1760 62
36.7840 36.8800 49
36.9120 37.2000 50
37.7440 37.8080 50
38.2240 38.2880 51
38.3200 38.3840 52
39.2480 39.4720 50
39.9520 39.9840 49
40.0160 40.4000 50
40.5280 40.7200 50
41.1040 41.2320 50
41.8080 41.8400 49
42.3520 42.4800 54
42.5120 42.5760 53
42.6080 42.8320 52
43.1520 43.3120 50
43.8240 43.9840 50
44.1120 44.3040 49
44.3360 44.4640 50
45.7440 45.8720 54
46.7360 47.2160 50
47.2480 47.4400 49
47.7280 48.1120 50
48.1440 48.1760 49
48.5600 48.6560 51
48.6880 48.8160 52
48.8480 49.7440 50
50.0320 50.1280 49
50.3840 50.4160 50
50.4480 50.6400 51
50.6720 51.1200 50
51.7600 51.8240 54
52.1440 52.1760 58
52.2080 52.2720 57
52.4960 52.6560 57
52.6880 52.7520 58
52.9120 52.9440 56
53.1680 53.2960 57
53.4880 53.6160 49
54.5120 54.5760 50
55.3440 55.4080 57
55.7600 55.8880 57
56.4000 56.4640 62
56.4960 56.4960 60
56.7840 56.9120 60
57.3280 57.4880 56
57.5200 57.8720 57
57.9040 58.2560 55
58.2880 58.4480 53
58.4800 58.7040 54
58.7360 58.8320 53
58.8640 58.8960 52
58.9280 58.9600 51
58.9920 59.1520 50
59.2800 59.5040 57
59.5360 59.7600 55
59.9200 60.0480 53
60.0800 60.2080 54
60.2400 60.2720 53
60.3040 60.4960 52
60.5280 60.5600 51
60.5920 60.8160 50
61.3920 61.3920 58
61.7760 62.0320 50
62.5120 62.6080 50
62.6400 62.6720 51
62.7040 62.8640 52
62.8960 62.9920 54
63.1200 63.6320 52
63.6640 63.6960 53
63.7280 63.8880 54
64.0160 64.1120 54
64.9120 65.1360 57
65.4880 65.5200 57
65.7440 65.7440 58
65.7760 65.8400 60
65.9680 66.1600 57
67.8880 68.0480 57
68.0800 68.1120 54
68.1440 68.1760 55
68.2080 68.2720 56
68.5600 69.1040 57
69.1360 69.2960 58
70.1600 70.2240 56
70.2560 70.3520 57
70.5440 70.7360 57
70.7680 70.8640 58
70.8960 71.0560 59
71.0880 71.3760 57
71.5680 71.8240 50
71.8560 71.8560 52
71.8880 71.8880 54
71.9200 72.0160 56
72.1440 72.4000 57
72.4320 72.4640 58
72.4960 72.6240 59
72.6560 72.9120 57
73.0720 73.5200 50
73.9040 73.9680 50
74.1920 74.3200 58
74.3520 74.3520 56
74.5120 74.8640 50
75.3120 75.3760 49
75.5360 75.6320 52
75.6640 75.7600 51
75.7920 75.8560 53
75.8880 76.0480 54
76.0800 76.3680 52
76.4000 76.6240 51
76.8160 76.9760 51
77.4880 77.6480 57
77.6800 77.6800 59
77.7120 77.7760 62
77.8080 77.8400 63
77.8720 77.9680 64
78.1280 78.5440 62
78.5760 78.9280 61
79.1520 79.3440 61
79.5680 79.6640 61
79.6960 80.2400 62
80.5600 80.7200 57
80.9440 80.9760 62
81.0080 81.0720 63
81.1040 81.5200 64
81.5520 81.6480 67
81.6800 81.8400 62
81.8720 82.0960 61
82.3200 82.8640 61
82.8960 83.4720 62
83.7600 83.9840 57
84.1440 84.3360 66
84.5280 84.5920 62
84.7520 84.9120 62
84.9440 86.0640 61
86.0960 86.4480 62
86.8000 86.8320 54
86.8640 86.9280 56
87.2480 87.4400 57
87.4720 87.5360 59
87.7280 87.8880 57
88.0160 88.1760 57
88.3360 88.5920 62
88.6240 88.6560 60
88.6880 88.8480 57
88.8800 89.0720 59
89.1040 89.5200 57
89.6480 89.8400 57
90.2560 90.2560 55
90.2880 90.4800 58
90.5120 90.5760 63
90.6080 90.7360 64
90.7680 90.8640 65
90.8960 91.3440 62
91.3760 91.4720 61
91.5040 91.5680 63
91.6000 91.7600 61
91.9520 92.1440 61
92.4320 93.0080 62
93.3920 93.5520 57
93.5840 93.5840 59
93.6160 93.6800 62
93.7120 93.9040 64
93.9360 94.6720 62
94.7040 94.9600 61
95.0560 95.2800 61
95.4400 95.5360 65
95.5680 95.6960 64
95.7280 96.1440 62
96.4640 96.4960 56
96.5280 96.6880 57
96.9120 97.0720 66
97.1040 97.3600 64
97.5200 97.7120 64
97.7440 97.9360 62
97.9680 98.0960 64
98.3200 98.5760 62
98.7040 99.1200 59
99.2800 99.5360 62
99.6320 99.6320 62
99.6640 99.8240 64
99.8560 100.0480 62
100.0800 100.3040 64
100.3360 102.1280 62
102.1600 102.2240 66
102.2560 102.3200 65
102.4800 102.6720 67
102.7040 102.8960 69
102.9280 102.9920 67
103.1520 104.5600 54
104.6880 104.9120 54
106.0960 106.1920 63
106.2240 106.4160 65
106.4480 106.8960 62
106.9280 106.9280 60
107.1520 107.8880 50
108.1440 108.2400 50
108.3680 108.4640 50
108.4960 108.5280 49
109.3920 109.4880 64
109.5200 109.7440 66
109.8720 110.1600 64
110.1920 110.1920 62
110.3840 110.4800 49
110.5120 110.6080 50
110.9280 111.1840 50
111.3120 111.4080 49
112.5920 112.7840 53
112.9440 113.4240 50
113.5520 113.6160 49
113.7440 113.9040 49
113.9360 114.2240 50
114.3520 114.5440 50
114.8960 114.9920 58
115.6960 115.9520 63
116.7200 116.8160 49
116.9760 117.2320 50
117.7440 117.8080 49
118.0960 118.1280 49
118.1600 118.2560 50
118.2880 118.3520 52
118.5760 118.6720 50
118.9600 119.0240 50
119.0560 119.1200 49
119.1840 119.2160 49
119.2480 119.3120 50
120.0800 120.4000 50
120.5600 120.7200 50
120.9120 121.0720 50
121.6800 121.7440 51
121.7760 121.8080 50
121.8400 121.9040 49
122.2560 122.3200 53
122.3520 122.5120 54
122.8000 122.9920 52
123.4080 123.6000 50
123.7280 124.3360 50
125.5200 125.6480 66
125.6800 125.7440 65
126.4480 126.7040 50
126.9280 127.1840 50
127.3120 127.5360 50
127.6960 127.7920 59
127.8240 127.8880 58
127.9200 127.9200 56
128.0800 128.2400 50
128.5600 128.6240 50
128.6560 128.6880 51
128.7200 128.8160 52
128.8480 128.8800 51
128.9120 129.1040 50
129.3280 129.6160 50
129.7440 129.8400 50
130.0320 130.0640 49
130.0960 130.4160 50
130.4480 130.4800 51
130.5120 130.5760 52
131.7280 131.8560 52
132.1760 132.1760 53
132.2080 132.3360 57
132.6560 132.7520 57
132.9120 133.0080 56
133.2000 133.2640 57
133.5520 133.5520 57
133.5840 133.6480 62
134.1280 134.1920 59
134.5440 134.5760 68
135.3760 135.4080 56
135.4400 135.5040 57
136.1440 136.5280 57
136.7520 136.9120 62
137.3280 137.3920 55
137.4240 137.4880 56
137.5200 137.8080 57
137.8400 137.9040 56
137.9360 138.1920 55
138.3200 138.8960 53
138.9280 139.1200 50
139.3440 139.4720 57
139.5040 139.7280 55
139.9200 140.0480 53
140.0800 140.2080 54
140.3360 140.4640 52
140.4960 140.8160 50
141.1360 141.2000 50
141.3600 141.4240 52
141.7440 141.8400 49
141.8720 142.0320 50
142.2880 142.4160 56
142.5440 142.6720 50
142.7040 142.8000 52
142.8320 142.8640 53
142.8960 142.9920 54
143.1200 143.5040 52
143.5360 143.6640 53
143.6960 144.0800 54
144.9120 145.1360 57
145.3600 145.5200 57
145.7120 145.8400 57
145.9680 146.1920 57
147.7920 147.9200 58
148.1440 148.3360 57
148.4640 149.4240 57
149.6480 149.6480 60
150.1280 150.3520 57
150.5440 150.8000 57
150.8320 151.0240 59
151.1520 151.4080 57
151.5360 151.8880 50
151.9200 151.9200 54
151.9520 152.0160 56
152.1440 152.4000 57
152.4320 152.6240 59
152.6560 152.9120 57
152.9440 153.4880 50
154.1600 154.2880 59
154.3200 154.3840 57
154.5760 154.8640 49
155.3120 155.3760 49
155.5360 155.8560 52
155.8880 156.0160 54
156.0480 156.3680 52
156.4000 156.6560 50
156.8160 156.9120 50
157.3600 157.4560 56
157.4880 157.7120 57
157.7440 157.8400 63
157.8720 158.0640 64
158.0960 158.5120 62
158.5440 158.9600 61
159.2480 159.3440 61
159.5360 159.6320 61
159.6640 160.2080 62
160.5600 160.7520 57
160.9760 161.0080 62
161.0400 161.3920 64
161.4240 161.6160 65
161.6480 161.7760 62
161.8080 161.8720 66
161.9040 162.0960 61
162.3200 162.5440 61
162.7680 162.8640 61
162.8960 163.3760 62
163.7920 163.9520 57
164.1440 164.3040 66
164.4960 164.5280 61
164.5600 164.6240 62
164.7840 164.9120 62
164.9440 165.2320 61
165.2960 165.7760 61
165.9360 166.0640 61
166.0960 166.5440 62
166.9600 167.5040 57
167.7280 168.3040 57
168.4320 168.5920 62
168.6240 168.6880 58
168.7200 168.8480 57
168.8800 168.9120 58
168.9440 169.0720 59
169.1040 170.0000 57
170.1600 170.2560 56
170.2880 170.4480 57
170.4800 170.4800 60
170.5120 170.7360 64
170.8640 171.1200 62
171.2480 171.2480 62
171.3120 172.1440 61
172.3680 172.9760 62
173.3280 173.5200 57
173.5520 173.7120 62
173.7440 173.8720 64
173.9040 174.6720 62
174.7040 175.4080 61
175.4400 175.6960 64
175.7280 176.2400 62
176.4320 176.4960 65
176.5280 176.5280 62
176.5600 176.7520 57
176.9120 177.1040 66
177.1360 177.7440 64
177.7760 177.9360 62
178.0000 178.0320 64
178.0640 178.1280 62
178.3520 178.6080 62
178.7360 179.1200 59
179.1520 179.4720 62
179.5040 179.7280 64
179.7600 179.8560 66
179.8880 180.0480 62
180.0800 180.3040 64
180.3360 181.8400 62
182.2240 182.3200 66
182.5120 182.6720 66
182.7040 182.8320 65
182.8640 182.9600 67
182.9920 183.2800 66
184.3040 184.3680 66
190.3200 190.9280 57
190.9600 191.1520 56
191.1840 191.6960 57
192.1760 192.2720 56
192.3040 192.3680 54
192.4000 192.8160 55
192.8480 193.0400 54
193.0720 193.4240 53
193.5520 193.6480 51
193.7760 193.9040 54
194.1280 194.1600 54
194.1920 194.2880 55
194.3200 194.4480 57
194.8640 194.8640 52
194.8960 195.0880 54
195.2800 195.3760 56
195.4080 195.4720 54
195.6640 195.8880 62
196.0480 196.2720 65
200.0160 200.3360 62
201.4560 201.9360 62
203.2800 203.4400 62
203.5360 204.2720 61
204.4640 205.1680 62
207.9520 208.1120 57
209.0720 209.2320 63
209.7120 209.9680 62
210.0000 210.8000 61
211.0560 211.4720 62
212.0800 212.1120 62
212.1440 212.2720 63
212.3040 212.4960 64
212.5280 212.5600 63
212.5920 213.2000 62
213.2320 213.8720 61
214.1280 214.1920 63
214.2240 214.8000 62
214.9600 214.9920 57
215.0240 215.1200 58
215.3120 215.4080 65
215.4400 215.6640 66
215.6960 216.3680 64
216.4000 216.5600 62
216.7200 217.0720 62
217.1040 217.1040 60
217.2640 217.4560 59
217.4880 218.0320 62
218.0640 218.2560 64
218.2880 218.4480 63
218.4800 218.6400 64
218.8320 219.8880 62
220.0160 220.2720 62
221.1360 221.2640 56
221.7760 221.8720 63
221.9040 222.0320 64
222.1920 222.5440 62
222.5760 222.7360 63
222.7680 222.8960 62
222.9280 223.4400 61
223.5360 223.6320 61
223.6640 223.8880 55
223.9200 224.0160 57
224.0480 224.1440 58
224.1760 224.3040 57
224.5280 224.5920 58
224.9760 225.0720 63
225.1040 225.2640 64
225.4880 225.6160 62
225.6480 225.6800 61
225.7440 225.8080 61
225.8400 226.0320 62
226.0640 226.1280 61
226.3520 226.4480 60
227.0880 227.5360 62
227.7600 227.9520 58
228.0800 228.5280 66
228.5600 229.2000 63
229.2320 229.2640 61
229.3920 229.7440 61
229.7760 231.3440 62
231.3760 231.6960 63
231.9520 232.1760 62
232.3360 232.7200 62
234.2880 234.3200 55
234.3520 234.5120 57
234.5440 234.5760 63
234.6080 234.9280 64
234.9600 235.3760 62
235.4080 236.4640 61
236.4960 236.9760 62
237.3280 237.3600 56
237.3920 237.5200 57
237.5520 237.5840 62
237.6160 237.7120 63
237.7440 237.8720 64
237.9040 238.7040 62
238.7360 239.5040 61
239.5360 239.7280 64
239.7600 239.8560 61
239.8880 240.3360 62
240.4640 240.5600 56
240.5920 240.7520 57
240.9120 241.1040 66
241.1360 241.7120 64
241.7440 242.1600 62
242.3520 242.6080 62
242.7360 242.9920 59
243.1200 243.2160 60
243.2480 243.5680 62
243.6000 244.2720 64
244.3040 246.3520 62
246.5440 246.6080 63
246.7360 246.8320 65
246.8640 247.1520 68
247.3440 247.5040 63
247.7600 249.0080 62
249.2000 249.3920 62
249.4560 249.4880 60
249.5200 249.8080 62
249.9680 250.0640 57
250.2240 250.4480 62
250.5760 250.7360 62
250.7680 250.8960 64
251.0880 251.9520 62
251.9840 252.0160 60
252.2720 252.4320 57
252.5600 253.0400 62
253.1680 253.2640 64
253.2960 253.4880 62
253.5200 253.5200 59
253.8080 253.9360 64
254.1280 254.5440 62
254.7040 254.8000 64
254.8320 254.9920 61
255.1520 255.8240 62
255.9520 256.1440 62
256.5280 256.8160 62
256.8480 257.0720 57
257.3280 257.5840 62
257.6160 257.7760 57
257.9040 258.4480 62
258.7040 258.7040 59
258.7360 259.3440 62
259.5360 259.6640 57
259.6960 260.3360 62
260.3680 260.5280 64
260.5600 261.5840 62
261.7120 261.7760 62
262.0960 262.6080 62
262.7360 262.8320 57
262.9920 263.2480 62
263.4720 263.5680 64
263.6960 263.8240 62
263.9520 265.0400 62
265.3920 265.8720 62
266.0000 266.0640 64
266.0960 266.2880 62
266.5760 266.7360 64
266.9600 267.2480 62
267.2800 267.5360 64
267.5680 267.7920 62
267.9520 268.4000 62
268.7520 268.8800 62
269.0720 269.3920 67
269.4240 269.6160 62
269.6480 269.8720 57
270.0000 270.4480 62
270.7040 271.2160 62
271.3440 272.1120 62
272.1440 272.3040 64
272.3360 272.3680 62
272.4640 272.6880 62
272.7200 272.8480 65
272.8800 273.0080 61
273.0400 273.3920 62
273.4240 273.5840 64
273.6160 276.3040 62
