15.6640 15.7280 56
15.7600 15.8560 55
24.8160 24.8480 54
24.8800 24.9120 55
24.9440 24.9760 56
25.0080 25.1680 58
25.2000 25.2320 56
25.2640 25.3600 53
25.3920 25.4560 54
25.4880 25.5200 55
25.5520 25.6480 56
54.4800 54.6400 55
54.6720 54.7360 56
54.9280 54.9920 58
55.0240 55.2160 61
55.2480 55.2800 62
55.3120 55.5360 63
55.6640 55.7600 63
55.7920 55.9200 65
56.0480 56.2400 63
56.4320 56.5280 63
56.5600 56.6880 65
56.8160 57.2960 61
57.3280 57.4240 62
58.7360 58.8000 59
58.8320 58.8640 60
58.8960 59.3440 61
59.5040 59.6960 61
59.7280 59.7600 59
59.7920 60.3360 58
60.3680 60.4000 59
60.4320 60.5920 60
61.7760 61.9040 56
61.9360 62.0640 58
62.1920 62.5440 60
62.5760 62.7680 61
62.9920 63.1520 58
63.1840 63.6000 56
63.6320 63.7280 57
63.7600 63.9520 61
64.1120 64.1440 61
64.1760 64.2080 62
64.2400 64.4640 63
64.4960 65.0080 65
65.0400 65.2640 66
65.2960 65.5200 65
65.6800 65.9360 58
65.9680 66.0320 61
66.0640 66.0960 63
66.1280 66.2240 64
66.2560 66.7360 63
67.2800 67.3120 59
67.3440 67.3760 60
67.4080 67.4400 61
67.4720 67.6000 62
67.6320 68.0800 63
68.1120 68.2720 65
68.3040 68.6240 63
68.6560 68.6880 64
68.7200 69.0720 65
69.1040 69.2320 66
69.5520 69.9680 63
71.0240 71.0880 64
71.1200 71.3120 61
71.3440 71.3760 62
71.4080 71.8560 63
71.8880 72.1440 65
72.1760 72.2080 71
72.2400 72.2720 72
72.3040 72.4320 73
72.5920 72.6880 71
72.7200 72.9440 72
72.9760 73.6800 68
74.0960 74.2560 68
74.2880 74.4160 70
74.8000 74.8320 66
74.8640 74.9920 67
75.0240 75.1840 68
75.2160 75.4720 66
75.6960 75.7280 66
75.7600 75.7920 67
75.8240 75.9520 68
75.9840 75.9840 65
76.0160 76.0480 62
76.0800 76.1760 60
76.2080 76.6560 61
77.2640 77.2960 64
77.3280 77.3920 65
77.4240 77.5200 66
78.4800 78.9280 61
79.1520 79.3440 60
79.3760 79.8240 58
79.8560 79.8880 59
79.9200 80.1120 60
80.3360 80.4320 59
80.4640 80.4960 60
80.5280 81.0720 61
82.9280 82.9920 62
83.0240 83.0560 63
83.0880 83.1520 65
83.3440 83.6960 65
83.7280 83.8560 68
84.0800 84.3040 70
84.4960 84.6880 65
84.8800 85.0080 63
85.0400 85.1680 65
85.2960 85.3920 63
86.0000 86.1280 59
86.1600 86.1920 62
86.2240 86.6080 63
86.8000 86.8960 67
86.9280 87.0240 68
87.1520 87.3120 68
87.3440 87.3440 66
87.3760 87.3760 63
87.4080 87.7600 60
87.9520 88.0800 62
88.1120 88.1760 63
89.0720 89.1040 58
89.1360 89.2320 59
89.2640 89.7760 61
89.8080 89.8080 63
89.8400 89.8400 68
89.8720 90.0000 71
90.0320 90.5440 73
90.5760 91.0560 72
91.0880 91.1200 71
91.1520 91.2160 70
91.2480 91.6320 68
91.8240 92.0480 65
92.2080 92.4000 66
92.5600 92.6560 66
92.6880 92.7200 67
92.7520 93.4880 68
95.1840 95.3760 62
95.4080 95.9840 65
96.0160 96.1120 69
96.1440 96.6880 70
96.7200 97.0080 65
97.2000 97.2960 63
97.3280 97.5520 65
97.5840 97.6480 64
97.6800 97.8400 63
98.2560 98.2880 62
98.3200 98.5440 63
98.7360 98.8320 70
98.8640 99.2800 72
99.3120 99.4720 71
99.5040 99.6640 72
99.6960 100.1760 70
100.2080 100.3680 68
100.4000 100.6560 70
100.6880 100.9760 68
101.0080 101.0080 65
101.0400 101.1040 63
101.1360 101.2640 65
101.4880 101.6160 62
101.6480 101.7120 61
101.8400 102.4160 61
102.4480 102.5440 60
102.5760 102.6400 61
103.9520 104.1120 63
104.1440 104.2400 64
104.2720 104.4960 65
104.5280 104.6560 66
104.6880 105.0720 65
105.1040 106.1920 63
106.7360 106.7680 59
106.8000 106.8000 62
106.8320 106.8320 65
106.8640 106.8960 67
106.9280 107.0560 68
107.2160 107.4080 68
107.4400 107.4400 66
107.4720 107.5040 63
107.5360 107.8240 61
107.8560 108.0160 60
108.0480 108.3360 63
108.3680 108.8800 65
108.9120 109.1040 66
109.1360 109.6160 65
109.9040 109.9680 65
110.3520 110.4480 68
110.4800 110.4800 65
110.5120 110.8960 61
111.0240 111.0880 58
111.1200 111.1840 60
111.2160 111.6640 61
111.8560 111.8880 62
111.9200 112.3680 63
112.4000 112.7520 65
113.3280 113.3600 63
113.3920 113.4880 64
113.5200 113.6160 65
113.7440 113.8720 63
113.9040 114.4480 61
114.8960 114.9920 63
115.0240 115.1200 65
115.2800 115.4080 63
115.4400 115.6000 61
115.6320 115.6320 58
115.6640 115.8880 56
116.3680 116.4000 61
116.4320 116.5280 62
116.5600 116.6560 63
116.6880 116.7840 61
116.8160 117.0080 65
117.2000 117.2960 65
117.3280 117.5520 66
117.5840 117.7760 65
117.8080 117.8400 66
117.8720 117.9680 67
118.0000 118.1280 66
118.2560 118.3520 67
118.3840 118.5120 68
118.5440 118.5440 65
118.5760 118.6400 63
118.8000 119.0240 63
119.0560 119.1200 61
119.1520 119.1520 63
119.1840 119.1840 65
119.2160 119.3120 67
119.3440 119.7280 68
119.7600 119.7600 66
119.7920 120.0800 61
120.1120 120.1440 58
120.1760 120.2400 56
120.2720 120.3360 59
120.3680 120.4000 62
120.4320 120.6240 63
120.6560 121.1360 65
121.1680 121.4880 66
121.5200 121.8400 65
122.2560 122.4800 63
122.5760 122.9600 65
122.9920 123.0560 66
123.0880 123.1200 67
123.1520 123.3120 68
123.3440 123.4080 67
123.4400 123.4400 65
123.7280 123.9840 65
124.1440 124.3680 68
124.5280 124.5920 72
124.6240 124.6880 74
124.7200 124.9120 75
124.9440 125.1040 74
125.2640 125.4240 73
125.4560 125.4560 71
125.4880 126.1600 68
126.1920 126.2560 69
126.2880 127.0560 70
127.8880 128.0800 63
128.1120 128.2080 65
128.3680 128.4320 64
128.4640 128.5600 63
128.5920 128.9440 61
129.2000 129.3280 67
129.3600 130.0640 68
130.0960 130.1280 67
131.0240 131.0880 63
131.1200 131.1840 64
131.2160 131.4400 65
131.4720 131.6320 63
131.9840 131.9840 62
132.0160 132.2720 65
132.3040 132.3360 64
132.3680 132.4000 63
132.4320 132.4960 62
132.5280 133.0080 61
135.4080 135.5680 65
144.1760 144.2400 58
144.2720 144.3360 60
144.3680 144.4000 61
144.4320 144.5280 62
144.5600 144.9760 63
145.0080 145.2000 65
145.2320 145.5840 63
145.6160 146.0640 65
146.0960 146.2240 67
146.2560 146.3520 63
146.4800 146.8640 63
147.9520 148.0160 65
148.0480 148.2400 61
148.2720 148.3040 62
148.3360 148.7840 63
148.8160 148.9760 65
149.1040 149.1680 72
149.2000 149.3280 73
149.5200 149.6160 71
149.6480 149.8720 72
149.9040 150.6080 68
151.0240 151.0560 68
151.0880 151.1840 69
151.2160 151.4720 70
151.7600 152.0800 68
152.1120 152.1440 67
152.1760 152.4000 66
152.5920 152.6880 67
152.7200 152.9120 68
152.9440 152.9440 64
152.9760 153.5840 61
154.1280 154.2560 65
154.2880 154.4480 66
155.2800 155.3440 56
155.3760 155.4080 60
155.4400 155.8560 61
156.0800 156.1440 61
156.1760 156.2400 60
156.2720 156.8160 58
156.8480 157.0400 60
157.2640 157.3920 62
157.4240 157.5200 63
157.5520 157.5840 62
157.6160 158.3840 61
159.7920 159.8240 61
159.8560 159.9840 62
160.0160 160.1120 65
160.2400 160.6240 65
160.6560 160.7520 68
160.7840 161.2000 70
161.4240 161.5840 65
161.8080 161.9680 63
162.0000 162.2560 65
162.2880 162.5760 63
162.8960 163.0880 61
163.1200 163.5680 63
163.7280 163.8240 67
163.8560 164.2720 68
164.3040 164.3040 64
164.3360 164.5920 60
164.6240 164.6880 61
164.8480 164.9440 61
164.9760 165.0080 62
165.0400 165.1040 63
165.3280 165.6160 61
165.9360 166.0000 61
166.0320 166.1280 59
166.1600 166.7360 61
166.7680 166.7680 63
166.8000 166.8000 67
166.8320 166.9280 72
166.9600 167.4400 73
167.4720 167.5360 74
167.5680 167.9840 72
168.0160 168.1120 70
168.1440 168.5920 68
168.7520 169.0080 65
169.0400 169.3600 66
169.4880 169.5200 67
169.5520 169.6480 68
169.6800 170.1600 70
170.1920 171.3760 68
172.2080 172.2720 67
172.4000 172.9440 65
172.9760 173.0080 68
173.0400 173.6480 70
173.6800 173.9360 65
174.0960 174.2560 63
174.2880 174.5120 65
174.5440 174.8640 63
175.2160 175.4720 63
175.6640 176.5920 72
176.6240 177.0720 70
177.2000 177.8720 69
177.9040 177.9040 67
177.9360 178.0320 63
178.0640 178.1920 65
178.3520 178.4800 63
178.5120 178.6080 61
178.7360 179.4400 61
180.6880 180.8480 61
180.8800 181.1680 63
181.2000 181.3920 65
181.4240 181.6800 66
181.7120 181.8080 68
181.8400 181.8400 65
181.8720 181.9360 63
181.9680 182.1600 65
182.1920 183.4080 63
183.6640 183.7600 66
183.7920 184.3040 68
184.3360 184.4640 62
184.4960 184.7520 61
184.8800 184.8800 58
184.9120 184.9120 60
184.9440 184.9760 62
185.0080 185.2320 63
185.2640 185.3280 66
185.3600 185.7440 65
185.7760 186.0640 66
186.0960 186.5440 65
186.8320 186.8960 66
187.0240 187.0880 69
187.1200 187.4080 68
187.4400 187.4400 64
187.4720 187.8240 61
187.9520 187.9840 57
188.0160 188.0800 58
188.1120 188.2720 60
188.3040 188.5600 61
188.7520 188.8800 62
188.9120 189.2640 63
189.2960 189.7120 65
190.2880 190.4160 63
190.4480 190.5760 65
190.6080 190.7360 64
190.7680 190.8640 63
190.8960 191.3760 61
191.6960 191.6960 60
191.7280 191.7920 62
191.8240 191.9200 63
191.9520 192.0480 65
192.0800 192.2400 63
192.2720 192.3040 62
192.3360 192.4640 61
192.4960 192.4960 59
192.5280 192.5600 57
192.5920 192.8160 56
193.2960 193.4240 61
193.4560 193.5840 63
193.6160 193.6800 62
193.7120 193.9360 65
194.1280 194.1920 64
194.2240 194.5120 66
194.5440 194.8320 65
194.8640 194.9600 67
194.9920 195.1520 66
195.1840 195.2800 67
195.3120 195.4080 68
195.4400 195.4400 65
195.4720 195.8880 63
195.9200 195.9840 60
196.0160 196.0160 62
196.0480 196.0480 64
196.0800 196.1120 67
196.1440 196.5600 68
196.5920 196.5920 64
196.6240 197.0400 61
197.0720 197.2000 59
197.2320 197.2640 62
197.2960 197.5200 63
197.5520 197.8720 65
197.9040 197.9360 63
197.9680 198.0640 64
198.0960 198.3840 66
198.4160 198.8320 65
199.1520 199.4720 63
199.5040 199.8880 65
199.9200 200.0160 66
200.0480 200.2720 68
200.3040 200.3040 66
200.3360 200.4640 64
200.6560 200.7200 66
200.7520 201.0080 65
201.0400 201.3280 68
201.4560 201.6160 73
201.6480 201.9040 75
201.9360 202.3840 73
202.4160 202.4160 71
202.4480 203.1520 68
203.1840 203.3120 70
203.3440 203.5040 68
203.5360 204.4320 70
204.7840 205.0080 63
205.0400 205.1360 65
205.2640 205.4880 63
205.5200 205.7760 61
205.8080 205.8720 62
206.0640 206.2240 67
206.2560 207.0560 68
207.0880 207.1520 69
207.8240 207.8880 66
207.9200 207.9520 63
207.9840 208.0800 62
208.1120 208.4000 65
208.4320 208.5920 63
208.7840 208.8800 63
208.9120 209.2000 65
209.2320 209.3280 63
209.3600 212.8480 61
217.5200 217.5200 56
217.5520 217.5520 58
217.5840 217.5840 63
217.6160 217.6480 65
217.6800 217.7120 67
217.7440 217.8080 68
218.0000 218.1600 68
218.1920 218.1920 65
218.2240 218.2560 62
218.2880 218.6080 61
218.7360 218.7360 58
218.7680 218.8320 61
218.8640 219.0880 63
219.1200 219.3760 65
219.5040 219.5680 64
219.6000 219.6640 65
219.6960 219.9840 66
220.0160 220.2720 65
220.6880 220.7840 64
220.8160 220.9440 67
221.1360 221.2000 68
221.2320 221.2640 67
221.2960 221.2960 65
221.3280 221.3600 63
221.3920 221.6480 61
221.9360 221.9680 61
222.0000 222.0960 60
222.1280 222.4800 61
222.6400 222.6720 61
222.7040 222.7360 62
222.7680 223.0240 63
223.0560 223.1200 64
223.1520 223.3760 65
223.4080 223.4400 63
223.4720 223.5360 62
224.1120 224.2400 63
224.2720 224.4000 65
224.5280 224.5920 64
224.6240 224.6880 63
224.7200 225.1680 61
225.6160 225.7120 64
225.7440 225.8080 65
225.9680 226.1600 63
226.1920 226.3840 61
226.4160 226.4480 59
226.4800 226.6720 56
227.1200 227.2800 61
227.3120 227.4400 63
227.4720 227.5360 62
227.5680 227.6960 65
227.7280 227.7920 66
227.9520 228.0480 65
228.0800 228.4000 66
228.4320 228.6880 65
228.7200 228.8480 66
228.9760 229.1360 67
229.1680 229.2640 68
229.2960 229.2960 65
229.3280 229.3920 63
229.5200 229.7440 63
229.7760 229.8720 61
229.9040 229.9040 65
229.9360 230.4480 68
230.4800 230.4800 62
230.6720 230.7360 61
230.7680 230.8640 62
231.0240 231.1200 60
231.1520 231.3120 63
231.3440 231.3760 64
231.4080 231.4720 66
231.5040 231.8880 65
231.9200 232.1120 66
232.1440 232.7840 65
233.0080 233.2960 63
233.3280 233.7120 65
233.7440 233.8080 66
233.8400 233.8720 67
233.9040 234.0960 68
234.1280 234.1600 66
234.4160 234.4480 63
234.4800 234.5440 64
234.5760 234.7360 65
234.8960 235.2480 68
235.2800 235.2800 70
235.3120 235.3760 72
235.4080 235.7600 75
235.7920 235.9200 73
236.0480 236.2080 73
236.2400 236.9760 68
237.0080 237.1360 70
237.1680 237.3280 68
237.3600 238.4160 70
238.7680 238.8000 65
238.8320 238.8960 69
238.9280 239.0240 65
239.2800 239.3760 63
239.4080 239.7920 61
240.0480 240.0800 66
240.1120 240.9760 68
241.0080 241.1040 67
241.1360 241.2000 69
241.7120 241.7440 65
241.7760 241.9040 68
241.9360 242.0320 64
242.0640 242.2560 65
242.2880 242.4480 63
242.6720 242.7040 63
242.7360 242.8000 64
242.8320 243.1200 65
243.1520 243.2160 63
243.2480 243.2800 61
243.9520 244.1440 61
248.0800 248.2400 65
248.4640 248.5920 63
248.6240 248.7200 61
248.8480 249.0080 61
249.3280 249.5200 62
249.5520 249.7120 63
251.2160 251.3120 59
251.3440 251.6640 61
251.6960 251.9200 58
252.5280 252.5600 59
252.5920 252.7200 60
252.7520 253.4560 61
277.7760 277.8080 55
277.8400 277.9040 56
278.0640 278.1280 53
278.1600 278.1920 52
279.3760 279.5360 53
279.5680 279.6640 55
279.6960 279.8240 53
280.0160 280.1440 58
280.1760 280.2080 56
280.2400 280.2400 53
280.5920 280.6880 56
280.7200 280.8160 54
281.0400 281.2960 53
282.7040 282.8000 53
282.8320 282.8640 52
283.7280 283.8240 54
283.8560 283.9520 52
283.9840 284.0800 53
284.2080 284.2720 53
