6.2240 6.2560 67
6.7680 6.8640 64
6.8960 6.9280 62
6.9600 7.0240 60
7.0560 7.0880 59
9.1360 9.2320 59
10.5440 10.6400 57
10.6720 10.8320 56
10.8640 10.9920 60
11.0240 11.1200 61
11.3120 11.4080 63
11.4400 11.5360 62
11.5680 11.7920 64
12.8160 12.8800 61
13.0080 13.0720 63
13.1040 13.1360 62
13.2960 13.3920 59
13.4240 13.5200 60
13.5520 13.6480 59
13.9360 13.9360 62
14.0000 14.0640 63
25.6160 26.0320 47
26.5440 26.7360 47
26.7680 26.9920 46
27.2160 27.5040 45
27.6960 27.7600 45
27.7920 27.8560 46
27.8880 28.0480 47
28.0800 28.3360 46
30.9280 30.9920 46
31.1520 31.4400 46
31.6000 31.7920 45
33.6480 33.7120 45
33.9040 33.9680 45
34.1280 34.2240 45
34.8320 35.2800 46
35.3120 35.5680 47
40.4640 40.5280 48
40.5600 40.5920 49
40.6240 40.7200 50
40.8800 41.1680 52
41.3280 41.8720 52
42.0000 42.0960 52
42.1280 42.1920 51
42.3840 42.5440 50
42.5760 42.6080 49
42.8320 42.8960 48
42.9280 43.2160 47
45.7120 45.7760 46
46.0000 46.2560 47
48.9760 49.5200 45
49.8080 49.9360 45
50.0640 50.1280 45
54.7040 54.8960 45
54.9280 54.9920 46
55.1840 55.5680 47
55.8240 55.9200 47
56.1120 56.5920 47
56.6240 56.7520 46
56.7840 57.0720 45
57.2960 57.3280 45
57.3600 57.4240 46
57.4560 57.6160 47
57.6480 58.0000 46
60.6560 60.7200 50
60.9120 60.9760 50
61.0080 61.0720 51
61.1040 61.5200 52
61.6480 61.7440 52
61.7760 61.8400 51
62.3200 62.4160 45
63.2800 63.5360 43
63.6640 63.7280 43
63.9200 64.2080 43
64.8480 64.8480 46
64.9440 65.4240 46
66.4160 66.4800 46
69.9040 69.9680 50
70.0000 70.0960 51
70.1280 70.7360 52
70.8640 71.1840 52
71.3120 71.3760 53
71.4080 71.6320 52
71.7600 72.0480 52
72.0800 72.1120 51
72.4960 72.7840 48
72.8160 72.9120 49
72.9440 73.3280 50
73.3600 73.4880 49
73.5200 73.8080 48
75.5040 75.6000 47
75.7600 76.0160 45
76.4320 76.5600 45
78.9280 79.0560 45
79.2480 79.7920 45
83.5360 83.8560 45
84.1120 84.2720 43
84.7840 85.1040 45
85.1360 85.4240 47
87.2480 87.4080 45
87.4400 87.6000 46
87.6320 87.6960 50
87.7280 87.7920 53
87.8240 88.1120 55
88.1440 88.2400 54
88.2720 88.3040 53
90.0000 90.1280 51
90.1600 90.3200 52
90.4480 90.5440 51
91.9840 92.1440 44
92.4000 92.6240 45
92.7520 93.2320 45
93.4240 93.5200 45
93.7120 93.7760 45
98.0320 98.5760 45
98.8960 99.1200 43
99.6000 99.7920 45
101.7440 101.9040 51
101.9360 102.2880 52
102.4480 102.5760 51
102.6080 103.2160 52
103.2480 103.3440 51
103.6000 103.6960 47
104.7840 104.8480 51
104.9760 105.3280 52
105.7440 105.7440 45
105.8400 105.8400 44
106.6400 106.7040 43
106.7680 106.8960 43
107.5360 107.6320 44
107.7920 107.8880 44
108.3360 108.5600 44
127.8240 128.3040 55
128.4960 128.8160 57
128.9440 129.2640 59
129.3920 130.5440 59
130.5760 130.7360 57
130.7680 130.9280 55
131.2800 131.4720 59
131.5040 131.8880 57
131.9200 132.1440 55
134.4480 134.5120 58
134.5440 134.8640 62
134.8960 135.6000 64
135.6320 135.6320 59
135.6640 136.4000 55
137.0400 138.0960 55
138.4480 138.6400 59
138.6720 138.8320 57
138.8640 139.0880 59
139.1200 139.4720 58
141.2000 141.4240 58
141.4560 141.6160 59
141.6480 141.8400 58
142.3520 142.5120 53
142.6720 143.1200 52
143.2800 143.5680 52
143.7280 143.7280 59
143.7600 143.8560 62
143.8880 144.5280 64
144.5600 144.6880 62
144.7200 145.9360 64
145.9680 145.9680 61
146.0000 146.6400 59
146.6720 147.1840 62
147.2160 147.7280 59
149.2640 149.3920 59
149.4240 149.6160 57
149.6480 149.8400 55
149.9680 150.5760 55
152.2400 152.4960 55
153.0080 153.1680 55
153.2000 153.9360 57
157.3280 157.7120 57
157.8400 158.4480 55
158.5760 159.0240 57
159.0560 159.3760 59
159.4080 159.4400 57
159.9840 160.2080 56
160.8480 161.4240 57
161.4560 161.4560 60
161.4880 161.4880 63
161.5200 161.8720 67
161.9040 162.1280 66
162.1600 162.1600 62
162.1920 162.2560 59
162.2880 162.5440 57
162.5760 162.6400 56
162.6720 162.8320 55
162.8640 163.1840 56
163.6000 163.6960 50
163.8240 164.4000 52
164.4960 165.1360 55
165.6800 166.0640 55
166.0960 166.1600 57
166.1920 166.3840 58
166.4160 167.3760 57
167.5680 167.6960 57
167.7280 168.0800 59
168.1120 168.4000 58
171.8880 172.4320 57
172.5600 172.5600 63
172.5920 172.6560 66
172.6880 173.0080 67
173.0400 173.2320 66
173.4240 173.7120 57
173.7440 174.7040 59
174.7360 175.0880 56
175.1520 175.2800 56
175.5360 175.5680 59
175.6000 175.6320 62
175.6640 177.1680 64
177.2000 177.5840 59
177.6160 177.7760 57
177.8080 177.9360 56
177.9680 178.4160 55
178.5440 179.1520 52
179.2800 179.9200 55
180.4320 180.8800 55
180.9120 181.9040 57
182.0640 182.9280 55
187.1520 187.2480 48
187.7280 188.4320 50
188.6240 188.6880 50
188.9120 188.9760 50
190.7360 191.0240 57
191.2160 191.5040 62
191.5360 191.6960 67
191.8560 191.9840 67
194.4800 194.8320 55
194.9920 195.0560 55
195.2160 195.4400 56
201.7440 201.8080 54
201.9360 202.0320 56
205.4880 205.7120 55
208.0160 208.2080 62
214.0640 217.2960 62
217.4560 217.6160 61
218.0640 218.1600 60
222.9920 223.1200 57
226.2560 226.3200 47
226.7360 226.8320 46
227.0560 227.5040 44
228.7200 229.0720 44
229.8080 229.9360 45
230.0960 230.4160 45
231.5360 231.8880 44
