8.2080 8.2720 63
8.6240 8.6880 65
23.7600 23.8240 55
24.1760 24.2720 58
24.4640 24.5600 58
24.5920 24.7520 57
24.8480 24.8480 58
24.9440 24.9760 58
25.0720 25.6800 57
25.7120 25.8400 58
25.8720 25.9360 60
26.0960 26.9920 64
27.8560 27.9200 53
28.0800 28.1760 52
28.3040 28.3680 56
28.4000 28.6560 57
28.8160 29.6160 57
30.0320 30.6400 50
32.3360 32.4320 56
32.7200 32.8800 56
32.9120 33.6480 57
33.6800 33.7440 60
33.9040 34.0320 64
34.0640 34.5760 63
36.1120 36.1760 58
36.2080 36.2400 59
36.2720 36.4960 60
36.5280 36.6240 59
36.6560 36.7200 56
36.7520 36.9760 59
37.0400 37.2000 59
37.3280 37.4880 55
37.5200 37.5520 56
37.8080 37.8400 49
37.8720 38.2880 50
39.3760 39.4720 59
39.6320 39.6640 53
40.2080 40.3360 50
40.8160 40.8800 50
41.6480 41.8720 50
41.9040 41.9680 51
42.0000 42.1280 52
42.1600 42.5120 55
42.5440 42.5760 53
42.7040 42.8000 52
42.9600 43.0240 56
43.0560 43.1840 53
43.2480 43.2480 55
44.1120 44.2720 57
44.3680 44.5280 58
44.5920 44.7520 57
45.1040 45.3920 56
46.0640 46.2560 64
46.4160 46.4480 63
46.4800 46.6400 62
46.8640 46.8960 61
46.9280 46.9600 62
46.9920 47.0240 63
47.0560 47.1200 64
47.3440 47.4400 60
47.5680 47.6960 59
47.8880 47.9200 57
47.9520 48.0480 58
48.2080 48.5280 57
48.7200 48.7520 68
48.7840 49.0080 69
49.4880 49.6480 64
49.8080 49.8400 62
49.8720 49.9360 63
49.9680 50.0640 64
50.0960 50.2880 63
50.4800 50.5440 63
50.5760 50.7360 62
50.8640 51.0560 59
51.5040 51.9840 59
52.0160 52.1120 57
52.1440 52.1760 58
52.2400 52.4000 57
52.6240 52.7200 56
52.9440 53.1040 56
53.1360 53.2320 57
53.4240 53.8720 50
54.8000 54.9600 55
55.0880 55.4720 59
55.7280 56.3680 57
56.5600 56.6560 57
57.3280 57.4880 64
57.5200 57.5840 63
57.6160 57.7120 62
57.7440 58.0320 63
58.0640 58.1600 64
58.3200 58.6720 62
59.0880 59.3440 59
59.5360 59.6640 58
59.6960 59.7920 59
59.8240 60.3360 57
60.5280 60.6880 57
60.7200 60.9760 56
61.2320 61.3600 49
61.3920 61.6800 50
61.7120 61.7440 53
61.7760 61.8080 55
62.1600 62.1600 61
62.1920 62.4480 67
62.6720 62.7040 58
62.8960 62.9280 58
62.9600 63.0880 59
63.1520 63.1520 59
63.2160 63.4720 59
63.7280 63.9840 50
65.2000 65.4880 50
65.6160 65.7440 55
66.1600 66.2880 52
66.4480 66.4800 54
66.5120 66.6720 55
67.3440 67.4080 66
67.6000 67.6640 67
68.0480 68.3360 57
68.5280 68.6880 56
69.5520 69.6480 64
69.8080 69.9040 63
70.1920 70.1920 55
70.2560 70.2880 62
70.3200 70.4160 63
86.6080 86.7040 52
86.8960 86.9600 58
86.9920 87.2160 57
87.3440 87.8880 57
87.9200 87.9520 56
88.0800 88.2720 57
88.3040 88.3680 60
88.5600 88.6880 64
88.8160 88.8480 62
88.8800 89.3600 63
90.5120 90.6400 51
90.7680 92.1120 57
92.4960 92.8480 50
92.8800 92.9440 51
94.6400 94.7040 55
95.1200 95.3120 56
95.3440 96.0480 57
96.0800 96.1120 58
96.1440 96.1760 60
96.4320 96.4320 64
96.5600 96.6240 63
96.6560 96.9120 64
98.5440 98.7040 59
98.7360 98.8320 60
98.8640 98.9600 59
98.9920 99.1840 58
99.2160 99.3120 59
99.7600 99.8560 55
99.8880 99.9840 56
100.2400 100.6560 50
100.6880 100.7840 52
101.2000 101.2960 53
102.0000 102.0000 51
102.0960 102.0960 53
102.6720 102.9920 50
103.1840 103.2800 50
103.4720 103.7600 50
104.0800 104.2080 49
104.5600 104.5600 52
104.5920 104.8800 55
104.9120 104.9440 54
105.1360 105.2000 52
105.3600 105.6480 55
105.6800 105.9680 54
106.0000 106.1600 55
106.6080 106.6720 57
106.8640 106.9280 56
107.0880 107.1520 56
107.4720 107.5360 57
107.6000 107.6320 57
107.6640 107.7920 59
108.3360 108.4960 63
108.5280 108.9120 64
109.3280 109.3600 62
109.3920 109.6160 63
109.7760 109.8720 60
110.0000 110.1600 59
110.3200 110.3520 57
110.3840 110.4160 58
110.4480 110.5120 59
110.7040 110.9920 57
111.2160 111.4720 69
111.7280 111.7920 60
111.9520 112.1760 64
112.2080 112.4000 63
112.4320 112.8480 64
112.8800 112.9440 63
112.9760 113.1680 62
113.2000 113.2320 61
113.2640 113.2960 60
113.3280 113.3920 59
113.4240 113.4880 61
113.6800 113.7760 59
113.9360 114.0320 59
114.0640 114.0960 60
114.1280 114.3200 58
114.3520 114.4480 59
114.4800 114.8960 57
115.4080 115.4720 55
115.5040 115.5680 56
115.6000 115.6640 57
115.8880 116.0160 49
116.0480 116.3040 50
116.3360 116.4000 51
116.5920 116.8800 55
117.5200 117.6160 58
117.8080 117.9040 58
118.1280 118.1600 56
118.1920 118.7360 57
118.9600 118.9600 67
118.9920 119.1840 69
119.7600 119.9520 64
119.9840 120.7840 63
120.8160 121.0720 62
121.2000 121.2960 59
121.5200 121.6480 60
121.6800 121.8720 59
121.9040 122.2240 58
122.2560 122.7040 57
122.9280 122.9280 57
122.9920 123.0560 57
123.1200 123.4080 55
123.6640 124.1760 50
124.4000 124.5280 53
124.6240 124.6560 54
125.0400 125.7120 55
125.9040 125.9680 55
126.8320 126.8960 57
129.9040 130.7040 62
137.7440 137.9040 69
138.4160 138.5120 64
138.7040 138.7040 62
144.6880 144.7520 60
148.7840 148.9760 64
152.6880 152.8480 65
156.5920 156.7200 58
156.7520 156.7520 54
157.0080 157.6160 49
158.1600 158.2880 49
158.8320 159.1840 50
159.2160 159.2480 53
159.2800 159.3440 55
159.6640 159.8560 52
160.0160 160.2400 55
160.9760 161.0720 48
161.2320 161.2960 49
161.4880 161.5520 50
161.7120 162.1600 50
162.9280 163.1520 50
163.1840 163.3120 55
163.6000 163.8880 52
163.9200 164.5600 55
164.5920 164.6240 52
164.8800 164.9440 48
165.1360 165.4240 49
165.6480 165.6800 50
165.7440 165.7440 50
165.8720 165.8720 50
165.9680 165.9680 50
166.6400 166.8960 50
166.9280 167.0240 52
167.0560 167.1520 55
167.8240 168.0160 55
168.0480 168.0800 57
168.4640 168.5920 63
169.2640 169.2640 57
169.4880 169.9040 57
169.9360 170.1280 55
170.7680 170.8640 64
170.9920 171.0880 63
171.2800 171.3120 63
171.6320 171.7280 61
171.7600 171.8880 63
172.2080 172.2720 59
172.4320 172.5600 59
172.7840 173.4240 57
173.5200 173.5200 62
173.5520 173.6480 67
173.6800 173.8720 69
174.4160 175.3120 64
175.3440 175.4720 62
175.5040 175.9200 59
176.1760 176.2400 60
176.3680 176.6240 59
176.6560 176.8480 58
176.8800 177.2960 57
177.5520 177.5520 55
177.8080 178.0960 56
178.3200 178.3200 59
178.5440 178.7680 57
178.8000 178.8640 59
179.0240 179.1200 59
179.3120 179.4080 67
179.6320 179.6320 59
179.7600 180.3360 59
180.5920 181.2000 57
181.4240 181.6480 69
181.9360 182.0000 67
182.0320 182.0640 65
182.1280 182.2560 65
182.2880 182.7360 64
182.7680 182.8000 62
183.1840 183.4080 62
183.6000 183.6960 62
183.7280 183.7600 60
183.9520 184.6560 59
184.6880 184.7520 57
184.8800 185.0720 57
185.3280 185.4560 57
185.6480 185.8080 55
185.8400 185.9040 57
186.0960 186.3520 62
186.3840 186.5120 69
187.5680 188.1440 59
188.3680 188.4320 57
188.4960 188.9120 57
189.2320 189.2640 60
189.3280 189.3280 61
189.7440 189.8080 60
190.0320 190.1600 64
190.2880 190.5440 63
192.2400 192.5600 58
192.7520 192.8480 57
193.2000 193.2000 56
193.4240 193.6800 56
195.2480 195.3120 61
195.7920 195.8560 59
197.8400 197.9360 64
198.0960 198.3520 63
