23.8560 23.9520 66
28.4320 28.8160 64
28.8480 28.9440 63
29.1040 29.6800 65
30.3840 30.4160 68
30.4480 31.0560 69
31.0880 31.7280 68
32.1120 32.1440 67
32.1760 32.2400 68
32.2720 33.0720 69
33.1040 33.7440 67
33.8720 34.2880 62
34.3200 35.2160 64
35.5680 35.6640 64
35.6960 35.8880 62
36.1120 36.3680 60
36.5280 36.9760 60
37.0080 37.4560 62
37.4880 37.6480 64
37.6800 37.8720 62
37.9040 38.3520 60
38.3840 39.9520 67
40.4960 40.8160 69
40.8480 41.7760 67
41.8080 42.7040 69
42.7360 43.0880 67
43.1200 43.5040 64
43.5360 44.1760 62
44.2080 45.2320 64
45.6480 46.1600 64
46.3520 46.9600 64
47.7600 48.3040 69
48.7840 48.7840 68
49.1040 49.1680 68
49.4240 49.5520 67
49.5840 50.3520 69
50.3840 51.0240 67
51.1520 51.5360 62
51.5680 52.3360 64
52.3680 52.4320 63
52.7200 53.1680 63
53.3600 53.6160 60
53.7760 54.2880 60
54.3200 55.0880 62
55.1200 55.6000 60
55.6320 57.2000 67
57.5840 58.0640 69
58.0960 58.9920 67
59.0240 59.9840 69
60.0160 60.7200 70
60.7520 61.4560 67
61.4880 64.0480 69
64.2720 64.7840 67
64.8160 66.1920 69
66.2240 66.2880 71
66.3200 66.8000 72
66.8320 68.1760 71
68.6240 68.6560 62
68.6880 68.7840 63
68.8160 69.9680 64
70.0000 70.4800 67
70.5120 70.7040 68
70.7360 71.6960 69
71.9840 72.3040 64
72.4320 73.8720 65
73.9040 74.2560 64
74.2880 74.9920 62
75.0240 75.2480 60
75.2800 75.6640 59
75.7920 75.8560 67
75.8880 76.3360 69
76.3680 78.5760 67
79.6320 80.1760 67
80.2080 81.5840 69
81.6160 81.7120 71
81.7440 82.0960 72
82.1280 83.2800 71
83.9200 84.0480 63
84.0800 85.2320 64
85.2640 85.3280 65
85.3600 85.8080 67
85.8400 86.0320 68
86.0640 87.1200 69
87.2800 87.6320 64
87.7920 89.1680 65
89.2000 89.2640 68
89.2960 89.7120 69
89.7440 90.3840 67
90.7040 91.6320 67
91.6640 91.7600 68
91.7920 94.6080 69
95.5360 95.8880 64
95.9200 96.0160 63
96.1760 96.2400 65
96.2720 96.8160 64
97.5200 97.7760 69
97.8080 97.8400 70
97.8720 98.0320 71
98.6080 98.8320 68
99.1840 99.3120 67
99.3440 99.3760 68
99.4080 99.6000 69
99.7280 100.2080 69
100.2400 100.8480 67
100.9760 101.0720 62
101.2000 101.2320 62
101.2640 101.3600 63
101.3920 102.1600 64
102.4480 102.8000 64
102.8320 102.9920 62
103.1520 103.4400 61
103.6000 103.9840 60
104.0160 104.9440 62
104.9760 105.3600 60
105.4240 105.4560 63
105.4880 107.0240 67
107.3760 108.8160 67
108.8480 109.7760 69
109.8080 109.9360 70
109.9680 110.2560 71
110.2880 110.3200 70
110.3520 110.5440 69
110.5760 110.6400 68
110.6720 110.9920 67
111.0240 111.2160 68
111.2480 113.7760 69
147.1840 148.5600 69
148.5920 149.1680 72
149.2000 150.4160 71
151.0240 152.1120 64
152.1440 152.3680 65
152.4000 152.9440 67
152.9760 153.0720 68
153.1040 154.0960 69
154.3200 154.5440 64
154.5760 156.2720 65
156.3040 156.7200 64
156.7520 157.2640 62
157.2960 157.3600 61
157.3920 157.6480 60
157.6800 157.9360 59
158.1280 158.1920 67
158.2240 158.6400 69
158.6720 161.1360 67
162.0000 162.5760 67
162.6080 163.9520 69
163.9840 164.0800 71
164.1120 164.4320 72
164.4640 165.8400 71
166.3520 166.5440 63
166.5760 167.6640 64
167.6960 168.2720 67
168.3040 168.4000 68
168.4320 169.4240 69
169.6480 170.0640 64
170.0960 171.5040 65
171.5360 171.6640 68
171.6960 172.0800 69
172.1120 172.7520 67
173.0080 173.9680 67
174.0000 174.0960 68
174.1280 176.9440 69
178.5120 178.5760 65
178.6080 179.0560 64
179.2160 179.2800 78
179.8880 180.2720 69
180.5600 180.9440 56
181.5520 181.6160 67
181.6480 181.7440 68
181.7760 182.5120 69
182.5440 183.1520 67
183.3120 183.4720 63
183.5040 183.6960 62
183.7280 184.7840 64
184.9440 185.0720 64
185.1040 185.2960 62
185.9360 186.3840 60
186.4160 186.4480 61
186.4800 186.8000 62
186.8320 187.0240 63
187.0560 187.2480 62
187.2800 187.6320 61
187.6640 187.7280 62
187.7600 187.7600 65
187.7920 188.1440 68
188.2720 189.2960 67
189.7440 190.1920 69
190.2240 191.1200 67
191.1520 192.1120 69
192.1440 192.2400 70
192.2720 192.6240 71
192.6560 192.7520 69
192.7840 192.8800 70
192.9120 193.3920 67
193.4240 193.5200 68
193.5520 196.0800 69
196.9760 197.4240 64
197.6480 197.7440 65
197.7760 197.9680 64
199.0560 199.3120 69
199.3440 199.6000 71
199.7920 199.8240 68
199.9200 199.9200 68
199.9840 200.3040 68
200.6560 200.7840 67
200.9760 200.9760 69
201.1680 202.0000 69
202.1920 202.6400 70
202.7360 203.0880 69
203.1520 203.1520 69
203.2480 203.2800 69
203.3440 203.3760 69
203.4720 203.6320 69
203.8240 206.0960 69
206.2560 206.5120 69
213.9040 214.0320 59
