15.2800 15.3760 50
15.4080 15.4720 51
15.5040 15.5360 53
15.5680 15.7920 54
15.9200 16.3040 54
16.3360 16.3680 53
16.4000 16.9440 52
16.9760 17.0080 51
17.0400 17.2000 50
17.3280 17.5200 50
18.4480 18.5440 50
18.5760 18.6080 53
18.6400 18.7040 54
18.8960 18.9920 55
19.2160 19.8880 57
20.0480 20.3680 57
20.4000 20.4320 58
20.4640 20.5920 59
20.6240 20.6560 58
20.6880 20.9120 57
21.1360 21.2960 54
21.3280 21.3600 53
22.0320 22.0640 49
22.0960 22.3840 50
22.4160 22.4160 52
22.4480 22.5120 55
22.5440 22.7360 57
22.7680 24.0480 59
24.2720 24.4000 57
24.4320 24.4640 58
24.4960 24.5920 59
24.7200 25.2960 57
25.4560 25.9680 55
26.0000 27.5680 54
29.6800 29.7440 56
29.7760 29.8080 58
29.8400 30.4480 59
30.4800 30.6400 55
30.8320 31.0560 54
31.2800 31.8560 52
32.8160 32.8800 52
33.0400 33.2320 55
33.2640 33.5520 57
33.6800 34.0320 57
34.0640 34.1280 58
34.1600 34.1920 62
34.2240 34.3200 63
34.3520 34.7680 61
34.8000 35.4720 62
36.4320 36.4960 49
36.5280 36.7520 50
36.7840 36.8160 53
36.8480 36.9120 56
36.9440 37.0720 57
37.1040 38.1280 59
39.0560 39.1520 52
39.1840 39.2480 53
39.2800 39.4080 54
39.6640 39.7920 52
39.9840 40.0800 50
40.1120 40.1760 51
40.2080 40.5600 52
40.8160 40.9440 50
40.9760 41.0080 51
41.0400 42.0320 52
44.0480 44.1440 54
44.1760 45.0080 55
45.0400 45.0720 54
45.1040 45.3920 53
45.4240 45.4560 52
45.5840 45.7440 52
45.7760 45.9360 51
46.0640 46.1280 51
47.1840 47.2480 50
47.4400 47.5360 54
47.6960 48.3680 57
48.4960 48.6880 57
48.8800 49.0720 57
49.1040 49.1360 58
49.1680 49.2960 59
49.3280 49.4240 58
49.4560 49.7440 57
49.8720 50.0640 56
50.9600 50.9920 50
51.1520 51.1520 54
51.1840 51.3440 57
51.4720 51.7280 59
51.9200 52.0160 60
52.0480 52.3680 59
52.4960 52.8800 59
52.9120 52.9440 58
52.9760 53.1360 57
53.1680 53.3600 58
53.3920 54.1280 57
54.1600 54.6080 55
54.8320 55.1520 55
55.1840 55.5680 54
55.6000 56.0480 55
58.5120 58.5440 58
58.5760 58.8960 59
58.9280 59.0880 60
59.1200 59.2160 59
59.6640 59.7920 54
59.8240 59.8880 53
59.9200 60.8160 52
61.7760 61.8400 55
62.0320 62.2240 57
62.4160 62.7680 57
62.8000 62.8640 58
62.8960 62.8960 60
62.9280 63.0560 63
63.0880 63.2160 62
63.2480 63.5040 61
63.5360 64.3040 62
64.3360 64.3680 61
64.7840 64.9120 57
65.1360 65.7440 57
65.7760 67.3440 59
68.2720 68.3360 60
68.3680 68.7840 62
68.9760 69.0720 59
69.1040 69.2320 60
69.2960 69.4240 61
69.5840 71.3440 61
71.3760 71.4080 60
71.9200 72.0480 56
72.0800 72.7200 57
72.7520 72.7520 59
72.7840 72.9120 61
72.9440 74.5760 62
74.6080 75.8880 64
75.9200 76.1440 66
76.1760 76.2400 65
76.2720 76.3040 59
76.3360 76.4000 58
76.4320 78.1600 57
79.0880 79.1200 51
79.1520 79.2160 52
79.2480 79.3120 54
79.3440 79.4720 55
79.5040 80.1120 57
80.1440 81.3600 59
82.1920 82.1920 56
82.2240 82.2240 58
82.2560 82.2880 61
82.3200 83.0880 62
83.1200 83.2480 63
83.2800 83.3440 58
83.3760 83.5360 59
83.5680 85.6160 61
86.2560 86.3840 55
86.4160 86.5760 56
86.6080 87.0560 57
87.0880 87.1200 60
87.1520 87.2480 61
87.2800 88.7840 62
88.8160 89.1040 59
89.1360 89.2000 61
89.8720 90.0000 56
90.2240 90.5120 57
90.7040 90.8640 59
90.8960 91.0560 57
91.0880 91.0880 55
91.2160 91.5040 55
91.8560 91.9840 55
92.1120 92.2720 57
92.3040 92.5280 59
92.5600 92.7840 57
92.8160 93.3920 54
94.1600 94.5120 52
94.5440 94.6400 54
94.8320 95.6640 57
95.6960 95.7600 56
96.7840 97.6480 55
97.7760 99.0560 50
130.2880 130.4800 52
130.5120 130.8000 54
130.9280 131.2800 54
131.3120 131.8880 52
131.9200 132.0160 51
132.0480 132.1760 50
132.3040 132.4000 50
133.5200 133.5520 51
133.5840 133.6800 54
133.8400 133.9680 55
134.1920 134.8640 57
135.0560 135.3440 57
135.3760 135.4080 58
135.4400 135.6000 59
135.6320 135.6640 58
135.6960 135.9520 57
136.1760 136.4320 54
137.0400 137.4240 50
137.4560 137.7440 57
137.7760 139.0240 59
139.2160 139.4720 58
139.5040 139.5680 59
139.7280 140.2720 57
140.4320 141.0720 55
141.1040 142.6080 54
144.6880 144.7520 56
144.7840 144.8480 58
144.8800 145.4240 59
145.4560 145.5200 58
145.5520 145.5840 56
145.6160 145.6480 55
145.8400 146.0640 54
146.2560 146.8000 52
147.8240 147.8880 52
148.0480 148.1120 55
148.2400 148.5600 57
148.6880 149.1040 57
149.1360 149.1360 59
149.1680 149.2000 62
149.2320 149.3280 63
149.3600 149.3920 62
149.4240 149.7760 61
149.8080 150.4160 62
151.4400 151.6320 49
151.6640 151.7920 50
151.8240 151.8560 54
151.8880 152.0160 57
152.0480 152.0800 58
152.1120 153.1040 59
153.1360 153.1680 58
154.0960 154.1920 52
154.2240 154.2880 53
154.3200 154.4800 54
154.7680 154.8320 52
155.0240 155.1520 50
155.1840 155.2480 51
155.2800 155.6320 52
155.8880 155.9840 50
156.0160 156.0800 51
156.1120 157.1040 52
159.0880 159.1200 51
159.1520 159.1840 52
159.2160 159.2480 53
159.2800 159.4080 54
159.4400 159.7600 55
159.7920 160.1120 54
160.1440 160.2720 53
160.3040 160.7520 52
160.7840 160.9440 50
161.0720 161.3600 50
162.4160 162.4800 53
162.6080 162.6080 53
162.6400 162.6720 56
162.7040 163.1200 57
163.1520 163.3760 58
163.4080 163.6960 57
163.8560 164.1440 57
164.1760 164.3360 59
164.3680 164.4000 58
164.4320 164.7520 57
164.7840 164.9120 55
164.9440 165.2000 54
165.8400 166.0640 50
166.1920 166.4800 57
166.5120 167.8560 59
167.8880 168.1760 57
168.2080 168.3360 59
168.3680 169.1040 57
169.1360 169.4560 55
169.6800 171.0240 54
173.4560 173.4560 55
173.4880 174.2240 59
174.2560 174.3520 55
174.6080 174.8960 54
174.9280 175.7920 52
176.7840 176.8480 54
177.1360 177.2320 57
177.4240 177.8400 57
177.8720 177.9360 60
177.9680 178.0640 63
178.0960 178.2240 62
178.2560 178.4800 61
178.5120 179.2800 62
179.7280 179.7280 53
179.7600 179.9200 57
180.1760 180.6240 57
180.7840 182.2880 59
183.3760 183.5360 62
183.5680 183.6320 63
184.0160 184.2400 59
184.6880 184.8480 61
185.1680 185.9360 61
186.8960 186.8960 53
186.9280 187.7280 57
187.7600 187.7920 60
187.8240 187.9520 61
187.9840 189.5840 62
189.6160 190.9280 64
190.9600 191.1840 66
191.4400 192.9760 57
194.1280 194.2240 52
194.2560 194.4480 54
194.4800 195.1200 57
195.1520 196.2720 59
197.1680 197.1680 56
197.2000 197.2640 59
197.2960 198.0640 62
198.0960 198.1920 64
198.2240 198.2240 62
198.3520 198.5120 59
198.5440 200.6560 61
201.2640 201.2640 54
201.2960 201.3600 56
201.4880 201.6160 56
201.6480 202.0640 57
202.0960 202.1280 60
202.1600 202.2880 61
202.3200 203.7600 62
203.7920 203.7920 60
203.9520 204.0800 59
204.1120 204.3040 60
204.3360 204.6240 61
204.8800 205.4880 57
205.7440 205.8400 59
205.8720 205.9040 58
205.9360 206.0960 57
206.2560 206.5760 55
207.1520 207.3120 57
207.3440 207.5040 59
207.5360 207.5360 57
207.6640 207.8240 57
207.8560 208.4000 54
209.1360 209.2000 52
209.3600 209.5520 53
209.5840 209.6800 55
209.8400 210.8320 57
211.8240 212.2400 54
212.2720 212.4640 55
212.4960 212.6560 54
212.7840 213.9040 50
215.6320 215.6320 53
215.6640 216.4960 57
216.5280 216.6560 61
216.6880 218.3840 62
218.4160 219.6000 64
219.6320 219.9200 66
220.1760 221.4560 57
222.8320 222.9600 51
222.9920 223.1520 54
223.1840 223.2480 55
223.2800 223.9200 57
223.9520 224.9440 59
224.9760 225.1360 58
225.9680 226.0000 59
226.0320 226.8320 62
226.8640 226.9600 64
226.9920 227.0240 62
227.0560 227.3120 59
227.3440 229.3920 61
230.0320 230.3840 56
230.4160 230.8640 57
230.8960 230.9280 60
230.9600 231.1200 61
231.1520 232.5280 62
232.7200 232.7520 59
232.7840 232.8480 60
232.8800 233.3920 61
233.6480 234.2560 57
234.5120 234.6080 59
234.6400 234.6720 58
234.7040 234.8000 57
234.8320 234.8640 56
234.8960 235.0240 55
235.1200 235.1200 55
235.1840 235.3120 55
235.8560 235.9840 57
236.0160 236.0480 58
236.0800 236.2080 59
236.3680 236.5280 57
236.5600 236.7520 55
236.7840 237.1680 54
237.9360 238.0000 52
238.1600 238.2880 52
238.3200 238.3840 53
238.6080 238.7360 56
238.7680 239.7280 57
240.5280 240.9440 54
240.9760 241.2320 55
241.2640 241.3600 54
241.5520 242.5760 50
244.4000 245.1360 57
245.2640 245.3920 61
245.4240 246.9920 62
247.1200 248.2720 64
248.4000 248.6880 66
248.9760 249.0400 57
