36.4640 36.6240 55
36.6560 36.9440 56
36.9760 37.1680 53
37.2000 37.3920 56
37.4240 37.7120 53
37.7440 37.9360 56
37.9680 38.0320 53
38.2560 38.2880 57
38.3200 38.5760 58
38.6080 38.6720 60
38.8320 39.0560 58
39.0880 39.6000 56
39.6320 39.8560 58
39.8880 39.9520 56
40.1760 40.7200 53
40.7520 40.7840 52
40.8160 40.8800 51
45.0720 45.1360 56
45.3280 45.5840 56
45.6160 45.7760 53
45.8080 45.8720 52
45.9040 45.9040 54
45.9360 46.0320 56
46.1920 46.4480 53
46.4800 46.6720 56
46.7040 46.8320 53
46.9920 46.9920 54
47.0240 47.0560 57
47.0880 47.2800 58
47.3120 47.5360 60
47.5680 47.8240 58
47.8560 47.9200 56
48.0800 48.4000 56
48.4320 48.5920 58
48.6240 48.6560 57
48.6880 48.7520 56
48.9440 49.4560 53
49.4880 49.6480 51
51.6320 51.6320 52
51.6640 51.7280 55
51.7600 52.0160 58
52.2080 52.4320 56
52.4640 52.7200 58
52.7520 53.1040 56
53.2960 53.5520 63
53.5840 54.1920 65
54.2240 54.2240 63
54.3840 54.6400 56
54.6720 54.8960 58
54.9280 55.0560 56
55.2160 55.4400 65
55.4720 55.7280 61
55.7600 56.1440 63
56.5920 57.4560 56
57.6160 57.9360 61
57.9680 58.3200 63
58.7360 59.1200 64
59.1520 59.2800 65
59.3120 59.5040 63
59.5360 59.6960 61
59.8240 60.0480 58
60.0800 60.4960 56
61.2000 61.4240 58
61.4560 61.7440 56
62.0000 62.2880 63
62.3200 62.7360 65
63.0240 63.1520 53
63.3120 63.3760 56
63.4080 63.6320 58
63.6640 63.8880 56
63.9200 63.9520 53
64.2080 64.4320 61
64.4640 64.6560 63
64.6880 64.7520 62
65.3600 65.6800 65
65.8400 65.9360 65
66.0960 66.8960 65
66.9280 67.4400 63
67.4720 68.1120 61
68.1440 68.3680 63
68.5280 68.9760 63
69.0080 69.1040 61
69.2960 69.7440 61
69.9040 69.9680 63
70.0000 70.1600 65
70.1920 70.3520 66
70.3840 71.0560 65
71.5680 71.6960 61
71.8560 72.0800 61
72.1120 73.2640 65
73.2960 73.3920 67
73.7440 74.2880 61
74.3200 74.3840 64
74.4160 74.7040 66
74.7360 74.8640 68
74.8960 74.9600 63
74.9920 75.1520 65
75.1840 75.5360 63
75.6640 75.7600 61
75.9520 76.3040 61
76.4640 76.4640 63
76.4960 76.5920 67
76.6240 76.9760 68
77.0080 77.0400 67
77.0720 77.7760 65
77.8080 78.5440 61
78.7040 78.7680 65
78.8000 79.1840 66
79.2160 79.6960 65
79.7280 79.7920 63
79.8240 79.9200 64
80.0480 80.0800 60
80.1120 80.7200 61
80.8800 80.9440 65
80.9760 81.3920 66
81.4240 81.6800 65
81.7120 82.0640 63
82.4800 82.5440 63
82.5760 82.8320 65
83.0240 83.4080 65
83.5680 84.2720 65
84.4320 84.5280 63
84.6560 84.9120 63
84.9440 85.0400 61
85.2320 85.5840 61
85.6160 86.8320 63
88.8800 89.3280 56
89.3600 89.6160 53
89.6480 89.8400 56
89.8720 90.1280 53
90.1600 90.3520 56
90.3840 90.4800 53
90.7040 90.9920 58
91.0240 91.0880 60
91.2160 91.5040 58
91.5360 92.0480 56
92.0800 92.3360 58
92.3680 92.4000 56
92.6240 93.0400 53
93.2000 93.3600 51
97.5200 97.5840 55
97.8080 98.0320 56
98.0640 98.3200 53
98.3520 98.4800 56
98.6080 98.8640 53
98.8960 99.1520 56
99.1840 99.4080 53
99.4400 99.6960 58
99.7280 99.8880 60
99.9200 100.1760 58
100.2080 100.3040 56
100.4960 100.6880 56
100.8160 101.0400 58
101.0720 101.1680 56
101.3600 101.7760 53
101.9360 102.0000 52
104.1760 104.1760 54
104.2080 104.4000 58
104.6240 104.8480 56
104.8800 105.1360 58
105.1680 105.2640 56
105.4240 105.6800 56
105.7120 105.9680 63
106.0000 106.6400 65
106.8000 107.0240 56
107.0560 107.3440 58
107.3760 107.5680 56
107.6000 107.6640 59
107.9200 108.1440 61
108.1760 108.6560 63
109.0080 109.9040 56
110.0960 110.3520 61
110.3840 110.6720 63
111.1840 111.5360 63
111.5680 111.6640 65
111.6960 111.9200 64
111.9520 112.0160 61
112.2720 112.4640 58
112.4960 112.9760 56
113.3280 113.3920 56
113.6160 113.8720 58
113.9040 114.2240 56
114.4800 114.7040 63
114.7360 115.2160 65
115.4400 115.5040 53
115.5360 115.6000 55
115.7280 115.7920 55
115.8240 116.0480 58
116.0800 116.3360 56
116.6240 116.8480 61
116.8800 117.2640 63
117.7760 118.0960 65
118.2560 118.3520 65
118.5120 119.3440 65
119.3760 119.8560 63
119.8880 120.4960 61
120.5280 120.7520 63
120.9760 121.4240 63
121.4560 121.6480 62
121.6800 121.7760 60
121.8080 122.1600 61
122.3200 122.3840 63
122.4160 122.5760 65
122.6080 122.7680 66
122.8000 123.4720 65
123.9840 124.1120 61
124.2720 124.4960 61
124.5280 124.5280 63
124.5600 125.6160 65
125.6480 125.6800 63
125.7120 125.7440 58
126.1600 126.7040 61
126.7360 126.8000 64
126.8320 127.1200 66
127.1520 127.2480 68
127.2800 127.2800 63
127.3760 127.3760 63
127.4080 127.5680 65
127.6000 127.9520 63
128.1120 128.1760 61
128.3680 128.7520 61
128.9120 128.9440 66
128.9760 129.4560 68
129.4880 129.9360 65
129.9680 130.1600 64
130.2880 130.9280 61
130.9600 130.9600 59
131.1200 131.1840 65
131.2160 131.6000 66
131.6320 132.1120 65
132.1440 132.2080 63
132.2400 132.3360 64
132.4640 132.4960 60
132.5280 133.1360 61
133.2960 133.3600 65
133.3920 133.8080 66
133.8400 134.0960 65
134.1280 134.4480 63
134.4800 134.5440 67
134.8960 134.9600 63
134.9920 135.2480 65
135.4400 135.8240 65
135.9840 136.4320 65
136.4640 136.5600 64
136.5920 136.6880 65
136.8480 136.9440 63
137.0720 137.2640 63
137.2960 137.3280 62
137.3600 137.3920 61
137.4240 137.4560 60
137.6480 138.0000 61
138.0320 138.9600 63
138.9920 139.0560 61
139.0880 139.1520 62
140.6240 140.7520 56
140.9120 141.2000 68
141.2320 142.0960 70
142.2240 142.6400 70
142.7680 143.0880 70
143.1200 143.2160 68
143.3760 144.2400 68
144.2720 144.3040 66
144.4640 144.9120 65
144.9440 145.0400 67
145.0720 145.3280 63
145.3600 145.4560 65
145.6160 145.9680 63
146.1600 146.7360 63
146.7680 147.0240 65
147.1840 147.2160 64
147.2480 147.4720 65
147.5040 147.7600 66
147.7920 148.0160 65
148.0480 148.1440 63
148.3040 148.7520 63
148.7840 148.8160 62
148.8480 149.3600 61
149.3920 149.3920 65
149.4240 149.6800 68
149.7120 150.8960 70
151.0240 151.3760 70
151.5680 151.8560 70
151.8880 151.9840 68
152.1440 152.4640 68
152.6880 153.1040 68
153.2320 153.4560 65
153.4880 153.5840 63
153.7760 154.0320 63
154.0640 154.2880 65
154.3200 155.8240 63
156.4640 156.4960 60
156.5280 157.1040 61
157.2960 157.2960 62
157.3280 157.5520 65
157.5840 157.7760 66
157.8080 158.3200 65
158.3520 158.4480 66
158.9280 159.0560 61
159.2160 159.3440 61
159.3760 159.4400 60
159.4720 159.4720 63
159.5040 160.6880 65
161.1040 161.6480 61
161.6800 161.7760 65
161.8080 162.1280 66
162.1600 162.3200 63
162.3520 162.5120 65
162.5440 162.8960 63
163.0560 163.1200 61
163.3120 163.6320 61
163.8560 163.8880 66
163.9200 164.4000 68
164.4320 164.8480 65
164.8800 164.9440 64
164.9760 165.0080 63
165.2640 165.8720 61
166.0000 166.0000 62
166.0320 166.5440 66
166.5760 167.0560 65
167.0880 167.2160 63
167.4400 168.0480 61
168.2400 168.3040 65
168.3360 168.8160 66
168.8480 169.0720 65
169.1040 169.3600 63
169.3920 169.4880 65
169.8400 169.9360 63
169.9680 170.2240 65
170.3840 170.8960 65
170.9920 171.6960 65
171.8240 171.9520 63
172.0800 172.3360 63
172.3680 172.4640 61
172.6240 172.9760 61
173.0080 173.8400 63
173.8720 174.7040 61
174.7360 174.7680 63
174.8000 175.9200 65
175.9520 176.0160 67
176.4320 176.5600 61
176.7200 176.8800 61
176.9120 178.3520 65
178.6720 179.1200 61
179.1520 179.2160 64
179.2480 179.5040 66
179.6640 180.0160 65
180.0480 180.4000 63
180.5920 180.6560 61
180.7840 181.1680 61
181.2000 181.2640 64
181.2960 181.3280 66
181.3600 181.8400 68
181.8720 182.3200 65
182.3520 182.4160 64
182.4480 182.4800 63
182.6720 183.3440 61
183.5040 184.5280 65
184.5600 184.6880 63
184.8800 185.5200 61
185.6800 185.7440 63
185.7760 186.2240 66
186.2560 186.5440 65
186.5760 186.8320 63
186.8640 186.9280 67
186.9600 186.9600 65
187.3120 187.4080 63
187.4400 187.6960 65
187.8880 188.3360 65
188.4640 188.9120 65
188.9440 189.0720 64
189.1040 189.1360 65
189.2960 189.7760 63
189.8080 189.8720 61
190.0640 190.4160 61
190.4480 191.4400 63
191.4720 192.1120 61
192.2720 192.3360 65
192.3680 192.8160 66
192.8480 193.2640 65
193.2960 193.3600 63
193.3920 193.4560 64
193.6160 194.2560 61
194.4480 194.5120 65
194.5440 194.9920 66
195.0240 195.2800 65
195.3120 195.5040 63
195.5360 195.6640 64
196.1120 196.1760 63
196.2080 196.4640 65
196.6240 197.1040 65
197.2320 198.0000 65
198.1600 198.2880 63
198.4480 198.6720 63
198.7040 198.8000 61
199.0240 199.4080 61
199.4400 200.4640 63
200.4960 200.6560 62
