46.9920 47.2160 60
47.2480 47.3440 61
47.3760 47.4720 62
47.5040 47.5680 61
47.7600 47.8560 59
48.1120 48.2400 60
48.2720 48.4640 61
48.4960 48.5920 62
48.8480 49.1040 61
49.1360 49.2000 60
49.2320 49.2960 57
49.3280 50.7680 56
50.8000 51.0880 55
53.9360 54.1280 62
54.1600 54.4800 61
54.5120 54.5760 62
55.2800 55.3760 63
55.4080 55.4400 62
55.4720 55.5040 61
55.7280 55.8560 61
56.5280 56.6240 63
56.7520 56.9440 61
57.1680 57.3280 61
57.3600 57.4560 59
57.4880 57.6800 62
57.8080 57.9360 63
57.9680 58.0320 62
58.1920 58.3520 61
58.3840 58.4160 60
58.4480 58.4800 62
58.5120 58.8640 63
58.8960 58.9600 64
59.1520 59.2800 63
59.3120 59.4080 64
59.4400 59.5680 63
59.7920 59.9840 61
60.0160 60.1760 60
60.2080 60.2720 61
60.4960 60.6240 59
60.6560 60.7200 60
60.7520 60.9120 61
61.0720 61.2000 63
61.4240 61.5200 63
61.5520 61.6800 65
61.7120 61.8720 64
61.9040 62.0000 65
62.0320 62.1280 64
62.4800 62.5760 61
62.6080 62.8640 62
63.0880 63.3760 59
63.4080 63.4400 58
63.4720 63.5040 57
63.5360 63.6640 56
64.3040 64.4960 62
64.5280 64.8800 61
65.6160 65.8720 50
66.0000 66.1920 61
66.9600 67.0880 63
67.1200 67.3760 61
67.5360 67.6640 61
67.6960 67.7600 59
67.7920 67.8560 60
67.8880 67.9200 61
68.2400 68.3040 63
68.3360 68.4640 61
68.5920 68.7520 61
68.7840 69.0080 63
69.1680 69.2640 64
69.2960 69.3600 65
69.5200 69.8080 64
69.8400 69.9360 63
70.1920 70.2560 61
70.2880 70.8000 62
70.8320 70.9920 60
71.1200 71.2480 61
71.4400 71.6320 63
71.7920 71.8560 64
72.1760 72.3040 63
72.4640 72.5280 63
72.7840 72.8160 60
72.8480 72.8800 61
72.9120 73.0080 62
73.3920 73.3920 57
73.4240 73.7440 59
73.7760 73.8080 58
73.8400 73.9040 57
74.3200 74.5760 59
74.6080 74.8640 58
74.8960 74.9920 59
75.1840 75.2800 57
75.4080 75.6960 58
75.8880 76.0800 58
76.1120 76.2400 61
76.2720 76.4960 56
76.8800 77.1040 58
77.3280 77.5840 58
77.9680 78.1920 58
78.4160 78.7360 58
78.8960 79.0240 57
79.5360 79.7280 58
79.9200 80.1760 58
80.3680 80.4320 56
80.5920 80.8800 58
80.9120 81.0080 60
81.0400 81.3600 58
81.5200 81.7120 56
84.4000 84.9440 62
85.0720 85.2320 63
85.3920 85.5840 63
85.8080 86.1920 59
86.2240 86.5120 56
86.7360 87.0880 61
87.1200 87.2480 63
88.5600 88.9440 62
88.9760 89.2640 63
89.4880 89.6480 62
89.6800 89.8080 61
89.8400 89.9040 63
91.8880 92.6240 63
92.6560 92.7520 64
92.7840 93.0720 63
93.1040 93.2000 62
93.2320 93.2960 61
93.3280 93.3920 59
93.4240 94.0640 58
94.1920 94.7360 59
94.7680 94.9280 61
94.9600 95.1200 63
95.3120 95.8880 50
96.2080 96.4000 59
96.4320 96.5280 56
96.8160 97.0720 56
97.1040 97.3280 61
97.3600 97.4880 62
97.5200 97.5840 63
98.8640 98.8960 61
98.9280 99.4720 62
99.5040 99.6320 63
99.8560 100.0160 62
100.0480 100.2720 61
101.6160 101.9680 59
102.0000 102.1280 61
102.5760 103.1200 63
103.2480 103.4400 63
103.4720 103.5360 62
103.5680 103.6000 60
103.6320 104.1760 58
104.2080 104.6560 59
104.6880 104.7200 58
104.8800 104.9120 57
104.9440 105.2000 59
105.2320 105.2640 58
105.2960 105.3600 57
105.3920 105.9680 56
109.3280 109.3600 59
109.3920 109.5200 60
109.5520 109.6160 61
109.6480 109.7440 62
109.7760 109.8400 61
110.0320 110.1280 59
110.3840 110.4160 60
110.4480 110.7680 61
110.9920 111.0560 62
111.0880 111.3760 61
111.4080 111.4720 60
111.5040 111.5360 57
111.5680 112.5920 56
112.6240 112.7200 55
112.7520 113.0400 56
113.0720 113.4880 55
116.1440 116.2080 63
116.2400 116.2720 62
116.4000 116.4640 61
116.6560 116.8480 61
117.3600 117.3920 62
117.4240 117.6800 63
117.7120 118.0320 61
118.0640 118.1600 62
118.6720 118.7040 59
118.7360 118.8000 60
118.8320 118.8640 61
118.8960 118.9920 62
119.0240 119.1520 61
119.2800 119.4080 58
119.4400 119.5360 62
119.5680 119.8560 61
119.9840 120.0800 60
120.1120 120.1760 59
120.2080 120.2400 61
120.2720 120.4320 62
120.4640 120.6880 61
120.7200 120.8800 63
121.0720 121.1680 64
121.2000 121.4240 65
121.4560 121.6800 64
121.7120 121.8400 63
122.0320 122.1600 61
122.1920 122.5440 62
122.7680 122.9920 60
123.4080 123.7920 63
124.0480 124.1440 64
124.3040 124.4640 63
124.6880 125.1040 61
125.3280 125.5840 59
125.6160 125.6480 58
126.6720 126.7680 62
126.8000 127.1200 61
128.0160 128.1440 62
128.1760 128.4960 61
128.5280 128.5920 62
129.1360 129.3920 62
129.6800 129.7440 59
129.8720 129.9680 60
130.0000 130.1280 59
130.1600 130.2880 62
130.3200 130.3840 58
130.5760 130.7040 59
130.7360 130.7680 56
130.8000 130.8640 54
130.8960 131.0240 53
131.1520 131.5360 63
131.5680 131.6320 64
131.6640 131.8240 66
131.8560 132.0800 64
132.1120 132.2400 63
132.4640 132.5600 61
132.5920 132.8800 62
132.9440 132.9760 62
133.0400 133.1040 61
133.1360 133.3280 59
133.6800 133.9040 63
134.0320 134.0640 63
134.0960 134.1280 64
134.1600 134.2240 66
134.4160 134.5440 63
134.7040 134.8000 63
134.8320 134.8960 64
135.1520 135.2480 61
135.2800 135.3440 62
135.6320 135.7280 59
135.7600 135.7920 57
135.8240 136.0480 58
136.5920 136.8480 59
136.8800 137.1360 58
137.1680 137.2640 59
137.4560 137.5520 56
137.6800 137.9680 58
138.1600 138.2880 58
138.3200 138.3840 59
138.4160 138.5120 61
138.5440 138.5760 58
138.6080 138.7680 56
139.1520 139.3760 58
139.6000 139.8560 58
139.8880 139.9200 57
140.2720 140.3040 58
140.3360 140.4640 59
140.4960 140.5600 58
140.6880 140.8160 58
140.8480 140.9760 59
141.0080 141.0080 57
141.2000 141.2960 57
141.8400 142.0000 59
142.1920 142.3200 58
142.3520 142.4160 59
142.6080 142.6720 56
142.8640 143.0880 58
143.1200 143.5040 59
143.5360 143.6320 58
143.7920 143.9840 56
146.6720 146.9600 62
146.9920 147.0880 63
147.1200 147.1520 62
147.3440 147.5040 63
147.6640 147.6960 62
147.7280 147.8560 63
148.0800 148.3680 59
148.4000 148.4960 58
148.5280 148.7840 56
148.9760 149.0720 62
149.1040 149.3600 61
149.3920 149.5200 62
150.8320 151.2160 62
151.2480 151.5360 63
151.7600 151.9200 62
151.9520 152.1120 61
154.1600 155.2800 63
155.3120 155.4720 62
155.5040 155.5680 61
155.6000 155.6640 59
155.6960 156.3360 58
156.4640 157.0080 59
157.0400 157.2000 61
157.2320 157.2640 62
157.2960 157.3920 63
157.5840 157.6160 49
157.6480 158.0320 50
158.0640 158.1600 51
158.4800 158.7040 58
158.7360 158.8000 56
159.0880 159.3440 56
159.3760 159.5360 61
159.5680 159.7600 62
159.7920 159.8560 63
161.1360 161.1680 61
161.2000 161.6160 62
161.6480 161.9040 63
162.1280 162.2880 50
162.3200 162.5120 49
163.8880 164.2400 59
164.2720 164.3680 61
164.8160 165.3600 63
165.5200 165.6800 63
165.7120 165.8080 62
165.8400 165.8720 60
165.9040 166.2240 58
166.2560 166.9600 59
167.1520 167.1840 57
167.2160 167.4720 59
167.5040 167.5360 58
167.5680 167.6000 57
167.6320 168.0480 56
171.6000 171.7920 60
171.8240 171.8880 61
171.9200 172.0160 62
172.0480 172.1120 61
172.3040 172.4000 59
172.6560 172.6880 60
172.7200 173.0080 61
173.0400 173.1360 62
173.2640 173.3600 63
173.3920 173.6480 61
173.6800 173.7120 60
173.7440 173.7760 59
173.8080 173.8400 57
173.8720 174.8960 56
174.9280 175.0240 55
175.0560 175.3120 56
175.3440 175.4080 55
175.8560 175.8880 63
175.9200 176.0480 68
176.1760 176.7200 70
176.7840 176.8160 70
176.8800 176.9440 69
177.1680 177.3600 69
177.3920 178.3200 70
178.3520 178.4160 69
178.4480 178.4800 67
178.5120 178.5440 65
178.5760 178.6080 64
178.6400 179.3120 63
181.9680 182.4160 62
182.4480 182.7040 61
182.7360 182.8640 59
183.0240 183.4400 61
183.4720 183.5680 62
183.6960 183.8240 62
183.8560 184.0800 61
184.1120 184.2400 59
184.2720 185.0720 56
185.1040 185.1040 52
185.2000 185.2000 52
185.2320 185.8400 55
185.8720 185.8720 60
185.9040 186.1600 62
186.1920 186.4160 68
186.5760 187.3440 70
187.5680 188.4960 70
188.5280 189.1040 68
197.4240 197.4880 59
198.5120 198.5760 61
