13.7440 13.8080 59
13.8400 13.9360 62
13.9680 14.0640 63
14.1920 14.3520 64
14.3840 14.5120 62
14.6400 14.8320 65
14.8640 14.9600 66
14.9920 15.1200 67
16.8160 17.4880 67
17.5200 17.8400 68
17.8720 18.3200 67
18.3520 18.9920 65
21.1040 21.3920 65
21.4240 21.5200 67
21.5520 21.8080 65
21.8400 22.8640 63
23.9520 24.2400 63
24.2720 24.7520 65
24.9440 26.3840 67
27.8560 27.8880 61
27.9200 28.2400 63
28.2720 28.4000 65
28.4320 28.5280 64
28.6880 29.1680 65
29.2000 29.8400 67
30.9600 32.4640 67
32.4960 33.8080 65
35.3120 35.5040 65
35.5360 35.6960 67
35.8560 36.0160 65
36.0480 37.0080 62
37.9680 38.0320 60
38.0640 38.1920 63
38.3840 38.9920 65
39.0240 39.1520 67
39.2800 40.9120 67
41.7760 41.9680 65
42.0000 42.2240 67
42.3520 42.7360 67
42.7680 43.5680 69
44.9440 45.2320 68
45.2640 46.5120 70
46.5440 46.5440 68
46.6720 47.4400 63
49.3600 49.6800 67
49.9360 50.3200 67
50.3520 51.0240 68
52.0800 52.3040 65
52.5600 52.7840 65
52.8160 53.2000 62
53.2320 53.2640 60
53.4560 53.5840 57
53.9680 54.4480 58
56.1120 56.3360 63
56.5280 56.6880 65
56.9440 57.2960 65
57.3280 57.8720 67
59.0880 59.3440 67
59.5680 59.7600 67
59.7920 60.0480 68
60.2080 60.3040 67
60.4640 60.6240 67
60.6560 62.0000 65
63.4400 63.7600 65
63.7920 63.9200 67
63.9520 64.1760 65
64.2080 65.2320 63
66.1600 66.5440 62
66.5760 66.7360 63
66.7680 66.9600 64
66.9920 67.3760 63
67.5360 70.9920 63
73.6480 73.7440 59
73.7760 73.9040 62
73.9360 74.0000 63
74.1280 74.3200 65
74.5760 74.7360 65
74.7680 74.9600 67
74.9920 75.0240 66
75.0560 75.0880 65
76.7200 77.3600 67
77.3920 77.7440 68
77.7760 78.2240 67
78.2560 78.8640 65
81.0720 81.3600 65
81.3920 81.4880 67
81.5200 81.7440 65
81.7760 82.7680 63
83.7600 83.8240 59
83.8560 84.1120 62
84.3360 84.7520 65
84.9120 86.2240 67
87.7920 88.1440 63
88.1760 88.4320 65
88.6240 88.7200 65
88.7520 89.1360 67
90.8640 91.1200 67
91.2480 92.3360 67
92.3680 93.4240 65
95.1840 95.3440 65
95.3760 95.5040 67
95.6640 95.8240 65
95.8560 96.3680 63
97.8400 97.8720 58
97.9040 98.1600 62
98.3200 98.9600 65
98.9920 99.1200 67
99.2480 100.5280 67
101.7760 101.8080 59
101.8400 101.8720 63
101.9040 101.9360 66
101.9680 102.1280 67
102.2880 102.6720 67
102.7040 102.8320 69
102.8640 103.2160 70
103.2480 103.2800 69
104.9120 105.0400 68
105.0720 105.4240 69
105.4560 106.4160 70
106.5760 107.1520 62
109.2320 109.5520 67
109.8080 110.2240 67
110.2560 111.0880 68
112.4000 112.5600 65
112.5920 112.6240 64
112.7840 112.9120 63
112.9440 113.1040 62
113.1360 113.1680 60
113.4240 114.0640 58
114.0960 114.3520 57
114.3840 114.4800 58
116.0480 116.1120 62
116.1440 116.2080 63
116.4320 116.6240 65
116.9440 117.0720 65
117.1040 117.2960 67
119.0560 119.3440 67
119.5680 119.9840 67
120.1440 120.2400 67
120.4000 120.5600 67
120.5920 121.6800 65
123.3760 123.8560 65
123.8880 125.0400 63
126.0640 126.3520 63
126.4800 126.6080 62
126.6400 126.8640 64
126.8960 127.2160 63
127.4080 130.9280 63
130.9600 131.0240 64
131.0560 131.1200 65
131.1520 131.1840 66
131.2160 131.3760 67
131.5040 131.6000 67
131.7280 131.7920 67
133.5520 133.6160 59
133.6480 133.9680 62
134.0000 134.1920 65
134.2240 134.4800 63
134.6080 134.9280 67
134.9600 135.1200 65
136.6880 138.1920 67
138.4160 138.8960 65
139.0560 139.1520 65
139.3440 139.5680 68
141.0720 141.2320 65
141.2640 141.3280 67
141.3600 141.5520 65
141.5840 142.6080 63
144.0160 144.0800 63
144.1120 144.6240 65
144.6560 146.0960 67
146.1600 146.1600 66
146.2560 146.3840 67
147.6960 147.8560 62
147.8880 148.5280 65
148.5600 148.6240 66
148.6560 149.0720 67
149.2000 149.3920 67
150.7360 151.8880 67
152.0800 152.2400 67
152.3360 152.4960 65
152.5920 152.7520 65
152.8800 153.4560 65
155.1200 155.6320 65
155.7280 155.8880 62
156.0800 156.8800 63
157.7760 158.2560 62
158.2880 158.8320 65
158.8640 160.6560 67
160.8480 160.8800 67
161.7440 161.8080 65
161.8400 162.0960 67
162.1280 162.6720 68
162.7040 163.0240 70
163.0560 163.1840 69
163.2160 163.4400 67
164.5280 164.6240 67
165.2640 165.4560 68
165.4880 166.2240 70
166.2560 166.3520 69
166.6080 166.6400 62
166.6720 167.2160 63
169.2640 169.8400 67
169.8720 171.5360 68
171.5680 171.7600 67
171.7920 171.9520 65
171.9840 172.0480 66
172.0800 172.1120 67
172.3360 172.5280 66
172.6880 172.7520 65
172.7840 172.9440 64
173.1040 173.2320 62
173.2640 173.2640 60
173.4240 173.5200 59
173.5520 173.6800 58
176.3360 176.4960 65
176.7520 177.1360 65
177.1680 177.2000 66
177.2320 177.4880 67
178.9600 179.2160 55
179.3760 179.6000 67
179.6320 179.8880 68
179.9200 179.9520 67
180.0800 180.4320 67
180.4640 180.6880 66
180.7200 181.5200 65
183.3760 183.5360 65
183.5680 183.6640 66
183.8560 184.0480 65
184.0800 184.5280 63
186.0640 186.2240 62
186.4800 186.6400 63
186.6720 186.9280 65
186.9600 187.0240 64
187.1840 187.2480 64
187.2800 188.7840 63
190.7680 191.1520 77
191.4400 191.6000 76
191.6320 193.3920 75
211.1520 211.8240 78
212.0800 212.1760 78
212.3040 212.7840 78
212.9120 213.1360 70
213.2640 213.2640 70
213.3280 213.5200 70
213.7760 213.8080 69
215.9840 216.1760 68
216.5280 217.0720 68
217.1040 217.7120 67
217.8400 217.9040 67
218.4800 218.5440 67
221.1680 221.2320 75
222.6720 222.8320 65
222.8640 222.9280 66
223.0560 223.5040 67
223.5360 223.6640 72
223.6960 223.7920 70
225.1680 225.2320 61
225.2640 225.3920 62
225.5520 225.8400 65
226.0320 226.0320 65
226.0640 226.5440 67
226.5760 226.6080 66
228.3040 228.5280 67
228.7200 228.8800 55
228.9120 229.1680 56
229.2960 229.3920 67
229.5200 229.6800 67
230.0320 230.2560 67
230.2880 230.4800 65
230.5120 230.7680 67
232.6880 232.8160 65
232.8480 232.9760 67
233.0080 233.1360 65
233.1680 233.5520 63
233.5840 233.6160 60
233.6800 233.6800 60
233.7120 234.4160 63
235.2800 235.3440 58
235.6960 236.3360 65
236.3680 237.5200 67
237.5840 238.1600 67
238.3840 238.5760 66
239.3760 239.4400 67
239.4720 240.1440 65
240.1760 240.2720 66
240.3040 240.6240 67
242.3840 243.0240 67
243.0560 243.3120 68
243.3440 243.5040 67
243.6960 243.7920 67
243.9200 244.0480 67
244.0800 244.4000 65
244.4320 244.5280 66
244.5600 244.7520 67
244.7840 244.8480 65
244.9440 244.9760 66
245.0080 245.0400 65
246.7680 246.7680 63
246.8000 247.2800 65
247.7920 247.8240 63
248.1440 248.2080 65
248.2400 248.2720 63
248.3680 248.3680 63
249.4560 249.7120 62
249.8720 249.9680 65
250.0000 250.0960 67
250.1280 250.4480 65
250.4800 252.4640 67
253.3920 253.4880 65
253.5200 253.7440 67
253.7760 253.9360 68
253.9680 254.0960 67
254.1280 254.1920 68
254.2240 254.7360 69
254.7680 254.9280 67
255.5040 255.6320 67
256.8800 256.9760 68
257.0080 257.1360 69
257.1680 257.8400 70
257.8720 257.9680 69
258.2240 258.2560 62
258.2880 258.6080 63
260.9120 261.5840 67
261.6160 263.0560 68
263.4080 263.6320 65
263.6640 263.7280 66
263.9520 264.1120 66
264.3360 264.6240 63
265.0080 265.1360 60
265.3280 265.4240 58
267.8880 268.0480 65
270.5760 271.5360 67
271.6640 272.2400 67
272.2720 272.9120 65
274.9920 275.1520 65
275.1840 275.2800 66
275.5040 275.6640 65
275.6960 276.3680 63
277.7120 277.9360 63
278.1600 278.8960 65
278.9600 280.6240 63
