8.0800 8.4640 60
8.4960 8.5920 59
12.5280 12.5920 59
12.6240 12.9120 60
12.9440 13.1360 59
13.2640 13.5840 59
15.6960 15.9840 62
16.8160 17.2000 68
17.2320 17.6160 66
17.8400 17.9360 60
17.9680 18.1920 61
18.2240 18.2560 62
18.2880 18.3520 63
18.3840 18.5440 64
18.6720 18.7360 64
18.7680 18.8000 65
18.8320 18.9600 66
19.4720 19.5680 61
19.6000 19.8560 63
20.0800 20.3360 62
20.3680 20.4320 60
21.2640 21.3920 67
21.4240 21.5840 68
21.6160 21.6800 67
21.7120 21.9040 66
21.9360 22.0000 65
22.2880 22.6400 61
22.6720 22.7040 62
22.7360 22.7680 63
22.8000 23.0240 64
23.0560 23.3440 63
23.3760 23.5040 60
23.5360 23.7280 59
23.9840 24.0480 61
24.0800 24.2080 63
24.2400 24.4000 64
24.8160 24.9120 59
25.0720 25.1680 61
25.3600 25.4240 61
25.6480 25.7120 63
25.7440 25.7440 65
25.7760 25.8720 67
25.9040 26.0960 68
26.1280 26.4800 66
26.5120 26.5440 65
26.7040 27.0880 61
27.2800 27.4400 63
27.4720 27.6960 64
27.7280 27.8560 66
28.4960 28.4960 61
28.5280 28.7840 63
28.8160 28.8480 62
28.9760 29.1680 61
29.2000 29.2640 59
29.2960 29.3600 58
29.5520 29.7440 55
29.7760 29.8400 56
29.8720 29.9040 57
29.9360 30.0000 58
30.3200 30.5120 67
30.5440 30.8320 66
30.8640 30.9920 67
31.0240 31.0560 64
31.0880 31.1200 62
31.1520 31.5680 61
31.7600 32.1760 64
32.4640 32.7200 59
32.7520 32.8160 60
32.8480 33.0400 61
33.0720 33.3600 62
33.3920 33.4240 60
33.7120 33.8400 59
34.0640 34.1600 61
34.1920 34.3520 60
34.3840 34.6080 61
34.6400 34.6720 62
34.7040 34.8320 63
34.8640 34.8960 62
34.9280 35.1200 61
35.1520 35.2480 63
35.2800 35.5360 62
35.5680 36.0160 63
36.6880 36.8480 61
36.8800 36.9120 62
36.9440 37.0720 63
37.1040 37.2320 61
37.3600 37.4560 66
37.5840 37.8400 64
37.8720 38.0000 63
38.0320 38.0640 62
38.0960 38.2240 61
38.2560 38.3840 62
38.4160 38.5120 63
38.7680 38.7680 63
39.0240 39.1520 61
39.1840 39.2800 60
39.4720 39.5680 60
39.8240 40.1760 55
40.2080 40.3360 56
40.3680 40.4640 57
40.4960 40.5920 58
41.2640 41.3280 68
41.3600 41.3920 67
41.4240 41.9040 66
42.1280 42.2240 71
42.4160 42.8960 66
42.9280 43.1520 68
43.1840 43.3120 67
43.7280 43.8240 67
43.8560 44.1760 68
44.2080 44.3360 67
44.3680 44.4960 66
44.8800 45.3600 69
45.3920 45.4880 68
45.5200 45.5520 67
45.9040 46.2560 68
46.5760 46.7680 64
46.8000 47.4720 66
47.6320 47.7280 64
47.9200 48.2720 61
48.3040 48.9440 64
48.9760 49.4880 61
49.5200 50.0960 64
50.4160 50.7040 59
50.9280 51.0240 59
51.2480 51.3440 61
51.3760 51.6000 59
51.6320 51.6320 57
51.7600 52.2080 56
52.7200 53.4240 68
53.7440 54.3200 69
54.3520 54.4160 67
54.4480 54.5440 64
54.8000 55.1520 68
55.1840 55.3760 62
55.4400 55.5040 63
55.9520 56.4960 66
56.5280 56.7200 68
56.7520 56.8480 71
57.2000 57.2960 65
57.3280 57.4880 63
57.5200 57.6800 64
57.7120 57.7760 65
57.9360 57.9680 60
58.0000 58.3840 61
58.5120 58.8320 64
58.8640 58.9920 63
59.4080 59.6000 58
60.1760 60.3680 58
60.4000 60.6240 59
60.7520 61.2000 61
71.3440 71.6640 62
72.5600 72.6880 68
72.7200 72.9120 67
72.9440 73.0400 66
73.2320 73.4880 66
73.5200 74.0320 61
74.0640 74.2880 63
74.3200 74.4480 64
74.4800 74.6400 66
75.5040 75.6000 63
75.7920 75.7920 61
76.0480 76.1120 58
76.5920 76.7840 56
77.0080 77.0720 65
77.1040 77.4560 67
77.4880 77.5520 65
77.6800 77.8080 66
77.8400 78.3840 61
78.6080 78.9600 64
79.1200 79.6320 59
79.6640 80.1440 63
80.7200 81.2000 61
81.4880 81.7440 67
81.9040 82.1920 66
82.3520 82.9280 61
82.9600 83.0560 63
83.0880 83.2800 64
83.3440 83.6000 65
83.8240 83.9520 59
84.0480 84.2400 61
84.2720 84.5920 63
84.6240 84.7520 62
84.9120 85.1040 59
85.1360 85.2640 60
85.5200 85.6800 67
85.8400 86.0640 67
86.1920 86.6080 66
86.6400 86.6720 65
86.8960 87.0880 61
87.1200 87.1840 62
87.3760 87.4720 65
87.5040 87.7600 64
87.7920 87.9520 63
87.9840 87.9840 60
88.2080 88.3680 58
88.4000 88.4960 59
88.5280 88.5600 60
88.5920 88.6240 61
88.6560 88.7840 62
88.8160 88.9760 63
89.1040 89.2000 61
89.3600 89.6480 59
89.6800 90.0320 60
90.0640 90.3520 61
90.3840 91.2480 62
91.2800 91.8560 63
92.3680 92.5920 61
92.6240 92.8160 63
92.8480 92.9440 61
93.0720 93.2000 66
93.2320 93.5840 64
93.6160 93.7120 63
93.7440 93.7760 62
93.8080 93.9360 61
93.9680 94.0960 62
94.1280 94.5440 63
94.6720 94.8640 62
94.8960 94.9920 61
95.1520 95.2160 61
95.2480 95.3120 60
95.3440 95.3760 59
95.5360 95.8560 55
95.8880 96.0160 56
96.0480 96.1440 57
96.1760 96.2400 58
96.9760 97.0400 67
97.0720 97.6160 66
97.8400 97.9360 71
98.1280 98.6720 66
98.7040 98.9920 68
99.4720 99.9840 68
100.0160 100.0480 67
100.0800 100.1760 66
100.6560 101.1360 69
101.1680 101.2000 67
101.2320 101.2640 66
101.6480 102.0000 68
102.2240 102.3840 64
102.5120 102.6720 66
102.8000 103.1520 66
103.1840 103.3440 63
103.3760 103.4400 62
103.4720 103.5040 60
103.6320 103.8560 60
104.0480 104.6560 64
104.6880 104.7840 62
104.8160 105.1360 61
105.1680 105.2640 62
105.2960 105.3600 63
105.3920 105.7120 64
105.7440 105.7760 63
106.1280 106.2880 59
106.6400 106.7360 58
107.0240 107.1200 59
107.1520 107.2800 58
107.5040 107.6000 57
107.6320 107.8880 56
108.3680 108.4320 67
108.4640 108.9440 68
108.9760 109.1360 66
109.4240 110.0320 69
110.0640 110.0960 67
110.5760 110.8640 68
110.8960 110.9920 73
111.0240 111.0240 71
111.0560 111.0560 68
111.1520 111.2800 63
111.4400 111.5360 71
111.7280 112.2080 66
112.2400 112.3360 68
112.3680 112.5280 71
112.5600 112.6240 72
112.9120 113.0080 66
113.0400 113.3280 64
113.3600 113.4560 67
113.4880 113.4880 65
113.6800 114.0640 61
114.1920 114.5760 64
114.6080 114.6720 63
115.1840 115.2480 58
115.2800 115.3120 57
115.6000 115.6640 58
115.6960 115.7280 57
115.9520 116.0800 58
116.1120 116.3040 59
116.4640 116.6560 61
116.6880 116.7840 62
116.8160 116.9120 64
116.9440 116.9760 63
117.3920 117.4880 60
117.5200 117.6800 61
118.6400 118.8640 64
124.4960 124.6240 65
124.8800 125.1040 62
125.1360 125.2000 61
125.6800 126.0000 61
126.0320 126.0640 62
126.0960 126.2560 63
126.2880 126.4800 61
126.5120 126.6400 63
126.6720 126.7040 62
126.7360 126.8640 61
127.0880 127.2800 63
127.3760 127.5360 63
127.9840 128.2720 61
128.3040 128.4320 63
128.4960 128.6240 61
128.7520 128.9120 66
128.9440 129.1360 64
129.2000 129.2640 64
129.3920 129.4880 62
129.5200 129.7120 61
129.7440 130.2240 63
130.3840 130.9280 61
130.9600 130.9920 60
131.0240 131.0560 59
131.0880 131.1200 57
131.1520 131.2480 55
131.2800 131.5040 54
131.5360 131.6640 55
131.6960 131.9200 56
132.6880 132.8800 62
132.9760 133.0720 61
133.1040 133.2960 62
133.4240 133.5520 61
133.7440 133.8720 63
133.9040 134.1280 64
134.2880 134.6080 62
134.6400 134.9280 61
134.9600 135.1840 63
135.2160 135.2480 61
135.3440 135.3760 61
135.4080 135.5360 63
135.5680 135.6000 62
135.6320 135.7920 61
135.8240 135.9520 63
135.9840 136.0160 62
136.0480 136.2080 61
136.3360 136.8800 68
137.0400 137.1360 64
137.1680 137.4880 62
137.6800 138.4160 67
138.4480 138.6400 64
138.6720 138.8000 66
138.8320 139.6640 64
139.6960 139.9520 66
139.9840 140.0800 64
140.1120 140.1760 61
140.2080 140.4000 59
140.4320 140.7840 61
141.4240 141.5840 67
141.6160 141.7760 66
141.9680 142.1920 67
142.2240 142.2880 68
142.3200 142.4480 71
142.6080 143.1520 66
143.1840 143.5680 67
143.6000 143.6960 68
146.2560 146.3200 67
146.3520 146.7360 68
146.7680 146.8320 67
146.8640 146.9600 66
147.3760 147.4720 68
147.5040 147.8560 69
147.8880 147.9840 67
148.4320 148.7520 68
149.0720 149.4560 66
149.5840 150.0000 66
150.1600 150.2880 64
150.4160 150.8000 61
150.8320 150.9920 65
151.0240 151.3760 64
151.5680 152.0480 61
152.1760 152.5600 64
152.9440 153.0400 58
153.0720 153.2000 59
153.8400 154.1600 59
154.3200 154.3840 57
154.4160 154.6400 56
155.1520 155.1840 67
155.2160 155.7280 68
155.7600 155.9200 66
156.2400 156.9760 69
157.0080 157.2640 73
157.2960 157.7120 71
157.7440 157.7760 72
158.0960 158.1600 72
158.1920 158.3520 67
158.3840 159.4080 68
159.4400 159.5360 70
159.5680 159.6640 66
159.7920 159.9200 66
160.2080 160.5280 61
161.0080 161.4560 66
161.9040 162.8320 64
162.8640 163.1840 63
163.2160 163.6000 64
163.8560 164.0800 61
164.1120 164.7520 68
165.2640 165.7440 69
165.7760 165.8720 67
166.2880 166.5760 68
166.9600 167.0880 65
167.1200 167.2800 66
167.4400 167.8560 66
167.9840 168.1120 64
168.2400 168.5280 61
168.7200 168.7840 65
168.8160 169.2000 64
169.3600 169.8720 61
170.0000 170.3840 64
170.7360 170.9280 64
170.9600 171.0560 63
171.2800 171.4080 63
171.4400 171.4720 62
171.5040 171.5360 61
171.5680 171.6320 60
171.6640 171.8880 59
171.9200 172.4320 56
173.0400 173.5200 68
173.5520 173.6160 67
173.6480 173.7760 65
174.0640 174.7040 69
174.7360 174.7680 67
174.8960 175.2160 71
175.3440 175.5360 71
175.5680 175.6960 74
175.7280 175.7280 72
175.8240 175.9840 71
176.0160 176.3040 67
176.3360 176.8160 66
176.8480 176.9120 70
176.9440 177.3280 68
177.3920 177.8080 66
178.0640 178.3520 61
178.5440 178.6400 61
178.8320 179.3760 66
179.7280 181.4240 64
181.5520 181.6800 61
181.7120 182.0640 59
182.7360 182.8000 61
182.9920 183.0880 61
183.2480 183.6320 64
184.1440 184.2080 66
185.2320 185.2960 66
185.4880 185.8720 66
186.3840 186.4480 63
187.7280 187.9840 63
188.5600 188.6880 59
188.7200 188.8160 61
189.0080 189.2320 60
189.4560 189.5200 59
190.4160 191.8240 66
193.3280 194.0000 62
