2.3840 2.5120 62
2.6720 2.7680 62
2.8000 2.8000 60
3.0880 3.0880 59
3.6320 3.8240 59
4.3040 4.5920 58
4.6240 4.7840 62
4.8160 4.9120 65
4.9440 4.9440 63
5.1680 5.2320 62
7.7920 7.8240 69
8.5920 8.7520 71
9.0720 9.2000 73
9.3920 9.4560 68
10.7040 10.9280 67
11.1520 11.2480 67
11.5680 11.9520 67
13.3920 13.4560 62
13.4880 13.6160 61
13.6480 13.6800 60
16.5600 16.6240 68
16.9120 16.9760 72
17.0080 17.0400 71
17.7120 17.8080 68
18.2560 18.3840 63
19.4400 19.4720 69
20.1120 20.2080 67
20.4960 20.7200 67
21.2960 21.5200 71
21.8080 21.9040 70
22.1920 22.2240 69
22.2560 22.3520 70
29.8080 29.9040 71
30.1920 30.2560 68
30.2880 30.3200 67
30.7360 30.8000 64
34.8640 34.9600 64
39.0560 39.0880 63
39.1200 39.1520 62
39.8240 39.9520 62
40.2720 40.5280 62
41.6480 41.7760 63
41.8080 42.0640 64
43.7600 44.1120 62
44.4320 44.5280 61
44.7200 44.9760 62
45.2320 45.2640 62
45.2960 45.3600 63
45.9680 46.0320 65
46.2880 46.3520 64
48.5280 48.5600 62
49.7120 49.7440 64
49.7760 49.8400 65
49.9680 50.0640 67
50.4800 50.4800 70
50.5120 50.7680 73
50.9280 51.0560 72
51.0880 51.0880 70
51.2800 51.6000 70
51.6320 51.6960 69
51.7280 51.7600 68
51.7920 51.8560 67
52.1120 52.2080 69
52.9120 52.9760 61
53.2960 53.6160 62
53.9040 53.9360 62
55.1520 55.2800 65
55.3120 55.4080 66
55.6960 55.7920 57
55.8240 56.2720 58
56.3040 56.3360 59
56.3680 56.4320 60
56.4640 56.5600 62
56.7200 56.9440 63
56.9760 57.2320 67
57.2640 57.3280 66
58.0640 58.1280 59
58.1600 58.2240 61
58.2560 58.3200 62
58.3520 58.4160 63
58.4480 58.4800 64
58.5120 58.6400 65
58.8320 59.0880 62
59.1200 59.2160 61
59.2480 59.2800 59
59.3120 59.3440 58
59.3760 59.4400 57
59.6000 59.7920 55
59.9200 59.9840 55
60.0160 60.5280 56
60.5600 60.7200 55
60.7520 60.9760 54
61.2000 61.3600 55
62.2560 62.3200 55
62.3520 62.4160 56
62.4480 62.4800 57
62.5120 62.6080 58
62.6400 62.7360 59
62.7680 62.8640 61
62.9920 63.1200 58
63.1520 63.2480 57
63.2800 63.6960 56
63.8240 63.9200 56
64.3680 64.8800 54
68.1440 68.3040 57
68.3360 68.7520 58
68.7840 68.9440 59
68.9760 69.1680 62
69.2000 69.2320 63
69.2640 69.3280 64
69.4880 69.7760 67
70.5760 70.6720 61
70.8000 70.8960 63
70.9280 70.9600 64
70.9920 71.1200 65
71.2800 71.5680 62
71.6000 71.6320 61
71.8560 71.9200 57
72.5280 72.8160 56
73.0720 73.2000 55
73.7120 73.7760 55
74.7040 74.8000 55
74.9600 75.0880 58
75.1200 75.1840 59
75.2160 75.2800 61
75.3120 75.3760 60
75.4080 75.9520 57
75.9840 76.2400 56
76.2720 76.3040 55
76.5920 76.8160 53
76.8480 77.2960 54
81.3280 81.7120 58
82.5760 82.6080 63
82.7040 82.9600 65
83.3120 83.4080 65
83.7600 83.8880 63
83.9200 84.1440 65
84.5600 84.6560 65
84.6880 84.7200 63
84.7840 85.2640 63
85.2960 85.4880 62
85.5200 85.6800 63
85.7120 85.8720 62
85.9040 86.0320 63
86.0640 86.2560 66
86.2880 86.5440 67
86.6720 86.9920 63
87.0240 87.5680 65
87.7600 88.3680 65
88.4000 88.4640 66
88.9760 89.0400 63
89.1680 89.2320 63
89.4240 89.6160 63
89.7760 89.9040 62
90.0320 90.2560 63
90.2880 90.4800 67
90.5120 90.6080 66
90.6400 90.6400 63
90.8320 90.9600 63
90.9920 91.1520 62
91.1840 91.2800 64
91.5040 92.2400 63
92.9440 93.0080 62
93.1680 93.2000 69
93.2320 93.3280 70
93.4880 93.5520 69
93.5840 93.7440 68
93.7760 93.9360 69
93.9680 94.2880 68
94.3200 94.4160 69
94.4480 94.7040 68
95.4720 95.5040 59
95.5360 95.5680 60
95.6000 95.8560 61
96.2400 96.3360 61
96.5280 96.6240 61
96.6560 96.6880 60
96.7200 96.9440 59
97.0720 97.1680 61
97.2960 97.3600 57
97.3920 97.4880 58
97.5200 97.7760 59
97.8080 97.9040 60
98.0640 98.2240 60
98.2560 98.3840 61
98.4160 98.8320 60
99.3760 99.5040 57
99.5360 99.8880 58
99.9200 100.0800 59
100.1120 100.2720 61
100.4000 100.4960 63
100.7200 100.8800 66
100.9120 101.0080 65
101.7440 101.8080 59
101.8400 101.8720 61
101.9040 101.9680 62
102.0000 102.0960 63
102.1280 102.1600 64
102.1920 102.2240 65
102.2560 102.3520 66
102.5120 102.5440 62
102.5760 102.7360 63
102.7680 102.8000 61
103.0560 103.1520 57
103.1840 103.2160 56
103.2480 103.4080 55
103.6000 103.6640 55
103.6960 104.1120 56
105.9360 106.0320 56
106.1600 106.1920 58
106.2240 106.3840 59
106.4160 106.6080 60
106.6400 106.8320 57
106.8640 107.3760 56
107.4080 107.5040 57
108.0480 108.1120 55
108.1440 108.8480 54
108.8800 108.9760 55
110.3200 110.3840 62
110.6400 110.7040 62
111.1840 111.3760 62
111.7920 111.8240 62
111.8880 111.8880 62
112.5920 112.6880 64
112.7200 112.7840 63
112.8160 112.8480 61
112.8800 112.9760 60
113.0720 113.1040 60
113.1360 113.2000 59
113.2320 113.2640 57
114.5760 114.6080 62
114.8000 114.8640 62
115.1200 115.2480 62
115.3760 115.5040 62
115.7280 115.8560 62
115.9840 116.0480 62
116.3680 116.4640 62
116.7520 116.8160 62
117.0400 117.0400 62
117.5840 117.6800 64
118.0960 118.1920 62
118.3840 118.5440 62
118.7360 118.9280 62
119.3120 119.3760 62
119.5360 119.6000 62
120.8160 120.9120 65
121.3600 121.4240 70
122.0960 122.1920 72
122.5440 122.6720 70
123.1840 123.2160 69
125.8720 126.1280 65
126.1600 126.3840 64
126.5760 126.6720 65
126.9920 127.1200 65
127.6000 127.8560 65
127.8880 128.0480 66
128.2080 128.3040 65
128.3360 128.5600 64
128.5920 128.9120 63
129.0400 129.2960 63
129.3280 129.5520 62
129.5840 129.6800 63
129.7120 129.7760 64
129.8080 129.9360 66
129.9680 130.0640 67
130.0960 130.1920 66
130.3840 130.6400 63
130.6720 130.9280 65
130.9920 131.0240 64
131.0560 131.2800 65
131.3120 131.5360 63
131.5680 131.6640 64
131.6960 132.1120 65
132.1760 132.4000 65
132.6240 133.4880 63
133.5200 133.7120 62
133.7440 133.8080 63
133.8400 133.8720 64
133.9040 133.9680 65
134.0000 134.2240 67
134.2560 134.3200 65
134.3520 134.3520 63
134.5120 134.6720 63
134.7040 134.8000 62
134.8320 134.9600 66
135.1520 135.2160 63
135.2480 135.3440 64
135.3760 135.9200 63
136.0800 136.1440 67
136.6240 136.7200 63
136.8480 136.9120 68
136.9440 137.0400 70
137.1680 137.2640 69
137.2960 137.4560 68
137.4880 137.6160 69
137.6480 138.0000 68
138.0320 138.3840 69
139.1520 139.1840 59
139.2160 139.3120 60
139.3440 139.5040 61
139.5360 139.5680 60
139.9200 140.0160 61
140.2400 140.3040 61
140.3360 140.4000 60
140.6240 140.7520 60
140.7840 140.9120 61
141.0400 141.2000 58
141.2320 141.4560 59
141.4880 141.6160 60
141.7760 141.9360 60
141.9680 142.0640 61
142.0960 142.3840 60
142.4160 142.5760 61
142.6720 142.7680 63
146.0000 146.0640 63
154.2880 154.3520 71
154.6400 154.9600 70
154.9920 155.0240 69
155.0560 155.0880 68
155.1200 155.5040 67
158.3200 158.5760 57
158.6080 158.6400 60
158.6720 158.7360 63
165.6480 165.6800 66
166.7680 166.8640 66
167.3440 167.3760 66
167.6960 167.7920 66
169.9040 170.2240 52
170.5120 170.5760 54
171.6000 171.6320 54
172.0480 172.0800 53
174.1280 174.1920 53
176.1440 176.2080 53
176.6560 176.6560 55
177.7120 177.7440 55
177.7760 177.8400 53
177.8720 177.9360 52
178.7040 178.7680 58
179.7920 179.8240 55
179.8560 180.0160 54
182.0320 182.0960 54
182.3840 182.5120 54
182.8640 182.9280 53
183.3760 183.4080 54
184.1440 184.1760 60
184.2080 184.2720 62
184.3040 184.4000 61
185.3280 185.3920 69
185.7120 186.2880 71
187.4400 187.5040 65
187.5360 187.5680 64
187.7280 187.7600 62
187.7920 187.8240 61
189.1360 189.2000 62
189.4880 189.5520 59
189.8720 190.2560 59
190.8640 191.0240 61
191.1840 191.3440 62
191.6320 191.6960 64
191.8880 191.9840 62
192.4640 192.6560 64
193.6480 193.7120 70
194.0320 194.0640 70
194.0960 194.4160 71
195.3440 195.4720 62
195.6000 195.6960 62
197.4560 197.5200 62
197.6800 197.8080 62
198.2560 198.4160 62
198.8960 198.9600 62
200.7840 201.0400 65
201.3280 201.3920 57
201.4240 201.9040 58
201.9360 202.0320 59
202.0640 202.1600 62
202.3520 202.4800 63
202.6080 202.8640 67
203.6960 203.7600 59
203.7920 203.8560 61
203.8880 203.9520 62
203.9840 204.0800 63
204.1120 204.3040 64
204.4640 204.7200 62
204.7520 204.8480 61
204.8800 204.9440 58
204.9760 205.0720 57
205.2320 205.4560 54
205.4880 205.6160 55
205.6480 206.1600 56
206.1920 206.3840 55
206.4160 206.6080 54
206.8320 206.9920 55
207.8560 207.8880 55
207.9200 208.0800 56
208.1120 208.2400 58
208.2720 208.3040 59
208.3360 208.4960 60
208.5280 208.7200 58
208.7520 208.8480 57
208.8800 209.2960 56
209.4240 209.5200 57
209.9680 210.4480 54
214.5440 214.5440 62
214.6400 214.8640 62
215.7280 215.7280 64
215.9200 216.1120 65
216.9760 216.9760 63
217.0720 217.2960 65
217.3280 217.4560 66
217.7440 218.4160 63
218.4480 218.8320 62
218.8640 218.9600 61
218.9920 219.0240 62
219.0560 219.2160 63
219.2480 219.4080 66
219.4400 219.6640 67
219.8560 220.1120 63
220.1440 220.3360 65
220.4960 220.7200 65
220.7520 220.8160 64
220.9440 220.9760 63
221.0080 221.1040 64
221.1360 221.8080 65
222.0640 222.6080 63
222.6400 222.7360 62
222.8960 222.9920 63
223.1840 223.3440 63
223.3760 223.4400 66
223.4720 223.6320 67
223.6640 223.6960 66
223.7280 223.7920 65
223.8240 223.8560 63
223.9840 224.1440 63
224.1760 224.3040 62
224.3360 224.4320 64
224.5920 224.7840 64
224.8160 225.0400 63
225.0720 225.2000 62
225.2320 225.3920 63
225.5200 225.5840 65
226.0320 226.1600 63
226.3200 226.3840 68
226.4160 226.4800 70
226.6400 226.7360 69
226.7680 226.8960 68
226.9280 227.0880 69
227.1200 227.4400 68
227.4720 227.5680 69
227.6000 227.6960 68
227.7280 227.8240 69
227.9840 228.0480 65
228.6240 228.6560 59
228.6880 228.7520 60
228.7840 228.9440 61
228.9760 229.0080 60
229.3920 229.4880 61
229.7120 229.7760 61
229.8080 229.9360 60
230.1600 230.3520 61
230.5120 230.6080 58
230.6400 230.9280 59
230.9600 231.0880 60
231.2160 231.4080 60
231.4400 231.9520 61
231.9840 232.1120 62
232.1440 232.3040 63
232.3360 232.4000 64
232.4320 232.7520 65
233.1040 233.2000 65
233.2320 233.3600 66
233.7120 234.0000 65
234.0320 234.1280 66
234.4160 234.5440 63
234.6080 234.8320 63
234.9600 235.4080 63
235.4400 235.6640 62
235.6960 235.8240 63
235.8560 236.0800 66
236.1120 236.3040 67
236.4960 236.6880 63
236.7200 236.7520 64
236.7840 236.9440 65
237.0720 237.1040 64
237.1360 237.3920 65
237.4240 237.6480 63
237.6800 237.8400 64
237.8720 238.2880 65
238.7360 239.3120 63
239.3440 239.4080 62
239.5360 239.6000 63
239.6320 239.8240 62
239.8560 240.0480 63
240.0800 240.2720 67
240.3040 240.3360 66
240.3680 240.4320 65
240.6240 240.7840 63
240.8160 240.9120 62
240.9440 241.0720 66
241.2960 242.0320 63
242.1920 242.2560 65
242.2880 242.3200 64
242.7360 242.8000 62
242.9600 243.0240 68
243.0560 243.1200 70
243.2800 243.3760 69
243.4080 243.5680 68
243.6000 243.7280 69
243.7600 244.0800 68
244.1120 244.2080 69
244.2400 244.3360 68
244.3680 244.4640 69
245.2640 245.2960 59
245.3280 245.3920 60
245.4240 245.6480 61
245.6800 245.6800 59
246.0320 246.1280 61
246.3520 246.4160 61
246.4480 246.5120 60
246.5440 246.5760 59
246.8000 246.8320 60
246.8640 246.9600 61
247.0880 247.1520 57
247.1840 247.2800 58
247.3120 247.5680 59
247.6000 247.7280 60
247.8880 248.0480 60
248.0800 248.1760 61
248.2080 248.5600 60
248.6880 248.8160 61
250.2560 250.5440 59
250.5760 250.6400 60
250.6720 250.8000 61
252.0160 252.0800 64
253.3280 253.4240 62
254.0960 254.2560 62
254.5440 254.6720 59
254.7040 254.7360 60
254.7680 254.8320 61
254.8640 254.9280 62
254.9920 255.0240 62
255.1200 255.1520 60
257.0080 257.1360 57
257.5840 257.6160 57
257.6480 258.1280 58
258.1600 258.2560 59
258.2880 258.4800 61
258.6080 258.6080 62
258.8640 259.0560 65
259.3440 259.6320 69
259.6960 259.7280 71
259.9200 260.1120 69
260.1440 260.2080 70
260.4000 260.4640 67
260.4960 260.6240 66
260.6560 260.6560 64
261.7120 261.8400 57
261.8720 262.0960 58
262.1280 262.2560 59
262.3840 262.6080 61
262.6400 262.8320 62
263.0240 263.0880 66
263.1200 263.1520 65
263.1840 263.6320 63
263.6640 264.9120 66
264.9440 265.0080 67
265.2640 265.4560 65
267.1200 267.2160 61
267.8240 268.9440 65
270.0000 270.0640 66
270.2240 270.3200 69
270.4800 271.1520 69
271.3760 271.8880 66
272.0160 272.1120 63
272.2720 272.4000 65
272.5600 272.8160 66
272.9440 273.1040 67
273.1360 273.1680 65
273.6160 273.7760 65
274.1600 274.8640 58
274.8960 274.9920 61
275.0240 275.2480 62
275.5040 275.7920 65
276.4640 276.6560 69
276.8160 276.8480 68
277.1680 277.2320 67
277.5200 277.5520 66
277.6160 277.7440 64
278.3520 279.0240 58
279.0560 279.2800 62
279.3440 279.4080 62
279.6640 279.8560 66
280.0480 280.1440 62
280.1760 280.2400 64
280.2720 280.3360 65
280.3680 281.5520 66
281.5840 281.8080 67
282.0960 282.1600 65
283.7600 283.8880 66
283.9200 284.0800 64
284.1120 284.4960 63
284.5280 284.5600 61
285.4560 285.6160 59
285.7440 285.8080 58
286.0320 286.5120 58
