4.7840 4.9120 54
15.6320 15.6320 55
15.6640 15.7280 57
15.7600 15.8240 58
15.8560 16.3680 59
16.4000 16.4640 58
16.4960 16.6560 57
16.6880 16.8480 55
17.0400 17.1040 53
17.2320 17.4880 52
17.6160 17.6800 54
17.7120 17.7760 56
17.9040 18.3200 57
18.3520 18.5440 58
19.2160 19.2160 50
19.2480 19.4080 53
19.5040 20.2400 54
20.3680 20.4640 57
20.6240 20.7200 57
20.7520 21.2960 59
22.8960 23.7920 59
23.8240 23.8880 57
23.9200 24.2080 56
24.2400 24.7200 52
24.9440 25.0080 55
25.1680 25.6160 57
26.0320 26.0960 55
26.2560 26.3200 50
26.4480 26.4480 48
26.4800 26.4800 50
26.5120 26.5760 52
26.9280 27.4400 54
27.6640 27.7280 55
27.7600 27.9520 58
28.0800 28.2080 55
28.2400 28.3680 56
28.4320 28.5920 57
31.2160 31.4080 60
31.4400 31.7600 62
31.7920 31.9520 64
32.1760 32.5280 64
32.5600 32.6240 62
32.6560 32.9440 64
32.9760 33.4880 62
33.5200 33.8720 60
33.9040 33.9680 59
34.6080 34.8320 60
34.8640 35.1200 61
35.1520 35.2160 64
35.3760 35.6320 62
35.6640 35.7920 64
35.8240 35.9520 63
35.9840 36.2080 61
36.2400 36.4320 60
36.4640 36.5600 62
36.5920 36.6240 61
36.6560 37.0720 60
37.1040 37.5520 59
37.5840 37.8720 62
38.4480 38.4800 53
38.5120 38.6400 55
38.8000 38.9920 57
39.0240 39.4720 59
39.5040 39.7280 62
39.8880 40.1760 60
40.2080 40.4320 59
40.5920 41.0400 60
41.0720 41.2000 59
42.2240 42.5120 60
42.6720 42.7040 58
42.7360 42.7680 59
42.8000 42.9280 60
42.9600 43.6000 59
43.7920 43.8880 55
44.0160 44.0800 56
44.3040 44.3360 54
44.3680 44.8160 55
46.5760 46.6400 57
46.6720 46.7360 58
46.7680 47.4080 59
47.4400 47.5680 58
47.6000 47.8240 55
47.8560 47.9200 54
47.9520 48.0480 53
48.0800 48.3680 52
48.5280 48.5920 54
48.6240 48.9760 57
49.0080 49.1360 58
49.1680 49.2000 57
50.1280 50.3840 54
50.4160 50.7040 55
50.8320 50.9920 54
51.0240 51.1520 55
51.1840 51.2160 56
51.2480 51.6000 57
51.6320 51.6960 58
51.7280 51.8880 59
51.9200 52.0480 58
53.8080 53.9360 58
53.9680 54.5760 59
54.6080 54.6720 58
54.7040 54.8000 57
54.8320 54.9280 56
54.9600 55.1520 55
55.1840 55.2800 54
55.3120 55.6320 52
55.7600 55.8240 54
55.8560 55.9200 56
56.0480 56.2400 58
56.2720 56.4960 59
57.4240 58.1280 54
58.1600 58.4160 55
58.6080 58.6720 55
58.7040 58.8960 57
58.9280 59.4080 55
62.2240 62.4160 60
62.4480 62.8320 62
62.8640 63.2800 64
63.4400 63.5360 64
63.6960 63.7920 62
63.8240 63.8880 63
63.9200 64.0160 64
64.0480 64.5280 62
64.5600 65.1680 60
65.9360 66.0960 60
66.1280 66.2880 64
66.3200 66.5120 62
66.7040 67.0560 62
67.0880 67.1520 60
67.2480 67.4720 60
67.5040 67.6960 62
67.7280 68.2080 60
68.2400 68.6240 59
68.6560 68.6880 60
68.7200 68.7520 61
68.7840 68.9120 62
69.6480 69.7120 55
69.7440 70.0960 57
70.1280 70.6080 59
70.6400 70.7040 61
70.7360 70.8960 62
70.9280 71.2480 60
71.2800 71.8560 59
71.8880 72.5600 60
73.3920 73.7440 60
73.7760 73.9040 57
73.9360 73.9680 58
74.0000 74.0960 59
74.2560 74.2880 57
74.3200 74.6080 59
74.6400 74.7040 58
74.7360 74.8000 57
74.9280 74.9600 55
74.9920 75.0880 56
75.4720 76.0160 55
92.9440 93.1680 57
93.2000 93.7120 59
93.7440 93.8720 58
93.9040 93.9680 57
94.0000 94.1600 56
94.3520 94.4800 53
94.5120 94.7360 52
94.7680 95.0560 53
95.2480 95.7600 57
95.7920 95.8560 58
96.5600 96.8160 54
96.8480 97.0080 55
97.0400 97.1680 54
97.2960 97.4880 54
97.5200 97.6160 55
97.7760 97.8400 57
97.8720 97.8720 54
97.9680 97.9680 54
98.0000 98.1600 57
98.1920 98.7040 59
100.2720 100.3680 58
100.4000 101.1360 59
101.1680 101.2000 58
101.2320 101.4880 57
101.5200 101.6160 55
101.6480 101.7120 54
101.7440 102.1280 52
102.3200 102.8960 57
103.8560 103.9840 55
104.1440 104.2080 54
104.3680 104.8800 55
105.1040 105.1360 55
105.1680 105.3600 58
105.3920 105.7440 55
106.2240 106.3200 60
108.6880 108.9120 60
108.9440 109.3280 62
109.3600 109.4560 64
109.7120 109.9680 64
110.1600 110.2880 62
110.3200 110.5760 64
110.6080 111.0240 62
111.0560 111.1520 59
111.1840 111.4720 60
111.5040 111.6640 59
112.2080 112.4320 60
112.4640 112.5920 61
112.6240 112.6880 62
112.7200 112.7840 64
112.9120 113.2000 62
113.2320 113.4240 64
113.4560 113.6160 62
113.6480 113.6800 60
113.7120 114.0320 61
114.0640 114.2880 62
114.3200 114.6720 60
114.7040 115.1520 59
115.1840 115.3760 60
115.4080 115.4720 61
116.0800 116.1440 53
116.1760 116.2720 55
116.4320 116.5920 57
116.6240 116.6560 58
116.6880 117.0720 59
117.1040 117.2960 62
117.3280 117.3280 59
117.5200 118.0960 59
118.2240 118.9280 60
119.9200 120.2400 60
120.2720 120.3360 57
120.3680 121.2000 59
121.2320 121.3280 58
121.4560 121.4880 55
121.5200 121.8080 57
121.9360 122.0000 57
122.0320 122.4160 55
124.2400 124.4320 58
124.4640 125.1040 59
125.1360 125.2320 57
125.2640 125.3280 56
125.3600 125.6160 55
125.6480 125.7120 54
125.8720 126.0960 52
126.2560 126.3200 54
126.3520 126.3840 56
126.4160 127.0880 57
127.8880 128.0800 54
128.1120 128.4640 55
128.6240 128.6560 54
128.6880 128.9120 55
129.0720 129.3600 57
129.3920 129.4560 58
129.4880 129.9360 59
131.5360 131.6640 58
131.6960 132.4000 59
132.4320 132.5600 57
132.5920 132.7200 56
132.7520 132.8800 57
132.9120 133.0400 54
133.0720 133.1040 53
133.1360 133.3600 52
133.5200 133.5520 55
133.5840 133.7120 56
133.8400 134.4800 57
134.9600 134.9920 54
135.0240 135.1200 55
135.1520 135.7920 54
135.8240 136.1760 55
136.3360 136.4000 55
136.4320 136.5600 58
136.5920 136.6560 57
136.6880 136.9440 55
136.9760 137.0720 56
139.9520 140.0800 60
140.1120 140.1760 61
140.2080 140.5280 62
140.5600 140.5920 63
140.6240 141.0400 64
141.1680 141.2320 64
141.3920 142.3200 62
142.3520 142.9600 60
143.7280 143.8560 60
143.8880 143.9840 64
144.1760 144.3040 62
144.4640 144.8160 62
144.8480 145.2000 60
145.2320 145.5200 62
145.5520 145.9680 60
146.0000 146.4160 59
146.4480 146.8320 62
147.3440 147.5680 55
147.6000 147.8240 57
147.8560 148.4000 59
148.4320 148.6880 62
148.7200 150.1920 60
150.8640 150.9600 53
151.0560 151.0560 54
151.0880 151.4080 60
151.4400 151.6000 58
151.6320 151.8560 59
151.8880 152.0160 57
152.0480 152.0800 58
152.1120 152.3040 59
152.3360 152.4640 58
152.6880 152.7520 56
152.9120 153.0080 57
153.1680 153.3600 54
153.4560 153.5840 55
154.7360 154.8960 55
154.9280 155.1840 57
155.2160 155.6320 59
155.6640 155.7920 61
155.8240 156.0160 62
156.0480 156.3680 60
156.4000 156.9440 59
156.9760 157.8400 60
158.3840 158.8000 60
158.8320 158.9600 57
158.9920 159.0880 58
159.1200 159.4720 59
159.5040 159.6960 57
159.7280 160.0480 50
160.5920 160.6240 51
160.6560 160.7520 53
160.7840 160.9120 55
161.1360 161.5840 57
161.8720 162.0960 50
162.1600 162.2560 55
162.2880 162.6720 57
162.7040 165.0400 55
165.0720 165.1040 53
165.3600 165.6160 55
