23.9520 24.0800 55
25.2320 25.4880 55
52.0160 52.1120 53
52.2400 52.4000 53
74.5440 74.7040 55
74.7360 74.7680 56
74.8000 75.2480 57
75.9200 76.1120 53
76.5920 76.6880 55
77.2640 77.5520 57
77.5840 78.0320 58
80.0800 80.1760 59
80.2080 80.5920 60
80.6240 80.6880 59
80.7200 80.8160 57
80.8480 81.2320 58
81.4240 81.5520 56
81.5840 81.9680 57
82.0000 82.0640 56
82.0960 83.1200 55
85.5840 85.6160 55
85.6480 85.6800 56
85.7120 86.1600 57
88.2400 88.3040 58
88.3360 88.4000 59
88.4320 89.1360 60
89.2640 89.4560 62
89.5840 89.8400 63
89.9680 90.1280 62
90.2880 90.5760 60
91.0560 93.3920 62
94.0960 94.6720 62
94.8640 95.9840 62
96.1760 96.6880 55
96.7200 96.8480 56
97.2000 97.3600 62
97.5200 98.5760 60
98.9920 99.5040 53
99.5360 99.6320 54
99.9520 100.0480 58
100.3360 100.8800 60
100.9120 101.3600 58
101.7120 101.8400 60
101.8720 102.3520 62
102.5440 102.8320 67
102.9600 103.5680 65
103.6960 104.5280 60
104.5600 105.3600 62
105.4240 105.5200 60
105.5520 105.6800 62
105.7120 106.0960 60
106.4480 106.8000 62
107.0560 107.4720 53
107.5360 107.6640 54
108.0480 108.3040 60
108.3360 108.4320 62
108.4640 109.0400 60
109.2000 109.3280 62
109.3600 109.5520 65
109.5840 110.9280 62
110.9600 111.7280 69
111.8560 112.1440 65
112.3040 112.7520 65
112.7840 113.2640 67
113.4240 113.9040 62
114.0640 114.4800 60
114.7040 114.8320 63
114.8640 115.0880 65
115.1200 118.0320 62
130.8640 131.6960 69
132.4320 134.4800 69
135.4400 135.5040 68
148.4320 148.4960 67
149.8080 149.8720 64
150.3520 150.5760 60
151.0880 151.2480 55
151.2800 151.7920 57
152.4960 152.5600 53
153.8720 154.4480 58
156.5920 157.0080 60
157.2320 157.6800 58
157.9040 158.4160 57
158.5760 159.8240 55
162.0320 162.2240 55
162.2560 162.8000 57
164.8160 164.8480 58
164.8800 165.0720 59
165.1040 165.4880 60
165.7120 165.9360 62
166.0960 166.2880 63
166.4800 166.6400 62
166.9280 166.9920 53
167.1200 167.2800 53
167.3120 167.4400 54
167.4720 167.5360 58
167.5680 167.6000 60
167.6320 169.0400 62
169.6160 170.0320 62
170.8320 170.9600 62
171.2480 172.0480 60
172.2400 172.4640 62
172.6560 173.2640 55
173.6160 173.6480 61
173.6800 173.8720 62
174.0640 174.8640 60
175.0560 175.1200 60
175.4080 175.5360 54
175.5680 176.0800 53
176.1120 176.2080 54
176.3680 176.5600 53
176.9440 177.3920 60
177.4240 177.9040 58
178.1920 178.3200 60
178.4160 178.4160 62
178.4480 178.5760 65
178.6080 178.7360 67
179.0880 179.3440 67
179.5360 180.1440 65
180.1760 180.3040 61
180.3360 180.8800 60
180.9120 180.9440 61
180.9760 181.3600 62
181.3920 181.5200 61
181.6160 181.7440 61
181.7760 181.8400 59
181.8720 181.9040 61
181.9360 182.0960 62
182.1280 182.1600 61
182.1920 182.6720 60
182.9600 182.9920 60
183.0240 183.2800 62
183.3120 183.3440 60
183.5040 184.7200 53
184.7520 184.9440 55
185.1040 185.1040 57
185.1360 185.5520 60
185.8080 186.0960 65
186.1280 187.0560 62
187.0880 187.1520 61
187.4720 187.5040 67
187.5360 187.7600 70
187.7920 188.4000 69
188.4320 188.5280 71
188.5600 188.7200 65
188.8800 189.2960 65
189.3280 189.8400 67
189.8720 190.0320 70
190.2560 190.2560 67
190.2880 190.4480 70
190.6400 190.7680 69
190.8320 191.2480 69
191.2800 191.4720 65
191.6320 192.1760 65
192.2080 194.8960 67
195.0240 196.2400 77
196.2720 196.3040 74
196.3360 197.7120 72
197.7440 198.7040 74
198.7360 198.7360 72
199.6000 199.6640 62
199.7920 200.0480 62
205.1040 205.8080 55
205.8400 207.1840 57
207.2160 207.7600 58
207.7920 208.2400 57
208.2720 208.3680 58
208.4960 208.5280 64
208.5600 208.5920 65
208.6240 212.5600 67
213.1360 213.3920 63
213.7120 213.8400 65
213.9680 214.1280 67
214.2560 214.2560 65
214.4800 214.6400 67
215.0560 215.1840 67
215.7280 215.7600 67
215.8560 216.0800 67
216.2720 216.3680 65
216.6240 216.6560 65
216.8160 216.9760 67
217.3600 217.5200 67
217.6480 217.7120 65
217.8400 218.0000 67
218.3840 218.4800 67
218.6720 218.9920 65
219.1840 219.2160 62
219.2480 219.6640 67
219.8240 220.4640 67
220.5280 220.9120 67
220.9440 220.9760 65
221.1680 221.8080 67
221.8400 221.9680 65
222.0000 222.1600 67
222.1920 222.3200 68
222.6080 222.6720 71
222.8320 222.8960 67
223.0560 223.1200 65
223.5040 223.6960 65
224.0480 224.1760 67
224.4640 224.5920 67
224.6240 224.8160 65
224.8480 225.1360 67
225.1680 225.2000 65
225.3920 225.5840 67
225.6800 225.7760 65
226.2240 226.2880 73
226.4800 226.6720 67
226.8000 226.9600 67
227.1520 227.3440 65
227.5040 227.5360 65
227.6000 227.8880 67
227.9200 227.9840 65
228.1760 228.3040 62
228.5920 228.7520 67
229.2000 229.2960 67
229.6480 229.9040 65
230.4800 230.6080 65
230.6400 231.2160 67
231.2480 231.4080 65
231.4400 231.7280 67
231.8560 232.5920 67
232.6240 232.7200 65
232.8800 233.0400 70
233.1680 233.4560 69
233.8400 234.3520 65
234.3840 234.5440 67
234.6720 234.8320 65
234.8640 235.6960 67
236.1440 236.4000 61
236.5920 237.3600 60
237.5520 237.7760 62
238.0960 238.8960 55
238.9280 239.2160 62
239.3760 240.1440 60
240.6880 241.4880 53
241.7760 241.8720 53
242.1600 242.7360 60
242.7680 243.1840 58
243.6000 243.6320 62
243.6640 244.1120 64
244.1440 244.2720 66
244.4320 244.6880 67
244.8800 245.4560 65
245.6160 246.1600 60
246.1920 247.4720 62
247.5040 248.0480 60
248.7200 248.8480 54
248.8800 249.2640 53
249.4240 249.4560 53
249.9040 249.9680 58
250.0000 250.1600 62
250.2880 250.7680 60
251.0240 251.0560 63
251.0880 251.3440 65
251.3760 252.3360 62
252.5920 252.6240 65
252.6560 252.7200 67
252.7520 253.0080 70
253.0400 253.6800 69
253.7120 254.3840 65
254.4160 254.5120 66
254.5440 254.8960 67
254.9280 254.9600 63
255.2480 255.3120 65
255.3440 255.3440 68
255.3760 255.6640 70
255.6960 256.3680 69
256.4000 256.6240 65
256.8160 257.3920 65
257.4240 260.0800 67
260.1120 261.3920 65
261.5200 262.9280 72
262.9600 263.0560 73
263.0880 266.7680 74
266.8960 267.0560 74
270.3520 271.1200 67
271.1520 271.2480 68
271.2800 272.0800 69
272.6240 272.8160 70
273.1040 273.4880 69
273.6800 278.9600 67
281.2640 281.9680 67
282.0000 282.1280 68
282.6080 282.9280 69
283.0560 283.1200 69
283.3120 283.6320 69
283.8240 284.4960 69
284.6560 284.9120 74
285.0400 287.3120 74
287.6320 287.8240 74
292.0480 292.6560 77
292.8160 293.9360 77
294.1920 295.2800 69
295.4080 300.5600 67
313.9040 314.4800 65
315.3760 315.4400 67
315.7600 315.8240 67
316.3680 316.4320 68
317.0720 317.1360 68
318.4480 318.6080 68
