15.1200 15.1840 52
15.4080 15.4720 50
15.5040 15.7280 53
15.8560 15.9520 51
15.9840 16.0160 50
16.2720 16.3360 53
16.3680 16.7200 56
18.9280 18.9920 47
19.0240 19.0240 50
19.0560 19.0880 52
19.1200 19.2800 53
19.4080 19.4720 54
19.5040 19.5360 55
19.5680 19.6960 56
22.2880 22.3840 57
22.4160 22.6080 56
22.6400 22.8000 58
23.0240 23.2480 53
23.5360 23.8240 53
23.9840 24.0800 51
24.2720 24.3040 48
24.3360 24.3680 49
24.4000 24.4640 50
24.4960 24.7520 51
24.7840 24.8480 49
24.8800 25.0720 50
26.1920 26.1920 47
26.2240 26.2240 49
26.2560 26.2560 51
26.2880 26.5120 54
27.0880 27.4720 53
28.2720 28.4320 49
28.7200 28.8480 49
28.8800 29.1360 51
30.0320 30.0960 51
30.1280 30.2240 53
30.5120 30.7360 51
30.8960 30.9280 52
30.9600 31.0240 55
31.0560 31.7920 56
33.5200 33.5520 47
33.5840 33.6480 51
33.6800 33.8080 53
34.0000 34.0000 53
34.0320 34.0640 55
34.0960 34.2560 56
34.6400 34.7360 56
36.2080 36.2400 52
36.2720 36.3040 55
36.3360 36.5280 56
36.5600 36.8160 58
36.9440 37.1680 56
37.2000 37.2320 60
37.2640 37.4560 61
37.7120 37.9360 58
38.1600 38.4160 58
38.5760 38.6720 56
38.9280 38.9920 56
39.0240 39.0560 57
39.0880 39.2480 58
39.5040 39.7920 56
40.8160 40.8800 50
40.9120 41.2000 54
41.2320 41.4560 56
41.6160 41.9040 54
42.3840 42.4800 54
42.6400 42.7040 54
42.7360 42.9920 56
43.1200 43.3120 56
43.6000 43.6640 59
43.6960 43.7600 60
43.7920 43.9520 61
44.3360 44.3680 59
44.4000 44.4960 60
44.5280 44.9120 61
45.1040 45.1680 61
45.4880 45.9680 59
48.0480 48.1120 50
48.1440 48.3360 53
48.5280 48.9440 56
48.9760 49.0400 59
49.0720 49.3920 61
49.4240 49.6800 60
49.9040 49.9680 60
50.0000 50.0960 62
50.1280 50.3840 63
50.4160 50.5440 64
50.8960 51.3120 61
51.3440 51.4400 59
51.4720 51.7600 61
51.7920 52.1120 60
52.1440 52.2080 61
53.4880 53.5200 55
53.5520 53.5840 58
53.6160 53.6480 59
53.6800 54.0960 60
54.1280 54.2240 59
54.4800 54.8000 60
54.9920 55.2160 61
55.2480 55.6960 58
56.1440 56.2080 57
56.2400 56.3680 58
56.4000 56.6240 56
57.1040 57.1360 55
57.1680 57.2000 57
57.2320 57.3600 58
57.5520 57.7120 58
57.7440 57.7760 57
57.8080 57.9040 55
57.9360 58.2240 58
58.2560 58.2880 57
58.3200 58.7680 56
58.8960 59.0560 56
59.3760 59.4400 49
59.7280 59.9520 54
60.7840 60.8160 51
60.8480 60.8800 52
60.9120 60.9760 53
62.6720 62.7360 51
62.7680 62.9280 54
63.1200 63.5360 56
63.5680 63.5680 58
63.6000 63.9200 61
63.9520 64.3360 60
64.3680 64.4960 59
64.5280 64.6240 62
64.6560 64.9760 63
65.5200 65.8400 61
66.0640 66.0960 59
66.1280 66.2240 60
66.2560 66.5120 61
66.5440 66.8960 60
68.0800 68.3040 62
68.4960 69.3600 63
69.5200 69.7760 60
69.9360 70.0000 58
70.0320 70.4480 61
71.6640 71.6960 56
71.7280 71.9520 58
72.1440 72.2720 58
72.4640 72.5280 56
72.5600 72.8160 58
72.9440 73.4240 56
73.4560 73.5520 54
73.8720 73.9360 58
73.9680 74.6080 61
75.3120 75.3440 56
75.3760 75.4400 59
75.4720 76.6240 61
76.9440 77.3280 56
77.3600 78.0000 61
91.3760 91.4720 52
91.6640 91.8240 51
91.8560 92.0480 53
92.0800 92.4000 51
92.6240 92.8160 55
95.4080 95.6000 53
95.8240 95.8560 51
95.8880 95.8880 53
95.9200 96.1120 56
96.4960 96.7520 56
98.6720 98.9920 56
99.0240 99.1840 58
99.4400 99.7280 53
99.9200 99.9520 51
99.9840 100.0160 52
100.0480 100.2080 53
100.3680 100.4960 51
100.6880 100.7200 49
100.7520 101.1360 51
101.1680 101.4560 50
102.6080 102.6720 48
102.7040 102.7680 51
102.8000 103.1200 54
103.3760 103.7600 53
104.4320 104.7520 49
104.7840 104.9440 48
104.9760 105.0080 49
105.0400 105.0720 50
105.1040 105.3280 51
106.2560 106.3520 50
106.3840 106.4160 52
106.4480 106.6400 53
106.8640 107.1520 51
107.1840 107.2160 55
107.2480 107.8560 56
108.8800 108.9120 56
108.9440 108.9440 58
108.9760 109.4240 61
109.6160 109.7760 61
109.8080 110.0320 60
110.0640 110.2240 59
110.2560 110.4480 61
110.6400 110.6720 59
110.7040 110.7360 60
110.7680 111.0880 61
111.1200 111.8560 60
112.5280 112.8480 56
112.8800 113.1360 58
113.1680 113.4560 56
113.4880 113.5520 59
113.5840 113.7760 61
114.0000 114.2240 58
114.2560 114.2880 57
114.4480 114.7680 58
114.8000 114.9600 56
115.2160 115.2480 56
115.2800 115.3120 57
115.3440 115.5680 58
115.8560 116.1760 56
117.0400 117.1360 51
117.1680 117.2640 52
117.2960 117.3280 53
117.5520 117.8080 56
117.9680 118.2240 54
118.9920 119.0240 55
119.0560 119.2800 57
119.4720 119.6320 57
119.8560 120.3360 61
120.8800 121.2000 53
121.3920 121.8400 56
121.8720 122.5120 61
122.7360 122.7680 60
122.8000 123.3760 63
123.6640 124.1120 61
124.1440 124.2080 59
124.2400 124.6560 61
124.6880 125.1360 60
126.1920 126.3200 58
126.3520 126.9600 60
127.1840 127.4720 60
127.6960 127.9520 61
127.9840 128.3040 58
129.8720 129.9040 55
129.9360 130.1280 58
130.3840 130.5760 58
130.6080 130.7040 55
130.7360 131.0560 58
131.0880 131.1200 57
131.1520 131.8560 56
133.2960 133.3600 54
133.5200 133.6160 51
133.6480 133.7440 53
134.0960 134.1600 54
134.5120 134.7680 54
135.3440 135.4400 51
135.4720 135.6640 53
135.8560 136.2400 56
136.2720 136.3040 59
136.3360 136.6240 61
136.6560 137.2000 60
137.2320 137.5200 63
137.5520 137.8080 64
137.8400 137.9040 63
138.1600 138.4800 61
138.6720 138.7040 59
138.7360 138.8640 60
138.8960 139.2160 61
139.2480 139.6640 60
139.6960 140.2080 56
140.7520 141.0080 63
141.1680 141.6160 63
141.6480 141.7120 61
141.7440 141.9680 63
142.1920 142.4480 60
142.5760 142.6400 58
142.6720 143.5040 61
144.4640 144.5600 56
144.5920 144.7520 58
144.9440 145.0720 58
145.2960 145.3280 56
145.3600 145.5840 58
145.7440 146.0640 56
146.2560 146.3520 54
146.6400 146.7040 58
146.7360 147.4720 61
148.0800 148.1120 57
148.1440 148.2080 60
148.2400 149.5200 61
149.5520 149.9360 63
149.9680 153.2000 65
154.6080 154.8320 68
155.0560 155.1520 66
155.3760 155.4400 65
155.4720 155.8560 68
155.8880 156.7840 66
157.0400 157.2640 65
157.2960 157.3920 63
157.4240 159.7280 65
159.7600 160.1440 63
162.8640 162.9280 62
162.9600 163.8880 66
163.9200 164.0800 68
164.1120 164.2400 67
164.2720 164.7200 68
165.1680 165.4240 65
165.4560 165.5520 63
165.5840 166.1600 65
166.1920 166.5120 61
