10.6080 10.6080 51
10.6400 10.7040 53
10.7360 10.8640 55
11.0240 11.2480 53
11.6960 11.8560 53
11.8880 12.1120 54
12.1440 12.3680 55
12.4000 12.4320 54
12.4640 12.6880 53
13.1040 13.1360 52
13.1680 14.2560 53
14.2880 14.4160 55
14.6400 15.1520 53
15.2800 16.0800 51
16.2400 16.3360 51
22.0320 22.0960 53
22.1280 22.3200 55
22.3520 22.3840 54
22.4160 22.7040 53
23.0880 23.3120 53
23.4720 23.5040 53
23.5360 23.5680 54
23.6000 23.7280 55
23.7600 23.8240 51
23.8560 23.9840 52
24.0160 24.0800 53
24.7840 24.8160 52
24.8480 25.6800 53
25.7120 25.9680 55
26.0000 26.3520 53
26.7040 26.7360 50
26.7680 26.8960 51
27.6640 27.9840 53
28.1440 28.5920 53
28.6240 28.8160 55
28.9120 29.0080 54
29.0400 29.3600 53
29.5840 29.7440 51
30.2560 30.3200 51
30.3520 30.4480 53
30.6720 31.2160 53
31.4080 31.4720 54
31.5040 31.6960 55
31.7280 31.8880 54
31.9200 32.1440 53
32.4320 32.7200 51
33.5200 33.6160 53
33.6480 33.8080 55
33.8400 33.9360 53
33.9680 34.1280 55
34.2560 34.3840 53
34.4160 34.4160 51
34.4800 34.8320 51
34.9920 35.1840 51
35.3120 35.7600 51
35.7920 36.0160 53
39.2480 39.3120 53
39.3440 39.4720 55
39.6320 39.6960 53
39.7280 39.8560 55
39.8880 39.9520 54
39.9840 40.0800 53
40.1120 40.1440 51
40.2080 40.5600 51
40.7200 41.2320 51
41.4560 41.5520 48
41.5840 41.6480 47
44.9760 45.6160 55
45.6480 45.8080 53
45.8400 45.8720 51
46.0640 46.2560 51
46.4160 46.6080 51
46.7360 46.8000 51
46.8320 47.1520 53
47.1840 47.3760 55
47.7920 48.1120 55
48.1440 48.2400 54
48.2720 48.4000 55
48.5920 48.6880 53
48.7200 48.7520 51
48.7840 48.9120 50
48.9440 49.1680 51
49.2960 49.4560 51
49.6480 49.8080 53
49.9680 50.0320 54
50.0640 50.2240 55
50.6400 50.7040 53
50.7360 50.9280 55
50.9600 50.9920 53
51.0240 51.0560 54
51.0880 51.2480 55
51.3760 51.4400 53
51.4720 51.9200 51
52.1120 52.7840 51
52.8160 52.9760 48
53.0080 53.0400 46
54.1920 54.2880 46
54.3200 54.7360 48
56.6560 56.6880 54
56.7200 56.8800 55
56.9120 57.0080 56
57.1360 57.7120 58
58.0640 58.0960 54
58.1280 58.3520 55
58.3840 58.4800 56
58.5120 58.7680 58
58.8960 59.0880 58
59.4400 59.7280 55
59.9200 60.1120 58
60.1440 60.1760 56
60.3040 60.3680 54
60.4000 60.6560 55
60.6880 60.8480 53
60.9760 61.2000 53
61.3920 61.4560 54
61.4880 61.7760 55
61.8080 61.8400 59
61.8720 62.0000 60
62.0320 62.1280 62
62.4160 62.6400 55
62.8000 63.3440 58
63.6640 64.0160 55
64.0480 64.1760 56
64.2080 64.7520 58
64.7840 64.9120 56
64.9440 64.9440 53
64.9760 64.9760 50
65.0720 65.3920 51
65.6480 65.7120 53
65.7440 65.9360 55
66.0960 66.2560 55
66.2880 66.5760 53
68.1440 68.1440 49
68.1760 68.4000 51
68.5600 68.6560 48
68.8800 69.1360 51
69.5840 69.6160 53
69.6480 69.8400 55
69.9680 70.0320 51
70.0640 70.2560 53
70.9920 71.2160 51
71.5360 71.6000 48
71.6320 71.6640 49
71.6960 71.9520 51
72.1120 72.3040 48
72.4640 72.5280 56
72.5600 72.7200 58
72.7520 72.8160 56
72.8480 72.9120 55
72.9440 73.1360 53
73.6480 73.8400 48
73.8720 74.0960 51
74.4160 74.5120 48
74.5440 74.8320 51
75.3120 75.3760 54
75.4080 75.5680 55
75.6960 75.7280 51
75.7600 75.8240 52
75.8560 76.5280 53
76.5600 76.6560 51
77.1360 77.5200 51
77.9680 78.0320 54
78.0640 78.3840 55
78.5440 78.7040 55
78.7360 78.8000 56
78.9600 79.0880 56
79.1200 79.4720 58
79.6000 79.6640 53
79.6960 79.8560 55
79.8880 79.9200 54
80.3360 80.4320 53
80.4640 80.8480 55
80.9760 81.2640 55
81.3920 81.5200 55
81.5520 81.9040 56
81.9360 82.2560 58
82.4160 82.4800 54
82.5120 82.6400 55
83.3760 83.7600 55
83.9520 84.4000 55
84.4320 84.4640 59
84.4960 84.5920 60
84.6240 84.6560 59
84.6880 85.1360 58
85.2960 85.3600 53
85.3920 85.5840 55
86.0320 86.0960 53
86.1280 86.3520 55
86.3840 86.4480 54
86.4800 86.5760 51
86.7360 86.8320 50
86.8640 86.9920 51
87.0880 87.1520 51
87.1840 87.2160 52
87.2480 87.8880 53
88.5280 88.5920 53
88.6240 88.7200 55
88.7520 88.9120 53
89.0400 89.1040 51
89.1360 89.2000 50
89.2320 89.4240 48
90.6080 90.7040 53
90.7360 90.8960 55
91.0240 91.5040 53
91.6960 92.1440 53
92.1760 92.3680 55
92.4000 92.4320 54
92.4640 92.7840 53
93.1360 93.2320 51
93.2640 94.2880 53
94.3200 94.4480 55
94.6080 95.2480 53
95.2800 95.6960 51
95.9520 96.0800 51
96.1120 96.2720 53
96.3040 96.3680 51
96.4000 96.6880 53
97.0720 97.2960 53
97.5200 97.6800 58
97.7120 97.7120 56
97.7440 97.8400 53
97.8720 98.1280 55
98.1600 98.3520 53
98.8640 98.8960 52
98.9280 98.9920 53
99.2480 99.7920 53
99.9520 100.0160 54
100.0480 100.2080 55
100.2400 100.3040 54
100.3360 100.7520 53
100.9760 101.2960 51
101.8720 101.9360 59
102.0640 102.1600 53
102.1920 102.3520 55
102.3840 102.4480 54
102.4800 102.8640 53
103.1520 103.3760 53
103.5040 103.5680 53
103.6000 103.7920 55
103.8240 104.1440 53
104.5600 104.6240 51
104.6560 104.6880 53
104.7200 104.8160 54
104.8480 105.0720 53
105.1040 105.2000 51
105.2320 105.7120 53
105.7440 105.9040 55
106.0320 106.4480 53
106.6720 106.7360 52
106.7680 106.8960 51
107.4080 107.5040 51
107.5360 107.9520 53
108.0800 108.4960 53
108.5280 108.7520 55
108.8800 109.2960 53
109.5200 109.7760 51
110.2880 110.4160 51
110.4480 110.4800 53
110.7040 111.2160 53
111.4080 111.4720 53
111.5040 111.7280 55
111.7600 112.3680 53
112.4000 112.8800 51
113.4880 113.5200 53
113.5520 113.7760 55
113.8080 113.9360 53
113.9680 114.1600 55
114.1920 114.3520 53
114.5120 115.1520 51
115.2800 115.7280 51
115.7600 115.9840 53
119.1520 119.2800 53
119.3120 119.4720 55
119.5040 119.6320 53
119.6640 119.8880 55
119.9200 120.0160 53
120.0480 120.8800 51
121.0080 121.2960 51
121.3280 121.5840 48
122.8960 122.9920 46
123.0240 123.0880 48
124.9120 125.2000 55
125.3600 125.3920 53
125.4240 125.6480 55
125.6800 125.8400 53
125.8720 127.1520 51
127.1840 127.4080 53
127.9520 128.1120 56
128.1440 128.4640 58
128.4960 128.5600 60
128.7200 128.9440 58
128.9760 129.1040 60
129.1360 129.2000 59
129.2320 129.4560 58
129.4880 129.8080 55
129.9680 130.0640 53
130.0960 130.1920 51
130.6720 130.7360 53
130.7680 130.8640 55
131.0560 131.1200 53
131.1520 131.3440 55
131.4720 131.5360 52
131.5680 131.9200 51
132.0480 132.7200 51
132.8800 132.9760 51
133.0080 133.6160 53
133.6480 133.6480 51
134.1920 134.3200 54
134.3520 134.4480 53
134.8320 135.0240 50
135.0560 135.2480 51
135.2800 135.3760 50
136.7200 136.9440 51
137.0720 137.2320 48
137.3600 137.5840 51
138.1280 138.4480 55
138.4800 138.7680 53
139.5680 139.6640 50
139.9200 140.0160 48
140.0480 140.2080 47
140.2400 140.4640 51
140.6560 140.8160 48
140.9760 141.0080 56
141.0400 141.2320 58
141.3600 141.6160 53
141.9040 142.0000 48
142.4480 142.8000 51
142.8640 142.9280 48
143.1520 143.3760 51
143.8880 143.9200 52
143.9520 144.1440 55
144.1760 144.4000 51
144.4320 144.9120 53
144.9440 145.5520 55
145.5840 145.7760 58
145.8080 146.0320 55
146.2240 146.5120 51
146.5440 146.9280 55
147.0880 147.2160 55
147.2480 147.3760 56
147.5040 147.5680 56
147.6000 148.0160 58
148.1440 148.1760 54
148.2080 148.4640 55
148.8160 148.9120 50
148.9440 148.9440 53
148.9760 149.4240 55
149.5520 149.8400 55
149.9680 150.0960 55
150.1280 150.4800 56
150.5120 150.8640 58
150.9920 151.0560 54
151.0880 151.2480 55
151.8880 152.2400 55
152.2720 152.3360 56
152.4960 152.9440 55
152.9760 152.9760 57
153.0080 153.1360 60
153.2640 153.7440 58
153.9040 153.9680 53
154.0000 154.2240 55
154.6080 154.7040 58
154.7360 154.9600 60
154.9920 155.0240 59
155.0560 155.0560 57
155.0880 155.2160 55
155.3440 155.4080 54
155.4400 155.6640 55
155.6960 155.8880 56
155.9200 156.1120 55
156.1440 156.2080 54
156.2400 156.6240 53
156.6560 156.8160 51
156.8480 157.9360 55
159.1840 159.2800 53
159.3120 159.5360 55
159.5680 159.8560 53
160.2720 160.7200 53
160.7520 161.0080 55
161.0400 161.2640 53
161.7120 161.8080 51
161.8400 162.8640 53
162.8960 163.0240 55
163.2160 163.6320 53
163.7920 164.2400 51
164.5280 164.6560 51
164.6880 165.2000 53
165.6480 165.8080 53
166.1920 166.7040 55
166.7360 166.9280 53
167.4080 167.4720 51
167.5040 167.6000 53
167.8560 168.0160 61
168.0800 168.3680 53
168.5280 168.5920 54
168.6240 168.7840 55
168.8160 168.8480 54
168.8800 169.1360 53
169.1680 169.5200 50
169.5520 169.9680 51
170.6400 170.7360 53
170.7680 170.9280 55
170.9600 170.9920 54
171.0240 171.4080 53
171.6960 171.8880 53
172.0480 172.0800 53
172.1120 172.1440 54
172.1760 172.3360 55
172.3680 172.4000 54
172.4320 172.7200 53
173.1360 173.2000 51
173.2320 174.2880 53
174.3200 174.4800 55
174.5120 174.9600 53
175.1520 175.2800 53
175.3120 175.6320 51
175.9840 176.0800 51
176.1120 176.5280 53
176.6560 177.0720 53
177.1040 177.1360 54
177.1680 177.2960 55
177.4560 177.9040 53
178.0960 178.3520 51
178.8640 178.9920 51
179.2800 179.7920 53
179.9840 180.0480 53
180.0800 180.2080 55
180.2400 180.3040 54
180.3360 180.9440 53
180.9760 181.5200 51
181.8720 181.8720 46
181.9040 182.0320 48
182.0640 182.2240 51
182.4160 182.8000 51
182.8320 183.0880 48
183.1200 183.2160 51
183.2480 183.4720 53
183.5040 184.6240 55
184.8480 185.3600 60
185.9040 186.0000 58
186.0320 186.8960 60
187.7600 187.7600 48
187.7920 188.4960 51
188.5280 188.6560 48
188.6880 188.7200 47
188.8160 188.8160 49
188.8480 188.9120 51
188.9440 189.1680 53
189.2000 189.2000 50
189.2960 189.5520 48
189.5840 189.7440 46
189.7760 189.8720 48
190.6080 190.8320 62
190.8640 190.9600 65
192.4640 192.5920 62
193.1680 193.2960 46
193.3280 193.4560 48
193.6480 194.1600 51
194.1920 194.2560 50
194.2880 194.4800 48
194.5120 194.6400 51
194.6720 194.8640 53
194.8960 196.2400 55
196.2720 196.5920 60
196.6240 196.8480 58
196.8800 197.0080 60
197.0400 197.2640 58
197.2960 197.4240 60
197.4560 198.0000 58
198.0320 198.2880 59
198.3200 198.4480 58
198.9920 199.0880 48
199.2160 199.9520 51
199.9840 200.0480 48
200.2400 200.2720 49
200.3040 200.3360 51
200.3680 200.5600 53
200.5920 200.6240 50
201.4880 202.1600 58
202.1920 202.4160 65
204.8800 204.9760 53
205.0080 205.1680 55
205.2960 205.5840 53
205.9680 206.3520 53
206.3840 206.4160 54
206.4480 206.6400 55
206.6720 206.9600 53
207.3760 208.5600 53
208.5920 208.6880 55
208.9120 209.3920 53
209.4240 210.6080 51
213.1680 213.2640 51
213.2960 213.3920 53
213.5840 213.7760 53
213.9040 214.0640 53
214.2880 214.3520 53
214.3840 214.6080 55
214.6400 215.0560 58
216.3360 216.4000 53
216.4320 216.5920 55
216.6240 216.9760 53
217.3920 217.5840 53
217.7760 217.8400 53
217.8720 218.0000 55
218.1280 218.3520 53
219.0560 219.9520 53
219.9840 220.2080 55
220.2400 220.7200 53
220.9760 221.2000 51
221.6800 221.7120 60
221.9360 222.2880 53
222.4160 222.8960 53
222.9280 223.0560 55
223.2160 223.6320 53
223.8880 224.0160 51
224.5600 224.7520 53
224.9440 225.4880 53
225.6800 226.4800 53
226.8000 227.0560 51
