38.7040 39.0240 55
39.1840 39.2800 55
40.0160 40.1440 57
40.4000 41.0080 55
41.4560 41.5840 57
41.6160 41.8720 59
41.9040 42.2240 57
43.2480 43.3760 57
43.5680 43.7280 55
44.0800 44.5600 55
44.5920 44.9760 57
47.0880 47.7280 57
47.9520 48.4000 55
48.6560 49.1680 57
49.3600 49.4880 57
49.7440 50.2560 57
50.8320 51.1200 55
52.6560 52.7520 57
53.0400 53.2960 57
53.7440 53.8720 58
54.1280 54.2560 57
56.8480 56.8800 69
56.9120 56.9760 74
57.2640 57.4560 57
57.7440 58.1600 55
58.8000 59.6320 57
60.2400 60.3040 58
60.5600 60.7200 57
60.9440 61.4240 55
61.6800 61.9680 55
62.0000 62.2880 57
64.3040 64.3680 76
64.4000 64.5600 77
64.7520 64.8800 59
64.9120 65.0080 57
65.2960 65.4560 55
65.6160 65.7760 57
65.8080 66.0960 59
66.1280 66.5120 57
66.7040 66.8320 57
66.8640 67.1840 59
67.2160 67.5680 57
67.9840 68.3360 55
69.9680 70.1600 57
70.1920 70.4160 59
70.4480 70.9280 57
71.0880 71.2480 57
71.2800 71.5040 59
71.5360 71.8880 57
73.9680 74.1920 67
74.2240 74.3200 69
74.3520 74.5440 74
74.7680 75.1840 71
75.3440 75.5360 69
75.5680 75.7600 71
76.0480 76.3040 69
76.4320 76.7520 69
76.7840 76.9760 67
77.2000 77.6800 67
77.7120 77.9040 69
78.2560 78.5440 67
78.5760 78.7680 72
78.8000 78.8960 74
78.9280 79.1840 71
79.3120 79.5680 71
79.6960 79.8560 69
79.8880 80.0480 71
80.3680 80.9440 69
81.1040 81.2960 67
81.5200 81.9680 67
82.0000 82.1920 69
82.5440 83.6960 67
83.7280 83.7280 71
83.7600 83.8880 74
83.9840 84.7520 71
84.7840 85.8080 69
85.8400 86.0000 68
86.1920 87.0880 67
87.3760 87.5360 64
87.5680 88.1760 66
90.5120 90.7680 66
90.9280 91.4080 66
91.9200 93.0400 55
93.4880 94.3520 67
94.5120 94.7040 72
94.7360 94.8960 74
94.9280 95.9520 71
95.9840 96.3360 70
96.3680 96.9120 69
97.7760 97.9360 73
98.2880 98.8000 67
98.8320 99.0560 72
99.0880 99.2160 74
99.2480 99.8560 71
99.8880 100.0800 69
100.1120 100.2720 71
100.3040 100.9760 69
102.4480 103.1520 67
103.1840 103.3760 72
103.4080 103.5680 74
103.6000 104.6880 71
104.7200 105.5200 69
106.7680 106.8960 69
106.9280 107.0880 71
107.1200 107.4080 69
107.5360 108.0800 67
108.2720 108.7200 66
108.7520 109.2000 67
109.2960 109.4560 63
109.4880 109.6160 65
109.6480 109.8080 67
110.1920 110.3520 67
110.3840 110.5440 64
110.5760 110.6400 63
110.6720 110.8960 62
110.9280 111.1520 63
111.1840 111.7920 67
111.8240 111.8560 70
111.8880 112.0480 72
112.0800 112.2400 74
112.2720 112.9440 71
112.9760 115.2160 69
115.3440 115.5040 69
115.5360 116.1760 67
116.2080 116.3680 72
116.4000 116.5920 74
116.6240 117.2960 71
117.3280 118.0000 69
118.0320 118.3840 67
119.0240 120.4960 67
120.5280 121.5840 71
121.6160 122.8320 69
124.0800 124.6240 69
124.8480 125.4240 67
125.6160 126.0320 66
126.0640 127.9520 67
131.4720 131.5360 66
142.7040 143.2480 69
143.7600 144.2400 79
144.3680 144.4320 79
154.6720 154.7360 75
158.1920 158.4480 74
167.1840 167.2800 66
167.5040 167.6320 66
