10.7360 10.8640 56
10.9600 10.9920 59
11.0240 11.4080 60
11.6000 11.6320 59
11.6640 12.0480 60
12.0800 12.1120 59
12.1440 12.2720 58
12.3040 12.3680 60
12.4960 12.6240 59
12.6560 12.8480 60
12.9760 13.1040 58
13.1360 13.3600 60
13.4880 13.6160 60
13.6480 13.6800 59
13.7120 14.5760 58
15.6000 15.6960 53
15.8240 15.8560 54
15.8880 15.9200 55
15.9520 16.0160 56
16.1440 16.2720 56
16.3040 16.5920 58
17.4240 17.4560 56
17.4880 17.5200 57
17.5520 17.6480 58
17.7760 17.9360 60
18.5760 18.7040 56
18.7360 18.8640 57
18.8960 19.0560 58
19.1840 19.2480 59
19.3760 19.4400 59
19.4720 19.6640 58
19.6960 19.7920 57
19.8240 19.9200 56
20.0480 20.1120 56
20.1440 20.2400 57
20.3680 20.5920 60
21.2320 21.3280 57
21.3600 21.4880 58
21.5200 21.8720 60
21.9040 22.0960 59
22.1280 22.2880 60
22.4800 22.5440 60
22.5760 22.7360 59
22.7680 22.8320 60
22.9600 23.4080 60
23.4400 23.5360 61
23.5680 23.8240 63
23.9520 24.0480 62
24.0800 24.1760 60
24.2080 24.7840 58
25.6160 25.7440 63
26.0320 26.1280 63
26.1600 26.2240 62
26.3520 26.6400 60
26.6720 26.7040 59
26.7360 26.8320 58
26.8640 27.0560 60
27.0880 27.1520 59
27.1840 27.2480 58
27.3760 27.7920 58
27.8240 27.9520 60
28.6240 28.8160 60
28.8480 29.1680 63
29.3280 29.4240 63
29.4560 29.6800 65
29.7120 29.8080 66
29.8400 29.9360 65
29.9680 30.4480 63
30.6080 30.6720 59
30.7040 30.8000 61
30.8320 30.8960 60
30.9280 31.0560 59
31.0880 31.1840 60
31.2160 31.2800 59
31.3120 31.4400 58
31.6000 31.7600 58
31.8240 31.8880 58
32.3040 32.4000 63
32.4320 32.6240 65
32.8800 33.2000 60
33.2320 33.3600 61
33.3920 33.5520 63
33.8400 34.0640 58
34.2240 34.2560 58
34.2880 34.3520 59
34.3840 34.4800 60
34.5120 34.5440 59
34.5760 34.8640 58
34.8960 35.2800 57
35.3120 35.6000 58
35.6320 35.7600 57
35.7920 35.8880 58
35.9200 35.9840 59
36.1760 36.3360 57
36.3680 36.6880 58
36.8480 36.9120 56
37.4560 37.5520 64
37.5840 37.8080 65
38.1600 38.3520 60
38.3840 38.4480 61
38.4800 38.5440 62
38.5760 38.7040 63
38.7360 38.7680 62
39.0560 39.1200 58
39.2480 39.4720 58
39.5040 39.5360 59
39.5680 39.7280 60
40.0480 40.2400 58
40.3680 40.4320 58
40.4640 40.6560 57
40.6880 40.8480 58
40.8800 41.1680 60
41.2000 41.4560 58
41.4880 41.5200 57
41.5520 41.5840 56
41.7440 41.8720 56
41.9040 42.0320 58
42.0640 42.3200 56
42.3520 42.4480 58
42.4800 42.5120 59
42.5440 42.8320 60
42.8640 42.8960 59
42.9280 43.1520 58
43.1840 43.3440 60
43.6320 44.2080 58
44.2400 44.4000 56
44.6560 44.7840 61
44.8160 44.9760 63
45.0080 45.0400 59
45.0720 45.7440 58
45.7760 45.8720 56
45.9040 45.9360 57
45.9680 46.0640 58
46.0960 46.2880 60
46.8960 46.9600 56
47.0880 47.1840 56
47.2160 47.3440 58
47.3760 47.4400 59
47.5680 47.6320 59
47.6640 47.7280 58
47.7600 48.2400 56
48.4000 48.4640 56
48.4960 48.5280 57
48.5600 48.6560 58
48.6880 48.7520 59
48.8800 49.0400 58
49.0720 49.2320 56
49.5200 49.8080 56
49.8400 49.9680 58
50.0000 50.0640 60
50.1920 50.2880 58
50.3200 50.3520 57
50.3840 50.5120 56
50.8640 50.9600 63
51.1840 51.2800 56
51.3120 51.8240 58
52.1760 52.3040 56
52.3360 52.4640 58
52.4960 52.6560 56
52.7840 52.9440 58
52.9760 53.1360 60
53.4880 53.5840 58
53.6160 53.9040 60
54.1280 54.7040 58
54.7360 54.8960 56
55.0880 55.2160 62
55.2480 55.4080 63
55.6000 55.8560 61
55.8880 56.0480 60
56.0800 56.7520 58
57.3280 57.5520 56
57.6800 57.7760 58
57.8080 58.0000 59
58.0320 58.1600 58
58.1920 58.4480 56
58.6720 58.9600 56
58.9920 59.0240 58
59.0560 59.2480 59
59.2800 59.4720 58
59.5040 59.6000 56
59.9520 60.2720 56
60.3040 60.3680 58
60.4000 60.4960 59
60.6240 60.6880 58
60.8160 60.9440 56
61.2960 61.3920 63
61.4240 61.5520 62
61.7440 62.0960 58
62.2560 62.3200 57
62.3520 62.7360 56
62.8960 63.0240 58
63.0560 63.2480 60
65.4880 65.6480 56
65.8400 66.1920 60
66.3200 66.8960 60
66.9280 67.2160 59
67.2480 67.3440 58
67.3760 67.4400 59
67.4720 67.6320 60
67.6640 67.8880 59
67.9200 68.4640 60
68.4960 69.2320 58
69.3920 69.5520 59
69.5840 69.7760 60
69.8080 70.0000 59
70.0320 70.1280 58
70.2560 70.3520 56
70.5760 70.7680 55
70.9280 71.0560 56
71.0880 71.2480 58
71.3760 71.4400 60
72.0160 72.0800 56
72.2080 72.3360 56
72.3680 72.4960 58
72.5280 72.7520 60
73.2640 73.3920 56
73.5200 73.6480 56
73.6800 73.9360 58
73.9680 74.0320 60
74.1600 74.2240 59
74.2560 74.4800 58
74.6080 74.8320 56
74.8960 74.9280 56
74.9600 75.1200 58
75.1520 75.4400 60
75.9520 76.0160 56
76.0480 76.0800 57
76.1120 76.2720 58
76.3040 76.5920 60
76.6240 76.6560 59
76.6880 76.8160 58
76.9440 77.2960 60
77.3280 77.5200 59
77.5520 78.1920 60
78.2240 78.3200 61
78.3520 78.6080 63
78.7680 78.8320 61
78.8640 78.9600 60
78.9920 79.5360 58
79.8240 79.8880 61
80.8480 80.9120 62
80.9440 81.0400 63
81.0720 81.8400 60
81.8720 81.9040 59
81.9360 82.2560 58
82.4800 82.5760 59
82.6080 82.7680 60
83.4720 83.6000 61
83.6320 84.1760 63
84.2080 84.7840 65
84.8160 85.2640 63
85.2960 85.3600 62
85.3920 85.4880 60
85.5200 85.6480 61
85.6800 86.0000 60
86.0320 86.4480 59
86.4800 86.7040 58
87.0880 87.1840 63
87.2160 87.3760 65
87.6640 87.9840 60
88.0160 88.1440 61
88.1760 88.3360 63
88.6240 88.8480 58
88.9760 89.0400 58
89.0720 89.3280 59
89.3600 89.7120 58
89.8080 90.7680 58
90.9600 91.1520 56
91.1840 91.4720 58
92.2400 92.3360 64
92.3680 92.5600 65
92.9440 93.1360 60
93.1680 93.2320 61
93.2640 93.3280 62
93.3600 93.5200 63
94.0320 94.3200 58
94.3520 94.7680 60
94.8000 94.8320 59
94.8640 95.5680 58
95.6000 95.8880 60
95.9200 96.2400 58
96.2720 96.3680 57
96.5280 96.6560 56
96.6880 96.8160 58
96.8480 97.1360 56
97.1680 97.2960 58
97.3280 97.6480 60
97.7120 97.9360 58
97.9680 98.2560 60
98.4480 98.9920 58
99.0240 99.2160 56
99.4400 99.5680 61
99.6000 99.7600 63
99.8880 99.9840 59
100.0160 100.5280 58
100.5600 100.6560 56
100.6880 100.7200 57
100.7520 100.8480 58
100.8800 101.1040 60
101.6800 101.7440 56
101.8720 101.9040 56
101.9360 101.9680 57
102.0000 102.1280 58
102.1600 102.2240 59
102.3520 102.4160 59
102.4480 102.4800 58
102.5120 102.5440 57
102.5760 102.7040 56
102.9280 103.0560 56
103.1840 103.2480 56
103.2800 103.3120 57
103.3440 103.4400 58
103.4720 103.5360 59
103.6640 103.8240 58
103.8560 104.0160 56
104.3040 104.5920 56
104.6240 104.7520 58
104.7840 104.8480 60
104.9760 105.0720 58
105.1040 105.1360 57
105.1680 105.3280 56
105.6480 105.7440 63
105.9680 106.0640 56
106.0960 106.5760 58
106.9280 107.0880 56
107.1200 107.2480 58
107.2800 107.4400 56
107.5680 107.7280 58
107.7600 108.1440 60
108.2720 108.3680 58
108.4000 108.6560 60
108.9120 109.4880 58
109.5200 109.6800 56
109.8720 110.0000 62
110.0320 110.1920 63
110.3840 110.6400 61
110.6720 110.8320 60
110.8640 111.5680 58
112.1120 112.3360 56
112.4640 112.5600 58
112.5920 112.7840 59
112.8160 112.9440 58
112.9760 113.2320 56
113.4560 113.7440 56
113.7760 113.8720 58
113.9040 113.9680 60
114.0000 114.0320 59
114.0640 114.2560 58
114.2880 114.4160 56
114.6400 115.0560 56
115.0880 115.1520 58
115.1840 115.2800 59
115.4080 115.5040 58
115.5360 115.7280 56
116.0800 116.2080 63
116.2400 116.3360 62
116.5280 116.9120 58
117.0400 117.1040 57
117.1360 117.5200 56
117.6800 117.8080 58
117.8400 118.0320 60
119.1520 119.2480 60
119.2800 119.3120 59
119.3440 119.4080 58
119.6000 119.9520 56
120.9120 121.0080 58
121.0400 121.1040 59
121.1360 121.2640 60
121.6480 121.8720 58
122.0320 122.2240 58
124.1760 124.2720 59
124.3040 124.4640 60
124.4960 124.5920 59
124.8480 125.1360 56
126.3200 126.4160 62
126.4480 126.6720 63
126.7040 126.7360 62
126.7680 126.9600 59
126.9920 127.3440 61
127.3760 127.6000 59
127.6320 127.8880 60
128.1120 128.2400 70
128.4000 128.5280 70
128.5600 130.1280 68
130.7360 130.8320 69
130.8640 130.9920 70
131.0240 131.3760 67
131.4080 131.5040 65
131.5360 132.2720 63
132.9440 133.1040 58
133.1360 133.2000 59
133.2320 133.3600 60
133.4880 133.6800 63
133.8400 133.9360 64
133.9680 134.0960 65
134.1280 134.2240 62
134.2560 134.2880 61
134.4480 134.5760 60
134.6080 134.6400 59
134.6720 135.3760 58
136.5600 136.7840 60
136.8160 136.8480 59
136.8800 137.1680 58
137.2000 137.2320 57
137.2640 137.9680 56
139.2480 139.3760 63
139.4080 139.5680 65
139.8560 140.1440 60
140.1760 140.3040 61
140.3360 140.4960 63
140.7840 141.0400 58
141.1680 141.2960 58
141.3280 141.4880 60
141.5200 141.8080 58
142.1280 142.2240 57
142.2560 142.5440 58
142.5760 142.7040 56
142.7360 142.7680 57
142.8000 142.8640 58
142.8960 142.9600 59
143.1520 143.2480 56
143.2800 143.3120 57
143.3440 143.6320 58
144.4320 144.5280 64
144.5600 144.6880 65
145.1040 145.3280 60
145.3600 145.4560 61
145.4880 145.5200 62
145.5520 145.6480 63
145.6800 145.7120 62
146.1920 146.4800 58
146.5120 146.7040 60
146.9920 147.3760 58
147.5040 147.5360 56
147.5680 147.6320 57
147.6640 147.7600 58
147.7920 147.9200 59
148.0480 148.1120 59
148.1440 148.4640 58
148.4960 148.4960 56
148.6880 148.8160 56
148.8480 148.9440 58
148.9760 149.3280 56
149.3600 149.4560 58
149.5840 149.6800 60
150.2240 150.3200 67
150.3520 150.5760 65
150.6080 151.1840 58
151.2160 151.2160 56
151.2800 151.3440 56
151.6000 151.7280 61
151.7600 151.8880 63
151.9200 151.9520 62
151.9840 152.1120 59
152.1440 152.7200 58
152.7520 152.8800 56
152.9120 153.0400 58
153.0720 153.2640 60
153.8400 153.9360 67
153.9680 154.1920 68
154.3840 154.3840 66
154.6400 154.7360 67
154.7680 155.1840 65
155.5360 155.6320 63
155.6640 155.7600 65
155.7920 156.0160 58
156.0480 156.0480 56
156.4640 156.7520 56
156.7840 156.9440 58
156.9760 157.0720 60
157.1040 157.2320 58
157.2640 157.3280 57
157.3600 157.4880 56
157.8400 157.9360 62
158.1280 158.2240 56
158.2560 158.7360 58
159.1200 159.2480 56
159.2800 159.4400 58
159.4720 159.6000 56
159.7600 159.8880 58
159.9200 160.0800 60
160.1120 160.3040 59
160.4320 160.5600 58
160.5920 160.8160 60
161.0720 161.6480 58
161.6800 161.8400 56
162.0320 162.1600 62
162.1920 162.3520 63
162.5440 162.8320 61
162.8640 162.9920 60
163.0240 163.8560 58
163.8880 164.0160 60
164.0480 164.3680 58
164.4000 164.5280 56
164.5600 164.7840 58
164.8160 164.9440 60
164.9760 165.1040 58
165.1360 165.3920 56
165.6160 165.9360 56
165.9680 166.0000 58
166.0320 166.2240 59
166.2560 166.3840 58
166.4160 166.4480 57
166.4800 166.5760 56
166.8320 167.2160 56
167.2480 167.3440 58
167.3760 167.4400 59
167.6000 167.6640 58
167.6960 167.9200 56
168.2400 168.3680 63
168.4000 168.4960 62
168.7200 169.0400 58
169.2320 169.2640 57
169.2960 169.6800 56
169.8400 170.0000 58
170.0320 170.1920 60
171.2480 171.3440 61
171.3760 171.4400 60
171.4720 171.5040 59
171.5360 171.6000 58
171.7920 172.1120 56
173.1040 173.2320 59
173.2640 173.3920 60
174.0960 174.1600 60
174.3200 174.3520 61
174.3840 174.3840 63
174.4160 174.4480 66
174.4800 174.5760 67
174.6080 174.8640 68
174.8960 175.0240 67
175.0560 175.0880 66
175.1200 175.2800 65
175.3120 175.4080 67
175.4400 175.4720 66
175.5040 175.6640 65
175.6960 175.7920 66
175.8240 175.9200 65
175.9520 176.3040 63
176.3360 176.4000 62
176.4320 176.5600 61
176.5920 177.0080 62
177.0400 177.0720 61
177.6480 177.9680 64
178.0000 178.0320 62
178.0640 178.0960 61
178.1280 178.2240 60
178.2560 178.3200 61
178.3520 178.6400 62
178.6720 178.8960 63
178.9280 178.9280 61
178.9600 179.1520 59
179.1840 179.5360 61
179.5680 179.7600 59
179.7920 180.0800 60
180.2720 180.4000 59
180.4320 180.5920 60
180.6240 180.6880 58
180.7200 181.7120 56
181.7440 181.7440 58
181.7760 181.8720 60
181.9040 181.9360 59
181.9680 182.0000 58
182.2240 182.4480 56
182.8960 182.9600 63
182.9920 183.0560 64
183.1840 183.2480 64
183.2800 183.6320 63
184.2080 184.3360 64
184.4960 184.9760 63
185.0080 185.2000 65
186.7680 186.8000 58
186.8960 186.8960 58
186.9600 187.2480 59
187.5040 187.8240 60
187.8560 188.3040 58
188.9760 189.1040 62
189.1360 189.2640 63
189.4240 189.5200 69
189.5520 189.9040 70
190.0640 190.5440 68
190.7360 190.8640 70
191.0240 191.1840 70
191.2160 191.9840 68
