11.2480 11.3440 72
11.3760 11.6320 73
11.6640 11.6960 72
12.3360 12.4960 67
15.4080 15.8560 51
16.0480 16.2400 53
16.2720 16.4320 54
16.6240 16.7200 59
16.7520 16.7840 58
16.8160 16.9760 57
17.0080 17.2000 59
17.2320 17.2640 58
17.7120 18.0000 54
18.0320 18.2560 55
18.2880 18.3840 54
18.5760 18.6720 53
18.7040 18.8320 52
18.8640 18.9920 51
19.8560 20.0160 50
20.6560 20.8160 50
21.5200 21.5840 52
21.6160 21.6800 53
21.9040 22.0320 57
22.0640 22.2240 59
22.2560 22.4160 57
22.4480 22.6080 58
22.6400 22.8640 59
22.8960 23.0560 58
23.1520 23.2800 56
23.4720 23.5680 55
23.6000 23.8240 56
24.1760 24.4000 54
24.5920 25.2320 51
25.2640 25.4880 52
25.5200 25.6800 53
25.9040 26.1600 51
26.5440 26.5760 50
27.0560 27.1840 50
27.2160 27.7280 51
27.7600 27.9520 52
27.9840 28.1440 54
28.1760 28.2080 55
28.2400 28.3040 56
28.3360 28.4000 58
28.5600 28.6240 57
28.6560 28.6880 58
28.7200 29.0080 59
29.0400 29.0720 58
29.4240 29.7440 55
29.7760 29.9360 56
29.9680 30.1280 55
30.1600 30.4160 56
30.4480 30.5120 57
30.5440 30.6080 59
30.6400 31.0560 58
31.6640 31.7920 59
31.8240 31.9840 61
32.2400 32.7200 59
33.2320 33.3600 55
33.3920 33.5200 56
33.6800 33.9360 59
33.9680 34.0960 61
34.1280 34.2880 63
34.3200 34.3520 62
34.3840 34.4480 61
34.4800 34.5120 59
34.5440 34.8000 56
35.1200 35.1840 59
35.2160 35.3120 61
35.3440 35.3760 60
35.4080 35.5680 58
35.6000 35.7280 59
35.7600 35.9200 58
36.0480 36.2720 59
36.4000 36.4960 61
36.5280 36.6880 60
36.7200 37.6160 61
38.3840 38.4800 62
38.5120 38.6080 63
38.7680 39.3440 59
39.3760 39.5680 56
39.6000 39.6320 57
39.6640 39.6960 60
39.7280 39.8240 61
39.8560 40.0160 63
40.2080 40.5920 59
40.8800 40.9760 63
41.0080 41.0720 62
41.1040 41.2000 59
41.2320 41.2640 60
41.2960 41.5200 61
41.5520 41.5840 60
41.6160 41.7760 59
41.8080 42.0320 58
42.1920 42.5440 59
42.5760 43.0240 61
43.0560 43.0880 60
43.5040 43.5360 56
43.5680 43.6320 57
43.6640 43.7600 58
43.7920 43.8240 57
43.8560 44.0160 56
44.2080 44.5920 58
44.9760 45.1040 59
45.1360 45.2960 61
45.3280 45.6800 63
45.7120 45.9680 64
46.0000 46.1600 63
46.1920 46.3200 64
46.4480 46.6080 63
46.8000 47.0240 61
47.0560 47.2480 59
47.2800 47.4720 61
47.5040 47.6640 59
47.6960 47.8880 61
48.0480 48.1440 63
48.1760 48.4000 62
48.4320 48.8160 63
48.8480 48.8800 62
49.3600 49.4560 57
49.4880 49.6160 59
49.6480 49.9680 58
50.1280 50.3200 56
50.6400 50.8640 56
50.9920 51.1200 59
51.1520 51.5360 58
51.8560 51.8880 58
51.9200 52.3680 59
52.4000 52.6240 61
52.6560 52.6880 59
52.7200 52.9760 58
53.0080 53.3920 59
53.7760 53.9040 59
53.9360 54.0320 61
54.0640 54.1920 59
54.3520 54.4800 65
54.5120 54.8000 66
54.8320 54.8640 64
54.8960 54.9600 63
54.9920 54.9920 61
55.0240 55.3120 59
55.3440 55.3760 60
55.4080 55.7600 61
55.9200 56.0480 61
56.0800 56.5280 63
57.0080 57.0720 64
57.1040 57.1360 63
57.2640 57.3920 61
57.4240 57.7120 63
57.7440 57.8720 64
57.9040 58.0960 63
58.2880 58.7360 59
58.8960 59.0240 59
59.0560 59.4400 61
59.9520 60.1120 58
60.1440 60.2720 59
60.3040 60.6560 61
60.6880 60.8160 60
60.8480 61.1680 61
61.2000 61.2320 62
61.2640 62.6080 63
63.2480 63.2800 59
63.3120 63.4080 60
63.4400 64.2080 61
64.2400 64.4320 60
64.5920 64.9440 61
65.2960 65.4240 60
65.4560 65.6160 61
65.6480 65.7760 62
65.8080 66.1280 65
66.1600 66.2560 64
66.2880 66.4800 65
66.5120 66.6080 66
66.8000 66.9920 63
67.0240 67.3760 61
67.4080 67.4400 62
67.4720 68.3040 63
69.1360 69.2320 61
69.2640 69.2960 62
69.3280 69.9680 63
70.0000 70.0320 62
70.0640 70.3520 61
70.3840 70.8000 63
70.8320 70.9920 62
71.1840 71.2800 64
71.3120 71.6000 66
71.6320 71.6640 67
71.6960 71.9520 68
71.9840 72.0160 67
72.0480 72.4000 66
72.4320 72.8800 65
72.9120 73.2640 63
73.2960 73.9680 65
74.0000 74.0320 64
74.1920 74.3200 61
74.3520 74.3840 62
74.4160 74.5760 63
74.6080 74.7040 65
74.7360 74.9920 66
75.0240 75.0560 67
75.0880 75.1840 68
75.5360 75.8560 61
75.9840 76.2080 61
76.2400 76.3680 66
76.4000 76.5600 68
76.5920 76.5920 65
76.6240 76.6240 63
76.6560 76.8160 61
76.9760 77.1360 61
77.1680 77.2640 62
77.5200 77.6480 68
77.6800 77.7440 67
77.7760 77.8720 65
77.9040 78.1280 66
78.1600 78.6720 65
78.7040 78.7360 64
78.7680 78.8640 63
79.0240 79.1200 64
79.1520 79.7280 65
80.1760 80.3680 60
80.4000 80.4960 61
80.5280 80.5600 62
80.5920 80.6880 63
80.8160 80.8800 64
80.9120 81.0720 65
81.1040 81.1040 63
81.1360 81.6480 58
81.9040 82.0960 58
82.1280 82.1280 60
82.1600 82.2560 63
82.2880 82.5440 65
82.8960 83.0560 58
83.3440 83.5040 61
83.5360 83.5360 64
83.5680 83.6320 66
83.6640 83.6960 67
83.7280 83.9200 68
83.9520 84.0160 67
84.0480 84.2080 66
84.2400 84.2400 63
84.2720 84.5280 61
84.5600 84.5920 62
84.6240 84.7840 64
84.8160 84.9120 63
84.9440 85.0400 64
85.0720 86.0960 63
86.6720 86.8320 60
86.8640 87.6000 61
87.7600 87.9200 60
87.9520 88.4320 61
88.6880 88.9120 61
88.9440 89.0080 62
89.0400 89.3600 65
89.5520 89.6800 63
89.7120 89.9040 65
89.9360 90.0640 66
90.0960 90.1280 65
90.1600 90.3520 63
90.3840 90.4160 62
90.4480 90.5760 61
90.7040 90.8000 61
90.8320 90.8640 62
90.8960 91.7600 63
92.4960 92.6560 61
92.6880 93.2960 63
93.3280 93.4240 62
93.4560 93.6800 61
93.7120 93.7440 62
93.7760 94.5120 63
94.5440 94.6400 65
94.6720 94.9280 66
95.0560 95.3120 68
95.4400 95.5360 65
95.5680 95.7920 66
95.8240 96.2400 65
96.2720 96.4960 63
96.5280 96.6560 64
96.6880 97.4560 65
97.6480 97.7760 61
97.8080 97.9360 63
97.9680 98.0640 65
98.1920 98.4480 66
98.4800 98.6080 68
98.9600 99.2480 61
99.4400 99.6320 61
99.6640 99.7920 67
99.8240 100.0480 68
100.0800 100.0800 66
100.3680 100.7840 61
100.9120 101.0400 68
101.0720 101.1040 67
101.1360 101.2320 64
101.2640 101.2960 65
101.3280 101.6160 66
101.6480 101.8400 68
102.0320 102.2560 65
102.2880 102.3200 64
102.3520 102.6080 63
102.6400 102.7360 62
102.7680 102.8640 65
102.8960 103.0560 66
103.0880 103.3760 65
103.4080 103.4400 63
103.4720 103.6000 61
103.6320 103.6640 59
103.6960 103.7920 57
103.8240 104.1440 56
104.5920 104.6240 57
104.6560 104.7840 58
104.8160 104.8800 60
104.9120 105.2960 61
105.3280 105.3600 59
105.5520 105.7440 58
105.9040 106.0320 63
106.0640 106.1600 62
106.1920 106.3200 63
106.3520 106.4160 62
106.4480 106.5120 61
106.5440 106.5760 62
106.6080 106.6720 63
106.8000 106.8960 65
106.9280 107.0880 66
107.1200 107.2480 67
107.2800 107.3760 68
107.4080 107.4400 67
107.5680 107.6320 62
107.6640 108.0800 61
108.1120 108.2400 62
108.3680 108.4640 61
108.5920 108.6880 59
108.7200 108.7520 60
108.7840 108.9120 61
108.9440 109.1040 60
109.1360 109.1680 59
109.2000 109.4880 58
109.5200 109.9040 60
109.9360 111.6000 61
115.9520 116.0480 62
116.0800 116.1760 63
116.3360 116.8480 59
116.8800 116.8800 57
116.9760 117.1360 56
117.1680 117.2000 57
117.2320 117.2640 60
117.2960 117.3920 61
117.4240 117.5840 63
117.7760 118.1280 59
118.4480 118.5440 63
118.5760 118.6400 62
118.6720 118.8320 59
118.8640 119.1520 61
119.1840 119.2800 59
119.3120 119.6000 58
119.7600 120.0800 59
120.1120 120.1440 60
120.1760 120.6880 61
121.0400 121.1360 57
121.1680 121.3280 58
121.3600 121.4560 57
121.6480 122.1600 58
122.5120 122.6400 60
122.6720 122.8000 61
122.8320 122.8640 62
122.8960 123.2160 63
123.2480 123.5040 64
123.5360 123.6640 63
123.6960 123.8560 64
123.8880 124.1760 63
124.3680 124.5600 61
124.7200 124.7520 59
124.7840 124.8160 60
124.8480 124.9760 61
125.0080 125.0400 60
125.0720 125.2320 59
125.2640 125.4560 61
125.6160 125.9360 62
125.9680 126.4800 63
126.9280 127.0240 57
127.0560 127.1840 59
127.2160 127.5040 58
127.6640 127.8880 56
128.1440 128.2080 55
128.2400 128.4320 56
128.5600 128.6560 58
128.7840 129.0720 58
129.4240 129.9360 59
129.9680 130.1920 61
130.2240 130.6720 58
130.7040 130.9600 59
131.3440 131.4080 59
131.4400 131.4720 60
131.5040 131.6000 61
131.6320 131.7600 59
131.9200 132.0160 65
132.0480 132.3680 66
132.4000 132.4320 64
132.4640 132.5280 63
132.5600 132.9120 59
132.9440 133.2960 61
133.4560 133.5840 62
133.6160 134.0960 63
134.5760 134.6720 64
134.7040 134.7040 62
134.8320 134.8960 61
134.9280 134.9600 62
134.9920 135.2800 63
135.3120 135.4400 64
135.4720 135.6640 63
135.8880 136.3040 59
136.4320 136.5600 59
136.5920 137.0080 61
137.4880 137.6800 58
137.7120 137.7760 59
137.8080 137.8400 60
137.8720 138.1920 61
138.2240 138.3840 60
138.4160 138.7040 61
138.7360 138.8000 62
138.8320 140.0160 63
140.8160 140.8480 59
140.8800 140.9760 60
141.0080 141.8080 61
141.8400 142.0000 60
142.1600 142.6720 61
142.8640 142.9920 60
143.0240 143.2160 61
143.2480 143.3440 62
143.3760 143.6640 65
143.6960 143.8560 64
143.8880 144.0480 65
144.0800 144.1760 66
144.3360 144.5280 63
144.6560 144.9440 61
144.9760 145.0080 62
145.0400 145.7760 63
146.6720 146.8000 61
146.8320 146.8640 62
146.8960 147.5360 63
147.5680 147.6000 62
147.6320 147.8560 61
147.8880 147.9200 62
147.9520 148.3360 63
148.3680 148.4320 62
148.4640 148.4960 60
148.7200 148.7840 64
148.8160 148.8480 65
148.8800 149.1680 66
149.2000 149.2320 67
149.2640 149.5200 68
149.5520 149.5840 67
149.6160 149.8720 66
149.9040 150.4160 65
150.4480 150.4800 64
150.5120 150.5760 63
150.6080 150.7040 62
150.7360 150.8320 63
150.8640 151.4080 65
151.7280 151.8880 61
151.9200 151.9520 62
151.9840 152.1440 63
152.1760 152.2720 65
152.3040 152.5600 66
152.5920 152.6240 67
152.6560 152.7520 68
152.9440 153.3920 61
153.5520 153.7760 61
153.8080 153.9360 66
153.9680 154.1280 68
154.1600 154.1600 65
154.1920 154.1920 63
154.2240 154.4160 61
154.5440 154.7680 61
155.0880 155.2160 68
155.2480 155.3120 67
155.3440 155.4080 65
155.4400 155.6960 66
155.7280 156.2080 65
156.2400 156.2720 64
156.3040 156.4000 63
156.5600 156.6880 64
156.7200 157.2640 65
157.6480 157.7440 58
157.7760 157.9040 59
157.9360 157.9680 60
158.0000 158.0960 61
158.2240 158.4480 63
158.4800 158.6080 65
158.6400 158.6400 63
158.6720 158.6720 61
158.7040 158.8320 58
158.9920 159.2160 58
159.4400 159.5680 58
159.6960 159.8240 64
159.8560 160.0480 65
160.2080 160.3040 58
160.4320 160.5600 58
160.8800 161.0400 61
161.1680 161.2320 66
161.2640 161.2960 67
161.3280 161.5520 68
161.5840 161.6160 67
161.6480 161.7440 66
161.8720 162.1600 61
162.1920 162.2560 64
162.2880 162.4160 63
162.4480 162.5440 62
162.5760 163.6000 63
163.6320 163.6960 61
164.2720 164.4000 60
164.4320 165.1680 61
165.3280 165.5200 60
165.5520 165.9360 61
165.9680 165.9680 59
166.0000 166.2240 56
166.2560 166.2560 59
166.2880 166.5440 61
166.5760 166.5760 63
166.6080 166.9280 65
167.0880 167.2480 63
167.2800 167.4720 65
167.5040 167.6320 66
167.7600 167.9200 63
168.0480 168.1120 61
168.2720 168.3360 61
168.3680 168.4320 62
168.4640 169.2960 63
170.0640 170.1920 61
170.2240 170.2880 62
170.3200 170.9920 63
171.0240 171.0560 62
171.0880 171.2480 61
171.2800 171.3120 62
171.3440 171.7920 63
171.8240 171.8880 62
172.1120 172.2080 65
172.2400 172.4640 66
172.6240 172.8800 68
173.0080 173.1040 65
173.1360 173.3600 66
173.3920 173.8080 65
173.8400 174.0640 63
174.0960 174.2880 64
174.3200 174.8320 65
175.1840 175.3440 61
175.3760 175.5040 63
175.5360 175.6000 65
175.7600 175.9520 66
175.9840 176.0160 67
176.0480 176.1760 68
176.3040 176.4000 62
176.5280 177.2000 61
177.2320 177.3600 67
177.3920 177.6160 68
177.9360 178.2560 61
178.4800 178.6400 68
178.6720 178.8000 64
178.8320 178.8640 65
178.8960 179.1840 66
179.2160 179.4080 68
179.6000 179.8560 65
179.8880 180.1440 63
180.1760 180.3040 62
180.3360 180.4000 65
180.4320 180.6560 66
180.6880 180.7520 64
180.7840 180.9440 65
181.0720 181.1680 61
181.2000 181.2320 59
181.2640 181.2960 57
181.3280 181.6800 56
182.1600 182.1920 57
182.2240 182.2880 58
182.3200 182.3520 59
182.3840 182.4480 60
182.4800 182.8640 61
182.8960 182.9600 58
183.1200 183.3440 58
183.4720 183.5680 63
183.6000 183.7280 62
183.7600 183.8880 63
183.9200 183.9520 62
183.9840 184.1120 61
184.1440 184.3040 63
184.3360 184.4000 64
184.4320 184.4960 65
184.5280 184.6560 66
184.6880 184.8160 67
184.8480 184.9760 68
185.0080 185.0080 66
185.1680 185.9680 61
186.0000 186.0640 60
186.0960 186.2880 59
186.3200 186.4800 61
186.5120 186.6400 60
186.6720 186.7360 59
186.7680 187.0560 58
187.0880 187.2480 60
187.2800 187.3760 61
187.4080 187.4400 62
187.4720 187.9520 63
187.9840 188.0160 62
188.0480 190.3520 61
191.1200 191.4720 66
191.6640 192.2400 65
192.2720 192.3680 66
192.4000 192.4960 65
193.8400 193.8720 62
193.9040 194.0000 63
194.0320 194.4160 65
194.4480 194.4480 63
194.5760 195.2160 61
195.5040 195.9200 58
195.9520 195.9840 59
196.0160 196.0480 62
196.0800 196.1440 63
196.1760 196.3040 65
196.3360 196.3680 63
196.4000 196.5280 62
196.5600 196.6560 63
196.8160 196.9440 62
196.9760 197.2640 63
197.2960 197.3600 64
197.4880 197.6480 63
197.6800 197.8400 65
197.8720 198.2240 63
198.6080 198.6720 58
198.7040 198.7360 59
198.7680 198.9600 60
198.9920 199.3120 61
199.6960 199.7920 62
199.8240 200.2720 63
200.4640 201.0080 60
201.0400 201.0720 59
201.2000 201.5200 58
201.5520 201.7760 60
201.8080 201.8400 63
201.8720 201.9360 66
201.9680 202.0000 67
202.0320 202.1920 68
202.2240 202.2560 67
202.2880 202.6080 66
202.6400 203.0880 65
203.1200 203.1520 64
203.1840 203.3440 63
203.3760 203.4720 65
203.5040 203.6640 66
203.6960 203.8880 63
203.9200 204.4000 65
204.6240 204.7200 64
204.7520 204.9760 63
205.0080 205.1360 65
205.1680 205.2960 64
205.3280 205.5200 65
205.5520 205.6800 66
205.7120 205.9680 65
206.1600 206.2880 58
206.3200 206.4160 59
206.4480 206.4800 60
206.5120 207.3120 61
207.3440 207.3760 60
207.7920 207.8880 58
207.9200 208.0160 61
208.1440 208.2080 64
208.2400 208.4320 65
208.4640 208.7200 66
208.7520 208.8480 65
209.0400 209.2000 58
209.2320 209.3600 59
209.3920 209.9040 61
210.2560 210.4800 61
210.5120 210.6720 63
210.7040 210.9280 65
211.0560 211.1520 63
211.1840 211.3120 65
211.4400 211.9520 63
212.3360 212.4320 65
212.4640 212.6240 64
212.6560 212.8480 65
212.8800 213.3600 63
213.5840 213.8400 65
213.9680 214.0960 65
214.1280 214.2880 66
214.3200 214.4480 65
214.4800 214.8000 66
214.8320 214.8640 67
214.8960 215.0240 68
215.0560 215.0880 66
215.1200 215.3440 67
215.3760 216.6880 68
216.9440 217.0720 60
217.1040 217.5520 61
218.0000 218.0960 60
218.2880 218.5440 61
218.5760 218.6400 60
219.0560 219.1840 61
219.2160 219.3440 62
219.3760 219.6000 65
219.8240 219.9840 63
220.0160 220.1440 65
220.1760 220.2720 66
220.4640 220.6240 63
220.7840 220.8480 61
220.9760 221.0720 61
221.1040 221.1360 62
221.1680 221.7120 63
222.7680 222.8960 62
222.9280 223.3760 63
223.7600 223.9520 61
223.9840 224.0480 62
224.0800 224.4320 63
224.4640 224.5280 62
224.5600 224.6240 60
224.8480 224.8800 64
224.9120 224.9440 65
224.9760 225.2640 66
225.2960 225.3280 67
225.3600 225.6480 68
225.6800 225.7120 67
225.7440 225.9680 66
226.0000 226.5120 65
226.5440 226.7360 63
226.7680 226.9600 64
226.9920 227.6320 65
227.8560 227.9840 61
228.0160 228.0480 62
228.0800 228.2400 63
228.2720 228.3680 65
228.4000 228.6560 66
228.6880 228.7200 67
228.7520 228.8480 68
229.2000 229.4560 61
229.6480 229.8720 61
229.9040 230.0320 66
230.0640 230.2240 68
230.2560 230.4800 61
230.6400 231.0240 61
231.1840 231.3120 68
231.3440 231.4080 67
231.4400 231.5040 65
231.5360 231.7920 66
231.8240 232.3680 65
232.4000 232.4960 63
232.6560 232.7840 64
232.8160 233.4240 65
233.7440 233.8400 58
233.8720 233.9040 59
233.9360 234.0000 60
234.1600 234.2560 61
234.2880 234.4160 63
234.4480 234.5440 64
234.5760 234.7040 65
234.7360 234.7680 63
234.8000 234.8960 59
235.1840 235.2160 58
235.2480 235.3120 59
235.5680 235.7600 60
235.7920 235.8880 63
235.9200 236.1440 65
236.3040 236.4320 58
236.5280 236.6240 58
236.9440 237.0080 59
237.0400 237.1360 61
237.2640 237.2960 66
237.3280 237.3920 67
237.4240 237.6800 68
237.7120 237.8720 66
238.0000 238.1920 61
238.2240 238.2560 62
238.2880 238.3840 64
238.4160 238.6400 63
238.6720 238.8640 64
238.8960 239.6960 63
239.7280 239.8240 62
240.3360 240.4960 60
240.5280 241.2640 61
241.4240 241.5840 60
241.6160 242.0320 61
242.0640 242.0640 59
242.0960 242.3200 56
242.3520 242.3520 58
242.3840 242.6400 61
242.6720 242.6720 63
242.7040 243.0240 65
243.0560 243.0880 64
243.1200 243.3440 63
243.3760 243.5680 65
243.6000 243.7280 66
243.8560 244.0480 63
244.0800 244.2080 61
244.4000 244.4640 61
244.4960 244.5280 62
244.5600 245.4240 63
246.1280 246.2880 62
246.3200 247.0240 63
247.0560 247.2480 62
247.2800 247.3440 61
247.3760 247.4080 62
247.4400 247.8240 63
248.0480 248.0480 63
248.1440 248.3040 65
248.3360 248.5920 66
248.7200 248.9760 68
249.1040 249.2000 65
249.2320 249.4880 66
249.5200 249.9040 65
249.9360 250.1600 63
250.1920 250.3200 64
250.3520 250.9280 65
251.3120 251.4400 61
251.4720 251.6000 63
251.6320 251.7280 65
251.8560 252.0480 66
252.0800 252.1120 67
252.1440 252.2720 68
252.4320 252.8800 61
253.1040 253.2960 61
253.3280 253.4560 67
253.4880 253.7120 68
253.7440 253.7440 66
254.0320 254.4160 61
254.4480 254.4800 62
254.5120 254.5440 67
254.5760 254.7360 68
254.7680 254.9600 64
254.9920 255.2800 66
255.3120 255.5040 68
255.6960 255.9520 65
255.9840 256.2720 63
256.3040 256.4000 62
256.4320 256.4960 65
256.5280 256.7200 66
256.7520 256.7840 65
256.8160 256.8800 64
256.9120 257.0400 65
257.0720 257.1040 63
257.1360 257.2320 61
257.2640 257.2960 60
257.3280 257.3600 58
257.4560 257.7440 56
258.2560 258.4480 58
258.4800 258.5760 60
258.6080 258.9280 61
258.9600 258.9920 59
259.0240 259.0560 58
259.2160 259.4400 58
259.5680 259.7280 63
259.7600 259.8240 62
259.8560 259.9840 63
260.0160 260.0480 62
260.0800 260.2080 61
260.2400 260.4320 63
260.4640 260.5280 64
260.5600 260.5920 65
260.6240 260.7520 66
260.7840 260.9120 67
260.9440 261.0720 68
261.1040 261.1040 66
261.2320 262.0320 61
262.0640 262.1280 60
262.2560 262.3840 59
262.4160 262.5760 61
262.6080 262.8000 60
262.8320 263.1520 58
263.1840 263.6000 60
263.6320 265.3920 61
265.9360 266.0960 61
266.1280 266.2880 63
266.3200 266.4480 65
266.4800 266.7040 66
266.7360 266.7680 67
266.8000 266.9280 68
267.0560 267.4720 61
268.1120 268.2080 66
268.2400 268.2720 67
268.3040 268.4000 68
268.4320 268.4640 62
268.4960 269.0400 61
269.2320 269.2960 66
269.3280 269.3600 67
269.3920 269.4560 68
269.6160 269.9680 66
270.3200 270.4480 64
270.4800 270.6080 66
270.6400 270.6720 67
270.7040 270.8000 68
270.8320 270.8960 67
270.9280 271.0560 64
271.0880 271.3760 65
271.4080 271.4400 64
271.4720 271.6640 63
271.6960 271.7600 62
271.7920 272.0160 61
272.1760 273.0400 60
273.0720 274.8640 61
