5.9040 5.9680 60
6.0000 6.2240 61
6.2560 7.1520 60
7.1840 7.4080 59
7.4400 7.5360 60
7.5680 7.8880 59
7.9200 8.2720 58
8.3040 8.6880 59
8.9120 9.1680 59
23.3440 23.5360 57
23.6640 23.7280 58
23.8560 24.1440 58
24.6880 24.7200 55
24.9440 25.0080 56
25.0400 25.1360 57
25.2640 25.4240 58
25.4560 25.6160 57
25.8720 26.3840 57
26.5120 26.6400 57
26.6720 27.1840 58
27.2160 27.4080 59
28.3680 28.4640 56
28.4960 28.5920 57
28.6240 29.2000 58
29.6800 29.8080 55
29.9680 30.0320 56
30.0640 30.0960 57
30.1280 30.4800 58
30.5120 30.7040 57
30.8960 31.3120 57
31.5040 31.6000 61
31.6320 31.8560 62
31.8880 32.0800 60
32.1120 32.2080 61
32.2400 32.3040 60
32.3360 32.3680 59
32.4000 32.6240 58
33.8400 34.2880 56
34.3200 34.5120 57
34.5440 34.8960 58
34.9280 34.9600 59
34.9920 35.1520 60
35.1840 35.2480 59
35.2800 35.3760 58
35.4080 35.4720 57
35.6000 35.6640 55
35.8560 36.0160 53
36.2080 36.3680 53
36.8160 36.9120 54
37.1360 37.2000 56
37.2320 37.2640 57
37.2960 37.3920 58
37.4240 37.5840 60
37.7760 37.9040 58
37.9360 37.9680 57
38.0000 38.0640 56
38.0960 38.6400 55
39.0560 39.1520 58
39.1840 39.2800 57
39.3120 39.5040 55
39.6320 39.8240 58
39.9520 40.3680 60
40.4000 40.5920 62
40.6240 40.7520 60
40.8800 41.1040 60
41.1360 41.1680 59
41.2000 42.0640 58
42.2240 42.3840 59
42.4160 42.7040 60
43.3760 43.7920 58
43.9200 44.1760 58
44.3360 44.7840 58
44.9440 45.0400 58
45.2960 45.4240 56
45.4560 45.5840 57
45.6160 46.1600 58
46.1920 46.3200 57
46.3520 46.5760 58
47.1840 47.4080 53
48.3680 48.4960 53
48.6880 49.2000 53
49.2320 49.4240 52
49.6480 49.7760 52
49.8080 50.0640 53
50.0960 50.1920 54
50.2240 50.2880 55
50.3200 50.3840 56
50.4160 50.8960 57
50.9280 51.6640 58
51.6960 51.7600 57
51.7920 52.0480 56
52.6880 52.7520 60
52.7840 52.8480 61
52.8800 53.0720 62
53.1040 53.1360 61
53.1680 53.2640 60
53.2960 53.3920 61
53.4240 53.5520 60
53.7120 54.4800 58
54.9280 55.2160 58
55.2480 55.3760 61
55.4080 55.5680 62
55.6000 55.9520 61
55.9840 56.0800 60
56.1120 56.1760 59
56.2080 56.5920 58
56.6240 56.6560 57
56.8800 57.3280 54
57.4880 57.5200 58
57.5520 57.6480 59
57.6800 58.6080 60
59.6000 59.7600 61
59.7920 59.9520 62
59.9840 60.3680 60
60.4000 60.4320 59
60.4640 60.5280 58
60.5600 60.5920 56
60.6240 61.3600 55
61.6160 61.9040 53
61.9360 62.1920 52
62.2240 62.3520 53
62.3840 62.4800 54
63.3120 63.5040 60
63.5360 63.6640 62
63.6960 64.0480 63
64.0800 64.4000 65
64.4320 64.4960 62
64.5280 64.5920 60
65.1680 65.3600 58
65.3920 65.4560 59
65.4880 65.5200 62
65.5520 65.6480 63
65.6800 65.8400 65
65.8720 66.0320 63
66.0640 66.3200 62
66.5120 66.6400 61
66.6720 66.9920 62
67.0240 67.1520 61
67.1840 67.3120 60
67.3440 68.2400 58
68.9440 69.0720 58
69.2960 69.7760 58
69.9360 70.0320 68
70.0640 70.2560 70
70.3840 70.4160 67
70.4480 70.5120 68
70.5440 70.7040 69
70.7360 70.8000 67
70.8320 71.4080 65
72.0480 72.2400 59
72.2720 72.4960 61
72.5280 72.6240 60
72.6560 73.2960 58
73.9040 73.9680 57
74.0000 74.0640 58
74.2560 74.3520 65
74.3840 74.5120 67
74.5440 74.5760 66
74.6080 74.7680 65
74.8000 74.8320 64
74.8640 75.0560 63
75.1840 75.7920 62
75.8240 76.1120 61
76.1440 76.4000 60
76.4320 76.4640 59
76.4960 77.1680 58
77.2000 77.2320 59
77.2640 77.8720 60
77.9040 78.3520 62
79.2160 79.2480 60
79.2800 79.3760 61
79.4080 79.5360 62
79.5680 79.7600 63
79.7920 80.1120 62
80.1440 80.1760 61
80.2080 82.0960 60
82.1280 82.1920 62
82.2240 82.3200 61
82.3520 82.4480 59
82.4800 82.9600 58
83.5360 83.6640 60
83.6960 83.7280 61
83.7600 83.8880 62
83.9200 84.2720 63
84.3040 84.6240 65
84.6560 84.7200 62
84.7520 84.7840 61
85.2000 85.2960 58
85.5200 85.6160 63
85.6480 85.8400 65
85.8720 86.0320 63
86.0640 86.2560 62
86.4800 86.6080 61
86.6400 87.0560 62
87.0880 87.1200 61
87.1520 87.3120 60
87.3440 87.3760 59
87.4080 88.5920 58
88.8800 89.0400 57
89.0720 89.7760 58
89.9360 89.9360 65
89.9680 90.0320 67
90.0640 90.0960 69
90.1280 90.7040 70
90.8640 91.1840 68
91.2160 92.0800 65
93.8400 94.0000 58
94.2560 94.3520 66
94.3840 94.5120 67
94.5440 94.6400 66
94.8960 95.1200 63
95.1520 95.3760 62
95.5680 95.8880 61
95.9200 96.0160 60
96.1760 96.3680 60
96.5280 96.9440 58
97.2320 97.3600 59
97.3920 97.8080 60
97.8400 97.9040 61
97.9360 98.2240 62
98.9600 99.0880 56
99.3120 99.3760 61
99.4080 99.4720 63
99.5040 99.7920 65
99.9200 99.9840 65
100.0160 100.0480 66
100.0800 100.2080 67
100.3680 103.3440 65
107.3120 107.6320 58
107.7920 107.7920 65
107.8240 107.8880 67
107.9200 107.9840 68
108.0160 108.8800 70
108.9120 109.1360 69
109.1680 109.2640 68
109.2960 109.5200 65
109.6800 109.7760 68
109.8080 109.8720 67
109.9040 109.9360 66
109.9680 110.5120 65
110.6720 110.7680 65
110.8000 110.8320 66
110.8640 110.9280 67
110.9600 111.3440 68
111.3760 111.4720 67
111.5040 111.6000 65
111.6320 111.6960 63
111.7280 111.7600 64
111.7920 111.8880 65
111.9200 112.0160 67
112.0480 112.1120 66
112.1440 112.2400 65
112.2720 112.3360 63
112.3680 112.5600 62
116.1120 116.2080 56
116.2400 116.9120 58
116.9440 116.9760 57
117.1040 117.1680 55
117.7120 117.7760 56
117.8080 117.8400 57
117.8720 118.2560 58
118.2880 118.4800 57
118.6720 119.0560 57
119.2480 119.2800 56
119.3120 119.4080 57
119.4400 119.9520 58
119.9840 120.0160 59
120.0480 120.5280 60
121.1040 121.1360 55
121.1680 121.2320 56
121.2640 121.2960 57
121.3280 121.9360 58
122.0960 122.1920 54
122.2240 122.5440 53
122.5760 122.6400 54
122.6720 122.7040 55
122.7360 122.7680 56
122.8000 122.8320 57
122.8640 123.7280 58
123.7600 124.0480 57
124.0800 124.2080 58
124.2400 124.3680 61
124.4000 124.5600 62
124.5920 124.6240 61
124.6560 124.8160 60
124.8480 124.9440 61
124.9760 125.0720 60
125.1040 125.1360 59
125.1680 125.6480 58
126.1600 126.2240 52
126.2560 126.2880 54
126.3200 126.9600 55
127.0880 127.1840 57
127.3440 127.6320 58
127.6640 127.7600 59
127.7920 127.8880 60
127.9200 127.9840 59
128.0160 128.2080 58
128.2400 128.3040 55
128.3360 128.4960 54
128.5280 128.8160 53
128.9440 129.2320 53
129.2640 129.3920 54
129.5520 129.6800 54
129.8720 129.9360 56
129.9680 130.0000 57
130.0320 130.0960 58
130.1280 130.1600 59
130.1920 130.3840 60
130.4160 130.4480 59
130.4800 130.7040 58
130.7360 130.8960 56
131.0880 131.2800 56
131.6640 131.9200 58
131.9520 131.9840 57
132.0160 132.1120 56
132.3360 132.4960 58
132.6240 132.8480 60
132.8800 133.0400 61
133.0720 133.2960 62
133.3280 133.5200 60
133.5520 133.6480 62
133.6800 133.7760 61
133.8080 133.8400 59
133.8720 134.9920 58
135.0240 135.4720 60
136.0160 136.2080 57
136.2400 137.9680 58
138.0000 138.1600 57
138.1920 138.3200 58
138.3520 138.5120 59
138.5440 138.7360 60
138.7680 139.4080 58
139.7920 140.4320 53
140.9120 141.0080 53
141.2640 141.9680 53
142.0000 142.0640 52
142.3840 142.4800 52
142.5120 142.8000 53
142.8320 142.9600 54
142.9920 143.0240 55
143.0560 143.0880 56
143.1200 143.5680 57
143.6000 144.3680 58
144.4000 144.4640 57
144.4960 144.5280 56
144.5600 144.8160 55
145.0720 145.2000 55
145.4240 145.5840 61
145.6160 145.8080 62
145.8400 146.2880 60
146.4160 147.4400 58
147.6000 147.7920 58
147.8240 147.9520 59
147.9840 148.0800 61
148.1120 148.3360 62
148.3680 148.4000 61
148.4320 148.5280 60
148.5600 148.6560 61
148.6880 148.8480 60
148.8800 148.9120 59
148.9440 149.2000 58
149.2320 149.3600 57
149.5840 149.7760 54
149.8080 149.9360 53
149.9680 150.0960 54
150.1280 150.1600 57
150.1920 150.2560 58
150.2880 150.3200 59
150.3520 150.8640 60
150.8960 151.0560 58
151.0880 151.6960 60
151.7280 151.7600 58
151.7920 151.8240 57
151.8560 151.9520 56
152.3040 152.4320 61
152.4640 152.4960 62
152.5280 153.2000 63
153.2320 153.5200 62
153.5520 153.5840 61
153.6160 153.7760 60
153.8080 153.8720 58
153.9040 154.2240 56
154.2560 155.0560 58
155.0880 155.1840 56
155.9200 155.9840 60
156.0160 156.1440 61
156.1760 156.3680 62
156.4000 156.7200 63
156.7520 157.1360 65
157.1680 157.2320 63
157.6160 157.7760 58
157.8080 157.8720 59
157.9040 157.9360 62
157.9680 158.0640 63
158.0960 158.3200 65
158.3520 158.7360 63
158.9600 159.0240 61
159.0560 159.4720 62
159.5040 159.6320 61
159.6640 159.8240 60
159.8560 161.1040 58
161.4240 161.4880 57
161.5200 161.6160 58
161.7440 162.2560 58
162.3840 162.4480 67
162.4800 162.7360 70
162.7680 162.9600 67
162.9920 163.1200 69
163.1520 163.1840 68
163.2160 163.2800 67
163.3120 164.4320 65
164.4640 164.4960 63
164.5280 164.7200 58
164.7520 164.8160 60
164.8480 164.9440 61
164.9760 165.1360 60
165.1680 165.7760 58
165.8080 165.9360 56
166.4160 166.5120 58
166.7040 166.7360 65
166.7680 166.8000 66
166.8320 166.9600 67
166.9920 167.0240 66
167.0560 167.2800 65
167.3120 167.3440 64
167.3760 167.5040 63
167.6320 168.2720 62
168.3040 168.6240 61
168.6560 168.9120 60
168.9440 169.6480 58
169.6800 169.7760 59
169.8080 170.1280 60
170.1600 170.3200 61
170.3520 170.8640 62
170.8960 170.9600 61
171.6640 171.8240 61
171.8560 172.0160 62
172.0480 172.2720 63
172.3040 172.6240 62
172.6560 174.5440 60
174.5760 174.7680 61
174.8000 174.8640 60
174.8960 175.4720 58
175.7600 175.9520 57
175.9840 176.2080 60
176.2400 176.4000 62
176.4320 176.7840 63
176.8160 177.2320 65
177.6160 177.7440 58
178.0000 178.0960 63
178.1280 178.3200 65
178.3520 178.7360 63
178.9280 179.0560 61
179.0880 179.5680 62
179.6000 179.6320 61
179.6640 179.8240 60
179.8560 181.2000 58
181.3280 181.5200 57
181.5520 182.1280 58
182.1600 182.2880 59
182.3200 182.3200 65
182.3520 182.4480 68
182.4800 183.2160 70
183.2480 183.4400 67
183.4720 183.5680 69
183.6000 183.6640 67
183.6960 184.5280 65
184.5600 184.5600 63
184.5920 184.8160 58
184.8480 185.0080 61
185.0400 185.1680 60
185.2000 185.7120 58
185.7440 185.8400 57
186.3520 186.4480 58
186.7360 186.8320 66
186.8640 186.9920 67
187.0240 187.1200 66
187.3440 187.6000 63
187.6320 187.8240 62
187.9840 188.1120 61
188.1440 188.3040 62
188.3360 188.8480 60
188.8800 188.9760 59
189.0080 189.3280 58
189.6160 189.6480 58
189.6800 189.7120 59
189.7440 190.2240 60
190.2560 190.4160 62
190.4480 190.4800 60
190.5120 190.5760 59
190.6080 190.6400 57
190.6720 190.7360 56
191.4400 191.5680 64
191.7280 191.8880 64
191.9200 192.4000 65
192.4320 192.4640 66
192.4960 192.6880 67
192.7200 194.2880 65
194.3200 194.4480 66
194.4800 194.4800 64
194.5120 194.6400 58
194.6720 194.7040 59
194.7360 194.8000 60
194.8320 194.9280 61
194.9600 195.1200 60
195.1520 195.6320 58
195.9840 196.0160 66
196.0480 196.1760 67
196.3680 196.5280 68
196.5600 197.1680 69
197.2000 197.6480 70
197.6800 197.8720 68
197.9040 198.1600 69
198.1920 198.4160 68
198.5760 198.5760 64
198.6080 198.6080 66
198.6400 198.7360 69
198.7680 198.9920 68
199.0240 199.0880 69
199.1200 199.5680 70
199.6000 199.6960 71
199.7280 200.1760 72
200.2080 200.4960 69
200.7840 200.8160 68
200.8480 201.1680 69
201.5200 201.9040 67
201.9360 202.0000 63
202.0320 202.1600 61
202.1920 202.4160 62
202.4480 202.6720 61
202.7040 202.9600 60
203.0880 203.7920 58
204.7520 204.7840 58
204.8160 205.1360 59
205.1680 205.2000 62
205.2320 205.3280 63
205.3600 206.3520 65
206.3840 206.5440 64
206.5760 206.9600 65
206.9920 207.0560 62
207.4080 207.5360 58
208.3040 208.4320 66
208.5920 208.8160 67
208.8480 209.2000 65
209.2320 209.2640 64
209.8400 209.8400 59
210.1600 210.2240 63
210.2560 211.4400 65
211.5680 212.9760 65
213.2640 213.4240 63
213.4560 213.7120 65
213.7440 213.9040 68
213.9360 214.0960 70
214.1280 214.1920 71
214.2240 214.3520 72
214.5440 215.0240 72
215.0560 215.6960 70
216.0160 216.3680 62
216.4000 216.7520 63
216.7840 217.2640 65
217.2960 217.3280 63
217.6160 217.8400 58
217.8720 217.9360 59
217.9680 218.0320 62
218.0640 218.1280 64
218.1600 218.3200 65
218.3520 218.7680 63
218.9600 219.0880 61
219.1200 219.6640 62
219.6960 219.8240 60
219.8560 221.1680 58
221.3280 221.5520 58
221.7440 222.2240 58
222.3520 222.4800 68
222.5120 223.1520 70
223.2800 223.6320 67
223.6640 224.4640 65
224.4960 224.5600 62
224.5920 224.7520 59
224.7840 225.1680 60
225.2000 225.9360 58
226.3840 226.4800 58
226.5120 226.5760 59
226.7360 226.8640 65
226.8960 227.0880 67
227.1200 227.2480 65
227.3760 227.5360 63
227.6960 228.3040 62
228.3360 228.8800 60
228.9120 229.6800 58
229.7120 230.3200 60
230.3520 231.2480 62
231.6640 231.8560 63
231.8880 232.0480 65
232.0800 232.3040 63
232.3360 232.6560 62
232.6880 234.3840 60
234.5440 234.6080 60
234.6400 234.8320 61
234.8640 234.9280 60
234.9600 235.4400 58
235.9520 235.9840 60
236.0160 236.2080 61
236.2400 236.4640 62
236.4960 236.7200 63
236.7520 237.2320 65
237.2640 237.3280 64
238.0000 238.0640 64
238.0960 238.3200 65
238.3520 238.7040 63
238.9280 239.0560 61
239.0880 239.5680 62
239.6000 239.6320 61
239.6640 239.8240 60
239.8560 240.0160 58
240.0480 240.0480 56
240.1760 240.3360 57
240.3680 240.8480 58
241.1040 241.1680 56
241.5520 242.2880 58
242.3200 242.3520 57
242.3840 242.5120 56
242.5440 243.4080 58
243.4400 243.7920 60
243.8240 243.8560 61
243.8880 244.1440 62
244.4960 245.3920 72
245.4240 245.4560 71
245.4880 246.0320 70
246.7360 246.8640 65
246.8960 247.0240 67
247.0560 247.2480 65
247.2800 247.3120 64
247.3440 247.5680 63
247.6000 247.7920 62
247.9840 248.1440 61
248.1760 248.3360 62
248.3680 248.4000 61
248.4320 248.9120 60
248.9440 249.7120 58
249.7440 249.8080 60
249.8400 249.9360 61
249.9680 250.0960 60
250.1280 250.6720 58
250.7040 250.8000 57
250.8320 251.0240 56
251.4400 251.6320 58
251.6640 251.6960 62
251.7280 251.7280 64
251.7600 252.1120 67
252.1440 252.2080 65
252.2400 252.9440 62
252.9760 253.2640 61
253.4240 253.9680 60
254.0000 254.5760 58
254.7040 254.8320 60
255.1840 255.3120 61
255.3440 255.4080 59
255.4400 256.0160 58
256.4320 256.6240 58
256.6560 256.7200 59
256.7520 256.7520 62
256.7840 256.8480 65
256.8800 257.0400 67
257.2000 257.4240 65
257.4560 257.7440 63
257.7760 258.3520 62
258.3840 258.4160 61
258.4480 259.0880 60
259.1200 259.2160 59
259.2480 260.2080 58
260.2400 260.5920 59
260.6240 261.2000 58
261.6480 266.4800 58
