23.8560 23.9840 50
24.1760 24.3040 52
24.3360 24.4000 53
24.5920 25.0080 55
25.0400 25.2320 54
25.3600 25.5520 58
25.6800 25.9040 55
26.0960 26.1920 53
26.2240 26.2880 52
26.8000 27.4080 53
27.4400 27.5360 52
27.5680 27.7280 51
27.7600 27.7920 50
28.4000 28.5600 48
28.7520 28.8480 50
29.8720 30.2560 48
30.2880 30.3200 50
30.3520 30.8640 51
30.8960 30.9600 53
31.0880 31.2800 53
31.4400 31.5040 52
31.5360 31.7280 51
31.7600 31.9840 50
32.0160 32.1120 51
32.2400 32.5280 53
33.2640 33.4240 48
33.7440 34.0320 53
34.0640 34.1920 52
34.2240 34.3200 54
34.5120 34.6400 53
34.8640 35.0240 51
35.9840 36.2080 50
36.3360 36.6240 53
36.7520 36.8800 54
36.9120 36.9760 55
37.0080 37.0400 53
37.4880 37.7120 58
37.9360 38.1280 55
38.1600 38.5120 53
38.5440 38.7040 52
38.9280 39.1520 53
39.1840 39.2160 52
39.6000 39.7280 52
39.8560 40.0160 50
40.0480 40.1120 51
40.5600 40.7520 48
40.8800 40.9440 50
42.0960 42.4160 48
42.4480 43.0240 51
43.0560 43.1200 53
43.2800 43.4720 53
43.6320 43.6960 52
43.7280 43.8560 51
44.0160 44.2400 50
44.4320 44.7520 53
45.4240 45.6480 48
45.6800 45.7120 50
45.7440 45.8720 51
45.9040 46.0320 52
46.1600 46.3840 52
46.4160 46.5120 55
46.6720 46.8000 53
46.9920 47.1840 51
47.3760 47.6320 53
47.6640 47.7280 55
47.7600 47.7920 54
48.4960 48.7520 55
48.7840 48.8800 54
48.9120 49.1360 55
49.1680 49.3600 54
49.3920 49.5200 55
49.6800 49.8720 60
49.9040 50.0320 59
50.0640 50.1920 60
50.2240 50.2880 63
50.4800 50.5760 62
50.6080 50.6080 60
50.6400 50.6400 58
50.6720 50.9920 55
51.1520 51.2800 55
51.3120 51.4400 54
51.4720 51.7280 53
51.9840 52.1440 51
52.3040 52.4320 50
52.4640 52.5600 51
52.5920 52.6560 50
52.6880 52.7200 54
52.7520 52.7520 57
52.7840 52.9760 59
53.0080 53.0720 57
53.1040 53.5200 58
53.6480 53.7120 58
54.1600 54.3520 55
54.3840 54.5440 54
54.7040 54.9600 51
54.9920 55.1520 52
55.1840 55.2480 53
55.2800 55.3760 50
55.4080 55.4720 52
55.7280 55.8880 50
55.9200 56.0480 51
56.0800 56.1440 52
56.1760 56.3680 53
56.5600 56.7520 58
56.9120 56.9760 55
57.0080 57.2000 54
57.6160 57.9360 50
58.0960 58.2880 52
58.3200 58.4480 53
58.6080 58.6720 55
58.8000 59.0560 50
59.1840 59.2480 53
59.3760 59.4400 55
59.4720 59.7920 54
59.8240 59.9520 53
59.9840 60.1120 52
60.6880 60.8800 55
61.0720 61.3280 55
61.3600 61.6480 54
61.8720 62.0320 60
62.1920 62.4160 60
62.4480 62.5440 64
62.7360 62.8320 62
62.8640 62.8640 59
62.8960 63.2160 55
63.3760 63.4400 55
63.4720 63.6000 54
63.7600 63.9840 53
64.3040 64.8160 50
64.8480 64.8800 53
64.9120 64.9120 56
64.9440 65.1040 60
65.2640 65.5200 57
65.5520 65.6160 55
65.6480 65.9360 57
66.4160 66.6400 55
66.6720 66.9600 51
67.2480 67.5680 52
67.8240 68.2400 51
68.2720 68.5280 53
68.6560 69.0080 55
69.0400 69.8400 58
69.8720 69.9680 59
70.0000 70.2240 60
70.2560 72.3680 59
72.5280 72.6240 60
76.3360 77.5840 65
77.8080 78.1600 65
78.1920 78.5120 62
78.5440 78.7680 57
78.8000 78.8640 58
78.8960 79.4400 62
79.4720 79.8560 65
80.0160 80.3360 63
80.4640 80.6880 63
80.7200 81.5840 67
81.9360 82.3840 58
82.4160 82.8640 60
82.8960 82.8960 64
82.9280 83.3760 67
83.5040 83.8880 65
83.9200 83.9840 63
84.0160 84.5920 64
84.8800 84.9120 57
84.9440 85.3280 58
85.3600 85.8400 59
85.8720 85.9040 60
85.9360 85.9360 63
85.9680 86.9280 67
86.9600 87.0560 65
87.0880 87.4080 64
87.4400 88.0160 63
88.4640 88.5600 64
88.5920 90.3200 65
90.3520 90.4160 64
90.4480 90.7040 62
90.7360 90.7360 60
90.7680 91.0560 58
91.0880 91.5360 62
91.5680 91.6320 63
91.6640 92.0160 65
92.0480 92.0480 63
92.2400 92.3040 63
92.3360 92.8800 62
92.9120 92.9120 65
92.9440 93.9360 67
94.0960 94.1600 59
94.1920 94.5440 58
94.5760 94.7680 60
94.8000 95.8240 59
95.8560 95.9520 60
95.9840 96.2400 66
96.2720 97.0720 65
97.1040 97.5840 62
97.6160 98.0320 60
98.0640 99.2480 59
99.2800 99.4080 58
100.2400 100.3360 60
100.3680 100.4000 59
100.4320 100.6240 58
100.6560 101.0400 59
101.0720 101.5520 63
101.8080 101.9680 60
102.0000 102.1920 62
102.2240 102.7680 65
103.2480 103.3760 63
103.5360 103.6960 65
103.7280 103.9520 67
104.1440 104.3680 65
104.4000 104.6560 63
104.8160 105.0080 65
105.0400 105.2320 64
105.5200 105.8080 59
106.0000 106.0640 58
106.2560 106.6080 58
106.7360 107.4080 59
107.7600 108.0800 60
108.1120 108.6240 63
108.6560 109.2320 65
109.4560 109.9360 63
110.1280 110.1920 63
110.2240 112.4960 62
112.5280 113.0400 61
115.8880 117.2000 65
117.3920 117.7760 65
117.8080 118.0000 62
118.0320 118.1280 63
118.1600 118.1600 59
118.1920 118.4480 57
118.4800 118.5760 63
118.6080 119.0240 62
119.0560 119.1200 64
119.1520 119.4400 65
119.6320 119.8240 63
119.8560 120.1760 62
120.2080 120.2720 63
120.3040 120.3680 66
120.4000 121.2640 67
121.2960 121.3920 66
121.6480 121.8720 58
121.9040 122.4480 59
122.4800 122.4800 64
122.5120 122.9280 67
123.0880 123.3120 65
123.3440 123.6640 64
123.6960 123.9200 63
123.9520 124.1760 64
124.4640 124.5600 57
124.5920 124.9120 58
124.9440 125.4240 59
125.4560 125.4880 60
125.5200 125.5200 64
125.5520 126.5120 67
126.5440 126.6080 65
126.6400 127.1840 64
127.2160 127.6320 63
128.0480 128.1440 64
128.1760 129.4240 65
129.5520 129.9040 65
129.9360 129.9680 64
130.0000 130.1280 62
130.1600 130.2560 63
130.2880 130.2880 60
130.3200 130.6400 58
130.6720 131.0880 62
131.1200 131.2160 63
131.2480 131.6000 65
131.6320 131.6320 63
131.8240 131.8880 63
131.9200 132.4640 62
132.4960 132.4960 65
132.5280 133.2960 67
133.3280 133.3920 66
133.6800 134.3840 58
134.4160 135.4400 60
135.4720 135.4720 63
135.5040 135.7280 67
135.7600 136.5920 65
136.6240 137.1360 62
137.1680 137.7760 60
137.8080 138.6720 59
138.7040 138.7680 57
138.8000 138.8960 59
138.9280 139.0560 58
139.7920 139.9200 60
139.9520 140.1760 58
140.2080 140.3360 59
140.3680 140.5600 60
140.5920 140.9120 63
140.9440 141.4880 60
141.5200 141.7120 62
141.7440 142.0000 63
142.0320 142.0960 64
142.1280 142.3200 65
142.3520 142.3840 64
142.8320 142.9280 63
143.0880 143.2480 65
143.2800 143.5360 67
143.6960 144.0160 65
144.0480 144.2080 63
144.4320 144.5920 65
144.6240 144.7840 63
145.0720 145.6800 59
146.3200 146.8000 58
146.9280 147.6960 59
148.2400 148.6240 60
148.6560 149.3280 63
149.3600 150.5120 65
151.5360 152.3680 63
152.9120 153.2320 63
153.2640 154.0320 62
154.1600 154.2240 61
