18.0960 19.0560 64
19.1520 19.1840 62
19.2160 20.2720 64
20.3040 20.3040 61
20.3360 20.4000 57
20.4320 20.4960 60
20.5280 20.9120 62
20.9440 21.0400 63
21.2000 21.3920 64
21.4240 21.6480 63
21.6800 21.7440 62
21.8720 21.9360 61
21.9680 22.0960 60
22.6720 22.7040 53
22.7360 22.8640 54
22.8960 23.1840 55
23.7280 23.7920 52
23.9200 24.3680 51
24.6240 24.6880 59
24.7200 24.9760 60
25.0080 25.0400 59
25.1360 25.1680 57
25.2000 25.6480 60
25.6800 25.8400 59
25.8720 25.9360 57
25.9680 26.0320 56
26.0640 26.3520 55
26.4800 26.6080 54
26.6400 27.3120 55
27.3440 27.4400 53
27.4720 27.6640 54
28.9760 28.9760 54
29.0080 29.1680 56
29.2000 29.2960 57
29.3280 29.8720 60
29.9040 30.0960 62
30.2880 30.8320 60
30.9600 31.0240 62
31.0560 31.2160 60
31.2480 31.3440 58
31.3760 31.4400 55
31.4720 31.5680 54
31.6000 31.8560 51
31.8880 32.1440 52
32.3680 32.6560 55
32.6880 32.9120 57
33.0400 33.1680 55
33.9680 34.0320 47
34.0640 34.0960 49
34.1280 34.2880 50
34.4480 34.5760 51
34.6080 34.8960 52
34.9280 34.9600 54
34.9920 35.3440 55
35.3760 35.5040 54
35.5360 35.5360 57
35.5680 35.7280 59
35.7600 35.7920 58
35.8240 35.8880 57
35.9200 36.0800 56
36.1120 36.4000 55
36.6240 36.6880 50
36.7200 36.8160 51
37.3280 37.3920 59
39.9840 40.0800 68
40.3360 40.3360 65
40.7840 40.8160 67
40.8480 40.9120 68
41.2320 41.7120 55
41.7440 42.0000 54
42.1280 42.3520 52
42.3840 42.4160 51
42.4480 42.6400 50
43.0560 43.1520 59
43.2800 43.2800 62
43.6640 43.8880 47
43.9200 43.9520 49
43.9840 44.1440 50
44.1760 44.2400 51
44.2720 44.6560 52
44.6880 45.0400 54
45.7120 45.7440 50
45.7760 45.8400 51
45.8720 46.0320 52
46.0640 46.1920 54
46.3520 46.3520 54
46.3840 46.4160 56
46.4480 46.6400 57
46.6720 46.9280 60
47.1520 47.6000 62
47.7920 47.7920 60
47.8240 48.4640 62
48.4960 48.6560 64
48.6880 48.7520 63
48.7840 50.4160 62
51.2160 51.2800 58
51.3120 51.4080 59
51.4400 52.0800 60
52.2080 52.7200 62
52.7520 52.7840 63
52.8160 53.2000 64
53.3280 53.4880 62
53.5200 53.5840 64
53.6160 53.7440 62
53.7760 53.9680 60
54.0000 54.4480 57
54.4800 54.9600 60
54.9920 55.0560 58
55.0880 55.1200 57
55.1520 55.1840 55
55.3760 55.6320 55
56.4000 56.7520 52
56.7840 57.4240 51
57.4560 57.7120 52
57.7440 57.9040 55
58.1600 58.2240 57
58.2560 58.4160 56
58.4480 58.6080 58
58.6400 58.7360 54
58.7680 58.8320 51
58.8640 58.9280 52
59.2800 59.6960 47
59.7280 59.7920 50
60.1760 60.3360 50
61.6800 61.7440 51
61.7760 61.8400 52
61.9680 62.0000 54
62.0320 62.3520 55
62.3840 62.4480 53
62.4800 62.5440 55
62.6720 62.7360 55
62.7680 62.8320 53
62.8640 62.8960 54
62.9280 63.1840 55
63.3440 63.4400 56
63.6640 63.6960 54
63.7280 63.8240 55
63.8560 63.9200 56
63.9520 64.2720 53
64.4320 64.5600 55
65.1680 65.5520 56
65.5840 65.6480 59
65.8080 65.9040 59
65.9360 66.1280 60
66.1600 66.3840 62
66.5120 66.5120 63
66.5440 66.6720 66
66.7040 66.7360 65
66.7680 67.3440 64
68.2080 68.4640 62
68.5920 68.6240 61
68.6560 68.7840 62
68.8160 68.9120 61
68.9440 69.6160 62
69.6480 69.7120 64
69.7440 70.0640 62
70.0960 70.3200 60
70.3520 70.4160 59
70.4480 71.1200 57
71.1520 71.2480 58
71.2800 71.6000 59
71.6320 71.7920 60
72.0160 72.1120 59
72.1440 73.7120 60
73.7440 73.8400 59
73.8720 74.3520 60
74.3840 75.5040 59
75.5360 75.6960 60
75.7280 75.7600 59
87.8560 88.8160 64
88.8480 88.9120 62
88.9440 90.1280 64
90.2560 90.2560 57
90.2880 90.3200 60
90.3520 90.3840 61
90.4160 90.7040 62
90.7360 90.8320 63
90.9920 91.1840 64
91.2160 91.3760 63
91.4080 91.4720 62
91.5040 91.5360 61
91.6960 91.7280 59
91.7600 91.8560 60
92.4320 92.4640 53
92.4960 92.5600 54
92.5920 92.8800 55
92.9120 92.9760 54
93.4560 93.5200 53
93.5520 93.6800 52
93.7120 93.9040 51
93.9360 93.9680 52
94.0000 94.0640 55
94.0960 94.1920 57
94.2240 94.3520 58
94.3840 94.6400 59
94.7360 94.8640 58
94.8960 94.9280 59
94.9600 95.3120 60
95.3440 95.5040 58
95.5360 95.6960 56
95.7280 96.0800 54
96.1120 97.0400 55
97.0720 97.3280 54
98.6080 98.6080 54
98.6400 98.8640 56
98.8960 99.0560 57
99.0880 99.5360 60
99.5680 99.7600 62
99.9520 100.1440 59
100.1760 100.4960 60
100.5280 100.6240 59
100.6560 100.7840 62
100.8160 100.8800 60
100.9120 100.9760 59
101.0080 101.0400 57
101.0720 101.1040 56
101.1360 101.2320 55
101.4240 101.7760 52
101.8080 101.9040 55
102.0320 102.3520 55
102.3840 102.6080 57
102.7360 102.8640 55
102.8960 102.9280 54
103.6640 103.6640 47
103.6960 104.0800 50
104.1120 104.5280 52
104.5600 104.5920 54
104.6240 105.2320 55
105.2640 105.3280 59
105.5520 105.8080 56
105.8400 106.1600 55
106.1920 106.1920 53
106.2240 106.4480 51
106.4800 106.4800 53
106.5120 107.1840 59
108.2720 108.3360 57
108.6560 108.7200 60
109.6800 109.7440 58
109.7760 109.9360 59
109.9680 110.0960 58
110.2880 110.3840 59
110.4160 110.6080 62
110.8320 110.9280 55
111.0560 111.3760 54
111.4080 111.5360 55
111.5680 111.6960 54
111.7280 111.9840 52
112.0160 112.0480 51
112.0800 112.3680 50
112.9120 113.0400 48
113.0720 113.1040 47
113.2320 113.4560 48
113.4880 113.6800 50
113.8720 114.0640 51
114.0960 114.3200 52
114.3520 114.7040 54
115.3760 115.5680 52
115.6000 115.8560 55
116.0800 116.2400 57
116.3680 116.4640 59
116.4960 116.5920 60
116.8800 116.9120 61
116.9440 117.8400 62
117.8720 117.9360 65
117.9680 118.3200 64
118.3520 119.2480 62
119.2800 119.3440 63
119.3760 119.4400 61
119.4720 120.1440 62
120.9440 121.0400 58
121.0720 121.3280 59
121.3600 121.4240 60
121.4560 121.5200 58
121.5520 121.9040 60
121.9360 122.1600 62
122.2880 122.3200 57
122.3520 122.3520 59
122.3840 122.4480 62
122.4800 122.5440 63
122.5760 122.8960 64
122.9280 122.9600 63
122.9920 123.0560 61
123.0880 123.5040 62
123.5360 123.6640 60
123.6960 123.6960 58
123.7280 123.7920 56
123.8240 124.1120 57
124.1440 124.1760 59
124.2080 124.5920 60
124.6240 124.6880 59
124.7200 124.7840 58
124.8160 124.8480 56
124.8800 124.9440 55
125.1360 125.2640 55
126.0960 126.2880 52
126.4480 126.5120 52
126.6400 126.8960 53
127.0240 127.1520 52
127.1840 127.3120 51
127.5360 127.6960 55
127.7280 127.9200 54
127.9520 127.9840 55
128.0160 128.1440 56
128.1760 128.4960 55
128.6240 128.6240 58
128.8800 128.9440 58
128.9760 129.0400 60
129.0720 129.2320 59
129.2640 129.2640 56
130.3200 130.4160 58
131.3760 131.4400 50
131.4720 131.5680 52
131.6960 131.8880 54
131.9200 132.0800 55
132.1120 132.2720 54
132.3040 132.3680 53
132.4000 132.4640 55
132.4960 132.5920 53
132.6240 132.9440 55
133.0720 133.1680 57
133.3600 133.5200 54
133.5520 133.6160 56
133.6480 133.6800 55
133.7120 133.8080 54
133.8400 133.9360 52
134.1280 134.2240 55
134.8640 134.8960 56
134.9280 135.2480 57
135.2800 135.3440 59
135.5040 135.7280 59
135.7600 135.7920 60
135.8240 136.0160 61
136.2080 136.2400 63
136.2720 136.5920 65
136.6240 136.9760 64
137.6480 137.7120 60
137.9040 138.1280 62
138.2560 138.4480 62
138.4800 138.4800 60
138.6080 138.6720 61
138.7040 139.3120 62
139.3440 139.4400 63
139.4720 139.6000 62
139.7280 139.7920 61
139.8240 140.0800 60
140.1120 140.7200 57
140.7520 140.8480 58
140.8800 141.2960 59
141.5200 142.7040 60
142.7360 142.8000 59
142.8320 143.1200 60
143.1520 143.2160 59
143.2480 143.3440 60
143.3760 143.4400 59
143.4720 143.5680 60
143.6000 143.6640 59
143.6960 143.7600 60
143.7920 143.8880 59
143.9200 143.9840 60
144.0160 144.0800 59
144.1120 144.2080 60
144.2400 144.3040 59
144.3360 144.4000 60
144.4320 144.5280 59
144.5600 144.6240 60
144.6560 144.7200 59
144.7520 144.8480 60
144.8800 144.9440 59
144.9760 145.0720 60
145.1040 145.3600 59
145.3920 145.6480 60
156.2720 156.3680 67
156.5600 156.6880 67
160.3680 161.2320 64
161.3280 161.3600 61
161.3920 161.3920 63
161.4240 161.4880 65
161.5200 161.7760 64
161.8080 161.8720 65
161.9040 161.9680 64
162.0000 162.0640 65
162.0960 162.4800 64
162.5120 162.5120 59
162.5440 162.5760 56
162.6080 162.6400 58
162.6720 162.7360 61
162.7680 163.1200 62
163.1520 163.2160 64
163.3760 163.6000 64
163.6320 163.6960 63
163.7280 163.7920 64
163.8240 163.9520 62
164.1120 164.3360 60
164.9120 164.9440 54
164.9760 165.3600 55
165.9040 165.9680 52
166.0960 166.4800 52
166.8320 166.9280 59
166.9600 167.0240 60
167.0560 167.1520 59
167.2800 167.3120 58
167.3440 167.5360 59
167.5680 167.7600 60
167.7920 167.9840 59
168.0160 168.1760 57
168.2080 168.6560 55
168.6880 168.7520 54
168.7840 168.8480 55
168.8800 168.9440 54
168.9760 169.2320 55
169.2640 169.3280 53
169.3600 169.4880 54
169.5200 169.5840 55
169.7120 169.7760 55
171.1200 171.4080 57
171.4400 171.4720 58
171.5040 171.5680 59
171.6000 172.0160 60
172.0480 172.2080 62
172.2400 172.4960 60
172.5280 172.5920 59
172.6240 173.0080 60
173.1360 173.2640 61
173.2960 173.4560 59
173.4880 173.5840 57
173.6160 173.6480 55
173.6800 173.7760 54
173.8080 174.2240 52
174.2560 174.3200 53
174.4800 174.8000 55
174.8320 175.0880 57
175.1200 175.3120 55
175.3440 175.3760 54
176.1760 176.2080 48
176.2400 176.2720 49
176.3040 176.4640 50
176.5920 176.7200 51
176.7520 177.1040 52
177.1360 177.3280 54
177.3600 177.7440 55
177.7760 177.9680 59
178.0000 178.1920 57
178.2240 178.2560 56
178.2880 178.5440 55
178.7680 178.9920 51
180.4000 180.4960 68
180.6880 180.7520 68
182.3520 182.6720 67
182.9920 183.3760 50
183.4080 183.6320 54
183.6640 184.0800 55
184.1120 184.2080 54
184.3360 184.6240 51
184.6560 184.8480 50
185.3280 185.3280 47
185.7120 186.0320 48
186.0640 186.3200 50
186.3520 186.4800 51
186.5120 186.8640 52
186.8960 187.2480 54
187.8560 187.8880 49
187.9200 188.1120 52
188.1440 188.3040 55
188.5920 188.7520 57
188.7840 188.8160 59
188.8480 189.0720 60
189.2640 189.3280 61
189.3600 189.7120 62
189.9040 190.6400 62
190.6720 190.7360 65
190.7680 190.9280 63
190.9600 191.0240 61
191.1200 192.0480 62
192.0800 192.1440 61
192.1760 192.2400 62
192.2720 192.3360 61
192.3680 192.6560 62
193.2960 193.2960 54
193.3280 193.3600 57
193.3920 193.4560 58
193.4880 193.5520 59
193.5840 193.7440 60
193.7760 193.8400 61
193.8720 194.2560 60
194.3840 194.8960 62
194.9280 195.3120 64
195.4720 195.6000 62
195.6320 195.7280 63
195.7600 195.9200 62
195.9520 196.1120 60
196.1440 196.6240 57
196.6560 196.7200 60
196.8480 197.1040 60
197.1360 197.2640 57
197.2960 197.5840 55
197.6160 197.6800 54
197.7120 197.8080 55
198.3520 198.3840 51
198.5440 198.7040 51
198.7360 198.9280 52
198.9600 198.9600 50
198.9920 198.9920 48
199.0880 199.0880 48
199.1520 199.1840 50
199.2800 199.2800 50
199.3440 199.4080 50
199.4400 199.5040 52
199.6320 199.8880 52
199.9200 200.0800 55
200.3360 200.3680 57
200.4640 200.6560 56
200.6880 200.8800 55
200.9120 200.9120 53
200.9440 201.1040 51
201.2960 201.2960 49
201.3920 201.8080 47
202.0000 202.1600 50
202.3840 202.3840 51
202.7040 202.7680 50
203.9840 204.0800 51
204.2080 204.2720 54
204.3040 204.5600 55
204.5920 204.6560 54
204.6880 204.7520 56
204.7840 204.8480 54
204.8800 204.9440 55
204.9760 205.0400 54
205.0720 205.5520 55
205.5840 205.7120 57
205.8720 206.0320 55
206.0640 206.1280 56
206.1600 206.3200 55
206.3520 206.4480 53
206.6400 206.7360 53
207.3120 207.4080 56
207.4400 207.6960 57
207.7280 207.7920 58
207.9520 208.2720 60
208.3040 208.4960 62
208.6880 208.7200 64
208.7520 208.9120 65
208.9440 209.1680 64
209.2000 209.2640 65
209.2960 209.3600 63
209.3920 209.5200 64
210.3520 210.5760 62
210.7040 210.7360 61
210.7680 210.9280 62
210.9600 211.0240 60
211.0560 211.0880 61
211.1200 211.8560 62
211.8880 211.9840 63
212.0160 212.2400 62
212.2720 212.3360 64
212.3680 212.3680 62
212.4000 212.4960 60
212.5280 212.6880 59
212.7200 213.3280 57
213.3600 213.4240 58
213.4560 213.7760 59
213.8080 213.8720 60
214.0640 214.1920 59
214.2240 214.3200 60
214.3520 214.4160 59
214.4480 214.5440 60
214.5760 214.6400 59
214.6720 214.7360 60
214.7680 214.8320 59
214.8640 214.9600 60
214.9920 215.0880 59
215.1200 215.1840 60
215.2160 215.3120 59
215.3440 215.4080 60
215.4400 215.5360 59
215.5680 215.6320 60
215.6640 215.7600 59
215.7920 215.8560 60
215.8880 215.9520 59
215.9840 216.0800 60
216.1120 216.1760 59
216.2080 216.3040 60
216.3360 216.4000 59
216.4320 216.4960 60
216.5280 216.6240 59
216.6560 216.7200 60
216.7520 216.8480 59
216.8800 216.9760 60
217.0080 217.0720 59
217.1040 217.2000 60
217.2320 217.2960 59
217.3280 217.4240 60
217.4560 217.5200 59
217.5520 217.6160 60
217.6480 217.7440 59
217.7760 217.8720 60
217.9040 217.9680 59
218.0000 218.0960 60
218.1280 218.1920 59
218.2240 218.3200 60
218.3520 218.4160 59
218.4480 218.5120 60
218.5440 219.0560 59
