2.1280 2.2560 62
2.2880 2.4160 61
2.4480 2.4800 62
2.5120 2.5440 63
2.5760 3.1520 64
3.7280 3.8240 60
7.2480 7.5360 59
7.5680 7.6000 60
7.6320 7.6960 61
7.7280 7.9840 62
8.5600 8.6240 60
11.9520 12.0800 59
12.1120 12.3040 60
12.3360 12.6880 59
12.7200 12.7520 58
12.7840 13.2960 57
14.5760 14.6080 58
14.6400 14.7360 59
14.7680 14.8960 60
14.9280 15.0560 59
15.0880 15.2480 58
15.2800 15.7920 57
17.2320 17.3600 64
17.3920 17.4880 66
17.5200 17.7120 65
17.7440 18.2240 66
19.1840 19.4080 65
19.4400 19.4720 66
19.5040 19.5680 67
19.6000 19.7280 68
19.7600 19.8240 67
19.8560 20.3040 64
21.9680 22.4800 62
22.5120 22.8320 63
23.5360 23.6000 58
23.6320 23.7920 57
23.8240 23.9200 58
23.9520 24.0160 59
25.6160 26.1920 59
26.2240 26.4160 61
26.4480 26.8000 62
26.8320 26.8640 61
26.8960 26.9600 60
29.5840 29.6800 59
29.7120 29.8720 60
29.9040 30.0320 59
32.2080 32.3360 59
32.3680 32.4960 60
35.2160 35.3120 64
35.3440 35.4400 66
35.4720 35.7600 65
37.2960 37.3600 65
37.3920 37.4560 66
37.4880 38.0960 67
44.5920 44.9120 64
44.9440 45.0080 67
45.0400 45.0720 68
45.1040 45.2000 69
45.8720 48.6560 69
48.6880 48.8800 70
48.9120 49.3600 69
50.7360 50.9600 69
50.9920 51.6640 68
53.3280 53.3280 67
53.3600 53.3920 69
53.4240 53.4560 70
53.4880 53.6160 71
53.6480 53.6800 70
53.7120 54.4800 69
54.5120 54.6080 71
54.6400 54.7360 73
54.7680 55.1520 72
55.1840 55.2160 71
55.2480 55.2800 70
55.3120 55.4400 69
58.4160 58.7040 69
58.7360 59.5360 68
61.2960 61.3600 70
61.3920 61.5840 71
61.6160 67.4720 69
67.5040 67.7920 67
67.8240 68.2400 65
68.7200 68.7840 64
68.8160 69.9680 66
70.0000 70.2240 67
71.7600 71.8560 63
71.8880 72.0160 64
72.0480 72.0800 66
72.1120 72.7200 67
72.7520 72.7840 65
72.8160 73.1360 64
75.5040 75.6960 60
75.7280 76.0480 59
76.0800 76.4640 60
78.5440 78.8640 62
78.8960 78.9920 64
79.0240 79.0880 65
79.1200 79.2160 66
79.6640 79.8880 61
79.9200 80.0160 60
81.7760 82.7040 59
82.7360 82.8320 60
82.8640 82.9280 61
82.9600 83.1520 62
83.1840 83.5040 61
85.7760 85.8720 60
85.9040 86.1280 61
86.1600 86.2240 59
86.2560 86.9920 57
87.9840 88.0480 60
88.0800 88.2080 61
88.3680 88.4320 59
88.4640 88.4960 58
88.6880 89.1360 57
89.8720 89.9360 64
89.9680 90.1280 66
90.1600 90.4160 64
90.4480 91.1840 66
91.4080 91.6640 64
91.6960 91.7920 67
91.8240 91.9520 68
91.9840 92.0480 67
92.0800 92.3360 64
93.2960 93.5840 62
93.6160 93.7440 64
93.9040 94.2880 60
94.3200 94.4160 63
94.4480 94.5760 64
96.3360 96.3680 68
96.4000 96.7840 69
97.4560 97.6800 57
97.7120 97.8400 59
97.8720 97.9680 61
98.1280 98.3520 61
99.9840 100.3680 60
100.4000 100.6240 59
100.6560 100.7840 61
101.0080 101.6480 57
102.0320 102.1280 59
102.1600 102.5440 61
102.5760 102.6720 60
102.9280 103.3760 58
104.1120 104.2080 64
104.2400 104.3680 66
104.4000 104.5280 65
104.5600 105.4240 66
105.4560 105.5840 64
105.6160 105.6480 66
105.6800 105.8400 68
105.8720 106.2880 67
106.3200 106.6080 64
107.5040 111.0880 69
111.1200 111.3120 71
111.3440 112.4320 69
112.8160 113.0400 69
113.0720 113.8720 68
113.9040 114.1920 69
114.4800 114.7360 69
114.7680 114.9280 71
114.9600 116.1760 69
116.2080 116.3360 72
116.3680 116.5600 73
116.5920 116.7520 72
116.7840 116.9440 74
116.9760 117.0400 72
117.0720 120.2400 69
120.2720 121.1360 68
121.1680 121.3600 69
121.8080 121.8080 65
121.8400 121.8400 67
121.8720 121.9680 69
122.0000 122.1280 71
122.1600 127.6000 69
127.6320 127.7280 72
127.7600 127.8880 75
127.9200 128.4640 76
128.4960 128.5920 73
128.6240 128.7520 74
128.7840 128.8160 72
128.8480 128.8800 71
128.9120 129.0400 70
157.1680 157.4880 61
157.5200 157.5840 63
157.6160 158.0960 64
158.3520 158.9280 61
160.2720 160.6240 61
160.6560 160.6880 59
161.0400 161.1680 59
161.3920 161.5520 60
161.5840 161.8400 62
162.0640 162.2240 59
162.2560 162.6400 61
164.4000 164.7840 65
164.8160 165.1040 66
165.2640 165.3920 60
165.4240 165.9360 57
166.4480 166.5760 59
166.6080 166.6720 61
166.7040 166.8640 60
166.8960 167.0560 61
167.0880 167.1200 60
167.1520 167.2160 58
167.2480 167.9200 57
167.9520 168.0800 58
168.5600 168.5920 64
168.6240 168.6880 65
168.7200 168.8160 66
168.8480 169.0400 65
169.0720 170.0640 66
170.0960 170.4160 64
170.4480 170.5120 67
170.5440 170.7360 68
170.7680 171.1840 64
171.7280 171.8880 64
171.9200 172.1120 66
172.1440 172.2400 69
172.4000 172.5600 67
172.5920 173.0720 69
173.2640 173.3920 71
173.4240 173.8400 74
173.8720 173.9360 71
173.9680 174.0320 67
174.6080 174.7360 65
174.7680 174.9600 66
175.2800 175.4080 64
175.5360 175.6640 64
175.6960 175.9200 62
175.9520 176.0800 64
176.1120 176.2080 61
176.2400 176.3040 59
176.3360 177.0720 57
178.5760 178.6720 64
178.7040 178.8320 66
178.8640 179.6320 69
179.6640 179.7280 68
179.7600 179.7600 65
180.5920 180.6880 67
180.7200 180.9440 69
180.9760 181.3600 68
181.4880 182.3840 64
182.4160 182.6720 65
182.7040 182.7360 63
182.7680 182.8640 61
182.8960 183.0240 62
183.0560 183.0880 64
183.1200 183.1520 65
183.1840 184.3040 66
184.3360 184.6560 64
184.6880 185.0720 67
185.1040 186.2240 64
190.4480 190.5760 69
190.6080 194.0640 71
194.0960 194.2560 73
194.2880 196.0160 71
196.0480 196.9760 70
197.0080 197.5840 71
197.6160 197.7120 73
197.7440 197.7760 72
197.8080 199.1200 71
199.1520 199.6000 74
199.6320 199.7280 75
199.7600 199.8560 74
199.8880 203.1840 71
203.2160 203.5360 70
203.5680 203.6320 69
203.6640 204.0480 66
204.5920 204.6880 71
204.7200 204.8480 73
204.8800 206.5760 71
206.6080 206.6720 72
206.7040 206.7680 69
206.8000 206.8960 70
206.9280 210.2240 71
210.2560 210.9920 70
211.0240 211.3760 71
211.7600 211.8560 71
211.8880 211.9840 73
212.0160 212.0480 72
212.0800 213.5200 71
213.5520 213.6160 75
213.6480 213.8080 78
213.8400 213.9360 75
213.9680 214.0000 73
214.0320 215.0560 71
215.1840 215.2800 70
215.3120 217.3280 71
217.3600 217.6480 70
217.6800 217.7760 69
217.8080 218.9920 66
219.1520 219.4400 67
219.4720 219.4720 72
219.5040 219.6000 75
219.6320 219.7600 78
219.7920 220.4960 79
220.5280 220.8480 78
220.8800 221.3280 79
221.3600 221.4560 78
221.4880 221.7760 79
221.8080 221.9360 78
221.9680 222.2240 79
222.2560 222.8320 75
222.8640 223.0880 72
223.1200 223.9520 71
224.1440 224.5600 71
224.5920 224.9440 70
224.9760 225.0400 69
225.0720 225.4240 66
225.4560 225.5840 67
225.9360 226.2240 67
226.2560 226.4800 66
226.5120 226.7680 67
226.8960 226.8960 73
226.9280 227.0560 76
227.0880 227.1840 78
227.2160 228.4640 79
228.4960 229.0400 78
229.0720 229.2000 74
229.2320 229.3920 75
229.4240 229.5520 74
229.5840 229.7440 75
229.7760 229.8400 74
229.8720 230.0000 72
230.0320 230.6720 71
231.1200 231.1200 67
231.1520 231.2480 69
231.2800 231.7280 71
231.7600 232.0160 70
232.0480 232.3360 71
232.3680 232.4320 69
232.4640 232.8160 66
234.0960 234.5440 66
234.5760 234.6720 68
234.7040 234.8320 70
234.8640 235.2160 71
235.2480 235.2800 72
235.3120 235.4080 74
235.4400 235.5680 75
235.6000 235.7280 74
235.7600 235.8880 75
235.9200 235.9840 74
236.0160 236.1440 72
236.1760 236.2400 71
236.4000 236.5600 66
238.6720 238.8000 74
238.8320 238.9920 75
239.0240 239.0880 74
239.1200 239.4400 71
239.4720 239.7280 72
239.7600 245.5840 71
245.6160 246.0000 68
246.0320 246.1600 67
246.1920 246.6720 68
246.7040 246.9280 69
246.9600 247.0880 68
248.4000 248.4960 65
248.5280 248.5920 66
248.6240 248.6560 68
248.6880 249.1040 70
249.1360 249.2000 69
249.2320 249.5200 67
249.5520 249.8400 66
251.6320 251.7600 65
251.7920 251.9840 66
252.0160 252.0480 65
252.0800 252.1120 64
252.1440 252.4000 63
252.4320 253.0400 62
253.1680 253.2320 62
254.2240 254.3520 63
254.3840 254.6080 62
254.6400 254.7680 63
254.8000 254.9280 61
254.9600 255.1520 59
255.1840 255.3760 58
256.3040 256.6560 66
256.6880 256.9120 67
256.9440 257.0080 66
257.0400 257.1040 65
257.1360 257.1680 64
257.2000 257.5520 63
258.6400 258.7040 64
258.7360 258.8000 65
258.8320 259.0240 66
264.1440 264.2400 66
264.4000 265.3280 66
265.4880 265.5520 66
267.4720 268.1440 71
268.1760 268.2720 72
268.3040 268.3360 73
268.3680 268.4640 74
268.4960 269.6480 75
