1.2640 1.3600 63
1.4880 1.8080 63
1.9360 2.4480 66
5.0080 5.1040 63
5.2320 5.5200 63
5.6480 5.6480 64
5.6800 6.2240 66
8.3040 8.4640 63
8.5280 8.5920 63
8.6560 8.6560 63
8.7840 9.2640 63
9.4240 9.9680 66
12.5280 13.1360 63
13.1680 13.7120 66
14.0960 14.6400 66
15.0560 15.6000 66
16.0480 16.1120 63
16.2400 16.7840 63
16.9120 17.4560 66
20.0160 20.6240 63
20.6560 21.2320 66
23.2800 23.6000 63
23.6640 23.6960 63
23.7600 23.8240 63
23.9840 24.3680 63
24.4000 24.9120 66
24.9440 24.9760 65
27.5040 27.6000 63
27.7280 28.0480 63
28.1760 28.7200 66
29.1040 29.6480 66
30.0320 30.5760 66
31.0240 31.7920 63
32.8800 32.9440 66
33.1040 33.1680 66
33.3280 33.7760 66
33.8080 34.0320 65
34.0640 34.1600 63
34.2880 34.6720 65
34.7040 34.8000 63
34.9920 35.1200 68
35.3760 35.4720 70
35.6960 35.8880 63
36.1120 36.3360 63
36.7520 36.7840 65
36.8160 37.2960 66
37.3280 37.7440 65
37.7760 38.0000 63
38.0320 38.4160 65
38.4480 38.5440 63
38.7040 38.8640 68
39.1200 39.2160 70
39.3760 39.7280 63
39.8560 40.3040 63
40.3360 40.6240 65
40.8160 41.0080 65
41.0400 41.1360 63
41.5200 41.8720 66
42.0320 42.1280 65
42.4480 42.8000 65
42.8320 43.0240 63
43.0560 43.0880 64
43.1200 43.3120 65
43.3440 43.7280 66
43.9200 44.0160 63
44.5920 44.9440 58
45.6480 46.0000 63
46.0320 46.4160 65
46.4480 46.8640 66
46.8960 46.9280 67
46.9600 47.0560 68
47.0880 47.3440 70
47.5360 47.8240 63
47.8560 47.9200 65
47.9520 48.1440 66
48.3040 48.7840 66
48.8160 49.0400 65
49.2640 49.6800 65
49.7120 49.8400 63
49.9680 50.1280 68
50.3840 50.4800 70
50.6720 50.8960 63
51.1200 51.3440 63
51.8240 51.8880 66
52.0480 52.0800 65
52.1120 52.3040 66
52.5280 52.7520 65
52.7840 53.0080 63
53.0400 53.4240 65
53.4560 53.5840 63
53.7120 53.8400 68
54.1280 54.2240 70
54.4160 54.7360 63
54.8640 55.3440 63
55.3760 55.4080 65
55.4400 55.6320 66
55.7920 55.8560 66
56.0480 56.3040 66
56.3360 56.4000 65
56.4320 56.4640 63
56.7520 57.9040 65
57.9360 58.1280 63
58.1600 58.3840 65
58.4160 58.6080 66
58.6400 59.5680 63
60.6240 60.6560 62
60.6880 60.9120 63
61.1680 61.4240 65
61.4560 61.9360 66
62.0960 62.3200 63
62.3520 62.4160 68
62.4480 62.9600 70
62.9920 64.4320 68
64.4640 64.6560 70
64.6880 65.1360 71
65.1680 65.8400 70
66.1280 66.1280 69
66.3200 66.8000 70
66.8320 68.1440 68
68.1760 68.4320 70
68.6560 68.8800 71
68.9120 69.9040 70
70.0640 70.3200 70
70.3520 70.3840 68
70.5440 71.2480 68
71.2800 71.4720 66
71.5040 71.7600 68
71.7920 71.8880 66
71.9200 73.2320 68
73.3600 74.0960 68
74.1280 74.2560 66
74.2880 74.5120 68
74.8320 75.4080 68
75.4400 75.5680 70
75.6000 75.6320 68
75.6640 75.7920 66
75.8240 76.6240 63
77.1040 77.2000 62
77.3600 77.9360 70
78.0640 79.4400 68
79.4720 79.6960 70
79.7280 80.1440 71
80.1760 80.8800 70
81.3280 81.8080 70
81.8400 83.1840 68
83.2160 83.6320 70
83.6640 83.9200 71
83.9520 84.7200 70
84.8160 84.8160 70
85.1040 85.3280 70
85.3600 85.4240 68
85.5840 86.2880 68
86.3200 86.3520 66
86.5120 86.8000 68
86.9280 86.9920 67
87.0240 87.2480 68
87.2800 87.3760 66
87.4080 87.6320 68
87.6640 87.8560 66
87.8880 88.1440 68
88.3040 89.1040 68
89.1360 89.2960 66
89.3280 89.5520 68
89.8080 90.0320 68
90.2240 90.4160 68
90.4480 90.6080 70
90.6400 90.8000 66
90.8320 91.1840 63
91.2800 91.7280 63
91.8880 92.4960 66
92.8800 93.3280 65
93.6480 93.6480 65
93.7440 94.0000 66
94.3520 94.4160 65
95.0240 95.2480 63
95.5040 95.5040 63
95.6960 96.2400 66
96.6240 97.7120 65
97.9680 97.9680 65
98.1920 98.2240 65
98.2560 98.4160 63
98.7680 99.2480 63
99.4400 99.9840 66
100.0160 100.0160 63
100.4000 100.6560 66
101.2640 101.5200 66
101.6160 101.6160 65
102.0960 102.1920 63
102.5120 102.6080 63
103.1520 103.6960 66
104.1120 104.3040 66
104.4320 104.8480 65
105.0400 105.2640 66
105.3280 105.3920 65
105.6160 105.7120 65
105.7440 106.0320 63
106.2560 106.3520 63
106.7040 106.8000 63
107.8560 108.1120 66
108.3040 108.4320 66
108.4640 108.6240 68
108.6560 108.7200 66
108.7520 108.9760 65
109.3600 109.7440 65
109.7760 109.9680 63
110.0000 110.1280 68
110.3840 110.4480 70
110.7040 110.8960 63
111.1520 111.3120 63
111.6320 111.6960 65
111.8240 111.8880 66
112.0160 112.2720 66
112.5280 112.7200 65
112.7520 113.0080 63
113.0400 113.4240 65
113.4560 113.5840 63
113.7120 113.8400 68
114.1280 114.2240 70
114.3840 114.7360 63
114.8640 115.2800 63
115.4080 115.6640 66
115.7920 115.8560 66
116.0800 116.4320 66
116.4640 116.4640 63
116.7520 117.8720 65
117.9040 118.1280 63
118.1600 118.3520 65
118.3840 118.5120 66
118.5440 118.8320 63
118.8640 118.8640 61
118.8960 119.0880 58
119.1200 119.2160 61
119.2480 119.7600 63
120.6240 120.9120 63
120.9440 121.2320 65
121.2640 121.5200 66
121.5520 121.6480 65
121.6800 121.7120 69
121.7440 122.9600 70
122.9920 124.4640 68
124.4960 124.6880 70
124.7200 125.1360 71
125.1680 125.8400 70
126.3520 126.8000 70
126.8320 128.1760 68
128.2080 128.4320 70
128.4640 128.5600 71
128.6880 128.9120 71
128.9440 129.6800 70
130.0960 130.3520 70
130.3840 130.4480 68
130.5760 131.3120 68
131.3440 131.4080 66
131.5360 131.7920 68
131.8240 131.9840 66
132.0160 132.2400 68
132.2720 132.4000 66
132.4320 132.6560 68
132.6880 132.8480 67
132.8800 133.1680 68
133.3920 134.0960 68
134.1280 134.2560 66
134.2880 134.5760 68
134.8000 135.0560 68
135.2480 135.3120 67
135.3440 135.6000 70
135.7280 135.8240 66
135.8560 136.8800 63
136.9120 137.4560 66
137.9040 138.0320 66
138.0640 138.3840 65
138.8000 138.9920 66
139.5680 139.6640 63
139.9840 140.1120 63
140.4320 140.4640 63
140.6560 141.1680 66
141.6480 141.7760 66
142.5440 142.7040 66
143.3120 143.4080 63
143.7920 143.8560 63
144.1440 144.3040 63
144.4320 144.9760 66
145.4560 145.5840 66
146.3200 146.5760 66
147.0560 147.3440 63
147.5360 147.7280 63
147.9200 148.0160 63
148.1760 148.6560 66
149.0720 149.2960 66
149.5200 149.6800 65
149.7760 149.8080 65
150.0320 150.3520 66
150.6080 150.6080 65
150.8000 150.9280 63
151.0560 151.1200 63
151.2800 151.3760 63
151.7280 151.8240 63
152.4000 152.5280 63
152.8160 153.1360 63
153.3280 153.4560 63
153.4880 153.7760 61
153.8080 154.1920 63
154.7040 154.9280 63
155.2480 155.3440 63
155.4400 155.6320 61
155.6640 156.2720 63
156.5600 156.8160 63
157.2640 157.5520 61
157.7760 157.9360 63
159.1200 159.3440 65
159.3760 159.7600 63
159.7920 160.6560 66
160.6880 161.0400 63
161.1040 161.1360 63
161.1680 161.2320 65
161.5520 161.8080 63
161.8400 161.9680 70
162.1280 162.2880 68
162.4800 163.4080 65
163.4400 163.6640 68
163.8560 164.1440 66
164.3040 164.5600 65
164.5920 165.2960 63
165.3280 165.5200 68
165.5520 166.1600 66
166.1920 166.4480 65
166.4800 166.5120 62
166.5440 167.3120 61
167.3440 168.1120 59
168.7840 168.8800 63
169.0080 169.0720 63
169.2320 169.2960 66
169.3280 169.3600 69
169.3920 169.4560 70
169.5840 169.8080 68
169.8400 170.1920 66
170.2240 170.8640 65
170.8960 171.1520 68
171.1840 171.6000 66
171.6320 172.0480 65
172.0800 172.6240 63
172.7840 173.0080 68
173.0400 173.4560 66
173.4880 174.1280 65
174.1600 174.4160 66
174.6080 174.8960 68
174.9280 175.3120 70
175.3440 175.3760 69
175.4080 175.6320 68
175.6640 175.8560 69
176.0480 176.9120 66
176.9440 177.0720 68
177.2000 177.3280 73
177.3600 177.8080 70
177.8400 177.9360 68
177.9680 178.0320 69
178.2240 178.3520 65
178.3840 178.8320 66
178.8640 178.9280 67
179.0560 179.1840 73
179.3760 179.6320 70
179.6640 179.7280 68
179.8560 180.0800 70
180.1120 180.3040 68
180.3360 180.5920 70
180.6240 180.7840 68
181.2000 181.2640 65
181.2960 182.0640 66
182.0960 182.1920 63
182.2240 182.5440 66
182.8320 182.9280 70
183.0880 184.4320 68
184.4640 184.6560 70
184.6880 185.1360 71
185.1680 185.8400 70
186.3200 186.8000 70
186.8320 188.1440 68
188.1760 188.4320 70
188.6560 188.8800 71
188.9120 189.9360 70
190.0640 190.3200 70
190.3520 190.3840 68
190.5760 191.2480 68
191.2800 191.3440 66
191.5040 191.7600 68
191.7920 191.8880 66
191.9200 192.2080 68
192.2400 192.3360 66
192.3680 193.2320 68
193.3600 194.0960 68
194.1280 194.2560 66
194.2880 194.5120 68
194.8000 194.9920 68
195.2800 195.4080 68
195.4400 195.5680 70
195.6000 195.6000 68
195.7280 195.7920 66
195.8240 196.0160 63
196.2400 196.3360 63
196.4640 196.5600 63
196.6880 197.2320 63
197.3600 197.9360 70
198.0640 199.4400 68
199.4720 199.6960 70
199.7280 200.1440 71
200.1760 201.1040 70
201.3280 201.8080 70
201.8400 203.1840 68
203.2160 203.4080 70
203.4400 203.5360 71
203.6640 203.9200 71
203.9520 204.7520 70
205.1040 205.3280 70
205.3600 205.4240 68
205.5840 206.2880 68
206.3200 206.3520 66
206.5120 206.7680 68
206.8000 206.9920 67
207.0240 207.2480 68
207.2800 207.3440 66
207.3760 207.6320 68
207.6640 207.6960 67
207.7280 207.8240 66
207.8560 208.1440 68
208.3680 209.0720 68
209.1040 209.2960 66
209.3280 209.5520 68
209.7760 210.0320 68
210.2880 210.3520 68
210.3840 210.5760 70
210.7360 210.8000 66
210.8320 211.8880 63
211.9200 212.4640 66
212.8480 213.0080 66
213.0400 213.2320 65
213.7440 213.8080 65
213.8400 214.0320 66
215.0240 215.1520 63
215.4720 215.5040 63
215.6640 216.1760 66
216.6240 216.8480 66
217.3600 217.3920 65
217.6160 217.7120 66
218.3200 218.4480 63
218.7360 218.8640 63
219.0560 219.4080 63
219.4400 219.9520 66
220.4000 220.6240 66
221.2000 221.5200 66
222.1280 222.2240 63
222.5120 222.7680 63
222.9920 223.0240 63
223.1840 223.6320 66
224.1120 224.2720 66
224.4640 224.5280 66
224.7520 224.8480 66
225.0080 225.2320 66
225.8400 226.1280 63
226.2560 226.3200 63
226.7040 226.8000 63
227.4080 227.5360 63
227.7920 228.0480 63
228.2720 228.3360 66
228.4960 228.6880 68
228.8480 229.2000 63
229.6800 229.9360 63
230.2560 230.3520 63
230.4800 230.6400 61
230.6720 231.2480 63
231.5680 231.8240 63
232.0800 232.1760 63
232.2080 232.5280 61
232.5600 232.9120 63
233.4880 233.5200 68
234.1600 234.3200 65
234.4480 235.0240 63
235.3120 235.5680 63
236.0160 236.2080 68
236.4960 236.6560 70
237.1680 237.4560 63
237.6800 237.8080 63
237.8400 238.0640 61
238.1920 238.7680 63
239.0560 239.3120 63
239.6000 239.6000 62
239.7920 240.1120 61
240.2720 240.4320 63
241.1040 241.1360 63
241.5200 241.6480 63
241.9680 242.0320 63
242.4480 242.6080 78
242.6400 242.8320 70
242.8640 242.8640 68
