19.8240 19.8560 71
19.8880 20.2080 72
20.7200 21.3600 67
21.3920 21.4240 66
21.7440 21.8720 61
25.4240 25.4560 59
25.4880 26.0640 60
26.1920 26.5440 60
26.7040 27.0880 60
27.1200 27.3760 59
27.4080 27.7920 60
27.8240 27.9200 61
27.9520 28.2400 60
28.2720 28.3680 59
29.0400 29.1360 55
29.3280 29.4560 62
29.4880 29.6480 64
29.8720 30.1600 64
30.3520 30.9600 62
31.1200 31.4720 60
33.7760 33.8400 56
33.8720 34.1280 58
34.3520 34.6720 58
34.8320 34.9920 58
35.1200 35.5360 58
35.5680 35.6640 57
35.6960 36.2080 58
36.2400 36.3360 60
36.3680 36.4320 59
36.4640 36.7840 58
37.7440 37.8720 61
37.9040 38.6400 62
38.6720 38.7040 61
38.7360 39.5680 60
39.6000 39.6960 62
39.7280 39.7920 60
39.8240 40.1760 58
42.1600 42.2560 59
42.4480 43.1200 60
43.2480 44.6560 60
44.6880 44.7840 62
44.8160 45.1680 60
46.1600 46.2880 62
46.3200 46.5440 64
46.7040 47.0560 64
47.0880 47.7920 62
47.9520 48.6560 60
50.7040 50.9920 58
51.2160 52.8160 58
52.9760 53.0720 58
53.1040 53.3280 59
53.3600 53.5840 58
54.8320 56.0160 60
56.1760 56.3040 62
56.3360 56.3680 61
56.4000 56.7840 60
56.9440 57.1040 60
58.2240 58.2880 60
58.8320 58.9280 62
58.9600 59.5360 64
59.7600 59.8560 64
60.9440 61.6480 62
63.1520 63.2160 64
63.2480 64.3680 65
64.4000 64.4320 66
64.4640 64.8480 67
64.8800 64.9440 65
64.9760 65.2640 62
65.2960 65.5200 64
65.5520 65.6800 63
65.7120 65.8080 62
65.8400 65.9680 60
66.2240 66.3200 60
66.3520 66.3520 58
66.4800 66.6080 57
66.6400 66.6720 56
66.7040 66.8640 55
67.2480 67.3120 62
67.3440 67.4080 64
67.5680 67.9520 64
69.4240 69.4880 66
69.5200 69.8400 67
70.3520 70.3520 60
70.8320 70.8960 63
70.9280 70.9600 62
71.0240 71.0880 62
71.3760 72.1760 60
72.2080 72.5920 58
72.6240 74.0000 60
74.1280 74.2240 60
75.6640 75.7600 62
75.7920 76.4000 64
76.4960 76.5600 63
76.5920 76.6560 64
76.9760 77.6480 67
77.8080 78.4160 62
78.5120 78.6720 62
79.6960 79.7600 64
79.9520 81.1680 65
81.2000 81.7120 67
81.9680 82.0640 63
82.0960 82.2880 64
82.4800 82.8000 60
82.9280 83.1840 60
83.2160 83.5040 57
83.6000 83.7280 54
84.6560 84.8160 64
84.8480 84.9760 67
85.0080 85.1360 62
85.1680 85.2320 59
86.4160 86.7680 62
86.9920 86.9920 57
87.1200 87.2800 55
87.5360 87.5360 67
87.5680 87.6960 69
87.9520 87.9840 64
88.0480 88.1760 64
88.3680 89.2000 60
89.5840 89.7760 60
89.8080 90.0960 65
90.1280 90.1920 62
90.3520 90.7360 64
90.8640 90.9920 64
91.1520 91.5360 64
91.6640 92.2720 63
92.3040 92.5920 60
92.6240 92.7200 57
92.7520 93.2000 55
93.8720 94.1600 58
94.1920 94.5440 60
101.1680 101.2320 57
101.2640 101.3920 59
101.4240 101.8080 60
101.9680 102.3200 60
102.4480 102.8640 60
102.8960 103.1200 59
103.1520 104.4960 60
105.6160 105.7120 61
105.7440 105.8080 60
105.8400 106.1280 64
106.1600 106.7360 62
106.8960 107.0560 60
109.5200 109.9040 58
110.1280 110.4800 58
110.6400 110.7360 58
110.8640 111.2800 58
111.4400 112.0160 58
112.0480 112.1440 60
112.1760 112.4960 58
112.5280 112.6240 61
112.6560 112.8480 62
113.0400 113.1680 61
113.5200 113.6480 60
113.6800 113.9360 62
114.0640 114.1600 61
114.1920 114.4480 62
114.4800 114.5760 61
114.6080 114.9280 60
115.1520 115.4400 60
115.4720 115.8240 59
115.8560 115.9840 58
116.0160 116.0800 55
116.9760 117.0400 57
117.0720 117.5520 58
117.5840 117.8720 60
117.9040 117.9680 59
118.2560 120.3680 60
120.4000 120.4320 61
120.4640 120.5600 62
120.5920 120.9120 60
121.1680 121.2640 60
121.4560 121.4560 60
121.6480 121.6800 62
121.7120 121.8080 63
121.8400 122.3520 64
122.4800 122.8640 64
122.8960 123.3120 65
123.3440 123.4400 64
123.4720 123.6320 63
123.6640 123.8240 64
123.8560 123.9520 63
123.9840 124.0480 62
124.0800 124.7520 60
124.7840 124.8160 58
124.8480 125.0400 56
125.0720 125.1040 58
125.1360 125.2320 59
125.2640 125.5520 60
125.5840 125.6480 59
125.6800 125.7120 58
125.7440 125.7760 57
125.8080 125.8720 56
126.4480 126.4800 57
126.5120 126.8320 58
126.9600 128.4320 58
128.4640 128.5280 59
128.5600 128.6560 62
128.7840 128.8480 61
128.8800 129.0400 62
129.0720 129.2320 61
129.2640 129.2960 59
129.3280 129.5840 58
130.6400 130.7040 58
130.7360 131.7280 60
131.9520 132.0160 62
132.1760 132.2400 60
134.1280 134.3200 57
134.5760 134.6400 61
134.6720 134.7040 63
134.7360 135.3440 64
135.3760 135.4400 62
135.4720 135.5040 63
135.5360 135.6640 64
136.1440 136.2080 66
136.2400 136.5920 67
136.7200 136.7840 61
136.8160 137.8720 62
137.9040 138.0320 61
138.3520 138.4800 64
138.5120 138.6720 63
138.7040 138.7680 61
138.8960 138.9600 62
138.9920 140.2400 65
140.2720 140.6240 67
140.6560 140.7200 65
140.7520 141.0400 62
141.0720 141.3600 64
141.3920 141.4560 63
141.4880 141.5840 62
141.6160 141.7120 60
141.7440 141.7760 59
141.9360 141.9680 59
142.0000 142.1280 60
142.1600 142.2560 56
142.2880 142.3840 57
142.4160 142.4480 56
142.4800 142.5440 55
142.5760 142.6400 54
142.7680 142.8960 53
144.1120 144.1120 51
144.5920 144.6560 55
145.2320 145.2640 60
145.2960 145.3920 61
145.4240 145.4240 65
145.4560 145.6160 67
146.0960 146.1600 61
146.5760 146.8640 62
147.1840 148.7840 60
148.8160 149.0400 62
149.0720 149.2320 65
149.2640 149.3280 71
149.3600 149.5200 68
149.5520 150.0960 65
151.5360 151.6000 63
151.6320 152.2080 64
152.2400 152.3360 62
152.3680 152.5280 64
153.5520 153.6800 61
153.7120 154.1280 62
154.2880 154.5440 62
155.6640 155.7600 51
155.7920 157.0080 53
157.1040 157.1040 53
157.1360 157.4240 55
157.7440 157.8720 63
157.9040 158.1280 64
158.2880 158.4480 63
158.4800 158.8000 60
158.8320 158.9920 61
159.0240 159.0240 56
159.1200 159.2800 57
159.4720 159.6000 55
160.1440 160.4000 52
160.8160 160.9440 62
160.9760 161.0080 59
161.7760 161.8720 61
162.1920 162.1920 59
162.2240 162.6080 62
162.8640 163.0240 62
163.5040 163.7600 64
164.0480 165.2000 53
165.4240 165.4560 53
165.5520 165.5520 53
166.0640 166.0640 62
166.0960 166.8000 65
166.9600 168.3360 64
168.3680 169.8080 69
169.8400 169.8400 67
169.8720 169.9680 65
170.0960 170.7360 65
171.1520 171.9200 60
172.1760 172.3040 60
172.3360 172.4640 57
172.4960 172.6880 56
172.7200 173.5520 55
173.5840 173.7120 56
174.8640 175.1840 56
175.4720 175.6000 60
176.1440 176.3360 64
176.9440 178.4480 60
178.4800 178.8320 59
179.2800 179.3120 58
179.3440 179.5040 59
179.6320 179.9520 60
180.1120 180.4000 60
180.6240 180.8800 60
180.9120 181.0080 58
181.0400 181.9680 55
191.0240 191.0880 62
191.2160 191.2800 65
191.3120 191.3440 66
191.3760 191.6640 67
191.6960 192.2080 65
192.2400 192.3360 63
192.3680 192.7200 64
193.3600 193.9360 66
193.9680 194.0320 65
194.1600 194.2880 66
194.6400 194.7360 66
194.7680 194.8640 65
195.3120 195.4400 60
201.2640 201.2960 59
201.3280 201.5200 60
201.5520 201.9360 62
201.9680 202.0640 65
202.0960 202.7360 66
202.7680 202.8640 65
202.8960 202.9920 67
203.0240 203.1520 66
203.1840 203.2480 62
203.3760 203.6960 69
203.7280 203.8880 67
203.9200 203.9520 66
204.1440 204.3040 68
204.3360 204.6560 64
204.8480 204.8800 63
204.9120 205.0080 65
205.0400 205.1360 67
205.1680 205.2000 66
206.1920 206.2880 65
206.3200 206.6720 67
207.0240 207.0240 67
207.0560 207.1840 62
207.2160 207.2480 66
207.2800 207.3440 67
207.4720 207.6000 68
207.6320 207.9200 69
207.9520 207.9840 67
208.0160 208.3040 64
208.4960 208.6560 66
209.3600 209.4880 62
209.5200 209.5200 59
209.6480 209.7760 58
209.8080 209.8080 56
209.9360 210.0640 56
210.3840 210.5440 53
210.5760 211.5360 54
212.5280 213.0720 64
213.2960 213.4880 64
213.5520 213.5520 64
213.8080 214.0320 66
214.0640 214.2880 64
214.3200 214.3840 62
214.4160 214.5120 64
214.5440 215.3440 62
215.3760 215.6640 59
215.8560 217.2960 62
217.3280 217.4240 64
217.4560 217.5520 59
217.5840 218.0960 62
218.3520 218.7040 59
218.8640 219.5360 66
219.7600 219.8560 66
220.9760 221.1680 64
223.0240 223.0880 63
223.1200 223.2160 66
223.2480 224.4960 67
224.5280 224.8480 69
225.1040 225.2320 65
225.2640 225.4560 66
225.4880 225.8400 64
225.8720 226.2880 62
226.3520 226.3520 57
226.4480 226.5760 59
226.8320 226.8960 56
227.1840 227.7920 66
227.8560 228.3040 66
228.3360 228.5920 63
228.8160 229.3280 62
229.3600 229.9680 64
230.0000 230.0640 62
230.0960 230.3840 64
230.4160 230.4800 66
230.6720 230.8960 67
230.9280 231.3760 65
231.4080 233.0400 62
233.1360 233.1360 61
233.2320 233.3920 62
233.4240 233.5520 64
233.7760 233.9040 67
233.9360 234.0640 62
234.0960 234.1280 60
234.4800 234.6400 60
234.6720 234.7360 62
235.1520 235.3440 59
235.6640 235.6960 64
235.7280 235.7600 65
235.7920 236.4000 66
236.4320 236.7840 65
236.9440 237.1360 59
237.1680 237.5840 62
237.8400 237.9040 62
237.9360 238.6080 64
238.6400 238.7040 65
238.7360 238.9920 66
239.0240 239.1200 67
239.8560 239.9840 65
240.0160 240.3040 67
240.4640 240.5600 67
240.5920 240.6560 65
240.6880 241.3280 67
241.3600 241.6800 69
241.7120 241.7440 67
241.7760 242.0640 65
242.0960 242.3200 66
243.1200 243.1520 62
244.3040 244.4000 67
244.4320 244.6880 66
244.7200 244.8160 69
244.9120 244.9120 65
245.5200 245.7120 71
246.2880 247.2800 64
247.4720 247.6320 67
247.7600 247.8560 64
248.0480 248.1120 64
248.2720 251.1520 62
251.1840 251.3760 66
251.4080 251.4400 62
251.6640 252.4000 62
252.5280 252.6240 64
252.6560 253.0400 66
253.5840 253.7120 65
253.7760 253.8400 66
254.3520 254.3520 63
254.7040 255.1200 65
255.3120 255.3760 64
255.6320 255.8880 65
255.9840 256.1120 64
256.6560 256.7840 65
256.8160 257.2000 67
257.6800 258.2880 67
258.3520 258.4160 69
258.8960 259.1200 66
259.3760 259.6320 64
259.7600 259.8240 66
259.8560 260.0160 62
260.2080 260.2720 59
260.5920 260.6880 57
261.0080 261.1680 54
261.3920 261.5520 55
261.6160 261.6480 54
262.1600 262.1600 55
262.1920 262.3520 58
262.3840 262.7040 62
262.7360 262.8960 64
263.0560 263.2800 63
263.4400 264.0480 63
265.0080 265.2000 64
265.6160 266.0960 62
266.2560 267.0880 62
267.1520 267.9200 62
268.0480 268.5600 62
