25.9040 26.2240 62
26.2560 26.5760 59
26.6080 27.0880 57
27.6960 27.7280 56
27.7600 27.9840 59
28.0160 28.3680 60
28.4000 28.7840 62
28.9760 29.1360 64
29.2640 29.3920 62
29.4240 29.5840 59
29.6160 29.8720 55
30.0320 30.1600 55
30.1920 30.4160 56
32.2080 32.4000 62
32.4320 32.7200 59
32.7520 33.2960 57
33.8400 33.9040 56
33.9360 34.1600 59
34.1920 34.4160 60
34.5440 34.6400 59
34.6720 34.9280 62
34.9600 35.2160 64
35.2480 35.5360 66
35.5680 35.8560 62
35.8880 36.9440 64
38.2240 38.5440 62
38.5760 38.8640 59
38.8960 39.4720 57
39.9200 40.4960 59
40.6560 40.7840 60
40.8160 41.2640 62
41.2960 41.4240 64
41.5520 41.6800 62
41.7120 41.9360 59
41.9680 42.5120 55
42.5440 42.8000 57
43.6640 43.7280 60
43.7600 43.9520 62
43.9840 44.3680 60
44.4000 44.9120 58
44.9440 45.6800 60
45.8720 45.9360 56
45.9680 46.0640 57
46.0960 46.8000 55
50.4800 50.6720 62
50.7040 50.9920 59
51.0240 51.5040 57
52.1440 52.9120 60
52.9440 53.2000 62
53.2320 53.3920 64
53.4240 53.7120 62
53.9680 55.1840 55
56.6560 56.8480 62
56.8800 57.2000 59
57.2320 57.8720 57
58.2880 59.0880 59
59.1200 59.3440 62
59.3760 59.6960 64
59.7280 60.0160 66
60.0480 60.2720 62
60.3040 61.6480 64
62.8000 62.9280 62
62.9600 63.3120 59
63.3440 63.7920 57
63.8240 64.3040 60
64.3360 64.4000 56
64.4320 64.6880 59
64.7200 65.2000 60
65.2320 65.4880 62
65.5200 65.6480 64
65.9040 66.1920 62
66.2240 66.2560 59
66.2880 67.2160 55
67.2480 67.3760 57
68.1760 68.2720 60
68.3040 68.5280 62
68.5600 68.8160 60
68.8480 68.8800 59
68.9120 69.4240 58
69.4560 70.1920 60
70.3200 70.3520 56
70.3840 70.5440 57
70.5760 71.3440 55
74.0640 74.2880 63
74.3200 74.9600 65
75.1200 75.7600 65
75.7920 76.3040 64
77.2640 77.3600 63
77.3920 77.7120 62
77.7440 78.0320 63
78.0640 78.2240 65
78.2560 78.4160 63
78.4480 78.9920 62
79.0240 79.0560 61
80.0800 80.0800 61
80.1120 80.1120 63
80.1440 81.0400 65
81.0720 81.8720 66
81.9040 82.3200 65
83.1200 83.4080 65
83.4400 83.5680 63
83.6960 83.8240 62
83.8560 83.9840 61
84.2080 84.9760 63
85.0080 85.1040 60
85.1360 85.2960 58
86.1280 87.4080 65
87.4400 87.6640 67
87.9520 88.3040 64
89.1680 89.4880 62
89.6480 90.2880 51
90.7040 90.8320 62
92.2720 93.6800 62
93.7760 94.5760 62
94.7040 94.8320 62
95.0560 96.1760 57
98.8000 98.8960 65
98.9280 99.0560 63
99.0880 99.8560 59
100.6240 100.7520 61
100.8160 101.0080 60
101.1040 101.7760 62
101.8080 101.9040 65
102.1600 102.2880 54
102.6400 102.8000 54
102.8320 102.9600 55
103.0560 103.3440 56
104.8160 105.1040 62
105.1360 105.6480 59
106.1600 106.3840 58
106.5760 106.7680 61
106.8000 106.8960 59
106.9600 107.4400 62
107.5680 107.6960 64
107.7280 107.8240 66
108.1760 108.3040 65
108.8800 109.2000 64
109.2320 109.3280 65
110.3840 110.6080 62
110.6400 110.7680 61
110.8000 111.2800 59
112.7840 113.2000 60
113.2320 113.4880 63
113.5200 113.7440 64
113.9040 114.0320 66
114.2880 114.4160 54
114.7360 114.9600 54
115.2480 115.4720 57
116.4000 116.4000 59
116.4320 117.0720 62
117.1040 117.2320 60
117.2640 117.3600 59
117.6160 118.1920 60
118.3840 118.8320 59
118.8640 119.3760 55
119.4080 119.6320 56
122.5120 122.5440 62
122.5760 122.7680 64
122.8000 122.9600 62
123.2480 123.3440 59
123.4720 123.5040 57
123.5360 124.4000 60
124.4320 125.0720 66
125.1040 127.3440 67
132.0160 132.2720 63
147.5040 149.9360 62
150.1280 150.4480 62
152.9760 153.3280 62
153.3600 153.6800 59
153.7120 154.3520 57
154.8000 155.0240 59
155.0560 155.6000 60
155.6320 155.9520 62
156.1120 156.2720 64
156.4320 156.5920 62
156.6240 156.7840 59
156.8160 156.8160 57
156.8480 157.0080 55
157.1680 157.3280 55
157.3600 157.4880 56
157.5200 157.5840 57
159.2800 159.4400 62
159.4720 159.7920 59
159.8240 160.4960 57
160.5280 160.6240 56
160.6560 160.8480 55
160.8800 160.9440 56
160.9760 161.1680 59
161.2000 161.6800 60
161.7120 162.0320 62
162.0640 162.0960 66
162.1280 162.3840 67
162.4160 162.5760 66
162.7040 162.8320 62
162.8640 162.9600 63
162.9920 163.9200 64
165.2640 165.5200 62
165.5520 165.8400 59
166.1920 166.4480 59
167.0560 167.1520 59
167.2800 167.5040 60
167.7600 168.2080 50
168.6240 168.7520 63
168.7840 168.7840 60
168.9440 169.0400 56
169.0720 169.2320 54
170.6720 170.8000 59
170.8320 170.8960 62
170.9280 171.0560 63
171.4720 171.5680 61
171.6000 171.6640 60
171.6960 171.7920 59
172.0160 172.0800 60
172.2080 172.5600 60
172.8480 173.2000 58
173.2320 173.2960 56
173.4880 174.0320 56
176.8480 177.0400 62
177.2320 177.2320 60
177.3600 177.7440 60
178.9920 179.3120 66
179.3440 179.6000 67
179.6320 179.9520 68
179.9840 182.7040 69
