21.0080 21.0400 53
21.0720 21.1040 54
21.1360 21.1680 55
21.2000 21.2640 56
21.2960 21.5840 57
21.6160 21.9040 54
21.9360 21.9680 56
22.0000 22.1280 57
22.1600 22.3200 59
22.4480 22.5760 57
22.7680 23.4720 57
24.8480 25.0080 54
25.0400 25.4560 57
25.4880 25.5200 55
25.5520 25.7440 54
25.7760 25.9680 57
26.0000 26.1600 59
26.3200 26.4480 57
26.6400 27.0880 57
27.1200 27.4080 59
27.4400 27.6320 58
28.7840 28.9120 53
28.9440 29.0720 55
29.1040 29.2640 56
29.2960 29.8720 57
29.9040 30.1280 59
30.1600 30.1920 58
30.2240 30.4160 57
30.6400 30.8000 57
30.8320 30.8640 56
30.8960 31.0560 55
31.1840 31.5040 54
31.5360 31.7280 55
31.7600 31.7920 56
31.8240 31.9840 57
32.1440 32.8160 55
32.8480 33.2000 54
33.3600 33.4880 55
33.5200 33.5840 56
33.6160 33.8720 57
33.9040 33.9680 56
34.0000 34.8320 55
36.3680 36.7520 55
36.7840 36.9440 54
37.0720 37.2960 55
37.4880 37.6800 55
37.7120 37.8720 57
37.9040 37.9680 56
38.0000 38.3520 55
38.4800 38.5760 55
38.6080 38.6720 54
38.7040 39.3440 50
39.3760 39.4400 51
39.4720 39.5360 52
39.5680 39.6000 53
39.6320 39.8560 54
39.8880 39.9200 55
39.9520 39.9840 56
40.0160 40.7840 57
40.9440 40.9760 57
41.0080 41.2960 58
41.3280 41.5840 54
41.6160 41.8400 52
42.0000 42.9600 50
44.8800 45.1040 50
45.2960 46.0000 50
46.0320 46.4480 52
46.4800 46.6720 54
46.8320 46.8960 52
46.9280 47.3120 54
47.3440 47.4080 53
47.8240 47.8880 52
47.9200 47.9840 53
48.0160 48.1120 55
48.1440 48.1760 54
48.3040 48.4320 52
48.4640 48.6560 54
48.8160 49.0720 55
49.2640 49.4240 52
49.4560 49.8080 54
49.8400 49.9040 53
49.9360 50.8320 50
50.8640 51.0560 51
51.0880 51.4080 52
52.2080 52.2400 53
52.2720 52.3040 54
52.3360 52.3680 55
52.4000 52.4320 56
52.4640 53.3280 57
53.3600 53.5200 59
53.5520 53.5840 58
53.6160 53.7760 57
53.9360 54.4160 57
54.4480 54.9600 56
56.0800 56.1760 54
56.3360 56.7200 57
56.7520 56.8480 55
57.0400 57.1680 57
57.2000 57.4240 59
57.4560 57.7120 57
57.8400 58.2880 57
58.3200 58.6720 59
60.0480 60.4640 55
60.4960 61.0720 57
61.1040 61.3920 59
61.4240 62.0320 62
62.0640 62.5120 64
62.5440 62.7680 66
62.8960 63.0880 64
63.1200 63.2480 62
63.4080 64.0480 62
64.0800 64.4000 59
64.5600 64.7200 62
64.7520 65.2320 64
65.2640 66.6720 62
67.7600 68.5920 62
68.7840 68.9760 62
69.0080 69.1040 64
69.1360 70.3520 62
70.3840 70.4800 59
70.5120 70.6400 57
71.3120 71.4400 57
71.6000 71.6320 63
71.6640 71.8880 65
71.9200 72.0480 64
72.0800 72.2400 62
72.2720 72.3360 59
72.3680 72.5600 57
72.5920 72.7520 62
72.7840 73.2000 64
73.2320 73.3920 66
73.4240 74.5440 62
75.0560 75.1840 57
75.2160 76.0160 59
76.0480 76.3360 61
76.5280 77.1040 62
77.1360 77.4880 64
77.5200 77.6480 65
77.6800 78.5120 66
78.9920 79.1520 65
79.1840 79.6320 67
79.6640 79.8560 64
80.0160 80.5600 64
80.8800 81.3280 57
81.3600 81.4240 60
81.4560 81.5200 64
81.5520 81.7760 67
81.9040 82.2880 66
82.4480 82.7680 74
82.9600 83.1840 66
83.4080 83.5040 65
83.6320 83.7920 67
84.1120 84.2720 66
84.9120 85.0720 61
85.3280 85.4880 62
85.5200 85.7440 64
85.7760 86.1920 62
86.2240 86.3840 59
86.4160 86.4480 60
86.4800 86.6720 61
86.7040 88.3040 62
88.6560 89.1680 59
89.2000 89.3280 67
89.3600 89.5520 69
89.7120 90.0320 67
90.1600 90.5440 66
90.6720 91.0560 67
91.0880 91.0880 64
91.1200 91.6000 59
91.6320 92.0480 62
92.0800 92.2720 64
92.3040 92.5280 66
92.5600 92.8480 67
93.0720 93.2640 58
93.2960 93.5840 59
93.6160 94.0320 62
94.0640 94.0960 63
94.1280 94.1920 64
94.2240 94.2560 65
94.2880 94.5120 66
94.5440 94.9280 67
95.0880 95.1520 65
95.1840 95.2800 66
95.3120 96.1760 64
96.4640 96.9440 57
96.9760 96.9760 60
97.0080 97.0080 62
97.0400 97.1040 64
97.1360 97.3600 67
97.5200 97.8720 66
97.9040 98.2560 62
98.2880 98.5120 64
98.5440 98.8320 66
99.0240 99.0240 66
99.2160 99.3440 67
99.3760 99.8880 66
100.3040 100.8160 54
100.8480 100.8480 56
100.8800 100.8800 58
100.9120 100.9120 60
100.9440 101.0400 62
101.0720 101.2640 64
101.4240 101.7760 62
101.9040 102.0640 59
102.0960 102.2560 61
102.4160 105.0720 62
105.7440 105.8720 59
105.9040 106.1280 62
106.3200 106.9600 59
106.9920 107.1520 57
107.3120 107.5040 57
107.5360 107.6640 60
107.6960 107.7280 61
107.7600 107.9840 62
108.0160 108.1440 59
108.5280 108.6880 60
108.7200 109.1680 62
109.2000 109.3280 64
109.5200 109.7440 65
109.7760 110.8640 66
110.8960 111.1520 64
111.1840 111.5040 63
111.5360 113.0720 64
114.6720 114.7360 54
114.7680 114.8320 55
114.8640 114.8960 56
114.9280 115.4720 57
115.6000 115.7600 57
115.7920 115.9840 59
116.0160 116.2080 57
116.3680 117.0080 57
117.0400 117.2000 56
118.5120 118.6080 54
118.7680 119.1520 57
119.1840 119.2160 55
119.2480 119.2800 54
119.4720 119.6000 57
119.6320 119.8560 59
119.8880 119.8880 57
119.9840 120.1440 57
120.3040 120.7200 57
120.7520 120.9760 59
121.0080 121.0400 58
122.4160 122.5760 54
122.6080 122.8000 55
122.8320 122.8640 56
122.8960 123.4720 57
123.5040 123.8240 59
123.8560 124.4640 62
124.4960 124.5280 63
124.5600 124.8800 64
124.9120 124.9440 65
124.9760 125.2000 66
125.3280 125.4880 64
125.5200 125.6480 62
125.8080 126.4480 62
126.4800 126.8000 59
126.9920 127.0560 62
127.0880 127.5680 64
127.6000 129.0080 62
129.0400 129.1680 60
130.1600 130.3200 67
130.6720 131.0240 62
131.2160 131.3440 62
131.3760 131.5360 64
131.5680 131.7280 62
131.8880 133.2640 62
133.8080 133.9360 57
134.0960 134.2560 66
134.2880 134.3200 69
134.3520 134.5120 73
134.5440 134.6400 74
134.6720 134.8000 67
134.8320 134.9920 66
135.0240 135.1200 65
135.1520 135.4720 64
135.5040 136.4320 62
136.7200 136.9760 64
137.5200 137.5520 59
137.5840 137.6800 58
137.7120 138.4160 59
138.4480 138.4800 60
138.5120 139.0880 61
139.1200 139.5040 62
139.5360 139.8880 64
139.9200 140.3680 66
140.4000 140.8160 69
140.9440 141.0080 70
141.0400 141.1360 69
141.1680 141.8400 71
141.8720 141.9680 72
142.0000 142.1280 71
142.1600 142.9280 69
142.9600 142.9920 68
143.2480 143.2800 69
143.3120 143.5040 70
143.5360 143.7920 71
143.8240 144.1760 69
144.3360 144.3680 64
144.4000 144.4320 65
144.4640 144.6560 66
144.9120 145.2320 74
145.3600 145.3920 66
145.4240 145.5200 67
145.5520 145.7120 66
146.6720 146.8000 66
146.8320 146.8640 65
147.2800 147.5680 54
147.7920 147.9200 62
147.9520 148.1120 64
148.1440 148.1760 63
148.2080 148.5920 62
148.7200 148.8800 59
148.9120 149.1680 61
149.2000 149.8080 62
149.8400 149.9360 63
149.9680 150.7360 62
150.7680 150.8640 61
151.1200 151.6000 59
151.6320 151.6320 61
151.6640 151.7280 66
151.7600 151.9840 69
152.1120 152.4640 67
152.5920 153.1360 66
153.1680 153.4880 67
153.5200 153.5200 65
153.5520 153.5840 63
153.6160 153.7760 58
153.8080 154.0000 59
154.0320 154.5120 62
154.5440 154.5760 63
154.6080 154.6720 64
154.7040 154.9280 66
154.9600 155.2800 67
155.5680 155.6960 57
155.7280 155.9520 59
155.9840 156.0160 60
156.0480 156.4960 62
156.5280 156.5920 63
156.6240 156.9440 66
156.9760 157.2640 67
157.5200 157.5840 65
157.6160 157.7120 66
157.7440 157.8400 64
157.8720 158.1280 63
158.1600 158.5120 64
158.5440 158.6080 63
158.9280 159.4400 57
159.4720 159.4720 59
159.5040 159.5680 65
159.6000 159.7920 67
159.9520 160.3360 66
160.3680 160.6560 62
160.6880 160.7200 63
160.7520 160.9120 64
160.9440 161.2960 66
161.3280 161.3600 63
161.9680 162.2880 50
162.8320 162.8640 53
162.8960 163.3120 54
163.3440 163.3440 56
163.3760 163.4720 62
163.5040 163.6640 64
163.8560 164.1440 62
164.3360 164.5280 59
164.5600 164.6880 61
164.8480 165.3920 62
165.4240 165.5200 63
165.5520 167.5360 62
168.1760 168.2400 59
168.2720 168.3360 60
168.3680 168.5600 62
168.7520 169.4240 59
169.4560 169.5520 57
169.7120 169.9360 57
169.9680 170.1280 60
170.1600 170.4160 62
170.4480 170.5440 59
170.6720 170.7360 59
170.9280 171.0560 60
171.0880 171.5680 62
171.6000 171.7280 64
171.9200 172.1440 65
172.1760 173.2320 66
173.2640 173.3280 65
173.3600 173.5520 64
173.5840 173.6160 63
173.6480 173.9040 62
173.9360 175.6640 64
178.9600 178.9920 61
179.0240 179.3440 62
179.3760 179.4080 61
179.4400 179.5680 60
182.6400 182.7360 62
182.7680 182.8320 63
182.8640 183.3120 64
183.3440 183.3760 65
183.4080 183.5360 66
183.5680 183.6000 65
183.7280 184.1120 59
184.1440 184.2080 60
184.2400 184.6560 62
184.6880 184.7520 61
185.6480 185.8080 58
185.8400 186.2240 59
190.6080 190.7360 64
190.7680 190.8320 65
190.8640 191.0880 66
191.1200 191.1840 63
191.2160 191.2800 60
191.4720 191.6000 59
191.6320 192.0160 62
192.0480 192.1440 59
196.8160 196.8800 65
196.9120 197.0400 67
197.0720 197.1360 69
197.1680 197.2960 68
197.3280 197.4240 70
197.4560 197.7440 71
197.7760 197.9040 70
197.9360 198.1920 69
198.2240 198.2560 70
198.2880 198.4160 71
198.4480 198.4480 67
198.4800 198.8960 65
198.9280 198.9600 63
198.9920 199.2160 61
199.2480 199.3760 59
199.4080 199.6320 62
199.6640 199.6640 60
199.6960 199.9200 57
199.9520 200.2400 58
205.7440 206.1920 57
206.2240 206.2240 59
206.2560 206.2560 61
206.2880 206.3840 64
206.4160 206.5760 67
206.7680 207.1520 66
207.2800 207.3760 62
207.5040 207.7600 64
207.7920 208.0800 66
208.5280 208.5920 67
208.8160 208.8480 66
209.7440 210.0000 54
210.0320 210.0960 55
210.2240 210.3520 62
210.3840 210.6080 64
210.6400 211.0560 62
211.0880 211.2800 59
211.3120 211.6000 61
211.6320 212.1120 62
212.6240 212.7520 62
212.8160 212.8800 62
213.0400 213.1680 62
213.5520 214.0320 59
214.0640 214.0640 61
214.0960 214.1600 66
214.1920 214.4160 69
214.5760 214.8960 67
214.9280 215.4400 66
215.5680 215.9200 67
215.9520 215.9520 65
215.9840 215.9840 63
216.1120 216.1760 59
216.2080 216.3040 60
216.3360 216.4640 59
216.4960 216.8480 62
216.9760 217.1040 65
217.1360 217.3920 66
217.4240 217.7120 67
217.9680 218.1280 57
218.1600 218.3200 59
218.4800 218.9280 62
218.9600 218.9920 63
219.0240 219.0880 64
219.1200 219.3760 66
219.4080 219.6960 67
219.8880 220.0160 66
220.0480 220.1440 65
220.1760 220.9440 64
221.3600 221.4560 56
221.4880 221.7760 57
221.8080 221.8080 59
221.8400 221.8720 62
221.9040 221.9680 64
222.0000 222.2560 67
222.4160 222.7680 66
222.8960 222.9280 62
222.9600 223.0880 63
223.1200 223.3760 64
223.4080 223.6960 66
223.8880 223.9840 65
224.0160 224.0800 66
224.1120 224.2720 67
224.3040 224.3680 66
224.4000 224.4320 65
224.5600 224.6560 64
224.6880 224.7200 65
224.7520 224.9440 66
224.9760 225.0400 65
225.0720 225.1040 62
225.2960 225.4240 53
225.4560 225.7760 54
225.8080 225.8080 56
225.8400 225.8400 60
225.8720 225.9360 62
225.9680 226.1280 64
226.3200 226.6400 62
226.6720 226.7040 60
226.7360 226.9280 59
226.9600 227.0880 61
227.2800 227.8240 62
227.8560 227.8880 63
227.9200 228.0480 64
228.0800 228.2400 62
228.4000 228.4320 62
228.4640 228.5280 63
228.5600 228.7200 65
228.7520 228.7840 64
228.8160 228.8800 63
228.9120 230.1600 62
230.6080 230.8000 60
230.8320 231.0240 62
231.1840 231.8560 59
231.8880 232.0480 57
232.1760 232.3040 57
232.3360 232.4000 58
232.4320 232.5600 60
232.5920 232.8800 62
232.9120 233.0400 59
233.1680 233.2320 59
233.4240 233.5840 60
233.6160 234.0640 62
234.0960 234.1920 65
234.3840 234.5760 65
234.6080 235.7920 66
235.8240 236.1440 64
236.1760 236.2080 63
236.2400 236.4640 62
236.4960 238.7040 64
238.7360 238.9920 63
239.0240 239.4720 64
239.5040 239.5360 63
239.5680 241.0080 62
242.3200 242.4800 60
242.5120 242.5440 61
242.5760 242.8320 62
242.8640 242.9920 61
243.0240 243.0880 59
243.1200 243.8240 58
243.8560 244.0480 56
244.0800 246.4800 54
