31.5040 31.6000 62
31.6320 31.6960 64
31.7280 31.7600 63
31.9520 32.1440 60
32.1760 32.2400 61
32.2720 32.5600 64
32.5920 32.6240 65
32.6560 32.9440 66
32.9760 33.0400 67
33.0720 33.5840 68
33.6160 33.8080 69
33.8400 35.1840 68
36.2400 36.3360 67
36.3680 36.5280 68
36.5600 36.9120 66
36.9440 36.9760 65
37.0080 37.2640 64
37.2960 37.3600 65
37.3920 37.6800 66
37.8080 37.9040 67
37.9360 38.1280 68
38.1600 38.4160 69
38.5760 38.6400 67
38.6720 38.8960 68
38.9280 39.1840 69
39.3760 39.5040 67
39.5360 39.6640 68
39.6960 39.7600 65
39.7920 40.0160 63
40.2080 40.4000 61
40.5920 40.7200 61
40.7520 40.8160 60
40.8480 41.9040 59
43.9840 44.2080 62
44.2400 44.2720 63
44.3040 44.4000 64
44.5600 44.8800 60
44.9120 44.9440 63
44.9760 45.2000 64
45.3280 45.5840 66
45.6160 45.6800 67
45.7120 45.9040 68
46.1280 46.1600 67
46.1920 46.2560 68
46.2880 46.4800 69
46.5120 47.6960 68
48.8480 48.9440 67
48.9760 49.1040 68
49.1360 49.1680 67
49.2000 49.5200 66
49.5520 49.5840 65
49.6160 49.9360 64
49.9680 50.0000 65
50.0320 50.4480 66
50.4800 50.5120 67
50.5440 50.8000 68
50.8320 51.0880 69
51.2160 51.3120 67
51.3440 51.5680 68
51.6000 51.8880 69
51.9200 52.2720 67
52.3040 52.5920 63
52.8160 53.0720 61
53.1040 53.2000 62
53.2320 53.2960 61
53.3280 53.3920 60
53.4240 54.0960 59
54.7680 54.8000 59
54.8320 54.8640 60
54.8960 54.9920 61
55.1200 55.3760 61
55.5680 55.6320 63
55.6640 55.6960 65
55.7280 55.8560 66
55.8880 55.9200 65
55.9520 55.9840 64
56.0160 57.0080 63
57.6800 57.7760 63
57.9360 58.1920 63
58.3200 58.5440 61
58.7360 58.7680 61
58.8000 58.8320 62
58.8640 59.1200 63
59.1520 59.3120 64
59.5040 59.6640 63
59.6960 60.5280 64
60.5600 60.5920 63
61.1680 61.2000 58
61.2320 61.3600 59
61.4880 61.5520 62
61.5840 61.6160 63
61.6480 61.8080 64
61.8400 61.8720 65
61.9040 62.5120 66
62.6720 62.8320 67
62.8640 63.3440 68
63.9200 63.9840 67
64.0160 64.0480 68
64.0800 64.2400 69
64.2720 64.3680 67
64.4000 64.5600 68
64.5920 64.8800 64
64.9120 64.9440 63
65.0720 65.3280 60
65.3600 65.3920 63
65.4240 65.6800 66
65.8400 65.8720 64
65.9040 66.0000 65
66.0320 68.7520 66
69.7760 70.0320 59
70.2240 70.3520 67
70.3840 70.5120 69
70.5440 70.8640 68
70.9920 71.1520 68
71.1840 71.4720 69
71.5040 71.5360 68
71.5680 71.6960 67
71.7280 72.0480 68
72.2400 72.4320 66
72.4640 72.5600 64
72.5920 72.6560 62
72.6880 72.8160 60
72.9440 74.8320 59
75.9520 76.2720 59
76.4960 76.5920 68
76.6240 76.7200 69
76.7520 77.0400 68
77.2640 77.2960 67
77.3280 77.3600 68
77.3920 77.5840 69
77.6160 77.7440 67
77.7760 78.0000 68
78.0320 78.0960 67
78.1280 78.3200 66
78.3520 78.3840 65
78.4160 78.7360 64
78.9920 79.1840 62
79.2160 79.2480 63
79.2800 80.7840 64
81.2320 81.2640 64
81.2960 81.5200 65
81.5520 82.0320 64
82.3840 82.4480 70
82.4800 83.4400 71
83.5680 83.6000 67
83.6320 83.6640 68
83.6960 83.8560 69
83.8880 84.0160 67
84.0480 84.3360 68
84.3680 84.4000 67
84.4320 84.5920 66
84.7840 84.9120 67
85.1680 85.5200 72
85.5520 86.2240 71
86.7040 86.8320 67
86.8640 86.9920 68
87.0240 87.1840 67
87.2160 87.3760 66
87.4080 87.4720 65
87.5040 87.6960 64
87.8880 87.9200 71
87.9520 88.0480 72
88.0800 88.6560 73
88.6880 88.7200 72
88.7520 89.3600 71
89.9040 89.9040 64
89.9360 90.0000 67
90.0320 90.1600 68
90.1920 90.3520 67
90.3840 90.5120 66
90.5440 90.5760 65
90.6080 91.3120 64
91.3440 91.4080 63
91.8880 92.0160 61
92.0480 92.1120 62
92.2400 92.3040 66
92.3360 92.3680 67
92.4000 92.5600 68
92.5920 92.9120 69
93.0400 93.1360 70
93.1680 93.4240 71
93.6800 93.7760 67
93.8080 93.9680 68
94.0000 94.1600 66
94.2880 94.6080 66
94.6400 94.6720 65
95.0240 95.2480 59
95.4400 95.4720 67
95.5040 95.5360 68
95.5680 95.7280 69
95.7600 96.1120 68
96.2400 96.3680 68
96.4000 96.7520 69
96.7840 96.8160 68
96.8480 96.9760 67
97.0080 97.2640 68
97.4560 97.6480 66
97.6800 97.7760 64
97.8080 97.8720 62
97.9040 98.0000 60
98.0320 98.0960 59
98.2240 100.2720 59
101.2640 101.5520 59
101.7760 101.8400 67
101.8720 102.0000 69
102.0320 102.3200 68
102.3520 102.5760 67
102.6080 102.6400 68
102.6720 102.8320 69
102.8640 102.9920 67
103.0240 103.2800 68
103.3120 103.3440 67
103.3760 103.5680 66
103.6000 103.6640 65
103.6960 103.8880 64
104.1440 104.3680 61
104.4000 104.4960 62
104.5280 105.6480 64
105.7760 105.8400 65
106.4160 106.5440 65
106.5760 106.7040 66
106.8320 107.1840 64
107.6320 107.7600 69
107.7920 108.6880 71
108.8480 108.8800 67
108.9120 108.9440 68
108.9760 109.1040 69
109.2640 109.2960 67
109.3280 109.6480 68
109.6800 109.8720 66
109.9040 109.9360 65
109.9680 110.1280 64
110.1600 110.1920 65
110.3840 110.4480 71
110.4800 110.5120 72
110.5440 110.6720 73
110.7040 110.7360 72
110.7680 111.4400 71
111.4720 111.5360 72
111.9840 112.0800 67
112.1120 112.2400 68
112.2720 112.4320 67
112.4640 112.6880 66
112.7200 113.0400 64
113.0720 113.1040 67
113.1360 113.1360 69
113.1680 113.2960 71
113.3280 113.3600 72
113.3920 113.9040 73
113.9360 114.6720 71
115.0560 115.2160 66
115.2480 115.2800 67
115.3120 115.4720 68
115.5040 115.6000 67
115.6320 115.7920 66
115.8240 115.8880 65
115.9200 116.5920 64
117.1040 117.1360 60
117.1680 117.2640 61
117.2960 117.4560 62
117.4880 117.5520 66
117.5840 117.6160 67
117.6480 117.8400 68
117.8720 118.1600 69
118.2880 118.3520 69
118.3840 118.4160 70
118.4480 118.6080 71
118.6400 118.7040 70
118.9600 119.4080 64
119.4400 119.5360 65
119.5680 119.7600 66
119.7920 119.9840 65
120.0160 122.1600 66
123.4720 123.5040 58
123.5360 123.6960 59
123.7280 123.7920 62
123.8240 123.8880 66
123.9200 123.9520 67
123.9840 124.1760 68
124.2080 124.4640 69
124.5920 124.7200 67
124.7520 124.9440 68
124.9760 125.0400 67
125.2640 125.5840 64
125.6160 125.6480 63
125.9040 125.9360 62
125.9680 126.2240 63
126.2560 126.4480 64
126.4800 126.7680 63
126.8000 129.2640 64
136.0800 136.1440 68
136.1760 136.2080 70
136.2400 136.4320 71
136.4640 136.7840 69
136.8160 136.9760 67
137.0080 137.3280 68
137.3600 137.4560 66
137.4880 138.0320 64
138.4800 138.5440 71
138.5760 138.6720 72
138.7040 139.2480 73
139.2800 141.0720 71
141.1040 141.1680 73
141.2000 141.2320 70
141.2640 141.3600 68
141.3920 141.5840 69
141.6160 143.6320 68
143.6640 143.6960 67
143.9840 144.3040 64
144.3360 144.4640 67
144.4960 144.6240 68
144.6560 144.8800 65
144.9120 147.7920 66
151.4720 151.6000 62
151.6320 151.7280 64
151.9520 152.1120 59
152.1440 152.1760 60
152.2080 152.2400 61
152.2720 152.3040 62
152.3360 152.3680 63
152.4000 152.5600 64
152.5920 152.6240 65
152.6560 152.9440 66
152.9760 153.0080 67
153.0400 153.2960 68
153.4240 153.5520 68
153.5840 153.7760 69
153.8080 155.1840 68
156.2080 156.2720 66
156.3040 156.3360 67
156.3680 156.4640 68
156.4960 156.5280 67
156.5600 156.9120 66
157.0400 157.2640 64
157.3920 157.6480 66
157.8080 157.8400 66
157.8720 157.9360 67
157.9680 158.1600 68
158.1920 158.4160 69
158.4480 158.4800 68
158.5120 158.6400 67
158.6720 158.9280 68
158.9600 159.2160 69
159.3440 159.6640 67
159.6960 160.0160 63
160.2080 160.7520 61
160.7840 161.8400 59
164.1760 164.2400 62
164.2720 164.4320 64
164.5600 164.8160 59
164.8480 164.9440 62
164.9760 165.1040 64
165.2640 165.5840 66
165.6160 165.6800 67
165.7120 166.2240 68
166.2560 166.4800 69
166.5120 167.8880 68
168.8160 168.8160 62
168.8480 168.8800 65
168.9120 168.9760 66
169.0080 169.1360 68
169.1680 169.5520 66
169.5840 169.9040 64
169.9360 170.5120 66
170.5440 170.8000 68
170.8320 171.1520 69
171.1840 171.3120 67
171.3440 171.6000 68
171.6320 171.9520 69
171.9840 172.1120 67
172.1440 172.3040 68
172.4320 172.6880 63
172.7200 172.7520 62
172.7840 173.1360 61
173.1680 173.2640 62
173.2960 173.3920 61
173.4240 174.0960 59
174.8000 174.8320 60
174.8640 175.2800 61
175.5360 175.6320 65
175.6640 175.9200 66
175.9520 175.9840 64
176.0160 177.0400 63
177.5840 177.6480 62
177.6800 177.9680 63
178.0000 178.0320 62
178.2880 178.5120 62
178.5440 178.7360 61
178.7680 178.8000 62
178.8320 179.0880 63
179.1200 179.4080 64
179.4400 179.6320 63
179.6640 180.0480 64
180.0800 180.1120 62
180.1440 180.1760 61
180.2080 180.2720 60
180.3040 180.6560 59
181.0720 181.3600 59
181.4880 181.5840 62
181.6160 181.8400 65
181.8720 181.9360 69
181.9680 182.7680 66
182.8000 182.8640 67
182.8960 183.1520 68
183.4720 183.6960 59
183.8240 183.9520 67
183.9840 184.0800 69
184.1120 184.2720 67
184.3040 184.5280 68
184.6560 184.8800 64
184.9120 185.2960 61
185.3280 185.3600 62
185.3920 185.4240 63
185.4560 185.6160 66
185.7760 185.9040 65
185.9360 186.9920 66
187.0240 187.0560 67
187.0880 187.5040 68
187.5360 189.0400 69
189.1680 189.2320 66
189.3920 189.9360 61
190.1600 190.2560 67
190.2880 190.4800 69
190.5120 190.8000 68
190.9920 191.0880 68
191.1200 191.4400 69
191.4720 191.6960 67
191.7280 192.0160 68
192.1760 192.3360 66
192.3680 192.4960 64
192.5280 192.5920 62
192.6240 195.1840 59
195.9520 196.2720 59
196.4960 196.5600 67
196.5920 196.7200 69
196.7520 197.0720 68
197.2960 197.5840 68
197.6160 197.7760 67
197.8080 198.0320 68
198.0640 198.3520 66
198.3840 198.7040 64
198.9600 199.2160 62
199.2480 200.5920 64
201.2000 201.5200 65
201.5520 202.0640 64
202.3840 202.4800 69
202.5120 203.4720 71
203.5040 203.5680 70
203.6000 203.7280 68
203.7600 203.9200 69
203.9520 204.0800 67
204.1120 204.3360 68
204.3680 204.4000 67
204.4320 204.6240 66
204.7840 204.9120 67
205.1360 205.4880 73
205.5200 206.2560 71
206.7680 207.1840 67
207.2160 207.3760 66
207.4080 207.4720 65
207.5040 207.6960 64
207.8880 207.9840 71
208.0160 208.0480 72
208.0800 208.6240 73
208.6560 209.2320 71
209.2640 209.3600 72
209.5200 209.5840 68
209.9360 210.0000 67
210.0320 210.2240 68
210.2560 210.3200 67
210.3520 210.5440 66
210.5760 210.6080 65
210.6400 211.2160 64
211.8560 212.1120 61
212.2400 212.2720 66
212.3040 212.5600 68
212.5920 212.9120 69
213.0400 213.1360 70
213.1680 213.3600 71
213.3920 213.5200 74
213.5520 213.5840 72
213.6160 213.7440 67
213.7760 213.9360 68
213.9680 214.0960 66
214.2560 214.6400 66
214.8320 215.1840 59
215.4080 215.5040 67
215.5360 215.7280 69
215.7600 216.0480 68
216.2080 216.3360 68
216.3680 216.6240 69
216.6560 216.7520 68
216.7840 216.9440 67
216.9760 217.2320 68
217.3920 217.5840 66
217.6160 217.7120 64
217.7440 217.7760 62
217.8080 217.8720 61
217.9040 218.0320 60
218.1600 219.0240 59
219.2160 219.5360 59
219.5680 219.7600 60
219.7920 219.9520 59
220.1440 220.4320 59
220.4960 220.5280 61
220.6240 220.6880 61
220.7200 220.7840 62
220.8160 220.9760 63
221.2960 221.2960 60
221.3600 221.3920 60
221.4240 221.5840 61
221.7760 221.8720 67
221.9040 222.0320 69
222.0640 222.5120 68
222.5440 222.6080 69
222.6400 222.6720 70
222.7040 222.8640 71
222.8960 222.8960 69
222.9280 223.0240 67
223.0560 223.2800 68
223.3120 223.3440 67
223.3760 223.5360 66
223.5680 223.6320 65
223.6640 223.8880 64
224.0800 224.3680 61
224.4000 224.4960 62
224.5280 224.8800 64
225.2640 225.5520 64
226.3840 226.4480 65
226.4800 226.5440 64
226.5760 226.7040 66
226.8640 227.2480 64
227.6640 227.6960 69
227.7280 228.6880 71
228.8800 229.1040 69
229.2640 229.6800 68
229.7120 229.8720 66
229.9040 229.9680 65
230.0000 230.2560 64
230.4160 230.5120 72
230.5440 230.7040 73
230.7360 230.7680 72
230.8000 231.6640 71
231.9840 232.1120 66
232.1440 232.2720 68
232.3040 232.4320 67
232.4640 232.6560 66
232.6880 232.7200 65
232.7520 233.0400 64
233.0720 233.1360 67
233.1680 233.1680 70
233.2000 233.3280 72
233.3600 233.9360 73
233.9680 234.7040 71
235.1840 235.2480 71
235.2800 235.3120 72
235.3440 235.4720 73
235.5040 235.7600 71
235.9200 236.1120 67
236.1440 236.2080 66
236.3680 236.5280 64
236.5600 236.7520 63
237.1360 237.2640 61
237.2960 237.4560 62
237.4880 237.5520 67
237.5840 237.8080 68
237.8400 238.1600 69
238.2880 238.3840 69
238.4160 238.6400 71
238.6720 238.6720 69
238.9600 239.4400 64
239.4720 239.5680 65
239.6000 239.7920 66
239.8240 240.0160 65
240.0480 242.1920 66
243.2480 243.3440 59
243.4720 243.6960 59
243.8880 243.9520 67
243.9840 244.2400 68
244.2720 244.5600 69
244.5920 244.7840 67
244.8160 245.0720 68
245.2000 245.2960 65
245.3280 245.7760 64
246.0960 246.3840 63
246.4160 246.5440 64
246.5760 246.8320 63
246.8640 248.8480 64
