4.5920 4.7520 60
4.7840 5.3600 62
5.3920 5.9360 60
7.1840 7.5680 61
7.6000 7.9520 63
7.9840 7.9840 60
8.2720 8.4640 60
8.4960 9.1360 62
9.1680 9.2000 61
9.2320 9.6480 60
11.3120 11.6960 55
11.7280 11.8560 60
11.8880 12.8800 62
13.0080 13.9040 59
13.9360 14.0960 58
15.1200 15.5360 59
15.6640 15.8240 59
15.8560 16.2720 60
19.9840 20.1760 60
20.2080 20.6240 62
20.6560 20.7200 61
20.7520 21.5520 60
22.6400 22.7040 65
22.7360 22.8960 62
22.9280 23.1520 63
23.1840 23.2800 62
23.3120 23.7920 60
23.8240 24.4640 62
24.4960 24.5280 61
24.5600 25.0400 60
26.8640 26.9920 55
27.1200 27.6640 55
28.0800 28.1120 59
28.1440 28.2080 60
28.2400 28.2720 61
28.3040 29.6800 62
29.7120 30.4800 60
30.5120 31.4720 59
31.5040 32.4320 60
35.0240 36.1120 67
36.2400 36.5280 60
36.5600 36.6560 61
36.9760 37.0720 65
37.1040 38.0640 67
38.1920 38.7040 60
38.9600 39.9520 67
40.0800 40.8160 60
40.8480 40.9760 65
41.0080 41.9040 67
42.0320 42.7040 60
42.7360 42.7680 63
42.8000 42.8960 65
42.9280 43.9520 67
44.6880 44.8480 66
44.8800 45.5200 67
45.5520 45.7760 69
45.9040 46.3200 60
46.4800 46.8320 60
47.0560 47.3440 60
47.3760 47.8880 62
47.9200 48.0480 63
48.1120 48.1120 62
48.2080 49.3280 60
49.6480 49.7760 62
49.8080 50.0640 64
50.0960 50.3840 61
50.4160 50.8320 62
50.9920 51.9840 64
53.5200 53.7120 60
53.7440 53.9360 62
53.9680 54.1280 63
54.1600 54.2240 62
54.2560 55.0560 60
57.3600 58.0960 62
58.1280 58.3840 60
58.4160 58.6400 61
58.6720 58.7680 60
58.8000 59.5360 57
59.5680 59.6640 59
59.6960 60.4320 60
60.9760 61.2320 58
61.2640 61.3280 60
61.3600 61.7760 62
61.9360 62.5120 61
66.0000 66.5440 62
66.7360 67.6640 60
68.9120 69.2960 63
69.3280 69.8720 60
69.9040 70.6400 62
70.6720 71.1520 60
72.8160 73.0720 55
73.2640 73.3600 60
73.3920 74.3520 62
74.3840 75.1200 59
75.2480 75.8560 57
76.3680 76.9120 55
77.3600 77.7120 57
77.7440 78.4480 60
81.0720 81.2320 56
81.4240 81.6160 60
81.6480 81.7440 62
81.9360 82.1280 62
82.2560 82.6400 59
82.6720 82.9920 60
83.1200 83.2160 59
84.2720 84.3680 50
85.2000 85.4560 53
85.9040 85.9680 59
86.0000 86.4800 60
86.9600 87.0560 56
87.7280 87.9200 55
88.1120 88.1760 63
88.2080 88.3360 65
88.5600 88.5600 63
89.2960 89.2960 62
89.4880 89.5840 65
89.8080 89.9040 60
90.3200 90.4800 62
91.7920 91.8240 62
91.8560 92.1120 63
92.1440 92.2400 65
92.4000 92.5600 61
92.5920 93.0720 60
93.1680 93.2960 61
93.4240 93.4880 60
96.2400 96.4000 60
96.5280 97.3600 67
97.4880 97.7120 67
97.7440 97.7760 65
98.4480 98.5760 65
98.6080 99.4080 67
99.5360 99.6320 64
99.6640 99.7600 61
100.1440 100.2080 60
100.2400 100.3040 61
100.3360 100.4320 62
100.4640 100.5600 65
100.5920 100.6240 67
100.6880 100.8800 67
100.9440 100.9440 67
101.0400 101.3920 67
101.5200 101.5200 63
101.7120 101.8080 59
102.0000 102.1920 60
102.2240 102.2560 62
102.2880 102.3200 63
102.3520 102.4160 65
102.4480 103.3120 67
103.3440 103.3760 66
103.4080 103.6640 61
103.9200 104.0160 60
104.0480 104.0480 58
104.4320 105.2640 55
105.4560 105.8720 60
105.9040 106.0640 59
106.2880 106.4800 55
106.6080 106.7680 55
106.8320 106.8320 55
106.9280 107.1200 57
107.3120 108.7840 60
108.9120 109.0720 62
110.0000 110.6720 60
111.0880 111.2800 62
111.4720 111.6640 62
111.6960 111.7600 60
111.9840 111.9840 53
112.4320 113.4240 52
114.9600 115.1520 60
115.1840 115.6640 62
115.6960 117.0400 60
118.3520 119.0560 55
119.0880 119.3120 62
119.4720 119.5680 59
119.6000 120.0160 60
120.1760 120.5280 57
120.9760 120.9760 57
121.1680 121.6800 57
121.8080 121.8720 57
122.3840 122.5760 56
122.7040 122.7680 59
122.8000 122.8320 62
122.8640 123.1200 64
123.1520 123.2480 65
123.7600 124.2400 65
127.2480 127.5040 59
127.5360 129.0720 60
129.1040 129.5200 59
129.5520 130.8000 60
130.8320 131.4720 59
131.5040 132.4640 60
132.7840 132.8480 58
132.8800 132.9760 57
133.1040 133.1360 57
133.1680 133.3280 58
133.3600 133.5520 59
133.5840 134.8640 60
134.8960 135.3440 59
135.3760 136.5280 60
136.8480 136.8800 58
136.9120 137.2640 59
137.2960 138.4800 60
138.7360 138.8960 65
139.0880 140.1760 67
140.3040 140.4640 60
140.6880 140.8160 65
140.8480 140.9760 67
141.1360 141.9040 67
141.9360 141.9360 65
141.9680 142.1280 61
142.1600 142.3520 60
142.3840 142.5760 61
142.6080 142.7040 65
142.8960 143.4720 67
143.5040 143.6000 66
143.7600 143.8240 65
144.5280 144.5920 64
144.8160 144.8160 65
145.0400 145.0400 67
145.2320 145.5200 67
145.5520 145.7120 65
145.7440 145.7760 62
145.8080 145.8720 60
146.4480 146.8640 67
147.0880 147.1200 66
147.1840 147.1840 66
147.2800 147.3120 67
147.6000 147.6640 60
147.6960 147.8240 59
148.4000 149.3600 55
149.6160 149.7440 59
150.0960 150.0960 62
150.3200 150.4160 65
150.7680 151.0240 67
151.0560 151.0880 63
151.3120 151.3760 64
151.5680 152.0480 60
152.2400 152.3040 63
152.3360 152.4000 65
152.6560 152.9120 67
152.9440 153.0400 64
153.1040 153.1040 64
153.3920 153.8720 60
154.0320 154.6080 60
154.6400 154.7680 61
154.8000 155.0240 62
155.6000 155.6320 63
155.8880 156.6880 60
157.3920 157.4560 64
157.4880 157.5200 63
157.5520 157.6800 62
157.7120 157.7760 60
158.0000 158.3840 53
158.4160 158.7040 52
158.7680 159.0560 52
159.0880 159.1520 51
159.4080 159.4720 50
161.0400 161.0720 59
161.1040 161.2000 60
161.2320 161.7120 62
161.7440 162.8000 60
164.8800 164.9760 62
165.0080 165.1040 65
165.1360 165.2960 63
165.3280 165.5840 65
165.6160 166.0320 60
166.0640 166.1280 62
166.1600 166.2560 61
166.2880 166.4160 58
166.4480 166.8000 57
166.8640 166.9920 57
167.0880 167.6640 57
168.6560 168.6880 59
168.7200 168.7520 60
168.7840 168.9120 62
168.9440 169.2320 63
169.6160 169.9040 59
169.9360 170.0320 60
170.2880 170.3200 61
170.3520 170.5120 60
171.5040 171.5680 60
172.2400 172.4960 56
172.5600 172.5920 57
172.6240 172.6560 59
172.6880 172.7520 60
172.7840 173.1360 62
173.1680 173.4240 64
173.4560 173.7440 63
174.0000 174.0640 61
174.0960 174.8320 60
175.3440 175.4720 60
175.8240 176.1760 60
176.4000 176.5600 58
176.5920 177.0080 59
177.0400 178.1600 60
179.1840 179.2480 60
179.4080 179.6000 60
180.2400 180.4000 62
180.4320 180.6240 64
180.6560 180.7200 63
180.7520 180.7840 62
181.0400 181.3920 60
181.4240 181.5520 59
181.5840 181.6480 58
181.6800 182.1280 57
182.3200 182.3840 58
183.0240 183.5040 60
184.1120 184.1440 60
184.1760 184.6560 62
185.0720 185.4240 60
185.8720 185.9680 65
187.1840 187.6640 64
187.8880 188.0800 63
188.1120 188.3040 64
188.3360 188.3680 63
188.7200 189.4880 60
190.1280 190.1920 60
190.9280 191.1840 60
191.4720 191.5360 60
191.5680 191.6320 61
191.9840 192.2400 64
192.6240 192.8160 60
195.9200 196.7520 60
196.7840 197.2640 62
197.2960 197.5200 60
198.3840 198.4480 60
198.6080 198.8000 60
199.4400 199.6000 62
199.6320 199.7600 64
199.7920 199.9840 63
200.1760 200.4960 60
200.5280 201.1680 62
201.2000 202.1280 60
203.0880 203.1520 60
203.6640 203.7920 60
203.8560 203.8880 60
