20.3360 20.3680 58
20.4000 20.8160 61
20.8480 21.2000 59
21.2320 22.0320 57
22.0640 22.1920 54
22.2240 22.3200 56
22.6080 22.6080 54
22.6400 23.0240 61
23.0560 23.4080 59
23.5680 24.1120 57
24.1440 24.6560 59
24.6880 24.6880 54
25.2640 25.3920 50
25.5200 25.6800 57
25.7120 26.0320 59
26.0640 26.2560 57
26.4160 27.1520 57
27.1840 27.1840 53
27.2160 27.6000 50
27.6320 27.9520 54
27.9840 28.4640 57
28.4960 28.5280 55
29.5200 29.5200 55
29.5520 29.5520 58
29.5840 29.5840 60
29.6160 29.7440 62
29.7760 29.8400 58
29.8720 30.1600 61
30.1920 30.3200 59
30.4480 30.4480 54
30.4800 30.7040 57
30.9920 31.4400 57
31.4720 31.5040 55
31.8560 31.8880 58
31.9200 32.2400 61
32.2720 32.2720 59
32.3040 32.3040 56
32.4960 32.7200 59
32.7520 32.9120 57
33.2000 33.8720 57
34.2240 34.4480 50
34.4800 34.5120 53
34.5440 34.8000 54
34.8320 35.2800 55
35.3120 36.0800 54
36.1120 36.4320 52
36.4640 37.0720 50
45.7440 45.9040 62
46.0320 46.1920 61
46.3200 46.4800 59
46.6080 47.4400 57
47.4720 47.4720 53
47.9200 47.9840 56
48.0160 48.0160 60
48.0480 48.4320 62
48.4640 48.4640 59
48.4960 48.6880 57
48.7200 49.1040 59
49.1360 49.5520 57
49.5840 50.3520 59
50.8960 51.0560 57
51.0880 51.4080 59
51.4400 52.5600 57
52.5920 53.0080 50
53.0400 53.3600 54
53.3920 54.0000 57
54.9600 54.9600 56
54.9920 55.3760 61
55.4080 55.8240 59
56.0160 56.1760 57
56.3360 56.6880 57
56.7200 56.7520 55
57.2320 57.2640 57
57.2960 57.7760 61
57.8080 58.1600 59
58.1920 58.8960 57
58.9280 59.0240 56
59.0560 59.0880 54
59.2160 59.2800 55
59.6000 59.6000 52
59.6320 59.6960 54
59.7280 60.6240 55
60.6560 61.2000 54
61.2320 61.3920 55
61.4240 61.4880 54
61.5200 61.5840 51
61.6160 61.7440 52
61.7760 62.5120 50
64.1440 64.1760 55
64.2080 64.2080 59
64.2400 64.4000 62
64.4320 64.5600 61
64.8160 65.0720 59
65.1040 65.8400 57
65.8720 65.9680 56
66.4480 66.4800 53
66.5120 66.5120 58
66.5440 66.7360 62
66.7680 66.9280 61
66.9600 67.0560 55
67.0880 67.3120 59
67.3440 67.9520 57
67.9840 68.4320 59
68.4640 68.4640 55
68.4960 68.4960 52
69.1040 69.2000 48
69.2320 69.3280 51
69.3600 69.3600 54
69.3920 69.5200 57
69.5520 69.8720 59
69.9040 70.9920 57
71.0240 71.3760 50
71.4080 71.8560 54
71.8880 72.4640 57
72.5600 72.5600 57
73.3600 73.3920 56
73.4240 73.5840 62
73.6160 73.6800 59
73.7120 73.9360 61
73.9680 74.2240 59
74.3520 74.5440 57
74.8320 75.1840 57
75.2160 75.2480 53
75.7280 75.7280 55
75.7600 75.7600 57
75.7920 76.2720 61
76.3040 76.5920 59
76.6240 76.7200 57
77.0400 77.6800 57
78.0640 78.0960 50
78.1280 78.2880 52
78.3200 78.3520 53
78.3840 78.5440 54
78.5760 79.0240 55
79.0560 79.8560 54
79.8880 80.1440 52
80.1760 80.3680 51
80.4000 80.7840 50
80.8160 80.8800 49
81.0720 81.2640 50
89.5840 89.5840 59
89.6160 89.8080 62
89.8400 90.0000 61
90.0320 90.2880 59
90.4800 91.2800 57
91.3120 91.3760 53
91.7600 91.8240 53
91.8560 91.8560 58
91.8880 91.8880 60
91.9200 92.0480 62
92.0800 92.3040 61
92.3360 92.6880 59
92.7200 92.9120 57
93.1680 93.2320 57
93.2640 93.2960 58
93.3280 94.0320 59
94.5440 94.6080 49
94.8000 94.8320 56
94.8640 94.9280 57
94.9600 95.2160 59
95.2480 95.3120 58
95.3440 96.4000 57
96.5920 96.8160 50
96.8480 97.1680 54
97.2000 97.8080 57
98.8000 99.2480 61
99.2800 99.2800 57
99.3120 99.3760 55
99.4080 99.6640 59
99.6960 100.4960 57
100.5280 100.5920 55
100.6240 100.6880 53
101.0720 101.0720 56
101.1040 101.1040 59
101.1360 101.2960 62
101.3280 101.4880 61
101.5200 101.5520 60
101.6800 101.7120 58
101.7440 101.8400 59
102.0320 102.7040 57
102.7360 102.8320 54
103.4080 103.4080 51
103.4400 103.5680 54
103.6000 104.4960 55
104.5280 104.6560 54
104.6880 104.7200 53
104.8480 104.9760 54
105.0080 105.1360 55
105.1680 105.2640 54
105.2960 105.4880 52
105.5200 105.6800 51
105.7120 106.2240 50
106.2560 106.2880 48
109.5200 109.5520 56
109.5840 110.9280 57
110.9600 111.0240 58
111.0560 111.1520 59
111.1840 111.2800 57
111.4400 112.5920 57
112.6240 112.6240 55
112.6560 112.7200 52
114.0960 114.1920 56
114.2240 115.3760 57
115.5680 117.2000 57
118.2880 118.3520 54
118.3840 118.4480 56
118.6400 120.2400 57
120.2720 120.4960 59
120.6560 120.7200 58
120.7520 121.3920 57
121.4240 121.4560 56
121.4880 121.5520 55
121.9040 121.9680 54
122.0000 122.8320 55
122.8640 122.9600 54
122.9920 123.3440 55
123.3760 123.7920 54
123.8240 124.0480 52
124.0800 124.0800 50
124.1760 124.5920 50
124.6240 124.8160 49
126.4160 126.4480 48
126.4800 126.7040 50
126.7360 126.8320 53
126.8640 127.0880 54
127.1200 127.5360 55
127.5680 127.8560 54
128.0160 128.3680 54
128.4000 128.7520 52
128.7840 129.9360 50
151.7920 151.8560 53
151.8880 151.8880 56
151.9200 152.3680 62
152.4000 152.7200 59
152.7520 152.8480 55
152.8800 153.5520 57
153.5840 153.6480 54
154.2560 154.3520 62
154.5440 154.8640 61
155.1200 155.2160 59
155.2480 155.5680 57
155.6000 156.3040 59
156.8800 156.9760 50
157.0080 157.0080 53
157.0400 157.2000 57
157.2320 157.5520 59
157.5840 157.7120 57
157.7440 157.9040 55
157.9360 158.7040 57
158.7360 158.7360 53
158.7680 158.9600 50
159.0880 159.1520 51
159.1840 159.5040 54
159.5360 160.1120 57
161.1360 161.5200 62
161.7120 161.9680 59
162.0000 162.8000 57
162.8320 162.8960 53
163.3760 163.4080 55
163.4400 163.7600 61
164.0160 164.2720 59
164.3040 164.6560 57
164.8160 165.2960 57
165.7760 165.7760 52
165.8080 167.0240 55
167.1520 167.6000 55
167.6320 167.9200 52
168.0480 168.7200 50
170.2880 170.2880 55
170.3200 170.3200 59
170.3520 170.8000 61
170.8320 171.2160 59
171.2480 171.9840 57
172.0160 172.0480 55
172.0800 172.0800 52
172.5920 172.6240 54
172.6560 172.6880 59
172.7200 172.8800 62
172.9120 173.0720 61
173.1040 173.3920 59
173.5840 174.0960 57
174.1280 174.6080 59
174.6400 174.6400 55
174.6720 174.6720 53
175.5360 175.6640 56
175.6960 176.0800 59
176.1120 176.2400 57
176.2720 176.4320 56
176.4640 177.2000 57
177.2320 177.2320 52
177.2640 177.5840 49
177.6160 177.6800 52
177.7120 178.0000 54
178.0320 178.3840 57
179.5680 179.5680 56
179.6000 180.0480 61
180.1760 180.4320 59
180.4640 180.6880 57
180.9760 181.2320 57
181.2640 181.2960 55
181.3280 181.3600 52
181.8720 181.9040 56
181.9360 182.2560 61
182.2880 182.2880 59
182.5120 182.7360 59
182.7680 182.8960 57
183.2800 183.7280 57
183.7600 183.7600 55
184.1760 184.3680 50
184.4000 184.4320 52
184.4640 184.7840 54
184.8160 185.2000 55
185.2320 186.0960 54
186.1280 186.2880 52
186.3200 186.4480 51
186.4800 187.0880 50
188.8160 188.8480 49
188.8800 188.9440 50
188.9760 189.0400 52
189.0720 189.1040 53
189.1360 189.4240 54
189.4560 189.9360 55
189.9680 190.5440 54
190.5760 190.6400 53
190.6720 190.9280 52
190.9600 190.9920 51
191.1200 191.6640 50
193.3920 193.4880 48
193.5200 193.5520 50
193.5840 193.7120 51
193.7440 194.0320 54
194.0640 194.3520 55
194.5120 194.7360 54
194.9280 195.1520 54
195.1840 195.3440 53
195.3760 195.7280 51
195.7600 196.5600 50
