7.9520 8.2400 58
9.2320 9.7760 54
9.8080 9.9680 55
10.0640 10.0640 56
10.2560 10.3520 56
12.3040 12.7520 54
18.0960 18.1600 64
18.3200 18.4160 62
18.4480 19.0240 61
19.0560 19.1200 62
19.1520 19.4720 63
19.5040 19.5360 64
19.5680 20.2720 65
21.4880 21.5520 64
21.6800 21.7760 62
21.8080 22.1280 61
22.3520 22.4160 61
22.4480 22.5120 62
22.5440 22.6080 63
22.8000 22.8960 63
22.9280 22.9600 64
22.9920 23.3440 65
23.9520 24.1760 63
24.2080 25.1360 61
25.2960 25.3280 61
25.3600 25.4560 62
25.4880 25.7440 63
25.7760 25.9680 62
26.0960 27.4400 61
31.6320 31.6960 65
31.8240 31.8880 63
32.0160 32.2400 61
32.5600 32.5920 62
32.6240 33.0720 63
33.1040 34.0000 65
35.0240 35.0880 65
35.2160 35.3120 62
35.3440 35.6640 61
35.8880 36.2400 62
36.2720 36.4640 63
36.4960 36.9120 65
37.4560 37.6480 63
37.6800 37.7120 62
37.7440 38.6080 61
38.7680 38.8960 61
38.9280 38.9920 62
39.0240 39.2160 63
39.2480 39.3120 62
39.3440 41.1680 61
41.3280 41.4880 61
44.4640 44.5280 53
45.1040 45.1360 53
46.2560 46.4160 55
48.5280 48.6560 65
48.6880 48.8160 66
49.0080 49.0720 65
49.4880 49.6160 66
49.6480 49.6800 67
49.7120 50.7360 68
50.8640 50.9280 69
51.7280 51.7920 60
51.8240 51.9200 61
51.9520 51.9520 63
51.9840 52.1120 65
52.1440 52.2720 66
52.3040 52.3360 67
52.3680 52.6560 68
52.6880 52.8480 67
52.8800 53.1360 68
53.1680 53.2960 69
53.3280 54.4480 70
55.2800 55.3760 60
55.4080 55.5680 61
55.6000 55.8240 63
55.8560 56.0160 61
56.1760 56.3040 66
56.3360 56.9760 68
57.0080 57.1040 67
57.1360 57.3920 68
57.4240 58.1920 66
58.2240 58.2880 67
58.3200 58.4160 68
58.8640 58.9600 63
58.9920 59.6000 61
59.6320 59.6640 62
59.6960 60.0480 63
60.0800 60.9440 65
61.1680 61.2320 55
61.2640 61.4240 54
62.2240 62.3200 62
62.3520 62.7680 61
62.9280 62.9600 61
62.9920 63.0560 62
63.0880 63.1840 63
63.3440 63.5040 63
63.5360 64.2080 65
64.5280 64.7840 63
64.8160 65.5840 61
65.8400 66.0000 61
66.0320 66.2560 63
66.2880 66.3200 62
66.3520 66.3840 61
66.6720 68.2720 61
71.0880 71.2160 54
73.9040 74.0000 63
74.0320 74.3200 65
74.3520 74.4480 63
74.4800 74.5120 62
74.5440 74.7040 61
74.7360 75.2800 63
75.3120 75.8240 65
75.8560 76.0480 64
77.2000 77.3600 61
77.3920 77.8400 63
77.8720 78.0640 61
78.0960 78.2240 63
78.2560 78.7040 65
78.7360 78.8640 64
80.4960 80.6560 59
80.6880 80.7520 63
80.7840 80.8160 64
80.8480 81.1040 65
81.1360 81.2000 63
81.2320 81.3280 62
81.4880 82.0320 63
82.0640 82.6080 65
83.7600 84.0480 66
84.0800 85.0400 68
85.0720 85.2640 69
85.2960 85.2960 66
85.3280 85.4240 64
85.4560 86.1280 65
87.3760 87.4720 64
87.5040 87.7600 65
87.7920 87.9520 63
87.9840 88.1760 62
88.2080 88.5280 63
88.6560 88.6880 63
88.7200 88.7520 64
88.7840 89.5200 65
89.5520 89.6160 63
89.9360 90.4480 63
90.4800 90.8000 65
91.1840 91.5040 64
91.5360 91.6640 63
91.7920 91.9520 62
91.9840 92.4000 63
92.4320 92.4960 62
92.5280 93.2960 61
94.0960 94.2880 63
94.3200 94.4800 65
94.5120 94.5760 63
94.8000 94.9920 62
95.0240 95.2160 63
95.2480 95.3440 65
95.8560 95.9520 63
95.9840 96.2400 65
96.2720 96.7520 66
96.7840 96.8160 67
96.8480 97.3280 68
97.5520 97.6480 67
97.6800 97.8720 68
97.9040 98.8000 66
99.7600 100.2080 54
100.2400 100.4000 57
100.5600 101.4240 70
102.8000 103.1520 66
103.1840 105.0400 68
105.9680 106.2880 65
106.3200 106.3840 67
106.4160 106.7040 68
106.7360 107.0560 69
107.0880 108.1440 70
109.3280 109.4240 59
109.4560 109.6160 61
109.6480 109.7760 63
109.8080 109.9680 62
110.0960 110.1280 62
110.1600 110.1920 65
110.2240 110.2880 66
110.3200 111.0560 68
111.0880 111.2480 67
111.2800 111.5040 68
111.5360 112.4000 66
112.8480 112.9760 62
113.0400 113.6480 61
113.6800 113.7120 62
113.7440 114.1600 63
114.1920 115.5680 65
116.3360 116.4320 62
116.4640 116.8480 61
117.0080 117.1040 61
117.1360 117.1680 62
117.2000 117.2640 63
117.4240 117.5840 63
117.6160 118.1280 65
118.6080 118.8320 63
118.8640 119.7280 61
119.9200 120.1120 61
120.1440 120.4000 63
120.4320 122.5760 61
122.6080 122.9280 62
122.9600 123.1520 61
127.6000 127.6000 64
127.6320 128.0800 66
128.3040 128.4640 64
128.4960 128.7200 65
128.7520 128.9440 66
128.9760 129.3920 65
129.4240 129.8080 63
129.8400 131.6640 61
131.7600 131.9200 63
131.9520 132.2400 65
133.2640 133.2640 60
134.0960 134.2240 58
134.2560 134.5440 59
134.6720 134.8320 65
134.8640 135.3440 66
135.3760 135.5040 65
135.5360 135.7600 66
135.7920 136.3040 65
136.4320 136.5600 63
136.5920 137.2640 61
137.3920 137.6160 56
137.6480 137.6800 60
137.7120 137.8720 61
137.9040 138.0640 60
138.0960 139.2160 61
139.3760 139.4080 61
139.6640 139.7280 65
139.7600 139.7600 63
139.9840 140.0160 63
140.0480 140.1120 66
140.1440 140.4000 68
140.4320 140.6560 66
140.6880 140.7840 67
140.8160 141.0080 68
141.0400 141.0720 67
141.1040 141.6800 66
141.7120 142.1920 65
142.2240 142.4480 66
142.5760 142.7360 66
142.9920 143.0880 61
143.1200 143.1840 62
143.3120 143.4400 66
143.4720 143.5040 67
143.5360 143.8560 68
143.8880 144.2720 67
144.3040 145.2960 66
145.3280 145.3600 65
145.4880 146.2240 61
146.2560 146.2880 62
146.3200 146.3200 64
146.3520 146.4800 67
146.6080 146.7680 68
146.8000 146.8640 67
146.8960 147.1520 60
147.1840 147.3760 62
147.4080 147.5360 63
147.5680 147.6640 64
147.6960 147.8560 62
147.8880 147.9520 63
148.2400 149.3280 61
149.3600 149.3920 60
149.7440 149.9040 57
150.6720 150.7360 69
150.7680 150.9600 68
150.9920 151.0240 67
151.0560 151.1520 66
151.1840 151.7280 67
151.7600 152.8160 66
153.3600 153.4560 61
153.4880 153.6800 62
153.7120 154.1280 61
154.1600 154.1920 66
154.2240 154.3200 67
154.3520 155.4080 68
155.4400 156.5920 66
157.7440 157.8400 68
158.0320 158.0320 68
158.1280 158.7680 68
158.8000 158.8320 67
158.8640 160.0480 66
160.1760 160.2400 66
160.8800 160.9120 66
160.9440 161.0400 67
161.0720 164.3680 68
164.4000 164.4320 69
164.4640 164.5280 70
164.5600 166.8000 71
166.8320 167.3120 69
167.7920 168.1440 69
168.5280 168.5280 61
168.5600 168.6560 64
168.6880 169.4880 66
169.5200 169.9040 69
169.9360 170.5760 65
170.7040 170.8640 64
171.7280 171.8880 60
171.9200 172.0480 64
172.0800 172.7200 66
172.7520 172.8800 69
172.9120 173.1680 71
173.2000 173.5520 69
173.5840 173.7120 67
173.8720 174.0320 70
175.0880 175.2800 61
175.3120 175.3120 63
175.3440 175.9520 66
176.1440 176.3040 67
176.3360 176.7520 69
176.7840 177.2960 65
177.3280 177.3600 69
177.3920 177.4560 72
177.4880 177.6800 74
177.7120 177.7760 72
177.8080 178.8000 69
179.0560 179.2160 69
179.2480 179.4720 71
179.6320 179.6640 65
179.6960 179.9840 66
180.2080 180.2720 60
180.6880 180.9120 67
180.9440 180.9760 69
181.0400 181.4560 69
181.4880 182.4480 71
182.4800 182.5440 68
182.5760 183.1200 71
183.5360 183.5680 60
183.6000 183.7280 62
183.7600 183.8560 63
183.8880 184.0480 66
184.0800 184.3040 67
184.3360 185.7440 69
185.9040 186.5440 64
186.8960 187.0560 61
187.0880 187.1200 64
187.1520 187.2160 65
187.2480 187.3440 66
187.3760 187.6320 67
187.6640 188.0160 69
188.0480 188.5600 75
188.5920 188.6880 77
188.7200 188.7840 76
188.8160 189.5840 74
189.8720 190.0000 73
190.0320 190.2880 74
190.3200 190.6080 72
190.6400 191.6640 71
191.6960 192.6240 69
192.6560 193.6480 67
194.1280 194.2560 63
194.2880 194.8000 62
194.8320 195.2800 64
195.3120 196.6560 66
196.6880 196.8160 63
197.4880 197.5840 63
197.6160 197.6800 61
197.7120 198.0320 62
198.1600 198.2240 62
198.2560 198.6080 64
198.6400 198.7040 65
198.7360 199.3760 66
199.5360 199.9840 64
200.0160 200.7520 62
201.1040 201.1360 61
201.1680 201.2960 62
201.3280 201.4880 64
201.5200 201.6800 62
201.9680 203.8560 62
207.8560 208.3360 62
208.3680 208.7840 64
208.8160 210.0320 66
210.7680 210.8640 63
211.0560 211.2800 66
211.3120 211.4080 64
211.4400 211.5680 67
211.6000 211.9520 69
211.9840 212.7200 65
212.7520 213.2320 64
213.2640 213.2960 61
213.3280 214.0640 59
214.8000 214.9600 62
214.9920 215.5040 64
215.5360 218.8000 62
221.3280 221.4560 64
221.4880 222.8960 62
223.1840 225.1040 62
