14.9280 15.1840 65
15.2160 15.3120 66
15.3440 15.4720 65
15.6320 15.9520 66
15.9840 16.0480 65
16.2400 16.5280 62
16.5600 16.6240 63
16.6560 16.7200 64
16.7520 17.0720 65
17.2320 17.7120 66
18.2240 18.3520 63
18.3840 18.5760 64
18.6080 18.7040 63
18.8640 19.0240 63
19.0560 19.7280 64
19.7600 19.8240 65
19.8560 20.1440 66
20.2720 20.4000 66
20.4320 20.4960 67
20.6880 20.7520 66
20.7840 20.8160 65
20.8480 20.9120 64
20.9440 21.0080 63
21.0400 21.5520 62
21.5840 21.6480 63
21.6800 21.7440 66
21.7760 21.8080 68
21.8400 22.4160 69
22.7040 22.7360 63
22.7680 22.8960 64
22.9280 22.9920 66
23.0240 23.2480 67
23.4720 23.6000 65
23.6320 23.8560 66
24.2720 24.4000 64
24.4320 24.4960 63
24.5280 24.5600 62
24.7200 25.1360 61
25.3280 25.8080 61
25.9360 26.4160 61
26.4480 27.0880 62
27.9200 28.0480 64
28.0800 28.1440 65
28.1760 28.2720 66
28.3040 28.4000 65
28.5600 28.7200 66
28.7520 28.7840 65
29.0080 29.2640 62
29.2960 29.3600 63
29.3920 29.4240 67
29.4560 29.5200 69
29.5520 29.7120 71
29.7440 29.7760 70
29.8080 30.3840 69
30.4160 30.4480 68
30.6080 30.8000 65
30.8320 30.9280 66
30.9600 30.9920 65
31.0240 31.4400 64
31.6000 31.7280 64
31.7600 31.8880 63
32.0480 32.3040 64
32.6560 32.7200 65
32.7520 32.7840 66
32.8160 33.0400 67
33.2000 33.2960 65
33.3280 33.8080 66
34.4480 34.5120 61
34.6400 34.7360 61
34.8960 35.1520 62
35.2800 35.6000 62
35.8240 35.8560 65
35.8880 35.9520 66
35.9840 36.1120 67
36.2720 36.3680 68
36.4000 36.6240 65
36.6560 37.1680 66
37.7760 37.9680 61
38.0960 38.7680 61
38.8960 38.9600 61
38.9920 39.1200 62
39.3120 40.0160 62
40.0480 40.0800 61
40.2400 40.4000 59
40.4320 40.4640 60
40.4960 40.5600 61
40.5920 40.8160 62
40.9440 41.2960 62
41.7440 42.5440 62
42.5760 43.0560 61
43.1840 43.3440 60
43.3760 43.7280 61
43.7600 43.9520 62
44.2080 44.3040 62
44.3360 44.4000 61
44.5920 44.6880 58
44.7200 44.8800 59
45.0080 45.3600 62
45.8400 46.0000 61
46.0320 46.0640 59
46.2240 46.4160 59
46.4480 46.5120 61
46.5440 46.7680 62
46.8000 46.8320 60
46.8640 46.9280 59
46.9600 47.0560 58
47.0880 47.2160 59
47.2480 47.3120 61
47.3440 47.5680 62
47.8240 47.8880 64
47.9200 47.9840 65
48.0160 48.1120 66
48.2400 48.5280 65
48.6880 48.9760 62
49.4880 50.0000 61
50.0320 51.0880 62
51.1200 51.6000 61
51.6320 51.9200 62
51.9520 52.0160 61
52.0480 52.1120 60
52.1440 52.6560 59
53.0720 53.2320 57
53.2640 53.2960 58
53.3280 53.4880 59
53.5200 53.5520 61
53.5840 53.7760 62
53.9360 54.2240 62
54.7360 54.8000 61
54.8320 55.5040 62
55.5360 56.0480 61
56.0800 56.1120 60
56.1440 56.2720 59
56.3040 56.3680 60
56.4000 56.8480 61
56.8800 57.2640 62
57.5520 57.6800 62
57.9360 58.2240 62
58.2560 58.3200 61
58.4800 58.6400 58
58.9600 59.0240 64
59.1840 59.3120 66
59.3440 59.4400 65
59.4720 59.7280 64
59.7600 59.8240 63
59.8560 60.0160 62
60.0480 60.1120 63
60.1440 60.1760 65
60.2080 60.8800 66
61.0080 61.0720 65
61.4240 61.4880 64
61.5200 61.9360 66
61.9680 62.3840 65
62.4160 62.4480 63
62.4800 62.9920 62
63.0240 63.1520 64
63.1840 63.5360 66
63.5680 63.8560 65
64.0480 64.4000 62
64.8480 65.0080 62
65.0400 65.4240 61
65.4560 65.5520 62
65.6800 65.7120 61
65.7440 66.7680 62
66.8000 66.8640 63
66.8960 66.9920 64
67.0240 67.3440 65
67.5040 67.8240 66
67.8560 67.9200 65
68.1440 68.4000 62
68.4320 68.4960 63
68.5280 68.6560 64
68.6880 69.0720 65
69.1040 69.6160 66
70.1600 70.6080 63
70.8000 71.2800 64
71.4080 71.6320 63
71.6640 71.7280 65
71.7600 72.0160 66
72.1760 72.4000 66
72.5600 72.6240 66
72.6560 72.8160 64
72.8480 73.5200 62
73.5520 73.5840 65
73.6160 74.0960 69
74.1280 74.3200 68
74.6400 74.7040 64
74.7360 74.8320 65
74.8640 74.8960 66
74.9280 75.1200 67
75.4720 75.7920 66
76.1760 76.3040 64
76.3360 76.4000 63
76.4320 76.4640 62
76.6240 76.9760 61
77.2320 77.6800 61
77.9040 78.3520 61
78.3840 78.9920 62
79.8240 79.9520 64
79.9840 80.0160 65
80.0480 80.1760 66
80.2080 80.3040 65
80.4640 80.6240 66
80.6560 80.6880 65
80.9120 81.0080 62
81.0400 81.1680 63
81.2640 81.2960 66
81.3280 81.3600 69
81.3920 81.4240 70
81.4560 81.5840 71
81.6160 81.6480 70
81.6800 82.3200 69
82.5120 82.9920 65
83.1200 83.2800 64
83.5680 83.8880 63
83.9200 84.1440 64
84.5280 84.5920 65
84.6240 84.9120 67
85.0720 85.6480 66
86.5440 86.6080 61
86.7680 87.0240 61
87.1840 87.5040 62
87.7600 88.0160 67
88.1440 88.2720 68
88.3040 88.4960 65
88.5280 89.1040 66
89.6800 90.0640 61
90.1920 90.6400 61
90.7680 90.9600 61
91.2160 91.3120 61
91.3440 92.2080 62
92.9120 92.9440 62
93.1360 93.2000 63
93.6800 93.7440 62
95.0880 95.2160 53
95.7280 96.2400 53
102.2560 102.5120 54
102.5440 102.7040 53
103.6000 103.6640 59
104.4000 104.5280 60
108.2400 108.4000 58
108.4320 108.5920 59
108.6240 108.9120 62
109.0720 109.3920 62
109.9040 110.6080 62
110.6400 111.1520 61
111.1840 111.4720 60
111.5040 111.9840 61
112.0160 112.5280 62
112.6880 112.8160 62
113.1040 113.2960 62
113.3280 113.3920 61
113.5520 113.8080 58
114.0960 114.1280 63
114.3200 114.4160 66
114.4480 114.8320 64
114.8640 115.2480 62
115.2800 115.6320 65
115.6640 115.8880 66
116.5600 116.6880 65
116.7200 117.0080 66
117.1360 117.2640 65
117.2960 117.4240 66
117.4560 117.4880 65
117.5200 118.0960 62
118.1280 118.1600 63
118.1920 118.3520 64
118.3840 118.5760 66
118.6080 118.9920 65
119.1840 119.5040 62
119.9840 120.1120 62
120.1440 120.9120 61
120.9440 122.5440 62
122.5760 122.6400 61
123.6640 123.7920 58
123.8240 123.9520 59
124.0800 124.3680 61
124.4000 124.7520 62
124.8800 125.1040 64
125.1360 125.1680 62
125.3600 126.8320 59
126.8640 126.9280 58
127.0560 127.3120 57
127.6000 127.6640 57
127.9840 128.2400 58
128.8160 129.6800 62
130.2240 130.5120 59
130.5440 130.8000 61
130.9600 131.2160 62
131.3440 131.7920 64
131.8240 131.8560 65
131.8880 132.5920 66
132.6240 133.2320 64
133.4240 133.5200 68
133.5520 134.2240 69
134.4800 134.5760 68
134.6080 135.0240 67
135.1520 136.3680 66
136.5600 138.1280 66
138.3200 138.3520 63
138.3840 138.4800 64
138.6080 138.7040 72
138.7360 139.2480 74
139.2800 139.3760 72
139.4080 139.7600 73
139.7920 139.8560 72
139.8880 140.6240 69
140.6560 140.6880 68
140.7200 140.8480 67
140.8800 141.1680 66
141.2000 141.2320 65
141.4240 141.4560 63
141.4880 141.5840 64
141.7120 141.7440 68
141.7760 142.4160 69
142.4480 142.4480 67
142.7360 142.8320 63
142.9600 143.0240 66
143.0560 143.2800 67
143.4720 143.6320 65
143.6640 143.9200 66
144.2400 144.4000 64
144.4320 144.4960 63
144.5280 144.5600 62
144.7520 144.7840 60
144.8160 145.1040 61
145.3280 146.0000 61
146.0320 147.1840 62
147.9200 148.0480 64
148.0800 148.1440 65
148.1760 148.4000 66
148.5600 148.7840 66
149.0720 149.2000 62
149.2320 149.3280 63
149.3600 149.3920 66
149.4240 149.4880 69
149.5200 149.5520 70
149.5840 149.6800 71
149.7120 149.7440 70
149.7760 150.3840 69
150.7680 150.8960 66
150.9280 150.9920 65
151.0240 151.3760 64
151.6640 151.8240 64
152.0160 152.3040 64
152.6560 152.7200 66
152.7520 153.0080 67
153.2640 153.3280 65
153.3600 153.7760 66
154.6400 154.7360 62
154.8960 155.1520 62
155.2800 155.4720 62
155.9520 156.0160 63
156.4960 156.5920 65
156.6240 157.1360 66
157.7440 157.8080 60
157.8400 158.0000 61
158.1280 158.1920 61
158.3520 158.7680 61
158.8960 158.9920 61
159.0240 159.1200 62
159.3120 159.4400 61
159.4720 160.6240 62
160.7520 161.0400 62
174.3200 174.5440 74
174.7040 174.9280 74
174.9600 175.0240 72
175.0560 175.0880 70
175.4080 175.4400 70
175.5040 175.6960 70
175.9200 176.4960 67
177.7440 178.0960 70
178.2880 178.9600 67
179.7280 179.9200 75
183.6320 184.6240 70
184.6560 184.8800 67
185.1360 185.2000 71
185.2320 185.4560 72
185.4880 186.4800 70
186.7360 186.8000 66
186.8320 186.9920 65
187.0240 187.3440 66
187.4720 187.7600 67
187.9520 188.2720 63
188.3040 188.5920 65
188.6240 188.8480 67
188.8800 189.2000 66
189.2320 189.5200 67
190.1280 190.1920 64
190.3200 190.4800 65
190.5120 190.5760 64
190.7680 190.8320 63
190.8640 190.8960 64
190.9280 191.0880 65
191.1200 191.6320 64
191.6640 191.6960 66
191.7280 192.0160 67
192.1760 192.3040 67
192.5600 192.6240 67
192.7520 193.0080 65
193.0400 193.1680 64
193.3600 193.4240 63
193.4560 193.5520 64
193.5840 193.6480 67
193.6800 194.3200 70
194.5760 194.7680 64
194.8000 194.8640 66
194.8960 194.9280 67
194.9600 195.1840 68
195.4400 195.7600 67
196.1440 196.2720 65
196.3040 196.3360 64
196.3680 196.4640 63
196.6560 196.9760 62
197.2640 197.8720 62
197.9680 198.3520 62
198.4800 199.1840 63
199.7920 200.0160 65
200.0480 200.2720 66
200.5600 200.5920 66
200.6240 200.6880 65
200.7200 200.8160 64
200.9440 201.0080 63
201.0400 201.0720 64
201.1040 201.2000 65
201.2320 201.2640 66
201.2960 201.3600 70
201.3920 201.4240 71
201.4560 201.5840 72
201.6160 201.8400 71
201.8720 202.2880 70
202.3200 202.3520 69
202.5120 202.6400 66
202.6720 202.8640 67
202.8960 203.2480 65
203.5680 203.6000 65
203.9520 204.0480 65
204.0800 204.1760 66
204.5600 204.6240 67
204.6560 204.9120 68
205.1040 205.6800 67
205.7120 205.7440 65
205.7760 205.8080 64
205.8400 206.0000 63
206.5440 206.6400 62
206.8000 207.1200 62
207.1520 207.2800 63
208.1760 208.5280 65
208.5600 208.9760 67
210.0000 210.5440 62
210.8000 210.8640 67
210.8960 211.0560 70
211.2800 211.3440 71
211.3760 211.4720 72
211.5040 211.5360 71
211.5680 212.2400 70
212.2720 212.3680 67
212.4000 212.7520 65
212.7840 214.8000 67
214.8320 214.9600 68
215.5680 215.7280 75
215.7600 215.8880 74
215.9200 215.9520 72
215.9840 216.0800 71
216.1120 216.2400 72
216.2720 217.2320 70
217.2640 217.6160 67
217.6480 219.1200 70
219.6960 220.6560 70
220.7840 220.8480 71
220.8800 221.0720 72
221.5200 221.7440 70
222.0960 222.2240 70
222.3840 222.5120 74
222.5440 222.7680 75
222.9920 223.1200 74
223.1520 223.1840 72
223.2160 223.5680 70
223.6000 225.4240 67
225.8720 226.1280 66
226.1600 227.4080 63
227.6000 228.0480 70
228.2400 229.1360 65
229.2640 229.4880 65
229.5200 230.2560 67
230.2880 230.4800 68
230.5120 232.0160 67
232.0480 232.1760 66
232.5280 232.5920 63
232.7520 233.0080 62
233.1360 233.3280 63
234.1920 234.4480 66
234.4800 234.9920 67
235.3440 235.4080 66
235.4400 235.5040 65
235.7280 235.9200 62
235.9840 236.0160 62
236.1760 236.5280 62
236.5600 236.6240 63
236.7520 236.7840 67
236.8160 236.8800 68
236.9120 236.9760 70
237.2960 237.4560 72
237.4880 237.5200 71
237.6480 239.2160 70
239.2480 239.2800 71
239.3120 239.4400 72
239.5680 239.6960 72
239.7280 240.0800 71
240.1120 242.3840 70
242.8000 243.9200 70
244.0800 244.1760 70
244.4640 244.7200 70
245.1680 245.5520 68
245.7440 245.9680 66
253.2640 253.3280 70
253.6160 253.9360 70
254.3520 254.5120 67
254.6080 254.7360 67
254.7680 254.8000 66
254.8320 254.8960 65
255.4080 255.6640 65
256.4640 256.4960 66
256.5280 256.7520 67
257.0720 257.3920 67
257.4240 257.6160 66
257.6480 257.7440 65
258.8320 258.9280 64
259.0560 259.2800 63
259.3120 259.3440 64
259.3760 259.4400 65
259.4720 259.6000 66
259.6320 259.7280 67
259.8240 259.8560 68
260.1440 260.3040 68
260.4640 260.6560 67
260.8160 260.9120 65
263.2800 263.7600 66
264.1120 264.2080 66
264.7200 265.1680 66
265.3600 265.6480 67
265.9680 266.3200 63
266.3520 266.5760 66
266.6080 266.8320 67
267.0240 267.3760 69
