21.3920 21.4240 64
21.4560 22.0320 65
22.0640 22.4160 64
22.4480 22.5120 63
22.5440 22.5760 61
22.6080 22.9600 60
23.1200 23.4400 60
24.0480 24.3360 57
24.3680 24.4640 58
24.4960 24.7200 59
24.7520 24.8800 58
28.1760 28.2080 64
28.2400 28.7840 65
28.8160 29.1040 64
29.1360 29.1680 63
29.4560 30.0640 60
31.1520 31.5040 59
31.5360 31.6320 58
31.6640 31.7600 57
33.9040 34.0000 56
34.0320 34.0640 57
34.0960 34.1600 58
34.1920 34.2240 59
34.2560 34.3520 60
34.5120 34.7360 58
34.8960 35.0880 58
35.1200 35.1840 57
35.6000 35.7600 59
35.7920 35.9520 60
36.2080 36.5600 58
37.3920 37.4560 59
37.4880 37.5840 61
37.6160 37.7440 62
37.7760 37.8400 61
37.8720 38.0640 60
38.2240 38.4480 60
38.4800 38.5440 59
38.6720 38.8640 58
38.8960 38.9280 59
38.9600 39.0240 60
39.0560 39.0880 61
39.1200 39.2800 62
39.3120 39.3440 61
39.3760 39.4720 60
39.6000 39.8560 60
40.7840 40.8160 57
40.8480 40.9120 58
40.9440 40.9760 59
41.0080 41.2320 60
41.2640 41.2960 59
41.3280 41.8720 58
42.0960 42.3200 57
42.5760 42.8000 54
43.8560 43.8880 54
43.9200 44.2080 55
48.4000 49.0080 65
49.0400 49.4880 64
49.7120 49.9360 60
50.0640 50.5120 60
51.4400 51.8240 59
51.8560 51.9840 58
55.1840 55.3120 64
55.3440 55.7280 65
55.7600 56.3040 64
56.4320 56.6240 60
56.8160 57.1680 60
58.0960 58.4800 59
60.9440 61.0400 56
61.0720 61.1680 58
61.2000 61.2320 59
61.2640 61.4240 60
61.4560 61.4880 59
61.5200 62.2240 58
62.6080 62.7680 59
62.8000 62.9280 60
62.9600 62.9920 59
63.0240 63.1200 58
63.2800 63.5040 58
64.4640 64.4960 60
64.5280 64.6240 61
64.6560 64.8160 62
64.8480 64.8800 61
64.9120 65.1360 60
65.2960 65.5200 60
65.7120 65.8400 58
65.9680 66.1280 60
66.1600 66.2880 62
66.3200 66.3520 61
66.3840 66.4800 60
66.6400 67.0240 60
67.9200 68.0160 59
68.0480 68.1760 60
68.2080 68.2720 59
68.3040 68.5280 58
68.6880 68.9440 58
69.0720 69.2320 60
69.3600 69.3920 60
69.4240 69.5200 61
69.5520 69.7440 62
69.7760 70.0000 64
70.3840 70.5120 64
70.5440 70.7360 65
70.7680 71.0560 64
71.2160 71.2800 64
71.3120 72.3040 65
72.3360 72.4640 66
72.4960 73.5840 67
76.3040 76.6880 65
76.7200 77.3600 67
77.3920 78.1600 65
78.3200 79.0240 60
79.1520 79.2480 58
79.6960 80.0160 65
80.0480 80.8160 67
80.8480 81.2640 65
81.3920 81.5520 65
81.7120 82.0640 60
82.2880 82.4480 60
82.4800 82.5120 59
82.5440 82.7360 58
83.1520 83.3120 69
83.3440 83.5040 67
83.5360 83.8240 69
83.9840 84.2080 69
84.2400 84.4000 67
84.4320 84.6560 69
84.8160 85.0400 69
85.0720 85.2000 67
85.2320 85.5520 69
86.1920 86.3520 65
86.3840 86.9920 67
87.0240 87.2800 68
87.4080 87.6000 68
87.6320 87.8240 67
87.8560 88.1120 68
88.3040 88.9440 67
89.1360 89.3280 65
89.4560 89.5840 61
90.0320 90.1920 65
90.3520 91.1200 67
91.1520 91.5680 65
91.7280 91.8880 65
92.0160 92.3680 60
92.5600 92.7200 60
93.4240 93.5520 65
93.7440 93.8400 66
93.8720 94.5120 67
94.5440 95.2480 65
95.2800 95.3440 62
95.3760 95.8560 60
95.9840 96.1760 60
96.2080 96.3680 58
96.8480 97.0720 69
97.1040 97.3280 67
97.3600 97.8720 69
98.0000 98.1600 67
98.1920 98.4160 69
98.6080 98.8000 69
98.8320 98.9600 67
99.1840 99.3120 69
99.9200 100.1120 65
100.1440 100.7840 67
100.8160 101.3600 68
101.4880 101.5520 67
101.7120 101.9360 68
102.0640 102.0640 69
102.0960 102.2240 71
102.2560 102.4480 72
102.4800 102.7040 70
102.7360 102.7360 67
102.7680 103.5360 65
103.5680 103.7920 67
103.8240 103.9840 65
104.0160 104.2080 67
104.2400 105.2960 65
118.0320 118.0640 63
118.0960 118.1600 64
118.1920 118.6080 65
118.6400 119.0560 64
119.2800 119.4720 60
119.6320 120.0800 60
120.8800 121.3920 59
124.6240 124.7200 63
124.7520 125.2000 65
125.2320 125.3600 64
125.4880 125.7440 64
125.7760 125.8080 63
125.9360 126.1280 60
126.3200 126.7680 60
128.0160 128.2080 57
128.4320 128.5920 59
128.6240 128.7840 60
128.8160 128.8480 59
128.8800 128.9440 58
128.9760 129.1360 57
130.4800 130.5440 58
130.5760 130.6720 59
130.7040 130.8640 60
130.8960 130.9280 59
130.9600 131.6320 58
131.9840 132.1440 59
132.1760 132.2720 60
132.3040 132.3680 59
132.4000 132.4640 58
132.6240 132.8480 58
133.8400 133.9680 61
134.0000 134.1600 62
134.1920 134.2560 61
134.2880 134.5120 60
134.6400 134.8320 60
134.8640 134.8960 59
135.0880 135.1840 58
135.3120 135.4720 60
135.5040 135.6960 62
135.7280 136.3680 60
137.2640 137.3920 59
137.4240 137.5200 60
137.5520 137.5840 59
137.6160 137.8720 58
138.0320 138.2240 58
138.3840 138.5440 60
138.6720 138.8000 61
138.8320 138.9920 62
139.0240 139.0560 63
139.0880 139.3120 64
139.6320 139.7600 64
139.7920 140.0160 65
140.0480 140.3040 64
140.4960 140.5600 64
140.5920 140.8480 65
140.8800 141.0720 64
141.1040 141.3920 65
141.5200 142.8960 67
143.8560 144.2080 65
144.2400 144.8800 67
144.9120 145.3600 65
145.4880 145.6480 65
145.8080 146.4800 60
146.6400 146.7040 58
147.2160 147.6000 65
147.6320 148.2400 67
148.2720 148.3360 66
148.3680 149.0400 65
149.2320 149.4880 60
149.7440 149.9040 60
149.9360 149.9680 59
150.0000 150.1600 58
150.5760 150.7040 69
150.7360 150.9920 67
151.0240 151.2480 69
151.4080 151.5680 69
151.6000 151.8240 67
151.8560 152.4640 69
152.4960 152.6880 67
152.7200 153.1040 69
153.5840 153.7120 65
153.7440 154.3840 67
154.4160 154.6720 68
154.8000 155.2160 67
155.2480 155.5040 68
155.6640 155.7920 67
155.8240 155.9840 68
156.0160 156.3360 67
156.4960 156.6880 65
156.7200 156.9760 60
157.3600 157.4880 65
157.6480 158.4480 67
158.4800 158.8960 65
159.0240 159.2160 65
159.3440 159.6960 60
159.8880 160.0480 60
160.1760 160.3360 58
160.7520 160.8480 65
161.0080 161.0400 65
161.0720 161.4240 67
161.5520 161.7440 67
161.7760 162.5760 65
162.6080 163.1200 60
163.2480 163.4720 60
163.5040 163.6320 63
163.6640 163.7920 65
164.1120 164.3040 69
164.3360 164.7840 67
164.8160 165.1360 69
165.2640 165.6160 67
165.6480 166.0640 69
166.0960 166.5760 67
166.6080 166.7680 69
167.0880 167.2800 65
167.3120 167.4400 67
167.4720 167.6960 68
167.7280 167.8880 67
167.9200 168.5280 68
168.5600 168.7520 67
168.7840 169.0720 68
169.2000 169.2320 69
169.2640 169.3600 71
169.3920 169.6480 72
169.6800 169.8400 70
169.8720 170.6080 65
170.6400 170.8640 67
170.8960 171.0560 66
171.0880 171.2800 67
171.3120 173.1680 65
173.6160 173.9680 72
174.0000 174.0960 70
174.1280 175.2800 69
175.3120 176.6240 67
176.6560 176.9760 65
177.0080 177.2000 67
177.2320 177.4560 65
177.4880 177.6800 70
177.7120 178.7040 72
178.7360 179.6000 70
179.9200 180.4000 65
180.4320 180.6880 67
180.7200 180.8160 72
180.8480 181.0080 67
181.0400 183.2160 69
183.2480 183.3760 66
183.4080 183.4720 67
184.3680 184.4640 62
184.5920 184.7840 60
184.8160 185.3920 62
185.4240 185.6160 60
185.6480 186.1600 62
186.2880 186.3840 62
186.5120 186.7360 62
186.7680 187.0240 65
187.0560 187.1200 67
187.1520 187.8880 64
187.9200 188.2400 62
188.2720 188.4640 64
188.5920 188.7200 64
188.7520 188.9760 62
189.0080 189.7440 64
189.8720 189.9680 64
190.1280 190.1600 65
190.1920 190.4160 67
190.7040 190.8960 65
190.9280 191.1840 67
191.2160 191.2800 68
191.3120 191.8560 69
191.9840 192.0480 70
192.0800 192.2080 69
192.2400 192.6240 67
192.6560 192.6880 68
192.7200 192.7520 70
192.7840 192.9760 68
193.0080 193.8400 69
194.1280 194.5760 67
194.7040 194.8640 57
194.8960 195.1520 58
195.3120 195.3120 65
195.3440 195.5040 71
195.5360 195.9200 72
195.9520 196.1760 67
196.2080 196.3680 69
196.4000 198.8960 67
201.2960 201.6800 65
201.7120 202.3840 67
202.4160 202.7680 65
202.9920 203.1200 65
203.1520 203.1520 63
203.3440 203.7280 60
203.8560 204.0160 60
204.1760 204.3040 58
204.7520 205.1040 65
205.1360 205.4240 67
205.5520 205.7760 67
205.8080 206.2240 65
206.4160 206.5440 65
206.7360 207.0880 60
207.2800 207.5360 60
208.1760 208.3680 69
208.4000 208.6560 67
208.6880 208.8800 69
209.0400 209.2000 69
209.2320 209.5520 67
209.5840 210.0320 69
210.0640 210.3840 67
210.4160 210.6720 69
210.9600 211.0240 68
211.0560 211.2160 65
211.2480 211.9840 67
212.0160 212.2400 68
212.2720 212.3680 69
212.4000 212.5600 68
212.5920 212.7520 67
212.7840 213.0720 68
213.1680 213.3280 67
213.3600 213.5200 68
213.5520 213.8720 67
214.0640 214.2240 65
214.3520 214.4480 61
214.7360 214.8320 68
214.8640 215.0560 65
215.1840 215.3120 65
215.3440 215.9520 67
215.9840 216.4320 65
216.5920 216.6880 65
216.8160 217.2000 60
217.4560 217.5840 60
217.7120 217.7760 60
218.3200 218.4160 65
218.5760 219.2480 67
219.4080 220.1120 65
220.1440 220.2080 62
220.2400 220.5280 60
220.5600 220.6560 61
220.7840 221.0080 72
221.0400 221.2320 67
221.2640 221.3920 69
221.6480 221.7120 71
221.7440 221.9040 69
221.9360 222.2560 67
222.2880 222.7360 69
222.8640 223.0880 67
223.1200 223.6000 69
223.6320 223.9520 67
223.9840 224.2400 69
224.5920 224.7840 65
224.8160 225.0080 67
225.0400 225.2320 68
225.2640 225.4240 67
225.4560 226.0960 68
226.1280 226.2880 67
226.4480 226.7360 68
226.7680 227.1840 72
227.2160 227.3440 70
227.3760 228.2080 65
228.3360 228.4000 65
229.7120 229.7440 65
229.7760 229.8720 66
229.9040 230.1280 67
230.1600 230.3520 65
230.3840 230.5760 67
230.6080 231.4080 65
234.4480 234.5760 68
234.6080 235.4080 69
235.4400 236.5600 67
237.7440 237.9040 63
237.9360 238.3200 65
238.3520 239.5360 64
