5.8720 5.9360 61
5.9680 6.8320 62
7.0240 7.5360 62
7.5680 7.7600 65
7.7920 7.9200 64
7.9520 8.3040 65
8.4320 8.5280 62
8.8160 9.0400 57
9.0720 9.2640 58
9.2960 9.2960 60
9.3280 9.4240 62
9.6160 9.8080 62
9.9360 10.0000 62
10.8320 10.8320 63
10.8640 11.1200 65
11.2800 11.9200 62
12.1440 12.4960 57
12.5280 12.5920 60
12.6240 12.7520 62
12.7840 12.8160 61
12.9760 13.0080 61
13.0400 13.2640 62
13.2960 13.2960 59
14.1600 14.2240 61
14.2560 14.3840 62
14.5440 14.6720 62
14.8000 15.3120 62
15.6320 15.8240 62
15.8560 15.8560 64
15.8880 16.5280 67
16.5600 16.7840 68
16.8160 16.9120 67
17.2960 17.3920 67
17.4240 17.4240 69
17.4560 17.8080 73
17.8400 18.2240 69
18.3840 18.6080 65
18.7360 18.9600 61
19.2160 19.4400 57
19.4720 19.5360 59
19.5680 19.7280 61
19.8880 19.9840 62
20.4000 20.7200 62
20.8480 21.1360 65
21.3280 21.7440 62
22.6400 22.7040 63
22.7360 22.9600 65
23.0880 23.1840 61
24.1760 24.3040 62
24.3360 24.4960 65
24.7520 25.0080 65
25.1360 25.2320 63
25.5840 25.8720 57
25.9040 25.9680 58
26.0000 26.2880 62
26.4480 26.5440 62
27.6320 27.7600 60
27.7920 27.9840 62
28.1120 28.5600 62
28.5920 28.8480 65
28.9760 29.0400 62
29.2000 29.3920 62
29.4240 29.5200 66
29.6800 30.4800 67
30.8000 30.8640 67
31.0240 31.1200 72
31.1520 31.2800 73
31.4400 31.4720 68
31.5040 31.6640 69
31.6960 31.7280 68
31.8560 32.0480 65
32.0800 32.1120 64
32.2720 32.3360 62
32.3680 32.4000 61
32.7200 32.7520 56
32.7840 32.8800 57
32.9120 33.0080 58
33.1360 33.5520 61
33.5840 34.6720 62
34.8320 34.9280 62
39.6320 39.6960 61
39.7280 39.9840 62
40.1120 41.3920 62
41.4240 41.5520 65
41.5840 41.6160 62
41.7760 41.8080 64
41.8400 42.1280 65
42.1600 42.3200 62
42.5120 42.6080 67
43.0880 43.1200 61
43.1520 43.2160 62
43.3440 43.4080 60
43.4400 43.6000 62
44.6880 44.7200 63
44.7520 44.7840 64
44.8160 44.9760 65
45.2960 45.2960 62
45.5520 45.7760 62
46.0320 46.2880 57
46.4160 46.4800 60
46.5120 47.0240 62
47.9200 47.9840 67
48.0160 48.6240 62
48.7520 49.2960 62
49.6480 49.8080 62
49.8400 50.3840 67
50.5120 50.8640 67
51.2800 51.3440 67
51.4720 51.5360 72
51.5680 51.7280 74
51.9200 51.9520 68
51.9840 52.2400 69
52.4000 52.6560 64
52.7840 52.8800 62
52.9120 52.9440 60
53.2640 53.4880 57
53.5200 53.5840 59
53.6160 53.9040 61
53.9360 54.0960 62
54.7040 54.7680 61
54.9280 54.9920 63
55.0240 55.1840 65
55.4080 55.5360 61
55.5680 55.6960 62
55.7280 55.8560 61
56.6560 57.0080 65
57.0400 57.2320 61
58.3200 58.3840 63
58.4160 58.5440 65
58.8000 59.0560 65
59.1840 59.4080 62
59.6320 60.0160 58
60.0480 60.2720 62
60.4960 60.6240 62
61.6800 62.4160 62
62.5440 62.8320 65
62.9920 63.0880 62
63.2480 63.4400 62
63.7280 64.5280 67
64.9760 64.9760 69
65.0080 65.2640 74
65.5200 65.8080 69
65.9360 66.1600 66
66.3840 66.5760 62
66.8640 67.0240 57
67.0560 67.1520 59
67.3120 67.4400 61
67.4720 67.6320 60
67.6640 68.4000 62
69.8080 69.9040 62
70.3520 70.3840 62
70.5440 70.7040 62
70.8960 71.0880 62
75.4080 75.8880 62
75.9200 76.3680 65
76.6240 76.6880 64
76.7200 76.9760 65
77.0080 77.1360 64
77.4560 77.4880 61
77.5200 77.6480 62
78.7040 78.8000 62
79.0240 79.0880 62
79.2800 79.6320 62
79.9520 81.0400 65
81.2320 81.5840 67
81.8720 81.9360 67
82.2880 82.3520 68
82.3840 82.6720 67
82.8640 82.9600 67
84.9120 84.9760 73
85.3920 85.5520 68
85.8080 85.9040 68
92.4960 92.6240 73
95.4080 95.4720 65
95.8560 95.9840 65
96.1120 96.3360 65
96.4640 96.5600 65
96.6880 97.1040 65
98.1600 98.2240 65
98.3520 98.4160 65
98.5440 98.6400 65
98.8640 99.3760 62
107.0880 107.1520 61
107.1840 108.8160 62
108.8480 108.9440 65
108.9760 109.1680 62
109.2000 109.4240 65
109.4560 109.5840 64
109.6160 109.7120 62
110.2880 110.3520 57
110.4800 110.5120 61
110.5440 110.6400 62
110.6720 110.7680 59
110.8000 110.8640 61
110.8960 110.9920 62
112.0480 112.3040 64
112.5920 112.6880 62
112.9440 113.0720 62
113.3920 113.6160 57
113.7760 113.9040 61
114.0320 114.3840 61
115.4720 115.9840 62
116.1120 116.2080 62
116.3360 116.6880 62
117.0080 117.2000 62
117.2320 118.4800 67
118.8640 118.9280 72
118.9600 119.0560 74
119.0880 119.1200 68
119.3440 119.6320 69
119.8240 120.0800 64
120.2080 120.4320 62
120.7200 120.9440 57
120.9760 121.1040 60
121.1360 121.3600 61
121.3920 121.5520 62
121.9680 122.0960 61
122.1280 122.2240 62
122.3520 122.3840 63
122.4160 122.4800 64
122.8000 123.0880 62
123.1200 123.1840 61
123.9840 124.0160 63
124.0480 124.2400 65
124.2720 124.2720 63
124.4320 124.4640 61
124.4960 124.5600 62
125.4880 125.6160 62
125.6480 125.8400 65
126.0320 126.0640 62
126.0960 126.4800 66
126.7360 126.7680 63
127.0240 127.3440 58
127.3760 127.9200 62
129.0720 129.3600 62
129.4880 129.8720 62
129.9040 130.1600 66
130.5760 130.7680 62
130.8000 131.7280 67
132.3680 132.3680 70
132.4000 132.6240 74
132.7840 132.9440 69
133.2000 133.4240 65
133.6480 133.8080 62
134.1280 134.3840 57
134.5440 134.7040 61
134.8640 135.6640 62
135.8240 135.9520 62
