3.6960 3.7920 55
3.8240 3.8880 54
3.9200 4.1760 53
4.5280 4.6240 51
5.6800 5.7760 53
5.8080 5.9680 51
6.0000 6.1280 52
6.3840 6.4800 52
6.5120 6.6080 51
7.8560 8.0480 51
13.0720 13.1040 51
13.1360 13.2000 52
15.1200 15.1840 52
15.3120 15.3760 51
21.1040 21.1680 53
21.3600 21.4560 53
21.6160 21.7440 51
21.7760 21.9360 52
22.2560 22.5120 56
22.6720 22.7360 52
22.8960 22.9920 53
23.4400 23.6000 53
23.6320 23.6640 52
23.6960 23.7920 51
24.0160 24.1440 51
24.3680 24.9120 56
24.9440 24.9440 54
24.9760 25.0400 52
25.0720 25.3600 53
25.5200 25.6800 53
25.7120 25.7760 52
25.9360 26.0000 53
27.0880 27.1840 53
27.3120 27.4080 53
27.6000 27.7280 53
27.7600 27.8880 54
27.9200 28.0160 53
28.0480 28.0800 52
28.5600 28.8160 51
29.3920 29.4560 55
29.4880 29.7120 56
29.8080 30.0000 56
30.0640 30.6400 56
30.6720 30.7360 59
30.7680 31.2160 61
31.2480 31.2480 59
31.5040 31.6320 55
31.6640 31.8240 56
31.9520 32.0800 56
32.2080 32.5600 56
32.9120 32.9120 63
32.9440 33.0080 65
33.1360 33.2640 64
33.3920 33.9680 61
34.0000 34.0640 58
34.8000 34.8960 57
34.9280 35.0240 58
35.0560 35.1840 61
35.3120 35.4080 63
35.4400 35.5360 65
35.5680 36.0480 63
36.0800 36.5280 61
36.5600 36.9760 58
37.1360 37.3280 61
37.3600 37.3920 63
37.4240 37.4560 64
37.4880 37.7440 65
37.8720 38.0640 63
38.0960 38.2240 61
38.4160 38.4480 63
38.4800 38.5120 64
38.5440 38.9600 65
38.9920 40.2720 63
40.3040 40.3360 62
41.5200 41.6480 52
41.6800 41.9680 53
42.0000 42.4160 54
42.5440 42.8320 56
42.8640 42.8960 59
42.9280 42.9920 61
43.0240 43.1840 63
43.3120 43.4080 64
43.4400 44.4960 63
45.4240 45.4560 51
45.4880 45.5200 52
45.5520 46.1600 53
46.1920 46.6720 54
46.7040 47.2480 56
47.3760 47.4080 64
47.4400 47.5040 65
47.6640 47.7280 64
47.7600 48.4320 65
48.4640 48.5280 63
48.5600 49.0720 61
49.7760 49.8720 52
49.9040 50.2560 53
50.2880 50.7360 54
50.7680 50.8000 55
50.8320 51.0880 56
51.2160 51.3120 62
51.3440 51.4720 63
51.6320 51.7280 64
51.7600 52.5280 63
53.6800 53.7440 64
53.7760 54.3520 65
54.3840 54.4160 64
54.4480 54.8320 63
54.9920 55.1520 61
55.1840 55.2160 59
55.2480 55.3760 58
55.4080 55.4400 59
55.4720 55.5680 61
55.6000 55.6320 64
55.6640 55.7600 65
55.8880 57.3280 61
57.8400 57.9040 55
58.3200 58.7360 53
58.8640 58.9280 51
59.5040 59.7600 56
59.8880 59.9520 53
60.1440 60.2400 53
60.6560 60.8480 53
60.8800 61.0400 51
61.1680 61.2320 52
61.2640 61.2960 51
61.5520 62.0000 56
62.0320 62.0960 57
62.1280 62.1280 54
62.2240 62.6400 53
62.7680 62.8320 53
63.1520 63.2480 53
64.0160 64.0800 55
64.3360 64.6240 53
64.8480 65.1680 53
65.6800 65.7440 52
65.7760 66.0320 51
66.0640 66.1600 53
66.1920 66.3840 52
66.8000 67.0560 56
67.2480 67.8560 56
67.8880 67.9520 59
67.9840 68.4320 61
68.4640 68.4640 59
68.6560 69.0400 56
69.2000 69.2960 56
69.4560 69.5840 56
69.9680 70.0000 64
70.0320 70.4800 65
70.5120 70.5760 62
70.6080 71.2160 61
71.2480 71.3760 58
72.0160 72.1120 57
72.1440 72.1760 58
72.2080 72.2720 59
72.3040 72.4960 61
72.5280 72.5600 63
72.5920 72.6240 64
72.6560 72.7840 65
72.8160 73.2960 63
73.3280 73.4560 61
73.5840 73.7760 61
73.8080 74.1600 58
74.3200 74.5120 61
74.5440 74.5760 62
74.6080 74.6400 63
74.6720 74.7040 64
74.7360 75.0240 65
75.1520 75.2160 65
75.2480 75.5040 66
75.6320 75.7600 64
75.7920 75.9520 65
75.9840 76.7200 63
76.7520 77.7120 61
77.7440 77.9680 56
78.0000 78.0640 57
78.0960 78.1600 61
78.1920 78.2240 62
78.2560 78.3840 63
78.5120 78.5760 64
78.6080 79.5360 63
80.5920 80.7200 52
80.7520 81.3280 53
81.3600 81.8400 54
81.8720 82.3520 56
82.5440 82.6400 64
82.8000 82.8320 64
82.8640 83.5680 65
83.6000 83.6320 63
83.6640 83.6960 62
83.7280 84.1440 61
84.1760 84.3360 62
84.9760 85.0400 52
85.0720 85.4560 53
85.4880 85.9680 54
86.0000 86.2240 56
86.4160 86.4800 61
86.5120 86.6400 63
86.8000 87.3120 63
87.3440 87.3760 61
88.8480 88.9440 64
88.9760 89.5840 65
89.6160 89.6480 64
89.6800 90.0320 63
90.1600 90.3520 61
90.3840 90.6080 59
90.6400 90.7680 61
90.8000 90.8320 64
90.8640 90.9280 65
90.9600 91.0880 62
91.1200 91.9840 61
92.0160 92.1120 63
92.1440 92.1760 62
92.9440 93.0400 66
93.0720 93.1360 68
93.1680 93.3280 67
93.3600 93.9680 68
94.0000 94.2880 65
94.3200 94.3200 63
95.0240 96.0480 68
96.0800 96.1760 64
96.2080 96.4000 65
96.4320 96.5280 63
97.1040 98.1280 68
98.1600 98.8000 65
99.4400 99.5040 64
99.5360 100.2720 65
100.3040 100.4320 66
100.4640 100.5280 64
100.5600 100.6880 65
100.7200 100.7520 63
100.7840 100.9760 61
101.0080 101.1360 62
101.2640 102.1920 61
102.3520 102.5760 61
103.0560 103.2160 74
103.2480 103.3120 72
103.3440 103.5360 75
103.5680 103.6320 71
103.6640 103.6960 68
103.9520 104.0480 63
104.2720 104.4320 56
104.6240 104.7520 56
104.7840 104.8160 54
105.0080 105.2000 56
105.3920 105.6800 63
105.7120 105.7440 59
106.0000 106.1280 55
106.3200 106.5440 55
106.7040 106.8320 56
106.8640 106.8960 54
107.1200 107.3120 56
107.7280 107.7920 63
107.8240 108.9440 65
108.9760 109.0080 63
109.0400 109.2640 61
109.2960 109.4240 62
109.5520 110.0320 61
110.0640 110.1600 62
110.1920 110.2240 63
110.2560 110.5440 64
110.5760 110.6720 62
110.7040 110.8640 63
110.8960 111.0560 61
111.0880 111.1840 62
111.2160 111.3120 61
111.3440 111.4400 59
111.6640 111.9840 59
112.1760 112.3680 59
112.4000 112.4640 56
112.6240 112.8800 56
112.9120 113.1360 59
113.1680 113.2320 63
113.2640 113.4880 66
113.5200 113.5520 65
113.6800 113.7760 64
113.8080 115.7280 65
115.7600 116.6240 61
116.6560 116.6880 60
118.3200 118.3520 62
118.3840 118.4480 63
118.4800 118.6720 64
118.8640 118.9600 62
118.9920 119.1200 63
119.1520 119.5360 61
119.5680 119.7600 59
119.8880 120.3680 59
120.4000 120.8160 61
120.9440 121.3280 61
121.4560 121.8400 61
122.0000 122.1280 65
122.1600 122.8640 66
122.8960 122.8960 64
123.5040 123.6320 61
123.7600 124.1440 66
124.1760 124.4000 68
124.4320 124.4640 67
124.4960 124.6240 66
124.6560 124.6880 67
124.7200 124.9760 68
125.0080 125.2000 67
125.2320 125.3920 68
125.4240 125.5200 67
125.5520 125.6480 66
125.6800 125.7120 67
125.7440 128.2720 68
128.3040 128.3040 61
128.4960 128.5280 54
128.5600 128.9120 55
128.9440 129.3600 56
129.4880 129.7120 58
129.7440 129.7760 59
129.8080 129.8400 62
129.8720 129.9360 63
129.9680 130.1280 65
130.2560 130.3520 66
130.3840 131.3440 65
132.3040 132.4320 54
132.4640 133.0720 55
133.1040 133.5520 56
133.5840 134.0960 58
134.2560 134.2880 66
134.3200 134.3840 67
134.5440 134.6400 66
134.6720 135.3120 67
135.3440 135.4080 65
135.4400 135.9200 63
135.9520 136.0480 64
136.7520 136.7840 54
136.8160 137.2000 55
137.2320 137.7120 56
137.7440 137.9680 58
138.1280 138.1920 63
138.2240 138.3520 65
138.5120 138.5760 66
138.6080 139.4720 65
140.5600 140.5920 65
140.6240 141.3280 67
141.3600 141.7440 65
141.8720 142.0640 63
142.0960 142.3520 60
142.3840 142.4800 63
142.5120 142.5440 65
142.5760 142.6720 67
142.7040 143.7600 63
144.6880 145.7120 70
145.7440 145.8400 65
145.8720 146.0000 67
146.1920 146.5440 65
146.7680 147.7920 70
147.8240 148.0800 67
148.2400 148.5280 63
148.5600 148.6560 65
148.8480 148.9120 68
148.9440 149.6480 70
149.6800 149.7760 67
149.8080 149.9680 65
150.0000 150.1600 67
150.3200 150.5120 63
150.5440 150.7040 65
151.1840 151.2480 65
151.2800 152.3360 67
152.3680 152.5920 63
152.6240 152.8800 65
153.0080 154.0640 63
154.1920 155.1200 63
155.1520 155.3120 65
155.3440 155.6640 63
155.6960 155.8560 65
156.1440 156.2400 65
156.3680 156.4320 65
156.4640 156.7840 63
156.8160 156.9760 65
157.1360 157.2960 69
157.3280 157.4240 66
157.4560 157.4880 62
157.7760 157.9040 65
158.1600 158.1920 63
158.2240 158.5440 65
158.5760 158.7360 63
158.7680 159.0240 65
159.4400 159.5360 65
159.5680 159.6640 67
159.8240 160.6560 67
160.6880 160.8800 63
161.0080 161.1040 64
161.2960 163.1520 63
163.1840 164.4960 65
164.5280 164.6560 68
164.9120 164.9760 65
165.0080 165.1040 67
165.1360 165.2320 65
165.2640 165.9360 63
165.9680 165.9680 60
166.4480 166.5760 60
166.7040 166.9280 57
167.0880 167.2160 58
167.7280 167.8240 65
167.8560 168.2720 67
168.4320 169.0400 67
169.0720 169.2000 65
169.2320 169.3920 63
169.5200 172.0160 63
174.4480 174.9280 58
175.1200 175.4400 56
175.6320 175.7600 57
176.1440 176.1760 56
176.2400 177.1040 56
178.5440 178.6080 55
178.8320 178.8960 51
179.6320 180.3040 55
180.8800 181.2000 53
181.2960 181.4880 51
181.5840 181.5840 53
181.9360 182.0960 54
182.2240 182.3840 53
182.8000 183.0240 55
183.6960 183.7920 55
183.9840 184.3360 54
