7.6960 8.0800 62
19.0880 19.2160 62
19.2480 19.2800 67
19.3120 19.7920 69
20.2080 20.3360 61
20.4640 20.4640 59
20.4960 20.6240 67
20.6560 21.1040 69
21.2960 21.3600 69
21.6160 21.7760 61
21.8080 21.9360 65
21.9680 23.0240 67
23.1520 23.6640 67
24.1760 24.3360 60
24.3680 24.3680 64
24.4000 24.4960 67
24.5280 25.0720 69
25.4240 25.4880 69
25.8400 26.2880 69
26.8640 26.9600 60
26.9920 27.1200 65
27.1520 28.2080 67
28.3360 29.2000 67
29.3280 29.4240 67
29.5840 29.6480 65
29.8080 30.4800 67
30.8960 31.0880 64
31.1200 32.1120 67
32.2720 32.6880 67
32.7200 32.7520 65
32.9120 33.3280 67
33.3600 33.8720 69
34.8320 34.9280 67
34.9600 35.3440 69
36.1120 36.2720 67
36.3040 36.7200 69
37.1360 37.2000 69
37.5840 37.6480 67
37.7760 37.9680 67
38.1280 38.5440 67
38.5760 38.7040 69
38.7360 38.9280 65
39.0880 39.2800 62
39.4080 39.4400 62
39.4720 40.5600 65
40.5920 41.1680 62
42.0320 42.1920 63
42.2240 42.8960 65
42.9920 43.1200 65
43.1520 43.8240 67
44.3040 44.4960 62
44.6560 44.6560 62
44.6880 45.8080 65
45.9360 46.4160 62
46.8640 46.8960 58
46.9280 47.2800 62
47.3120 48.1120 65
48.2400 48.3360 65
48.3680 48.4320 67
48.5600 49.0720 67
49.2960 49.5520 67
49.8720 49.8720 62
49.9040 50.9600 65
50.9920 51.5360 62
52.1440 52.4960 62
52.5280 53.2640 65
53.4240 53.5520 65
53.5840 53.6480 67
53.7760 54.2560 67
54.5120 54.8640 67
55.0880 55.0880 62
55.1200 56.1120 65
56.1440 56.7200 62
58.4800 58.7040 69
58.8320 59.1200 67
59.3120 59.4080 67
59.4400 59.5040 69
59.6320 59.7600 65
59.9520 60.0160 62
60.1760 60.2720 59
60.3040 60.4000 63
60.4320 60.8480 65
61.2640 61.5520 62
61.5840 62.0640 65
62.2240 62.7040 62
63.3440 63.5040 60
63.5360 63.6000 64
63.7280 63.9840 69
64.0160 64.0800 67
64.2080 64.4320 67
64.6240 64.6560 67
64.8480 64.9440 65
65.2000 65.4880 62
65.5200 65.9680 65
66.4800 66.7680 62
66.8000 67.2800 65
67.4720 67.9200 62
68.1440 68.3680 62
68.5920 68.7200 60
68.7520 68.8800 67
68.9120 69.2000 69
69.2320 69.8720 67
70.0960 70.1920 65
70.4160 70.7040 62
70.7360 71.2160 65
71.6960 72.0160 62
72.0480 72.4640 65
72.7200 73.1680 62
74.1600 74.3200 69
74.4800 75.0560 67
75.0880 75.1840 69
75.2160 75.4080 65
75.6000 76.0160 62
76.0480 76.4640 65
76.9120 77.2000 62
77.2320 77.6800 65
77.9360 78.3520 62
81.4880 81.6800 72
84.1120 84.2400 69
85.1040 85.2000 69
86.7040 86.8960 72
87.6960 87.8560 72
87.9840 88.1760 72
88.2080 88.2720 69
88.3040 88.4960 67
88.6560 88.8160 65
89.2640 89.3920 65
89.6160 89.6160 62
90.4480 90.5440 72
90.5760 90.7360 69
90.8640 90.9280 67
90.9600 91.2160 69
91.2480 91.4720 74
91.6000 91.7920 69
91.9200 92.1120 72
92.1440 92.1760 70
92.8800 93.0720 72
94.5440 94.6720 69
95.5040 95.6320 69
97.1360 97.3280 72
102.6720 102.8000 67
102.8320 103.2800 69
103.5040 103.5680 69
103.7600 103.8560 67
103.9840 104.1120 67
104.1440 104.6240 69
104.6560 104.8160 68
105.1040 105.2320 62
105.2640 105.3600 65
105.3920 105.7440 67
105.8080 106.3200 67
106.4480 106.8000 67
106.9280 107.2480 67
107.6640 107.7600 67
107.8880 108.0160 67
108.0480 108.5600 69
108.8800 109.0400 69
109.2000 109.2960 67
109.3280 109.9040 69
110.6400 112.2720 67
112.4640 112.6880 67
112.8160 112.8800 67
113.1040 113.2320 65
113.2640 113.6160 67
113.7440 114.0000 67
114.3840 114.5760 64
114.6080 115.2480 67
115.3760 115.8880 67
116.0480 116.1760 65
116.3680 116.5600 67
116.6880 116.8160 67
116.8480 117.3600 69
117.7440 117.8080 62
118.1920 118.2880 60
118.3200 118.4800 67
118.6400 118.9600 69
119.6320 119.7280 67
119.7600 120.2400 69
120.2720 120.4000 67
120.4320 120.4960 69
121.0720 121.7760 67
121.8720 122.0000 67
122.0320 122.1280 68
122.2560 122.6080 65
122.6400 122.7360 62
122.9280 124.0800 65
124.1120 124.6560 62
125.5200 125.6480 64
125.6800 126.5760 65
126.6080 127.2160 67
127.7280 127.7920 60
127.8240 127.9840 62
128.1440 128.1760 63
128.2080 129.0720 65
129.1040 129.2960 64
129.4240 129.9040 62
130.3520 130.3520 57
130.3840 130.3840 59
130.4160 130.6080 62
130.6400 130.7040 60
130.7360 130.7360 62
130.7680 130.8640 64
130.8960 131.8880 65
132.0480 132.5920 67
132.7840 133.0080 67
133.3280 133.3600 63
133.3920 133.4880 64
133.5200 134.3520 65
134.3840 134.4800 64
134.5120 135.0560 62
135.6320 135.7920 62
135.8240 135.9200 60
135.9520 136.0480 63
136.0800 136.7840 65
136.8160 136.8800 62
136.9120 137.0080 65
137.0400 137.1360 67
137.2640 137.7760 67
138.0640 138.2240 67
138.5440 138.5760 63
138.6080 138.6720 64
138.7040 139.3440 65
139.4720 139.5360 65
139.5680 139.6640 64
139.6960 140.2080 62
141.9680 142.1920 69
142.3200 142.5760 67
142.7680 142.8640 67
142.8960 142.9600 68
143.1200 143.2160 65
143.4720 143.5360 62
143.5680 143.6320 64
143.7920 143.8880 63
143.9200 144.3040 65
144.7200 144.7200 60
144.7520 145.0400 62
145.0720 145.1680 64
145.2000 145.4880 65
145.7440 146.1920 62
146.9600 146.9920 60
147.0240 147.1520 66
147.1840 147.4400 69
147.4720 147.5680 67
147.6960 147.8880 67
148.3360 148.4640 65
148.6880 148.9760 62
149.0080 149.4240 65
149.9680 150.2560 62
150.2880 150.7040 65
150.9280 151.4720 62
151.6000 151.8560 62
152.1440 152.1760 61
152.2080 152.3360 67
152.3680 152.6880 69
152.7200 153.3920 67
153.5520 153.6800 65
153.8720 154.0000 63
154.0320 154.1920 62
154.2240 154.3200 64
154.3520 154.6720 65
155.1520 155.4720 62
155.5040 155.6000 64
155.6320 155.9520 65
156.1440 156.6240 62
157.3280 157.4560 61
157.6480 157.8400 69
157.8720 158.5440 67
158.5760 158.6400 69
158.7680 158.8640 65
159.1200 159.3760 62
159.4080 159.8880 65
160.3680 160.6880 62
160.7200 160.7840 64
160.8160 161.1040 65
161.3920 161.7760 62
166.0000 166.1280 77
166.2560 166.4160 77
167.5680 167.6960 77
168.5920 168.6880 77
170.1920 170.2880 77
172.1440 172.2720 69
172.7520 172.9120 65
173.0080 173.1040 67
173.9360 174.0000 72
174.0320 174.2240 69
174.2560 174.3840 65
174.4160 174.7680 69
175.0560 175.5680 65
175.6000 175.6320 62
175.9840 176.3680 62
176.4000 176.9120 65
176.9440 177.5520 62
177.7120 177.8080 69
177.8400 177.9680 67
178.0000 178.1920 65
178.2240 178.2560 62
178.6720 178.7680 69
178.8000 178.9600 67
178.9920 179.1200 69
179.1520 179.2800 67
180.2400 180.2720 60
180.3040 180.4000 64
180.4320 180.7840 65
181.2320 181.5840 62
181.6160 182.0640 65
182.0960 182.8320 62
183.2160 183.4720 65
