21.3920 21.5840 57
22.0320 22.6080 59
25.5200 25.7120 66
26.0000 26.0640 68
26.0960 26.1920 71
26.8000 26.9920 63
27.0240 27.0240 61
27.5680 27.6960 54
27.7280 27.8560 55
27.8880 28.5280 56
30.1280 30.2560 48
30.2880 30.3200 51
30.3520 31.1520 57
31.3760 31.4720 56
31.5040 31.6960 58
32.1760 33.3600 56
33.3920 33.4880 55
34.3200 34.4160 47
34.4480 34.5120 50
34.5440 34.5440 53
34.5760 34.6400 56
34.6720 35.6000 57
35.6320 35.7920 56
35.8240 35.8880 57
35.9200 36.0800 59
36.1120 36.4320 57
36.4640 36.9760 56
37.0080 38.2240 59
38.2560 38.2880 57
38.3200 39.0560 54
39.1840 39.8560 57
40.0160 40.4000 56
40.4320 40.5280 57
40.5600 40.9440 56
42.7360 42.9920 54
44.1760 44.3680 51
44.8800 44.9440 52
44.9760 45.0080 54
45.0400 45.7120 56
47.7280 47.7920 61
47.8240 47.8560 60
47.8880 47.9520 59
48.2400 48.4640 57
48.8160 48.8800 61
48.9120 49.1040 59
49.2640 49.2960 61
49.5840 49.9360 56
50.1600 50.5760 56
50.9920 51.1520 56
51.9200 51.9840 67
52.0160 52.0160 64
52.1440 52.4960 57
53.1040 53.1040 61
53.2000 53.2320 58
53.2960 53.3280 58
53.4240 53.4240 59
53.4560 53.5840 61
53.8720 54.1920 70
54.7360 54.8640 66
56.4000 56.8160 53
56.9440 57.0400 52
57.0720 57.2320 50
57.5200 57.8400 57
58.1920 58.3520 57
58.5440 58.5760 58
58.6080 58.7040 57
58.7360 58.8000 58
58.8320 58.9600 59
62.8320 62.8640 63
62.8960 64.3040 64
64.4320 64.6880 63
64.7200 64.9760 64
65.0080 65.0720 65
65.1040 66.1920 66
67.1520 67.1520 61
67.1840 67.5360 63
67.5680 67.7600 62
67.7920 68.6880 64
68.7200 68.8160 62
68.8480 68.9120 63
68.9440 69.1360 59
69.1680 69.1680 57
69.3600 70.6080 47
71.1840 71.2800 56
71.4400 71.6000 63
71.9840 72.0800 63
72.1120 72.9440 64
72.9760 73.0400 63
73.1360 73.2320 63
73.3600 73.6160 64
73.6480 73.7440 65
73.7760 74.8640 66
75.8240 75.8240 60
75.8560 75.8560 62
75.8880 75.9840 64
76.1120 77.3280 64
77.3600 77.5200 63
77.7120 77.9680 59
78.1600 78.1600 59
78.2240 78.3840 61
78.4800 79.6000 59
79.8880 80.6560 56
82.3520 82.6080 56
82.8320 83.2800 57
83.4080 83.5040 56
83.5360 83.7280 59
83.9200 85.3600 56
86.3200 86.4800 49
86.5120 86.6400 52
86.6720 86.8000 56
86.8320 87.8560 57
87.8880 88.0800 59
88.2720 88.5280 57
88.8480 88.9440 57
88.9760 89.5200 59
89.8400 90.2560 59
90.2880 90.2880 57
90.3200 91.0560 54
91.2160 91.8240 57
92.0160 93.0720 56
96.1760 96.5280 63
96.5600 96.6880 60
96.9440 97.1360 60
97.2640 97.8080 56
97.8400 97.8720 58
99.7280 99.8560 49
100.2400 100.3680 57
100.5600 100.6880 60
100.8800 101.1040 59
101.5840 101.8080 56
102.0960 102.4480 56
102.6080 102.6400 56
102.8000 103.0880 56
103.7920 103.8560 48
104.0800 104.1120 57
104.7520 105.1680 57
105.2000 105.2640 61
105.2960 105.3280 59
105.8400 105.9680 59
106.0000 106.0640 56
106.1280 106.1280 51
106.4160 106.9920 47
108.3680 108.8480 53
109.1040 109.2960 52
109.4560 110.0320 57
110.0960 110.1600 58
110.2240 110.5440 59
112.7840 113.0080 54
113.0400 113.1360 52
113.2640 113.6480 52
113.8720 114.1920 70
114.2240 114.3520 71
114.4160 114.9600 71
119.1840 120.6240 64
120.7520 120.8160 62
120.8480 121.0400 63
121.0720 121.2960 64
121.3280 121.3920 65
121.4240 122.5120 66
123.4080 123.4720 62
123.5040 123.6000 63
123.7920 123.8880 63
123.9200 124.1120 62
124.1440 125.0080 64
125.0400 125.0400 62
125.3280 125.4880 59
125.7120 126.9280 47
127.5040 127.5360 55
127.5680 127.6320 56
127.7920 127.9840 63
128.3040 128.4000 63
128.4320 129.4240 64
129.4560 129.6800 63
129.7120 129.8400 64
129.9680 130.0000 64
130.0320 130.0960 65
130.1280 131.2160 66
132.1760 132.3680 63
132.4640 133.6800 64
133.7120 133.8720 62
134.0640 134.3840 59
134.4800 134.8320 61
134.9600 135.2800 59
135.4080 135.4720 57
135.5040 135.9200 59
136.0160 136.6560 59
137.5520 137.6160 66
143.2480 143.2800 66
143.3120 143.7600 68
143.7920 143.8560 65
143.8880 143.9840 62
146.5120 146.6080 65
146.6400 146.7360 67
146.8640 147.2480 64
147.4400 147.5360 62
147.8240 147.9520 54
147.9840 148.1440 57
148.2720 148.3040 61
148.3360 148.5280 64
148.7200 148.7840 57
149.0080 149.0080 56
149.0400 149.3280 59
149.6160 149.8720 56
150.4480 150.8960 56
151.1520 151.4080 63
151.6320 151.8880 63
151.9200 151.9520 66
151.9840 152.2080 68
152.3360 152.3360 67
152.7520 152.8800 56
153.0400 153.1360 57
153.2960 153.3280 57
153.3600 153.7120 59
153.9040 154.4800 56
154.8960 155.0240 55
155.0560 155.2800 61
155.6320 156.2080 59
156.2720 156.2720 59
156.5920 156.6560 62
156.7840 156.9440 57
156.9760 157.0400 59
157.0720 157.2320 60
158.2880 158.3200 64
158.5120 158.5440 65
158.5760 158.7040 63
159.2800 159.5360 56
159.7920 160.0480 63
160.2720 160.5600 63
160.5920 160.7200 67
160.7520 160.7840 65
161.0400 161.2320 59
161.5200 161.9680 57
162.5440 162.6400 55
162.6720 163.2800 56
163.7280 163.8880 61
164.1120 164.6560 52
164.8800 164.9760 58
165.0080 165.6480 59
166.2240 166.9280 54
166.9600 167.0240 57
167.0560 167.1520 59
167.1840 167.7280 61
168.5920 168.9760 64
169.1680 169.3280 58
169.3600 170.2560 59
170.2880 170.5440 58
170.5760 171.0880 57
171.3120 171.3760 60
172.1120 172.2080 63
172.9120 173.2640 64
173.2960 173.4240 63
173.5520 173.6800 63
173.8080 174.2560 59
174.2880 174.3840 63
174.9280 175.6960 54
175.9520 176.3680 61
176.6240 176.7840 61
177.1360 177.8400 59
177.8720 178.0640 55
178.0960 178.7360 59
178.8960 179.0240 58
179.1200 179.1200 61
179.2160 179.2480 61
179.3440 179.3440 58
179.4400 179.6960 57
179.8880 180.4960 53
180.6560 180.7840 52
180.8160 181.0720 50
181.1040 181.4240 51
181.4560 181.5840 52
182.4800 182.6400 54
182.6720 182.7680 55
182.8000 183.4400 56
183.5680 183.7600 54
183.9520 184.0480 55
184.2080 184.3360 55
184.3680 185.0400 57
185.2320 185.3280 56
185.3600 185.5520 59
186.0640 187.3440 56
187.9200 188.2080 54
188.5920 188.7840 58
188.8160 189.7120 57
189.7440 189.9040 59
189.9360 190.2560 57
190.2880 190.8320 56
190.8960 192.1120 59
192.1440 192.8800 54
193.0400 193.5520 57
193.7120 193.8720 52
193.9040 193.9680 55
194.0000 194.3840 57
194.4160 194.7680 56
194.8000 194.8640 57
195.8240 195.9520 57
196.0800 196.5280 57
196.6880 196.8480 66
197.4240 197.7760 68
197.8080 197.8720 65
197.9040 198.0960 63
198.1280 198.2240 62
198.3200 198.4160 57
198.4480 198.6400 55
198.6720 198.8000 52
198.8320 199.6960 56
199.9520 200.2400 57
200.4000 200.5600 56
200.6880 200.7520 57
201.0400 201.2960 59
201.6480 202.3840 57
202.6080 202.6720 57
202.8000 202.9280 59
203.4400 204.4000 56
204.4320 204.5920 61
204.7520 204.8480 61
204.8800 205.0720 63
205.1040 205.2960 65
205.7760 205.8400 67
205.9680 206.1280 58
206.2880 206.6080 57
206.8320 207.1200 57
207.1520 207.4080 59
207.4400 207.6320 57
207.6640 207.7280 55
207.7600 208.0480 56
208.1760 208.4960 56
208.5280 208.8480 61
209.0400 209.2640 61
209.2960 209.3920 64
209.4240 209.5520 65
209.7760 209.8720 58
209.9040 210.1920 59
210.3200 210.3840 56
210.8320 210.8640 50
210.9600 211.1840 52
211.3120 211.5040 51
211.5360 212.1440 52
212.4000 212.4960 57
212.9120 212.9760 55
213.0080 213.0400 56
213.0720 213.3600 57
213.3920 213.5520 56
213.5840 214.0320 57
214.0640 214.3840 59
214.5760 214.6400 54
214.6720 214.8960 56
214.9280 215.5680 52
215.6000 215.6320 53
215.9200 216.8800 59
217.2320 217.2960 55
217.3280 217.9040 56
217.9360 218.3520 57
218.3840 218.7040 59
218.9920 219.2160 56
219.4080 219.4720 64
219.5040 219.6000 67
220.0480 220.3360 70
220.3680 220.6880 71
223.3440 223.5040 59
223.5360 223.6960 61
223.8560 223.9840 67
224.1120 224.1760 67
224.2080 224.3040 69
224.3360 224.7520 70
225.0080 225.2000 68
225.2320 225.2320 63
225.4560 225.5200 59
225.5520 225.6480 58
225.6800 226.5440 59
226.5760 226.8640 58
227.5360 227.8240 54
227.8560 228.0480 51
228.1440 228.3040 50
228.3360 228.4960 52
228.5280 228.7200 50
228.8800 229.0400 50
229.0720 229.3920 51
229.4240 229.8720 52
230.0640 230.6080 59
231.8240 231.8240 62
231.8880 232.1760 60
232.2080 232.3680 61
232.4960 232.6560 61
232.7200 232.7520 64
232.7840 232.8800 67
232.9120 232.9440 69
233.0080 233.1360 70
233.1680 233.3280 69
233.7120 233.8080 59
234.0320 234.1600 59
234.3520 234.4480 57
234.4800 234.9920 59
235.1520 235.2160 58
235.2480 235.3440 59
236.3040 236.3360 53
236.8160 236.8480 50
236.8800 236.9440 51
236.9760 237.0400 50
237.2640 237.4240 50
237.5520 237.5520 50
237.7440 237.8080 51
