2.2240 3.0880 52
3.1200 3.1840 53
3.2160 3.2480 57
3.2800 4.9760 61
5.4240 5.6480 61
5.6800 6.0640 64
6.0960 6.2240 66
6.3520 6.6080 64
6.8000 8.5920 59
9.8400 10.3520 52
10.3840 10.4160 59
10.4480 12.7840 62
12.8160 13.2000 64
13.2320 13.3600 66
13.4880 13.8080 65
13.9360 15.7920 61
16.5600 16.7520 57
16.7840 16.9440 59
16.9760 17.5520 57
17.6800 17.6800 62
17.7120 19.3440 66
19.9520 19.9840 65
20.0160 20.2720 68
20.4320 21.2320 69
21.2640 21.4880 64
21.9360 22.2240 61
22.2560 22.4480 63
22.6080 22.9920 59
23.0240 23.4080 57
24.0160 24.3360 57
24.4640 24.5920 62
24.6240 24.7840 64
24.9440 26.6080 62
27.4080 27.6000 52
27.6320 28.1120 56
28.1440 28.2080 57
28.2400 28.4320 59
28.4640 28.4960 58
28.5280 30.3520 57
31.0560 31.6960 57
31.8240 32.1760 56
32.2080 32.7520 54
32.7840 32.8480 55
32.8800 32.9120 60
32.9440 33.0080 62
33.1360 34.0960 62
34.4160 34.6720 64
34.7040 35.2160 67
35.3760 35.7280 64
35.8560 37.4880 61
38.2880 38.8640 57
38.9920 39.3120 56
39.4400 40.0480 54
40.0800 40.1120 59
40.1440 41.2640 62
41.6800 41.8720 64
41.9040 42.3520 66
42.3840 42.5120 68
42.6720 42.9280 67
42.9600 44.9760 64
45.5200 46.6720 57
46.7040 46.7040 61
46.7360 48.4960 66
48.9120 48.9120 62
48.9440 49.5520 69
49.5840 49.7440 71
49.7760 50.1920 70
50.3520 50.7680 64
50.9600 51.2480 61
51.2800 51.4720 63
51.6640 52.0160 59
52.0480 52.4960 56
52.7840 52.9440 52
53.0720 53.1040 56
53.1360 53.3920 57
53.5200 53.6480 62
53.6800 53.8400 64
54.0000 55.6000 62
56.4640 56.7200 52
56.7520 57.0080 56
57.0400 57.1680 59
57.2000 57.3920 57
57.4240 57.6160 59
57.6480 59.5040 57
74.4480 75.0560 57
75.1840 75.5360 56
75.5680 76.2720 54
76.3040 76.3040 56
76.3360 76.3360 58
76.3680 76.4960 62
76.6240 77.4880 62
77.9680 78.2240 64
78.2560 78.6720 66
78.7040 78.8320 68
78.9600 79.3440 64
79.3760 81.0080 61
81.9040 82.5440 57
82.5760 82.9600 56
83.0880 83.7280 54
83.7600 83.7920 59
83.8240 84.9440 62
85.3280 85.5200 64
85.5520 86.0320 66
86.0640 86.1600 68
86.3200 86.5760 67
86.6080 88.4960 64
89.1040 89.6800 57
89.8080 90.0320 56
90.0640 90.2880 57
90.3200 90.3520 63
90.3840 90.5120 65
90.5440 91.9840 66
92.0160 92.0800 67
92.5920 92.5920 62
92.6240 92.6240 65
92.6560 93.2000 69
93.2320 93.3920 71
93.4240 93.7120 69
93.9360 94.1600 64
94.5120 94.8320 61
94.8640 95.0240 63
95.2480 95.5680 64
95.6000 95.6320 61
95.6640 96.0800 57
96.4000 96.5600 51
96.6880 96.9440 57
97.1040 97.2320 62
97.2640 97.4880 64
97.5200 99.0880 62
99.2480 99.3760 58
100.0480 100.3360 52
100.3680 100.6880 56
100.7200 102.8320 57
104.0800 105.0400 52
105.0720 106.7040 61
107.0880 107.3760 61
107.4080 107.7600 64
107.7920 108.0160 66
108.0480 108.3360 64
108.5280 110.1280 59
111.6320 112.0160 52
112.0480 112.1120 53
112.1440 112.2080 56
112.2400 114.1280 62
114.3520 114.5440 62
114.5760 114.7360 64
114.8640 115.1520 66
115.2800 115.6000 64
115.7600 117.6160 61
118.2880 119.4080 57
119.4400 119.6000 65
119.6320 121.1360 66
121.6480 122.2560 68
122.2880 122.5440 71
122.5760 122.8640 69
123.0560 123.5040 64
123.5360 123.9520 61
123.9840 124.1120 64
124.1440 124.1760 63
124.3680 124.6880 59
124.7200 125.0720 57
125.5200 125.7440 52
125.7760 126.0640 57
126.1920 126.3200 62
126.3520 126.4800 64
126.6720 127.9520 62
129.1360 129.2320 51
129.2640 129.3920 52
129.4240 130.0000 56
130.0320 131.9520 57
132.1120 132.4000 57
137.6160 137.7440 58
137.7760 137.8400 61
137.8720 139.1840 64
139.2160 140.2400 61
140.8800 141.1360 61
141.3280 142.8320 62
142.8640 142.9600 66
143.0880 143.2160 64
144.4000 144.7520 56
144.9760 145.1680 56
