4.5920 4.6560 59
4.9120 5.2320 62
8.8480 8.9120 60
12.4960 12.5920 59
12.6240 12.8480 62
13.0080 13.2640 59
13.9360 14.0320 60
14.0640 14.2560 62
14.3840 14.5760 59
15.2160 15.3760 62
15.4080 15.6640 59
15.6960 15.7280 58
15.7600 16.0800 57
16.3040 16.4000 57
16.4320 16.5600 56
16.5920 16.8480 57
16.8800 16.9760 58
17.1040 17.3920 59
18.0640 18.1280 61
18.1600 18.4160 62
18.5440 18.7360 59
19.3760 19.5040 60
19.5360 19.7920 62
19.9200 20.0800 59
20.7520 20.8800 62
20.9120 21.1680 59
21.2000 21.3280 57
21.4880 21.9360 57
21.9680 22.0000 58
22.0320 22.6080 59
22.8640 23.5680 59
23.6000 24.4960 57
25.3920 26.2240 59
26.2560 26.3200 58
26.3520 26.5120 57
26.7040 26.7360 55
26.7680 26.9920 56
27.1520 27.3120 54
27.4720 27.5360 53
27.5680 27.6320 52
28.1760 28.3040 57
28.3360 28.4000 58
28.4320 29.0080 59
29.0400 29.0720 58
29.1040 29.4880 57
29.6480 30.0640 57
31.0560 31.1840 59
31.5040 31.6320 58
31.6640 31.7920 59
31.8240 31.9840 57
32.1760 32.2400 57
32.4000 32.5920 55
32.6240 32.7200 54
32.9440 33.1040 52
34.2560 34.3520 67
34.3840 34.4800 65
34.6080 34.7360 67
34.7680 34.8000 65
34.9600 35.1200 67
35.1520 35.2480 65
35.2800 35.4400 67
35.4720 35.8560 69
35.8880 36.0160 71
36.2080 36.2720 67
37.0720 37.2000 64
37.3280 37.4560 67
37.4880 37.5200 64
37.6800 37.7760 66
37.8080 38.0000 64
38.0320 38.1600 67
38.1920 38.3200 69
38.4480 38.7040 69
38.7360 38.8320 71
38.8640 38.9280 68
38.9600 39.0240 65
39.0560 39.0880 63
39.5360 39.6000 64
39.6320 39.6640 65
39.6960 39.6960 68
39.7280 39.8240 72
39.8560 39.9520 74
39.9840 40.0480 72
40.0800 40.1760 71
40.2080 40.2720 69
40.4320 40.8800 69
40.9120 41.0720 71
41.1040 41.4240 66
41.4560 41.7120 67
41.7440 41.7440 69
41.7760 41.8400 72
42.4480 42.5440 72
42.5760 42.7040 74
42.7360 42.7680 72
42.8000 42.8960 71
42.9280 42.9920 69
43.1520 43.6320 69
43.6640 43.7920 71
43.8240 43.8240 69
43.8560 44.2080 66
44.2400 44.4320 67
44.4640 44.5600 71
45.2960 45.3920 64
45.5200 45.6480 67
45.6800 45.8080 64
45.8400 45.9040 67
45.9360 46.1600 65
46.1920 46.2880 67
46.3200 46.3840 68
46.5760 46.7680 69
46.8000 46.8960 71
47.0880 47.1520 67
47.9200 47.9840 67
48.0160 48.1120 65
48.2400 48.3680 67
48.4000 48.4320 64
48.6560 48.6880 67
48.7200 48.9120 65
48.9440 48.9760 66
49.0080 49.0400 67
49.0720 49.4240 69
49.4560 49.5840 71
49.7440 49.8400 67
49.8720 49.9040 65
50.4160 50.5440 67
50.5760 50.5760 69
50.6080 50.7040 72
50.7360 50.8320 74
50.9600 51.0880 71
51.1200 51.1520 69
51.3120 51.7600 69
51.7920 51.9840 71
52.0160 52.3680 66
52.4000 53.1360 67
53.1680 53.7120 69
53.7440 53.9040 73
53.9360 53.9360 70
54.0960 54.2240 63
54.2560 54.4160 62
54.4480 54.7360 59
54.8960 54.9920 62
55.0240 55.1520 63
55.1840 55.2160 62
55.2480 55.2800 61
55.3120 55.3440 60
55.3760 56.0800 59
56.4320 56.4960 55
56.5280 56.7520 54
56.8800 57.1680 55
57.4880 58.0960 55
59.1520 59.2480 59
59.4400 59.9200 62
59.9520 60.0800 59
60.4640 60.4960 62
60.5280 60.6560 64
60.6880 60.7200 62
60.9120 61.5840 59
61.9040 62.5120 54
62.8000 63.5360 55
64.8800 65.3920 62
65.4240 65.7760 59
65.9360 65.9360 62
65.9680 66.0000 65
66.0320 66.0960 66
66.5120 66.6080 65
66.6400 66.9280 67
66.9920 67.2160 67
67.3440 67.5040 62
67.6960 67.7600 64
67.7920 67.8240 65
67.8560 68.6560 66
68.6880 68.7200 65
68.7520 68.9120 64
68.9440 68.9760 62
69.2320 69.3600 62
69.3920 69.8080 64
69.8400 69.9040 63
69.9360 70.0000 60
70.0320 70.2560 59
70.3200 70.4160 59
70.4480 70.7360 60
70.9600 70.9920 59
71.0240 71.1520 60
71.2800 71.4080 60
71.4400 72.4960 59
72.8160 72.8800 55
72.9120 73.1360 54
73.1680 73.3920 55
73.6800 74.4160 55
75.5040 75.6640 59
75.8560 75.8880 59
75.9200 75.9520 62
75.9840 76.0800 63
76.1120 76.2720 62
76.3040 76.5600 59
76.7200 76.8480 62
76.8800 77.0080 64
77.0400 77.0720 62
77.2320 78.4160 59
83.3760 83.5040 60
83.5360 83.6640 62
83.8240 84.2400 59
84.5920 84.7200 59
84.7520 84.8480 60
84.8800 85.0080 62
85.2640 85.5200 59
86.1920 86.2560 60
86.2880 86.5120 59
86.5440 86.5760 58
86.6080 86.7360 57
86.7680 86.9280 58
86.9600 87.1840 57
87.2160 87.3120 56
87.3440 87.6960 57
87.7280 87.7920 58
87.8240 88.1440 59
88.8160 88.9760 60
89.0080 89.1360 62
89.1680 89.2320 61
89.2640 89.3280 60
89.3600 89.6480 59
90.1920 90.3200 60
90.3520 90.4800 62
90.5120 90.6720 63
90.7040 90.7360 61
90.7680 90.8960 59
90.9280 91.1520 57
91.5360 91.6000 62
91.6320 91.6640 63
91.6960 91.7280 64
91.7600 91.7920 65
91.8240 91.8880 66
92.0160 92.0800 64
92.2080 92.3360 67
92.3680 92.6240 69
92.6560 92.7840 70
92.8160 92.8160 68
92.8480 92.8480 66
92.8800 93.0080 64
93.0400 93.5520 62
93.7440 93.8080 60
93.8400 94.4800 59
94.5120 94.5760 58
94.6080 94.9600 57
95.6000 95.7280 62
95.7600 95.8560 64
95.8880 95.9200 62
95.9520 96.0160 60
96.0480 96.1120 57
96.1440 96.2080 56
96.4960 97.1360 59
97.1680 97.2640 58
97.2960 97.3280 57
97.6160 97.6800 56
97.7120 97.8080 57
97.8400 97.8720 56
98.1280 98.2240 62
98.2560 98.2880 63
98.3200 98.3520 66
98.3840 98.4160 69
98.4480 98.5120 70
98.5440 98.7360 72
98.7680 98.9920 71
99.1200 99.4720 62
99.5040 99.5360 61
99.5680 99.7600 60
99.9200 100.0800 55
100.7840 100.9120 60
100.9440 101.0720 62
101.1040 101.1040 65
101.1360 101.2640 67
101.2960 101.4560 69
101.9680 102.0640 59
102.2240 102.2880 60
102.5440 102.6400 59
102.6720 102.7680 58
102.8000 102.8640 57
103.0560 103.1200 57
103.2800 103.6000 55
103.7920 103.8880 54
103.9200 103.9840 53
105.1680 105.2640 67
105.2960 105.3920 65
105.5200 105.6480 67
105.6800 105.7440 65
105.7760 105.8080 66
105.8400 106.0320 67
106.0640 106.1600 64
106.1920 106.3200 67
106.3520 106.7680 69
106.8000 106.9280 71
107.0880 107.1520 67
107.9840 108.1120 64
108.2400 108.3680 67
108.4000 108.4320 64
108.5920 108.6880 66
108.7200 108.9120 64
108.9440 109.0720 67
109.1040 109.6160 69
109.6480 109.7440 71
109.7760 109.8400 68
109.8720 109.9360 65
109.9680 109.9680 63
110.4160 110.5760 64
110.6080 110.6080 68
110.6400 110.7360 72
110.7680 110.8320 74
110.8640 110.9920 72
111.0240 111.0880 71
111.1200 111.1840 69
111.3440 111.7920 69
111.8240 111.9840 71
112.0160 112.0160 69
112.0480 112.3360 66
112.3680 112.6240 67
112.6560 112.7520 72
113.3600 113.4560 72
113.4880 113.6160 74
113.6480 113.6800 72
113.7120 113.8080 71
113.8400 113.9040 69
114.0640 114.5120 69
114.5440 114.7040 71
114.7360 114.7360 69
114.7680 115.1200 66
115.1520 115.3120 67
115.3440 115.3760 70
115.4080 115.4720 71
116.2080 116.3040 65
116.4320 116.5280 67
116.5600 116.7200 64
116.7520 116.8160 67
116.8480 117.0720 65
117.1040 117.2000 67
117.2320 117.2960 68
117.4880 117.6480 69
117.6800 117.8080 71
118.0000 118.0640 67
118.0960 118.1280 64
118.8320 118.9280 67
119.1200 119.2800 67
119.5680 119.6000 67
119.6320 119.8240 65
119.8560 119.8880 66
119.9200 119.9520 67
119.9840 120.3360 69
120.3680 120.4640 71
120.6560 120.7520 67
120.7840 120.7840 65
121.3280 121.4560 67
121.4880 121.4880 69
121.5200 121.6160 72
121.6480 121.7120 74
121.7440 121.8080 73
121.8400 122.0000 71
122.0320 122.0640 69
122.2240 122.6720 69
122.7040 122.8960 71
122.9280 123.2800 66
123.3120 124.0480 67
124.0800 124.5920 69
124.6240 124.6560 72
124.6880 124.7840 73
124.8160 124.8480 71
125.0080 125.1360 63
125.1680 125.3280 62
125.3600 125.6480 59
125.8080 125.9040 62
125.9360 126.0640 63
126.0960 126.1280 62
126.1600 126.2240 61
126.2560 126.9600 59
127.1520 127.1840 59
127.3440 127.5680 58
127.6000 127.6960 59
127.9200 128.0800 65
128.4000 128.4960 63
128.5280 128.6240 64
128.6560 129.0400 67
129.0720 129.2320 69
129.2640 129.3600 70
129.3920 129.4880 69
129.5200 129.5840 67
129.6160 129.6480 65
130.4480 130.4480 62
130.7360 130.7680 62
130.8000 130.8320 61
130.8640 130.9600 59
131.1200 131.2480 61
131.2800 131.4080 62
131.4400 131.5360 64
131.5680 131.6000 62
131.7920 132.4960 59
132.8160 133.3280 54
133.3600 133.4240 55
133.6160 134.4480 55
135.5040 135.6000 59
135.8240 136.3360 62
136.3680 136.9760 59
137.4240 137.5200 65
137.5520 137.7440 67
137.9040 138.1280 67
138.2560 138.4160 62
138.6080 138.6720 64
138.7040 138.7360 65
138.7680 139.5680 66
139.6000 139.6320 65
139.6640 139.8240 64
139.8560 139.8880 62
140.1440 140.2080 62
140.2400 140.2720 63
140.3040 140.7200 64
140.7520 140.8160 63
140.8480 140.9120 60
140.9440 141.3600 59
141.3920 141.6160 60
141.8080 141.9360 59
141.9680 142.3200 60
142.3520 143.4400 59
143.6960 143.7920 55
143.8240 143.9840 54
144.1760 144.2400 54
144.5920 145.3600 55
146.8000 146.8000 59
146.8320 146.8640 62
146.8960 146.9920 63
147.0240 147.1520 62
147.2800 147.4400 59
147.6320 147.7600 62
147.7920 147.8560 64
147.8880 147.9200 63
147.9520 147.9840 62
148.2400 148.2720 65
148.3040 148.3360 66
148.3680 148.9120 67
148.9440 149.0080 69
149.5200 149.6160 67
149.6480 150.2240 69
150.2560 150.2880 68
150.3200 150.5120 67
150.5440 150.7360 66
150.9600 151.0560 66
151.0880 151.6640 67
152.2400 152.2720 66
152.3040 152.3680 67
152.4000 152.4320 68
152.4640 152.5280 69
152.7520 152.9760 69
153.0080 153.4560 67
153.6480 153.8080 67
153.8400 153.8720 65
153.9040 154.1280 63
155.8240 155.9200 69
155.9520 156.0160 71
156.2400 156.7840 69
156.8160 156.8480 67
156.8800 156.9120 66
158.5440 158.5760 63
158.6080 158.7360 64
159.1520 159.2480 65
159.2800 159.7280 67
159.7600 159.8240 70
159.8560 159.9520 72
160.3680 160.5280 67
160.5600 161.1360 69
161.1680 161.2960 67
161.3280 161.5520 66
161.8400 162.4160 67
162.4480 162.5120 70
162.5440 162.6720 74
163.2480 163.8880 69
163.9520 164.4640 67
164.4960 165.0400 69
166.5760 166.7040 67
166.9920 167.1840 68
167.7280 167.7920 68
167.9520 168.1760 67
168.2080 168.3040 69
168.4960 168.5920 69
168.8480 169.2640 72
169.2960 169.3920 71
169.5200 169.5840 68
169.6160 169.7440 67
170.1600 170.4480 59
171.0240 171.1520 67
171.1840 171.4720 69
171.5040 171.6960 74
172.0160 172.1760 67
172.2080 172.3680 64
172.5280 172.5920 62
173.4560 173.5200 60
173.6800 173.7760 59
174.2560 174.6400 59
175.2160 175.3120 59
175.4720 175.6320 58
175.6640 175.9200 59
176.1120 176.1760 60
176.4320 176.5920 67
176.6240 177.1360 69
177.1680 177.2320 68
177.2640 177.2960 66
177.3280 177.4240 64
177.4560 177.4880 62
177.5840 177.6480 62
177.6800 177.8080 64
177.8400 178.3840 67
178.4160 178.5120 69
178.8640 178.9600 67
179.1520 179.2160 65
179.4720 179.5680 62
179.6000 179.6960 63
179.7280 179.9840 62
180.0160 180.4640 59
180.6880 180.6880 66
181.1360 181.1680 65
181.2000 181.7760 67
181.9040 182.0640 62
182.2560 182.2880 63
182.3200 182.4160 64
182.4480 182.5440 66
182.8000 182.8640 66
182.8960 182.8960 69
182.9280 183.3440 71
183.3760 183.6960 67
183.7280 183.9200 69
183.9520 184.0480 67
184.2080 184.3360 57
184.4320 184.5600 57
184.5920 184.7520 59
184.9440 185.2640 60
185.8400 186.2560 67
186.3840 186.8640 74
186.8960 186.8960 71
187.0880 187.1520 67
187.3440 187.4400 64
187.5680 188.0160 66
188.0480 188.1760 64
188.2080 188.8160 67
188.8480 189.0080 65
189.3920 189.4880 62
189.5200 189.6800 64
189.8720 189.9040 67
190.0640 190.1280 65
190.4800 190.6400 63
190.6720 190.8000 62
190.9280 191.0880 59
191.2480 191.3760 62
191.4080 191.5040 64
191.5360 191.6320 63
191.7920 192.4640 59
192.6240 192.7200 64
192.7520 192.9440 67
192.9760 193.5200 69
194.0000 194.0960 65
194.1280 194.3520 67
194.3840 194.8000 69
194.8320 195.0880 67
195.2800 195.3440 67
195.4720 195.6320 67
195.8240 195.9840 62
196.0160 196.1120 64
196.1440 196.1440 62
196.4960 196.5280 59
197.1040 197.8720 59
198.0640 198.1920 65
198.2240 198.3840 67
198.4160 198.8640 69
198.8960 199.1200 67
199.4400 199.5680 65
199.6000 199.6960 67
199.7280 199.7920 68
199.8240 200.1440 69
200.8160 200.9120 64
200.9440 201.1040 67
201.3280 201.6160 63
201.9360 202.0640 59
202.7040 203.3120 59
203.5040 203.5680 63
203.6000 203.6640 65
203.6960 203.7920 67
203.8240 204.3360 69
204.8160 205.0080 66
205.0400 205.1680 67
205.2000 205.2320 68
205.2640 205.6160 69
205.6480 205.8080 67
205.9360 206.0000 67
206.3840 206.5760 67
206.7680 206.8960 62
206.9280 207.0240 64
207.3120 207.3120 67
207.3440 207.4400 69
207.4720 207.6320 67
208.0160 208.7840 59
208.9760 209.0720 64
209.1040 209.2320 67
209.2640 209.2960 68
209.3280 209.8080 69
210.2560 210.6080 67
210.6400 210.7040 68
210.7360 211.0880 69
211.2160 211.4400 67
211.8560 212.0480 67
212.2400 212.3360 62
212.3680 212.5280 63
212.8160 212.9760 59
213.4560 214.3840 59
