14.8320 14.9600 63
14.9920 15.0880 62
15.1200 15.3120 60
15.3440 15.6960 59
15.7280 15.8880 57
16.0480 16.2400 58
16.2720 16.3680 56
16.4960 16.6240 55
17.9360 18.0960 55
18.1280 18.3520 60
18.3840 18.4160 56
18.5120 18.5440 56
18.7680 18.8640 58
18.8960 19.0560 55
19.0880 19.2800 53
21.0400 21.2960 62
21.3280 21.5840 58
21.6160 21.7120 60
21.7440 21.7440 57
21.7760 21.8080 55
22.4480 22.6080 60
22.6400 22.6400 58
22.8640 22.8640 59
24.3040 24.4000 54
24.5280 24.8480 56
24.8800 25.1040 59
25.2320 25.4240 61
25.4560 25.5840 62
25.6160 25.8080 63
25.8400 26.0640 62
26.0960 26.2240 63
26.3840 26.4800 62
26.5120 26.7360 61
26.8640 27.1840 59
27.5360 27.6000 59
27.6320 27.8560 61
28.0480 28.3040 54
28.4960 28.8480 54
28.8800 29.0400 56
29.2640 30.0000 54
31.7920 31.9200 54
31.9520 32.0800 56
32.2400 32.3040 57
32.3360 32.6880 59
32.7200 32.8480 61
32.9760 33.0720 61
33.1040 33.2960 63
33.4560 33.5520 62
33.5840 33.7440 63
33.9040 33.9680 62
34.0000 34.2880 61
34.3200 34.6080 59
35.0560 35.1840 59
35.2160 35.3440 61
35.5360 35.8560 59
35.9840 36.1440 61
36.2720 36.4000 62
36.4320 36.5920 63
36.7520 37.2960 63
37.8720 38.0640 61
38.0960 38.2240 63
38.3520 38.4800 66
38.5120 38.7040 63
38.7360 38.7360 58
38.7680 39.0240 56
39.2800 39.4080 54
39.5360 39.8240 56
40.0160 40.1440 62
40.1760 40.3680 63
40.4000 40.4320 62
40.4640 40.5600 61
40.6880 41.0400 61
41.6160 41.8080 61
41.8400 42.0320 63
42.0640 42.1920 66
42.3200 42.4160 68
42.5760 42.8640 66
42.8960 42.9600 67
42.9920 43.2160 62
43.2480 43.5680 61
43.7600 43.9200 62
43.9520 44.1440 63
44.1760 44.2080 59
44.2400 44.3040 57
44.5280 44.6560 58
44.6880 44.8480 59
44.8800 44.8800 57
45.1680 45.1680 59
45.2000 45.3280 62
45.3600 45.4240 60
45.5520 45.6160 58
46.0960 46.1920 54
46.4160 46.6080 56
46.7680 46.8640 62
46.8960 47.1200 63
47.2480 47.3120 62
47.3440 47.4400 61
47.4720 47.8560 59
48.1120 48.1440 56
48.1760 48.3040 57
48.3360 48.4960 59
48.6560 48.7840 56
48.9760 49.2960 58
49.8080 50.0320 59
50.0640 50.3520 61
50.3840 50.4800 62
50.6080 50.7360 66
50.7680 51.2800 63
51.3120 51.3760 61
52.0160 52.1760 59
52.3360 52.4320 60
52.5600 52.6880 61
52.7200 52.7840 59
52.8160 52.8160 57
53.1040 53.3280 56
54.2880 54.4160 54
54.4480 54.4800 55
54.5120 54.6080 56
54.7360 54.8640 57
54.8960 55.0560 59
55.2160 55.5040 61
55.5360 55.6000 62
55.6320 55.7920 63
55.8240 56.0160 62
56.0480 56.2080 63
56.3360 56.4320 62
56.4640 56.7200 61
56.7520 57.2000 59
57.5520 57.6160 59
57.6480 57.8720 61
58.3200 58.5440 54
58.7360 58.8960 54
58.9280 59.3760 56
59.4080 60.0480 54
61.7760 61.9360 54
61.9680 62.0640 56
62.2560 62.3520 57
62.3840 62.5440 59
62.7040 62.8960 61
62.9280 63.0560 62
63.0880 63.2480 63
63.4080 63.5360 62
63.5680 63.7600 63
63.8880 63.9520 62
63.9840 64.2400 61
64.2720 64.5920 59
65.0400 65.1680 59
65.2000 65.3600 61
65.5200 65.9360 59
65.9680 66.0640 61
66.2560 66.3520 61
66.3840 66.6080 63
66.7360 67.1840 63
67.8560 68.0800 61
68.1120 68.2400 63
68.2720 68.4320 66
68.5920 68.6880 63
68.8160 69.1040 56
69.1360 69.4880 54
69.5200 69.8080 56
69.9680 70.0960 61
70.1280 70.4800 63
70.5120 71.2480 61
71.6320 71.7920 61
71.8240 72.0160 63
72.0480 72.2720 66
72.3040 72.4320 68
72.5600 72.8480 66
73.0080 73.2960 62
73.3280 73.6800 61
73.7120 73.8080 65
73.8400 74.1280 66
74.1600 74.2880 63
74.4480 75.2480 63
76.0480 76.1760 63
76.3040 76.3360 61
76.3680 76.4000 62
76.4320 76.6240 63
76.7840 77.2960 61
77.4560 77.8080 59
78.0960 78.2240 57
78.2560 78.5120 59
78.5440 78.7040 56
78.8640 78.9280 56
78.9600 79.2480 58
79.2800 79.6320 59
79.9520 80.1440 67
80.1760 80.3360 68
80.3680 80.4640 65
80.4960 80.5920 68
80.7200 81.3600 68
81.3920 81.5520 66
81.6800 81.8080 65
81.8400 82.2880 66
82.7040 82.7040 63
82.7360 82.8640 67
82.8960 83.0880 68
83.1200 83.2800 67
83.3120 83.4080 66
83.4400 83.5680 63
83.6960 84.0800 63
84.1120 84.1120 65
84.1440 84.2080 67
84.2400 84.3680 68
84.4000 84.4320 67
84.4640 84.6560 66
84.8800 85.0080 62
85.0400 85.2640 63
85.2960 85.3920 62
85.5200 85.9680 61
86.0000 86.4160 66
86.4480 86.7040 68
86.7360 87.4720 70
87.5040 87.8560 71
87.8880 87.9840 69
88.0160 88.2720 70
88.3040 88.4960 68
88.5280 89.0080 66
89.0400 90.1920 63
90.6720 90.8000 70
90.9600 91.0880 61
91.2160 91.6000 63
91.6320 92.0160 67
92.0480 92.2400 66
92.2720 92.7840 63
93.0400 93.1360 64
93.1680 93.4240 66
93.4560 93.5840 62
93.6160 93.8080 63
93.8400 93.8720 62
93.9040 94.1280 61
94.2560 94.5760 59
94.8960 95.0880 64
95.1200 95.3440 63
95.3760 95.5680 64
95.6000 95.7920 63
95.8240 96.2720 64
96.3040 96.6240 66
96.6560 96.9760 68
97.0080 97.5840 66
97.7440 97.9040 59
97.9360 98.2560 61
98.6400 98.7040 61
98.7360 99.5360 63
99.5680 99.6320 66
99.6640 99.7280 67
99.7600 100.2400 68
100.2720 100.4000 63
100.5600 101.3280 63
101.4880 101.6160 57
101.6480 101.8080 59
101.9360 102.1920 61
102.4160 102.5440 61
102.5760 103.2800 63
103.3120 103.4720 69
103.5040 103.7920 71
103.8240 104.1440 69
104.1760 107.0240 68
107.2800 107.5040 55
107.9840 108.0160 66
108.0480 108.1760 67
108.2080 108.4000 68
108.4320 108.4640 67
108.4960 108.8800 66
108.9120 108.9120 64
108.9440 109.1040 62
109.1360 109.2960 63
109.4560 109.7440 61
109.9040 109.9680 64
110.0000 110.0320 65
110.0640 110.5760 66
110.6080 111.3120 63
111.7600 111.8880 65
111.9200 112.1440 66
112.1760 112.3360 62
112.3680 112.5920 63
112.6240 112.6240 61
112.6560 113.1360 56
113.1680 113.2960 62
113.3280 113.4560 63
113.6480 113.7440 60
113.7760 114.6080 61
115.2800 115.3760 59
115.5360 118.3200 59
118.3520 118.4160 60
118.4480 118.4800 62
118.5120 118.5760 63
118.6080 118.7360 64
121.7760 121.8720 63
121.9040 122.0000 65
122.0320 122.1280 67
122.1600 122.1920 66
122.2240 122.2560 65
122.2880 122.3200 64
122.3520 122.4480 66
122.6080 122.8320 63
122.8640 122.9920 61
123.0240 123.1200 63
123.1520 123.2160 61
123.2480 123.3440 60
123.4720 123.7280 62
123.7600 123.8240 66
123.8560 124.0160 65
124.0480 124.1760 62
124.5280 124.6560 60
125.0720 125.1360 63
125.1680 125.4560 62
125.8400 125.9040 67
125.9360 125.9680 68
126.0000 126.2240 69
126.2560 126.6720 67
126.7040 127.0880 64
127.2480 127.3120 68
127.3440 127.4720 69
127.5040 127.7600 67
127.9520 128.0800 62
128.1120 128.3680 64
128.4000 128.5280 62
128.6560 129.0720 62
129.1040 129.4560 67
129.4880 129.8080 69
129.8400 130.2560 71
130.3840 130.6080 71
130.6400 130.8960 72
130.9280 131.0880 70
131.1200 131.3440 71
131.3760 131.5680 69
131.7280 131.8560 66
131.8880 132.1440 67
132.1760 132.3040 64
132.4320 133.1040 64
133.8080 134.0000 60
134.0320 134.2560 62
134.2880 134.7040 64
134.7360 134.8000 67
134.8320 134.9920 69
135.0240 135.0560 68
135.0880 135.4080 67
135.4400 135.8880 64
136.1120 136.1440 63
136.1760 136.2400 65
136.2720 136.4640 67
136.4960 136.4960 65
136.5280 136.9120 63
136.9440 137.2000 62
137.3280 137.6160 60
137.9360 137.9680 63
138.0000 138.2240 65
138.2560 138.3200 64
138.3520 138.4480 63
138.4800 139.0560 65
139.0880 139.2800 63
139.4080 139.6640 67
139.6960 139.7600 68
139.7920 140.1760 69
140.2080 140.3360 67
140.4320 140.4320 67
140.4960 140.6240 67
140.6560 140.6560 64
140.6880 141.0080 59
141.1360 141.2960 62
141.3280 141.4560 61
141.6800 141.9040 62
141.9360 142.5440 64
142.6720 142.8000 67
142.8320 143.3120 69
143.3440 144.2080 64
144.2400 144.4640 63
144.5600 144.6880 59
144.7200 144.8800 60
144.9120 144.9760 63
145.0080 145.6480 62
145.6800 146.3200 64
146.3520 146.3840 65
146.4160 146.5120 70
146.5440 146.5760 71
146.6080 146.8320 72
146.8640 146.9920 68
147.1200 147.1840 70
147.2160 152.8160 69
155.4400 155.5680 67
155.6000 155.9200 69
155.9520 156.4000 67
156.5280 156.6560 62
156.6880 156.9120 64
157.0080 157.7760 62
157.8080 158.4480 64
159.0560 159.3440 57
159.5360 159.6320 65
159.6640 159.9520 67
159.9840 160.1760 62
160.2080 160.3680 64
160.5600 160.9440 57
160.9760 161.1040 62
161.1360 161.2960 64
161.5200 161.6800 60
161.7120 162.3840 62
163.3760 163.4400 58
163.4720 163.7280 60
164.0160 167.3440 60
168.9760 169.0400 61
169.0720 169.2640 62
169.2960 169.3600 60
169.3920 169.7120 57
169.9040 170.0960 59
171.1200 171.2480 60
171.2800 171.3440 58
171.5040 171.8240 55
171.8560 171.9520 58
171.9840 171.9840 56
172.4640 172.4960 60
172.5280 172.6240 62
172.6560 172.7520 58
172.7840 172.8480 56
174.4480 174.7360 56
174.7680 174.8320 59
174.8640 174.9280 58
175.1520 175.3120 56
176.1440 176.5280 59
176.6560 176.7840 57
176.9760 177.1040 59
