15.9200 15.9840 60
16.0160 16.0480 61
16.0800 16.1760 62
16.3360 16.4000 60
16.4320 16.6240 62
16.6560 16.8480 60
16.9760 17.3920 62
17.6480 17.7760 63
17.8080 17.9360 65
18.4160 18.5440 57
18.5760 19.4400 58
20.0800 20.3040 56
20.5920 20.7520 62
20.7840 20.9440 63
20.9760 21.2000 62
21.4240 21.5840 60
21.6160 21.9680 62
22.4800 22.6720 58
22.9280 22.9920 55
23.0240 23.2800 54
24.0160 24.1120 60
24.1440 24.2080 62
24.4320 25.9040 60
28.1760 28.3360 60
28.3680 28.4960 62
28.6560 28.7520 60
28.7840 28.9440 62
28.9760 29.1040 60
29.2640 29.8400 62
29.8720 29.9680 63
30.0000 30.2240 65
30.7040 30.8000 57
30.8320 31.8240 58
32.4960 32.5280 61
32.5600 33.0080 62
33.0400 33.2640 63
33.2960 33.5200 62
33.6800 33.8400 60
33.8720 34.3200 62
34.7360 34.8320 63
34.8640 35.7600 65
35.9520 36.0800 65
36.1120 36.4320 67
36.4640 36.4640 65
36.6880 36.7200 60
36.7520 36.7840 61
36.8160 37.0080 62
37.0400 37.8080 60
37.8400 38.3200 62
38.3520 38.4480 63
38.4800 38.6080 62
38.6400 39.2480 63
39.8240 39.9840 62
40.0160 40.1440 63
40.1760 40.1760 67
40.2080 40.2720 69
40.3040 40.7200 70
40.9120 40.9440 67
40.9760 41.0400 68
41.0720 41.2640 69
41.4880 42.2880 62
42.3200 42.3520 61
42.8640 42.9600 57
42.9920 43.1200 58
43.1520 43.1520 60
43.1840 43.1840 62
43.2160 43.2160 65
43.2480 43.2480 67
43.2800 43.3760 69
43.4080 43.8240 70
43.9840 44.0800 68
44.1120 44.2720 69
44.3040 44.3040 67
44.6240 45.4880 58
45.9040 46.1600 60
46.3520 46.4800 60
46.5120 46.8960 62
47.0880 47.6000 60
47.6320 48.0480 62
48.2400 48.3360 63
48.3680 48.8800 65
49.0080 49.1360 63
49.1680 49.7760 65
49.8080 50.0960 63
50.1280 50.2560 61
50.2880 50.5120 62
50.5440 51.4720 60
52.0800 52.4320 62
52.4640 52.4640 67
52.4960 52.6560 69
52.6880 53.1360 70
53.1680 53.3280 67
53.3600 53.5520 69
53.7760 54.6400 62
55.1200 55.3440 58
55.5360 55.6640 69
55.6960 55.9840 70
56.0160 56.7200 69
56.9440 57.0720 62
57.1040 57.8400 63
58.1280 58.2880 63
58.3200 58.5120 65
58.6720 58.8000 63
58.8320 59.2800 65
59.3120 59.3120 62
59.4400 59.4720 61
59.5040 59.7600 62
59.7920 60.4320 65
60.4640 60.4960 67
60.5280 60.6240 69
60.6560 61.3920 70
61.4240 61.9040 69
61.9360 62.1600 70
62.5120 62.5440 64
62.5760 62.7040 65
62.8640 63.1840 65
63.2160 63.2480 67
63.2800 63.3440 68
63.3760 63.5680 69
63.6000 64.1440 70
64.1760 64.5280 72
64.5600 65.5200 70
65.9040 66.2240 65
66.2560 66.3520 67
66.3840 66.6720 69
66.7040 66.9280 70
67.0880 67.1840 75
67.2160 67.3120 77
67.4720 68.4960 70
68.9440 69.3600 65
69.3920 69.4880 67
69.5200 69.8720 69
69.9040 70.1280 70
70.1600 70.2240 67
70.2560 70.4160 69
70.5760 70.9280 65
71.2800 71.3760 62
71.4080 71.6320 63
71.6640 71.7600 64
71.7920 71.9200 65
72.0480 72.2080 62
72.2400 72.4000 63
72.4320 72.6560 65
72.8480 72.9760 69
73.0080 73.4560 70
73.5840 73.7120 68
73.7440 74.1280 69
74.1600 74.2560 67
74.2880 74.4160 65
74.5440 74.7040 65
74.8320 75.0560 65
75.1840 75.4720 65
75.5040 75.6320 68
75.6640 75.8880 69
75.9200 76.1440 70
76.1760 76.3040 73
76.3360 76.4960 70
76.5280 76.7840 72
76.8160 77.9680 70
78.1920 78.5760 65
78.6080 78.6720 67
78.7040 78.9600 69
78.9920 79.2480 70
79.4080 79.5360 75
79.5680 79.7600 77
79.7920 79.9200 75
79.9520 80.1120 77
80.1440 80.7840 75
80.8160 81.0080 73
81.0400 81.1680 74
81.2960 81.4560 75
81.4880 81.6160 72
81.6480 81.8080 74
81.8400 82.0640 72
82.4480 82.5440 69
82.5760 82.8000 70
82.8320 82.9600 72
82.9920 83.1520 70
83.1840 83.3440 72
83.3760 83.6000 74
83.6320 83.6320 70
83.9200 83.9840 70
84.0160 84.1440 72
84.1760 85.1040 74
85.1360 85.2960 72
85.3280 85.9680 70
86.0000 86.6080 72
87.0240 87.1200 63
87.1520 87.6960 65
87.7280 87.9200 67
87.9520 88.3360 69
88.3680 88.5600 70
88.5920 88.7840 67
88.8160 89.1040 69
89.1360 89.6160 67
89.6480 89.7760 65
89.8080 91.6960 67
91.8240 91.9200 64
92.0800 92.8480 65
92.8800 92.9440 66
92.9760 93.1360 67
93.2960 93.4560 67
93.4880 93.9040 65
93.9360 93.9680 66
94.0000 94.1280 67
94.1600 94.3840 69
94.4160 94.9280 70
94.9600 95.3440 72
95.3760 96.0160 70
96.3040 97.4560 70
97.6160 97.7760 67
97.8080 97.8080 65
97.8400 98.0640 62
98.2560 98.8960 65
98.9280 98.9600 63
98.9920 99.0880 60
99.1200 99.4080 62
99.4400 100.0160 65
100.0480 100.1120 66
100.1440 100.2400 67
100.2720 100.5280 69
100.5600 100.7840 70
100.8160 100.8800 73
100.9120 101.0720 75
101.1040 101.2640 77
101.2960 102.0960 70
102.4160 103.5680 70
103.7280 103.9520 67
103.9840 104.0480 65
104.0800 104.2400 63
104.4000 105.2640 65
105.2960 105.4880 67
105.6480 105.8400 67
105.8720 106.1600 65
106.1920 106.3840 67
106.4160 106.7680 69
106.8000 107.0240 70
107.0560 107.2160 67
107.2480 107.3440 69
107.4720 108.3360 65
108.5280 109.1040 65
109.1360 109.4560 67
109.7120 109.8400 65
109.8720 110.1600 67
110.1920 110.3840 63
110.5440 111.2480 65
111.4080 111.6320 62
111.6640 112.3360 60
114.3840 114.4800 60
114.5120 114.6720 62
114.8000 114.8960 60
114.9280 115.0880 62
115.1200 115.2160 60
115.3440 115.9200 62
115.9520 116.0800 63
116.1120 116.4000 65
116.7200 116.8480 57
116.8800 117.8080 58
118.6080 118.7680 62
118.9600 119.1200 62
119.1520 119.3760 63
119.4080 119.6000 62
119.7920 119.9520 60
119.9840 120.4640 62
120.9760 121.1040 58
122.4480 122.7040 61
122.8960 122.9600 61
122.9920 124.0800 60
124.1120 124.1760 61
124.7520 125.1360 68
125.3280 125.7440 74
125.7760 125.8080 72
125.8400 126.1600 67
126.1920 126.2880 66
126.6400 126.7680 60
126.8000 126.9600 62
127.0880 127.1840 61
127.2160 127.3760 62
127.6640 128.2080 62
128.2400 128.3360 63
128.3680 128.6560 65
128.9440 129.1360 57
129.1680 129.8400 58
130.9600 131.4080 62
131.4400 131.6960 63
131.7280 131.9520 62
132.0480 132.2400 61
132.2720 132.8160 62
133.1680 133.2960 63
133.3280 134.5760 65
134.7680 134.8320 65
134.8640 134.8960 66
134.9280 135.0880 67
135.1200 135.1200 65
135.3120 135.5680 62
135.6000 136.2400 60
136.2720 136.7840 62
136.8160 137.8720 63
138.2560 138.5440 62
138.5760 138.5760 64
138.6080 138.6400 68
138.6720 138.7680 69
138.8000 139.2480 70
139.3440 139.3760 68
139.4080 139.5360 67
139.5680 139.6640 69
139.6960 139.6960 67
139.7280 139.7280 65
139.7600 140.7840 62
141.1040 141.2000 57
141.2320 141.5840 58
141.6160 141.6480 59
141.6800 141.6800 64
141.7120 141.7120 67
141.7440 141.8400 69
141.8720 142.3200 70
142.4800 142.5760 67
142.6080 142.8000 69
143.0560 143.8560 58
144.3680 144.5920 60
144.7840 144.9120 60
144.9440 145.3920 62
145.5520 146.0320 60
146.0640 146.5440 62
146.7040 146.8320 63
146.8640 147.3440 65
147.3760 147.5680 63
147.6000 148.1760 65
148.2080 148.6240 63
148.6560 148.9760 62
149.0080 149.7440 60
149.7760 150.3840 62
150.5440 150.7040 62
150.7360 150.8960 66
150.9280 151.0560 69
151.0880 151.5680 70
151.6000 151.9200 69
152.0800 153.2320 62
153.5520 153.8080 58
153.9680 153.9680 67
154.0000 154.0960 69
154.1280 154.3520 70
154.3840 155.0880 69
155.2160 155.4080 62
155.4400 156.2720 63
156.6240 156.7200 63
156.7520 156.9760 65
157.1040 157.1680 63
157.2000 157.7440 65
157.8720 158.1920 62
158.2240 158.8640 65
158.8960 159.0880 68
159.1200 159.8560 70
159.8880 160.4320 69
160.4640 160.6240 70
160.9440 161.6480 65
161.6800 161.8080 67
161.8400 162.0640 69
162.0960 162.5760 70
162.6080 162.9280 72
162.9600 164.1440 70
164.3680 164.6560 65
164.6880 164.7200 66
164.7520 164.8160 68
164.8480 165.1360 69
165.1680 165.5200 70
165.5520 165.6160 75
165.6480 165.7760 76
165.8080 166.9920 70
167.4400 167.8240 65
167.8560 167.9520 67
167.9840 168.8800 69
169.0400 169.3600 65
169.6800 169.8720 62
169.9040 170.1280 63
170.1600 170.3840 65
170.5120 170.6400 62
170.6720 170.8640 63
170.8960 171.1200 65
171.3120 171.4400 69
171.4720 171.9520 70
171.9840 172.1760 68
172.2080 172.5920 69
172.6240 172.7200 67
172.7520 172.8800 65
173.0080 173.1680 65
173.3280 173.5200 65
173.6480 173.9360 65
173.9680 174.0640 68
174.0960 174.3520 69
174.3840 174.5440 70
174.7680 175.0240 71
175.0560 175.2800 72
175.3120 176.2080 70
176.4000 176.4960 66
176.6880 177.0080 65
177.0400 177.1360 67
177.1680 177.4560 69
177.4880 177.7120 70
177.8720 178.0000 75
178.0320 178.2240 77
178.2560 178.3840 75
178.4160 178.5760 77
178.6080 179.3120 75
179.3440 179.4720 72
179.5040 179.6320 74
179.7600 179.8880 75
179.9200 180.0800 72
180.1120 180.2720 74
180.3040 180.5600 72
180.9120 181.0080 69
181.0400 181.2320 70
181.2640 181.4560 72
181.4880 181.6800 70
181.7120 181.8080 72
181.8400 182.0320 74
182.0640 182.0960 69
182.4160 182.6080 72
182.6400 183.2160 74
183.2480 183.3120 72
183.3440 183.5680 74
183.6000 183.7600 72
183.7920 184.4320 70
184.4640 184.6240 72
184.6560 184.7840 70
184.8160 185.0720 72
185.4560 185.5840 63
185.6160 186.1280 65
186.1600 186.3840 67
186.4160 186.8000 69
186.8320 186.9920 70
187.0240 187.2480 67
187.2800 187.5680 69
187.6000 188.0480 67
188.0800 188.1760 65
188.2080 190.3840 67
190.6400 191.4080 65
191.4400 191.6000 67
191.7600 191.9200 67
191.9520 192.3680 65
192.4000 192.5920 67
192.6240 192.8160 69
192.8480 193.1360 70
193.1680 193.2320 68
193.2640 193.3920 70
193.4240 193.7760 72
193.8080 194.5760 70
194.6720 195.8880 70
196.0480 196.2400 67
196.3680 196.5600 63
196.7200 197.3280 65
197.4880 197.5520 60
197.5840 197.8400 62
197.8720 198.4800 65
198.5120 198.5440 66
198.5760 198.7040 67
198.7360 198.9920 69
199.0240 199.1520 70
199.2800 199.3120 74
199.3440 199.5680 75
199.6000 199.7280 77
199.7600 199.7600 75
199.7920 199.7920 73
199.8240 200.5600 70
200.9440 202.0320 70
202.1600 202.4160 67
202.5760 202.7040 63
202.8640 203.7280 65
203.7600 203.8880 67
203.9200 204.0480 66
204.0800 204.3360 67
204.3680 204.7200 65
204.7520 204.8480 67
204.8800 205.2320 69
205.2640 205.4560 70
205.4880 205.6800 67
205.7120 205.8080 69
205.8400 205.8720 67
205.9040 206.9280 65
207.0240 207.5680 65
207.6000 207.8880 67
208.1760 208.3040 65
208.3360 208.5600 67
208.5920 208.6240 65
208.6560 208.6880 63
208.7200 208.8480 62
209.0080 209.7120 65
209.7440 209.7440 62
209.8400 210.1280 62
210.1600 210.8960 60
212.8160 212.9120 60
212.9440 213.0080 61
213.0400 213.1040 62
213.2640 213.3600 60
213.3920 213.5840 62
213.8400 214.3200 62
214.5120 214.6400 63
214.6720 214.8640 65
215.3120 215.4400 57
215.4720 216.1760 58
217.1040 217.2000 55
217.2320 217.2960 56
217.5840 217.7440 62
217.7760 217.9360 63
217.9680 218.1600 62
218.3840 218.5120 60
218.5440 218.8320 62
219.4080 219.6000 57
219.9200 220.1440 55
221.0720 221.1360 60
221.1680 221.2960 62
221.5520 221.6800 62
221.7120 222.9920 60
