16.7200 16.7520 56
16.7840 16.9440 57
16.9760 17.1040 59
17.2320 17.3280 55
17.4560 17.6160 59
17.7440 17.9040 55
17.9360 17.9680 58
18.0000 18.0960 59
18.4480 18.6080 59
18.7360 19.4400 57
19.4720 19.4720 59
19.5040 19.6640 62
19.8240 20.3040 62
20.8480 20.8800 55
20.9120 20.9440 56
20.9760 21.0400 57
21.0720 21.2000 59
21.3600 21.4240 56
21.5840 21.6800 59
21.7120 21.7120 57
21.7440 21.9040 55
21.9360 21.9680 54
22.0960 22.2240 59
22.2560 22.2560 57
22.6080 22.7680 59
22.8000 23.5680 57
23.6000 23.6640 60
23.6960 24.3680 62
25.0080 25.2000 62
25.2320 25.3600 64
25.3920 25.3920 61
25.4240 25.6800 59
25.7120 25.8400 62
26.0000 26.1920 57
26.2240 26.3200 59
26.3520 26.3840 58
26.4160 26.5760 55
26.7360 26.8640 59
27.0240 27.8560 57
29.1360 29.1360 58
29.1680 29.3280 62
29.3600 29.5200 64
29.6480 29.8400 59
29.8720 30.0320 62
30.0640 30.0640 60
30.0960 30.3520 57
30.3840 30.5440 59
30.5760 30.6400 56
30.6720 30.9600 55
31.2160 31.3120 57
31.3440 31.3760 58
31.4080 31.5040 59
31.5360 31.5680 58
31.6000 32.0160 57
33.2000 33.2320 56
33.2640 33.4240 57
33.4560 33.5520 59
33.7120 33.8400 55
33.9680 34.0960 59
34.2240 34.4160 55
34.4480 34.4800 58
34.5120 34.6400 59
34.6720 34.8000 56
34.8320 34.8960 57
34.9280 34.9600 58
34.9920 35.1200 59
35.2800 35.9840 57
36.0160 36.0800 60
36.1120 36.2400 62
36.4320 36.8160 62
36.8480 36.8800 61
37.4240 37.5840 57
37.6160 37.7760 58
37.8080 38.0320 55
38.0640 38.0960 56
38.1280 38.2560 59
38.2880 38.2880 57
38.4160 38.4800 55
38.6400 38.7680 59
39.1200 39.1520 58
39.1840 39.2480 59
39.4080 40.0800 57
40.1120 40.1440 58
40.1760 40.2080 61
40.2400 40.9440 62
41.5200 41.7120 62
41.7440 41.9040 64
41.9360 41.9360 61
41.9680 42.2240 59
42.2560 42.4160 62
42.5440 42.7360 57
42.7680 42.9280 59
42.9600 42.9600 57
42.9920 43.1200 55
43.2800 43.4400 59
43.6640 44.0160 57
44.6880 44.9120 52
44.9440 45.0720 53
45.6480 45.6480 60
45.6800 45.7440 63
45.9360 46.0000 62
46.1600 46.2880 64
46.3200 46.5120 62
46.6720 46.9600 64
46.9920 47.0880 66
47.2480 47.6320 66
47.8240 48.1440 59
48.1760 48.4640 62
48.8160 48.9440 58
48.9760 49.1360 59
49.1680 49.2320 60
49.2640 49.4560 62
49.8400 49.8400 66
49.8720 50.1600 69
50.3200 50.8000 69
50.8320 50.9600 71
50.9920 51.8560 66
51.8880 51.9840 67
52.0160 52.0160 65
52.0480 52.4640 59
52.6240 52.8160 60
52.8480 53.2960 62
53.9040 54.0000 68
54.0320 54.5440 69
54.7040 54.9280 69
54.9600 55.1200 71
55.1520 55.9200 66
55.9520 56.1120 67
56.2720 56.5920 59
56.7840 56.9760 62
57.0080 57.3600 64
57.8400 57.9040 61
58.0640 58.1920 62
58.2240 58.7040 60
58.7360 59.3120 59
59.3440 59.5680 60
59.6000 59.8240 62
59.8560 60.0480 66
60.0800 61.3920 67
62.0000 62.3200 62
62.4480 62.8000 60
62.9600 63.4080 59
63.4400 63.6960 60
63.7280 63.9520 62
63.9840 64.0160 66
64.0480 64.2720 67
64.3040 65.6480 69
66.3200 66.6720 69
66.8000 67.3120 69
67.3440 67.5360 71
67.5680 67.6000 68
67.6320 68.3680 66
68.4000 68.5280 67
68.5600 68.5600 65
68.7520 68.9760 59
69.1680 69.3920 60
69.4240 69.8720 62
70.5120 70.5440 68
70.5760 71.0560 69
71.2480 71.4400 69
71.4720 71.7280 71
71.7600 71.8240 67
72.0160 72.5280 66
72.5600 72.6880 67
72.7200 72.7200 64
72.7520 73.2640 59
73.2960 73.4880 62
73.5200 73.5520 63
73.5840 73.9680 64
74.3200 74.3840 60
74.4160 74.7360 62
74.7680 75.0560 59
75.0880 75.2160 60
75.3760 75.8240 59
75.8560 76.0480 60
76.0800 76.2400 62
76.3680 76.5920 66
76.6240 77.8720 67
78.5120 78.8960 62
78.9280 79.3760 60
79.5360 79.9520 59
79.9840 80.2400 60
80.2720 80.4320 62
80.5600 80.7520 67
80.7840 80.9760 69
81.4240 81.5840 67
81.6160 82.0320 66
82.4480 82.6720 67
82.8320 83.0240 66
83.0560 84.1440 67
91.2480 91.6960 57
91.7280 91.7600 58
91.7920 92.0160 59
92.0480 92.1120 58
92.1440 92.2080 55
92.2400 92.6880 54
92.7200 93.1680 55
93.2000 93.2320 54
93.2640 93.3600 53
93.3920 94.1920 52
94.6720 94.9600 50
95.9200 96.6240 54
99.0880 99.3440 51
99.3760 99.4080 54
99.4400 99.5040 57
99.5360 99.6000 58
99.6320 99.8240 59
99.8560 100.0160 55
100.0480 100.1120 56
100.1440 100.3040 59
100.3360 100.3360 57
100.3680 100.6240 55
100.6560 100.7840 59
100.8160 100.8800 58
101.2000 101.2320 58
101.2640 101.3600 59
101.3920 101.4240 58
101.4560 102.1920 57
102.2240 102.2240 60
102.2560 102.3520 62
102.5440 103.0560 62
103.6000 103.6320 56
103.6640 103.7920 57
103.8240 103.9520 59
103.9840 104.2400 55
104.2720 104.2720 57
104.3040 104.4320 59
104.4640 104.4640 57
104.4960 104.8480 55
104.8800 105.0080 59
105.0400 105.0400 56
105.3920 105.5200 59
105.7440 106.2880 57
106.3200 106.3200 59
106.3520 107.1520 62
107.6960 107.8240 62
107.9200 107.9200 62
107.9520 108.0480 64
108.0800 108.0800 62
108.1120 108.3680 59
108.4000 108.5600 62
108.5920 108.5920 59
108.7200 108.8480 57
109.0080 109.1040 59
109.1360 109.1680 57
109.2000 109.4560 55
109.4880 109.6480 59
109.6800 110.5440 57
110.5760 110.6400 56
110.8000 111.0880 52
111.1200 111.2800 53
111.8560 111.8880 61
111.9200 112.0160 63
112.0480 112.2080 62
112.3680 112.4960 64
112.5280 112.5920 61
112.6240 112.7520 62
112.8800 113.1680 64
113.2000 113.3600 65
113.3920 113.6800 66
113.7120 113.7760 62
114.0000 114.1920 59
114.3520 114.4480 59
114.4800 114.6720 62
114.9920 115.4080 59
115.4400 115.6320 62
115.9520 116.0480 67
116.0800 116.3360 69
116.4960 116.9440 69
116.9760 117.1680 71
117.2000 117.2320 69
117.2640 117.3280 65
117.3600 118.0320 66
118.0640 118.1920 67
118.2240 118.2240 64
118.2560 118.6720 59
118.8000 119.0560 59
119.0880 119.5680 62
120.1440 120.1760 68
120.2080 120.4640 69
120.5920 120.7200 69
120.8480 121.1040 69
121.1360 121.2960 70
121.3280 122.1280 66
122.1600 122.3200 67
122.4480 122.8320 59
122.9600 123.1840 62
123.2160 123.2480 63
123.2800 123.6320 64
124.0160 124.1120 61
124.2400 124.4000 62
124.4320 124.8480 60
124.8800 125.4560 59
125.4880 125.7440 60
125.7760 126.0000 62
126.0320 126.0640 65
126.0960 126.2560 66
126.2880 127.7280 67
128.1760 128.4960 62
128.6240 128.9760 60
129.1360 129.5840 59
129.6160 129.8720 60
129.9040 130.1280 62
130.1600 130.1920 66
130.2240 130.4480 67
130.4800 131.8880 69
131.9200 131.9840 70
132.4960 132.5600 66
132.5920 132.6560 68
132.6880 132.8800 69
133.0080 133.5200 69
133.5520 133.7440 71
133.7760 133.8080 68
133.8400 133.9040 65
133.9360 134.5440 66
134.5760 134.7040 67
134.7360 134.7360 65
134.8960 134.9920 59
135.0240 135.0880 58
135.3440 135.5680 59
135.6000 135.8880 62
135.9200 136.1440 63
136.6240 136.7200 68
136.7520 137.2000 69
137.3920 137.6480 69
137.6800 137.8720 71
137.9040 137.9360 69
137.9680 138.0640 66
138.1920 138.6720 66
138.7040 138.8640 67
138.8960 138.8960 63
138.9280 138.9280 61
138.9600 139.0240 58
139.0560 139.4720 59
139.5040 139.7280 62
139.7600 140.1120 64
140.1440 140.2080 65
140.5600 140.6880 61
140.7200 140.9440 62
140.9760 141.1680 60
141.2000 141.2960 59
141.3280 141.4560 60
141.5840 141.6480 59
141.6800 141.8080 60
141.8400 141.9040 58
141.9360 142.0640 59
142.0960 142.3200 60
142.3520 142.4800 62
142.5120 142.5440 63
142.5760 142.6400 68
142.6720 142.8320 66
142.8640 144.2400 67
144.6880 144.7840 60
144.8160 145.0720 62
145.1040 145.5520 60
145.7120 146.1920 59
146.2240 146.4480 60
146.4800 146.7360 62
146.7680 146.9920 67
147.0240 147.2160 69
147.5040 147.6000 66
147.6320 147.7920 67
147.8240 148.4960 66
148.5280 148.8800 67
148.9120 149.0400 66
149.0720 150.3840 67
150.4160 150.5760 66
150.6080 150.7680 64
150.8000 152.0800 62
152.4960 152.5280 59
152.5600 152.6240 60
152.6560 152.8160 59
152.8480 152.8800 58
152.9120 153.6480 57
153.6800 155.4080 59
157.2960 157.3600 62
157.3920 157.3920 64
157.5200 157.5200 66
157.5840 157.7760 67
157.9040 158.6720 67
158.7040 158.8640 66
158.8960 159.0880 64
159.1200 159.1840 61
159.2160 159.5360 62
159.7280 160.4640 62
160.6880 160.7840 59
160.8160 161.0080 60
161.0400 161.1040 59
161.1360 161.2320 56
161.2640 161.9040 57
161.9360 163.6320 59
165.5840 165.7120 67
165.7440 166.0000 69
166.1280 166.6080 69
166.6400 166.8000 71
166.9600 167.6960 66
167.7280 167.8880 67
168.1760 168.2080 58
168.5280 168.6880 60
168.7200 168.9120 62
169.8080 169.8720 67
169.9040 170.1280 69
170.2560 170.4480 69
170.5760 170.8320 69
170.8640 171.0240 71
171.0560 171.4720 66
171.6320 171.8240 66
171.8560 171.9840 67
172.2080 172.5280 59
172.7200 172.8480 62
172.8800 172.9120 63
172.9440 173.2320 64
173.7440 173.8080 61
173.9680 174.1280 62
174.1600 174.6080 60
174.6400 175.1840 59
175.2160 175.4400 60
175.4720 175.7280 62
175.7600 175.8880 65
175.9200 175.9520 66
175.9840 177.2640 67
177.2960 177.3600 68
177.8400 177.9360 62
177.9680 178.0000 61
178.0960 178.1920 62
178.3200 178.7040 60
178.8640 179.0880 59
179.1200 179.3120 60
179.3440 179.3760 63
179.4080 179.4080 65
179.4400 179.4400 67
179.4720 179.5360 69
179.5680 179.6000 70
179.6320 179.7600 71
179.7920 179.7920 69
179.8240 180.4000 67
180.4320 180.7200 69
180.7520 180.8160 70
180.8480 180.8800 65
180.9120 181.0720 64
181.1040 181.6160 62
181.6480 181.7120 63
182.1920 182.2560 66
182.2880 182.5440 69
182.6720 183.1520 69
183.1840 183.3440 71
183.3760 183.4720 65
183.5040 183.8560 66
183.8880 183.9520 65
183.9840 184.1760 66
184.2080 184.3680 67
184.4000 184.4000 65
184.5600 184.6560 59
184.6880 184.8160 58
185.0400 185.2320 60
185.2640 185.2960 61
185.3280 185.6800 62
186.0640 186.2240 65
186.3520 186.3520 66
186.3840 186.8640 69
187.1840 187.2480 67
187.2800 187.2800 69
187.3120 187.5360 71
187.5680 187.6640 67
187.6960 187.6960 65
187.8560 188.0160 67
188.0480 188.3360 66
188.3680 188.5280 67
188.5600 188.5600 63
188.5920 188.5920 61
188.7200 188.7520 57
188.7840 188.8160 58
188.8480 189.1360 59
189.1680 189.3920 62
189.4240 189.7760 64
189.8080 190.0320 67
190.2240 190.2880 61
190.3200 190.5760 62
190.6080 191.1200 60
191.2480 191.3760 59
191.4080 191.5360 58
191.5680 191.7280 59
191.7600 191.9520 60
191.9840 192.2080 62
192.2400 192.3040 68
192.3360 192.4960 66
192.5280 193.9360 67
194.4160 194.6400 62
194.7040 195.2160 60
195.3760 195.7920 59
195.8240 196.1440 60
196.1760 196.3680 62
196.4000 196.4000 64
196.4320 196.5920 67
196.6240 196.6560 68
196.6880 197.1680 69
197.2000 197.4240 67
197.4560 197.5200 68
197.5520 198.0960 66
198.1280 198.3200 67
198.4480 198.6720 66
198.7040 201.3280 67
202.1600 202.3200 67
205.4880 205.5200 65
205.5520 205.8080 67
205.8400 206.3840 66
206.4160 206.6080 67
206.7680 206.9600 66
207.0240 210.0640 67
215.6960 215.7600 66
217.3600 217.5840 57
217.6160 217.7760 59
217.9040 218.0000 55
218.1280 218.2880 59
218.4160 218.5760 55
218.6080 218.6080 57
218.6400 218.8000 59
219.1200 219.2800 59
219.4080 220.1120 57
220.1440 220.1440 59
220.1760 220.3680 62
220.5280 221.0080 62
221.5200 221.7120 57
221.7440 221.8720 59
221.9040 222.0960 56
222.2240 222.3520 59
222.5440 222.6720 56
222.7040 222.7360 58
222.7680 222.8640 59
223.2480 223.4080 59
223.4400 224.1760 57
224.2080 224.2720 58
224.3040 225.0080 62
225.6480 225.8720 62
225.9040 226.0320 64
226.0640 226.0640 62
226.0960 226.0960 60
226.1280 226.1920 58
226.2240 226.3520 59
226.3840 226.5120 62
226.7040 226.8320 57
226.8640 226.8960 58
226.9280 227.0240 59
227.0560 227.0880 58
227.1200 227.2480 55
227.4400 227.5680 59
227.7280 228.2400 57
228.2720 228.3040 56
228.8160 229.0400 52
229.0720 229.2320 53
229.7760 230.0320 62
230.0640 230.1920 64
230.3200 230.4800 59
230.5120 230.6720 62
230.8320 230.9920 57
231.0240 231.0560 58
231.0880 231.1520 59
231.1840 231.2160 58
231.4720 231.7920 55
231.9840 232.0800 57
232.1120 232.1440 58
232.1760 232.2720 59
232.5600 232.9440 57
233.8080 233.9040 57
233.9360 233.9680 58
234.0000 234.3200 59
234.8000 235.0560 52
235.0880 235.1840 53
235.2160 235.2480 54
235.2800 236.0160 55
