34.5120 34.5760 62
34.6080 34.8320 63
34.9600 35.0560 68
35.0880 35.1520 69
35.1840 35.6640 70
36.3040 36.5600 63
36.7200 37.4240 65
38.0640 38.1280 68
38.1600 38.1920 69
38.2240 38.4160 70
38.4480 38.6400 66
38.6720 39.4080 67
39.8880 40.0480 63
40.0800 40.1440 62
40.1760 40.7200 60
41.5200 41.7120 60
41.8720 42.2560 62
42.2880 42.9920 63
43.1840 43.2160 70
43.2480 43.3120 71
43.3440 43.5680 72
43.6000 44.2720 70
44.3040 44.3040 68
44.4000 44.5920 63
44.7840 44.8800 65
44.9120 45.1040 67
45.1360 46.8640 65
47.9520 48.5280 63
48.6560 48.7840 69
48.8160 49.5200 70
49.5520 49.5520 68
49.5840 49.5840 65
49.6160 50.1920 63
50.2240 50.9920 65
51.4080 51.5040 68
51.5360 51.6960 70
51.8880 52.0160 66
52.0480 52.6880 67
52.7200 52.7840 66
53.0400 53.1040 61
53.1360 53.2960 62
53.3280 53.9680 60
54.6400 54.7360 55
54.7680 54.9600 60
55.0880 55.4080 62
55.5680 55.8560 63
55.8880 56.3360 65
56.3680 56.5600 67
56.6880 56.8480 63
56.8800 57.3280 65
58.0000 58.1280 61
58.1600 60.9120 63
64.5280 64.5920 56
64.6240 64.6240 60
64.6560 64.8480 63
64.9760 65.4880 65
65.5200 65.7760 67
66.0960 66.4800 65
66.5120 66.6720 63
66.7040 67.2800 65
67.7920 67.8880 54
67.9200 68.1760 58
68.2080 68.6880 60
68.7200 68.9760 63
69.0080 69.4880 65
69.5200 69.9040 67
70.1280 70.3520 58
70.3840 70.7680 60
71.4720 71.7280 59
71.8560 72.1760 58
72.2080 72.5600 55
72.7520 73.0400 58
73.0720 73.5520 60
73.5840 73.8080 63
73.9360 74.1280 58
74.2880 74.6720 60
74.7040 74.9920 67
75.1200 75.8240 65
75.9520 76.1120 63
76.1440 76.8480 65
77.6160 77.6800 59
77.7120 78.0000 63
78.0320 78.5440 65
78.5760 78.8960 67
79.3120 80.4000 65
80.9120 81.0080 55
81.0400 81.2320 58
81.2640 81.4240 59
81.4560 81.5840 60
81.7120 81.8400 61
81.8720 82.1280 63
82.1600 82.3520 65
82.5440 82.6400 65
82.6720 83.0880 67
83.1200 83.1200 65
83.3440 83.4400 58
83.4720 83.5360 59
83.5680 84.0160 60
84.5920 84.6880 58
84.7200 84.9120 60
84.9440 85.2640 58
85.4240 85.6800 55
85.8080 85.8720 55
85.9040 85.9360 57
85.9680 86.2240 58
86.2560 86.7040 60
86.7360 86.8960 63
87.0560 87.4080 58
87.4400 87.7920 60
87.8240 87.8240 62
87.8560 87.8880 65
87.9200 87.9520 66
87.9840 88.1760 67
88.3360 88.6880 65
88.7200 88.9760 63
89.1680 89.2000 59
89.2320 89.6160 60
89.6480 90.5120 63
91.1200 91.1840 59
91.2160 91.2480 62
91.2800 91.4400 63
91.5680 91.9520 62
91.9840 92.0800 65
92.1120 92.5920 67
92.6240 92.6240 65
92.6560 93.1680 62
93.2000 93.2000 65
93.2320 93.3600 67
93.3920 93.6800 68
93.7120 94.4160 67
94.8640 94.9920 63
95.0240 95.2160 65
95.2480 95.6960 63
95.7280 96.0480 65
96.0800 96.2080 66
96.2400 96.4320 67
96.4640 96.4640 65
96.4960 97.0720 63
97.6800 97.7760 60
97.9040 98.0640 62
98.0960 98.4800 60
98.5120 98.6080 63
98.6400 99.2160 65
99.3760 99.6640 60
99.6960 99.7280 63
99.7600 99.8880 65
99.9200 100.2400 67
100.2720 100.9440 65
101.4240 101.4880 59
101.5200 101.5200 61
101.5520 101.7760 63
101.8080 102.2560 65
102.2880 102.6080 67
102.7680 102.8960 70
102.9280 103.1200 72
103.1520 103.2160 71
103.2480 103.7280 70
104.0160 104.5920 63
104.6240 104.6240 66
104.6560 104.7520 68
104.7840 105.5840 70
105.6160 105.6800 69
105.7120 105.7440 67
105.8720 105.9040 62
105.9360 106.1280 63
106.2880 107.0560 65
107.3760 107.4400 64
107.4720 107.5680 68
107.6000 107.7920 70
107.8240 107.8560 68
107.8880 108.0160 66
108.0480 108.9760 67
109.2640 109.3920 63
109.4240 109.4880 62
109.5200 110.1600 60
110.1920 110.2240 59
110.7360 110.8000 56
110.8320 110.8960 59
110.9280 111.0240 60
111.1520 111.5360 62
111.5680 112.2400 63
112.3680 112.4000 69
112.4320 112.5280 70
112.5600 112.7520 72
112.7840 113.5840 70
113.6160 114.0000 63
114.0320 114.1920 65
114.2240 114.4160 67
114.4480 116.5280 65
117.2000 117.7120 63
117.7440 117.7760 66
117.8080 117.9360 69
117.9680 118.5440 70
118.8320 118.9600 67
118.9920 119.4080 63
119.4400 120.0480 65
120.6240 120.7200 68
120.7520 120.9440 70
121.1360 121.2960 65
121.3280 122.0960 67
122.1280 122.1280 65
122.3200 122.3840 61
122.4160 122.4480 62
122.4800 122.6080 63
122.8000 123.3120 60
123.3440 123.3760 59
123.8880 123.9840 55
124.0160 124.0160 57
124.0480 124.2400 60
124.2720 124.3040 61
124.3360 124.7200 62
124.8480 125.1680 63
125.2000 125.6800 65
125.7120 125.9040 67
125.9360 126.1280 64
126.1600 126.3200 65
126.3520 126.4480 63
126.4800 126.8320 62
127.3760 127.4400 61
127.4720 127.5360 62
127.5680 130.8320 63
153.6160 153.6480 60
153.6800 153.9360 63
153.9680 154.5440 65
154.5760 154.8000 67
155.1840 155.4400 65
155.5680 155.7600 63
155.7920 156.3040 65
156.8800 156.9440 55
156.9760 157.2320 58
157.2640 157.7120 60
157.7440 158.0320 63
158.0640 158.2880 65
158.4160 158.5440 65
158.5760 158.9600 67
158.9920 158.9920 65
159.0240 159.0240 63
159.0560 159.2160 59
159.2480 159.3760 58
159.4080 159.8240 60
160.4640 160.5280 59
160.5600 160.7200 60
160.8480 161.2000 58
161.2320 161.2640 56
161.2960 161.5520 55
161.7120 161.8400 57
161.8720 162.0320 58
162.0640 162.0960 59
162.1280 162.5760 60
162.6080 162.6720 61
162.7040 162.8640 63
162.9920 163.1840 58
163.3440 163.6960 60
163.7280 163.7280 63
163.7600 163.8560 65
163.8880 164.0480 67
164.0800 164.9760 65
165.0080 165.1680 63
165.2000 165.9040 65
166.6720 166.7040 60
166.7360 167.0240 63
167.0560 167.5680 65
167.6000 167.9200 67
168.3040 168.6560 65
168.6880 168.8160 63
168.8480 169.4240 65
169.4560 169.5840 64
170.0000 170.0320 55
170.0640 170.1280 56
170.1600 170.3520 58
170.3840 170.6400 60
170.7680 170.8960 60
170.9280 171.1840 63
171.2160 171.4400 65
171.6320 171.6640 65
171.6960 171.7280 66
171.7600 172.0800 67
172.1120 172.2080 65
172.4000 172.5280 58
172.5600 172.5920 59
172.6240 173.1040 60
173.6480 173.7120 58
173.7440 173.7760 59
173.8080 173.9040 60
173.9360 173.9680 59
174.0000 174.3520 58
174.5760 174.9600 55
174.9920 175.2480 58
175.2800 175.7600 60
175.7920 175.9840 63
176.1120 176.4000 58
176.4320 176.4640 59
176.4960 176.7840 60
176.8160 176.8800 61
176.9120 176.9760 66
177.0080 177.2640 67
177.2960 177.7120 65
177.7440 178.0640 63
178.2560 178.6080 60
178.6400 178.7040 61
178.7360 179.6320 63
180.2080 180.3040 61
180.3360 180.5600 63
180.5920 181.0400 62
181.0720 181.1360 65
181.1680 181.6480 67
181.6800 181.6800 64
181.7120 182.1920 62
182.2240 182.2560 65
182.2880 182.4160 67
182.4480 182.7360 68
182.7680 183.6000 67
183.9200 183.9520 63
183.9840 184.2720 65
184.3040 184.7200 63
184.7520 185.2640 65
185.2960 185.4560 67
185.4880 186.3200 63
186.8000 186.8960 60
186.9280 187.1200 62
187.1520 187.5680 60
187.6000 187.7280 63
187.7600 188.3360 65
188.4640 188.7520 60
188.7840 188.8160 63
188.8480 188.9440 65
188.9760 189.2640 67
189.2960 190.0320 65
190.4800 190.5440 61
190.5760 190.8320 63
190.8640 191.3120 65
191.3440 191.6640 67
191.7920 191.9520 71
191.9840 192.1440 72
192.1760 192.2080 71
192.2400 192.7840 70
192.8160 192.8160 68
192.8480 192.8480 65
192.8800 193.4880 63
193.6160 193.7760 68
193.8080 194.5120 70
194.5440 194.5440 67
194.5760 194.7040 63
194.7360 194.7680 62
194.8960 195.0240 63
195.0560 195.9840 65
196.4000 196.5920 68
196.6240 196.7840 70
196.8160 197.9680 67
198.1600 198.2880 62
198.3200 198.4800 63
198.5120 199.2160 60
199.7280 199.7920 56
199.8240 199.8880 59
199.9200 200.0800 60
200.2080 200.5600 62
200.5920 201.2960 63
201.4240 201.4880 70
201.5200 201.5520 71
201.5840 201.8080 72
201.8400 202.5120 70
202.6400 202.9600 63
203.0880 203.1520 65
203.1840 203.4080 67
203.4400 203.6000 65
203.6320 204.2400 67
204.2720 205.9360 65
206.2240 206.6400 63
206.6720 206.7040 64
206.7360 206.8000 68
206.8320 206.8640 69
206.8960 207.6960 70
207.7280 207.7280 66
207.7600 208.1760 63
208.2080 209.2000 65
209.6480 209.7120 68
209.7440 209.9040 70
210.0960 210.2240 66
210.2560 211.2160 67
211.2480 211.4400 62
211.4720 211.6320 63
211.6640 212.4640 60
212.4960 212.5280 59
212.8480 212.9760 56
213.0080 213.2640 60
213.2960 213.6800 62
213.7120 213.8080 60
213.8400 214.1600 63
214.1920 214.6400 65
214.6720 214.8960 67
214.9280 215.1200 63
215.1520 215.7920 65
216.2720 216.6240 63
216.6560 216.7520 66
216.7840 218.9920 67
219.4720 219.8240 65
219.9520 220.0480 71
220.0800 220.7840 72
220.8160 220.8160 69
220.8480 221.3600 65
221.3920 222.4480 67
222.6080 222.6720 67
222.8000 222.8960 70
222.9280 223.1200 72
223.1520 223.3760 67
223.4080 224.3040 69
224.3360 224.3680 67
224.4000 224.5600 63
224.5920 224.7520 65
224.8800 225.5520 62
226.0000 226.0960 68
226.1280 226.3520 62
226.5120 226.8320 64
226.8640 227.6640 65
227.6960 227.6960 68
227.7280 227.7280 70
227.7600 227.8560 73
227.8880 228.1760 74
228.2080 228.8160 72
228.8480 228.8800 71
228.9120 228.9120 68
228.9440 229.2640 65
229.3920 229.6480 69
229.7760 229.9040 67
229.9360 230.4800 69
230.5120 232.0800 67
232.3360 232.5280 67
232.5600 232.6240 66
232.6560 233.0400 65
233.0720 233.0720 69
233.1040 233.9680 72
234.0000 234.0000 68
234.0320 234.4800 65
234.5120 235.5360 67
235.7280 235.7600 67
235.8560 235.8560 67
235.8880 235.9520 70
235.9840 236.2720 72
236.3040 236.3040 70
236.3360 236.4960 68
236.5280 237.4240 69
237.4560 237.4560 67
237.4880 237.5200 65
237.5520 237.6800 63
237.7120 237.8400 65
237.8720 238.6400 62
239.2160 239.2800 59
239.3120 239.6320 62
239.6640 239.8880 64
239.9200 240.1120 63
240.1440 240.3680 65
240.4000 240.4320 66
240.4640 240.9760 67
241.0080 241.1680 69
241.2000 241.3600 68
241.3920 241.4880 65
241.5200 241.7120 67
241.7440 241.8080 65
241.8400 242.6720 64
242.7040 244.9120 65
245.8400 246.0960 62
246.2560 246.4800 64
246.7680 247.0880 65
247.1200 247.7280 67
247.7600 247.9200 69
247.9520 247.9840 67
248.0160 248.2400 65
248.2720 249.2000 67
250.5440 254.0960 65
302.1280 302.1920 62
302.2240 302.4480 63
302.6080 302.6400 68
302.6720 302.8000 69
302.8320 303.5040 70
303.9200 304.1760 63
304.3360 305.0400 65
305.6800 305.8080 68
305.8400 306.0320 70
306.0640 306.0960 67
306.1280 306.2880 66
306.3200 307.1840 67
307.5040 307.7920 62
307.8240 308.4000 60
309.1360 309.3600 60
309.5200 309.8720 62
309.9040 310.6400 63
310.8000 310.8640 70
310.8960 310.9600 71
310.9920 311.1520 72
311.1840 311.2160 71
311.2480 311.9840 70
312.0160 312.0160 68
312.0480 312.2400 63
312.4000 312.5280 65
312.5600 312.7840 67
312.8160 314.4800 65
315.6000 316.2080 63
316.2400 316.2400 65
316.2720 317.1680 70
317.2000 317.8080 63
317.8400 318.6720 65
319.0560 319.3440 70
319.5040 320.4320 67
320.4640 320.4640 65
320.6560 320.7200 60
320.7520 320.9760 62
321.0080 321.6480 60
322.2880 322.3520 54
322.3840 322.3840 57
322.4160 322.6080 60
322.7360 322.9920 62
323.1840 323.4720 63
323.5040 323.9840 65
324.0160 324.2400 67
324.2720 324.2720 65
324.3040 324.4640 63
324.4960 324.9120 65
325.6480 325.7120 61
325.7440 325.7440 62
325.7760 328.6240 63
