4.7200 4.8480 61
5.0080 5.0720 61
5.2000 5.4880 61
25.8720 25.9680 63
28.2720 28.3360 61
28.5600 28.6560 60
28.6880 28.8160 61
29.0080 29.2640 58
29.4240 29.4560 58
29.4880 29.9360 59
30.3520 30.5440 57
30.5760 30.6400 59
30.6720 30.7360 62
30.7680 30.8320 64
31.0560 31.1200 60
31.1520 31.2160 61
31.3440 31.9520 59
31.9840 32.1440 58
32.3360 32.9120 57
33.0720 33.1360 59
33.1680 33.4240 61
33.4560 33.7120 59
33.9040 34.3840 57
34.4160 34.5440 60
34.5760 35.5680 61
35.6000 35.6640 60
35.6960 35.7280 59
36.0800 36.3360 54
36.3680 36.4960 57
36.6560 36.6880 59
37.0720 37.2640 57
37.2960 37.3280 58
37.3600 37.6800 59
37.7120 37.7760 58
38.1280 38.3840 54
38.4160 38.5440 57
38.5760 38.5760 59
38.6080 38.6720 62
38.7040 38.8640 64
38.8960 38.9920 63
39.0240 39.1840 61
39.4080 40.1120 59
40.3360 40.4960 57
40.6880 40.8800 58
41.1040 41.4560 61
41.4880 41.7120 59
41.9040 42.0000 56
42.0320 42.2240 57
42.4160 43.7280 57
44.0800 44.2720 61
44.3040 44.7200 64
44.7520 45.0080 66
45.0400 45.1680 62
45.3280 45.6160 64
45.6480 45.6800 62
46.1600 46.2880 61
46.3200 46.5440 64
46.5760 46.5760 62
46.7680 47.0240 59
47.0560 47.2480 57
47.2800 47.7280 59
48.3360 48.5920 61
48.6240 48.6560 64
48.6880 48.8800 66
49.0080 49.0720 62
49.1040 49.2320 61
49.4240 49.7120 64
50.1280 50.3520 61
50.3840 50.5120 63
50.5440 50.8000 59
50.9920 51.1520 61
51.4720 52.6560 68
53.1040 53.2640 61
53.2960 53.8400 65
54.1280 54.3200 61
54.3520 54.5120 66
54.5440 54.6720 64
54.7040 54.7680 63
54.8000 54.8000 60
55.0880 55.2480 61
55.2800 55.4400 59
55.6320 55.7280 59
55.7600 55.9200 58
55.9520 56.0800 59
56.2400 56.3680 64
56.5600 56.9120 57
57.1680 57.2960 55
57.3920 57.4240 57
57.4560 57.9680 59
58.0960 58.2240 59
58.5120 58.7680 64
58.8000 58.9920 63
59.0240 59.0560 62
59.0880 59.2160 61
59.3760 59.5040 59
59.7280 59.7280 58
59.8240 59.8560 58
59.8880 60.1120 59
60.1440 60.2080 61
60.2400 60.4320 62
60.5280 60.5920 62
60.6240 60.7200 63
60.7520 61.1040 64
61.1360 61.3600 62
61.5520 61.9040 66
62.1280 62.5440 66
62.5760 62.6080 67
62.6400 62.7360 68
62.8640 62.9280 66
63.0880 63.3120 66
63.3440 63.6000 68
63.6320 63.7920 69
63.8240 64.0480 71
64.0800 64.1120 69
64.3040 64.4000 69
64.5920 64.5920 63
64.6240 64.9120 66
65.1360 65.3280 61
65.3600 65.4240 63
65.5520 65.8080 66
65.8400 65.8400 62
66.0960 66.3200 61
66.3520 66.5760 66
66.6080 66.7040 64
66.7360 66.8320 63
66.8640 67.3440 61
67.3760 67.6000 59
67.6320 68.5600 57
73.6160 73.8080 58
76.2400 76.3680 57
76.6560 76.6880 59
76.7200 76.7840 61
77.3600 77.9680 59
78.3840 78.5760 57
78.6080 78.7360 62
78.7680 78.8960 64
78.9920 79.2160 61
79.3760 80.1120 59
80.4000 80.4960 57
80.6240 81.1360 57
81.1680 81.3600 61
81.3920 81.6480 59
81.9040 82.2880 57
82.3200 82.3840 58
82.4160 82.5440 59
82.5760 83.6640 61
84.1760 84.4000 55
84.4320 84.7200 57
84.7520 84.9440 61
85.3920 85.8080 59
85.8400 85.9680 58
86.0640 86.3520 54
86.3840 86.6080 58
86.6400 86.7040 61
86.7360 86.8640 64
86.9920 87.1520 66
87.4080 88.2080 59
88.4000 88.5280 56
88.6560 89.0720 57
89.4240 89.6480 59
89.6800 89.9360 54
89.9680 91.6640 57
92.0800 92.2720 61
92.6560 92.8480 66
93.0400 93.3600 61
93.3920 93.8080 64
94.1280 94.2560 61
94.3840 94.4800 64
94.7040 94.8320 59
94.9920 95.2160 57
95.3760 95.9520 59
96.0800 96.3360 59
96.3680 96.4640 61
96.6240 96.8800 66
97.0080 97.3920 61
97.4240 97.8080 64
98.1280 98.2880 61
98.3200 98.4800 64
98.5120 98.5120 61
98.6080 98.8960 59
99.0880 99.2160 61
99.3760 99.5680 66
99.6000 100.0480 68
100.1760 100.3360 61
100.3680 100.6240 64
100.6560 100.9120 66
101.1040 101.3280 61
101.3600 101.4880 66
101.5200 101.9360 64
101.9680 102.2880 61
102.3200 102.5120 59
102.8960 103.0560 59
103.0880 103.2160 61
103.2480 103.4080 64
103.5360 103.9200 57
104.1760 104.2400 55
104.4320 104.8160 59
105.1040 105.2960 59
105.3280 105.5200 62
105.5520 105.7760 64
105.8080 106.2240 61
106.3840 106.4800 59
106.6080 106.8320 61
106.8640 107.0880 59
107.1200 107.6320 62
107.6640 108.1120 64
108.1440 108.3040 61
108.3360 108.4000 64
108.4320 108.8800 66
109.1040 109.5520 66
109.5840 109.7440 68
109.8720 109.9680 66
110.1280 110.3520 66
110.3840 110.6080 68
110.6400 110.7360 69
110.7680 110.8640 70
110.8960 110.9600 71
111.0240 111.2160 68
111.2480 111.4400 69
111.5680 111.9520 66
111.9840 112.3680 61
112.5280 112.8160 66
113.0720 113.3600 61
113.3920 113.5840 66
113.6160 113.7760 64
113.8080 114.0960 61
114.3200 114.4160 59
114.6080 114.8320 66
114.9600 115.1200 61
115.3120 115.6000 66
115.6320 116.0160 65
116.4320 116.5280 65
116.7520 116.7520 64
117.0400 117.1360 58
117.1680 117.2960 59
117.3280 117.3600 60
117.3920 117.4560 61
117.6800 118.3200 61
118.6720 118.7360 58
118.9600 119.0880 56
119.6640 119.7600 60
119.7920 119.9200 61
119.9520 120.1760 59
120.6560 120.8480 66
120.9760 121.2640 68
121.2960 121.3280 67
121.7760 121.8400 68
122.3200 122.4480 65
122.8320 122.9280 69
122.9600 123.2800 68
123.3120 123.3120 66
123.5680 123.7280 67
123.7600 123.8880 68
123.9200 124.2400 66
124.3680 124.4960 65
124.6560 124.8160 66
125.1360 125.2640 65
125.2960 125.3920 63
125.4560 125.5200 63
125.6800 126.1280 61
126.1920 126.2240 61
126.7040 126.8320 57
127.0880 127.2480 56
127.3760 127.6320 57
127.9520 128.0160 59
128.3360 128.3680 61
128.7200 128.8160 64
129.1360 129.2640 61
129.2960 129.2960 56
129.8720 130.5760 54
130.6400 132.5280 54
132.5600 132.6240 52
137.9680 138.0640 62
138.3520 138.4160 63
138.4480 138.5760 67
138.8320 139.0880 69
142.7360 142.9280 63
143.6640 143.7600 65
151.3440 151.4400 64
151.5680 151.6320 65
154.3200 154.3520 64
154.4160 154.6400 64
154.6720 154.9280 66
155.1520 155.2800 61
155.3120 155.5680 65
155.6000 155.8560 64
155.8880 155.9200 62
156.0480 156.2400 61
156.4000 156.4960 59
156.6880 157.0080 59
157.0400 157.1680 60
157.2960 157.3600 64
157.3920 157.4560 63
157.6800 158.0640 57
158.2880 158.3520 55
158.3840 158.9920 59
159.1840 159.3760 59
159.4080 159.5360 61
159.5680 159.7920 64
159.8240 159.9520 62
159.9840 160.2400 61
160.3680 160.4960 59
160.6240 160.8480 61
160.8800 161.1040 59
161.1360 161.2320 61
161.2640 161.4240 62
161.5520 161.6800 62
161.7120 162.1600 64
162.1920 162.3520 61
162.3840 162.4480 63
162.5760 162.9600 66
163.1840 163.6320 66
163.6640 163.7920 68
163.9520 164.0160 66
164.1760 164.3680 66
164.4000 164.6240 68
164.6560 164.8480 69
164.8800 165.0400 71
165.0720 165.2960 68
165.3280 165.4880 69
165.6160 165.6160 63
165.6480 165.9360 66
166.5760 166.9280 66
167.1520 167.3760 61
167.4080 167.5040 66
167.6640 167.7920 64
167.8240 168.0160 62
168.2080 168.4000 62
168.4320 168.5600 64
168.7200 168.9120 64
168.9440 169.9680 66
170.0960 170.5120 69
170.5440 170.9920 66
171.1200 171.1520 67
171.1840 171.6640 69
171.6960 171.9200 71
172.0800 172.2400 61
172.3680 172.5600 59
172.7840 173.1680 59
173.5520 173.9680 57
174.1920 174.3520 54
174.3840 174.5120 57
174.5440 174.8320 59
175.1200 175.2480 59
175.2800 175.3440 58
175.6320 175.6640 62
175.6960 175.8880 64
175.9200 176.0800 62
176.1120 176.2720 61
176.3680 176.5280 59
176.5600 176.7840 61
176.9120 177.1040 59
177.1360 177.6800 62
177.7120 178.1280 64
178.1600 178.2560 61
178.4160 178.6400 64
178.6720 178.9280 66
179.0880 179.6000 66
179.6320 179.8560 68
179.8880 179.9520 66
180.1120 180.3360 66
180.3680 180.8160 68
180.8480 181.0720 71
181.1040 181.2640 68
181.2960 181.4240 69
181.4560 182.0640 66
182.0960 182.3200 61
182.3520 182.5120 64
182.5440 182.8640 66
183.0880 183.3120 61
183.3440 183.5680 66
183.6000 183.7920 64
183.8240 184.1120 61
184.3040 184.5280 59
184.5600 185.7120 57
186.1280 186.3200 61
186.3840 186.4800 64
186.5120 186.8320 66
187.1200 187.2480 61
187.4720 187.7280 64
187.8240 188.3680 61
188.6560 190.8000 66
196.6560 196.9760 66
201.7440 202.0000 64
