22.7360 22.8640 56
23.0880 23.5040 56
23.5360 23.6640 55
23.9200 24.0800 55
30.1280 30.2880 51
30.3200 30.4160 53
30.6400 30.6720 50
30.7040 32.1120 49
32.1440 32.1440 47
32.2400 32.5280 47
33.2000 33.2960 48
33.3280 33.4240 49
33.4560 33.5840 51
33.6160 33.7440 50
33.7760 33.8080 49
33.8400 33.8720 48
33.9040 34.3520 47
34.3840 34.4800 48
34.5120 34.5760 49
34.6080 34.6400 50
34.6720 35.2480 51
37.6480 37.8720 51
37.9040 38.0320 52
38.0640 38.1600 54
38.1920 38.2560 53
38.2880 38.8960 51
38.9280 39.1200 52
39.3120 39.3760 51
39.4080 39.5040 50
39.5360 40.3680 49
41.2320 41.6480 49
41.7760 41.9360 51
41.9680 42.0000 53
42.0320 42.1280 54
42.1600 43.2800 51
43.4720 43.5360 51
45.0720 45.7760 51
45.8080 45.9040 54
46.0320 46.8000 51
46.9920 47.0560 51
47.0880 47.1520 50
47.1840 47.8880 49
47.9200 48.1120 48
48.9760 49.0400 50
49.0720 49.2000 49
49.2320 49.2640 48
49.2960 49.7120 47
49.8720 50.3840 49
50.4160 50.5760 50
50.6080 50.9600 51
53.0400 53.1040 50
53.1360 53.3600 51
53.3920 53.5200 54
53.7120 54.3520 51
54.3840 54.5120 52
54.6720 54.7360 51
54.7680 54.8960 50
54.9280 55.6960 49
56.4320 56.8800 49
56.9120 56.9760 48
57.1040 57.2000 51
57.2320 57.4560 53
57.4880 58.5760 51
60.3680 60.4000 56
60.5920 60.7200 56
60.8480 61.0400 55
61.0720 61.2000 56
61.4240 61.6800 54
61.9040 62.5760 54
62.6080 62.6720 51
62.7040 62.7360 49
62.9920 63.1200 49
63.1520 63.1840 50
63.2160 63.7600 51
63.7920 63.9200 50
64.6240 64.6880 51
64.7200 64.8160 52
64.8480 64.9760 54
65.0080 65.0400 52
65.0720 65.4560 50
65.4880 65.7120 49
65.7440 65.7440 47
65.8080 65.8400 47
65.9360 66.2240 47
66.2560 66.3200 48
66.3520 66.7360 49
66.7680 67.2480 51
67.3120 67.4400 51
68.2400 68.3680 56
68.5280 68.7200 54
68.7520 68.8800 56
69.0400 69.8720 54
70.0000 70.1600 54
70.3520 70.4480 48
70.5760 70.7680 50
70.8000 71.8560 51
75.6000 75.6960 54
75.8560 75.8880 56
75.9200 76.0160 58
76.1440 76.8160 59
76.8480 77.2000 61
77.2320 77.5840 59
77.7440 77.7760 56
77.8080 78.1920 58
78.2240 79.0240 59
79.0880 79.3120 59
79.6640 79.7920 59
79.9200 80.1760 68
80.3360 80.4640 62
80.4960 80.6880 63
80.8480 81.2960 56
81.4880 81.5520 60
81.5840 81.7120 59
81.7440 81.9040 56
82.0640 82.2240 59
82.2560 82.6080 56
83.2480 84.2080 59
84.3680 84.5600 56
84.5920 84.8480 58
84.8800 84.9760 56
85.1360 85.5200 54
85.8720 85.9680 51
86.2880 87.8560 56
91.1840 91.2480 48
91.2800 91.3120 50
91.3440 91.5040 51
91.5360 91.9520 52
91.9840 92.1120 49
92.4000 92.8800 49
92.9120 93.0080 48
94.8320 95.1200 50
95.1520 95.1840 48
95.2160 95.5680 47
95.7920 95.8560 48
96.0480 96.3360 49
96.3680 96.7520 50
98.9600 98.9920 49
99.0240 99.0560 50
99.0880 99.3120 51
99.3440 99.4400 53
99.6320 100.1120 51
100.3360 100.4320 52
100.5920 100.6880 51
100.7200 100.8160 50
100.8480 101.7120 49
102.8320 102.8640 48
102.8960 103.2160 49
103.2480 103.3760 53
103.5680 103.6320 49
103.7600 104.0800 49
104.1120 104.2720 50
104.3040 104.6240 51
106.7040 106.8000 51
106.9280 107.0880 52
107.1200 107.2480 54
107.3760 107.4720 52
107.5040 107.9200 51
108.1120 108.1760 52
108.2080 108.5280 50
108.5600 109.3600 49
109.7760 109.8720 51
109.9040 110.0320 50
110.0640 110.1600 49
110.2880 110.4800 47
110.5120 110.6400 49
111.0240 111.1840 48
111.2160 111.8560 49
111.8880 112.0480 50
112.0800 112.4320 51
112.5600 112.6880 51
114.6080 114.8000 51
114.8320 115.1200 54
115.3760 115.6640 51
115.7920 115.9520 52
115.9840 116.1120 51
116.1440 116.2400 50
116.2720 117.1680 49
117.7760 117.8080 53
117.8400 118.0000 54
118.3520 118.4800 56
118.5120 118.5760 57
118.6080 118.6400 58
118.6720 119.2800 59
119.3120 119.6640 61
119.6960 119.7600 62
119.7920 121.0080 63
121.0400 121.7760 62
121.8080 121.9040 63
121.9360 122.0960 62
122.1280 122.2560 61
122.2880 122.4800 59
122.5120 122.7680 61
122.8000 122.9280 59
122.9600 123.1520 58
123.7920 123.9520 62
123.9840 123.9840 58
124.1440 124.4640 61
124.4960 124.5280 59
124.5600 124.6240 58
124.7200 125.0080 59
125.0400 126.1920 61
126.2240 126.2560 60
126.3200 126.5440 59
126.5760 127.1200 58
127.1520 127.3440 59
127.3760 127.6320 58
127.6640 127.8560 59
127.8880 128.1120 58
128.1440 128.3360 59
128.3680 128.5600 58
128.5920 128.8160 59
128.8480 129.0080 58
129.0400 129.8400 56
131.5040 131.6000 58
131.6320 131.7280 61
131.8560 131.9520 62
132.0800 132.2080 61
132.2400 132.4320 59
132.4960 132.7200 59
132.7520 133.8400 61
133.8720 134.0320 60
134.1920 134.5760 58
134.6080 134.7680 57
134.8960 135.1840 54
135.2160 136.0160 56
139.2160 139.2800 57
139.4400 140.4000 59
140.4320 140.8160 61
140.9440 141.2960 59
141.5840 142.6720 59
142.8000 142.9600 59
142.9920 143.1520 56
143.3120 143.5040 59
143.5360 143.8240 56
144.0160 144.1760 64
144.2080 144.4640 62
144.5920 145.2000 56
145.2320 145.4560 59
145.4880 145.7120 56
145.7440 145.9680 59
146.0000 146.3200 56
146.8640 147.9200 59
148.0800 148.2720 56
148.3040 148.5600 58
148.5920 148.7520 56
148.8480 149.2960 54
149.3280 149.4560 51
149.5840 149.7120 51
150.1280 151.3440 56
152.8160 152.8480 55
155.2480 155.2800 62
164.0800 164.1440 61
164.2720 164.3680 63
166.6400 166.7360 63
178.4480 178.5760 71
178.7360 178.8960 66
184.1760 184.2080 62
184.4000 184.5280 61
185.6800 185.8080 53
185.9680 185.9680 52
186.0000 186.1920 56
186.4160 186.7040 57
186.7360 187.1840 55
187.2160 187.2800 52
187.3120 187.3760 54
187.4080 187.4720 52
187.5040 187.5680 53
187.9200 188.0800 53
188.4000 188.5600 55
189.3600 189.4880 55
189.5520 190.1920 56
190.4480 191.2160 56
191.2480 191.3440 54
192.8800 193.1360 62
193.1680 193.2960 61
193.7120 193.7120 62
194.1280 194.1920 66
194.7040 194.8320 62
195.2160 195.2480 66
197.2640 197.2640 61
197.4560 197.6160 62
198.2240 198.7360 61
199.3760 199.4080 65
199.4720 199.6960 61
201.7760 201.8080 62
202.0640 202.0640 66
203.0240 203.0240 64
203.3760 203.4720 61
203.6640 203.7600 62
204.8160 204.9440 60
205.7120 205.8400 63
205.8720 205.9360 65
206.3840 206.4800 61
206.6080 206.6720 61
207.4080 207.5040 61
210.0640 210.2240 62
210.7360 210.7680 59
212.6240 212.6560 58
212.6880 212.7520 62
213.7120 213.7120 66
213.8400 214.0000 66
214.2240 214.2560 67
214.6400 214.7040 59
215.1200 215.3120 61
216.7520 216.7520 68
216.7840 217.7120 71
217.7440 218.0960 69
218.1280 218.3520 70
218.3840 218.5440 68
218.5760 218.5760 65
218.7040 219.0240 66
219.0560 219.0880 64
219.2800 219.5040 62
223.3760 223.4400 60
224.7200 225.3920 59
225.4880 225.5840 59
225.6160 225.9040 61
225.9360 226.0320 60
227.4720 227.6000 58
227.7280 227.8560 58
228.1760 228.4960 68
229.5520 229.7440 68
232.4640 232.6560 59
232.7200 232.9440 59
233.0080 233.1040 58
233.1360 233.3600 59
233.4240 233.8080 61
233.8400 233.9360 59
234.0320 234.1600 59
234.1920 234.2560 58
234.5440 234.6720 58
234.8640 235.1520 59
235.4080 235.5360 62
235.5680 235.7600 63
235.8880 235.9520 62
235.9840 236.0480 63
236.0800 236.1440 67
236.1760 236.2080 66
236.3680 236.4640 71
236.4960 236.5920 67
236.6560 236.6560 67
237.0080 237.0400 63
237.0720 237.3920 68
237.8720 238.1280 71
238.6080 238.6720 70
238.7040 238.8000 65
239.4400 239.7920 68
239.9840 240.1440 69
240.3040 240.4960 69
240.7200 241.2000 68
241.2320 241.5200 70
241.5520 241.6800 68
241.8720 242.0000 66
242.2880 242.3520 63
242.5120 243.5360 70
243.5680 243.6960 71
243.8240 244.6880 71
245.0080 245.2320 70
245.4560 245.6800 71
245.9360 246.4480 70
246.8960 247.1200 68
247.1520 247.2160 66
247.7280 247.7920 64
248.0160 248.0160 68
248.1120 248.2720 68
248.5920 248.6240 66
248.8480 248.9760 67
249.0080 249.2000 66
249.8400 249.9680 65
250.0000 250.1920 63
250.5440 250.6400 62
252.2080 252.4320 67
253.0400 253.1040 68
253.2320 253.3600 64
253.7440 254.0000 61
254.2560 254.2880 64
255.8880 256.1440 67
256.3040 256.4640 68
256.6560 256.8160 70
257.1040 257.1040 67
257.3280 257.4560 66
258.3520 258.4160 65
258.8320 258.9600 68
259.2480 259.4400 68
259.4720 259.6000 65
259.6320 260.1440 62
260.2720 260.4320 63
260.6560 261.0400 61
261.0720 261.1680 66
261.2000 261.5520 61
262.2240 262.2240 67
262.3200 262.4480 68
262.8000 262.9920 64
263.3440 263.3440 67
263.7920 264.0800 67
264.2400 264.3040 67
264.6560 264.7840 66
264.9760 265.1040 66
265.4240 265.6800 67
266.1280 266.2880 70
266.4160 267.7600 71
267.7920 267.7920 66
268.0480 268.1760 66
268.2400 268.4000 66
268.7200 268.8160 66
268.9440 268.9440 68
269.0080 269.2320 67
269.8400 270.1920 67
270.3840 270.4160 65
270.5120 270.5120 64
271.3440 271.5680 66
271.8560 272.5280 62
272.6560 272.7520 61
273.1360 273.1680 58
273.7760 273.9360 58
274.0640 274.0640 58
274.1280 274.1600 58
274.4480 276.2720 59
276.3680 276.3680 58
276.4640 277.4240 59
277.5520 277.7440 59
277.9040 278.7680 59
278.8960 280.4320 59
280.5280 282.3200 59
282.3840 289.3280 59
289.4560 290.9280 59
290.9920 291.6000 59
