4.5920 4.7520 62
4.9760 5.3600 67
5.3920 5.4880 66
5.5200 5.8720 67
5.9040 6.0000 66
6.0320 6.0960 67
6.1280 6.8320 65
6.8640 7.0240 67
7.0560 7.1520 66
7.2800 7.8880 70
7.9200 7.9840 69
8.0160 8.0480 68
8.1760 8.8160 67
9.0080 9.5840 60
9.8400 10.1920 60
10.6720 10.7040 69
10.7360 10.7680 70
10.8000 10.8960 71
10.9280 10.9280 69
10.9600 11.1200 66
11.1840 11.3120 66
11.3440 11.4720 69
11.5040 11.5360 67
11.5680 11.8240 65
23.9840 25.0720 58
25.8400 25.8720 54
25.9040 25.9680 55
26.1920 26.3840 60
26.4160 26.4800 59
26.5120 26.8320 58
27.9520 28.4320 60
28.4640 29.2000 63
29.2320 29.2960 65
29.4240 29.6160 65
29.6480 29.7440 63
29.7760 29.9680 60
30.1600 30.4160 58
30.4480 30.6400 59
30.6720 31.8560 58
32.6560 32.6880 57
32.7200 32.8480 58
32.8800 33.6480 60
34.3520 34.3840 57
34.4160 34.6080 58
34.8000 34.8320 59
34.8640 35.3120 60
35.3440 35.6640 62
35.6960 35.9200 63
36.9760 37.3280 63
37.3600 38.3200 65
38.4480 38.7680 65
38.8000 39.0560 67
39.0880 39.1520 66
39.1840 39.2480 68
39.2800 39.5680 67
39.6000 40.6560 65
41.2960 41.3600 68
41.3920 42.0000 67
42.0320 43.3760 70
43.4080 43.4400 67
43.4720 43.9200 65
43.9520 44.0800 67
44.1120 44.1440 66
44.2720 44.3360 66
44.3680 44.6560 65
44.6880 44.8160 63
44.8480 45.0400 62
45.0720 45.2640 63
45.2960 45.3280 62
45.6160 45.7440 57
45.7760 45.9360 58
45.9680 46.2880 59
46.3200 46.6720 60
46.7040 46.8960 65
46.9280 47.0240 63
47.0560 47.4400 60
47.4720 47.5040 58
47.5360 47.6960 57
47.7280 47.7600 56
47.7920 47.9840 55
48.1440 49.1680 58
49.8080 50.3200 58
50.3520 50.5760 60
50.7040 50.7360 61
50.7680 50.8000 62
50.8320 51.3120 63
51.3440 51.3760 62
51.4080 51.4720 61
51.5040 51.6640 60
51.8240 51.9520 58
52.1440 52.4960 65
52.5280 52.8160 67
52.8480 52.9120 68
52.9440 53.3280 65
53.3600 53.6480 63
53.6800 53.8080 62
53.8400 53.9680 63
54.3840 54.5760 63
54.6080 54.6720 65
54.7040 54.7680 64
54.8000 54.9280 63
55.1200 55.2800 65
55.3120 55.6960 67
55.7280 56.2080 65
56.2400 56.2720 64
56.3040 56.4640 63
56.4960 56.8800 60
57.0080 59.5680 63
59.9520 60.1760 62
60.2080 60.5280 63
60.5600 61.3280 65
61.3600 61.4240 66
61.4560 61.8400 67
62.0000 62.2560 65
62.2880 62.5760 67
62.6080 62.6720 66
62.7040 62.8960 65
62.9280 62.9600 62
62.9920 63.1200 60
63.1520 63.3120 61
63.3440 63.5040 62
63.5360 64.4960 63
65.1360 65.1680 59
65.2000 65.2000 62
65.2320 65.2320 66
65.2640 65.3920 70
65.5200 65.7440 70
65.8400 65.8400 70
65.8720 66.1280 72
66.1600 66.1920 71
66.2240 66.9280 70
66.9600 67.2480 72
67.2800 67.3440 71
67.3760 67.5680 70
67.6000 68.9760 67
69.4880 69.8400 60
69.8720 70.0960 63
70.1280 70.2560 65
70.2880 70.6720 63
70.7040 71.0240 60
71.0560 71.2800 59
71.3120 71.4400 60
71.6320 72.0800 68
72.1120 72.3040 70
72.4320 72.6880 72
72.7200 72.7520 71
72.7840 72.9120 70
72.9440 73.1680 71
73.2000 73.3920 70
73.4240 73.5520 67
73.8400 74.7040 65
74.8960 75.2160 65
75.2480 75.4400 67
75.4720 75.5360 66
75.5680 75.6640 65
75.7920 76.0160 63
76.0480 76.1120 66
76.1440 76.4640 63
76.4960 76.9440 65
76.9760 76.9760 63
77.3920 77.8720 63
77.9040 78.0320 65
78.2880 79.1520 67
79.3120 79.5360 65
79.6640 79.7280 68
79.7600 80.0160 67
80.0480 80.0800 66
80.1120 80.7200 65
80.7520 80.8160 63
80.8480 81.5200 62
81.5520 81.9040 63
82.5440 82.6080 67
82.6400 83.0560 70
83.2480 83.5360 72
83.5680 83.7600 71
83.7920 84.2720 70
84.3040 84.6880 72
84.7200 84.7520 71
84.7840 84.8800 70
84.9120 85.1360 67
85.2320 86.4800 67
86.8320 86.8960 59
86.9280 87.0240 60
87.0560 87.5040 63
87.6640 88.0480 63
88.0800 88.2080 60
88.2400 88.2400 58
88.3680 88.4320 59
88.4640 88.6560 60
88.6880 88.7200 59
88.8800 89.0080 66
89.0400 89.3920 65
89.4240 89.9680 67
90.1600 90.3200 65
90.3520 90.4480 64
90.4800 90.6400 65
90.6720 90.7040 64
90.7360 91.6320 63
91.6640 92.7520 65
93.0720 93.1680 65
93.3600 93.4240 64
93.4560 94.0000 63
94.1280 94.2880 63
94.3200 94.3840 62
94.4160 94.6400 60
94.8320 95.1840 65
95.2160 95.4400 67
95.4720 95.5680 66
95.6000 96.1760 65
96.4640 96.8480 65
97.0080 97.3280 67
97.3600 97.4240 66
97.4560 97.5840 65
97.7440 97.8400 63
97.8720 98.0960 62
98.1280 98.9280 63
98.9600 99.4400 62
99.4720 99.9520 63
99.9840 100.2720 62
100.3040 100.9440 63
100.9760 101.2640 62
101.2960 101.3920 63
111.7920 112.1440 62
112.4320 112.5600 60
112.5920 112.7200 59
112.7520 112.8160 60
112.9760 113.0080 69
113.0400 113.1360 70
113.1680 113.2320 71
113.2640 113.6160 72
113.6480 113.6800 71
113.7120 114.1920 70
114.2240 114.2880 69
114.3200 114.3520 68
114.3840 114.6720 67
115.1840 115.9840 65
116.1440 116.2400 67
118.9600 119.0240 63
121.5840 122.5440 58
123.4400 123.5680 55
123.7920 124.0160 60
124.1760 124.4000 58
125.5200 126.0320 60
126.0640 126.7680 63
126.8000 126.8960 65
127.0240 127.2160 65
127.2480 127.3120 63
127.3440 127.3760 61
127.4080 127.5680 60
127.7600 128.0160 58
128.0480 128.2400 59
128.2720 129.2640 58
130.2560 130.2880 57
130.3200 130.4480 58
130.4800 130.5440 60
130.5760 130.6400 59
130.6720 131.1520 60
131.9520 131.9840 57
132.0160 132.2080 58
132.3680 132.9120 60
132.9440 133.2640 62
133.2960 133.5200 63
134.5440 134.9280 63
134.9600 135.9200 65
136.0480 136.3680 65
136.4000 136.6560 67
136.7840 136.8480 68
136.8800 137.1680 67
137.2000 138.2240 65
138.8960 139.6000 67
139.6320 139.7920 70
139.8240 139.8880 71
139.9200 140.9440 70
140.9760 140.9760 68
141.0080 141.0080 66
141.0400 141.1040 64
141.1360 141.4880 65
141.5200 141.6800 67
141.7120 141.7120 65
141.8720 141.9360 66
141.9680 142.2560 65
142.2880 142.4160 63
142.5440 142.8960 63
143.1840 143.3440 57
143.3760 143.5360 58
143.5680 143.7920 60
143.8240 144.0480 59
144.0800 144.2400 60
144.2720 144.4640 65
144.4960 144.5920 63
144.7200 145.0080 60
145.0400 145.2320 58
145.2640 145.3280 57
145.3600 145.5840 55
145.7440 145.7760 57
145.8080 145.9360 58
145.9680 146.0320 57
146.0640 146.1280 58
146.1600 146.2240 57
146.2560 146.3200 58
146.3520 146.4160 57
146.4480 146.6720 58
147.4080 147.9200 58
147.9520 148.1440 60
148.3040 148.3360 61
148.3680 148.4000 62
148.4320 148.9120 63
148.9440 148.9760 62
149.0080 149.0720 61
149.1040 149.2320 60
149.4240 149.5840 58
149.7440 150.0960 65
150.1280 150.3200 67
150.3520 150.4160 66
150.4480 150.5440 67
150.5760 150.8960 65
150.9280 151.4720 63
151.5040 151.5360 62
151.9520 152.1760 63
152.2080 152.2720 65
152.3040 152.3360 64
152.3680 152.5600 63
152.7200 152.8800 65
152.9120 153.2640 67
153.2960 153.3280 66
153.3600 153.7760 65
153.8080 153.8720 64
153.9040 154.0000 63
154.0320 154.0960 65
154.1280 154.1280 63
154.1600 154.5440 60
154.5760 156.5600 63
156.5920 156.6560 62
156.6880 157.2000 63
157.5200 157.5840 63
157.6160 157.6800 62
157.7120 158.1280 63
158.1600 158.9280 65
158.9600 159.4080 67
159.6000 159.8560 65
159.8880 160.2400 67
160.2720 160.3040 66
160.3360 160.4960 65
160.5280 160.5280 62
160.5600 160.7200 60
160.7520 160.9120 61
160.9440 161.1680 63
161.2000 161.2640 62
161.2960 161.5200 63
161.5520 161.6160 62
161.6480 162.0960 63
162.7360 162.7680 60
162.8000 162.8000 63
162.8320 162.8320 67
162.8640 162.9600 70
163.1200 163.3120 70
163.4720 163.6960 72
163.7280 163.8240 71
163.8560 164.5280 70
164.5600 164.8480 72
164.8800 164.9760 71
165.0080 165.1680 70
165.2000 165.6480 67
165.6800 165.7440 66
165.7760 166.5760 67
167.0880 167.1200 59
167.1520 167.4400 60
167.4720 167.6960 63
167.7280 167.8240 66
167.8560 168.2720 63
168.3040 168.6240 60
168.6560 168.9120 59
168.9440 169.0400 60
169.2320 169.6480 68
169.6800 169.8720 70
170.0000 170.2880 72
170.3200 170.3520 71
170.3840 170.5760 70
170.7040 170.9920 70
171.0240 171.1520 67
171.4400 172.2720 65
172.4960 172.7840 65
172.8160 172.9760 67
173.0080 173.1360 66
173.1680 173.2320 65
173.3920 173.6160 63
173.6480 173.7120 65
173.7440 174.0640 63
174.0960 174.5120 65
174.5440 174.5760 64
174.7680 175.2160 62
175.2480 175.4400 63
175.4720 175.6320 65
175.8560 176.7200 67
176.7520 176.7520 65
176.8800 177.2000 65
177.2320 177.2960 71
177.3280 177.5840 67
177.6160 177.6800 66
177.7120 178.3200 65
178.3520 178.4800 63
178.5120 178.7360 62
178.7680 178.8320 63
178.8640 178.9280 62
178.9600 179.1840 63
179.2160 179.2800 62
179.3120 179.4720 63
180.0160 180.1120 72
180.1440 180.2080 68
180.2400 180.6240 70
180.6560 180.6560 68
180.8480 181.1360 72
181.1680 181.8720 70
181.9040 182.2560 72
182.2880 182.3520 71
182.3840 182.4800 70
182.5120 182.6720 67
182.8320 182.8960 69
182.9280 183.2160 67
183.2480 183.3120 66
183.3440 183.4080 67
183.4400 183.5040 66
183.5360 184.0800 67
184.4320 184.4640 59
184.4960 184.6240 60
184.6560 185.0720 63
185.2320 185.6480 63
185.6800 185.8080 60
185.8400 185.8400 58
185.9680 186.2880 60
186.4800 186.9920 65
187.0240 187.5680 67
187.7600 187.9520 65
188.0800 188.2400 65
188.2720 188.3040 64
188.3360 189.2320 63
189.2640 190.3840 65
190.4160 190.5120 67
190.9600 191.0240 64
191.0560 191.8880 63
191.9200 191.9840 62
192.0160 192.2400 60
192.4000 192.7840 65
192.8160 193.0400 67
193.0720 193.1680 66
193.2000 193.7760 65
194.0640 194.4160 65
194.5760 194.9280 67
194.9600 195.0240 66
195.0560 195.1200 65
195.1520 195.1840 64
195.3120 195.3760 63
195.4080 195.6320 62
195.6640 195.7280 63
195.7600 195.8240 62
195.8560 196.0800 63
196.1120 196.1760 62
196.2080 196.2720 63
196.3040 196.3680 62
196.4000 196.4640 63
196.4960 196.5600 62
196.5920 197.4560 63
197.4880 197.5520 62
197.5840 197.6480 63
197.6800 197.7440 62
197.7760 197.8400 63
197.8720 197.9360 62
197.9680 198.1280 63
198.7360 198.8000 63
198.8320 199.0880 62
199.1200 199.3440 63
199.3760 200.1440 65
200.1760 200.6240 67
200.7840 201.0720 65
201.1040 201.3600 67
201.3920 201.5200 66
201.5520 201.6800 65
201.7120 201.7440 63
201.7760 201.9040 60
201.9360 202.1280 61
202.1600 202.2880 62
202.3200 203.1840 63
203.2160 203.3120 64
203.9520 203.9520 59
203.9840 203.9840 62
204.0160 204.0160 65
204.0480 204.0480 68
204.0800 204.1760 70
204.3040 204.6560 70
204.6880 204.8800 72
204.9120 205.0080 71
205.0400 205.7440 70
205.7760 206.0320 72
206.0640 206.1920 71
206.2240 206.3520 70
206.3840 207.7600 67
208.3040 208.6560 60
208.6880 208.8800 63
208.9120 209.0080 66
209.0400 209.4560 63
209.4880 210.2560 60
210.4480 210.8640 68
210.8960 211.0880 70
211.2160 211.4720 72
211.5040 211.5360 71
211.5680 211.7920 70
211.9200 212.2080 70
212.2400 212.3680 67
212.6560 212.8480 64
212.8800 213.4880 65
213.7120 214.0000 65
214.0320 214.1920 67
214.2240 214.3200 66
214.3520 214.4480 65
214.5760 214.8320 63
214.8640 214.9280 65
214.9600 215.2480 63
215.2800 215.5040 64
215.5360 215.7280 65
215.7600 215.7920 64
216.2080 216.2720 63
216.3040 216.4000 62
216.4320 216.6560 63
216.6880 216.8480 65
217.0720 217.9360 67
218.0960 218.4160 65
218.4480 218.5120 69
218.5440 218.8000 67
218.8320 218.8960 66
218.9280 219.5360 65
219.5680 219.8560 63
219.8880 219.9520 62
219.9840 220.0480 63
220.0800 220.3040 62
220.3360 220.4000 63
220.4320 220.4960 62
220.5280 220.6880 63
221.3280 221.3920 67
221.4240 221.8720 70
222.0320 222.3200 72
222.3520 222.4160 71
222.4480 223.0880 70
223.1200 223.4080 72
223.4400 223.5680 71
223.6000 223.6960 70
223.7280 223.9520 67
223.9840 224.0800 72
224.1120 224.1760 68
224.2080 224.9760 67
225.0080 225.0720 66
225.1040 225.2960 67
225.6160 225.6480 59
225.6800 225.8080 60
225.8400 226.2880 63
226.4480 226.8000 63
226.8320 226.8640 62
226.8960 226.9600 60
226.9920 227.0240 59
227.1200 227.5040 59
227.6640 227.7600 66
227.7920 228.1760 65
228.2080 228.7520 67
228.9760 229.1360 65
229.2640 229.4880 65
229.5200 230.4160 63
230.4480 231.0560 65
231.0880 231.1520 64
231.1840 231.5680 65
232.1760 232.2400 63
232.2720 232.4000 62
232.4320 232.7840 63
232.8160 232.8800 62
232.9120 233.0720 63
233.1040 233.1680 62
233.2000 233.4560 60
233.6160 233.9680 65
234.0000 234.2560 67
234.2880 234.3840 66
234.4160 234.9920 65
235.2800 235.6320 65
235.7920 236.1760 67
236.2080 236.3360 65
236.3680 236.4000 64
236.5280 236.7200 62
236.7520 236.9760 63
237.0080 237.0720 62
237.1040 237.7440 63
237.7760 237.8400 62
237.8720 237.9360 63
237.9680 238.0320 62
238.0640 238.1600 63
238.1920 238.2560 62
238.2880 238.3520 63
238.3840 238.4480 62
238.4800 238.7680 63
238.8000 238.8640 62
238.8960 238.9920 63
239.0240 239.0880 62
239.1200 239.1840 63
239.2160 239.2800 62
239.3120 239.3760 63
239.4080 239.6640 62
239.6960 239.7600 63
239.7920 239.8560 62
239.8880 239.9520 63
239.9840 240.0480 62
240.0800 240.3680 63
