4.4000 4.4320 66
51.6960 51.8880 56
53.2960 53.3600 56
55.0240 55.1200 56
88.7200 88.7520 60
88.7840 89.0080 61
89.2960 89.5200 61
89.6480 89.7120 62
89.7440 89.8080 61
89.8400 89.9680 60
90.2560 90.3520 59
90.4800 90.7040 62
90.8640 90.9280 62
90.9600 91.0880 61
96.5280 96.5600 60
96.5920 96.7840 61
97.0080 97.2640 61
97.4240 97.5840 61
97.9360 97.9680 58
98.0000 98.4160 59
104.4000 104.4320 60
104.4640 105.6160 61
105.9680 106.0640 59
106.2560 106.3840 61
106.4800 106.5760 59
106.7360 106.8000 59
110.2240 110.2240 59
110.4480 111.6000 63
111.6320 111.8240 64
111.9200 111.9520 63
112.1120 112.7840 63
112.8160 114.0960 64
114.1280 114.6720 63
114.7040 115.0240 64
115.0560 115.5680 63
115.6000 115.8560 62
116.1440 116.6560 59
117.1680 117.6160 59
117.6480 117.8400 61
117.8720 118.0000 60
118.1280 118.2560 61
118.2880 118.5760 62
119.1200 119.5360 62
119.7280 120.2080 59
125.2000 125.3600 58
125.3920 125.5840 59
125.7440 125.9040 61
125.9360 125.9360 59
126.2240 126.3200 61
126.3520 126.4480 62
126.6720 126.7680 61
127.2160 127.3120 61
127.3440 127.5040 62
127.5360 127.6640 61
127.6960 127.7280 59
127.8240 128.7200 59
133.2640 133.3920 58
133.4240 133.6800 59
133.8400 134.0000 61
134.0320 134.2240 59
134.2560 134.4800 61
134.7360 134.8960 61
135.3120 135.8240 61
135.8560 135.9840 59
139.0560 139.1520 66
139.6640 140.0800 66
144.4960 144.6240 63
144.9440 145.7440 64
145.8080 146.0640 64
146.3520 146.4160 64
146.6400 146.7680 63
146.9600 147.1840 64
147.4400 147.9520 63
148.3360 148.6240 63
148.9120 149.1680 63
149.4560 150.1600 62
150.1920 150.3200 60
150.5440 150.9280 59
151.2480 151.8240 62
151.8880 152.5280 62
153.6480 153.7760 61
153.8080 154.9600 59
164.5920 165.0400 61
165.4240 165.5840 61
165.7120 165.8080 58
166.0320 166.5760 59
166.6720 166.6720 59
166.7360 166.7680 59
167.5360 167.8560 62
167.9520 168.0480 62
168.2400 168.3360 61
172.0160 172.7200 62
172.9440 173.1040 66
173.2640 173.3920 63
173.9360 173.9680 59
174.0320 174.0640 59
174.1280 175.5360 61
180.2400 180.3360 62
180.7200 180.8160 64
181.1680 182.4800 64
182.6400 182.8640 63
183.2800 183.5360 62
183.6960 183.8880 61
184.3680 184.4320 59
184.5600 184.6880 59
185.4240 185.5520 62
188.1120 188.1760 59
188.3360 188.5920 59
193.2640 193.3920 60
193.5840 193.6480 62
196.6560 196.6560 59
196.7200 196.7200 58
196.7840 196.8480 58
197.1360 197.2960 59
202.9600 203.1520 65
205.1680 205.2640 61
212.5920 214.2240 64
214.6400 214.6400 63
214.7680 214.7680 63
214.9920 215.9840 64
216.0800 217.5520 64
217.5840 218.3200 62
218.7360 218.8960 59
219.2160 219.2480 60
220.2080 220.3680 63
222.5440 222.6080 63
222.8320 223.0240 64
233.1040 233.6480 62
233.8400 234.0320 61
234.1920 234.2560 58
234.5120 235.0560 59
235.7920 236.0480 59
236.4960 236.5280 59
236.5600 236.9120 62
241.2640 241.7120 62
243.5680 243.6640 58
243.8240 243.9520 58
244.0800 244.0800 59
244.1760 244.4320 58
244.7520 244.8160 56
245.1360 245.1360 56
246.1920 246.5120 59
246.5760 247.3120 59
249.7440 249.9040 59
250.4480 250.5120 57
251.8560 251.9520 65
252.0800 252.4640 62
252.7840 253.0400 59
253.2000 253.2960 59
254.9280 255.1520 64
255.6960 255.7600 65
257.3280 257.4240 65
257.9040 258.0960 74
258.1280 258.3840 72
258.5760 258.7360 72
258.7680 259.3440 74
261.9680 262.0320 62
262.2880 262.5760 63
264.3040 264.7520 65
268.1120 269.7760 64
269.9360 270.1600 64
270.1920 270.2560 66
270.4160 270.8000 59
270.9600 271.1520 62
271.4080 271.5360 64
272.2720 272.3360 64
272.7200 272.7840 65
273.5520 273.7760 62
273.9680 274.1600 62
282.6080 282.7360 69
283.0560 283.5360 64
283.5680 283.6000 62
283.8880 283.8880 63
285.1360 285.5200 65
286.2560 286.4480 58
286.6400 286.7680 62
286.8960 287.0560 63
287.1840 287.3760 62
287.4080 287.4080 59
303.5680 303.7600 67
321.8720 322.0320 72
322.5760 322.7040 72
327.5680 327.7280 74
327.8880 328.4000 74
351.5680 351.6320 74
375.5680 376.1120 67
377.5200 377.7760 75
380.4960 381.8720 75
383.6640 385.5840 75
392.0800 393.0720 68
393.1040 393.8720 66
396.0480 396.6560 66
396.7840 398.2880 75
400.1760 401.0400 75
410.2240 410.9920 75
411.1840 411.2480 75
413.3600 413.5200 75
413.7440 414.5760 75
417.7440 418.0320 73
419.1840 419.5040 74
440.3360 440.4320 72
440.6240 440.7840 72
448.0800 448.2080 71
458.1600 458.2240 71
462.0000 462.1280 71
462.2880 462.4160 72
462.6720 462.8000 72
469.7760 470.1600 71
472.3680 472.7200 71
473.5200 473.8080 71
476.1760 476.4000 71
