12.2400 12.4320 62
12.4640 13.1680 59
13.3600 13.6480 59
16.2720 16.3680 61
16.5920 16.7200 60
16.7520 16.8800 59
16.9120 17.0400 60
17.0720 17.4880 59
19.4080 19.4720 51
19.5040 19.8240 53
19.8560 20.1440 52
20.3360 20.4640 55
20.4960 20.6240 57
23.0560 23.2480 54
23.4400 23.5040 54
23.5360 23.7600 57
26.3200 26.4160 57
26.5760 26.6720 57
26.7040 26.7680 59
27.0560 27.3440 54
27.4720 27.7920 54
27.8240 28.0160 53
28.1760 28.3680 52
28.4000 29.1040 51
30.1600 30.1920 52
30.2240 30.2560 53
30.2880 30.3840 54
30.9920 31.2480 54
31.7920 31.9200 51
31.9520 32.1120 50
33.8080 33.8400 53
33.8720 34.0320 54
34.2240 34.4160 52
37.3280 37.3920 51
37.4240 37.4560 53
37.4880 37.8400 54
37.8720 38.7680 57
39.9840 40.0480 55
40.0800 40.2400 57
40.3680 40.5920 59
40.6240 40.7520 57
40.8800 40.9440 60
40.9760 41.0400 62
41.3280 41.5840 59
41.7760 41.9680 59
42.0000 42.3520 57
42.5440 42.6080 57
42.6400 42.8960 59
43.1520 43.5680 57
44.4640 44.5600 52
44.5920 44.7520 55
44.9440 45.1040 57
46.0320 46.0960 54
46.2880 46.3840 54
46.4160 46.8960 57
47.0880 47.1200 60
47.1520 49.3280 62
49.5520 49.6160 62
51.5680 51.6960 50
51.7280 51.9520 54
52.0800 52.3360 57
52.5280 52.5600 60
52.5920 52.6240 61
52.6560 52.9440 62
52.9760 53.3280 61
53.3600 53.4240 59
53.4560 53.4880 62
53.5200 53.5840 63
53.6160 54.1600 64
54.1920 54.6400 62
54.8320 54.8640 60
54.8960 54.9280 61
54.9600 55.2160 62
55.2480 56.0800 61
56.9440 57.1040 59
57.1360 57.5520 61
57.6800 58.1600 61
58.2560 58.3520 60
58.3840 58.4160 61
58.4480 58.7680 62
58.8000 59.6960 59
60.5600 60.6560 58
60.6880 60.8480 59
61.0080 61.1040 59
61.2640 61.3920 58
61.4240 61.6480 59
61.6800 62.1920 57
62.2240 62.2560 56
62.3840 62.4480 55
62.4800 62.5120 56
62.5440 62.7360 57
62.7680 62.9280 55
63.1840 63.5360 55
64.2080 64.3360 52
64.3680 64.8160 55
65.1040 65.2960 55
65.3280 65.3920 54
65.8720 66.0000 51
66.0320 66.0960 52
66.1280 66.3200 54
66.3520 66.3840 55
66.4160 66.6400 57
66.8640 66.8640 59
66.8960 67.2800 62
67.3120 67.6960 61
67.7280 67.8240 62
67.8560 67.8880 63
67.9200 68.3040 64
68.3360 68.3680 63
68.4000 68.9440 62
69.1360 69.2640 61
69.2960 69.5840 62
69.6160 70.7040 61
71.2800 71.3120 62
71.3440 71.3760 63
71.4080 71.9840 64
72.0160 72.0480 63
72.1760 72.2400 62
72.2720 72.3040 63
72.3360 72.4960 64
72.6560 73.0080 61
73.0400 73.3600 62
73.3920 74.3520 59
74.8960 75.0240 57
75.0560 75.4400 59
75.6640 75.7600 58
75.7920 75.9840 59
76.0160 76.0480 58
76.0800 76.4960 57
76.5280 76.9440 55
77.1680 77.3280 62
77.4880 77.9360 62
78.2560 78.3520 57
78.5120 78.5760 58
78.6080 78.6400 61
78.6720 79.0880 62
79.2160 79.5360 62
79.5680 79.5680 60
79.6000 79.7920 57
79.9200 80.3040 57
80.3360 80.3680 61
80.4000 83.8880 62
83.9200 84.1760 61
84.2080 84.2720 62
84.3040 84.4320 63
84.4640 84.5280 64
85.1040 85.1680 61
85.3600 85.4240 60
85.4560 85.5200 63
85.5520 86.4160 64
86.6080 86.8320 68
86.9920 87.1840 68
95.1840 95.4400 52
95.5680 95.6000 55
95.6320 95.7280 56
95.7600 96.3360 57
98.2560 98.3200 53
98.3520 98.5120 54
98.7040 98.7360 55
98.7680 98.8320 56
98.8640 99.6640 57
101.5200 101.8400 57
101.8720 101.9680 59
102.0000 102.0320 58
102.2560 102.5440 54
102.7360 103.0560 54
103.0880 103.2480 52
103.4720 103.6640 53
103.6960 103.7600 52
103.7920 104.3680 51
105.4240 105.4880 51
105.5200 105.5840 54
105.6160 105.6480 55
105.6800 106.0960 56
106.1280 106.8640 55
107.1840 107.3760 51
107.4080 107.4720 50
107.6320 107.7600 51
107.7920 107.9840 52
108.0160 108.1440 53
108.9120 108.9760 50
109.0080 109.0720 53
109.1040 109.2960 54
109.3280 109.7760 52
109.8080 109.8400 53
109.8720 109.9040 55
109.9360 109.9680 56
110.0000 110.4160 57
111.5680 111.6000 57
111.6320 111.6320 59
111.6640 112.4320 62
112.4640 112.7200 61
112.7520 112.8480 60
112.8800 113.0720 62
113.2640 113.4240 61
113.4560 113.8400 62
113.8720 114.4480 61
114.4800 114.6400 60
115.1200 115.5360 57
115.5680 115.7920 59
115.8240 115.8880 56
115.9200 116.0480 57
116.2080 116.3040 60
116.3360 116.4640 62
116.6240 116.9440 59
116.9760 117.0400 57
117.0720 117.1680 58
117.2000 117.3280 59
117.3600 117.3920 58
117.4240 117.5520 57
117.7440 117.7760 56
117.8080 117.8400 57
117.8720 117.9360 58
117.9680 118.1600 59
118.3520 118.6720 57
118.7040 118.7360 56
119.4400 119.5360 51
119.6960 119.7600 53
119.7920 119.8240 54
119.8560 119.9840 55
120.1760 120.3360 57
120.3680 120.4000 56
120.4320 120.8800 55
121.2000 121.4240 55
121.4560 121.5200 56
121.5520 121.7760 58
121.9360 122.2560 58
122.2880 122.4160 60
122.4480 122.8000 62
123.1840 123.6000 54
123.7280 123.9520 57
124.1440 124.2080 59
124.2400 124.2720 61
124.3040 124.6240 62
124.6560 124.9440 61
124.9760 125.0720 60
125.1040 125.2000 63
125.2320 125.9040 64
125.9360 126.2880 62
126.4480 126.5760 61
126.6080 126.9600 62
126.9920 128.1440 61
128.5920 128.7520 59
128.7840 129.2000 61
129.3600 129.7760 61
129.8080 129.8400 60
129.9360 130.0000 60
130.0320 130.0960 61
130.1280 130.4160 62
130.4480 131.6320 59
132.2400 132.3040 57
132.3360 132.3680 58
132.4000 132.5280 59
132.6880 132.7840 59
132.9440 133.0400 57
133.0720 133.1040 58
133.1360 133.2960 59
133.3280 133.3600 58
133.3920 133.4880 57
133.6160 133.9360 57
133.9680 134.1600 55
134.1920 134.4160 57
134.4480 134.5760 55
134.8320 135.0560 55
135.8240 135.9520 52
135.9840 136.2720 54
136.3040 136.4640 55
136.7520 137.1360 55
137.4880 137.7120 53
137.7440 137.7760 54
137.8080 137.9680 55
138.0000 138.2880 57
138.4800 138.5440 60
138.5760 138.8960 62
138.9280 139.3440 61
139.3760 139.4080 62
139.4400 139.5360 63
139.5680 140.0160 64
140.0480 140.6240 62
140.8160 140.9760 61
141.0080 141.3600 62
141.3920 142.4480 61
142.9280 143.0560 62
143.0880 143.7280 64
143.8560 143.8880 62
143.9200 143.9840 63
144.0160 144.1760 64
144.3360 144.7200 61
144.7520 145.1040 62
145.1360 146.0000 59
146.5440 146.6400 58
146.6720 147.1200 59
147.3120 147.4400 57
147.4720 147.6320 59
147.6640 147.6960 58
147.7280 147.7920 57
147.9200 148.0160 57
148.0480 148.1120 56
148.1440 148.5920 55
148.7520 148.7840 59
148.8160 148.9760 62
149.1360 149.5200 62
149.8720 149.9360 57
150.1600 150.1920 59
150.2240 150.2560 60
150.2880 150.3200 61
150.3520 151.3760 62
151.5040 151.7600 64
151.7920 152.1120 65
152.1440 156.3040 66
157.3280 157.3600 63
157.3920 157.4880 64
157.5200 157.5520 65
157.5840 158.0640 66
158.3200 158.4160 60
158.4480 158.7040 61
158.7360 158.8320 59
158.8640 158.8960 60
158.9280 160.4640 61
160.4960 162.4480 59
169.8080 169.9680 67
170.0000 170.0320 68
170.0640 170.1280 69
172.0800 172.4640 69
180.5920 180.6240 52
180.6560 180.6880 53
180.7200 180.8800 54
181.0080 181.2320 57
181.4880 181.5200 60
181.5520 181.5840 61
181.6160 181.9040 62
181.9360 182.2240 61
182.3840 182.4160 62
182.4480 182.5440 63
182.5760 182.7360 64
183.2800 183.5680 62
183.7920 183.8560 61
183.8880 184.1760 62
184.2080 184.3040 61
185.8720 185.9360 59
185.9680 186.0000 60
186.0320 186.0960 61
186.2880 186.3520 61
186.6080 186.7680 61
186.8960 187.0560 61
187.2480 187.2800 60
187.3120 187.3440 61
187.3760 187.5680 62
187.7920 187.9200 59
189.5520 189.5840 56
189.6160 189.6480 57
189.6800 189.7760 58
189.8080 190.1280 59
190.2560 190.2880 57
190.3200 190.6400 58
190.6720 190.7680 57
190.8000 191.2160 56
191.2480 191.3760 55
191.4080 191.5680 57
191.7600 191.8880 55
192.0800 192.4000 55
192.7840 193.7120 55
193.7440 194.4480 54
194.8000 194.8640 53
194.8960 195.0240 52
195.0560 195.2800 54
195.3120 195.5680 57
195.8240 195.8560 60
195.8880 196.4640 62
196.4960 196.6560 61
196.6880 196.7200 62
196.7520 196.8480 63
196.8800 197.3280 64
197.3600 197.8720 62
198.0640 198.2240 61
198.2560 198.5760 62
198.6080 199.3760 61
200.2720 200.3040 62
200.3360 200.4320 63
200.4640 201.0080 64
201.1360 201.2000 62
201.2320 201.2640 63
201.2960 201.4240 64
201.6480 202.0320 61
202.0640 202.4160 62
202.4480 203.2800 59
203.8240 203.9520 57
203.9840 204.4320 59
204.5600 204.6880 57
204.7200 204.7520 58
204.7840 204.9440 59
204.9760 205.1040 57
205.2640 205.4240 57
205.4560 206.0320 55
206.0640 206.0640 57
206.0960 206.0960 59
206.1280 206.2880 62
206.4480 206.8640 62
207.2480 207.4080 57
207.4400 207.5040 60
207.5360 207.6000 61
207.6320 208.0160 62
208.1760 208.6240 62
208.7520 209.0400 64
209.0720 209.3600 65
209.3920 212.3040 66
212.6880 212.7840 67
212.8160 212.8160 69
212.8480 212.8800 71
212.9120 212.9760 72
213.0080 215.5360 73
215.5680 216.3680 74
216.4000 219.5040 71
219.5360 219.7280 69
219.7600 221.5520 67
221.6800 221.8720 67
221.9040 222.0320 65
222.0640 222.1920 64
222.6720 222.7680 63
223.2160 223.5040 64
223.5360 223.7600 65
223.7920 225.2960 66
225.3280 225.3920 67
225.4240 225.4880 68
225.5200 226.9280 69
226.9600 227.1200 67
227.1520 227.5680 72
227.6000 227.6960 74
227.7280 229.7120 73
229.7440 229.8080 72
229.8400 230.1600 69
230.1920 230.2240 68
230.2560 230.3520 67
230.3840 230.6720 66
230.7040 230.7360 69
230.7680 230.8320 70
230.8640 233.8080 71
233.8400 233.9680 69
234.0000 234.0320 68
234.0640 235.6320 67
237.8400 238.0320 64
238.0640 238.1600 65
238.1920 239.6000 66
239.6320 239.8240 67
239.8560 241.5200 69
241.5520 241.6480 72
241.6800 244.2720 73
244.3040 245.1360 74
245.1680 245.3600 70
245.3920 248.2080 71
248.3360 248.4320 71
248.6240 249.2640 67
249.4240 249.4560 61
249.4880 249.6160 62
249.6480 249.6480 60
252.2400 252.5280 65
252.7520 252.8480 65
253.2000 253.9040 66
255.8240 258.5440 73
258.5760 258.6080 68
258.8640 258.8960 68
259.1520 259.4080 67
259.6320 261.1680 66
261.2320 261.2960 66
262.4160 262.8000 66
263.1200 263.1840 66
263.3120 264.0800 62
