6.9600 7.3440 66
7.4720 7.5680 66
13.6480 13.7440 55
13.7760 13.8080 56
13.8400 14.2880 59
14.3200 14.4480 60
14.4800 14.8320 59
14.8640 14.8960 61
14.9280 15.1200 62
15.1520 15.2160 60
15.2480 15.3760 62
15.4080 15.8880 63
17.6480 17.6480 56
17.6800 18.0320 59
18.0640 18.2880 62
18.3200 18.4160 61
18.4480 18.6080 63
18.7040 18.8000 59
18.8320 19.2480 61
19.2800 19.3120 60
19.3440 19.5040 59
19.6960 19.8880 59
19.9200 19.9520 58
20.0480 20.0800 55
20.3040 21.2640 59
21.2960 21.7760 61
21.8080 21.9680 62
22.0000 22.1280 63
23.5040 24.2400 66
24.2720 24.3360 67
24.5280 24.6880 68
24.7200 24.7840 65
24.8160 25.2960 63
25.3280 25.4560 68
25.7440 25.7760 66
25.8080 26.1920 67
26.2240 26.7680 68
26.8000 26.8640 70
26.8960 27.2480 68
27.3760 27.4400 65
27.4720 27.6000 63
27.7600 28.0480 69
28.0800 28.1440 66
28.1760 28.5280 67
28.5600 28.6880 72
28.7200 28.7840 73
30.0640 30.1280 61
30.1600 30.3520 67
30.3840 30.7360 68
30.9920 31.0880 67
31.1200 31.5360 68
31.5680 31.6000 65
31.7280 31.8240 65
31.8560 32.0480 66
32.0800 32.1120 65
32.1440 32.4640 63
32.4960 32.5280 61
32.7840 33.1680 64
33.8080 33.8400 58
33.8720 34.1920 59
34.2240 34.2880 60
34.3200 34.8320 61
34.8640 35.2160 62
37.0720 37.1680 58
37.2000 37.3920 57
37.4240 37.4880 60
37.5200 37.6800 61
37.7120 37.8080 60
37.8400 37.8720 61
38.0640 38.1280 62
38.1600 38.5120 61
38.5440 38.6080 60
38.6400 39.3120 59
39.3440 39.3760 58
39.4080 39.5040 57
39.6640 39.7280 66
39.7600 39.7920 65
40.0160 40.0800 65
40.1120 40.4960 66
40.5280 40.5920 65
40.6240 41.3600 62
41.3920 41.8720 61
42.7040 42.7680 59
42.8960 43.0560 62
43.2800 43.8880 61
43.9200 44.1760 62
44.4000 44.7200 63
44.7520 44.9120 61
44.9440 45.1360 60
45.1680 45.2320 59
45.5200 45.5840 57
45.6160 45.7120 56
45.7760 45.8080 56
46.1600 46.2240 58
46.5120 46.8000 59
46.9280 46.9920 58
47.1520 47.4080 61
47.5360 47.6000 61
47.6320 48.0480 62
48.0800 48.2080 63
49.3920 49.8080 59
49.9360 50.3200 59
50.3520 50.5440 61
50.5760 50.6080 60
50.7680 50.8640 61
50.9920 51.0880 62
51.1200 51.7280 61
51.7600 51.9840 60
52.0160 52.0480 59
52.0800 52.1120 58
52.2720 52.4000 58
57.8080 58.0960 61
58.8320 59.3120 58
59.3440 59.4400 59
59.6320 59.7600 58
59.7920 60.0160 59
60.0480 60.8480 61
60.9120 60.9120 61
62.0960 63.2480 59
63.2800 63.6000 61
63.6320 63.7280 62
63.7600 63.8880 63
63.9200 63.9520 62
63.9840 64.0480 60
64.0800 64.1120 61
64.1440 64.2720 62
64.3040 64.6240 61
64.6560 64.7840 58
64.8160 64.9440 59
64.9760 65.1040 58
65.6480 66.3200 59
66.3520 66.4480 58
66.4800 66.7680 61
66.8000 66.9280 60
66.9600 66.9920 61
67.0240 67.4080 62
68.5600 68.5600 62
68.5920 68.7520 66
68.9760 69.1680 66
69.2960 69.2960 64
69.3280 69.7440 67
69.7760 70.3200 68
70.5760 70.5760 66
70.6080 71.0880 68
71.2160 71.5680 68
71.9840 72.5600 68
72.5920 72.6240 67
72.6560 72.7840 66
72.8160 72.9440 63
72.9760 73.4880 67
73.5200 74.0000 68
75.5040 75.6320 67
75.8240 75.9200 67
76.0800 76.1760 67
76.2080 76.5280 68
76.5600 76.6560 67
76.6880 76.7200 64
76.9120 76.9440 65
76.9760 77.3280 66
77.3600 77.4880 64
77.5200 77.9680 63
78.4480 79.2800 59
79.4400 79.5360 60
79.6640 79.8560 61
79.8880 80.2720 62
82.2880 82.7040 59
83.0880 83.1840 62
83.4400 83.7920 61
83.8240 84.4320 59
84.9120 85.0400 65
85.2960 85.8080 66
85.8400 86.5440 62
86.5760 86.8960 61
88.1120 88.2720 62
88.5280 89.0080 61
89.1680 89.5200 62
89.5520 89.8400 63
89.8720 89.9360 62
89.9680 90.2240 60
90.2560 90.4800 59
90.7360 91.1520 56
91.3440 91.4720 59
91.7600 92.0480 59
92.2080 92.4000 59
92.4320 92.7520 61
92.7840 93.3280 62
94.6720 95.3440 59
95.5680 95.7920 62
95.8240 96.0800 61
96.2400 96.3040 63
96.3360 96.9440 61
96.9760 97.2000 59
97.2320 97.4560 58
97.4880 97.5840 59
97.7120 98.0000 66
110.7360 111.3440 67
111.3760 111.4400 66
111.4720 111.7280 63
111.7600 112.0800 66
112.1120 112.6880 62
113.7760 113.7760 55
113.8080 113.8720 57
114.1280 114.5760 58
114.6080 114.6720 60
114.8000 114.8960 61
114.9280 115.1520 62
115.1840 115.5360 61
115.5680 115.7920 62
115.8240 115.9840 61
116.2080 116.2400 58
116.2720 116.8480 59
117.3280 117.3600 67
117.5520 117.6800 68
117.7120 117.9360 67
118.1920 118.5440 65
118.5760 118.9920 62
120.2080 120.3040 63
120.3360 120.9440 64
120.9760 121.7440 63
121.7760 121.8720 62
121.9040 122.2880 61
122.3200 122.6400 62
123.4720 123.8880 59
124.1120 124.3680 59
124.5280 124.6880 59
124.7200 124.8160 61
125.0400 125.2000 61
125.2320 125.6160 62
127.0880 127.0880 55
127.1200 127.2800 58
127.3120 127.7600 59
128.3360 128.4000 61
128.4320 128.6880 62
128.7200 129.0720 61
129.1040 129.1360 59
129.5520 129.6800 58
130.1280 130.7360 59
130.8960 131.0880 59
131.2480 131.6000 61
131.6320 131.8880 62
133.1360 133.2640 67
133.2960 133.3280 65
133.3600 133.4880 61
133.5200 134.0320 66
135.0560 135.1200 67
135.3120 135.6640 68
135.8560 135.8560 67
135.8880 136.0160 69
136.0480 136.3680 68
136.4000 136.4640 65
136.4960 137.0080 68
137.0400 137.1360 69
137.3280 137.5520 64
137.5840 137.7760 66
138.0000 138.3520 67
139.6000 139.6640 61
139.9200 139.9520 68
139.9840 140.0480 67
140.2080 140.7200 68
140.7520 140.8800 66
140.9120 141.0400 67
141.2000 141.3600 65
141.3920 141.6480 63
141.6800 142.2240 64
142.3840 142.6400 63
142.8640 142.9920 57
143.0240 144.0160 59
144.0480 144.3040 61
144.4640 144.5920 62
144.6240 145.0400 63
146.2560 147.0240 59
147.2480 147.6320 61
147.6640 148.0800 62
148.1120 148.1760 61
148.2080 148.2400 60
148.4320 148.4960 60
148.5280 149.1680 59
149.4560 149.6480 66
149.9040 149.9360 66
149.9680 150.0960 67
150.1280 150.3520 66
150.3840 150.4480 65
150.5760 150.6080 62
150.6400 150.7360 63
150.7680 151.0240 61
151.0560 151.2800 62
151.3120 151.3760 61
152.5600 152.6560 61
152.6880 153.1360 62
153.1680 153.5840 61
153.7440 153.8400 61
153.8720 153.9360 62
153.9680 154.6080 63
154.6400 154.7680 62
154.8000 154.9920 61
155.0240 155.1840 60
155.3440 155.6960 56
156.0160 156.1120 58
156.3680 156.6560 59
156.7840 156.8480 59
156.8800 156.9120 58
156.9760 156.9760 58
157.0080 157.4240 61
157.4560 157.9360 62
159.2160 160.0160 59
160.1760 160.6880 61
160.8160 160.8800 63
160.9120 161.2320 62
161.2640 161.5520 61
161.5840 161.6480 60
161.8080 162.0320 59
162.4480 162.5760 65
162.8320 162.8640 65
162.8960 163.3440 66
163.3760 163.5680 62
163.6000 163.6960 63
163.8240 164.3360 61
165.4560 165.4560 59
165.4880 165.5520 61
165.5840 165.7120 62
165.8400 165.9680 61
166.0000 166.0640 62
166.2560 166.4160 61
166.7040 166.8000 62
166.8320 167.8240 63
167.8560 167.9840 62
168.0160 168.1440 59
168.2720 168.5920 55
168.6240 168.6880 56
168.8800 169.0400 58
169.2960 169.8080 59
169.9360 170.2880 61
170.3200 170.5120 62
170.5440 170.9280 63
172.1440 173.0720 59
173.1040 173.6480 61
173.6800 173.7120 62
173.7440 173.8400 63
173.8720 174.5120 61
174.5440 174.8000 59
174.8320 174.8640 58
174.9920 175.0240 58
175.0560 175.2800 59
177.2320 177.2960 63
177.4240 177.7120 63
178.5760 179.3760 59
179.5680 180.1440 61
180.1760 180.6880 62
180.7200 180.8800 61
180.9120 180.9440 60
180.9760 181.7760 59
182.3840 182.5440 61
183.2800 183.9200 63
185.2320 185.2960 59
185.3280 185.4240 58
185.4560 185.9040 59
186.0640 186.5440 61
186.6720 186.7360 63
186.7680 187.0240 62
187.0560 187.4400 61
187.4720 188.2400 59
190.3840 190.6400 63
191.6640 192.1440 59
192.2720 192.3680 59
192.4000 192.4320 60
192.4640 193.0400 61
193.0720 193.2960 62
193.3280 193.8080 61
193.8400 193.9040 60
193.9360 194.6720 59
200.7520 200.9440 63
201.3920 201.3920 65
201.4240 201.8400 67
202.1600 202.7360 67
206.2560 206.4480 63
209.2960 209.6160 63
209.7440 209.8080 63
213.2000 213.2640 61
215.2480 215.3120 67
216.0480 216.1120 63
216.8480 216.8800 66
217.5840 217.7440 66
218.6080 218.9600 61
219.1840 219.7280 61
225.9680 226.2240 71
228.2720 228.4000 71
228.6880 228.8160 71
