9.5200 9.7120 63
9.7440 9.8720 66
9.9680 10.3520 66
10.3840 10.6080 65
10.6400 10.7040 66
11.2800 11.4400 66
11.4720 11.5360 65
11.6000 11.6320 65
11.8560 11.9520 64
11.9840 11.9840 62
12.0800 12.9440 62
12.9760 13.7120 61
16.3360 16.4000 58
16.4320 16.5280 60
16.5600 16.8160 63
17.0400 17.1040 66
17.1680 17.3600 63
17.3920 18.2560 65
18.2880 18.7040 66
18.8960 18.8960 66
19.3120 20.0160 62
20.0480 20.7520 61
20.7840 20.9120 60
23.4080 23.4400 57
23.6000 23.6000 62
23.6320 23.6640 64
23.6960 23.7280 65
23.7600 23.9520 66
24.0160 24.0160 66
24.0800 24.3680 66
24.4320 24.4960 66
24.5280 24.8800 65
25.0400 25.3600 66
25.3920 26.0320 65
26.0640 26.1920 63
26.2560 26.2880 63
26.3200 26.6400 62
26.6720 27.1200 61
27.1520 27.3440 62
27.4720 27.5360 61
30.3200 30.5120 58
30.6720 30.8000 58
30.8320 30.8320 55
30.9920 31.0880 57
31.3760 31.6960 57
31.7920 31.9840 57
32.1440 32.3040 54
32.3680 32.4000 55
32.4320 32.5920 57
32.7200 32.8800 55
33.0720 33.9680 62
34.0960 34.1920 61
36.3680 36.4640 61
36.8160 36.8800 62
37.1680 37.2320 57
37.4240 38.0640 58
38.3200 38.8960 57
38.9280 39.4400 55
39.4720 39.8880 53
39.9840 40.3040 52
40.4960 40.5920 52
44.1120 44.3680 58
44.5280 44.8160 59
45.6160 45.8080 58
45.9680 46.0640 54
46.4480 46.5760 57
47.0560 47.5680 64
50.9600 51.3760 58
51.5040 51.8560 57
52.2720 52.5280 57
52.6880 52.9760 54
53.3280 53.5840 55
53.9680 54.6080 64
57.6800 57.8720 58
60.2720 61.1360 71
61.2320 61.3600 71
64.5600 64.7200 57
65.0720 65.2000 58
66.3200 66.3200 54
66.7040 66.8000 55
67.9520 68.7200 53
71.4400 71.6640 57
71.9520 72.1120 58
72.4640 72.6880 57
73.6160 73.7120 55
73.9680 74.3200 57
74.5440 74.6080 57
78.9280 79.0240 59
79.3120 79.3760 58
79.9520 80.0800 50
80.5280 80.6240 54
81.2320 81.3280 52
81.9360 82.2560 52
85.4240 85.9360 58
86.0640 86.2880 57
86.4800 87.0240 57
87.1520 87.4080 55
87.5360 88.1120 57
89.0400 89.1040 62
92.2720 92.6560 59
92.9760 93.0720 58
93.3280 93.7760 57
94.1600 94.7360 55
94.9600 95.1520 64
95.2160 95.2160 64
95.2800 95.4080 65
95.5680 95.6640 63
95.8880 96.0160 62
98.8000 99.8880 58
100.1440 100.6560 57
100.9760 101.2320 55
101.3920 102.4160 57
105.9040 106.9600 57
107.0560 107.4400 55
107.6000 107.9840 57
108.2400 108.4640 55
108.5600 108.5920 51
108.6560 108.6880 51
108.7520 109.2320 52
112.4960 112.7520 59
112.9760 113.1680 59
113.5840 113.7120 57
113.9360 113.9680 50
115.1200 116.6560 71
119.3440 119.5360 58
119.9200 120.1120 59
120.4000 120.4960 57
120.7200 120.9440 50
121.1040 121.1680 50
121.3280 121.6160 55
121.9040 121.9040 55
122.1600 122.7040 53
123.0560 123.0560 53
123.1200 123.2480 53
126.1920 126.3520 59
126.7360 126.7680 58
127.8240 127.8880 50
128.7520 130.0320 70
130.2560 130.4160 71
133.0400 133.2320 57
133.6160 133.7120 59
134.4800 134.5760 56
135.5040 135.5680 54
135.9200 135.9840 52
136.1120 136.2080 53
136.3360 136.4640 52
136.5920 137.0400 52
137.1680 137.2640 52
140.0160 140.2720 57
140.3040 140.6240 63
141.2640 141.6480 63
142.1920 142.3200 64
