25.3280 25.4560 54
25.4880 25.5200 55
25.5520 25.8080 56
25.8400 25.8720 55
25.9040 26.0000 54
26.0320 26.0960 55
26.1280 26.5120 56
26.6400 26.8000 55
26.8320 27.0880 56
27.2160 27.5680 58
27.6000 28.0160 59
28.0480 28.1440 58
28.1760 28.2080 57
28.2400 28.8800 56
28.9120 29.0080 55
29.1680 29.6800 56
29.7120 29.9360 55
29.9680 30.1280 56
30.1600 30.2880 57
30.3200 30.4480 56
30.4800 30.6080 55
31.5360 31.6960 55
31.7280 32.0480 56
32.0800 32.1440 55
32.2080 32.3040 55
32.3360 32.7520 56
32.7840 33.0400 55
33.0720 33.2960 56
33.4560 33.7120 58
33.8400 33.8720 59
33.9040 33.9360 60
33.9680 34.0960 61
34.1280 34.2560 59
34.2880 34.4160 58
34.4480 35.1520 56
35.1840 35.3120 57
35.3440 35.6640 56
35.6960 36.0160 55
36.0480 36.8800 56
37.7440 37.8720 55
37.9040 38.2240 56
38.2560 38.3840 55
38.5120 39.0880 56
39.1200 39.2480 55
39.2800 39.6320 56
39.6640 40.0480 58
40.0800 40.1440 59
40.1760 40.3360 60
40.4640 40.5280 59
40.5600 40.6240 58
40.6560 40.6880 57
40.7200 41.3920 56
41.4240 41.5200 57
41.6480 41.8720 56
42.0000 42.2560 54
43.2160 43.3440 58
43.3760 43.5040 56
43.5360 43.5680 55
43.6000 43.6960 54
43.7280 44.2720 55
44.7520 44.9440 57
44.9760 45.0400 56
45.0720 45.1040 55
45.1360 45.2320 54
45.2640 45.4880 55
45.5200 45.7760 54
46.2880 46.4160 58
46.4480 46.4800 57
46.5120 46.5440 56
46.5760 46.6720 55
46.7040 46.7360 54
46.8640 46.9280 55
47.0560 47.6320 54
49.4240 49.6160 58
49.8720 50.0000 56
50.2240 50.3840 63
50.6080 50.8320 61
50.8640 51.2480 63
51.7600 51.7920 62
51.8240 51.9200 63
51.9520 52.1120 65
52.1440 52.3680 63
52.4000 52.8800 65
53.3280 53.4880 63
53.6480 53.9360 63
53.9680 54.1920 65
54.2240 54.2240 62
54.2560 54.3200 59
54.3520 54.6080 58
54.6400 54.7040 59
54.8640 55.0240 66
55.0560 55.0880 67
55.1200 55.2160 68
55.2480 55.2800 67
55.3120 55.5040 66
55.5360 55.6000 65
55.6320 55.8560 63
56.0800 56.5920 61
56.6240 56.8160 62
56.8480 57.0080 61
57.0400 57.0720 62
57.1040 57.2960 63
57.3280 57.3600 62
57.3920 57.5200 61
57.5520 57.5840 62
57.6160 57.7120 63
57.7440 57.8400 62
57.8720 57.9040 61
58.0320 58.1280 61
58.1600 58.2880 63
58.3200 58.3840 62
58.4160 58.5440 61
58.6720 58.8640 56
59.0560 59.4400 59
59.6000 59.7600 56
59.7920 60.3360 58
61.9040 62.2240 70
62.6720 62.8320 63
63.0880 63.2480 61
63.2800 63.3120 62
63.3440 63.6960 63
63.7280 63.7920 62
64.2080 64.2080 60
64.2400 64.3680 63
64.4000 64.5600 65
64.5920 64.8160 63
64.8480 65.3280 65
65.7760 65.9040 63
65.9360 66.1280 64
66.1600 66.2880 63
66.4480 66.7040 65
66.8320 67.3120 58
67.3440 67.3440 63
67.3760 67.5680 66
67.6000 67.6960 68
67.7280 67.9200 66
67.9520 68.0800 65
68.1120 68.2720 63
68.5600 68.8480 61
68.8800 68.9120 62
68.9440 69.2640 63
69.2960 69.2960 66
69.3280 69.3600 69
69.3920 69.8720 70
69.9040 69.9040 68
70.0960 70.4160 61
70.4480 70.4800 62
70.5120 70.8000 63
70.8320 70.8320 65
70.8640 70.8640 67
70.8960 71.2480 70
71.4720 71.7600 61
71.7920 71.8240 62
71.8560 72.0160 63
72.0480 72.2400 61
72.2720 72.3360 62
72.3680 73.3280 63
74.3520 74.3840 62
74.4160 74.4480 65
74.4800 74.8000 66
74.8320 74.8960 68
75.1840 75.4080 70
75.5360 75.6960 75
75.7280 75.7600 74
75.7920 76.3040 73
76.3360 76.4640 75
76.6240 77.0720 73
77.1040 77.2640 75
77.2960 77.3280 74
77.3600 77.7120 73
77.7440 77.7760 72
77.9040 78.1600 68
78.1920 78.4800 70
78.6720 78.8640 75
78.8960 79.3760 73
79.4080 79.6000 75
79.6320 80.1760 73
80.2080 80.4000 75
80.4320 80.6880 73
80.8480 80.9760 68
81.0080 81.3280 70
81.3600 81.3920 69
81.4240 81.6480 68
81.6800 81.7120 67
81.7440 81.8720 66
82.0320 82.1280 63
82.3840 82.8320 66
82.9600 83.2480 68
83.2800 83.3120 67
83.3440 83.4080 66
83.4400 83.5040 65
83.5360 83.8240 63
83.9520 84.4000 66
84.4320 84.4640 67
84.4960 84.6240 68
84.6560 85.4240 70
85.4560 85.5840 71
85.6160 85.8720 70
85.9040 86.0320 68
86.0640 86.2560 70
86.2880 86.6720 68
86.8320 86.9920 65
87.0240 87.1200 66
87.2480 87.6000 68
87.6320 87.8560 70
88.0480 88.1760 63
88.2080 88.7840 61
88.8160 89.0080 63
89.0400 89.4560 61
89.5840 89.7440 63
89.7760 90.1280 61
90.3840 90.7680 68
90.8000 91.0240 70
91.1520 91.2800 75
91.4080 91.8880 73
91.9200 92.0480 75
92.1440 92.5280 73
92.6880 92.8160 63
92.9440 93.2320 61
93.3600 93.4560 68
93.4880 93.8720 70
93.9040 93.9360 69
93.9680 94.1280 68
94.2880 94.4480 66
94.8960 94.9920 68
95.0240 95.3440 70
95.3760 95.4080 69
95.4400 95.6960 68
95.8240 96.0160 66
96.0480 96.2400 63
96.4640 96.5920 64
96.6240 98.6080 66
98.6400 98.6720 63
98.7040 98.8640 62
99.3120 99.4400 63
99.5680 99.6960 68
99.7280 100.1440 70
100.1760 100.3040 68
100.7520 100.9120 63
101.0720 101.1040 66
101.1360 101.1680 68
101.2000 101.2320 69
101.2640 101.4240 70
101.4560 101.5520 69
101.7120 101.9680 68
102.0000 102.0640 67
102.0960 102.1920 66
102.3520 102.8000 63
102.8320 103.1200 66
103.1520 103.3760 65
103.4080 105.5520 66
115.7920 115.8240 55
116.2400 116.4640 55
116.4960 116.9120 56
116.9440 117.1680 55
117.2000 117.4560 56
117.5840 117.8080 58
117.9360 118.1280 59
118.1600 118.2240 61
118.2560 118.4480 60
118.4800 118.5440 58
118.5760 118.6080 57
118.6400 119.3120 56
119.3440 119.5680 55
119.6000 120.0480 56
120.1760 120.2720 55
120.3040 120.8800 56
120.9120 120.9760 55
121.0080 121.1040 54
121.9360 122.0320 55
122.0640 122.4160 56
122.4480 122.7040 55
122.7360 123.1520 56
123.1840 123.4400 55
123.4720 123.6320 56
123.8560 124.2080 58
124.2400 124.3360 59
124.3680 124.4640 61
124.6240 124.6880 59
124.7200 124.9120 58
124.9440 125.5200 56
125.6480 125.7440 58
125.7760 126.0320 56
126.1920 126.2880 54
126.3200 126.3840 55
126.4160 127.2800 56
127.3120 127.4400 55
128.1760 128.2080 54
128.2400 128.2720 55
128.3040 128.6240 56
128.9120 129.3920 56
129.4240 129.4880 55
129.5200 129.6800 54
129.7120 129.9040 56
130.0960 130.4480 58
130.4800 130.5760 59
130.6080 130.7040 61
130.8640 131.0560 58
131.0880 131.6960 56
131.8560 131.9520 58
131.9840 132.3680 56
132.4000 132.4640 55
132.4960 132.5920 54
133.6160 133.7760 58
134.0000 134.1280 54
134.1600 134.3840 55
134.4160 134.6720 54
135.1520 135.3120 58
135.3440 135.4080 56
135.4400 135.8880 55
135.9200 136.2080 54
136.7200 136.8800 58
136.9120 136.9440 57
137.0720 137.2320 55
137.2640 137.4240 56
137.4560 137.5520 55
137.5840 137.9360 54
140.5920 140.7520 63
141.0080 141.2000 61
141.2320 141.5840 63
141.6160 141.6480 62
142.0640 142.0960 57
142.1280 142.1280 59
142.1600 142.5120 62
142.5440 142.7680 63
142.8000 143.2480 65
143.6960 143.7280 62
143.7600 144.3040 63
144.3360 144.6240 65
144.6560 144.6560 63
144.6880 144.7200 61
144.7520 144.7840 59
144.8160 145.0720 58
145.2640 145.4560 66
145.4880 145.5840 68
145.6160 145.6480 67
145.6800 145.8400 66
145.8720 145.9680 65
146.0960 146.2560 63
146.4800 146.9600 61
146.9920 147.1840 62
147.2160 147.3760 61
147.4080 147.4400 62
147.4720 147.7280 63
147.7600 147.9840 62
148.0160 148.1120 63
148.1440 148.5280 62
148.5600 148.6880 63
148.7200 148.7840 62
148.8160 148.9440 61
149.0720 149.2640 56
149.4560 149.8400 59
149.8720 150.6720 58
151.3120 151.3760 55
151.4080 151.7280 54
151.7600 151.8880 55
151.9200 152.1120 56
152.1440 152.2720 57
152.3040 152.5600 58
153.4880 153.6800 61
153.7120 154.0960 63
154.6400 154.8320 63
154.8640 154.9600 65
154.9920 155.2480 63
155.2800 155.6960 65
156.2080 156.7200 63
156.8480 157.1040 65
157.1360 157.1680 63
157.2000 157.2320 62
157.2640 157.2640 60
157.2960 157.3600 58
157.4240 157.5840 58
157.6160 157.6800 63
157.7120 157.8720 66
157.9040 158.0640 67
158.0960 158.2880 66
158.3200 158.4800 65
158.5120 158.6400 63
158.9600 159.2480 61
159.2800 159.3120 62
159.3440 159.6640 63
159.6960 159.6960 65
159.7280 159.7280 67
159.7600 160.3040 70
160.3360 160.3360 68
160.5280 160.7520 61
160.7840 160.8480 62
160.8800 161.2000 63
161.2320 161.2320 65
161.2640 161.2640 67
161.2960 161.6800 70
161.9040 162.1600 61
162.1920 162.2240 62
162.2560 162.3520 63
162.3840 162.4160 62
162.4480 162.6720 61
162.7040 163.7280 63
164.8480 165.0720 54
165.2000 165.5520 56
165.5840 165.8400 58
165.9680 166.0960 63
166.2240 166.7040 73
166.7360 166.8640 75
166.9920 167.4720 73
167.5040 167.6960 75
167.7280 168.2080 73
168.2400 168.5600 68
168.5920 168.9120 70
169.0400 169.0720 74
169.1040 169.2320 75
169.2640 169.2960 74
169.3280 169.8080 73
169.8400 170.0000 75
170.1280 170.5120 73
170.6400 170.8640 75
170.8960 171.1200 73
171.2800 171.4400 68
171.4720 171.6640 70
171.8240 171.8880 69
171.9200 172.0800 68
172.1120 172.1760 67
172.2080 172.3040 66
172.4960 172.5920 66
172.8160 173.2640 66
173.2960 173.3280 67
173.3600 173.6160 68
173.6480 173.7120 67
173.7440 173.8080 66
173.8400 173.9040 65
173.9360 174.2560 63
174.3840 174.8960 66
174.9280 174.9920 68
175.0240 175.0560 69
175.0880 175.8240 70
175.8560 175.9520 71
176.1120 176.2400 70
176.2720 176.4320 68
176.4640 176.6880 70
176.7200 177.1040 68
177.1360 177.1680 67
177.2000 177.5840 66
177.6160 177.6480 67
177.6800 178.0000 68
178.0320 178.2560 70
178.4160 178.5760 75
178.6080 179.1200 73
179.1520 179.1840 74
179.2160 179.4400 75
179.4720 179.7600 73
179.9840 180.1120 63
180.1440 180.1760 62
180.2080 180.5920 61
180.7840 181.1360 68
181.1680 181.4880 70
181.5200 181.5520 71
181.5840 181.7120 75
181.8400 182.1920 73
182.3200 182.4800 75
182.5120 183.0240 73
183.0560 183.2160 75
183.3440 183.5360 73
183.7600 183.8560 68
183.8880 184.1440 70
184.2720 184.3360 69
184.3680 184.5280 68
184.5600 184.7840 66
185.2640 185.3280 68
185.3600 185.3920 69
185.4240 185.7120 70
185.7440 185.8400 69
185.8720 186.0320 68
186.1600 186.3520 66
186.3840 186.6080 63
186.8320 186.9600 64
186.9920 190.2240 66
192.3360 192.4960 69
214.1600 214.5440 63
214.5760 214.7040 62
214.7360 215.0240 66
215.0560 215.3120 67
215.4400 215.6960 70
215.8560 216.0480 75
216.0800 216.4960 73
216.5280 216.5600 74
216.5920 216.7840 75
216.8160 217.2960 73
217.3280 217.3600 74
217.3920 217.5520 75
217.5840 217.6160 74
217.6480 218.0960 73
218.1280 218.3200 68
218.3520 218.3840 69
218.4160 218.8320 70
218.9600 219.0880 75
219.1200 219.1840 74
219.2160 219.6320 73
219.6640 219.6960 74
219.7280 219.8880 75
219.9200 219.9840 74
220.0160 220.3360 73
220.4960 220.6560 75
220.6880 220.7520 74
220.7840 220.9440 73
221.1360 221.2960 68
221.3280 221.6480 70
221.6800 221.7120 69
221.7440 222.0000 68
222.0320 222.1920 66
222.2240 222.2880 65
222.3200 222.5120 63
222.6720 223.1200 66
223.1520 223.2160 67
223.2480 223.5040 68
223.5360 223.5680 67
223.6000 223.7920 66
223.8240 224.1760 63
224.2080 224.5920 66
224.7840 224.9120 68
224.9440 225.6800 70
225.7120 225.8080 71
225.9680 226.0960 70
226.1280 226.3200 69
226.3520 226.5760 70
226.6080 226.9600 68
227.1520 227.3760 66
227.5040 227.8560 68
227.8880 228.1440 70
228.2720 228.4320 75
228.4640 228.4960 74
228.5280 228.9760 73
229.0080 229.0400 74
229.0720 229.2000 75
229.3280 229.8080 73
229.8400 230.0000 75
230.0320 230.4800 73
230.6080 230.8640 68
230.9920 231.3760 70
231.4080 231.5360 75
231.6640 232.1440 73
232.1760 232.2080 74
232.2400 232.3360 75
232.3680 232.4000 74
232.4320 232.8480 73
232.9760 233.1360 75
233.1680 233.2000 74
233.2320 233.4240 73
233.6160 233.7120 68
233.7440 233.7760 69
233.8080 234.0960 70
234.1280 234.4160 68
234.4480 234.6400 66
234.6720 234.7360 65
234.7680 234.9280 63
235.1200 235.1200 66
235.1520 235.2800 68
235.3120 235.6960 70
235.7280 235.7600 69
235.7920 235.9840 68
236.0160 236.2400 66
236.2720 236.5280 63
236.6880 236.7840 63
236.8160 239.3440 66
239.6000 239.6640 63
239.6960 239.7280 65
239.7600 239.8560 66
239.8880 240.3040 68
240.3360 240.3680 69
240.4000 240.7200 70
240.7520 240.9440 75
240.9760 241.3920 73
241.5200 241.7120 75
241.7440 241.8400 72
241.8720 242.2880 73
242.3200 242.4800 75
242.5120 242.5760 74
242.6080 242.9920 73
243.0240 243.0240 71
243.0560 243.3440 68
243.3760 243.7280 70
243.8560 243.8560 72
243.8880 244.0800 75
244.1120 244.5920 73
244.6240 244.7520 75
244.9120 245.2960 73
245.4560 245.6160 63
245.6480 245.9680 61
246.0960 246.2240 68
246.2560 246.4800 70
246.6400 246.7680 68
247.2480 247.4720 63
247.6000 248.0160 66
248.1440 248.4640 68
248.4960 248.4960 66
248.7520 249.1360 63
249.1680 249.6800 66
249.7120 249.8080 68
249.8400 250.5760 70
250.6080 250.7040 71
250.8640 250.9280 71
250.9600 251.0560 70
251.0880 251.2480 68
251.2800 251.4720 70
251.5040 251.9520 68
252.1120 252.1440 65
252.1760 252.4000 66
252.4320 252.4640 67
252.4960 252.7840 68
252.8160 253.0720 70
253.2320 253.3280 75
253.4880 253.9680 73
254.0000 254.1920 75
254.2240 254.7680 73
254.8000 254.9280 75
254.9600 255.0560 74
255.0880 255.2160 73
255.2480 255.2480 68
255.5680 255.8240 68
255.8560 256.2080 70
256.3360 256.4960 75
256.5280 257.1040 73
257.1360 257.2640 75
257.2960 257.8720 73
257.9040 258.0320 75
258.1600 258.3200 73
258.5440 258.6720 68
258.7040 258.9920 70
259.1200 259.3760 68
259.4080 259.6000 66
259.7280 259.9520 63
260.0800 260.2080 68
260.2400 260.5280 70
260.5600 260.6880 69
260.7200 260.8480 68
260.8800 260.9760 67
261.0080 261.1680 66
261.2000 261.3920 63
261.6800 261.7120 63
261.7440 261.8400 64
261.8720 263.7920 66
264.4960 264.6560 63
264.7520 264.7520 66
264.7840 264.8800 68
264.9120 265.2320 70
265.2640 265.6160 68
265.6480 265.8080 66
265.8400 266.0640 65
266.2880 266.4160 68
266.4480 266.7040 70
266.8640 267.1840 68
267.2160 267.4400 66
267.4720 267.9840 63
268.0160 270.7360 66
274.0000 274.0960 74
274.1280 274.3200 75
276.9760 277.1040 73
277.1360 277.1680 74
277.2000 277.3920 75
277.4240 277.4560 74
277.4880 277.5200 73
277.8720 278.0000 69
278.0320 278.1920 70
278.3840 278.4800 71
278.5120 278.6400 72
278.6720 279.7600 73
280.1440 280.2080 73
280.2400 280.5600 75
280.5920 280.6880 73
281.0080 281.6800 70
281.7120 282.1280 74
282.8320 284.9760 70
