14.9600 15.2160 56
15.4080 15.6000 58
15.7600 15.7920 61
15.8240 15.8880 62
15.9200 16.0800 63
16.2720 16.3680 61
16.4000 16.6240 62
16.6560 16.7520 59
16.7840 17.3280 58
18.8960 18.9920 58
19.0240 19.2480 59
19.4080 19.6000 58
19.6320 19.6640 57
19.6960 19.9200 56
20.2080 20.3360 59
20.3680 20.4960 60
20.5280 20.6240 59
20.6560 20.7520 58
20.9120 21.2640 58
22.8000 22.8640 58
22.8960 22.9920 59
23.0240 23.1520 60
23.3120 23.4080 58
23.4400 23.5360 57
23.5680 23.8880 56
23.9200 24.0160 57
24.0480 24.1440 58
24.1760 24.5280 59
24.5600 24.6240 58
24.8160 25.1680 58
25.2960 25.3920 58
25.5840 25.9040 59
26.1280 26.2240 56
26.2560 26.3200 55
26.7360 26.8640 53
27.7280 28.4320 55
28.6560 28.7200 55
30.7040 30.8320 55
30.8640 30.9920 56
31.1520 31.3120 58
31.4720 31.5680 61
31.6000 31.8240 62
32.0160 32.0800 61
32.1120 32.3040 62
32.3360 32.4000 61
32.4320 32.4960 59
32.5280 32.9760 58
34.6400 34.7680 58
34.8000 34.8640 59
34.8960 34.9920 60
35.1840 35.6320 62
35.6640 35.7280 61
35.9520 36.0160 57
36.0480 36.1760 56
36.4960 36.5280 61
36.5600 36.6880 62
36.7200 37.0400 63
37.6480 37.7760 66
37.8080 37.9680 67
38.1280 38.3200 65
38.4480 38.8000 63
38.8320 38.8640 62
38.8960 39.1840 59
39.2160 39.9200 60
41.2640 41.3280 58
41.5840 41.6800 65
41.7120 41.7440 66
41.7760 41.9360 67
42.0960 42.2560 65
42.4800 42.6080 63
42.9600 43.0240 63
43.0560 43.0880 64
43.1200 44.2400 65
46.2560 46.4160 61
46.4480 46.7680 62
46.9280 47.1520 62
47.1840 47.4720 60
47.7280 47.8240 60
47.8560 48.0480 61
48.0800 48.1120 59
48.1440 48.3040 58
48.3360 48.5280 57
48.5600 48.8800 58
50.3840 50.7680 59
50.8000 51.0880 58
51.1200 51.4080 57
51.6320 51.7920 57
51.8240 52.0800 58
52.3040 53.0720 56
54.2880 54.4480 62
54.4800 54.7040 63
54.7360 54.9280 62
55.1200 55.3760 60
55.4080 55.4720 61
55.5040 55.5680 64
55.6000 55.7280 66
55.7600 55.9840 67
56.0160 56.0160 64
56.0480 56.2080 59
56.2400 56.5600 58
56.7840 56.9760 58
57.1040 57.5520 58
57.5840 57.8080 59
58.2560 58.4160 59
58.4480 58.7680 60
60.9760 61.1040 60
61.2960 61.3600 66
61.3920 61.7120 67
61.7440 61.9680 68
62.2560 62.3520 66
62.3840 62.5120 67
62.9280 63.3120 65
66.0960 66.2240 65
66.2560 66.5440 67
66.5760 66.7040 68
66.9600 67.1520 70
67.3760 67.4080 70
67.4400 67.4720 71
67.5040 67.6960 72
67.7280 67.7280 70
67.7600 67.8880 66
68.1120 68.2400 64
68.2720 68.5600 65
68.5920 68.6240 64
70.1280 70.5120 62
70.5440 70.8000 63
70.8320 71.0880 65
71.2800 71.3760 66
71.4080 71.6320 67
71.6640 71.7600 64
71.7920 71.8240 63
71.9840 72.4320 63
73.9680 74.0000 66
74.0320 74.3200 67
74.4800 74.6080 68
74.8000 75.0880 70
75.2160 75.3440 70
75.3760 75.5680 72
75.6000 75.6000 69
75.6320 75.6640 67
75.6960 75.7600 65
75.9520 76.0160 64
76.0480 76.6240 65
76.6560 76.7840 64
76.8160 76.9760 65
77.0080 77.0400 64
77.0720 77.3920 63
77.9040 78.0000 67
78.0320 78.3200 68
78.3520 78.8640 67
78.8960 79.4400 65
79.7280 79.7920 66
79.8240 80.8800 67
81.8720 81.9040 66
81.9360 82.2560 67
82.2880 82.5760 68
82.6080 82.8960 70
83.1200 83.1840 70
83.2160 83.2480 71
83.2800 83.4400 72
83.4720 83.4720 69
83.5040 83.6640 65
83.8560 83.8880 63
83.9200 83.9520 64
83.9840 84.4640 65
85.5520 85.6800 73
85.7120 85.9680 74
86.0000 86.5760 72
86.6080 86.6400 70
86.6720 86.8320 68
86.8640 87.0880 70
87.5680 87.7280 65
87.7600 87.9200 63
88.0480 88.4320 63
89.7120 89.9040 70
89.9360 89.9680 69
90.0000 90.3840 68
90.5120 90.7360 67
91.0240 91.2800 60
91.3120 91.3440 59
91.3760 91.4720 58
91.6640 91.7280 57
91.7600 91.8560 58
92.0480 92.1440 65
92.1760 92.3360 67
92.3680 92.5280 65
92.6880 92.9120 65
93.5840 93.9040 63
94.0320 94.1600 62
94.1920 97.0720 63
105.1680 105.4560 71
106.1280 106.4160 70
106.4480 106.6080 69
107.3120 107.5680 71
108.6560 108.7840 72
112.7200 112.9120 55
112.9440 113.0080 56
113.1360 113.4240 58
113.4560 113.7440 63
113.8720 114.2880 62
114.3200 114.3840 59
114.4160 114.4800 58
114.6400 115.0560 58
115.0880 115.2800 59
116.4960 116.6880 59
116.7200 116.8800 60
116.9120 117.1680 58
117.2000 117.6160 56
117.6480 117.8720 58
117.9040 118.0960 60
118.1280 118.2880 58
118.4160 119.0880 58
120.3040 120.4000 58
120.4320 120.6240 59
120.7840 120.9120 58
121.0720 121.3280 56
121.5200 121.7120 58
121.7440 121.9360 60
121.9680 122.0640 58
122.1920 123.0240 58
123.0560 123.2480 59
123.5040 123.5680 56
123.6000 123.9520 55
125.0720 125.3920 55
125.4240 125.7440 56
125.7760 125.9040 57
125.9360 126.1920 58
126.6080 126.8000 61
126.8320 126.9600 62
127.0880 127.1840 62
127.7920 128.0800 62
128.1120 128.2400 63
128.4000 128.6240 62
128.6560 129.0400 60
129.2000 129.2320 60
129.2640 129.2960 61
129.3280 129.5200 62
129.5520 129.5840 60
129.6160 130.4160 58
130.4480 130.5440 59
131.7920 131.9200 59
131.9520 132.0800 60
132.1120 132.4000 58
132.5280 132.7840 56
132.9760 133.4240 58
133.6480 133.8080 58
133.8400 133.9040 56
133.9360 134.4160 55
135.5040 135.7600 62
135.7920 136.0160 63
136.0480 136.2400 62
136.2720 136.5920 60
136.6240 136.7200 62
136.7520 136.8480 65
136.8800 137.1040 67
137.1360 137.1360 65
137.1680 137.7440 58
137.9040 138.8000 58
138.8320 139.1520 60
139.3760 139.5040 59
139.5360 141.2000 60
141.9360 141.9680 59
142.0000 142.0960 60
142.2560 142.3200 65
142.3520 142.6400 67
142.6720 143.0880 68
143.1200 143.4080 70
143.5680 143.6320 66
143.6640 143.8240 67
143.8560 145.3920 65
146.8960 146.8960 62
147.0880 147.4400 67
147.4720 147.5360 68
147.7600 148.3040 70
148.3360 148.5600 72
148.5920 148.6240 67
148.6560 149.8400 65
149.8720 149.9680 64
150.8320 151.1840 62
151.2160 151.3440 63
151.5040 151.7920 65
151.9520 152.0480 65
152.0800 152.2720 67
152.3040 153.5840 63
154.5440 154.8000 67
154.9600 155.1840 68
155.2160 155.6320 70
155.6640 155.8240 71
155.8560 156.0800 72
156.1120 156.2080 66
156.3680 156.4320 63
156.4640 157.0080 65
157.0400 157.2000 63
157.2320 157.3920 65
157.4240 157.7760 63
158.2240 159.1200 67
159.1520 159.7280 65
159.8880 161.8400 67
161.9680 162.0000 65
162.0320 162.7040 67
162.7360 163.0880 70
163.2160 163.3120 70
163.3440 163.5360 72
163.5680 163.7280 65
163.8880 163.9840 63
164.0160 164.7840 65
165.4880 165.5840 72
165.6160 165.8720 74
165.9040 166.5120 72
166.5440 167.0560 70
167.1840 167.2800 62
167.4400 167.5040 63
167.5360 167.6640 65
167.6960 167.7920 63
167.9200 168.9440 63
169.4560 170.0960 68
170.1280 170.2880 65
170.3200 170.5120 67
170.7040 171.1200 59
171.1520 171.4400 58
171.4720 171.5360 59
171.5680 171.6000 62
171.6320 171.7600 65
171.7920 171.9840 67
172.0160 172.1760 65
172.2080 172.3680 64
172.4000 172.5600 65
173.0400 173.1040 62
173.1360 173.3920 63
173.4240 173.6160 62
173.6480 176.0480 63
176.2080 176.7840 63
178.4160 178.7680 62
179.8240 179.9520 59
180.2080 180.5280 56
180.9760 181.0400 58
185.4880 185.6160 68
185.7440 185.9040 71
186.0960 186.1920 69
186.6080 186.8320 70
187.1840 187.3120 65
187.4400 187.8560 65
188.9760 189.0400 67
191.7920 192.3680 67
192.5920 193.1040 70
193.1360 193.3280 72
193.3600 193.3600 69
193.3920 193.5200 66
193.6800 193.8080 64
193.8400 194.0960 65
195.6000 195.9200 62
195.9520 196.1120 63
196.2720 196.5280 65
196.7840 196.9120 65
196.9440 197.1040 67
197.1360 197.2640 63
197.4240 197.7760 63
199.1840 199.4720 67
199.6000 199.7600 68
199.9200 200.4640 70
200.4960 200.6560 72
200.6880 200.6880 69
200.7200 200.8160 66
201.0400 201.1360 63
201.1680 202.0000 65
202.0320 202.4800 63
202.8960 203.4400 67
203.4720 203.6320 65
203.6640 203.7920 67
203.8240 204.2400 65
204.4640 204.7200 67
204.7520 204.9120 66
204.9440 206.3840 67
206.4480 206.4480 68
206.5760 206.9600 67
206.9920 207.2480 68
207.2800 207.7920 70
207.8240 208.0480 72
208.1760 208.2400 65
208.4000 209.2960 65
209.9680 210.3200 74
210.3520 210.9600 72
210.9920 211.1840 69
211.2160 211.3760 70
211.5680 211.6960 62
211.8560 212.2080 63
212.3360 213.3920 63
213.9040 213.9680 68
214.0000 214.1600 70
214.1920 214.5760 68
214.6080 214.8000 66
214.8320 214.9600 67
215.1840 215.4400 60
215.4720 215.5040 59
215.5360 215.9840 58
216.0160 216.0480 59
216.0800 216.0800 61
216.1120 216.1120 62
216.1440 216.1440 65
216.1760 216.2400 66
216.2720 216.4640 67
216.4960 216.7520 65
216.7840 216.9440 64
216.9760 217.4880 65
218.0960 218.3200 63
218.5440 218.6720 62
218.7040 220.8160 63
