43.4400 43.5040 63
43.5360 43.6960 62
43.7280 44.9120 63
44.9440 46.4160 62
46.4480 46.7040 63
46.7360 47.0880 62
47.1200 47.4080 63
47.4400 47.6640 65
47.6960 48.2400 63
48.7520 48.9440 65
49.0400 49.5520 67
49.7440 50.2560 63
50.3840 50.8960 65
51.0560 51.5680 62
51.7280 53.3600 63
54.0320 54.0960 63
54.1280 54.3200 62
54.3520 54.9280 63
55.0560 55.4400 63
55.6000 56.9440 62
56.9760 57.2320 63
57.2640 57.5840 62
57.6160 57.9680 63
58.0000 58.1600 65
58.2880 58.7040 63
58.7360 58.8320 62
59.3440 59.6000 65
59.6320 60.1760 67
60.3360 60.6560 63
60.7520 61.4560 65
61.6480 62.0000 62
62.0320 63.8880 63
64.6880 64.9120 62
64.9440 65.4560 63
65.6480 65.7440 62
65.7760 66.1280 63
66.1600 66.2240 65
66.2560 66.8000 62
67.0880 67.3760 62
67.5680 67.8240 63
67.8560 68.1760 62
68.2080 68.4960 63
68.5920 68.7840 65
68.8160 69.3280 63
69.6800 69.8720 63
69.9040 70.0640 65
70.0960 70.1280 66
70.1600 70.3840 67
70.6080 70.7680 67
70.8640 70.8960 63
70.9600 71.5360 63
71.5680 71.9840 65
72.2400 72.7200 62
72.8480 73.1360 63
73.1680 73.4880 62
73.5200 73.7760 63
73.8080 74.1600 62
74.1920 74.6080 63
74.6400 74.6720 62
75.4720 75.8560 75
75.9200 75.9200 75
76.3040 76.5920 63
76.8160 76.8800 63
76.9120 77.1040 62
77.2000 77.2000 62
77.3280 77.7440 62
77.9360 78.0960 62
78.2560 78.4800 63
78.5120 78.7680 62
78.8000 79.0560 63
79.0880 79.1520 64
79.1840 79.2160 65
79.4400 79.8560 63
80.2080 80.3040 63
80.5280 80.7200 65
80.7520 81.0080 67
81.2320 81.2640 66
81.2960 82.0000 63
82.4160 82.4480 65
82.7040 82.7680 65
82.8000 82.8320 63
82.8640 83.2160 62
83.4080 83.5360 63
83.8240 83.9840 75
84.0160 84.0800 74
84.1120 84.3360 72
84.3680 84.7200 71
84.7520 84.9760 72
85.1040 85.1680 61
85.3600 85.4880 60
85.5200 85.6160 59
85.6480 85.6800 61
85.7120 86.4160 62
86.7040 86.9600 63
86.9920 86.9920 65
87.0240 87.2160 67
87.2480 87.2800 66
87.3120 87.6640 65
87.9840 88.1760 66
88.2080 88.4000 67
88.4320 88.5600 65
88.5920 88.9440 63
88.9760 89.2960 62
89.3280 89.5840 63
89.6160 89.9680 62
90.0000 90.3200 63
90.7040 90.9600 63
90.9920 91.2480 65
91.2800 91.6640 67
91.9520 92.2720 67
92.3040 92.4960 70
92.5280 92.5280 68
92.5600 93.0400 65
93.2640 93.4560 66
93.4880 93.6480 67
93.6800 93.8400 65
93.9680 94.2240 63
94.2560 94.5440 62
94.5760 94.8960 63
94.9280 95.1840 62
95.2160 95.5040 63
95.5360 95.6000 62
95.9520 96.1760 60
96.2080 96.2400 61
96.2720 96.8800 62
97.2640 97.5520 63
97.5840 97.7440 67
97.9040 98.2880 65
98.5120 98.8960 66
98.9280 99.0880 65
99.1200 99.5040 63
99.6320 99.7920 62
99.8240 100.0160 63
100.0480 100.1120 62
100.2080 100.4640 62
100.4960 100.9440 63
101.1040 101.5200 63
101.5520 101.7120 65
101.9040 102.2240 67
102.5440 102.8000 67
102.8320 103.0240 70
103.0560 103.0880 69
103.2480 103.5040 65
103.8560 104.0160 65
104.0480 104.2400 66
104.2720 104.3680 65
104.4960 104.7200 63
104.7520 105.1040 62
105.1360 105.3600 63
105.3920 105.7760 62
105.8080 106.0000 63
106.0320 106.3200 62
106.8640 106.8960 63
106.9280 107.1520 62
107.1840 108.2720 63
108.3040 108.9760 62
109.1360 109.6160 62
109.7440 110.0320 63
110.0640 110.4160 62
110.4480 110.8000 63
110.8320 110.9920 65
111.0240 111.5040 63
111.5360 111.7280 62
112.0800 112.1440 66
112.1760 112.3040 65
112.3360 112.5280 68
112.5600 112.9760 67
113.1360 113.6800 63
113.7120 113.8080 66
113.8400 114.3200 65
114.4480 115.0240 62
115.0560 116.6560 63
116.6880 116.9760 67
117.0080 117.0080 64
117.0400 117.3920 61
117.4240 117.6800 62
117.7120 118.1600 63
118.3520 118.4480 66
118.5760 118.5760 69
118.8320 118.9920 65
119.0240 119.1200 63
119.1520 120.3360 62
120.3680 120.5920 63
120.6240 120.9440 62
120.9760 121.3600 63
121.3920 121.8720 65
121.9040 122.2560 63
122.8640 123.0240 68
123.0560 123.4720 67
123.6640 124.1760 63
124.2080 124.3040 66
124.3360 124.8480 65
125.0400 125.4880 62
125.6800 125.7440 64
125.7760 126.9920 63
127.1840 127.3440 63
127.4720 127.5680 67
127.6000 127.8880 65
127.9200 128.4320 62
128.4640 129.6160 63
129.6480 130.5120 62
130.5760 130.7680 62
130.9280 130.9920 64
131.0240 131.1840 63
131.2160 131.5680 62
131.6000 131.9200 63
131.9520 132.1440 65
132.1760 133.1680 63
133.2960 133.5200 65
133.5520 133.9360 67
134.1280 134.1280 67
134.1920 134.8640 63
134.8960 135.4080 65
135.5680 136.0800 62
136.2080 136.4960 63
136.5280 136.8480 62
136.8800 137.1680 63
137.2000 137.5200 62
137.5520 138.2240 63
138.8640 138.9600 63
139.4720 139.9520 63
140.1760 140.4640 62
140.6560 140.8480 62
140.9760 141.1360 62
141.3600 141.4560 62
141.6480 141.8080 63
141.8400 142.0960 62
142.2560 142.4160 63
142.4480 142.6080 64
142.8640 142.9280 62
142.9600 143.1840 63
143.2160 143.2800 62
143.6000 143.7920 63
143.8240 144.0160 65
144.0480 144.0800 66
144.1120 144.5920 67
144.6240 145.3920 63
145.6160 145.8720 65
146.0960 146.1920 63
146.2240 146.2880 62
146.5120 146.6720 62
146.7040 147.1200 63
147.1840 147.4080 62
147.4400 147.7280 60
147.7600 148.1440 58
148.1760 149.0400 60
149.0720 149.8080 62
150.0320 150.3520 63
150.3840 150.6400 67
150.6720 151.0240 65
151.3760 151.5360 66
151.5680 151.7600 67
151.7920 151.8560 65
152.0480 152.2720 63
152.3040 152.6880 62
152.7200 152.9760 63
153.0080 153.4880 62
153.5200 153.6800 63
153.9360 154.0320 68
154.0640 154.3200 63
154.3520 154.6080 65
154.6400 154.9920 67
155.3440 155.6320 67
155.6640 155.8560 70
155.8880 155.8880 68
155.9200 156.3360 65
156.6560 156.8160 66
156.8480 156.9760 67
157.0080 157.2000 65
157.3600 157.6160 63
157.6480 157.9040 62
157.9360 158.0960 63
158.1280 158.5760 62
158.6080 158.8640 63
158.8960 158.9600 62
159.3120 159.6000 60
159.6320 160.2720 62
160.6880 160.9120 63
160.9440 161.1360 67
161.2960 161.6480 65
161.9040 162.2560 66
162.2880 162.4480 65
162.6720 162.9280 63
163.0560 163.2160 62
163.2480 163.4080 63
163.4400 163.8560 62
163.8880 164.3680 63
164.4960 164.8800 63
164.9120 165.1360 65
165.2640 165.5840 67
165.8400 166.1600 67
166.1920 166.4480 70
167.2800 167.3760 65
167.4080 167.6000 66
167.6320 167.7600 65
167.7920 168.1120 63
168.1440 168.4960 62
168.5280 168.8160 63
168.9440 169.1360 62
169.4240 169.7120 62
170.2240 170.5120 62
170.5440 171.6960 63
171.7280 172.4640 62
172.8480 173.1680 62
173.2000 173.4560 63
173.4880 173.7760 62
173.8080 174.1600 63
174.1920 174.3840 65
174.5440 174.7360 65
174.7680 175.1200 63
175.4720 175.5360 66
175.5680 175.7600 65
175.7920 176.3040 67
176.4640 176.4960 62
176.5280 176.9760 63
177.1040 177.6480 65
177.6800 177.7120 63
177.7440 178.2240 62
178.4480 180.3040 63
180.7520 180.8480 63
180.8800 181.0400 62
181.0720 181.6480 63
181.7760 182.2560 63
182.2880 183.7280 62
183.7600 184.0160 63
184.0480 184.4000 62
184.4320 184.6880 63
184.7200 185.2640 65
185.2960 185.7760 63
185.8080 186.2560 67
186.2880 186.3200 66
186.3520 186.5440 65
186.5760 186.9280 67
186.9600 187.6320 63
187.6640 188.3040 65
188.3360 188.8480 62
189.0400 190.8640 63
191.4400 192.8480 63
192.8800 192.9760 65
193.0080 193.3280 62
193.4560 193.5200 62
193.8400 194.1280 62
194.3520 194.5440 63
194.5760 194.8640 62
194.9920 195.2160 63
195.3440 195.5360 65
195.5680 196.1120 63
196.4320 196.4640 63
196.6560 196.8480 65
196.8800 197.1360 67
197.6160 198.2240 63
198.2560 198.7680 65
198.9280 199.4400 62
199.5680 199.8880 63
199.9200 200.2400 62
200.2720 200.5280 63
200.5600 200.9440 62
200.9760 201.7760 63
202.0000 202.0960 63
202.2240 202.3200 63
202.5760 202.5760 63
202.6400 203.3120 63
203.5360 203.9520 62
204.0800 204.2400 62
204.4000 204.4960 62
204.7200 204.8160 62
205.0080 205.5200 62
205.5520 205.7760 63
205.8080 205.8400 64
205.8720 206.0000 65
206.2560 206.6080 63
206.6400 206.7360 68
206.7680 207.1200 67
207.1520 207.4400 65
207.4720 207.5360 67
207.8560 208.0480 67
208.0800 208.1440 62
208.1760 208.5920 63
208.6880 208.7200 63
209.2320 209.2320 65
209.5200 209.5520 62
209.6160 209.6160 62
209.8400 210.0000 62
210.1280 210.2560 63
210.4480 210.7680 62
210.8000 211.1200 60
211.1520 211.4400 58
211.4720 211.6000 61
211.7280 212.1440 63
212.3040 212.4320 60
212.4640 212.6880 62
212.7200 213.7760 63
214.0000 214.3840 65
214.7360 214.8960 66
214.9280 215.0560 67
215.0880 215.3120 65
215.3440 215.6960 63
215.7280 216.0480 62
216.0800 216.3360 63
216.3680 216.7200 62
216.7520 217.0080 63
217.0400 217.3600 65
217.3920 217.5200 67
217.5520 217.7120 63
217.7440 218.0320 66
218.0640 218.2560 68
218.2880 219.3440 70
219.3760 219.3760 65
219.5680 220.1760 70
220.3680 220.5600 65
220.6880 221.0080 63
221.0400 221.2960 62
221.3280 221.6480 63
221.6800 221.9360 62
221.9680 222.0320 63
222.1920 222.3520 60
222.3840 222.6400 58
222.8960 223.0240 60
223.1840 223.4720 67
223.6000 223.6640 65
223.6960 224.6880 67
224.7200 225.0400 65
225.2640 225.6160 66
225.6480 225.8080 65
225.9680 226.2240 63
226.2560 226.5440 62
226.5760 226.7680 63
226.8000 227.1840 62
227.2160 227.2480 63
227.2800 227.3440 64
227.3760 227.8560 67
227.8880 228.0480 65
228.0800 228.2400 63
228.2720 228.3680 65
228.4640 228.7520 63
228.9760 229.0720 63
229.1040 229.2320 65
229.2640 229.3920 62
229.6160 230.0640 63
230.2880 230.3200 63
230.3520 230.6080 62
230.6400 230.7360 65
230.7680 230.9600 66
230.9920 231.1200 65
231.2480 231.4720 63
231.5040 231.8240 62
231.8560 232.1440 63
232.1760 232.4320 62
232.4640 232.7520 63
232.7840 233.0400 62
233.2000 233.4880 60
233.5200 234.2560 62
234.5120 234.7680 63
234.8000 234.8000 65
234.8320 235.0560 67
235.0880 235.4720 65
235.7920 235.9520 66
235.9840 236.1440 67
236.1760 236.2080 66
236.2400 236.3680 65
236.4960 236.7520 63
236.7840 237.1040 62
237.1360 237.3920 63
237.4240 237.8720 62
237.9040 238.0000 63
238.0320 238.1280 62
238.3840 238.4160 67
238.4480 238.4800 64
238.5120 238.7680 63
238.8000 239.0560 65
239.0880 239.5040 67
239.7600 240.0480 67
240.0800 240.3040 70
240.3360 240.3360 67
240.3680 240.8160 65
241.0720 241.2640 66
241.2960 241.3920 67
241.4240 241.4560 66
241.4880 241.6160 65
241.7760 242.0320 63
242.0640 242.3520 62
242.3840 242.6400 63
242.6720 243.0240 62
243.0560 243.2800 63
243.3120 243.4080 62
243.7600 244.0480 60
244.0800 245.0400 62
245.0720 245.3600 63
245.3920 245.5520 67
245.7120 246.0640 65
246.3200 246.8640 66
246.8960 247.2160 63
247.2480 247.6000 62
247.6320 247.9520 63
247.9840 248.2720 62
248.3040 248.6560 63
248.6880 248.7200 62
248.9120 249.2960 63
249.3280 249.5520 65
249.7120 250.1920 67
250.3200 250.6080 67
250.6400 250.8640 70
251.0240 251.3760 65
251.6640 251.8240 65
251.8560 252.0480 66
252.0800 252.1440 65
252.3360 253.5200 62
253.5520 253.7440 64
253.7760 254.0960 62
254.2560 255.2800 63
257.5200 257.8080 60
257.8400 258.0320 62
258.1600 258.4160 63
258.4480 258.5440 62
258.8320 259.0880 63
259.1200 259.1200 65
259.1520 259.3760 67
259.4080 259.7920 65
260.1120 260.2720 66
260.3040 260.5280 67
260.5600 260.6560 65
260.8160 261.0720 63
261.1040 261.4240 62
261.4560 261.7120 63
261.7440 262.1920 62
262.2240 262.3840 63
262.4160 262.4480 62
262.7040 262.7360 67
262.7680 262.8000 64
262.8320 263.0880 63
263.1200 263.3760 65
263.4080 263.8240 67
264.0800 264.3680 67
264.4000 264.6240 70
264.6560 264.6560 67
264.6880 265.1680 65
265.3920 265.5840 66
265.6160 265.7760 67
265.8080 265.9360 65
266.0960 266.3520 63
266.3840 266.6720 62
266.7040 266.9600 63
266.9920 267.3440 62
267.3760 267.6640 63
268.0800 268.3680 60
268.4000 269.2320 62
269.3920 269.6800 63
269.7120 269.8720 67
270.0320 270.3840 65
270.6400 271.1840 66
271.2160 271.5680 63
271.6000 271.9520 62
271.9840 272.2080 63
272.3360 272.5920 62
272.6240 273.0400 63
273.2320 273.6160 63
273.6480 273.8720 65
274.0320 274.3520 67
274.6720 274.9280 67
274.9600 275.1840 70
275.3440 275.6960 65
275.9840 276.4960 65
276.6560 277.8400 62
277.8720 277.9680 64
278.0000 278.4480 62
278.5120 279.6320 63
