37.7440 37.9680 59
38.0000 38.4800 62
38.6080 38.8320 62
38.8640 38.9280 61
38.9600 39.1200 60
39.1520 39.2800 62
39.3120 39.5680 64
39.6000 39.6960 63
39.9840 40.1760 60
40.3040 40.4320 57
40.4640 40.7200 58
40.9120 40.9760 58
41.2000 41.2640 58
41.5520 41.9040 58
41.9360 42.0320 57
42.0640 42.2880 56
45.1360 45.2960 52
45.3280 45.4240 53
45.4560 45.6160 54
45.7440 45.9360 56
45.9680 46.0320 57
46.3200 46.5120 58
46.6400 46.7040 58
46.8960 47.2800 57
47.4400 47.9520 56
48.2720 48.5280 54
52.4320 52.4960 58
52.5280 52.6880 59
52.7200 52.8480 60
52.8800 54.0640 62
54.0960 54.2880 64
54.3200 54.5120 63
54.8000 54.9600 62
55.2480 55.9840 58
56.4000 56.6240 58
56.6560 56.7840 57
56.9120 56.9760 56
60.0480 60.1440 54
60.4960 60.5600 55
60.7840 61.0720 57
61.1040 61.3920 56
61.9040 62.1280 50
62.1600 62.3840 51
62.5760 62.7040 52
62.9280 62.9280 53
67.1840 67.1840 56
67.2160 67.4400 59
67.4720 67.6320 61
67.6640 67.7280 62
67.8560 67.9520 62
68.0800 68.3360 60
68.3680 68.8160 62
68.8480 69.2640 64
69.4560 69.7120 60
69.7440 70.1280 58
70.1600 71.2800 59
71.3120 71.4080 58
71.4400 71.5360 57
71.5680 71.8560 56
74.5760 74.8000 51
74.8320 74.8640 52
74.8960 74.9920 53
75.0240 75.1840 54
75.2160 75.3760 55
75.5040 75.5680 58
75.7600 75.8880 56
75.9200 76.1760 57
76.4000 76.5600 57
76.8160 76.8480 54
76.8800 77.0400 55
77.0720 77.2000 56
77.3600 77.6800 57
77.7120 77.7120 55
77.8400 78.1920 52
78.2240 78.7360 51
82.1600 82.2560 62
82.3840 82.7040 62
82.8320 82.8960 59
82.9280 82.9920 60
83.0240 83.2480 62
83.2800 83.3440 60
83.3760 83.4720 61
83.6000 83.6320 62
83.6640 83.9200 63
83.9520 84.0800 61
84.1120 84.3360 62
84.4960 84.7200 67
85.0080 85.8400 64
89.3600 89.6160 52
89.6480 89.7760 54
89.8080 90.0960 55
90.2880 90.4480 59
90.6720 90.9280 57
90.9600 91.3440 58
91.5040 91.7280 50
91.8560 91.8880 49
91.9200 92.1120 50
92.1440 92.2080 52
92.4000 92.9760 55
94.8960 94.8960 51
94.9280 95.1200 54
95.1520 95.2800 56
95.3120 95.4080 55
95.5680 96.2720 57
96.3040 96.7840 58
96.9120 96.9760 58
97.1680 97.2320 57
98.0320 98.0640 57
98.1280 98.1280 57
98.2560 98.2560 57
98.3200 98.3840 57
98.4160 98.4800 56
98.6080 98.8960 55
98.9280 99.1520 56
99.3760 99.5680 58
99.8240 100.0480 55
100.1760 100.2720 56
100.3040 100.3360 55
100.3680 100.4960 53
100.9120 101.0720 55
101.3280 101.5200 55
102.7360 102.7680 54
102.8000 102.8960 55
102.9280 103.0880 57
103.2160 103.3760 58
103.4080 103.7920 59
103.8240 103.9840 58
104.0160 104.0800 57
104.2080 104.7520 55
104.7840 104.9120 57
105.0400 105.0400 56
105.0720 105.3920 59
105.6800 105.7760 70
105.8080 106.2560 64
106.4800 106.5760 66
106.6720 106.6720 62
106.7360 107.5040 62
107.6320 108.3040 62
108.4640 108.8800 62
109.6800 109.8080 62
109.8400 110.0640 64
110.0960 110.7040 62
110.7360 110.8000 65
110.8320 111.2480 64
111.2800 111.5360 62
111.5680 111.6640 65
111.6960 112.0800 64
112.1120 112.1440 63
112.1760 112.2080 62
112.3040 112.4320 62
112.4640 112.4960 65
112.5280 112.6240 66
112.6560 113.2000 64
113.2640 113.2960 65
113.3280 113.4240 67
113.4560 113.4560 65
113.5840 113.9360 64
113.9680 114.0000 63
114.0320 114.1280 62
114.2880 114.4480 62
114.4800 114.6720 63
114.7040 115.0880 64
115.1200 115.4080 63
115.4400 115.4720 61
115.5040 115.5680 59
115.6000 115.6320 58
115.6640 115.7600 57
115.9200 116.0480 57
116.0800 116.3680 59
116.4000 116.5280 58
117.0720 117.2000 50
117.2320 117.2960 51
117.3280 117.3920 52
117.5520 117.8720 55
117.9040 117.9360 56
117.9680 118.0960 58
118.1280 118.3520 57
118.4800 118.7360 55
118.8960 119.0240 59
119.1520 119.2800 57
119.3120 119.4080 55
119.4400 119.5040 56
119.6320 119.6640 55
119.6960 119.7920 56
119.8240 119.8880 59
120.0480 120.1760 57
120.3360 120.3680 56
120.4000 120.5920 55
120.7520 120.8480 59
120.8800 120.9440 58
120.9760 121.3280 57
121.3600 121.5200 55
121.8720 122.0640 61
122.0960 122.7680 62
122.8000 122.8320 60
123.0240 123.3760 59
123.4080 123.5040 58
123.5360 123.5360 56
123.6640 123.7280 59
124.4320 124.5920 62
124.6240 124.6880 64
124.7200 125.4240 62
125.4560 125.5200 66
125.5520 125.9360 64
125.9680 126.3520 62
126.3840 126.8640 64
126.9920 127.1840 62
127.2160 127.3440 66
127.3760 127.5360 63
127.5680 127.7920 64
127.8240 128.0800 63
128.1120 128.2080 67
128.2400 128.2400 65
128.3040 128.6880 64
128.7200 128.7520 63
128.7840 128.9440 62
129.1040 129.2640 62
129.2960 129.3600 63
129.3920 130.1280 64
130.1600 130.2240 61
130.2560 130.2880 59
130.3200 130.3520 58
130.3840 130.5440 57
130.6720 130.8320 57
130.8640 130.9600 59
130.9920 131.0240 57
131.0560 131.2800 58
131.3120 131.3440 57
131.8560 131.9200 51
131.9520 132.4320 52
132.4640 132.5920 55
132.7200 132.7840 59
132.8160 132.9120 58
132.9440 133.2960 57
133.3280 133.3600 56
133.3920 133.4880 55
133.7120 133.7440 57
133.9040 133.9680 56
134.0000 134.1920 57
134.2240 134.3520 56
134.5760 135.1200 62
135.3120 135.4080 60
135.8240 136.1760 50
136.2080 136.2720 51
136.3040 136.5600 52
136.6880 136.9760 52
137.1680 137.4560 56
137.5840 137.6800 56
137.8400 137.9040 56
138.0320 138.5760 56
138.7360 138.8000 56
155.8880 155.9840 58
156.0160 156.0800 59
156.1120 156.2080 61
156.2400 156.3680 62
156.4960 156.6240 62
156.6560 156.7520 59
156.7840 156.9120 60
156.9440 157.4240 62
157.4560 157.6800 64
157.7120 157.8720 63
158.0640 158.3200 59
158.3520 158.3840 58
158.4160 158.5440 57
158.5760 158.7360 58
158.7680 159.8560 59
159.8880 159.9520 58
159.9840 160.1120 57
160.1440 160.3040 56
160.5920 160.6560 56
163.2480 163.2800 50
163.3120 163.3760 51
163.4080 163.4720 52
163.5040 163.5360 54
163.6960 163.7600 54
163.7920 164.0160 55
164.1440 164.2400 58
164.4320 164.5600 55
164.5920 164.6880 57
164.7200 165.0400 58
165.0720 165.1040 57
165.2640 165.5200 53
165.5520 165.6800 55
165.7120 165.8400 56
165.8720 166.1920 57
166.2240 166.2880 54
166.3200 166.7040 52
166.7360 167.6640 51
170.7680 170.8640 62
170.9920 171.1200 62
171.2480 171.3120 62
171.3440 171.5040 59
171.5360 171.6320 62
171.6640 171.7920 61
171.8240 171.9520 62
171.9840 172.0800 61
172.2080 172.2720 62
172.3040 172.3360 63
172.3680 172.5600 64
172.6880 172.7520 61
172.7840 172.9760 62
173.1360 173.4240 67
173.6480 174.0960 63
174.1280 174.5760 64
174.6080 174.6720 63
177.9680 178.0000 50
178.0320 178.1280 51
178.1600 178.1920 52
178.2240 178.3520 53
178.3840 178.5760 55
178.6080 178.7040 54
178.8960 179.0880 59
179.2480 179.8880 57
179.9200 179.9200 55
180.0800 180.5600 50
180.5920 180.6240 51
180.6560 180.7200 52
180.7520 180.8160 53
180.9760 181.1360 55
181.1680 181.5840 56
181.6160 181.7120 55
183.5680 183.7280 55
183.7600 183.8560 56
183.8880 184.0480 55
184.1760 184.4960 57
184.6560 184.7520 57
184.7840 185.2000 58
185.2320 185.4560 59
185.4880 185.5200 58
186.0960 186.2240 55
187.1520 187.2160 52
187.2480 187.4080 54
187.4400 187.5680 55
187.6000 187.6320 56
187.6640 187.7280 57
187.8560 187.9840 59
188.4000 188.5280 55
188.5600 188.7200 57
188.8800 189.1360 54
189.1680 189.4240 55
191.3440 191.3440 53
191.3760 191.4720 55
191.5040 191.5360 56
191.5680 191.6320 57
191.7920 191.9520 58
191.9840 192.1760 59
192.2080 192.3040 58
192.3360 192.4640 56
193.1680 193.3920 55
193.4240 193.5840 57
193.6160 194.0000 59
194.0320 194.0960 62
194.1600 194.1920 63
194.2240 194.3200 69
194.3520 195.0240 64
195.0560 195.1520 66
195.2800 197.5200 62
198.2560 198.3840 62
198.4160 198.6400 64
198.6720 199.2160 62
199.2480 199.3440 66
199.3760 199.8240 64
199.8560 200.1120 62
200.1440 200.1440 64
200.1760 200.2400 66
200.2720 200.6880 64
200.7200 201.0080 63
201.0400 201.2000 65
201.2320 201.5520 64
201.5840 201.6800 63
201.7120 201.8400 62
201.8720 201.9040 63
201.9360 202.0640 66
202.1920 202.4160 64
202.4480 202.5440 63
202.5760 202.7680 62
202.9280 202.9600 62
203.0560 203.0880 62
203.1200 203.1840 63
203.2160 203.9520 64
203.9840 204.0800 60
204.1120 204.1440 59
204.1760 204.2080 58
204.2400 204.3680 57
204.4960 204.8160 58
204.8480 205.0720 59
205.1040 205.2000 58
205.7120 205.8400 51
205.8720 205.9680 52
206.1280 206.4800 55
206.5120 206.5440 56
206.5760 206.7040 58
206.7360 206.9280 57
207.1520 207.2160 56
207.2480 207.3760 55
207.5040 207.6320 59
207.7600 207.8880 57
207.9200 208.0160 55
208.0480 208.1120 57
208.3360 208.4000 56
208.4320 208.4960 58
208.6560 208.7840 57
208.9120 209.2000 55
209.3600 209.4240 59
209.4560 209.5840 58
209.6160 209.9040 57
209.9360 210.0000 56
210.0320 210.1280 55
210.4800 210.5440 60
210.5760 211.2800 62
211.3120 211.3760 61
211.4080 211.5040 59
211.5680 211.9840 59
212.0160 212.0800 58
212.1120 212.1440 57
212.4320 212.4960 59
213.0720 213.2000 62
213.2320 213.3920 64
213.5520 214.0000 62
214.0320 214.1280 66
214.1600 214.1920 65
214.2240 214.5760 64
214.6080 214.6400 63
214.6720 214.8960 62
214.9280 214.9280 64
214.9600 215.0880 67
215.1200 215.4720 64
215.6320 215.8560 63
215.8880 215.9840 65
216.0160 216.3680 64
216.4000 216.6880 63
216.7200 216.7840 67
216.8160 216.8480 66
216.8800 216.9120 65
216.9440 217.3280 64
217.3600 217.5200 62
217.5520 217.6480 59
217.6800 217.7760 62
217.8080 217.9360 63
217.9680 218.7040 64
218.7360 218.7680 62
218.8000 218.8640 61
218.8960 218.9280 59
218.9600 218.9920 58
219.0240 219.3120 57
219.3440 219.6000 58
219.6320 219.7280 59
219.7600 219.9520 58
219.9840 220.0160 57
220.4320 220.5280 51
220.5600 221.0400 52
221.0720 221.2000 54
221.3600 221.4240 59
221.4560 221.4880 58
221.5200 221.8720 57
221.9040 222.1280 55
222.3200 222.3840 59
222.4480 222.8320 57
222.8640 222.9280 56
223.2160 223.7920 62
223.9200 224.0160 61
224.4000 224.7200 50
224.7520 224.8800 51
224.9120 225.2640 52
225.4240 225.5840 52
225.6160 226.5760 55
227.3760 227.4080 62
227.4400 227.4720 63
227.5040 227.5360 64
227.5680 227.6960 65
227.7280 227.8240 66
227.8560 230.8960 67
231.0560 231.1200 67
237.2000 237.4880 66
237.5520 237.6800 67
246.3200 246.4480 62
246.4800 246.5760 64
246.6080 246.6400 63
246.6720 247.2480 62
247.3760 247.8560 64
247.8880 248.0800 62
248.1120 248.1440 63
248.1760 248.3040 66
248.3360 248.7520 64
248.7840 249.1040 62
249.1360 249.2640 65
249.2960 249.6480 64
249.6800 249.9040 63
249.9360 250.0320 67
250.0640 250.1280 66
250.1600 250.2880 65
250.3200 250.5760 64
250.6080 250.6400 63
250.6720 250.7680 62
250.8960 250.9920 62
251.0240 251.1520 63
251.1840 251.8560 64
251.8880 251.9520 63
251.9840 252.1760 59
252.2080 252.2400 58
252.2720 252.3680 57
252.5280 252.5600 57
252.5920 252.6240 58
252.6560 253.2320 59
253.2640 253.2960 58
253.7120 253.8400 51
253.8720 254.0000 52
254.1600 254.4800 55
254.6080 254.7360 58
254.7680 254.9920 57
255.1200 255.2480 56
255.2800 255.3120 55
255.5040 255.6320 59
255.7600 255.8880 56
256.0160 256.3360 56
256.3680 256.4000 57
256.4320 256.4960 58
256.6560 256.7840 57
256.9120 257.0080 56
257.0400 257.2000 55
257.3600 257.4240 59
257.4560 257.5840 58
257.6160 257.9040 57
257.9360 257.9680 56
258.0000 258.1280 55
258.2560 258.3200 61
258.4480 258.5120 61
258.5440 259.3440 62
259.3760 259.9520 59
259.9840 260.0480 57
260.0800 260.1440 56
261.0080 261.1680 62
261.2000 261.3600 64
261.5200 262.0000 62
262.0320 262.0320 64
262.0640 262.1280 67
262.1600 262.5760 64
262.6080 262.6400 63
262.6720 262.8960 62
262.9280 262.9280 64
262.9600 263.0240 66
263.0560 263.1520 65
263.1840 263.5360 64
263.5680 263.8240 63
263.8560 263.9840 65
264.0160 264.4000 64
264.4320 264.4640 63
264.4960 264.5920 62
264.6240 264.7200 63
264.7520 264.8480 66
264.8800 264.9440 65
264.9760 265.3600 64
265.3920 265.5520 62
265.6800 265.7120 62
265.7440 265.9680 63
266.0000 266.1600 64
266.3200 266.7360 64
266.7680 266.8000 62
266.8320 266.8640 60
266.8960 266.9920 59
267.0240 267.3120 57
267.3440 267.4080 58
267.4400 267.8560 59
267.8880 267.9200 58
268.4640 268.5280 50
268.5600 269.0080 52
269.0400 269.2000 55
269.3280 269.3920 59
269.4240 269.4880 58
269.5200 269.8400 57
269.8720 270.0960 54
270.5440 270.8960 57
270.9280 271.0240 55
271.2160 271.8560 62
271.8880 272.0480 61
272.1760 272.2720 62
272.5280 272.9760 50
273.0080 273.2640 52
273.4240 273.7120 53
273.8080 273.9680 55
274.0960 274.2880 55
274.3520 274.3520 54
274.5760 274.6400 56
274.8000 274.8640 56
275.0240 275.0880 56
275.2160 275.7920 56
