4.6560 5.0720 56
13.0080 13.3280 60
15.4400 15.4720 62
15.5040 15.6640 63
15.6960 16.1760 65
16.3680 16.4960 60
16.6560 16.7200 60
17.4240 18.0320 56
18.0640 18.1280 57
18.1600 18.2560 58
18.2880 18.3840 59
18.5760 18.8960 58
19.4400 19.8560 58
19.8880 19.9200 59
19.9520 20.0480 60
20.0800 20.1440 59
20.1760 20.4960 58
22.8320 23.2480 65
23.5040 23.7280 60
23.7600 23.8560 59
24.2400 24.7200 56
24.7520 24.7840 57
24.8160 25.3600 58
25.3920 25.4560 59
25.4880 25.8400 60
25.8720 26.0960 59
30.0000 30.4160 65
30.6400 30.7680 60
31.7280 32.3680 56
32.4000 33.0720 58
33.8080 34.1600 58
34.1920 34.4480 59
34.4800 34.8960 58
34.9280 35.0240 56
37.6160 37.8400 56
37.8720 38.0000 59
38.0320 38.3520 60
38.3840 38.5440 58
41.1680 41.3920 56
41.4240 41.5520 58
41.5840 41.9040 60
43.1840 43.3440 65
43.6320 43.9520 67
43.9840 44.1120 71
44.1440 44.2720 65
44.5600 44.7200 63
46.7360 47.0560 65
47.0880 47.1840 70
47.2160 47.3440 67
47.3760 47.5360 68
47.5680 47.6640 71
47.6960 47.8240 65
48.1120 48.3680 63
48.4000 48.4640 64
50.3520 50.8320 65
50.8640 51.0560 68
51.2800 51.3760 65
51.6960 52.0480 63
52.4000 52.5920 67
52.8160 53.1680 65
53.7120 54.1280 58
54.1600 54.3520 56
54.3840 54.5120 58
54.5440 54.6400 60
54.8000 54.9600 59
54.9920 55.1520 60
55.1840 55.4720 59
55.5040 55.7600 58
55.9840 56.1440 58
57.5200 57.7120 65
57.9680 58.0960 67
58.1280 58.4480 68
58.4800 58.5760 65
58.6080 58.6080 63
58.8960 59.1200 63
59.1520 59.3120 65
61.1040 61.4240 65
61.4560 61.5200 64
61.5520 61.5840 67
61.6160 61.7760 68
61.8080 62.0960 70
62.2240 62.3520 68
62.3840 62.4800 65
62.6400 62.8960 68
62.9280 63.0560 65
64.6560 64.8800 65
65.1040 65.1360 66
65.1680 65.4240 68
65.5840 65.7440 65
66.0320 66.2560 63
66.2880 66.7040 65
66.7360 66.8960 68
67.1520 67.7600 65
68.2720 68.4320 68
68.4640 68.6560 70
68.6880 68.8160 71
68.8480 68.9760 72
69.0080 69.1040 73
69.1360 69.2960 70
69.3280 69.5200 72
69.5520 69.6160 74
69.8400 70.5760 70
70.6080 70.6080 72
70.6400 70.7040 74
71.6320 72.0480 70
72.0800 72.2080 72
72.4320 72.6240 70
72.6560 72.8160 72
72.9760 73.0400 72
73.0720 73.2320 70
73.2640 73.3280 68
73.3600 73.6800 65
74.9600 75.1520 68
75.1840 75.2800 70
75.4080 75.6000 70
75.6320 75.7920 72
75.8240 75.9200 70
75.9520 76.1120 71
76.1440 76.3360 72
76.5600 76.7520 70
76.7840 76.8480 68
76.8800 77.2640 67
78.5760 78.7680 68
78.8000 78.9600 70
79.2480 79.4400 70
79.4720 79.6320 72
79.9200 80.1120 70
80.1440 80.2080 65
80.3680 80.5600 68
80.5920 80.7200 70
81.0400 81.1360 71
81.1680 81.2640 72
81.4880 82.0640 70
82.3840 82.4480 69
82.4800 82.8000 70
82.8320 82.9280 68
82.9600 83.1520 65
83.1840 83.3120 67
83.5040 83.6000 66
83.6320 83.9840 67
84.1760 84.4000 60
84.6240 84.6880 61
84.7200 84.7520 60
84.7840 84.8160 59
84.9440 85.0080 61
85.8080 85.8400 67
85.8720 85.9360 68
85.9680 86.3840 70
86.4160 86.5440 72
86.7360 86.8960 71
86.9280 87.1200 72
87.3120 87.5040 70
87.5360 87.6000 68
87.6320 88.0800 65
89.2640 89.4560 68
89.4880 89.9360 70
89.9680 90.1600 72
90.1920 90.3200 71
90.3520 90.5760 72
90.6080 90.6720 75
90.9600 91.1520 70
91.1840 91.3440 72
91.3760 91.5040 71
91.5360 91.9200 72
92.8800 93.1040 68
93.1360 93.2640 70
93.5520 93.5840 69
93.6160 93.7760 70
93.8080 94.0000 72
94.2560 94.4160 69
94.4480 94.6400 65
94.6720 94.8640 68
94.8960 95.0560 70
95.3760 95.4720 70
95.5040 95.6000 72
95.7920 96.3680 70
96.6560 97.0720 71
97.1040 97.2320 68
97.3600 97.4880 70
97.5200 97.6800 72
97.8400 97.9680 70
98.0000 98.3840 72
98.5120 99.0880 70
99.3760 99.5040 68
99.5360 99.6960 70
99.8240 100.0480 68
100.0800 100.2080 67
100.2400 100.2720 69
100.3040 100.3360 70
100.5280 101.6160 60
106.5120 106.7360 69
106.7680 106.8640 70
106.9920 107.3440 68
107.3760 107.4720 69
107.6640 108.8800 60
115.7280 115.9200 63
115.9520 116.4320 65
116.6560 117.2000 60
117.7440 118.4480 56
118.4800 118.6080 58
118.6400 118.8960 60
118.9280 119.6320 58
119.7600 120.2080 58
120.2400 120.4640 60
120.4960 120.8160 58
121.0080 121.1680 56
122.8960 122.9600 62
123.1200 123.5040 65
123.7920 124.3680 60
124.4960 125.1040 56
125.1360 125.7760 58
125.8080 126.4480 60
126.4800 126.7040 63
130.0320 130.1600 74
130.3200 130.7040 65
130.9280 131.0880 60
131.2160 131.4080 61
132.2720 132.4960 68
132.5280 132.7520 67
132.7840 132.8800 65
132.9120 133.5520 63
134.0640 134.3200 60
134.7680 134.8960 58
134.9280 135.1520 60
135.1840 135.2480 59
135.2800 135.5680 58
137.8720 138.0320 56
138.0640 138.2880 58
138.3200 138.7360 60
138.7680 138.9600 58
140.9760 141.3920 65
141.4240 141.5200 67
141.7120 141.9360 70
141.9680 142.2560 72
142.4160 142.8320 70
142.8640 142.9280 67
143.2480 143.7280 65
143.9200 144.0480 66
144.0800 144.3680 68
144.4000 144.5280 65
144.5600 144.5920 62
144.8160 145.0080 63
145.0400 145.1680 65
147.0560 147.5040 65
147.5360 147.6320 67
147.6640 147.8240 68
147.9520 148.1120 65
148.4000 148.5600 63
150.6720 151.0880 65
151.1200 151.3120 68
151.5680 151.6640 65
151.9840 152.2400 63
152.6560 152.8480 67
153.1040 153.4240 65
153.9360 154.2240 60
154.2560 154.2880 58
154.6400 154.8000 58
154.8320 154.9600 60
154.9920 155.2800 58
155.3120 155.4720 60
155.5040 156.4960 58
156.7520 156.8480 63
157.7760 157.9680 65
158.2560 158.3520 67
158.3840 158.7360 68
158.7680 158.8640 65
159.1520 159.4080 63
159.4400 159.7920 65
161.3920 161.7760 65
161.8080 162.0320 68
162.0640 162.3840 70
162.4160 162.6080 68
162.6400 162.7360 65
162.9280 163.2480 68
163.2800 163.3760 65
164.7200 165.2000 65
165.4240 165.5840 67
165.6160 165.7440 68
165.8720 166.0320 65
166.3200 166.5120 63
166.5440 166.9280 65
166.9600 167.1840 67
167.2160 167.3120 70
167.4400 168.0480 65
168.5280 168.7200 68
168.7520 169.1040 70
169.1360 169.2960 72
169.3280 169.3920 74
169.4240 169.9680 72
170.1280 171.0240 70
171.6960 171.7920 68
171.9200 172.3040 70
172.3360 172.4640 72
172.6240 172.8160 70
172.8480 173.1680 72
173.2640 173.4240 70
173.4560 173.5840 68
173.6160 174.1920 65
175.2480 175.4400 68
175.4720 175.6960 70
175.7280 175.8880 71
175.9200 176.1120 72
176.1440 176.3360 71
176.3680 176.6560 72
176.7840 176.9760 70
177.0080 177.1040 68
177.1360 177.7440 67
178.0960 178.2240 66
178.8640 178.9920 68
179.0240 179.0560 69
179.0880 179.2480 70
179.5040 179.6960 70
179.7280 179.9520 72
180.1760 180.2400 71
180.2720 180.3680 70
180.4000 180.4000 68
180.4320 180.4960 65
180.6560 180.8160 68
180.8480 181.0080 70
181.2960 181.4240 70
181.4560 181.5840 72
181.6160 181.7120 71
181.7440 182.4160 70
182.6720 182.7680 70
182.8000 182.8960 72
182.9280 183.0880 70
183.1200 183.2480 68
183.2800 183.6320 67
183.7920 183.9200 65
183.9520 184.1440 67
184.1760 184.2080 68
184.2400 184.3040 69
184.4320 184.6880 60
184.9120 185.1360 60
185.7760 185.8400 60
186.0320 186.1920 68
186.2240 186.6400 70
186.6720 186.8000 72
186.9280 187.1840 70
187.2160 187.4080 72
187.5360 187.6320 72
187.6640 187.7600 70
187.7920 187.8560 68
187.8880 188.4960 65
188.8800 188.9760 66
189.0080 189.2000 67
189.3600 189.4240 65
189.5840 189.7440 68
189.7760 189.9040 70
189.9360 190.0000 69
190.0320 190.1920 71
190.2240 190.8960 72
191.2800 191.4080 71
191.4400 192.1440 72
192.1760 192.2720 71
192.4320 192.4640 73
192.4960 192.5600 72
192.7200 192.9760 67
193.2000 193.3600 68
193.3920 193.5840 70
193.8400 194.0320 70
194.0640 194.2560 72
194.2880 194.3520 71
194.5440 194.7360 70
194.7680 195.1200 67
195.1520 195.3760 70
195.6640 195.7600 70
195.7920 195.8880 72
196.0800 196.6880 70
196.9760 197.0400 70
197.0720 197.3600 71
197.3920 197.6160 68
197.6480 197.7760 70
197.8080 197.9680 72
198.0960 198.2560 70
198.2880 198.6080 72
198.7680 199.3760 70
199.4080 199.5040 71
199.6640 199.6960 68
199.7280 199.7920 69
199.8240 199.9840 70
200.1120 200.3040 68
200.3360 200.5600 67
200.5920 200.6240 65
200.8160 202.3520 60
203.2480 203.4400 70
203.4720 203.5680 68
203.6960 203.8880 68
203.9200 204.1120 67
204.3680 205.2320 60
205.2640 205.4560 61
205.4880 206.2880 60
206.8320 207.0240 69
207.0560 207.1840 70
207.2160 207.4720 68
207.5040 207.7280 67
207.9840 208.8160 60
208.8480 209.0400 61
209.0720 209.4880 60
209.5200 209.7120 58
209.7440 209.8080 59
209.8400 210.0000 60
210.0320 210.0640 59
210.3520 210.3840 68
210.4160 210.6080 69
210.6400 210.7680 70
210.8000 211.0880 68
211.1200 211.2800 67
211.5360 211.7920 60
211.9200 211.9200 68
211.9520 212.1120 71
212.1440 212.3680 72
212.4000 212.6880 73
212.7200 213.1040 72
213.1360 213.2000 73
213.2320 213.3280 74
213.3600 213.4880 71
213.5200 215.6000 72
215.6320 215.6640 71
215.6960 215.7600 70
216.0160 216.1120 65
216.2400 216.3680 65
216.4320 216.8480 65
220.0480 220.2400 59
220.3680 220.8480 59
220.8800 221.3600 61
221.5840 221.7120 68
221.8400 222.6080 71
222.6400 222.7040 73
222.7360 222.8320 69
222.8640 223.3440 70
223.3760 224.8160 68
224.8480 225.1040 65
225.1360 225.1680 64
225.5200 225.6480 61
225.6800 225.8400 62
225.8720 226.0640 63
226.0960 226.2240 69
226.2560 226.2560 66
226.3840 226.6720 60
226.7040 226.9920 58
227.0240 227.6320 60
227.6640 228.0480 59
228.3360 228.7200 59
229.4240 229.7440 65
229.8720 230.0320 73
230.0640 230.3200 75
230.3520 232.4960 72
232.7520 232.8160 72
232.9760 233.1680 70
233.2000 233.4240 69
233.4560 233.6160 68
233.6480 233.8400 70
233.8720 236.1440 72
236.3040 236.4320 72
236.5920 236.9120 65
237.0400 237.2000 73
237.2320 237.4880 75
237.5200 237.7120 77
237.7440 237.7760 75
237.8080 240.0800 72
240.1120 240.3360 70
240.3680 240.3680 68
240.5600 241.0080 70
241.0400 241.7440 72
241.7760 242.1600 70
242.1920 244.2400 72
