11.8560 11.9520 74
41.6480 41.7440 67
41.7760 41.9360 68
41.9680 42.0640 70
42.0960 42.1920 68
42.7040 42.8000 65
42.8320 42.9920 66
43.2800 43.4400 63
43.8560 44.4640 66
44.4960 44.6560 67
44.9760 45.3920 66
46.3840 46.3840 64
46.4160 46.4160 66
46.4480 46.4800 68
46.5120 46.7040 70
46.7360 46.9280 71
46.9600 47.0240 68
47.0560 47.1520 69
47.3120 47.3440 65
47.3760 47.7920 66
47.8240 47.8560 62
47.8880 47.9520 60
48.4640 48.5920 65
48.7520 48.8160 63
48.8480 49.2000 66
49.2320 49.3920 62
49.4240 49.5520 65
49.5840 49.7760 66
49.8080 50.0000 63
50.0320 50.3840 65
50.4160 50.5440 63
50.5760 50.7360 65
50.7680 50.8640 66
51.0560 51.1520 69
51.1840 51.3440 70
51.3760 51.4400 69
51.9520 52.0160 65
52.0480 52.4960 66
52.5280 52.6240 63
53.1040 53.5200 66
53.5520 53.6480 65
53.6800 53.7440 67
53.7760 53.9360 68
54.1920 54.6720 66
54.7040 54.8000 65
55.5680 55.6960 67
55.7280 55.9200 70
55.9520 56.1120 71
56.1440 56.2720 68
56.3040 56.3680 69
56.5600 56.6240 65
56.6560 56.9120 66
57.7120 57.7760 65
57.9360 58.0320 63
58.0640 58.2240 65
58.2560 58.4160 66
58.5440 58.6080 63
58.6400 58.8320 65
58.8640 59.0240 66
59.1520 59.1840 63
59.2160 59.3760 65
59.4080 59.6000 66
59.6320 59.7920 63
59.8240 59.9520 65
59.9840 60.1440 66
60.1760 60.2400 65
60.2720 60.3360 68
60.3680 60.4000 69
60.4320 60.4960 70
60.8800 60.9760 65
61.0080 61.4880 66
62.0000 62.0320 64
62.0640 62.2880 66
62.3200 62.4800 68
62.5120 62.9280 65
63.4720 63.8240 61
64.1760 64.2080 68
64.3040 64.4000 66
64.4320 64.5280 68
64.5600 65.1360 70
65.1680 65.2320 68
65.4880 66.0640 66
66.6400 66.9920 66
67.1840 67.6320 65
68.0800 68.5280 61
69.4560 69.8720 69
70.0320 70.1920 68
70.4480 70.9280 66
70.9600 71.1520 63
71.5360 72.2080 66
72.2400 72.3360 68
72.6560 73.0720 66
73.1040 73.1360 64
73.4880 73.5840 67
73.6160 73.7120 68
73.7440 73.7760 69
73.8080 74.0000 70
74.0320 74.1280 68
74.1600 74.2240 69
74.2560 74.5120 70
74.7040 75.1840 66
75.4400 75.6640 66
75.7920 75.8240 63
75.8560 76.1760 66
76.4640 77.1360 65
77.1680 77.2640 63
77.2960 77.3920 65
77.4240 78.0640 66
78.4480 78.5440 66
78.7680 78.8960 69
78.9280 80.3680 70
80.7840 81.0400 69
81.3280 81.8400 66
81.8720 82.0000 65
82.4480 82.6400 66
83.0560 83.1840 66
83.3120 83.3760 63
83.4080 83.5040 65
83.6640 83.8240 66
83.8560 84.0480 63
84.0800 84.1760 65
84.2080 84.2400 64
84.8480 84.9120 66
85.3920 85.5520 66
85.5840 85.8080 65
85.9680 86.0640 66
86.0960 86.4800 65
86.5120 86.7040 66
86.7360 86.8640 63
86.8960 87.6000 65
87.6320 87.7920 66
87.9840 88.0800 69
88.1120 89.6160 70
90.0000 90.0640 69
90.0960 90.2560 68
90.6080 91.0880 66
91.1200 91.2480 64
91.6960 91.8560 66
92.3040 92.4320 66
92.5600 92.6560 63
92.6880 92.8480 65
92.8800 93.0400 66
93.0720 93.2640 64
93.2960 93.4560 65
94.0320 94.0960 65
94.1280 94.1920 66
94.6080 94.8000 66
94.8320 94.9920 63
95.0240 95.1520 65
95.1840 95.3120 66
95.5040 95.5360 64
95.5680 95.7280 65
95.7600 95.9200 66
96.0800 96.1120 64
96.1440 96.2720 65
96.3040 96.4640 66
96.6240 96.7200 65
96.7520 96.8160 66
96.8480 96.8800 67
96.9120 96.9760 68
97.0080 97.7760 70
97.8080 98.6080 68
98.6400 98.8320 66
101.7760 101.8080 68
101.8400 102.0640 70
102.0960 102.1600 68
102.8000 102.9600 66
103.3120 103.4080 63
103.9200 104.3360 66
104.4640 104.6880 67
105.0400 105.4240 66
106.3840 106.4800 67
106.5120 106.6720 70
106.7040 106.8960 71
106.9280 107.1200 68
107.3120 107.7920 66
108.3680 108.4640 63
108.4960 108.5920 65
108.7200 108.7840 63
108.8160 108.9760 65
109.0080 109.2000 66
109.2320 109.3920 63
109.4240 109.5520 65
109.5840 109.7760 66
109.8080 109.9680 63
110.0000 110.1600 65
110.1920 110.3520 66
110.3840 110.5760 64
110.6080 110.8960 65
111.0560 111.4400 69
111.9520 112.0160 65
112.0480 112.4320 66
112.4640 112.6560 63
113.0720 113.4880 66
113.6480 113.7120 66
113.7440 113.8400 67
114.2240 114.7680 66
115.5680 115.6320 66
115.6640 115.7280 68
115.7600 115.8880 70
115.9200 116.1120 71
116.1440 116.2080 67
116.2400 116.2720 68
116.3040 116.4000 69
116.5280 116.9760 66
117.7120 117.8080 65
118.0000 118.0320 63
118.0640 118.7680 65
118.8000 118.9920 66
119.0240 119.3760 65
119.4080 119.6000 66
119.7280 119.7920 63
119.8240 119.9520 65
119.9840 120.3040 66
120.8480 121.4240 66
121.4560 121.4880 65
121.9680 122.0000 63
122.0320 122.2560 66
122.2880 122.4160 68
122.4480 122.9600 65
123.3760 123.4400 65
123.4720 123.8240 61
124.4640 124.5600 68
124.5920 124.9120 70
124.9440 125.2960 69
125.4560 125.5520 65
125.5840 126.0640 66
126.6080 126.7040 65
126.7360 126.9280 66
126.9600 127.0560 68
127.0880 127.1520 65
127.1840 127.2800 63
127.3120 127.6000 65
128.0480 128.5280 61
129.4560 129.7120 70
130.5120 130.5760 71
130.6080 130.7040 72
130.7360 130.7360 69
130.7680 130.9600 66
130.9920 131.1200 63
131.1520 131.2160 65
131.5680 131.9840 66
132.0160 132.1760 67
132.2080 132.3360 68
132.5280 132.6880 67
132.7200 133.0720 66
133.1040 133.1680 65
133.4560 133.5200 66
133.5520 133.6480 67
133.6800 133.7760 69
133.8080 134.0000 70
134.0320 134.2240 69
134.2560 134.4480 70
134.4800 134.6080 68
134.6400 135.0880 66
135.1200 135.1520 64
135.7920 135.8560 63
135.8880 135.9520 65
135.9840 136.0800 66
136.4000 136.4320 64
136.4640 137.3920 65
137.4240 138.0640 66
138.4480 138.5760 66
138.7680 138.8000 68
138.8320 138.8640 69
138.8960 140.3680 70
140.4000 140.4320 69
140.6240 140.9760 68
141.3280 141.8080 66
141.8400 141.9360 65
141.9680 142.1280 63
142.1600 142.1600 65
142.1920 142.3520 67
142.5120 142.7360 66
142.9280 143.0240 68
143.0560 143.1840 66
143.3120 143.4080 64
143.4400 143.6000 65
143.6320 143.8240 66
143.8560 143.8880 64
143.9200 144.0160 63
144.0480 144.2080 65
144.2400 144.3360 63
144.7840 145.0720 66
145.2000 145.2640 68
145.2960 145.3280 67
145.3600 145.5840 66
145.6160 145.8080 65
145.9360 146.0640 66
146.2560 146.2880 64
146.3200 146.4480 65
146.4800 146.7040 66
146.7360 146.8640 64
146.8960 147.0560 65
147.0880 147.3120 66
147.3440 147.4080 64
147.4400 147.6640 65
147.6960 147.7600 66
147.7920 147.9840 67
148.0160 148.0800 69
148.1120 149.5520 70
149.5840 149.9360 68
149.9680 150.0640 69
150.0960 150.2240 68
150.6080 150.6400 65
150.6720 151.0560 66
151.0880 151.1840 65
151.2160 151.3120 63
151.6960 151.6960 64
151.7280 151.9840 66
152.1440 152.2400 68
152.2720 152.4640 66
152.5920 152.6560 64
152.6880 152.8160 65
152.8480 153.0720 66
153.1040 153.2320 64
153.2640 153.3920 65
153.4240 153.4880 64
154.0320 154.0960 65
154.1280 154.2880 66
154.4480 154.5440 68
154.5760 154.6080 67
154.6400 154.8000 66
154.8320 154.9920 63
155.0240 155.1200 65
155.1520 155.3120 66
155.4720 155.5360 64
155.5680 155.7280 65
155.7600 155.9200 66
156.0480 156.1120 64
156.1440 156.2720 65
156.3040 156.4640 66
156.6560 156.8160 65
156.8480 156.8800 67
156.9120 156.9440 68
156.9760 157.0080 69
157.0400 158.0640 70
158.0960 158.1280 69
158.1600 158.7040 68
158.7360 158.9600 70
158.9920 158.9920 68
159.0880 159.2480 68
159.6640 160.0800 59
161.8400 162.2560 65
175.4400 175.6000 65
175.6320 175.8560 70
176.2400 176.7840 66
177.3920 177.4560 64
177.4880 177.8720 67
177.9040 178.0640 64
178.0960 178.3520 65
178.8320 179.0880 61
179.6640 179.7280 69
179.7600 179.8560 67
179.8880 179.9520 69
179.9840 180.4640 70
180.4960 180.5280 69
180.5600 180.5920 68
180.6240 180.6560 67
180.9120 181.0080 65
181.0400 181.4880 66
182.0640 182.0960 65
182.1280 182.2880 66
182.6080 183.2480 65
183.3760 183.5040 65
183.5360 183.7920 66
183.8240 183.9200 65
183.9520 184.7520 66
184.9120 185.0080 69
185.0400 186.5440 70
186.9600 187.0240 69
187.0560 187.2160 68
187.5040 188.0160 66
188.0480 188.1120 65
188.1440 188.1760 64
188.6880 188.7840 66
189.2000 189.3600 66
189.4880 189.5520 63
189.5840 189.6800 65
189.8080 189.9360 66
190.0960 190.1280 63
190.1600 190.1920 64
190.2240 190.3840 65
190.4160 190.5120 62
190.9600 191.1520 66
191.5040 191.7280 66
191.7600 191.9520 64
192.1120 192.2720 66
192.3040 192.4640 63
192.4960 192.6560 65
192.6880 192.8480 66
192.8800 193.0080 63
193.0400 193.2320 65
193.2640 193.4880 66
193.5200 193.5840 64
193.6160 193.7760 65
193.8080 193.9680 66
194.1280 194.1280 67
194.1600 194.2240 69
194.2560 195.9520 70
196.1440 196.2400 70
196.2720 196.4000 68
196.7520 197.2640 66
197.2960 197.3280 65
197.3600 197.4240 64
197.9040 198.0960 66
198.3840 198.4160 67
198.4480 198.6400 66
198.6720 198.8000 64
198.8320 198.9600 65
198.9920 199.2160 66
199.2480 199.2800 65
199.3120 199.4080 64
199.4400 199.7280 65
200.1760 200.2400 65
200.2720 200.4320 66
200.5920 200.7520 67
200.7840 200.9440 66
200.9760 201.1040 63
201.1360 201.3280 65
201.3600 201.4880 66
201.6480 201.7120 64
201.7440 201.9040 65
201.9360 202.0960 66
202.1280 202.2240 63
202.2560 202.2880 64
202.3200 202.4480 65
202.4800 202.5760 66
202.8000 202.9920 65
203.0240 203.1840 66
203.3440 203.4400 69
203.4720 204.9760 70
205.0080 205.0720 67
205.2320 205.3280 68
205.3600 205.4560 70
205.4880 205.5520 68
205.5840 205.6160 67
205.9360 206.0320 67
206.0640 206.5120 66
206.5440 206.7040 65
206.7360 206.9600 67
206.9920 207.3120 66
207.3440 207.6640 63
207.6960 207.6960 61
207.8880 207.9520 62
207.9840 208.6240 63
208.6560 208.7520 65
208.7840 208.8480 64
209.0720 209.3920 63
209.4240 209.6800 66
209.7120 209.7760 69
209.8080 209.9360 70
209.9680 210.0960 66
210.2880 210.4160 65
210.5760 210.7680 66
210.9280 211.0880 65
211.1200 211.3760 66
211.4080 211.4720 64
211.5040 211.6000 65
211.7280 211.9200 66
211.9520 212.0160 63
212.0480 212.0800 64
212.1120 212.1760 65
212.2080 212.2400 68
212.2720 212.3680 69
212.4000 212.5280 70
212.5600 212.6880 69
212.7200 214.2880 70
214.5440 214.6720 70
214.7040 214.8640 68
215.1520 215.6320 66
215.6640 215.7600 65
215.7920 215.8560 63
216.3360 216.5920 66
216.8800 217.1040 66
217.1360 217.2640 64
217.2960 217.4560 65
217.4880 217.6480 66
217.6800 217.7120 65
217.7440 218.1600 64
218.1920 218.2560 65
218.2880 218.5120 66
218.5440 218.7040 65
218.7360 218.8640 66
218.8960 218.9280 65
219.0880 219.2160 68
219.2480 219.3120 66
219.3440 219.5680 62
219.6000 219.7920 65
219.8240 219.9200 66
220.1120 220.5600 65
220.6880 221.0720 65
221.2640 221.4560 65
221.4880 221.5840 68
221.6160 222.7040 70
222.7360 223.2160 68
223.2480 223.3440 66
