26.3200 26.7360 60
26.9920 27.0880 59
28.4640 28.6560 56
29.5520 29.7760 56
29.8080 29.9360 59
29.9680 30.0320 60
30.0640 30.4160 61
30.5440 30.6720 59
31.6640 32.0480 54
32.1760 32.3680 54
33.3600 33.6800 55
33.7120 33.8400 58
33.8720 33.9680 61
34.0000 34.0960 62
34.1280 34.4160 63
34.6080 35.1200 61
35.2800 35.4400 60
35.6960 35.9840 60
36.7840 36.8480 59
36.8800 37.2640 61
37.2960 38.3200 62
38.3520 38.4160 61
38.4480 38.8960 59
39.6320 39.9200 56
41.3280 41.5840 56
41.6160 41.9360 60
41.9680 42.0960 59
42.2560 42.5440 59
42.5760 42.6720 58
43.1520 43.3760 54
43.6320 43.8880 54
45.1040 45.1360 58
45.1680 45.3600 59
45.3920 45.5840 61
45.6160 46.0000 59
46.9920 47.1200 54
47.2480 47.7280 54
47.9200 48.0480 54
48.5280 48.6560 56
49.0400 49.2960 61
49.3280 50.1280 63
50.3520 50.5760 63
50.7040 50.8320 63
51.0240 51.4080 63
52.8800 53.4240 63
53.6480 54.0320 59
54.7680 55.0240 61
55.0560 55.3760 63
55.4080 55.9200 62
56.7520 56.8160 64
56.8480 56.8800 65
56.9120 57.6160 66
57.6480 57.6800 65
57.7120 57.8080 64
58.3520 58.8960 58
59.0560 59.4720 59
60.2400 60.9120 66
60.9440 61.1040 67
61.1360 61.2000 65
61.2320 61.2640 64
61.4560 61.6800 64
61.8400 62.0320 66
62.1920 62.2880 64
63.3760 63.5360 62
63.5680 63.8240 63
63.8560 64.1440 64
64.3360 64.4640 65
64.4960 65.1040 66
65.2960 65.4240 66
65.6480 65.8720 65
65.9040 65.9360 63
66.2880 66.5440 61
66.7040 66.9920 59
68.0480 68.0800 58
68.1120 68.1760 59
68.2080 68.2720 62
68.3040 68.4320 63
68.5920 69.2320 64
69.6160 69.9040 63
69.9360 70.2880 62
71.0240 71.2800 64
71.4720 71.7280 62
72.3680 72.7200 62
72.7520 73.6480 61
78.6400 78.7040 63
78.7360 78.7680 65
78.8000 78.9600 66
78.9920 79.2480 68
79.2800 79.4080 70
79.4400 79.4400 68
79.5680 79.7280 62
79.7600 80.1120 63
80.1440 80.4960 66
81.2320 81.3280 63
81.3600 81.3920 62
81.4240 81.7760 61
81.8080 81.9040 62
81.9360 82.0000 65
82.0320 82.2560 66
82.4160 82.6080 66
82.8000 82.9920 68
83.1200 83.2480 70
83.4080 83.7280 62
83.8880 84.4000 61
84.4320 84.4960 62
84.5280 84.6560 63
84.6880 84.7200 62
84.7520 85.0080 61
85.0400 85.2000 62
85.2320 85.3280 66
85.3600 85.3920 67
85.4240 85.8080 68
85.8400 85.8720 67
85.9040 86.0320 66
86.1920 86.4480 66
87.2480 87.2800 66
87.3120 87.4080 67
87.4400 88.3680 68
88.4000 88.6560 70
88.8160 88.9440 71
89.1040 89.3920 66
89.8400 89.9680 66
90.0960 90.3200 66
90.4480 90.6080 70
90.7680 91.3440 71
91.5040 91.6640 66
91.6960 92.2400 68
92.3680 92.5920 71
92.6240 92.8480 68
92.8800 93.3280 70
93.8720 94.1280 66
94.1600 94.4800 68
94.5120 94.6400 70
94.6720 94.7040 67
94.7360 94.8960 62
94.9280 95.0560 63
95.2800 95.3120 64
95.3440 95.4400 65
95.4720 95.7600 66
96.4000 96.5600 63
96.5920 96.6240 62
96.6560 96.9760 61
97.0080 97.1360 62
97.1680 97.2640 65
97.2960 97.9360 66
98.0640 98.2560 68
98.2880 98.3200 69
98.3520 98.4800 70
98.6400 98.7360 62
98.7680 98.8960 63
98.9280 98.9920 64
99.0240 99.0240 67
99.0560 99.1520 70
99.1840 99.4400 71
99.5680 99.7280 71
99.7600 100.1440 70
100.3680 100.5280 73
100.5600 100.9120 71
101.5840 101.7760 68
101.8080 101.9680 70
102.1600 102.3520 71
102.3840 102.5760 70
102.6080 102.7680 71
103.2160 103.4400 65
104.0480 104.1760 71
104.3040 104.4320 69
104.4640 104.5920 71
104.6240 104.6560 70
104.6880 104.6880 68
104.7840 104.9440 66
105.0720 105.3920 66
105.9360 106.1280 71
106.3200 106.4160 69
106.4480 106.7360 71
106.9280 107.0880 68
107.2160 107.6000 68
107.6320 107.8560 71
108.1440 108.9440 70
109.8720 110.0000 63
110.7040 111.3760 63
118.4160 118.5120 63
120.2720 120.4320 63
127.2160 127.3760 64
127.4080 128.4640 66
128.4960 128.6560 63
128.8480 128.9440 59
128.9760 129.4240 58
129.5520 129.9040 59
130.8320 131.4400 66
131.4720 131.6640 67
131.6960 131.7600 65
131.9520 132.1440 64
132.3040 132.4640 66
132.6560 132.7840 64
132.9120 133.2000 63
133.2320 133.3280 62
133.8400 133.9360 62
133.9680 134.2560 63
134.2880 134.5120 64
134.5440 134.6400 63
134.8000 134.9280 65
134.9600 135.5360 66
135.7600 135.8880 66
136.1120 136.3360 65
136.3680 136.4000 63
136.4320 136.6560 59
136.6880 136.7200 60
136.7520 137.0080 61
137.0400 137.5840 59
138.3840 138.5440 56
138.5760 138.7040 60
138.7360 138.9280 63
139.0560 139.8240 64
140.0800 140.9760 62
141.4880 141.7120 64
141.9680 142.2560 63
142.7680 143.6960 63
143.7280 145.7440 61
149.1040 149.2320 64
149.2640 149.2960 66
149.3280 149.7760 68
149.8080 149.9360 70
149.9680 149.9680 68
150.0000 150.0960 61
150.1280 150.6400 63
150.6720 150.9920 66
151.0560 151.0560 66
151.6960 151.9200 63
151.9520 152.3680 61
152.4000 152.4640 63
152.4960 153.0720 66
153.2640 153.4560 68
153.5840 153.7120 70
153.8720 154.1920 61
154.3200 154.6720 61
154.7040 154.8320 62
154.8640 155.1200 63
155.2480 155.5040 61
155.5360 155.6960 62
155.7280 155.8560 66
155.8880 155.9200 67
155.9520 156.3680 68
156.4000 156.5280 67
156.6880 157.1040 66
157.6800 157.8400 66
157.8720 158.9600 68
158.9920 159.1200 70
159.2800 159.4400 71
159.5680 159.8560 66
160.3360 160.4000 65
160.5280 160.7200 66
160.8480 161.0400 70
161.2320 161.7760 71
161.9680 162.7680 68
162.8960 163.0560 71
163.1840 163.6000 70
163.6320 163.7280 68
163.7600 163.9520 66
164.4000 164.5600 66
164.5920 164.9440 68
164.9760 165.1360 70
165.1680 165.5200 63
165.7440 166.3840 66
166.5120 166.5760 64
166.7360 167.0560 63
167.1840 167.6640 61
167.6960 168.3360 66
168.4640 168.7840 68
168.8160 168.9440 70
169.1040 169.4560 63
169.4880 169.4880 66
169.5200 169.5200 68
169.5520 169.9040 71
170.0320 170.2240 71
170.2560 170.7680 70
170.8000 170.9920 73
171.0240 171.4400 71
172.0480 172.2720 68
172.3040 172.4640 70
172.6560 172.8480 71
172.8800 173.1680 70
173.3920 173.5520 64
173.6800 174.1280 64
174.5440 174.6720 71
174.8000 175.1200 70
175.3440 175.4400 66
175.6000 175.9200 66
176.4000 176.5920 71
176.7520 177.1680 71
177.4240 178.0960 68
178.1280 178.2560 71
178.5760 178.7040 69
178.7360 179.4400 70
179.9840 180.1120 69
180.1440 180.8480 71
180.8800 181.1360 70
181.1680 184.7520 71
187.0240 187.1200 70
187.6960 187.8240 70
194.0640 194.3200 64
194.4480 194.7680 62
203.2160 203.2800 64
203.5680 203.8560 64
203.8880 204.0160 63
204.1440 204.3040 62
204.6240 204.6880 62
205.0080 205.7440 59
205.8720 205.9680 59
207.6960 208.1120 59
208.3680 208.9760 59
210.0640 210.1920 64
210.2240 210.3200 66
210.3520 210.3840 67
210.4160 210.6720 68
210.7040 210.8640 70
210.8960 210.8960 67
210.9280 211.1840 62
211.2160 211.5680 63
212.6240 212.7200 63
212.7520 212.8160 62
212.8480 213.2000 61
213.2320 213.2960 62
213.3280 213.4560 64
213.4880 213.6480 66
213.8400 214.0000 66
214.1920 214.3520 68
214.5120 214.6400 70
214.6720 214.6720 68
214.8000 215.1200 62
215.3120 215.9200 61
215.9520 216.1120 63
216.2400 216.4320 61
216.4640 216.6560 62
216.6880 216.8480 66
216.8800 217.2320 68
217.2640 217.3280 67
217.6160 217.9360 66
218.6400 218.8320 66
218.8640 219.8880 68
219.9200 220.1120 70
220.2400 220.4000 71
220.5600 220.9120 66
221.2000 221.8080 66
221.8400 222.0320 70
222.2240 222.6720 71
222.7040 223.0240 68
223.2160 223.2160 65
223.2480 223.6000 68
223.6320 223.8560 70
223.8880 224.0160 71
224.2400 224.2720 68
224.3040 224.3360 69
224.3680 224.5920 70
224.6240 224.8160 68
224.8480 225.5520 66
225.7120 225.7440 68
225.7760 226.0000 66
226.0320 226.6080 63
226.6400 227.0880 66
227.8560 228.0160 63
228.0480 228.4000 62
228.5600 228.9440 66
228.9760 229.0080 67
229.0400 229.2320 68
229.2640 229.4560 66
229.4880 229.7120 68
229.7440 229.8720 70
230.0320 230.1920 62
230.2240 230.4160 63
230.4480 230.6080 69
230.6400 231.1520 71
231.2800 231.5680 75
231.7600 231.9200 74
231.9520 232.4960 71
232.8800 232.9440 65
232.9760 233.1680 68
233.2000 233.2320 69
233.2640 233.4240 70
233.5840 233.7760 71
233.8080 234.0000 70
234.0320 234.2240 71
234.2560 234.2560 68
234.2880 234.4480 64
234.6080 234.7680 64
235.1520 235.4720 71
235.5040 235.6320 73
235.6640 235.9520 71
235.9840 237.0400 66
237.2640 237.4880 71
237.6800 237.8400 69
237.8720 238.2560 71
238.3840 238.8640 68
239.0560 239.2160 71
239.4400 239.6320 68
239.6640 241.5840 70
244.2400 244.3680 70
244.4000 244.6240 71
245.3280 246.3840 71
