12.0160 12.0800 53
12.3040 12.4000 55
18.0000 18.1280 53
18.4480 18.5440 51
18.8960 18.9920 52
19.0240 19.4720 51
19.5040 19.6320 53
19.9200 20.0160 53
20.0480 20.1120 54
20.1440 20.2080 55
20.3680 20.5600 58
20.8480 21.0400 58
21.0720 21.3600 60
21.3920 21.4240 59
21.6480 21.8400 60
21.8720 22.6720 58
22.7040 23.2160 57
23.3760 23.5680 57
23.6000 24.3040 55
24.4320 24.7840 53
24.8160 24.8480 51
25.0400 25.3600 53
25.5200 25.6480 53
25.6800 25.9040 51
25.9360 26.5120 53
26.5440 26.7360 51
26.7680 27.0240 53
27.0560 27.1520 52
27.1840 27.4400 53
27.6320 28.0480 53
28.4960 28.6560 50
28.6880 28.8480 51
32.8800 32.9760 50
33.0080 33.1680 51
33.2000 33.2960 52
33.4560 33.6480 53
33.8400 34.0000 55
34.0320 34.2880 58
34.4800 34.6720 58
34.7040 34.7360 59
34.7680 34.8640 60
34.8960 34.9280 59
34.9600 35.0240 58
35.1520 35.2160 58
35.5360 35.8880 58
36.2080 36.4320 58
36.4640 37.2640 57
37.2960 38.0960 55
38.1280 38.4160 53
38.5760 38.7360 51
38.7680 38.8320 52
38.9920 39.3760 53
39.4080 39.4400 51
39.6640 39.7280 52
39.7600 40.0480 53
40.0800 40.1440 51
40.3040 40.4960 53
40.9120 41.1040 53
41.1360 41.1360 51
41.3600 41.6480 54
41.6800 41.7440 53
41.7760 41.9040 50
42.2240 42.2560 50
42.2880 42.5440 51
45.6800 45.9040 65
46.0640 46.4800 67
46.7360 47.1200 65
47.1520 47.2480 63
47.7600 47.7600 60
47.7920 48.0160 63
48.0480 48.4000 65
48.6240 48.7840 65
48.8160 49.0080 63
49.4560 49.6480 65
49.6800 49.9040 63
49.9360 50.0320 65
50.1600 50.2880 63
50.3200 50.4480 64
50.4800 50.7360 63
50.7680 50.8000 66
50.8320 50.9600 67
50.9920 51.1200 65
51.1520 51.3120 63
51.3440 51.3760 60
51.6640 51.7280 62
51.7600 51.8880 63
51.9200 52.2400 60
52.2720 52.4320 58
52.5920 52.6560 58
52.9120 52.9120 60
52.9440 52.9760 62
53.0080 53.1360 63
53.3920 53.5200 62
53.5520 53.6800 63
53.7120 53.8720 60
54.0000 54.1600 63
54.3520 54.7680 63
54.8000 54.8640 60
55.0880 55.5360 63
55.9200 55.9200 60
55.9520 56.3040 63
56.3360 56.4000 62
56.4320 56.4960 59
56.7840 57.3600 58
57.3920 57.9040 60
57.9360 58.0320 63
59.1200 59.3760 65
59.7920 59.9840 67
60.2080 60.8160 65
60.8480 60.9760 63
61.5200 61.6480 63
61.6800 61.7760 64
61.9360 62.3840 65
62.5760 62.7040 63
62.7360 62.8640 65
62.9920 63.1520 63
63.1840 63.3760 65
63.4080 63.6000 63
63.6320 64.2080 65
64.2400 64.3360 63
64.4640 64.4640 64
64.6880 64.7520 65
64.7840 64.7840 61
64.8800 64.9440 62
64.9760 65.0400 63
65.0720 65.3280 60
65.3600 65.4880 62
65.5200 65.7120 63
65.7440 65.7760 61
66.0320 66.5120 63
66.5440 66.6400 62
66.6720 66.7680 63
66.8000 66.8960 61
67.0560 67.0560 60
67.0880 67.1840 63
67.2160 67.3120 61
67.3440 67.6320 63
67.6640 67.7920 60
67.9520 68.1760 63
68.3680 68.4320 62
68.5600 68.7840 60
68.8160 68.8480 62
68.8800 69.2960 63
69.6160 69.7440 62
69.7760 69.8400 63
70.0640 70.1280 59
70.1600 70.1920 58
70.5120 70.5760 58
70.7360 70.9920 58
71.0240 71.0560 59
71.0880 71.7920 60
71.8240 71.8560 58
73.0080 73.0720 60
73.4560 73.6800 60
73.7120 73.7120 58
73.8080 73.8080 56
74.0000 74.0320 50
74.0640 74.1920 51
74.3200 74.7040 53
74.7360 75.0560 55
75.2160 75.7600 58
76.0160 76.1440 59
76.1760 76.5280 58
76.7200 76.7840 58
77.1360 77.4240 58
77.4560 78.3840 57
78.4160 78.8000 55
79.0560 79.2480 55
79.2800 80.0800 53
80.1120 80.3040 51
80.3360 80.5280 53
80.5600 80.6240 51
80.8160 81.1360 53
81.1680 81.1680 51
81.4560 82.1600 53
82.4800 82.7680 53
82.9280 84.0160 53
84.5280 84.5920 51
85.1680 85.2000 59
85.2320 85.2640 60
85.2960 85.4560 61
85.7440 85.7440 61
86.1600 86.5440 60
87.1840 87.6320 67
87.6640 87.8560 63
87.8880 88.2400 65
88.2720 88.4000 63
88.9440 89.1680 63
89.2000 89.5840 65
89.7760 89.9360 65
89.9680 90.1920 63
90.3520 90.4160 65
90.6400 90.7680 65
90.8000 91.0560 63
91.0880 91.2160 65
91.2480 91.4400 63
91.4720 91.6640 65
91.6960 91.8880 63
91.9200 91.9200 65
91.9520 92.0800 67
92.1120 92.2720 65
92.3040 92.4000 63
92.7840 92.8800 62
92.9120 93.0720 63
93.1040 93.3600 60
93.3920 93.6160 58
94.0640 94.1280 62
94.1600 94.3520 63
94.5120 94.5440 61
94.5760 94.6400 62
94.6720 94.8320 63
94.8640 95.0880 60
95.1200 95.8880 63
95.9200 95.9520 62
96.2400 96.7520 63
96.7840 96.8160 60
97.0720 97.0720 60
97.1040 97.4240 63
97.4560 97.4880 62
97.5200 97.5840 61
97.6160 97.6160 59
97.9360 98.4480 58
98.4800 98.5120 59
98.5440 99.0880 60
99.1200 99.2160 63
100.2720 100.4960 65
100.5280 100.5920 67
100.7840 101.1040 67
101.3600 101.4560 65
101.5840 101.9680 65
102.0000 102.0960 63
102.6720 102.8320 63
102.8640 102.9280 65
103.0560 103.4080 65
103.7280 103.8880 63
103.9200 104.0160 65
104.1440 104.3040 63
104.3360 104.5280 65
104.5600 104.7520 63
104.7840 105.3280 65
105.3600 105.4880 63
105.8400 105.9040 65
106.0960 106.2240 63
106.2560 106.3840 60
106.5120 106.6400 62
106.6720 106.8320 63
106.8640 106.9600 60
107.1840 107.2160 62
107.2480 107.9200 63
107.9520 107.9840 61
108.0160 108.0800 60
108.2080 108.2400 62
108.2720 108.3360 63
108.3680 108.4640 61
108.4960 108.6560 62
108.6880 108.7520 63
108.7840 108.9120 60
109.1040 109.3280 63
109.4880 109.5840 62
109.6160 109.9360 60
109.9680 110.2880 63
110.3200 110.3520 62
110.5440 110.6080 59
110.8000 110.8960 62
110.9280 111.0560 63
111.1200 111.1840 61
111.2160 111.2800 60
111.3120 111.3440 58
111.6640 111.7280 58
111.8880 112.2080 58
112.2400 112.2720 59
112.3040 113.9040 60
114.0960 114.0960 63
114.1280 114.1280 65
114.1600 114.1920 68
114.2240 114.3840 71
114.4160 114.7040 72
114.8640 115.1520 72
116.0480 116.1120 72
116.4960 116.6240 72
116.7520 116.8160 72
117.1680 117.3920 72
117.4240 117.5520 71
117.5840 117.6480 69
117.7440 120.4000 67
120.4320 120.5920 70
120.6240 120.8160 67
120.8480 124.2400 65
124.2720 124.4640 63
124.9120 125.0720 59
125.3600 125.4880 65
125.5200 125.6800 67
125.7120 125.8720 70
125.9040 125.9360 68
126.1280 126.6400 60
126.6720 126.7040 58
126.8960 126.9280 58
127.9200 128.0480 69
128.0800 128.1120 63
128.1760 128.2400 61
128.2720 128.3680 60
128.4000 128.4000 58
128.7840 128.9440 51
128.9760 129.4560 53
129.6800 129.7760 55
130.0640 130.7040 58
130.7360 130.8000 60
130.9280 131.4080 60
131.5680 131.7920 58
132.0160 132.1760 58
132.2080 133.0080 57
133.0400 133.0400 54
133.2960 134.0000 55
134.1280 134.8640 53
134.8960 134.9280 52
134.9600 134.9920 51
135.1840 135.4720 53
135.6320 136.1760 53
136.2080 136.3040 52
136.9120 137.1360 53
137.3280 137.5520 53
137.5840 137.6800 51
138.2560 138.5120 50
139.5680 139.7600 61
140.2080 140.3360 63
142.0640 142.6080 67
142.6400 142.7360 63
142.7680 142.9920 65
143.0560 143.2800 63
143.7920 144.0160 63
144.0480 144.4640 65
144.6240 144.7840 65
144.8160 144.9760 63
145.0080 145.2640 65
145.4880 145.6480 65
145.6800 145.7760 63
145.9040 146.0960 65
146.1280 146.3200 63
146.3520 146.5120 65
146.5440 146.7360 63
146.7680 146.9600 67
146.9920 147.1200 65
147.1520 147.3120 63
147.3440 147.3760 60
147.6320 147.7280 62
147.7600 147.9200 63
147.9520 148.2400 60
148.2720 148.4640 58
148.4960 148.5280 59
148.5600 148.6560 60
148.8160 148.9120 60
148.9440 148.9760 62
149.0080 149.1680 63
149.3280 149.4240 61
149.4560 149.5200 62
149.5520 149.6800 63
149.7120 149.8720 60
150.0000 150.7680 63
150.8000 150.8640 61
151.0880 151.5040 63
151.9520 151.9840 62
152.0160 152.3040 63
152.3360 152.4000 62
152.4320 152.4960 59
152.7840 153.3600 58
153.3920 154.0960 60
154.2240 154.3200 60
155.1200 155.3440 65
155.3760 155.4400 67
155.8880 155.9840 67
156.2080 156.7840 65
156.8160 156.9760 63
157.4560 157.6800 63
157.7120 157.7760 65
157.9360 158.3520 65
158.5760 158.7360 63
158.7680 158.8640 65
158.9920 159.1520 63
159.1840 159.4080 65
159.4400 159.6000 63
159.6320 160.2720 65
160.3040 160.3680 63
160.6880 160.7520 65
160.9120 160.9440 62
160.9760 161.0720 63
161.1040 161.3280 60
161.3600 161.4880 62
161.5200 161.7120 63
161.7440 161.8080 60
162.0000 162.0320 62
162.0640 162.8000 63
163.0560 163.5040 62
163.5360 163.6320 63
163.6640 163.8880 60
163.9200 163.9520 62
163.9840 164.1760 63
164.3680 164.4320 62
164.4640 164.7840 60
164.8160 164.8480 62
164.8800 165.1360 63
165.1680 165.2000 62
165.6480 165.8080 62
165.8400 166.2240 63
166.7680 167.0240 58
167.0560 167.1200 59
167.1520 167.2160 60
167.2480 167.4080 62
167.4400 167.8240 60
168.2720 168.3680 60
168.6880 168.7200 66
168.7520 168.8480 67
168.8800 168.9440 70
169.0720 169.2960 65
169.3920 169.4560 66
169.4880 169.7440 67
169.9360 170.1280 67
170.1600 170.5440 65
170.5760 170.7040 63
171.2160 171.4400 63
171.4720 171.8880 65
172.0480 172.2400 65
172.2720 172.4960 63
172.5600 172.6880 65
172.9120 173.0720 65
173.1040 173.3280 63
173.3600 173.4880 65
173.5200 173.7440 63
173.7760 173.9040 65
173.9360 174.1920 63
174.2240 174.3840 66
174.4160 174.5440 65
174.5760 174.7360 63
174.7680 174.8000 60
175.0880 175.1520 62
175.1840 175.3760 63
175.4080 175.8560 60
176.3040 176.4000 60
176.4320 176.5920 63
176.8160 176.8480 61
176.8800 176.9440 62
176.9760 177.1040 63
177.1360 177.2960 60
177.4240 178.1920 63
178.2240 178.2880 60
178.5760 178.9920 63
179.3440 179.3440 60
179.3760 179.4080 62
179.4400 179.5360 63
179.6640 179.8240 62
179.8560 179.9200 59
180.2400 180.7840 58
180.8160 181.3280 60
181.3600 181.3920 61
181.4560 181.6160 63
181.7440 182.0000 61
182.0320 182.3840 60
182.5120 182.5120 62
182.5440 182.9920 65
183.4400 183.7280 65
183.8560 184.2400 65
184.2720 184.4640 63
184.4960 184.5920 64
184.9120 185.1040 63
185.1360 185.2000 65
185.3600 185.7120 65
185.7440 185.7440 63
186.0000 186.1600 63
186.1920 186.2880 65
186.4160 186.5760 63
186.6080 186.8320 65
186.8640 187.0560 63
187.0880 187.6000 65
187.6320 187.7600 63
188.1760 188.2080 61
188.3040 188.4640 62
188.4960 188.7840 60
188.8160 188.9120 62
188.9440 189.1360 63
189.1680 189.2000 61
189.4560 190.1920 63
190.2240 190.3200 61
190.5120 191.0560 62
191.0880 191.2800 60
191.4720 191.5040 58
191.5360 191.6000 62
191.7920 191.8560 62
191.8880 192.2080 60
192.2400 192.7200 63
193.5520 193.6160 58
193.9680 194.0320 58
194.1920 194.5440 58
194.5760 195.0560 60
195.3760 196.2720 60
196.3040 196.3040 58
196.3360 196.4320 56
196.9440 197.2000 56
197.9360 198.0000 55
198.2240 198.5440 55
198.8640 198.9280 55
