11.8880 12.0160 65
14.5760 14.6720 63
21.0080 21.0720 63
41.7120 41.8720 60
42.2240 42.4160 63
42.5760 42.6720 60
42.7040 42.9920 62
43.0240 43.0880 63
43.1200 43.2160 64
43.2480 43.3760 61
43.4080 43.6960 62
43.7280 43.9200 63
43.9520 44.0480 60
44.3680 44.6880 60
47.3760 47.4400 60
47.4720 47.5040 61
47.5360 47.6000 62
47.8560 47.9520 63
47.9840 48.0800 64
48.1120 48.1440 62
48.1760 48.3680 60
48.5600 48.6880 62
48.9120 49.0400 60
49.0720 49.3280 62
49.3600 49.4560 64
49.6480 49.8080 67
49.8400 49.9360 65
49.9680 50.2240 64
50.2560 50.2880 63
50.3200 50.4160 62
53.0080 53.5520 67
53.7120 53.8720 64
53.9040 53.9680 62
54.1600 54.3200 62
54.3520 54.7040 60
55.3760 55.7920 53
58.8320 59.1200 62
59.1520 59.2800 63
59.5680 59.8240 62
59.8560 59.9520 63
60.1120 60.2080 61
60.2400 60.3680 62
60.5280 60.6560 63
60.8160 61.0080 60
61.1680 61.4880 60
62.9600 63.0880 60
63.1200 63.1840 59
63.3120 63.4080 62
63.4400 63.5680 64
63.7600 63.9520 67
65.4240 65.5840 69
65.6160 65.6160 67
65.9040 66.1600 67
66.1920 66.3840 63
66.8320 67.0240 63
68.9120 69.2640 60
69.2960 69.4560 62
69.4880 69.6160 60
70.6400 70.9280 65
70.9920 71.0240 64
71.5040 72.2720 60
72.3680 72.6880 60
72.7200 72.8480 61
74.5120 74.6720 62
74.7040 74.8000 64
74.9600 75.4720 67
75.5040 75.6000 65
75.6320 75.7920 67
75.8240 76.4000 69
76.4320 76.6560 71
76.8800 77.0400 70
77.0720 77.2320 67
77.4240 77.5520 67
77.5840 77.6800 65
77.8720 78.0960 64
78.1280 78.1920 63
78.2240 78.3840 62
78.4160 78.8640 60
78.8960 78.9600 59
79.8880 79.9520 60
79.9840 80.0480 59
80.3040 80.5600 60
80.5920 80.7840 62
80.8160 80.9120 60
81.7440 82.0640 65
82.7680 82.7680 60
82.9600 83.1200 60
83.3440 83.6640 59
83.6960 83.9200 60
87.6000 87.6640 59
87.6960 87.7920 60
87.8240 88.1120 62
88.1440 88.2400 63
88.4320 88.4640 60
88.4960 88.8480 62
89.0720 89.6800 60
89.7120 89.8400 59
92.7520 92.9760 61
93.0080 93.1360 64
93.1680 93.2640 63
93.2960 93.5520 60
93.5840 93.7120 61
93.7440 93.8720 64
94.0960 94.2240 59
94.2560 94.3200 60
94.3520 94.4800 62
94.6080 94.7680 64
94.9280 95.0560 67
95.2480 95.6320 64
95.6640 95.7280 62
98.2240 98.2560 67
98.2880 98.4800 71
98.6400 98.7680 69
98.8000 98.9920 71
99.0240 99.1200 70
99.1520 99.4720 67
99.5040 99.8240 64
99.8560 99.9840 63
100.0160 100.1120 64
100.1440 100.3040 65
100.3360 100.5280 64
100.5600 100.7200 65
100.7520 100.9760 64
101.0080 101.0720 65
101.1040 101.2320 62
101.2640 101.8080 60
101.8400 101.9040 61
104.0480 104.3040 62
104.3360 104.5280 63
104.6560 104.8480 60
104.8800 104.9440 61
104.9760 105.0720 62
105.2960 105.3280 59
105.3600 105.4560 60
105.4880 105.5520 62
105.5840 105.7120 61
105.7440 105.8720 64
105.9040 106.1280 60
106.1600 106.2560 62
106.2880 106.5440 60
106.5760 106.7360 62
106.7680 107.2160 60
107.2480 107.3120 57
108.1440 108.3360 60
108.3680 108.4320 59
108.4640 108.5920 62
108.6240 108.7520 64
108.9120 109.0720 67
110.6400 110.7360 69
111.1200 111.3760 67
111.4080 111.4720 64
111.5040 111.6320 63
111.9840 112.0480 64
112.0800 112.1120 63
112.1440 112.2080 62
113.8080 114.4160 60
114.4480 114.6080 62
114.6400 114.7040 59
115.6960 115.7280 64
115.7600 115.9840 65
116.1120 116.1120 64
116.1760 116.1760 64
116.5920 117.2000 60
117.2320 117.2960 59
117.6800 117.8400 60
117.8720 117.9360 61
119.6960 119.8240 62
119.8560 119.9520 64
120.1440 120.9760 67
121.0080 121.6800 69
121.7120 121.8400 71
122.0640 122.2560 69
122.2880 122.4800 67
122.6080 122.7360 67
122.7680 122.8640 64
123.0240 123.0560 63
123.0880 123.3120 64
123.3440 123.4400 63
123.4720 123.5680 62
123.6000 124.1440 60
124.1760 124.2400 58
124.8800 125.0080 59
125.0400 125.1680 60
125.4240 125.7440 60
125.7760 125.9360 62
125.9680 126.0320 59
127.4720 127.5680 64
127.6000 127.6640 65
127.8560 127.8880 60
128.1120 128.5600 60
128.6880 129.2960 60
130.7040 131.0240 60
131.0560 131.0880 62
131.1200 131.2160 63
131.2480 131.4080 64
131.4400 131.7600 67
131.7920 131.9520 68
131.9840 132.8480 69
132.8800 132.9760 70
133.0080 133.1360 71
133.1680 133.7120 69
133.7440 134.1600 67
134.1920 134.2880 64
134.3200 134.4800 65
134.5120 134.7360 64
134.7680 134.9920 63
135.0240 135.0880 60
135.1200 135.3440 59
135.5360 135.7920 63
135.8240 136.3040 64
136.3360 136.4000 63
136.4320 136.4960 62
136.5600 136.5920 62
136.6560 136.7200 62
136.7840 136.8160 62
137.0720 137.3920 60
137.4240 137.5200 61
137.5520 137.6160 62
137.7440 137.9360 72
137.9680 138.0960 74
138.1280 138.6400 72
138.6720 138.8000 71
138.8320 138.9600 69
138.9920 139.0240 70
139.0560 139.2800 71
139.3120 139.8560 70
139.8880 139.9520 69
139.9840 140.4640 67
140.4960 140.7200 68
140.7520 140.8480 70
140.9440 141.1680 71
142.0960 142.3200 60
142.3520 142.4800 63
142.5120 142.6720 64
142.7040 142.8640 67
142.8960 143.0240 63
143.0560 143.8560 64
143.8880 144.0480 63
144.0800 144.2080 60
144.2400 144.4000 62
144.4320 144.7520 63
144.7840 145.1040 60
145.2320 145.5200 55
145.6800 147.4720 52
147.6640 147.9520 55
148.1120 148.2400 56
148.3040 148.3360 57
148.3680 148.5920 60
148.6240 148.6880 61
148.7200 148.9120 62
149.4240 149.5200 62
149.9360 150.1280 64
150.3840 150.4480 63
150.4800 150.6080 60
150.6400 150.8000 61
151.1200 151.9200 60
151.9840 152.1120 60
152.2720 152.3360 60
153.4560 153.7120 60
153.7440 153.8080 62
153.8400 153.8720 63
153.9040 154.0320 64
154.1920 154.3520 67
155.1840 155.3760 67
155.4080 155.6640 69
156.1440 156.4960 67
156.8160 157.2000 63
159.2800 159.6320 60
159.6640 159.8240 62
159.8560 159.9200 60
160.8160 160.9760 62
161.0080 161.5200 64
161.5520 161.5520 62
161.5840 163.1520 60
164.8800 165.0400 62
165.0720 165.1360 64
165.2960 165.8080 67
165.8400 165.9360 65
165.9680 166.1280 67
166.1600 166.5120 69
166.5440 166.6080 70
166.7360 166.8960 72
167.1520 167.3120 72
167.3440 167.6000 74
167.6320 167.7920 75
167.8240 168.1440 74
168.1760 168.5600 72
168.5920 168.6240 71
168.8160 169.2640 67
170.2560 170.5440 60
170.5760 170.6080 62
170.6400 170.7040 63
170.7360 170.8640 64
170.8960 171.2160 62
171.2480 171.2800 61
171.3120 171.4400 60
171.6000 172.0800 60
172.1120 172.2400 62
172.2720 172.4960 64
172.5280 172.6880 65
172.7200 173.1360 64
173.1680 173.2000 63
173.2320 173.2960 62
173.3280 175.0880 60
175.2480 176.0480 60
176.0800 176.1760 61
176.2080 176.3040 62
176.3360 176.5600 64
176.5920 176.7840 67
177.8080 177.9040 62
177.9360 178.1280 63
178.6400 179.2800 67
179.3120 179.5680 63
179.6000 179.7920 64
179.8240 179.9520 63
179.9840 180.0480 62
180.0800 180.6240 60
180.6560 180.6880 58
181.8400 181.9040 59
181.9360 182.0320 60
182.0640 182.1920 61
182.2240 182.3840 62
182.4160 182.5120 60
183.0880 183.2480 63
183.2800 183.4080 64
183.4400 183.5680 65
183.6000 183.7280 64
183.7600 184.1760 65
184.2080 184.4320 67
184.7520 184.8160 67
184.8480 184.9440 65
184.9760 185.4240 64
185.4560 185.5520 63
185.5840 185.6800 62
185.7120 186.1920 60
186.2240 186.3840 59
187.3760 187.4400 61
187.4720 187.5680 62
187.6000 187.8240 64
187.8560 188.3680 67
188.4000 188.4000 65
188.4320 188.5280 63
188.5600 188.6240 67
188.6560 189.2320 69
189.2640 189.3600 70
189.3920 189.5520 71
189.8080 189.8720 70
189.9040 189.9360 69
189.9680 190.0000 68
190.0320 190.0960 67
190.2880 190.4800 67
190.7680 190.8000 62
190.8320 190.8960 63
190.9280 191.0560 64
191.0880 191.2480 63
191.2800 191.3440 62
191.3760 191.8560 60
191.8880 191.9520 58
192.8800 192.9440 60
193.4240 193.5200 60
193.5520 193.5840 61
193.6160 193.7120 62
193.7440 193.8720 60
194.8000 194.9280 62
194.9600 195.0240 63
195.0560 195.3760 64
195.9200 196.3360 60
196.6240 196.6560 59
196.6880 197.0720 60
