0.4640 1.6480 67
1.8400 2.1280 69
2.1600 2.2240 68
2.2560 2.5760 67
2.6080 2.6400 66
2.8000 2.8960 63
2.9280 3.2160 62
3.3440 3.3760 64
3.4080 3.4720 65
3.5040 3.5360 66
3.5680 3.8880 67
3.9200 3.9520 68
3.9840 4.0160 69
4.0480 4.2720 70
4.5280 4.5600 67
4.5920 4.7840 68
4.8160 4.8480 67
5.1040 6.0960 67
6.4800 6.7680 69
6.8000 7.2160 67
7.2480 7.2800 66
7.4400 7.5360 63
7.5680 7.8240 62
7.8560 7.9520 63
7.9840 8.0160 64
8.0480 8.1440 65
8.1760 8.4960 67
8.5280 8.5600 68
8.5920 8.6240 69
8.6560 8.6880 70
8.7200 8.9120 71
8.9440 8.9760 70
9.1360 9.2320 67
9.2640 9.4560 69
10.0320 10.0640 61
10.0960 10.1600 62
10.2880 10.4480 62
10.4800 10.5440 59
10.6400 11.0240 59
11.1520 11.2160 62
11.2480 11.3120 63
11.4400 11.7280 62
11.7600 11.8240 59
12.0480 12.1120 57
12.2400 12.4640 57
12.6240 12.7200 57
12.7520 12.8800 56
12.9120 12.9760 55
13.1360 13.4560 55
14.7040 14.8960 60
14.9280 15.0880 62
15.2160 15.3760 59
15.5040 15.6640 59
15.6960 15.7600 60
15.7920 15.8240 62
15.8560 15.9840 63
16.1120 16.3040 62
16.3360 16.4000 61
16.4320 16.4320 59
16.6240 16.7200 57
16.8480 17.3920 57
17.5200 18.1920 55
18.2240 18.2880 56
18.6080 18.6720 58
19.5680 19.7600 64
19.7920 19.8560 63
19.8880 20.1760 62
20.2080 20.3040 63
20.3360 20.5920 62
20.6240 20.7520 59
20.7840 20.8160 57
20.8480 20.9440 56
20.9760 21.3600 55
21.3920 21.4240 56
21.4560 21.5520 57
21.5840 21.6480 56
21.8720 22.0320 55
22.0640 22.1280 56
22.1600 22.2240 57
22.2560 22.3200 58
22.3520 23.4080 59
23.8880 23.9200 60
23.9520 24.0160 61
24.1440 24.2080 61
24.2400 24.3040 60
24.3360 24.3680 59
24.4640 24.9440 59
24.9760 25.0080 61
25.0400 25.0720 62
25.1040 25.1680 63
25.2960 25.4880 62
25.5200 25.5840 61
25.6160 25.6480 59
25.6800 25.7120 58
25.8720 26.3200 57
26.4800 26.5440 57
26.5760 26.6720 56
26.7040 26.8000 55
27.0240 27.3440 55
27.6000 27.6320 60
27.6640 27.6960 61
27.8560 28.3040 67
28.7840 28.8160 69
28.8480 28.8800 70
28.9120 28.9760 71
29.3280 29.4240 67
29.4560 29.5520 69
29.5840 29.9040 67
29.9360 30.1920 64
30.3840 30.5760 62
30.7040 30.9600 62
30.9920 31.1200 63
31.2480 31.7280 67
31.7600 31.8880 69
31.9200 32.1120 67
32.1440 32.4320 64
32.8160 33.3920 62
33.4240 33.5840 64
33.6160 34.0640 67
34.0960 34.2240 69
34.2560 34.3520 67
34.5440 34.6720 64
34.8320 34.9280 69
34.9600 35.3760 71
35.4080 35.4720 73
35.9200 36.0480 68
36.0800 36.2400 69
36.2720 36.3360 72
36.3680 36.4000 69
36.8160 36.8800 64
36.9120 36.9760 65
37.0080 37.6800 67
38.0000 38.0960 69
38.1280 38.1600 70
38.1920 38.2880 71
38.3200 38.3520 70
38.5760 38.6400 67
38.6720 38.8640 69
38.8960 39.0880 67
39.1200 39.1520 66
39.1840 39.2160 65
39.2480 39.5040 64
39.6960 40.1440 62
40.2720 40.4320 64
40.5600 40.5920 65
40.6240 40.6560 66
40.6880 41.0080 67
41.0400 41.1360 68
41.1680 41.3920 67
41.4240 41.7120 64
41.8720 42.6400 62
42.6720 42.8320 64
42.8640 43.2480 67
43.2800 43.3760 69
43.4080 43.4400 68
43.4720 43.5680 67
43.6000 43.9840 64
44.0160 44.1440 69
44.1760 44.6560 71
45.1040 45.3920 67
45.4240 45.4560 65
46.2240 47.1200 67
47.1520 47.1840 65
47.2160 47.3120 64
47.7600 48.1120 67
48.3680 48.5920 64
48.6240 48.8800 62
48.9120 48.9440 65
48.9760 49.1680 67
49.2000 49.6160 69
49.6480 49.9680 71
50.0000 50.0320 66
50.4800 50.5120 66
50.5440 50.7680 67
50.9600 51.1520 64
51.5360 51.6000 74
51.6320 51.7600 75
51.7920 51.8880 71
51.9200 52.6560 69
52.6880 53.1040 67
53.2640 53.5200 64
53.5520 54.0000 67
54.1600 54.2880 64
54.3200 54.3840 65
54.4160 54.6400 67
54.7680 54.9280 67
55.2480 55.4080 62
55.5360 55.7920 62
55.8240 55.8560 66
55.8880 56.1440 67
56.4320 56.6240 64
56.6560 56.7520 63
57.0080 57.4560 67
57.5840 57.7440 64
57.8720 58.0320 62
58.0640 58.1280 64
58.1600 58.4160 67
58.4480 58.5440 69
58.7040 58.8000 69
58.8320 59.2800 71
60.5280 60.6240 79
60.6560 60.8800 78
60.9120 61.2640 76
61.2960 61.3920 75
61.4240 61.6160 74
61.6480 61.7760 76
61.8080 61.8400 75
61.8720 61.9680 74
62.0000 62.0320 72
62.0640 62.1280 71
62.2240 62.2560 72
62.2880 62.4160 73
62.4480 62.4800 71
62.5120 62.5440 70
62.5760 62.6720 69
62.7040 62.8000 68
62.8320 62.9280 69
62.9600 63.3440 71
63.3760 63.4080 69
63.4400 63.8880 67
64.2400 64.3360 63
64.3680 64.4960 64
64.5280 64.8480 67
64.8800 64.9440 69
64.9760 65.3280 71
65.4880 65.6480 66
65.6800 66.0000 67
66.2240 66.2880 69
66.3200 66.7680 71
67.5040 67.5360 71
67.5680 68.2400 72
68.2720 68.2720 70
68.3680 68.5920 69
68.6240 69.0400 71
69.0720 69.2000 67
69.2320 69.3600 66
69.3920 69.5520 67
69.5840 69.7760 69
69.9040 70.0320 69
70.2560 70.7360 67
70.7680 70.8000 68
70.8320 70.8960 69
70.9280 71.3760 71
72.1760 72.7840 69
72.8160 72.8480 68
72.8800 73.1040 67
73.1360 73.1680 69
73.2000 73.2320 70
73.2640 73.3920 71
73.5520 73.7440 64
73.7760 74.0320 67
74.0640 74.1280 69
74.1600 74.1920 70
74.2240 74.4800 71
74.5120 74.6720 69
74.7040 74.7040 72
74.7360 74.8000 74
74.8320 75.0240 71
75.0560 75.2480 69
75.4720 75.5040 70
75.5360 75.9200 71
76.6880 76.8160 71
76.8480 77.4560 72
77.7760 77.8400 70
77.8720 78.3200 71
78.9600 78.9600 77
78.9920 79.1200 79
79.1520 79.3440 78
79.3760 79.8240 76
79.8560 80.0800 74
80.1120 80.3040 75
80.3360 80.4000 74
80.4320 80.6560 71
80.6880 80.7200 72
80.7520 80.8800 73
80.9120 81.0080 71
81.0400 81.3920 69
81.4240 81.7760 71
81.8080 81.8400 69
81.8720 82.3520 67
82.4800 82.9280 71
83.0560 83.3440 67
83.9520 84.0160 60
84.1760 84.2720 61
84.3040 84.3360 60
84.4640 84.9760 59
85.0080 85.1040 61
85.2960 85.3600 62
85.3920 85.4560 61
85.4880 85.5200 60
85.5520 85.7120 59
85.8720 85.9680 57
86.0960 86.3520 57
86.4800 86.6080 57
86.6400 86.7680 56
86.8000 86.8960 55
87.0560 87.2480 55
88.5280 88.5920 61
88.7520 89.0400 62
89.0720 89.1360 61
89.1680 89.1680 59
89.2640 89.6480 59
89.9040 90.0000 61
90.0320 90.0640 60
90.2240 90.2880 59
90.3200 90.3840 58
90.4160 90.5760 57
90.7360 91.1840 57
91.2160 91.3440 56
91.3760 92.0160 55
92.0480 92.1440 56
93.0720 93.1040 64
93.1360 93.3600 65
93.3920 93.5840 64
93.6160 93.6480 63
93.6800 94.0960 62
94.2560 94.3840 62
94.5760 94.6400 57
94.6720 94.7360 56
94.7680 95.0880 55
95.1200 95.2480 56
95.2800 95.4400 57
95.4720 95.8560 56
95.9840 96.0480 57
96.0800 96.1120 58
96.1440 96.5280 59
96.9440 97.1040 59
97.9680 98.0320 60
98.0640 98.1600 61
98.2880 98.7680 59
98.8000 98.8320 60
98.8640 98.9600 61
99.1520 99.3440 62
99.3760 99.4080 61
99.4400 99.5680 59
99.7280 100.3680 57
100.4000 100.4960 56
100.5280 100.7200 55
100.8800 101.1040 55
101.6160 102.5120 67
102.5440 102.6720 64
103.1520 103.5040 67
103.7600 103.9200 64
103.9520 103.9840 63
104.0160 104.2720 62
104.3040 104.3360 65
104.3680 104.5600 67
104.5920 105.0080 69
105.0400 105.3600 71
105.3920 105.4240 67
105.8720 105.9040 66
105.9360 106.1600 67
106.3520 106.5120 64
106.8960 106.9600 74
106.9920 107.1520 75
107.1840 107.2800 71
107.3120 108.0480 69
108.0800 108.4960 67
108.6240 108.9120 64
108.9440 109.3600 67
109.5520 109.7440 64
109.7760 110.4480 67
110.6080 110.8000 62
110.9280 111.1840 62
111.2160 111.5360 67
111.7920 112.1120 64
112.3680 112.8160 67
112.9760 113.1360 64
113.1680 113.4560 62
113.4880 113.5520 65
113.5840 113.7760 67
113.8080 113.9360 69
114.0960 114.1920 69
114.2240 114.6720 71
114.8960 115.1200 71
115.6000 115.6640 71
115.8880 116.0160 79
116.0480 116.2720 78
116.3040 116.6240 76
116.6560 116.7840 75
116.8160 116.9440 74
116.9760 117.0080 75
117.0400 117.1680 76
117.2000 117.2320 75
117.2640 117.3280 74
117.3600 117.8720 72
117.9040 118.3200 69
118.3520 118.7040 71
118.7360 118.7680 69
118.8000 119.2480 67
119.6320 119.6960 63
119.7280 119.8880 64
119.9200 120.2400 67
120.2720 120.3360 69
120.3680 120.7200 71
120.8480 121.0080 66
121.0400 121.4240 67
121.6160 121.6800 69
121.7120 122.1600 71
122.8320 122.9600 71
122.9920 123.6320 72
123.6640 123.9840 70
124.0160 124.4000 71
124.5280 124.7520 66
124.7840 124.9440 67
124.9760 125.0720 69
125.2320 125.4240 69
125.6480 126.0320 67
126.2240 126.2880 69
126.3200 126.7680 71
127.5680 128.1760 69
128.2080 128.2400 68
128.2720 128.4960 67
128.5280 128.6240 69
128.9120 129.1360 64
129.1680 129.4560 67
129.4880 129.5520 69
129.5840 129.8400 71
129.8720 130.0320 69
130.1920 130.2880 71
130.8320 130.8960 69
130.9280 131.4080 71
132.1120 132.1760 71
132.2080 132.8480 72
133.1680 133.2000 70
133.2320 133.6480 71
134.3520 134.7360 78
134.7680 135.1840 76
135.2160 135.4400 74
135.4720 135.7600 75
135.7920 136.0800 71
136.1120 136.2400 74
136.2720 136.3680 71
136.4000 136.5280 69
136.6560 136.7840 69
136.8160 137.1680 71
137.2000 137.2320 69
137.2640 137.7440 67
137.8400 138.2240 71
138.6400 139.0880 67
139.2160 139.5360 67
139.5680 139.7280 70
139.8560 139.9200 67
140.0800 140.1760 67
140.2080 140.3360 69
140.4960 140.6240 67
140.6560 140.6880 65
140.7200 141.0080 64
141.1040 141.7440 62
141.7760 141.8720 63
142.0000 142.5120 67
142.5440 142.6720 69
142.7040 142.8320 67
142.9600 143.1520 64
143.6000 144.1440 62
144.1760 144.3040 64
144.3360 144.3680 65
144.4000 144.8160 67
144.8480 145.0080 69
145.0400 145.1680 67
145.2000 145.2960 65
145.3280 145.4560 64
145.6160 145.7120 69
145.7440 146.1280 71
146.1600 146.2560 73
146.2880 146.2880 71
146.6720 146.8320 68
146.8640 146.9920 69
147.0240 147.0560 70
147.6000 147.6320 64
147.6640 147.6960 65
147.7280 147.7600 66
147.7920 148.3680 67
148.7200 148.7520 68
148.7840 148.8480 69
148.8800 148.9120 70
148.9440 149.0400 71
149.3600 149.4240 67
149.4560 149.5840 69
149.6160 149.6480 68
149.6800 149.8400 67
149.8720 149.9040 66
149.9360 149.9680 65
150.0000 150.1920 64
150.2240 150.2880 63
150.4800 150.9280 62
151.0560 151.2800 64
151.3120 151.4080 65
151.4400 152.1440 67
152.1760 152.4320 64
152.4640 152.4960 63
152.5280 153.4240 62
153.4560 153.6160 64
153.6480 154.0000 67
154.0320 154.0960 68
154.2560 154.3200 67
154.3520 154.6400 64
154.6720 154.7360 66
154.7680 154.8000 67
154.8320 154.9600 69
154.9920 155.0240 71
155.0560 155.2160 70
155.2480 155.4080 71
155.7280 155.8880 66
155.9200 156.1440 67
156.1760 156.1760 65
156.3680 156.6560 69
156.8480 157.9040 67
157.9360 157.9680 65
158.0000 158.0640 64
158.5440 158.8640 67
159.1520 159.3120 64
159.3440 159.3760 63
159.4080 159.6640 62
159.6960 159.7280 66
159.7600 159.9520 67
159.9840 160.3680 69
160.4000 160.7520 71
160.7840 160.8160 66
161.2640 161.2960 66
161.3280 161.5520 67
161.7120 161.9360 64
162.2880 162.3520 74
162.3840 162.5440 75
162.5760 162.6720 71
162.7040 163.4400 69
163.4720 163.8560 67
164.0160 164.2720 64
164.3040 164.7520 67
164.9120 165.0400 64
165.0720 165.1680 65
165.2000 165.7120 67
166.0000 166.1920 62
166.3200 166.5440 62
166.5760 166.5760 64
166.6080 166.9280 67
167.2480 167.4400 64
167.7600 168.2080 67
168.3680 168.5280 64
168.6560 168.8480 62
168.8800 168.9120 65
168.9440 169.1680 67
169.2000 169.2960 69
169.4880 169.5200 69
169.5520 169.5840 70
169.6160 170.0320 71
170.2240 170.3200 71
171.2480 171.2480 77
171.2800 171.4080 79
171.4400 171.6320 78
171.6640 172.0480 76
172.0800 172.1760 75
172.2080 172.3360 74
172.3680 172.4000 75
172.4320 172.5280 76
172.5600 172.5920 75
172.6240 172.7520 74
172.7840 173.0080 72
173.0400 173.1360 73
173.1680 173.2000 72
173.2320 173.2960 71
173.3280 173.4240 69
173.5520 173.7120 69
173.7440 174.0640 71
174.0960 174.1600 69
174.1920 174.6400 67
175.0240 175.1840 63
175.2160 175.2480 64
175.2800 175.3120 66
175.3440 175.6000 67
175.6320 175.6960 68
175.8880 176.1760 64
176.2080 176.3680 65
176.4000 176.8480 64
176.8800 177.0080 65
177.0400 177.2960 66
177.4560 177.5200 66
178.2880 179.0240 72
180.4960 180.6240 79
180.6560 180.8800 78
180.9120 181.3280 76
181.3600 181.4240 75
181.4560 181.5520 74
181.5840 181.8400 75
181.8720 181.9680 74
182.0000 182.0320 72
182.0640 182.1600 71
182.1920 182.2560 72
182.2880 182.4160 73
182.4480 182.5440 71
182.5760 182.6720 69
182.7040 182.8000 68
182.8320 182.9280 69
182.9600 183.3120 71
183.3440 183.4080 69
183.4400 183.8880 67
184.2400 184.5280 64
184.5600 184.7840 67
184.8160 184.8800 69
184.9120 184.9440 70
184.9760 185.2640 71
185.2960 185.4240 69
185.6800 185.8080 66
185.8400 185.9040 65
185.9360 186.1600 64
186.1920 186.2240 65
186.2560 186.6080 66
186.6400 186.7680 65
186.8000 187.2160 66
187.3760 187.4080 70
187.4400 187.5040 71
187.5360 188.2400 72
188.2720 188.3360 71
189.1360 189.4240 66
189.7120 189.8400 67
189.8720 189.9040 68
189.9360 190.0640 69
190.0960 190.5760 67
190.8640 191.0240 67
191.0560 191.3120 66
191.4400 191.8240 66
191.9840 192.1120 67
192.1440 192.1760 68
192.2080 193.1360 69
193.4240 193.5200 68
193.5520 194.4480 71
194.4800 194.5440 69
194.5760 195.1840 67
195.3760 195.7280 67
196.5920 196.7840 71
196.8160 197.4880 72
197.5200 197.5520 70
197.5840 197.6480 69
197.8080 198.1920 66
198.4800 198.8640 66
198.9920 199.0880 67
199.1200 199.2800 68
199.3120 199.8560 67
199.8880 200.3040 66
200.9440 201.2320 66
201.2640 201.3280 67
201.3600 201.3920 68
201.4240 201.5520 69
201.5840 201.9040 70
202.0960 202.3520 65
202.3840 202.8960 64
202.9280 202.9920 65
203.0240 203.1840 67
203.3440 203.4080 70
203.4400 203.6960 71
203.7280 203.8560 70
204.0480 204.1760 76
204.4320 204.9440 76
205.1680 205.2640 76
205.4880 205.6480 76
205.8400 206.7040 72
207.6320 207.7280 71
208.3360 208.4960 69
208.5280 208.6880 67
208.8800 208.9760 67
210.1280 210.2560 67
210.6080 211.5040 69
211.8880 211.9520 69
211.9840 212.9120 71
212.9440 213.0080 69
213.0400 213.6480 67
213.8080 214.0640 67
