21.1360 21.3600 51
21.6160 21.6480 51
21.6800 21.7760 52
21.8080 23.1520 54
24.0480 24.2080 50
24.2400 24.4320 51
24.4640 24.6240 54
24.8160 24.9440 59
25.1040 25.3920 57
25.6160 26.1600 59
26.1920 26.2240 58
26.3840 26.6400 55
26.6720 26.8000 56
26.8320 26.9280 55
26.9600 27.5680 54
29.0400 29.1680 50
29.2000 29.4560 51
29.4880 29.7120 54
29.8400 30.7680 54
32.0480 32.0800 50
32.1120 32.3360 51
32.4960 32.6880 54
32.8480 33.0080 59
33.1360 33.5840 57
33.6160 34.0320 59
34.0640 34.1600 61
34.4160 34.6400 55
34.6720 34.8320 56
34.8640 34.9920 55
35.1520 35.7280 54
36.8480 37.2320 54
37.2640 37.2960 55
37.3280 37.5840 56
37.6160 37.6160 59
37.6480 37.7120 62
37.7440 37.8720 63
37.9040 38.1600 62
38.1920 38.3200 63
38.3520 38.4160 62
38.7040 38.8320 56
38.8640 38.9600 57
38.9920 39.0240 59
39.0560 39.1520 60
39.4080 39.4720 60
40.9440 41.0720 54
41.2320 41.4880 54
41.5200 41.6480 55
41.6800 41.8400 59
42.0320 42.2560 59
42.2880 42.4800 61
42.7040 42.8000 54
43.0560 43.3440 59
43.3760 43.5360 61
43.5680 44.0160 59
44.8800 45.0400 52
45.1680 45.3280 52
45.5840 45.7440 54
45.9040 46.0320 54
46.0640 46.0960 55
46.1280 46.3200 56
46.8320 46.9600 52
47.1520 47.4720 52
47.5040 47.6960 54
47.9520 48.2080 56
48.8800 49.3600 52
49.6160 50.1280 54
50.1600 50.4800 55
50.7040 50.8640 47
51.1840 51.3440 49
51.3760 51.9840 50
53.1680 53.2640 50
53.2960 53.3600 51
53.6480 53.7760 54
53.9680 55.2480 54
56.0800 56.4320 51
56.4640 56.6560 54
56.6880 56.7200 55
56.7520 56.7840 58
56.8160 56.9120 59
57.0720 57.5200 57
57.5520 58.1600 59
58.1920 58.2240 57
58.2560 58.2880 55
58.3200 58.4480 54
58.4800 58.5440 55
58.5760 58.7040 56
58.7360 58.8640 55
58.8960 59.5040 54
60.8480 61.0720 54
61.1040 61.1680 53
61.2000 61.3280 52
61.5520 61.6800 54
61.9360 63.4720 54
64.1440 64.3040 51
64.5280 64.7200 54
64.7520 64.7840 55
64.8160 64.9760 59
65.1040 65.5200 57
65.5520 65.7120 59
65.7440 65.8400 58
65.8720 66.0000 59
66.0320 66.1600 61
66.3840 66.5440 54
66.5760 66.6400 55
66.6720 66.8000 56
66.8320 66.9280 55
68.8160 68.9440 54
69.1040 69.2320 54
69.2640 69.2960 55
69.3280 69.5200 56
69.5520 69.5520 58
69.5840 69.6160 61
69.6480 69.7440 62
69.9040 70.0000 61
70.0320 70.1600 62
70.3840 70.4800 55
70.5120 70.6720 56
70.8640 71.2160 59
71.2480 71.2800 60
71.3120 71.6320 61
72.8160 72.9440 54
73.1040 73.3920 54
73.4240 73.5200 55
73.5520 73.6160 59
73.6480 73.7120 60
73.8400 73.8720 58
73.9040 74.0320 59
74.0640 74.1600 61
74.3520 74.6400 54
74.6720 74.7680 55
74.8000 75.0240 59
75.0560 75.2800 61
75.3120 76.0800 60
76.1120 76.1440 59
76.8480 76.9440 51
76.9760 77.1360 52
77.1680 77.2960 51
77.5200 77.5520 53
77.5840 78.0320 54
78.0640 78.0960 55
78.1280 78.2240 56
78.2560 78.3200 55
78.8960 78.9600 51
79.1520 79.3440 52
79.5360 80.0800 54
80.1120 80.3040 56
80.8160 81.1680 54
81.2000 81.2320 55
81.2640 81.4240 56
81.5520 81.6800 58
81.8400 81.8720 60
81.9040 82.0640 61
82.0960 82.3200 62
82.3520 82.4480 61
82.4800 82.8960 59
82.9280 83.0880 61
83.1200 83.2480 63
83.2800 83.3120 62
83.3440 85.2960 61
85.9680 85.9680 62
86.0000 86.0000 65
86.0320 86.1280 67
86.1600 86.3200 68
86.3520 86.3840 64
86.4480 86.7040 61
86.7360 86.7680 62
86.8000 87.0560 63
87.0880 87.1520 60
87.1840 87.2480 58
87.2800 87.3760 61
87.4080 87.7920 62
88.0160 88.3040 63
88.3360 88.3680 61
88.5280 88.7520 61
88.7840 89.0080 62
89.0400 89.3280 61
89.3600 89.3600 59
89.3920 89.4560 57
89.4880 89.4880 60
89.5200 89.9680 63
90.5760 90.8000 54
91.0240 91.3760 59
91.5040 91.5040 59
91.5360 91.6320 61
91.7600 91.8560 59
92.0160 92.1760 59
92.2080 92.4000 61
92.4320 92.6560 59
92.6880 92.7840 57
92.8160 92.9440 59
92.9760 93.2960 61
93.4560 93.4880 60
93.5200 93.7760 62
93.8080 94.0960 63
94.5440 94.5760 52
94.6080 94.6720 53
94.8000 94.8320 53
94.8640 94.9920 54
95.0240 95.5360 56
95.5680 96.1760 59
96.2080 96.2720 57
96.3040 96.3040 59
96.3360 96.6880 62
96.7200 96.7840 59
96.8160 97.0080 62
97.0400 97.2320 63
97.2640 97.6800 61
97.8080 98.4480 61
98.4800 98.5120 62
98.5440 98.7040 63
98.7360 99.0560 59
99.0880 100.6880 60
100.7200 101.2640 56
101.7120 101.7440 55
101.7760 101.8720 56
102.0000 102.0000 64
102.0320 102.1280 67
102.1600 102.3520 68
102.5120 102.6720 61
102.7040 102.7360 62
102.7680 103.0560 63
103.0880 103.1520 62
103.1840 103.3760 61
103.5040 103.6000 63
103.6320 103.6640 62
103.6960 103.8560 61
103.8880 103.9520 60
103.9840 104.2400 63
104.2720 104.3360 62
104.3680 104.4320 60
104.4640 104.5920 61
104.7520 104.9440 62
104.9760 105.3600 61
105.3920 105.3920 59
105.5200 106.2240 63
106.2560 106.2560 61
106.7680 106.9920 63
107.0240 107.1200 65
107.1520 107.4400 62
107.4720 107.6000 66
107.6320 107.8880 63
107.9200 107.9520 65
107.9840 108.3680 66
108.4000 108.4640 62
108.4960 108.6880 63
108.7200 109.0720 68
109.1040 109.2960 70
109.3280 109.4240 68
109.5520 109.7440 63
109.7760 110.1600 66
110.1920 110.5440 61
110.5760 110.8000 63
110.8320 110.8640 59
110.8960 111.0240 55
111.0560 111.3120 56
111.3440 111.4720 55
111.5040 111.5040 57
111.5360 111.7600 59
111.7920 112.8160 61
112.8480 112.8800 59
114.0320 114.2560 61
114.2880 114.5120 62
114.5440 114.6400 61
114.8640 115.1200 54
115.1520 115.3120 53
115.3440 115.3760 56
115.4080 115.4400 59
115.4720 115.6320 60
115.6640 116.6560 61
116.6880 117.3600 59
118.0320 118.1920 59
118.2240 118.4800 61
118.5120 118.6080 62
118.6400 118.8320 63
118.9920 119.4400 56
119.4720 119.6320 59
119.6640 119.7920 58
119.8240 120.1440 59
120.1760 120.2400 58
120.6880 120.8480 59
120.8800 121.0080 56
121.0400 121.1360 57
121.1680 121.5840 58
121.6160 121.6800 57
121.7120 122.0320 59
122.2240 122.5120 59
122.5440 122.7360 61
122.7680 122.8640 59
122.9920 123.1840 59
123.2160 123.8880 56
123.9200 124.2080 55
125.4560 125.4560 52
125.4880 125.6800 55
125.7120 126.0640 56
126.0960 126.1600 53
126.1920 126.3840 51
126.4160 126.4480 52
126.4800 126.5760 53
126.6080 126.8640 54
126.8960 127.0880 53
127.1200 127.6640 54
129.4880 129.5200 55
129.5520 129.6160 56
129.6480 129.7760 57
129.8080 130.1280 58
130.1600 130.2240 54
130.2560 130.4480 52
130.4800 130.5760 54
130.6080 130.6400 55
130.6720 130.8960 56
130.9280 131.1840 55
131.2160 131.7600 56
133.3280 133.3920 54
133.5200 133.5520 54
133.5840 133.7760 55
133.8080 134.1280 56
134.1600 134.1920 54
134.2240 134.4800 52
134.5120 134.6080 53
134.6400 134.8640 54
134.8960 135.1200 53
135.1520 135.8240 54
138.9920 139.1840 51
139.4080 139.5680 52
139.6000 140.9440 54
141.9040 141.9680 50
142.0000 142.1920 51
142.3200 142.6080 54
142.6400 142.6720 58
142.7040 142.8000 59
142.9600 143.3120 57
143.4400 143.5680 59
143.7280 144.0480 59
144.2400 144.4640 54
144.4960 144.6560 56
144.6880 145.6160 54
146.6720 146.9280 54
146.9600 147.4080 51
147.4400 147.4720 53
147.5040 147.7280 54
147.7600 148.1120 53
148.1440 149.0080 54
149.8400 149.9040 48
149.9360 150.1600 51
150.3520 150.5440 54
150.5760 150.6080 55
150.6400 150.6720 58
150.7040 150.8000 59
150.9600 151.2800 57
151.4080 151.6000 59
151.6320 151.7280 58
151.7600 151.8880 59
151.9200 151.9840 61
152.1760 152.4960 54
152.5280 152.6880 56
152.7200 152.7520 55
152.7840 153.6160 54
154.6720 154.8000 54
154.9600 155.1200 54
155.1520 155.1840 55
155.2160 155.4080 56
155.4400 155.4400 58
155.4720 155.6000 61
155.7920 155.9200 61
155.9520 156.0160 62
156.2400 156.5280 56
156.7200 156.9440 60
156.9760 157.8080 61
158.7040 159.3120 54
159.3440 159.3760 57
159.4080 159.5680 61
159.6000 159.6960 58
159.7280 159.8560 59
159.8880 160.0480 61
160.2400 160.4960 54
160.5280 160.6240 55
160.6560 160.6880 58
160.7200 160.9120 59
160.9440 161.1680 61
161.2000 161.8720 60
161.9040 162.0000 59
162.6400 162.6720 51
162.7040 163.2160 52
163.3440 163.3760 53
163.4080 163.5360 54
163.5680 163.6960 53
163.7280 163.9200 54
163.9520 164.1760 56
164.2080 164.3040 55
164.6560 164.7840 52
164.9440 165.3280 52
165.3600 165.5520 54
165.6800 165.8720 54
165.9040 165.9360 55
165.9680 166.2880 56
166.6400 167.0880 54
167.1200 167.3120 56
167.4400 167.5680 59
167.6000 167.7280 58
167.7600 167.8880 61
167.9200 167.9520 62
167.9840 168.1120 63
168.1440 168.1760 62
168.2080 168.3040 61
168.3360 168.5920 59
168.6240 168.6880 58
168.7200 168.9120 61
168.9440 169.1680 63
169.2000 171.1200 61
171.1520 171.1840 60
171.5360 171.7600 54
171.9520 172.0160 66
172.0480 172.1120 67
172.1440 172.2400 68
172.3680 172.6880 61
172.7200 173.0080 63
173.0400 173.0400 61
173.0720 173.0720 59
173.1040 173.1680 57
173.2000 173.3280 61
173.3600 173.3920 62
173.4240 173.5200 63
173.5520 173.5840 62
173.6160 173.7120 61
173.9040 174.1920 63
174.2240 174.2240 61
174.2560 174.2560 59
174.2880 174.3840 57
174.4160 174.4160 59
174.4480 174.6720 61
174.7040 174.8640 63
174.8960 175.3120 61
175.3440 175.4080 60
175.4400 175.8880 63
176.4640 176.7840 54
176.9440 177.2000 59
177.2320 177.2960 58
177.3280 177.4240 57
177.4560 177.7760 59
177.9680 178.0640 59
178.0960 178.2880 61
178.3200 178.3840 58
178.4160 178.5760 59
178.6080 178.7040 57
178.7360 178.8960 59
178.9280 179.2160 61
179.2480 179.2480 59
179.2800 179.3760 57
179.4080 179.4400 61
179.4720 179.5040 62
179.5360 179.9520 63
180.4320 180.5920 54
180.6240 180.7200 52
180.7520 180.9440 54
180.9760 181.2640 56
181.2960 181.3920 55
181.4240 181.5840 58
181.6160 182.0640 59
182.0960 182.1600 57
182.1920 182.1920 59
182.2240 182.2880 61
182.3200 182.3520 62
182.3840 182.5120 63
182.5440 182.5440 61
182.6720 182.7040 61
182.7360 182.8960 62
182.9280 183.0560 63
183.0880 183.2160 62
183.2480 183.5680 61
183.6960 184.0480 61
184.0800 184.1760 59
184.2080 184.3360 62
184.3680 184.5280 63
184.5600 184.5600 61
184.6880 184.9120 59
184.9440 186.5760 60
186.6080 187.1840 56
187.6000 187.6320 55
187.6640 187.7600 56
187.9200 188.1760 68
188.2080 188.2080 65
188.2400 188.2720 63
188.3040 188.5600 61
188.6880 188.9760 63
189.0080 189.0080 61
189.1680 189.3920 61
189.4240 189.5840 63
189.6160 189.7760 61
189.9040 190.0960 63
190.1280 190.5120 61
190.5440 190.6080 59
190.6400 190.8000 63
190.8320 190.8640 62
190.8960 191.0240 61
191.0560 191.3760 60
191.4080 191.9520 63
191.9840 192.0480 62
192.0800 192.1440 59
192.6560 192.6560 60
192.6880 192.7840 63
192.8160 192.8800 62
192.9120 193.0400 66
193.0720 193.3600 62
193.3920 193.5200 66
193.6480 193.8720 63
193.9040 194.0320 64
194.0640 194.2880 66
194.3200 194.5120 63
194.6400 194.6400 65
194.6720 194.8960 68
194.9280 194.9600 69
194.9920 195.1840 70
195.2160 195.3120 68
195.3440 195.3440 66
195.3760 195.5680 63
195.6960 195.7600 65
195.7920 196.0160 66
196.1760 196.3680 61
196.4000 196.7200 63
196.7520 196.7840 59
196.9120 197.2320 56
197.4240 197.4240 56
197.4560 197.6800 59
197.7120 198.9280 61
199.8560 199.8560 57
199.8880 200.2400 61
200.2720 200.4320 63
200.4640 200.5280 61
200.5600 200.5600 59
200.8480 201.2320 54
201.2640 201.2640 56
201.2960 201.5200 59
201.5520 202.6080 61
202.6400 203.3120 59
203.8240 203.8560 52
203.8880 203.9200 54
203.9520 204.1440 59
204.1760 204.4000 61
204.4320 204.5280 62
204.5600 204.6880 63
204.9120 205.2000 56
205.3920 206.0640 59
206.0960 206.1600 56
206.6080 206.7680 59
206.8960 207.0560 57
207.0880 207.5040 58
207.5360 207.6000 56
207.6320 208.4000 59
208.4320 208.6240 61
208.6560 209.0720 59
209.1040 210.8960 56
210.9280 210.9920 61
211.0240 211.0560 62
211.0880 211.2480 63
211.5680 211.6960 54
211.8240 211.8240 62
211.8560 211.8560 66
211.8880 212.1440 68
212.1760 212.1760 66
212.3040 212.5280 61
212.6560 212.9760 62
213.0080 213.1040 60
213.1360 213.2960 61
213.3280 213.3920 60
213.4240 213.5200 63
213.5520 213.6480 59
213.6800 213.7760 61
213.8080 213.8720 60
213.9040 214.1920 63
214.2240 214.2560 58
214.3200 214.3520 57
214.3840 214.5440 60
214.5760 214.6400 61
214.6720 214.9280 62
214.9600 215.0240 61
215.0560 215.1520 59
215.1840 215.2800 61
215.3120 215.3760 60
215.4080 215.9840 63
216.0160 216.1120 60
216.6880 216.7840 54
217.1360 217.3280 59
217.3600 217.4880 61
217.5200 217.7440 59
217.8720 218.0000 59
218.0320 218.2240 61
218.2560 218.4800 59
218.5120 218.6080 56
218.6400 218.8960 59
218.9280 219.5040 61
219.6320 219.6640 62
219.6960 219.9200 63
220.4000 220.4960 54
220.6560 220.8480 54
220.8800 220.9440 55
220.9760 221.2960 56
221.3920 221.3920 56
221.4240 221.5520 59
221.7120 221.7440 58
221.7760 221.9360 59
221.9680 222.1600 58
222.1920 222.3200 62
222.3520 222.5120 63
222.6400 222.8320 62
222.8640 223.0880 63
223.1200 223.1520 62
223.1840 223.2480 61
223.2800 223.3760 59
223.4080 223.5360 61
223.6640 224.3040 61
224.3360 224.4960 63
224.5280 224.5280 61
224.5600 224.6560 58
224.6880 224.8800 59
224.9120 226.5440 60
226.5760 227.1520 56
227.5360 227.6640 56
227.8880 228.0160 68
228.0480 228.0800 67
228.1120 228.1120 65
228.1440 228.1760 62
228.2080 228.3040 60
228.3360 228.6560 61
228.6880 228.7520 62
228.7840 229.0400 63
229.0720 229.2000 61
229.3600 229.4880 63
229.6160 229.7120 61
229.8720 230.0640 63
230.0960 230.4480 61
230.6080 230.8000 62
230.8320 230.9600 61
230.9920 231.0880 60
231.1200 231.1840 61
231.3440 231.3760 62
231.4080 231.8560 63
231.8880 231.9840 62
232.0160 232.0800 59
232.6880 232.9120 63
232.9440 233.0720 66
233.1040 233.2960 63
233.3280 233.4880 66
233.6160 233.7120 63
233.8720 233.9680 64
234.0000 234.1920 66
234.2240 234.5760 63
234.6080 234.8640 68
234.8960 234.9280 69
234.9600 235.0880 70
235.1200 235.1520 69
235.1840 235.2800 68
235.3120 235.3440 66
235.3760 235.5360 63
235.5680 235.6000 65
235.6320 235.8880 66
235.9200 235.9200 64
235.9520 235.9840 62
236.1120 236.3680 62
236.4000 236.6240 63
236.6560 236.6880 62
236.8800 237.2320 56
237.3600 237.3600 55
237.3920 237.3920 57
237.4240 237.6480 60
237.6800 238.7360 61
238.7680 238.8960 60
239.8880 239.9200 60
239.9520 240.0800 61
240.1120 240.3680 62
240.4000 240.4960 61
240.6880 241.1360 54
241.1680 241.2000 57
241.2320 241.4880 59
241.5200 242.5120 61
242.5440 243.2160 59
243.8560 243.9520 59
244.1120 244.2400 61
244.2720 244.3680 60
244.4000 244.4960 62
244.5280 244.5920 63
244.6240 244.6560 62
244.8480 245.1360 56
245.3280 245.3280 56
245.3600 246.0960 59
246.8640 246.8960 55
246.9280 246.9920 56
247.0240 247.1520 57
247.1840 247.4720 58
247.5040 247.6000 57
247.6320 247.7920 58
247.8240 247.9520 59
247.9840 248.0800 56
248.1120 248.4320 59
248.4640 248.6560 61
248.6880 249.0400 59
249.0720 249.8080 56
251.3760 251.4080 54
251.4400 251.6000 55
251.6320 251.9840 56
252.0160 252.0480 55
252.0800 252.1120 52
252.1440 252.3360 51
252.3680 252.5280 52
252.5600 252.8160 54
252.8480 253.0080 53
253.0400 253.7760 54
255.2160 255.3760 55
255.4080 255.6320 56
255.6640 255.9520 58
255.9840 256.0160 56
256.0480 256.3040 51
256.3360 256.4640 54
256.4960 256.5280 55
256.5600 256.7520 56
256.7840 257.0080 55
257.0400 257.7760 56
259.4080 259.5040 54
259.5360 259.6640 55
259.6960 259.9840 56
260.0160 260.0800 53
260.1120 260.4320 52
260.4640 260.8160 54
260.8480 260.9760 52
261.0080 261.0400 53
261.0720 261.7760 54
263.3440 263.6000 56
263.6320 263.9200 58
263.9520 264.0160 56
264.0480 264.3040 53
264.3360 264.4000 54
264.4320 264.4960 55
264.5280 264.7200 56
264.7520 265.0080 55
265.0400 265.5200 56
265.5520 265.5840 57
265.6160 265.8400 58
265.8720 266.0000 59
266.0320 266.1600 58
266.2880 266.7360 56
266.8320 266.8640 58
266.8960 267.1520 62
267.1840 267.1840 59
267.2160 267.2160 57
267.4080 267.5680 54
267.6000 267.8240 55
267.8560 267.9840 56
268.0160 268.0480 54
268.0800 268.1440 52
268.1760 268.3360 51
268.4000 268.4320 52
268.4640 268.7840 54
268.8160 268.8480 53
268.8800 268.9760 52
269.0080 269.0400 53
269.0720 269.7440 54
270.3520 270.8320 54
270.8640 270.9280 59
271.3760 271.6640 56
271.6960 271.9840 58
272.0160 272.0160 56
272.0480 272.0480 54
272.0800 272.3040 51
272.3360 272.4640 54
272.4960 272.5280 55
272.5600 272.7520 56
272.7840 273.0400 55
273.0720 273.5520 56
273.5840 273.7440 57
273.7760 273.8080 58
273.8400 273.9680 59
274.0000 274.1600 58
274.6720 274.7360 65
274.7680 274.8960 62
274.9280 275.0560 63
275.0880 275.1200 62
275.3440 275.5040 54
275.5360 275.6000 55
275.6320 275.8560 56
275.9200 275.9200 55
276.1760 276.2080 51
276.4320 276.4960 53
276.5280 276.7200 54
276.7520 277.0400 53
277.0720 277.5840 54
277.6160 277.6480 56
278.0000 278.1600 56
278.3840 278.4800 54
278.8640 278.8960 49
278.9280 278.9600 50
278.9920 279.2160 51
279.6960 280.2080 56
280.2400 280.2720 55
