8.1120 8.1760 63
8.2080 8.8800 64
9.0400 9.7120 64
9.7440 9.7760 63
9.9360 10.1920 64
10.3520 10.4800 65
10.5120 10.7040 66
10.7360 10.8960 65
10.9280 11.4400 63
11.4720 11.5360 61
11.5680 11.7280 59
15.0560 15.6960 64
15.7280 15.8240 63
15.9520 16.9440 64
17.2640 17.6800 65
17.8720 18.2880 63
18.3200 18.4160 61
18.4480 18.6080 59
21.9360 22.0320 65
22.1600 22.2240 64
22.3520 23.8880 64
24.0800 24.2080 64
24.2400 24.4000 66
24.4320 25.0720 63
25.1040 25.3920 59
28.8480 28.9120 63
29.3280 29.4240 64
29.5520 31.0880 64
31.1200 31.2480 66
31.4080 31.9200 63
31.9520 32.0480 62
32.0800 32.2720 59
34.8320 35.2480 63
35.2800 35.4720 64
35.5040 35.8240 63
35.8560 35.8880 62
35.9200 36.3360 61
36.3680 36.9120 59
36.9440 37.0400 61
37.2320 37.2960 60
37.4560 37.6480 59
37.6800 37.7120 57
37.7440 38.0960 56
38.4800 39.2800 55
41.4560 41.4880 58
41.5200 41.6160 62
41.6480 42.1920 63
42.2240 42.3840 64
42.4160 42.7040 63
42.7360 42.8320 62
42.8640 43.1840 61
43.3120 43.6320 59
43.6640 43.7280 63
43.7600 43.8240 64
43.8560 44.0480 66
44.0800 44.1760 64
44.3040 44.6240 64
44.7520 44.9760 64
45.1680 45.6160 64
45.6480 45.6800 66
45.7120 45.7760 67
45.8080 46.4160 68
47.8880 48.1440 68
48.1760 48.3360 69
48.3680 48.6560 68
48.6880 48.9440 67
48.9760 50.0960 68
50.2240 50.3200 67
50.4480 51.2480 66
51.7280 51.9840 64
52.1760 52.4000 66
52.4320 53.7120 68
54.7040 55.5040 68
55.5360 55.7920 67
55.8240 57.0400 68
57.0720 57.8080 66
57.8400 57.9680 67
58.5760 58.7040 64
58.8320 58.8960 66
59.0880 59.1200 66
59.1520 59.2160 67
59.2480 59.7280 68
59.8880 60.4000 66
60.5920 60.6880 62
60.7200 60.8800 63
60.9120 61.0080 64
61.5840 62.3520 68
62.3840 62.6400 66
62.6720 63.8560 68
63.8880 64.2080 67
64.2400 64.9440 66
64.9760 65.0400 67
65.4880 65.6160 64
65.6480 65.8400 66
66.0000 66.1600 67
66.1920 67.2800 68
68.4960 69.2320 68
69.2640 69.4560 66
69.4880 70.6720 68
70.8000 71.2480 66
71.2800 71.7600 67
72.3040 72.4000 64
72.4320 72.4960 65
72.5280 72.8480 66
72.8800 72.9440 67
72.9760 73.4880 68
73.6160 73.9360 66
74.2560 74.3840 68
74.4160 75.1200 69
75.1520 75.8560 68
75.8880 76.2720 66
76.3040 77.0080 68
83.5040 83.5680 64
83.7600 84.4320 64
84.5600 85.7120 64
85.8720 86.0640 64
86.0960 86.2560 66
86.2880 86.8640 63
86.8960 86.9920 61
87.0240 87.1520 59
90.3840 90.8320 64
90.9600 91.7280 64
91.8880 92.1760 64
92.3040 92.8480 64
92.8800 93.0400 66
93.1680 93.7120 63
93.7440 93.9040 61
93.9360 93.9680 59
96.3680 97.3280 63
97.4560 97.6160 63
97.6480 98.0640 61
98.1920 98.7040 59
98.7360 98.8960 61
98.9280 99.0560 59
99.2160 99.3440 59
99.3760 99.4720 56
99.6000 99.8560 56
100.0800 100.1440 56
100.2720 101.2000 55
103.2160 104.5280 63
104.5600 104.9440 61
105.0720 105.3920 59
105.4240 105.4880 62
105.5200 105.6160 65
105.8080 105.8720 65
105.9040 106.2560 64
106.2880 106.8320 63
106.8640 107.4080 64
107.4400 107.5040 66
107.5360 107.5680 67
107.6000 108.0800 68
109.6800 109.9360 68
109.9680 110.1280 69
110.1600 110.5120 68
110.5440 110.7680 67
110.8000 111.8880 68
111.9200 111.9520 67
111.9840 112.1120 66
112.2400 113.1040 66
113.1360 113.2000 68
113.5200 113.7120 64
113.7440 113.8080 66
113.9680 114.0000 66
114.0320 115.2800 68
116.5600 116.7840 68
116.8160 117.0080 69
117.0400 117.3600 68
117.3920 117.6160 66
117.6480 118.7680 68
118.8000 118.8320 67
118.8640 119.7280 66
119.7600 119.8560 67
120.3680 120.4000 63
120.4320 120.5600 64
120.5920 120.6880 66
120.8480 120.9440 66
120.9760 121.0720 67
121.1040 121.5200 68
121.6800 122.0320 66
122.0640 122.1280 67
122.1600 122.4480 72
122.4800 122.5120 74
122.5440 122.7360 75
123.3760 124.1760 68
124.2080 124.4000 67
124.4320 125.5840 68
125.7120 125.8400 68
125.8720 125.9360 67
125.9680 126.7680 66
127.2480 127.4720 64
127.5040 127.6000 66
127.7920 127.9520 67
127.9840 128.1760 68
128.2080 128.4000 67
128.4320 128.9120 68
130.2560 130.3520 68
130.3840 130.6400 69
130.6720 131.0560 68
131.0880 131.1520 67
131.1840 131.2800 66
131.3120 132.4640 68
132.4960 132.6560 66
132.6880 132.8160 70
132.8480 133.7120 66
134.0960 134.2880 64
134.3200 134.8320 66
134.8640 135.2800 68
135.3120 135.6000 66
136.0160 136.0480 65
136.0800 136.3040 68
136.3360 136.8480 69
136.8800 137.5840 68
137.6160 137.6480 67
137.6800 137.8400 66
137.8720 137.9680 67
138.0000 138.2560 68
139.2480 139.3120 58
139.5040 139.6960 59
139.7280 139.7280 63
139.7600 140.3680 66
140.9760 141.1040 66
141.1360 141.3600 67
141.3920 141.4880 66
141.5200 141.6800 63
141.7120 142.0000 64
144.4320 144.5920 65
144.6240 144.8160 68
144.8480 144.9440 67
144.9760 145.0720 68
145.1040 145.2640 69
145.4880 145.4880 69
145.6800 146.2240 69
146.3520 146.5120 67
146.5440 146.7360 68
146.7680 146.7680 70
146.8000 147.0240 73
147.8240 147.8560 63
147.8880 147.9840 64
148.0160 148.0480 65
148.0800 148.4000 66
148.4320 149.5840 68
149.7760 150.4480 66
150.4800 150.5440 63
150.5760 150.8640 60
151.1840 151.4720 63
152.9760 153.2640 71
153.4880 153.6160 64
153.6480 154.8000 66
154.8320 155.0560 68
155.0880 155.2160 66
155.2480 155.3120 64
155.4720 155.8240 64
155.8560 156.0160 65
158.0960 158.0960 64
158.1600 158.1920 66
158.2880 158.3200 67
158.3520 158.7680 68
158.8000 160.1120 69
160.1440 160.2720 66
160.4640 160.6240 68
160.7200 160.8480 71
161.5840 161.6160 63
161.6480 161.7760 64
161.8080 162.1920 66
162.2240 163.2480 68
163.4720 164.1760 66
164.5600 164.7840 68
164.8160 165.0720 69
165.1040 165.3280 68
165.3600 165.6800 67
165.7120 166.8320 68
166.8640 167.0880 66
167.1200 167.2160 67
167.2480 167.6000 66
167.6320 167.9520 67
168.4640 168.6880 65
168.8800 169.0720 66
169.1040 170.3520 68
171.4400 172.1440 68
172.1760 172.3680 66
172.4000 172.4960 67
172.5280 173.7440 68
173.7760 174.3200 66
174.3520 174.7040 67
175.3760 175.6640 64
175.7920 176.7200 64
176.7520 177.5840 66
177.6160 177.7760 67
178.2880 178.5440 68
178.5760 178.8000 69
178.8320 179.1520 68
179.1840 179.4080 67
179.4400 180.4960 68
180.5280 180.5920 67
180.6240 180.7200 66
180.8800 181.7120 66
182.1600 182.2560 64
182.4160 182.5440 69
182.5760 183.0240 71
183.2160 183.4720 67
183.5040 183.7920 68
183.8240 184.1440 67
185.1680 185.2960 68
185.3280 185.5840 69
185.6160 185.9360 68
185.9680 186.0000 67
186.0320 186.1280 66
186.1600 187.3120 68
187.3440 187.5360 67
187.5680 187.6640 70
187.6960 187.7280 69
187.7600 188.4640 66
189.0080 189.1680 64
189.2000 189.4240 65
189.4560 189.7120 66
189.7440 190.1920 68
190.2240 190.5120 66
190.9280 191.8560 69
191.8880 191.9840 67
192.0160 195.5040 68
201.2000 201.6480 64
205.7120 205.7760 66
205.8080 206.5440 68
206.5760 206.8320 67
206.8640 207.9200 68
208.0800 208.8800 66
209.6480 209.7760 64
209.8080 209.9040 66
210.0000 210.0640 66
210.0960 211.3440 68
211.3760 211.5040 67
212.5920 212.9120 67
212.9440 213.0720 69
213.1040 213.3920 68
213.4240 213.4560 67
213.4880 213.6160 66
213.6480 213.6800 67
213.7120 214.6720 68
214.9280 215.0880 65
215.1200 215.6960 66
216.6560 216.8480 67
217.0080 217.1360 67
217.1680 217.5840 68
217.7760 218.4480 66
218.6400 219.6640 69
