3.9520 3.9520 74
9.1360 9.3280 73
9.7120 9.8720 71
9.9040 9.9680 70
10.0320 10.0640 70
10.0960 10.1600 71
16.5920 16.6880 73
35.4720 35.4720 69
35.5040 35.5040 72
35.5360 35.6000 75
35.8560 36.0480 66
36.0800 36.3040 64
36.3360 36.4320 63
36.4640 36.4960 64
37.3280 37.3280 63
37.3600 37.4240 66
37.6480 37.7440 66
37.7760 37.8400 65
37.8720 38.3520 64
38.8000 39.6640 61
39.6960 40.0800 62
40.1120 40.3360 61
40.6880 40.8160 62
40.8480 40.9120 60
40.9440 41.1360 61
41.1680 41.8720 59
42.5440 42.5440 63
42.5760 43.0880 66
43.1200 43.5040 64
43.5360 43.6000 62
44.6880 45.1680 57
46.1280 46.2560 71
46.8640 47.0880 70
49.0400 49.1360 69
55.1200 55.2800 71
56.1440 56.1760 62
56.2080 56.3680 66
56.4960 56.6880 66
56.8160 57.2960 64
57.9040 58.4800 66
58.5120 58.8320 64
59.3440 59.4400 57
59.6320 59.7600 61
59.8560 60.1120 61
60.2720 60.7200 61
60.8480 61.1360 61
61.3600 61.4240 61
61.5840 62.2880 59
63.0560 63.1840 66
63.3760 63.5360 66
63.7920 64.0160 64
64.4320 64.6240 57
64.9120 65.0720 57
65.2960 66.0000 57
66.8640 67.0560 65
67.0880 67.1520 71
67.1840 67.3120 73
67.3440 67.7600 71
67.9520 68.0800 72
69.3920 69.6160 66
69.6480 69.7760 68
74.3200 74.4800 59
74.7680 75.0240 59
75.2160 75.4080 59
75.6000 75.8240 59
76.4640 76.4960 60
76.6560 77.0080 71
77.0400 77.9680 69
78.1920 78.5440 66
79.5360 80.1440 69
80.3680 80.6240 69
80.8480 80.9760 68
81.2640 81.3920 68
81.4240 81.4560 66
81.7120 82.1600 64
82.6400 82.7680 66
82.8000 83.0240 64
83.0560 83.2160 66
83.2480 83.3760 64
83.5040 83.6960 65
83.7280 83.7600 63
83.7920 84.2400 59
84.8160 84.9760 66
85.0080 85.2960 64
85.3280 85.4560 66
85.4880 85.5840 62
85.7440 86.0320 59
86.0640 86.1600 62
86.1920 86.4480 65
86.5760 86.7680 66
86.8000 86.9600 64
87.0560 87.0560 63
87.0880 87.2160 66
87.2480 87.2800 63
87.3120 87.3440 60
87.4720 87.6960 59
88.3680 88.6880 59
88.8480 89.1360 59
89.2640 89.5200 62
89.6160 89.7440 62
89.7760 89.8720 65
89.9040 90.0640 66
90.0960 90.2240 64
90.2560 90.5120 62
90.5440 90.7680 64
91.6640 91.8560 66
91.8880 92.0160 64
92.0480 92.3040 62
92.3360 92.5920 64
92.7520 93.2640 59
93.4240 94.2880 69
94.4480 94.8640 68
95.0560 95.0880 74
95.1200 95.7600 68
95.9200 96.0480 67
96.2400 96.6560 66
96.9120 97.0720 66
97.1040 97.2640 64
97.2960 97.5840 62
97.6160 97.9040 64
98.6720 98.8640 66
98.8960 99.0560 64
99.0880 99.3440 62
99.3760 99.5680 64
99.7600 100.0800 59
100.2720 101.1680 69
101.2000 102.9280 68
102.9600 103.0240 67
103.0560 103.1200 66
103.2160 103.7600 66
103.7920 103.8880 65
104.2400 104.3040 64
104.3360 104.5920 63
104.7840 104.8800 63
104.9120 105.1040 65
105.2640 105.9360 64
106.3520 106.3520 62
106.3840 106.8320 65
106.9920 107.7600 64
108.3360 109.2000 61
109.4560 109.6480 61
109.8400 109.9680 61
110.0000 110.0640 59
110.5440 111.1200 59
111.6640 112.2080 65
112.2400 112.3360 63
112.3680 112.7520 64
112.7840 112.8480 63
113.4240 113.4880 57
113.6800 115.1200 57
115.1520 115.2800 59
115.5360 115.5360 69
115.5680 115.7920 73
115.8240 116.1120 71
116.4000 116.7840 72
118.7040 118.7360 62
118.7680 118.9280 65
119.0560 119.2800 66
119.3120 119.8560 64
120.4640 121.0400 66
121.0720 121.3920 64
121.9040 122.0000 57
122.2240 122.3200 61
122.4160 122.7040 61
122.8000 122.9280 61
122.9600 123.3120 62
123.3440 123.6960 61
123.8880 123.9840 62
124.1440 124.7520 59
124.7840 124.8480 58
125.6480 125.7440 66
125.9360 126.0960 66
126.3200 126.6080 64
126.9920 127.1840 57
127.4400 127.6320 57
127.8560 128.5920 57
129.4240 129.6160 64
129.6480 129.7120 71
129.7440 129.8720 73
129.9040 130.3520 71
130.5440 130.7040 74
130.7360 130.7680 72
133.4240 133.4880 63
135.8880 135.9840 69
136.6560 136.7200 74
138.2560 138.3840 68
138.4160 138.4480 66
138.7680 139.4720 59
139.6640 139.8880 59
140.0800 140.3040 59
140.5920 140.6880 71
141.1360 141.4880 71
141.5200 142.4480 69
142.6720 143.0240 66
143.5360 143.6640 64
143.9840 144.3680 69
144.4960 144.6240 69
144.8480 145.1040 69
145.3280 145.4560 68
145.7440 145.8720 68
145.9040 145.9360 66
146.1280 146.6720 64
147.1200 147.2160 66
147.2480 147.5040 65
147.5360 147.6640 66
147.6960 148.0160 64
148.0480 148.1440 66
148.1760 148.2720 63
148.4320 148.7840 59
149.2960 149.4560 66
149.4880 149.8080 64
149.8400 149.9360 66
149.9680 150.0640 62
150.2240 150.5440 59
150.5760 150.6400 62
150.6720 150.7680 66
150.8000 150.9600 64
151.0880 151.2480 66
151.2800 151.5680 64
151.6000 151.6960 66
151.7280 151.7600 63
151.7920 151.7920 59
151.9840 152.2400 59
152.8480 153.1680 59
153.4240 153.6160 59
153.7440 154.0000 62
154.1280 154.2880 63
154.3200 154.5440 66
154.5760 154.7360 64
154.7680 155.0560 62
155.0880 155.2800 60
156.1120 156.3360 66
156.3680 156.5280 64
156.5600 156.8160 62
156.8480 157.0400 64
157.2320 157.6160 59
157.7440 157.8400 60
157.8720 157.8720 63
157.9040 158.8000 69
158.9280 159.3440 68
159.6320 160.4960 68
160.7200 161.2320 66
161.3920 161.5840 66
161.6160 161.7440 64
161.7760 162.0320 62
162.0640 162.2880 64
163.1520 163.3440 66
163.3760 163.5360 64
163.5680 163.8240 62
163.8560 164.0480 64
164.2400 164.5600 59
164.7520 164.7520 69
164.7840 164.8800 72
164.9120 165.7440 69
165.7760 165.9360 67
166.0640 166.4160 68
166.6400 167.5040 68
167.5360 167.5680 66
167.7600 168.2400 66
168.2720 168.9440 62
169.0400 169.4240 62
169.4560 169.5200 64
169.5520 169.7120 61
169.8400 171.0240 61
171.7280 171.8240 59
171.8560 172.7840 61
172.8160 174.7040 59
175.2800 175.3120 59
175.3440 175.5360 61
175.5680 175.9840 62
176.1120 176.6880 62
176.8480 178.2560 61
178.7360 178.8320 59
178.8640 179.1520 61
179.4400 179.5360 62
179.5680 180.1440 59
180.3360 182.6400 59
182.8000 183.6640 59
183.9200 183.9840 65
184.0160 184.6240 69
184.8480 185.2000 66
185.8080 185.8720 69
186.1600 186.5120 69
186.6400 186.8320 69
187.0240 187.2800 69
187.5040 187.6320 68
187.7600 188.0800 68
188.3360 188.8160 64
189.2640 189.3920 66
189.4240 189.6800 64
189.7120 189.8400 66
189.8720 190.1920 64
190.2240 190.3200 66
190.3520 190.4480 63
190.4800 190.5440 59
190.6400 191.0880 58
191.4720 191.6320 66
191.6640 191.9520 64
191.9840 192.1120 66
192.1440 192.2080 62
192.2400 192.5600 59
192.7520 192.7840 62
192.8160 193.0080 65
193.0400 193.2000 64
193.2320 193.2640 65
193.2960 193.4240 66
193.4560 193.5840 64
193.6160 193.6800 63
193.7120 193.8720 66
193.9040 193.9360 63
193.9680 194.0000 60
194.1280 194.4160 59
195.0240 195.3440 59
195.5360 195.7600 59
195.9200 196.1760 62
196.2080 196.4320 63
196.4640 196.5280 65
196.5600 196.7200 66
196.7520 196.8480 64
196.8800 196.9120 63
196.9440 197.1680 62
197.2000 197.2320 61
197.2640 197.4560 60
198.2560 198.3200 67
198.3520 198.5120 66
198.5440 198.6400 64
198.6720 198.7040 63
198.7360 198.9920 62
199.0240 199.2160 64
199.6000 199.6000 64
199.6320 199.7280 66
199.9200 199.9840 70
200.0160 200.1120 68
200.1440 200.8160 69
200.8480 200.9440 68
201.1040 201.5200 68
201.8080 202.5760 68
202.6080 202.7040 67
202.8640 202.9280 67
202.9600 203.3120 66
203.5680 203.7280 66
203.7600 203.9200 64
203.9520 204.2080 62
204.2400 204.5280 64
205.3280 205.5200 66
205.5520 205.6480 64
205.6800 206.0000 62
206.0320 206.2560 64
206.4160 206.7360 59
207.0880 207.8240 69
207.8560 208.5920 68
208.7520 208.7840 69
208.8160 209.5520 68
209.5840 209.7120 67
209.9360 210.5760 66
211.0560 211.1840 70
211.2160 211.3440 69
221.1360 221.1680 74
222.8000 223.0240 74
241.1040 241.1360 70
241.6160 241.6800 65
241.7120 241.8400 67
241.8720 242.0960 68
242.1280 244.0160 67
