21.9360 21.9680 45
22.0000 22.0320 46
22.0640 22.1600 47
22.2880 22.3520 50
22.3840 22.5120 51
22.5440 22.7680 53
22.8000 22.8320 54
22.8640 23.1200 55
23.1520 23.4720 56
23.5040 23.6640 57
23.6960 23.7600 56
23.7920 23.9200 54
23.9520 24.0160 55
24.0480 24.1120 56
24.1440 24.3360 57
24.3680 24.6240 55
24.6560 24.9120 52
25.0400 25.1680 50
25.2960 25.7760 55
25.9040 26.2560 57
26.8000 26.8320 46
26.8640 26.8960 47
26.9280 27.0560 48
27.0880 27.3440 50
27.3760 27.4400 52
27.4720 27.6000 53
27.6320 27.6640 54
27.6960 28.1440 55
28.1760 28.4000 57
28.4320 28.4960 56
28.5280 28.7840 55
28.8160 29.0400 56
29.0720 29.2960 55
29.3280 29.9040 53
29.9360 30.0000 48
30.0320 30.0640 49
30.0960 30.3200 50
30.3520 30.3520 52
30.3840 30.4160 54
30.4480 30.8000 55
30.8320 30.8640 54
31.5040 31.5360 57
31.5680 31.6640 60
31.6960 31.7280 58
31.7600 31.8240 57
31.8560 32.1120 56
32.1440 32.2720 57
32.3040 32.8160 55
32.8480 32.9120 56
32.9440 33.2000 57
33.2320 33.2640 59
33.2960 33.3920 60
33.5200 33.7120 57
33.7440 34.0000 59
34.0320 34.2240 57
34.2560 34.3520 58
34.3840 34.5120 60
34.5440 34.6080 59
34.6400 34.8000 57
34.8320 34.8960 56
34.9280 34.9600 59
34.9920 35.4400 62
35.4720 35.6960 60
35.7280 35.7920 59
35.8240 36.0480 56
36.0800 36.2720 57
36.3040 36.4960 56
36.6880 36.9120 55
36.9440 37.2000 53
37.2320 37.3280 50
37.3600 37.4240 54
37.4560 37.5200 55
37.6800 38.0640 57
38.0960 38.6400 55
40.1760 40.3040 55
40.4320 40.4960 54
40.5280 40.6240 55
40.6560 40.7200 60
40.7520 40.9440 62
40.9760 40.9760 59
41.0080 41.1680 57
41.2000 41.2960 56
41.3280 42.0960 57
42.1280 43.0240 60
45.2320 45.2640 62
45.2960 45.3280 63
45.3600 45.4880 65
45.5200 45.8080 64
45.8400 46.0320 62
46.0640 46.0640 60
46.0960 46.3840 57
46.4160 46.4800 59
46.5120 46.8000 60
46.8320 46.9280 59
46.9600 47.0560 55
47.0880 47.1200 56
47.1520 47.5040 57
47.5360 48.3360 55
48.3680 48.4000 56
48.4320 48.4640 57
48.4960 48.5600 58
48.5920 49.5520 60
49.5840 49.6160 59
50.0960 50.2240 58
50.4160 50.5120 55
50.5440 50.6400 57
50.6720 50.8640 60
50.8960 50.9920 58
51.0240 51.2480 61
51.2800 52.5600 62
52.5920 52.6880 61
52.7200 52.9120 62
52.9440 52.9760 64
53.0080 53.1040 65
53.1360 53.1680 63
53.2960 53.5200 55
53.5520 53.6800 56
53.7120 53.8080 57
54.1600 54.3520 56
54.3840 54.5120 54
54.5440 54.6400 55
54.6720 54.7680 56
54.8000 54.9280 57
54.9600 55.1840 60
55.2160 55.4720 57
55.5040 55.9840 55
56.4320 56.6560 53
56.6880 56.9120 54
56.9440 56.9440 51
56.9760 57.0400 49
57.0720 57.1360 50
57.2640 57.4880 50
57.5200 57.7120 54
57.7440 58.0000 55
58.6400 58.8640 57
58.8960 59.2160 55
59.2480 59.4400 57
59.4720 59.5040 58
59.5360 59.7600 60
59.7920 59.9840 57
60.0160 60.0480 56
60.0800 60.5920 55
61.0080 61.0720 52
61.1040 61.6160 53
61.6480 61.7760 52
61.8080 61.8080 54
61.8400 61.8400 56
61.8720 61.8720 59
61.9040 62.2560 62
62.2880 62.3520 58
62.3840 62.8960 60
63.5040 63.5680 67
63.6000 63.7280 65
63.8560 64.0480 64
64.0800 64.3040 62
64.3360 64.6560 57
64.6880 65.2000 60
65.2320 65.7440 57
65.7760 65.9360 54
65.9680 66.6080 55
66.6400 66.7040 57
66.7360 66.7680 59
66.8000 67.0880 60
67.1200 67.2160 59
67.2480 67.3760 60
67.4080 67.5360 61
67.5680 67.7920 60
68.7200 68.8160 57
68.8480 68.8800 58
68.9120 68.9440 59
68.9760 69.1040 60
69.1360 69.2640 59
69.2960 69.9680 62
70.0960 70.9600 62
71.1200 71.1840 62
71.2160 71.3760 65
71.4080 71.4080 63
71.4400 71.4400 60
71.4720 71.4720 57
71.5040 71.6640 55
71.6960 71.8240 56
71.8560 72.0160 57
72.3680 72.3680 52
72.4000 72.4000 54
72.4320 72.5920 57
72.6240 72.8480 55
72.8800 72.9120 56
72.9440 73.2640 57
73.2960 73.4240 59
73.4560 73.7120 57
73.7440 74.2240 55
74.3520 74.3840 54
74.4160 74.8000 55
74.8320 74.8960 54
74.9280 75.0560 52
75.0880 75.1840 53
75.2160 75.3440 49
75.3760 75.7600 50
75.7920 76.0480 55
76.0800 76.1440 56
76.8800 77.0720 57
77.1040 77.3920 54
77.4240 77.5840 56
77.7440 77.9360 60
77.9680 78.2560 57
78.2880 78.7360 55
78.7680 80.1440 53
80.1760 80.1760 57
80.2080 80.3360 60
80.3680 80.6240 62
80.6560 80.7840 59
80.8160 81.5840 60
81.6160 81.7760 59
81.8080 81.9360 60
81.9680 82.1600 59
109.3280 109.3920 60
109.6800 109.9680 60
110.1920 110.9280 60
114.9920 115.1520 55
121.3920 121.4560 45
121.4880 121.5840 47
121.7120 121.9040 51
121.9360 122.0320 52
122.0640 122.2240 53
122.2560 122.3520 55
122.3840 122.5120 56
122.5440 122.9600 57
122.9920 123.0240 56
123.1520 123.2800 54
123.3120 123.3440 55
123.3760 123.4080 56
123.4400 123.6000 57
123.6320 123.8880 55
123.9200 124.0800 53
124.1120 124.1440 52
124.2720 124.4000 50
124.5600 124.9440 55
125.0720 125.1360 57
125.1680 125.2960 58
125.3280 125.4240 57
125.9680 126.0000 46
126.0320 126.0960 47
126.2240 126.4480 50
126.4800 126.7680 53
126.8000 127.2160 55
127.2480 127.2800 56
127.3120 127.4080 57
127.4400 127.5360 58
127.6640 127.8880 55
127.9200 128.1120 57
128.1440 128.4000 55
128.4320 128.5600 53
128.5920 128.9120 54
128.9440 128.9440 52
128.9760 129.3600 50
129.3920 129.4240 54
129.4560 129.9680 55
130.5760 130.6720 59
130.7040 131.1200 57
131.1520 131.2480 56
131.2800 131.4720 55
131.6000 131.7920 55
131.8240 132.0480 56
132.1760 132.2400 59
132.2720 132.3680 60
132.4960 132.6880 57
132.7200 132.9440 59
132.9760 133.2640 57
133.2960 133.5200 60
133.5520 133.8720 57
133.9040 133.9040 59
133.9360 134.3840 62
134.4160 134.6080 60
134.6400 134.6400 57
134.6720 134.9280 55
134.9600 135.4400 57
135.6000 135.7280 55
135.7600 135.7920 54
135.8240 135.9840 53
136.0160 136.1440 50
136.1760 136.2080 54
136.2400 136.3360 55
136.5280 136.6560 56
136.6880 136.8480 57
136.8800 136.9440 56
136.9760 137.4560 55
138.9920 138.9920 49
139.0240 139.0240 51
139.0560 139.2160 54
139.2480 139.4720 55
139.5040 139.5360 61
139.5680 139.7600 62
139.7920 139.8240 59
139.8560 140.9440 57
140.9760 142.3200 60
144.2720 144.2720 62
144.3040 144.7200 64
144.7520 144.9760 62
145.0080 145.0400 59
145.0720 145.2960 57
145.3280 145.5840 60
145.6160 145.6800 61
145.7120 145.8080 60
145.8400 145.8720 59
145.9040 145.9680 56
146.0000 146.3840 57
146.4160 146.4480 56
146.4800 147.3440 55
147.3760 147.4080 57
147.4400 147.7280 60
147.7600 148.0160 59
148.0480 148.1760 61
148.2080 148.2720 60
148.3040 148.4000 61
148.9760 149.1360 57
149.2960 149.4240 56
149.4560 149.5200 57
149.5520 149.5840 59
149.6160 149.7760 60
149.8080 149.9040 59
149.9360 150.0640 62
150.0960 150.1600 61
150.1920 150.3520 62
150.3840 150.4480 61
150.4800 151.4720 62
151.5040 151.5680 61
151.6000 151.7600 62
151.7920 151.9840 65
152.0160 152.0160 63
152.0480 152.0480 61
152.1760 152.3680 55
152.4000 152.6560 57
152.9440 152.9760 56
153.0080 153.1680 57
153.2000 153.4560 55
153.4880 153.5200 56
153.5520 153.7760 57
153.8080 154.0320 59
154.0640 154.0960 57
154.1280 154.2880 56
154.3200 154.8000 55
155.2480 155.2800 53
155.3120 155.4080 54
155.4400 155.5360 53
155.5680 155.6640 54
155.6960 155.6960 52
155.7280 155.8880 50
156.0480 156.3040 50
156.3360 156.9120 55
157.4240 157.5840 57
157.6160 157.8400 55
157.8720 157.9360 56
157.9680 158.1280 57
158.2560 158.4800 60
158.5120 158.7360 57
158.7680 159.2480 55
159.6640 159.7280 52
159.7600 160.0160 53
160.0480 160.1760 54
160.2080 160.2720 53
160.3040 160.4320 54
160.4640 160.4640 57
160.4960 160.4960 59
160.5280 160.9120 62
160.9440 161.0080 59
161.0400 161.2960 60
161.3280 161.3920 61
161.4240 161.4880 60
162.0960 162.2560 65
162.4160 162.5440 64
162.5760 162.6080 63
162.6400 162.8320 62
162.8640 162.8640 60
162.8960 162.9600 56
162.9920 163.1200 57
163.2480 163.6640 60
163.6960 163.7280 59
163.7600 164.2400 57
164.2720 165.0720 55
165.1040 165.1680 56
165.2000 165.2640 59
165.2960 165.5520 60
165.5840 165.6800 59
165.7120 165.7760 60
165.8080 166.3520 61
166.3840 166.4160 60
166.7680 166.8320 56
167.1520 167.3440 58
167.3760 167.5040 60
167.5360 167.6960 59
167.7280 167.7600 61
167.7920 168.3680 62
168.4960 168.6560 62
168.6880 168.7840 61
168.8160 169.5840 62
169.6160 169.7760 65
169.8080 169.8080 62
169.8400 169.8400 60
169.8720 169.8720 57
169.9040 170.0640 55
170.0960 170.1280 56
170.1600 170.3520 57
170.6720 170.7360 55
170.7680 170.8640 57
170.9920 171.1840 55
171.2160 171.2480 56
171.2800 171.6000 57
171.6320 171.6960 59
171.8240 172.0480 56
172.0800 172.5280 55
172.6880 173.0720 55
173.2000 173.4240 53
173.4560 173.6800 50
173.7120 173.8720 49
174.0640 174.5440 55
175.1200 175.1520 56
175.1840 175.3440 57
175.3760 175.5680 55
175.6000 175.6320 56
175.6640 175.7920 57
175.9520 175.9840 60
176.0160 176.1120 61
176.1440 176.1760 59
176.2080 176.4320 57
176.4640 176.5600 55
176.5920 176.6560 56
176.6880 176.7520 55
176.7840 176.8800 56
177.0080 177.0400 52
177.0720 178.3520 53
178.3840 178.4480 60
178.4800 178.5120 61
178.5440 178.8000 62
178.8320 178.8960 63
178.9280 179.1520 59
179.1840 179.6640 60
179.6960 179.9200 61
179.9520 180.1120 60
180.1440 180.2720 59
182.0960 182.1280 58
182.1600 182.3200 59
182.3520 182.8320 57
182.8640 182.8960 56
182.9280 183.5040 55
183.5360 184.6880 57
184.7200 184.8160 56
184.9440 185.1360 56
186.2240 186.2240 51
186.2560 186.2880 55
186.3200 186.5120 56
186.5440 186.7360 60
186.7680 187.0560 57
187.0880 187.1520 59
187.1840 187.2800 60
187.3120 187.6320 57
187.6640 187.6640 59
187.6960 187.7920 61
187.9520 188.1120 62
188.1440 188.5920 60
188.6240 188.6240 57
188.6560 188.6560 55
188.6880 188.7520 53
188.7840 188.8160 55
188.8480 188.9120 56
188.9440 189.1360 57
189.2640 189.4560 55
189.4880 190.0960 53
190.9600 190.9600 53
190.9920 191.0240 56
191.0560 191.1520 57
191.1840 191.2160 56
191.2480 191.7280 55
191.7600 192.2080 53
192.2400 192.3360 54
192.3680 193.1680 55
195.0560 195.1520 56
195.1840 195.3120 57
195.3440 195.6000 55
195.6320 195.6640 56
195.6960 195.8240 57
195.9840 196.1440 55
196.1760 196.2400 56
196.2720 196.4640 57
196.4960 196.6240 59
196.6560 196.7520 60
196.7840 197.0080 57
197.0400 198.5440 55
199.3120 199.4080 53
199.6960 199.7280 51
199.7600 199.8240 52
199.8560 200.3680 53
200.4960 200.5280 49
200.5600 200.9440 50
201.0720 201.1680 50
201.2000 201.2960 52
201.3280 202.3520 53
208.5920 208.6560 59
208.6880 208.7520 60
208.7840 208.8480 58
208.8800 208.9440 60
209.1040 209.5200 57
209.5520 209.8720 55
209.9040 210.6080 57
210.6400 210.8640 56
213.2000 213.2320 61
213.2640 213.3280 62
213.4560 213.7440 57
213.7760 213.9040 56
213.9360 214.2240 55
214.2560 214.3200 56
214.3520 214.7040 57
214.7360 214.8000 58
214.8320 215.0240 57
215.0560 215.6960 56
215.7280 215.7920 55
215.9520 216.0480 53
216.0800 216.1440 54
216.1760 216.5280 53
216.5600 216.7200 52
217.0720 217.1360 54
217.5200 217.5520 60
217.5840 217.7120 59
217.8400 218.1920 56
218.2240 218.3200 57
218.3520 218.6080 55
218.6400 219.4080 57
219.4400 219.6320 56
221.8400 221.8400 58
221.8720 221.9360 60
221.9680 222.0960 62
222.2560 222.3520 57
222.3840 222.5760 56
222.6080 222.6720 57
222.7040 222.7360 56
222.7680 223.0560 55
223.0880 223.6640 57
224.3040 224.3680 57
224.4000 224.5920 58
224.6240 224.9120 55
224.9440 225.0400 53
225.0720 225.6800 54
226.4160 226.5120 57
226.5440 226.6080 59
226.7680 226.8640 56
226.8960 227.2160 57
227.2480 227.2800 56
227.3120 227.7280 55
227.7600 229.2320 57
229.3920 229.4560 57
