18.6080 18.7360 69
22.5760 23.8560 69
24.4640 24.5920 71
24.8800 24.9760 74
26.0000 26.2880 75
27.6960 27.7920 72
27.8240 27.8880 75
28.2080 28.3680 72
29.7120 29.7760 70
30.0320 30.0960 69
30.4800 30.5760 74
32.6560 32.7520 64
33.5840 33.6480 64
33.8720 33.8720 67
33.9040 33.9040 69
33.9360 34.2240 75
34.8960 34.9280 74
34.9600 35.0560 75
35.2480 35.2800 73
35.3120 35.3760 74
35.8560 35.9520 66
36.1120 36.1440 72
36.1760 36.2400 74
37.7760 37.8400 52
37.8720 38.0320 51
38.5120 38.6400 52
38.6720 38.7360 51
38.7680 38.8000 50
38.9600 39.0880 50
39.2800 39.3440 50
39.3760 39.5040 51
41.1360 41.2320 56
41.6160 41.7760 55
41.8080 41.9360 56
42.1920 42.2560 57
42.6400 42.7680 57
44.8160 44.8480 74
44.9120 44.9760 74
45.7760 45.8720 75
45.9040 46.0000 74
46.5760 46.6080 74
46.6400 46.7680 75
47.5360 47.6000 74
47.6320 47.7280 75
47.7600 47.8560 74
47.8880 48.0160 75
48.0480 48.2400 73
48.5920 48.9120 64
48.9440 49.0400 63
49.0720 49.1360 64
49.1680 49.2320 66
50.2240 50.4160 72
51.2800 51.3440 66
51.3760 51.4720 65
51.5040 51.5040 63
51.8560 51.8880 65
53.2320 53.2960 72
54.0640 54.1600 73
54.5760 54.7360 55
55.0880 55.1520 61
55.1840 55.3760 62
55.4080 55.5040 63
56.3360 56.4000 74
56.6560 56.6560 72
57.4880 57.8720 57
57.9360 58.0640 54
58.4800 58.6720 57
59.2160 59.3120 60
59.6000 59.6960 61
59.7280 59.7920 57
59.8560 60.1120 57
60.2400 60.3040 55
60.8480 61.1680 56
61.4240 61.4560 55
61.6160 61.6800 55
62.6400 62.9600 57
63.5360 63.6000 59
63.6640 63.6960 60
63.9840 64.2720 59
64.5920 64.7200 64
64.7520 64.9120 60
64.9760 65.0080 60
65.0400 65.1680 62
65.4560 65.5520 60
65.5840 65.7120 56
65.7440 65.8080 57
65.8400 65.8720 59
66.2880 66.3200 57
66.9600 66.9920 58
67.4080 67.4720 57
68.1440 68.3680 57
68.8160 69.0080 55
69.1040 69.2640 56
69.8400 70.0640 63
70.1920 70.1920 66
70.2880 70.2880 63
70.3840 70.4800 62
70.6080 70.9280 61
70.9600 71.0880 63
71.3760 72.0480 62
74.2240 74.2880 62
74.3200 74.4480 64
74.4800 74.6720 62
75.0560 75.0880 62
75.6000 76.2720 63
76.3040 76.6240 62
76.8480 77.2960 63
77.3280 77.8400 62
78.6080 78.8640 64
79.5360 79.7280 60
79.7600 79.9200 57
80.1440 80.1760 71
80.2080 80.3680 72
80.6880 80.7200 56
80.7840 80.8800 57
80.9120 81.0400 58
81.5200 81.9040 60
82.0640 82.2240 57
82.2560 82.3520 59
82.3840 82.4160 62
82.4480 82.5760 63
82.6080 82.7040 65
82.7360 82.8000 63
83.7280 83.8880 57
84.1440 84.2400 59
84.2720 84.5600 57
84.5920 84.7520 60
84.9120 84.9760 57
85.0080 85.0720 58
85.1040 85.2000 60
85.2320 85.2640 59
85.4560 85.5200 57
85.8400 86.0640 62
86.3520 86.8000 62
86.8320 87.1520 60
87.4080 87.6640 60
87.6960 87.7600 62
87.7920 87.9520 64
87.9840 88.0480 67
88.2400 88.4960 63
88.5280 88.6880 59
88.7200 88.9120 62
89.0400 89.2320 62
89.2640 89.3920 57
89.5200 89.7440 55
89.7760 89.8080 57
90.0320 90.3840 62
90.5760 90.9920 62
91.0240 91.3120 60
91.6000 91.6640 63
91.7280 91.8560 62
92.2720 92.4320 57
92.5920 92.8160 60
92.8480 93.0400 65
93.0720 93.1360 61
93.1680 93.2960 60
93.3280 93.6480 57
93.9680 93.9680 56
94.0320 94.5120 55
94.7040 95.2800 55
95.4720 95.7280 55
95.7600 95.8240 57
96.3040 96.4000 62
96.6240 96.7200 68
96.7520 97.3600 69
103.3120 103.4080 74
104.0480 104.1760 74
104.3040 104.4320 74
104.7520 104.8480 75
106.5440 106.6400 69
106.8960 107.0240 64
109.9360 110.0640 63
112.0480 112.1760 74
112.7200 112.8800 74
114.0000 114.0320 70
114.3200 114.4480 74
114.8960 115.0560 74
115.8240 115.9520 63
115.9840 116.0800 65
117.3280 117.6160 51
118.4480 118.5440 64
118.8960 118.8960 71
119.9520 120.0160 72
120.8160 120.9120 69
121.1360 121.2000 65
121.2320 121.2640 63
121.3920 121.4560 74
121.6160 121.6800 74
123.7280 123.8880 75
124.1440 124.1440 71
124.1760 124.2400 74
124.9760 125.0720 69
125.4240 125.4240 69
125.4560 125.6160 74
128.0800 128.7200 74
128.9120 129.0080 66
129.0400 129.0400 69
129.0720 129.1360 72
129.1680 129.2640 74
129.2960 129.4880 75
130.5120 130.7680 65
131.0560 131.1200 68
131.4720 131.6640 75
131.6960 131.8560 74
132.2080 132.4960 75
132.5280 132.7520 74
134.0640 134.3520 75
134.3840 134.3840 73
134.5120 134.6080 70
134.6400 134.7360 71
134.7680 134.8320 74
135.0880 135.3120 74
135.5040 135.5360 72
135.7920 136.0160 64
136.0480 136.1440 63
136.1760 136.8160 64
137.1680 137.3920 57
137.8720 138.0320 60
138.2560 138.3200 63
138.3520 138.3520 61
138.3840 138.5440 58
138.5760 138.7680 57
139.5040 139.6000 55
139.6320 139.6960 56
139.8240 139.9200 57
139.9520 140.0800 55
140.1120 140.1440 53
140.1760 140.2400 51
140.2720 140.5280 50
141.2960 141.3600 56
141.3920 141.5840 57
142.1280 142.4160 59
142.7040 142.8640 59
143.3120 143.3120 65
143.3760 143.4080 64
143.4400 143.5040 61
143.5360 143.6320 60
143.6960 143.7600 59
144.1440 144.2400 60
144.2720 144.2720 58
144.3040 144.4000 56
144.4640 144.4960 57
144.5280 144.6560 59
144.9440 145.0080 62
146.1600 146.1920 58
146.7040 146.8000 57
146.8960 147.0240 57
147.5040 147.6320 55
148.5280 148.6240 62
148.6560 148.7520 63
148.8800 148.8800 66
149.3280 149.4560 60
149.4880 149.5520 61
149.5840 149.6160 62
149.6480 149.8080 63
149.8400 149.8400 61
150.0640 150.4160 62
150.4480 150.5120 63
150.5440 150.7040 64
152.4960 152.5280 63
152.9440 153.0080 63
153.0400 153.1360 64
153.1680 153.2000 62
153.7440 153.8080 54
153.8400 153.9680 55
154.4480 154.4800 62
154.5120 155.1520 63
155.5360 155.7920 64
155.8240 155.9840 63
156.0160 156.6240 62
156.6560 156.7200 61
156.7520 156.9440 60
157.2960 157.3280 63
157.3600 157.3920 64
157.4240 157.5200 65
157.8080 157.8720 63
158.2560 158.3200 61
158.3520 158.4480 60
158.4800 158.6400 58
158.6720 158.9600 57
158.9920 158.9920 59
159.4080 159.4080 57
159.5040 159.6640 57
160.1440 160.5920 60
160.8800 160.9760 58
161.0080 161.0080 60
161.0400 161.2960 63
161.3280 161.4880 64
161.5840 161.7120 65
162.2880 162.3840 60
162.4160 162.5760 58
162.7680 162.9280 60
163.0880 163.9840 60
164.0160 164.2080 57
164.3360 164.4000 61
164.5280 164.7520 62
164.7840 164.8160 61
165.0400 165.4880 62
165.5200 165.5840 61
165.6160 165.8400 60
166.0960 166.3520 60
166.3840 166.4480 62
166.4800 166.6400 64
166.6720 166.7360 68
166.9280 166.9920 62
167.0240 167.1200 63
167.4400 167.4720 61
167.8560 167.9200 56
167.9520 168.0800 57
168.2720 168.4320 57
168.7200 169.0400 62
169.2320 169.6800 62
169.7120 169.8080 60
169.8400 170.0320 62
170.9280 170.9600 58
170.9920 171.2800 57
171.3120 171.5360 59
171.5680 171.7600 62
171.7920 171.9840 60
172.1120 172.2080 57
172.2400 172.3040 56
172.6880 172.6880 52
172.7520 172.7840 53
172.9760 173.2000 55
173.3920 173.4880 55
173.5200 173.6800 54
173.7120 174.0320 55
174.1920 174.3520 55
174.3840 174.4480 56
174.4800 174.6720 58
178.3840 178.4800 64
197.5840 197.7760 60
197.8080 197.8720 59
198.0320 198.1920 57
198.2240 198.3200 56
198.3520 198.4160 59
198.9600 199.0560 58
199.5360 199.9200 60
200.1120 200.1440 61
200.2400 200.2400 60
200.4640 200.6880 62
200.8480 201.0080 53
202.1280 202.2560 60
202.3840 202.5760 60
202.7040 202.7360 59
202.7680 203.2160 60
203.2480 203.2800 59
203.6640 203.7280 60
203.7600 203.9840 62
204.3040 204.8480 62
204.9760 205.1360 59
205.4240 205.6160 59
205.7440 205.7760 62
205.8080 205.9680 64
206.0000 206.0640 67
206.2560 206.5760 63
206.6080 206.7040 65
206.7360 206.7680 62
206.8960 207.2160 62
207.7600 207.8560 61
208.0480 208.2080 62
208.5600 209.3600 62
210.2880 210.3840 58
210.4160 210.5440 57
210.6080 210.7680 60
210.8320 210.8960 60
210.9280 211.0560 62
211.0880 211.6960 60
211.7280 211.7600 61
211.7920 212.0480 62
212.1440 212.4000 59
212.4320 213.1360 60
213.2640 213.3920 59
213.4880 213.7440 55
213.7760 213.8400 57
213.9680 213.9680 56
214.0000 214.0960 60
214.3520 215.2480 69
216.8800 216.9760 72
217.2960 217.4560 72
217.6480 217.7760 71
217.8080 217.8400 69
218.1280 218.1600 68
218.1920 219.8880 69
220.0160 220.4640 75
220.6240 220.9120 75
220.9440 221.1360 74
221.3600 221.6160 74
221.7760 221.7760 68
221.8080 221.8720 70
222.0320 222.1280 64
222.6720 222.7360 69
222.8640 223.8560 69
223.9840 224.0480 70
224.4000 224.4000 67
224.4640 224.4960 67
224.5280 224.6880 74
224.8480 225.0080 74
225.0400 225.1680 72
225.4240 225.4560 67
225.4880 225.5200 72
225.5520 225.6800 74
225.7120 225.7440 72
225.9360 226.1280 70
226.1600 226.2560 74
226.4800 226.6720 69
226.9920 227.1520 71
227.1840 227.4080 68
227.4400 228.0800 69
228.2080 228.2400 62
228.2720 228.5280 63
228.5600 228.6880 64
228.9120 228.9760 63
229.0080 229.2000 64
229.2320 229.2640 62
229.7440 230.1920 62
230.4160 230.5120 62
230.6400 230.7040 61
230.7360 231.2480 60
231.8560 232.3040 60
232.9120 233.1360 62
233.1680 233.2960 64
233.3280 233.3920 62
233.5520 233.6480 62
233.8720 234.0640 62
234.0960 234.1920 63
234.2240 234.6080 62
234.8640 235.1520 60
235.4720 235.5360 61
235.5680 235.7600 62
235.7920 235.9520 61
235.9840 236.3040 60
236.4960 236.5920 62
236.6240 236.9760 63
237.3600 237.4880 64
237.5200 237.5520 63
238.1600 238.4160 63
239.1840 239.4720 63
239.5040 239.6960 64
239.7280 239.8240 63
240.0800 240.3360 62
240.5280 240.5920 62
240.6240 240.7520 63
240.7840 241.2640 64
241.4560 241.5520 63
241.5840 241.8720 64
242.1920 242.2560 62
242.2880 242.4800 63
242.5120 242.8960 62
243.8880 244.2720 59
244.3360 244.4640 60
244.9120 245.1360 63
245.6480 245.7440 62
