1.2000 1.4240 63
4.5600 4.5600 62
4.6240 4.7520 63
7.3760 7.5360 63
21.4560 21.6480 62
21.6800 21.8400 65
21.8720 22.3200 68
22.3520 22.4160 64
51.9520 52.7200 59
52.9120 53.3600 59
53.3920 53.5840 61
53.8720 54.0640 57
54.1920 54.6720 56
54.8000 55.0560 56
55.1520 56.3360 56
59.5360 59.8560 59
60.0160 60.6240 59
60.8160 60.8800 59
60.9120 61.2320 61
61.2640 61.2960 60
61.5520 61.6480 57
61.7760 62.6080 56
62.7680 63.7280 56
66.7040 66.7360 58
66.7680 66.9920 59
67.1200 67.2480 59
67.3760 67.6960 59
67.7280 67.8240 58
70.0000 70.1600 56
70.1920 70.4800 57
70.5120 70.6080 58
70.6400 71.5680 59
71.9200 72.0480 56
72.2080 72.6240 55
75.2160 75.6000 55
75.6320 76.3040 56
77.4240 77.9680 56
82.8960 83.2800 61
83.3120 83.5360 62
83.6640 83.7920 60
83.8240 84.0800 61
84.2720 84.6880 59
85.0720 85.2960 58
85.8080 85.8720 59
85.9040 86.1280 60
86.2880 86.3840 59
86.5120 86.8960 59
86.9280 86.9600 58
86.9920 87.3120 57
87.3440 87.7920 56
87.8240 89.0400 55
90.5440 90.7680 61
90.8000 90.8960 62
90.9280 91.0560 63
91.2160 91.3760 63
91.4080 91.8240 61
91.8560 92.5920 59
93.3920 93.5200 59
93.7120 93.8720 59
93.9040 94.0320 61
94.0640 94.1280 62
94.1600 94.2880 64
94.4480 94.8960 64
94.9280 95.0240 62
95.0560 95.3440 61
95.6000 99.0560 59
99.0880 99.1520 58
101.4240 101.6480 55
101.6800 101.7760 56
101.9680 102.3520 56
102.3840 102.5440 57
102.6720 102.8000 58
102.8320 103.6320 59
103.6640 103.6960 58
103.7280 103.8560 57
104.0480 104.5600 54
104.7840 105.0080 56
105.1680 105.8400 56
105.8720 106.0000 55
106.0320 106.4800 54
106.5120 106.6400 55
106.6720 107.6640 56
109.5200 109.5840 59
109.6160 109.7120 60
109.9040 110.1600 63
110.1920 110.3200 64
110.4800 110.7360 59
110.9280 111.0560 63
111.0880 111.1520 62
111.3120 111.4080 57
111.4400 111.5680 56
111.7280 111.8880 54
112.0480 112.2080 54
113.4240 113.5520 56
113.7120 114.0000 56
114.0320 114.2880 57
114.3200 114.5440 58
114.8640 114.9600 56
115.1840 115.7920 54
116.6240 116.7200 54
116.7520 116.8480 55
116.8800 116.9440 56
117.0720 117.5200 56
117.5520 117.9040 57
117.9360 119.0560 59
119.0880 119.1200 57
119.2480 119.9520 54
119.9840 120.1120 56
120.2720 120.6880 56
120.7200 121.2960 59
121.4240 121.6480 66
121.7760 122.3520 63
122.3840 122.4800 61
122.5120 123.7280 59
124.7200 124.9120 60
125.1040 125.6160 63
125.6480 126.0000 60
126.1600 126.3840 62
126.4160 126.4800 58
126.5120 127.0560 56
128.5280 128.7840 56
128.9440 129.1040 56
129.2960 129.4560 56
129.4880 129.6160 55
129.6480 129.8400 54
130.4160 130.5120 52
130.5440 130.6720 53
130.7040 130.8320 54
147.3760 147.5360 59
147.6640 148.4960 59
148.5280 148.7840 60
148.8160 148.9120 59
148.9440 149.0400 58
149.0720 149.1680 57
149.2000 149.8080 56
149.9680 150.0960 56
150.1280 150.2560 55
150.2880 151.0240 54
151.0560 151.1200 53
152.1120 152.2720 51
152.4320 152.4640 50
152.4960 153.0400 51
153.1680 153.2320 51
153.3920 153.5200 51
154.7680 154.9280 57
154.9600 155.8240 59
155.9520 156.0160 59
156.0480 156.3360 61
156.6880 156.8160 57
156.8480 157.5200 56
157.6480 157.7760 56
157.8080 157.8720 55
157.9040 159.6960 54
161.9040 161.9680 59
162.0000 162.0640 60
162.0960 162.2880 61
162.3200 163.0240 59
163.0560 163.1200 58
163.1520 163.1840 57
163.4080 163.4400 52
163.6320 164.4320 52
165.2000 165.2640 55
165.2960 165.4560 56
165.4880 165.7120 57
165.7440 165.8400 58
165.8720 166.6720 59
166.7040 166.8000 58
166.9600 167.1520 56
167.1840 167.2480 55
167.4080 167.7600 54
167.8880 168.5600 53
170.1920 170.2880 53
170.3200 170.8320 54
170.8640 170.9280 55
170.9600 171.5040 56
172.3360 172.4960 53
172.5280 172.5920 54
172.6240 172.6880 55
172.7200 172.8800 56
172.9120 173.0080 55
173.0400 175.8560 54
178.0640 178.1600 59
178.1920 178.3840 61
178.4160 178.4800 62
178.5120 178.6400 63
178.6720 178.7040 62
178.8320 178.8960 60
178.9280 179.2160 61
179.5040 179.8560 59
179.8880 179.9840 58
180.0160 180.1120 57
180.1440 180.5280 56
180.7840 180.8480 57
180.8800 180.9760 58
181.0080 181.0400 59
181.0720 181.2640 61
181.4240 182.0960 59
182.3200 182.3840 57
182.4160 182.5440 56
182.5760 182.7360 55
182.7680 182.9920 56
183.0240 183.1200 55
183.1520 184.1440 54
185.6800 185.9040 61
185.9360 185.9680 62
186.0000 186.2240 63
186.3520 186.4800 64
186.5120 186.5760 63
186.6080 186.8960 61
186.9280 186.9600 60
187.0880 187.7920 59
188.3040 188.4640 59
188.4960 188.6240 60
188.6560 188.7840 61
189.0080 189.3920 64
189.5200 189.6160 64
189.6480 189.7120 63
189.7440 190.0320 61
190.2560 193.0720 59
194.7680 194.9920 56
195.1840 195.6320 56
195.6640 195.8240 57
195.9520 196.0160 58
196.0480 197.0720 59
197.3280 197.8400 66
198.0640 198.1920 56
198.3200 198.4160 55
198.4480 199.0880 56
199.1200 199.1840 55
199.2160 200.2400 54
200.2720 200.6880 55
200.7200 200.9120 56
200.9760 201.0400 56
202.8320 202.8640 60
202.8960 202.9600 61
203.1840 203.3120 62
203.3440 203.4400 63
203.4720 203.6000 64
203.8560 203.9200 60
203.9520 204.0800 59
204.2720 204.4320 64
204.5920 204.7200 66
205.0080 205.1680 66
205.3920 205.4560 64
206.6720 206.8000 57
206.9920 207.2480 56
207.2800 207.6000 57
207.6320 207.6640 58
207.6960 207.7920 59
208.1440 208.2080 56
208.4000 209.0080 54
209.9360 209.9680 53
210.0000 210.0640 54
210.0960 210.1920 56
210.4160 210.4800 55
210.5120 210.8320 56
210.8640 211.1840 57
211.3120 211.9840 59
212.1440 212.4000 59
212.5920 213.0720 66
213.1040 213.4240 67
213.4560 213.4560 64
213.8080 213.9680 58
214.0640 214.6720 59
214.7040 214.8640 66
215.0560 215.6000 62
215.6320 216.9760 59
218.0960 218.2240 61
218.4480 218.9280 63
218.9600 219.2800 59
219.4720 219.6000 64
219.6320 219.6640 61
219.6960 219.7280 58
219.8880 220.0160 56
220.0480 220.1440 55
220.1760 220.2400 54
220.2720 220.3040 53
220.4960 220.8160 52
221.8720 221.9360 55
221.9680 222.0960 56
222.2560 222.3840 56
222.5760 222.7360 56
223.0880 223.1520 54
223.1840 223.8560 52
223.8880 224.3360 53
230.8640 230.9280 65
230.9600 231.0880 68
231.1200 231.6000 66
231.6320 231.7600 64
231.7920 232.1440 62
232.1760 235.5680 64
235.6000 235.7920 67
235.8240 237.2320 66
237.4880 237.7760 67
237.8080 239.7280 66
239.7600 240.0480 65
242.5440 242.6400 56
242.8960 243.2800 56
243.3120 243.4080 57
243.6640 243.6960 57
243.7280 244.6560 59
245.0080 245.4560 54
245.6800 245.8400 56
246.0000 246.1600 55
246.1920 246.7360 56
246.7680 248.1120 54
248.1440 248.8160 56
250.4800 250.5760 60
250.8320 251.2480 63
251.4400 251.6000 59
251.8240 251.9520 64
252.1760 252.4000 68
253.0400 253.1360 62
254.0320 254.2560 60
254.2880 254.4480 57
254.5760 254.8320 56
254.8640 255.2480 57
255.2800 255.3760 59
255.6640 255.6960 60
255.7280 255.8240 61
256.0160 256.9120 59
257.0400 257.5200 59
257.6800 257.6800 63
257.7120 257.7440 66
257.7760 257.8400 67
258.0640 258.5440 68
258.8000 259.2160 66
259.4720 259.5680 66
259.6000 259.8240 67
259.8560 259.9840 68
260.1760 260.4960 66
260.6560 260.8800 66
260.9120 261.5840 68
261.7120 262.1920 66
262.4160 262.5760 68
262.7360 263.1520 66
263.1840 263.5680 64
263.6000 263.6640 65
263.6960 263.8240 66
264.4640 264.8160 63
264.8480 265.4560 64
265.9360 266.0320 66
266.2240 266.3840 62
266.4160 266.7680 63
266.8000 267.2800 64
267.3120 267.4080 63
267.4400 267.4720 61
268.1120 268.1760 62
268.2080 268.2720 63
268.3040 268.4000 64
268.5280 268.5600 66
268.5920 268.7840 67
268.9760 269.3920 66
269.4240 269.6160 64
269.6480 269.6800 63
270.0000 270.2880 61
270.4800 270.6720 65
270.7040 272.5600 66
272.5920 272.6880 62
273.3280 273.4880 63
273.5200 274.0640 64
274.0960 274.1600 63
274.3200 274.5120 62
274.8000 275.8880 59
276.0160 276.1440 60
276.1760 276.4000 61
276.6880 276.8800 57
277.0400 278.6400 56
282.4480 282.8320 59
282.9600 283.2160 59
283.4720 283.8560 59
284.4640 284.5280 56
284.7840 285.3920 56
285.4240 286.0640 54
286.0960 287.6960 52
287.9840 288.1120 52
288.3360 288.4000 52
