16.5280 16.7840 53
16.9760 17.2640 53
17.3920 17.4240 52
17.4560 18.2880 53
18.3200 19.0880 54
19.1200 19.1520 55
19.1840 19.4720 56
19.5040 19.5680 55
20.2400 20.7520 49
20.9440 21.1040 49
21.1680 22.1280 49
22.3200 22.5760 51
22.7360 22.8000 51
22.8320 22.8960 52
22.9280 23.1840 53
23.6640 23.6960 52
23.7280 23.7600 53
23.7920 24.3680 54
24.5600 24.7520 54
24.9760 25.0080 52
25.0400 25.0720 53
25.1040 25.3920 54
25.4240 25.6160 53
25.8400 25.8720 50
25.9040 26.5760 51
26.6080 26.6720 52
26.7040 27.3440 53
30.8000 30.8640 51
30.8960 30.9920 53
31.1840 32.3680 53
32.5600 33.2960 54
33.3280 33.3600 55
33.3920 33.8400 56
34.4480 34.6080 49
34.8320 35.0560 49
35.2480 35.3120 49
35.5040 35.9840 49
36.1120 36.3360 49
36.4960 36.7840 51
36.9760 37.3920 53
39.4080 40.0800 49
40.1120 40.1440 50
40.1760 40.4640 51
40.5920 41.2640 51
41.2960 41.3280 50
41.3600 42.5440 49
44.1440 44.2400 49
44.5600 44.6560 49
45.0080 45.1040 49
45.5200 45.8720 49
46.3520 46.4480 49
46.8000 46.8960 50
47.0240 47.1200 51
47.6640 47.8240 51
47.8560 47.9520 49
48.6560 48.6880 49
49.0080 49.2320 49
50.3840 50.4480 49
50.6080 50.7040 49
51.2800 51.3760 49
51.7280 51.8240 49
52.1120 52.2720 49
52.5600 52.9440 49
53.2640 53.5520 49
53.8400 54.0000 50
54.0320 54.2880 51
54.5440 54.5760 51
54.7680 54.8960 51
54.9280 54.9600 50
54.9920 56.4960 49
56.6240 56.8160 49
56.9760 57.0400 50
57.2000 57.2320 52
57.2640 57.6800 53
57.7120 57.7440 52
57.9040 58.4160 49
58.5440 58.9600 49
59.8880 60.0480 56
60.0800 60.1440 57
60.1760 60.6560 58
60.6880 60.7200 57
60.7520 61.3920 56
61.9040 62.1600 56
62.2560 62.2560 56
62.2880 62.3520 59
62.3840 63.3760 60
63.4080 63.4720 63
63.5040 63.5680 65
63.8560 63.8880 62
63.9200 64.2080 63
64.2400 64.2720 62
64.3040 64.3680 61
64.4000 64.7200 60
64.7520 65.2640 61
65.2960 65.3600 59
65.3920 65.5520 58
65.5840 65.6160 57
65.6480 65.8400 56
66.3200 66.4160 56
66.4480 66.8320 58
66.8640 66.8960 57
66.9280 68.0160 56
68.0480 68.1120 59
68.1440 68.1760 60
68.2080 68.4320 61
68.4640 69.2000 60
69.2320 71.3760 61
71.6320 71.6320 60
71.6640 71.7280 63
71.7600 71.9520 65
71.9840 72.0160 63
72.3360 72.4000 58
72.4320 72.7200 61
72.7520 73.1040 58
73.3920 73.5840 58
73.8400 74.0000 58
74.1280 74.2560 63
74.2880 74.4160 65
74.5760 74.6080 61
74.6400 74.7040 62
74.7360 74.8640 63
75.1200 75.1520 62
75.1840 75.4720 65
75.5040 75.7600 63
75.7920 75.8240 62
75.8560 76.0800 61
76.1120 76.1440 62
76.1760 76.3040 63
76.3360 76.4960 64
76.9120 77.1040 56
77.3280 77.4880 56
77.6480 77.7760 61
77.8080 78.1600 63
78.1920 78.2240 62
78.2560 78.4480 61
78.8000 78.8640 64
78.8960 79.0240 65
79.0560 79.0560 63
79.1840 79.4080 63
79.4400 79.5680 59
79.6000 79.8560 61
79.8880 79.9840 59
80.0160 80.0800 58
80.4640 80.6560 58
80.8480 80.9120 57
80.9440 81.1360 58
81.1680 81.2320 61
81.2640 81.2960 64
81.3280 81.7120 65
81.7440 82.0000 63
82.2880 82.4800 61
82.6720 82.8640 63
82.8960 82.9280 62
83.0560 83.7920 63
83.8240 84.0800 61
84.1120 84.2080 63
84.2400 84.4960 62
84.5280 84.6240 63
84.6560 84.7840 62
84.8160 84.9440 65
84.9760 85.2960 66
85.3280 85.4560 65
85.8720 86.1280 65
86.2880 86.4480 70
86.4800 86.4800 68
86.5120 86.7040 63
86.7360 87.0560 65
87.0880 87.3120 63
87.3440 87.3760 62
87.4080 87.7920 61
87.8240 87.9520 58
88.1120 88.2080 56
88.4000 88.5280 63
88.5600 88.8800 65
88.9120 89.1360 63
89.4240 90.3520 60
90.3840 90.4800 63
90.5120 90.5440 64
90.5760 90.6400 65
90.6720 90.8960 68
90.9280 91.1200 65
91.1520 91.1840 67
91.2160 91.3440 68
91.3760 91.7280 65
91.8560 91.9840 66
92.0160 92.2080 68
92.2400 92.2400 66
92.2720 92.4320 63
92.4640 92.5600 65
92.9760 93.1040 63
93.1360 93.4560 65
93.4880 93.6160 63
93.6480 93.8720 61
93.9040 93.9360 59
93.9680 94.3200 58
94.7040 94.8320 58
94.8640 94.9280 57
94.9600 95.1200 54
95.1520 95.4080 58
95.4400 95.4400 60
95.4720 95.4720 62
95.5040 95.6960 65
95.7280 95.7600 64
95.9200 96.0160 62
96.0480 96.2400 63
96.6880 97.3920 60
97.4240 97.7760 61
97.8080 97.9680 62
98.0000 99.6320 61
106.9920 107.0560 61
112.0800 112.4640 63
118.9600 119.0560 63
119.0880 119.1520 64
119.1840 120.3680 65
120.8160 120.9120 65
130.3520 130.4800 60
130.5120 130.9280 61
130.9600 131.3760 58
131.4080 131.4400 62
131.4720 131.6000 63
131.6320 131.8240 65
131.8560 132.7840 63
132.8160 132.9120 62
133.8720 133.8720 54
133.9040 133.9360 57
133.9680 134.0320 58
134.0640 134.5440 60
134.5760 134.6720 59
134.7040 134.8960 56
134.9280 134.9600 59
134.9920 135.1840 63
135.2160 135.3760 61
135.5680 135.7600 63
135.7920 135.8240 62
135.8560 136.9760 61
137.4560 137.4880 55
137.5200 137.6160 56
137.6480 138.0960 58
138.1280 138.5760 56
138.8000 138.8320 55
138.8640 138.9280 56
138.9600 138.9920 57
139.0240 139.1840 58
139.4720 139.7280 56
140.0800 140.8800 53
140.9120 141.0080 54
141.0400 142.5440 56
142.5760 142.6080 62
142.6400 142.7680 63
142.8000 143.0880 65
143.1200 143.1840 62
143.2160 143.6960 61
143.7280 144.1120 60
144.5280 144.5600 58
144.5920 144.6240 60
144.6560 145.1360 61
145.1680 145.5200 58
145.5520 145.5840 59
145.6160 145.6480 62
145.6800 145.7760 63
145.8080 145.9680 65
146.0000 146.1280 63
146.3200 146.3840 61
146.4160 146.5120 62
146.5440 147.5680 63
148.0800 148.1440 66
148.1760 148.6240 68
148.6560 148.6560 65
148.6880 148.8800 63
148.9120 149.2320 65
149.2640 149.5200 63
149.6800 150.4160 61
150.4480 150.5440 62
150.5760 150.6720 63
150.7040 150.8000 62
150.8320 150.9280 61
151.6640 151.6640 56
151.6960 151.7600 59
151.7920 152.2400 61
152.2720 152.6560 58
152.6880 152.7840 55
152.8160 152.9120 56
152.9440 153.0080 57
153.0400 153.2640 58
153.4240 153.5200 60
153.5520 153.9680 61
154.0000 154.0320 62
154.0640 154.2240 63
154.2560 154.4160 61
154.4480 154.4800 62
154.5120 154.7360 63
154.7680 154.8000 62
154.8320 155.7920 61
155.8240 155.8880 62
155.9200 155.9840 64
156.0160 156.1120 65
156.1440 156.1760 63
156.3040 156.7200 61
156.7520 156.7840 60
156.9440 156.9760 59
157.0080 157.0720 60
157.1040 157.3600 61
157.3920 157.4880 60
157.6160 157.7440 59
157.7760 158.1280 60
158.1600 158.3200 59
158.7040 158.7360 57
158.7680 158.8960 58
158.9280 158.9280 56
159.1520 159.2800 58
159.4720 159.6960 65
159.7280 159.7280 63
159.8880 159.9200 61
159.9520 160.0160 62
160.0480 160.3040 63
160.3360 160.3680 62
160.4000 160.4640 61
160.4960 160.5280 62
160.5600 160.6560 63
160.6880 161.0080 65
161.0400 161.1040 63
161.1360 161.1680 62
161.2000 161.4240 61
161.6800 161.7120 64
162.0000 162.0640 66
162.0960 162.1600 65
162.3200 162.4800 68
162.5120 162.5760 67
162.6080 162.6400 65
162.6720 162.8320 66
162.8640 163.0880 62
163.1200 163.5680 63
163.6000 163.6320 62
163.6640 163.9520 61
164.0800 164.1760 63
164.2080 164.3680 65
164.4960 164.6880 63
164.7200 164.8160 59
164.8480 164.8800 60
164.9120 165.2000 61
165.2320 165.3920 59
165.7760 165.8080 57
165.8400 166.0000 58
166.1920 166.2560 57
166.2880 166.5120 58
166.5440 166.5440 60
166.5760 166.7040 63
166.7360 167.0560 65
167.0880 167.1840 63
167.2160 167.2480 66
167.2800 167.4720 67
167.5040 167.5040 65
167.6320 167.8240 61
167.9840 168.0160 62
168.0480 168.2400 63
168.6240 168.7200 63
168.7520 168.9440 62
168.9760 169.0400 63
169.0720 169.1360 62
169.1680 169.3600 61
169.3920 169.4240 62
169.4560 169.5200 63
169.5520 169.5840 62
169.6160 169.7760 61
169.8080 169.8720 62
169.9040 169.9680 63
170.0000 170.1280 62
170.1600 170.1920 65
170.2240 170.6080 66
170.6400 170.9920 65
171.0880 171.4720 65
171.6320 171.7600 70
171.7920 171.8240 68
171.8560 172.0480 63
172.0800 172.4320 65
172.4640 172.6560 63
172.6880 172.7840 62
172.8160 173.1680 61
173.2000 173.3280 58
173.3600 173.5200 56
173.7120 173.8400 63
173.8720 174.3840 65
174.4160 174.4800 63
174.8000 174.8320 59
174.8640 175.2800 60
175.3120 175.3760 61
175.4080 175.8560 60
175.8880 176.0160 65
176.0480 176.2400 68
176.2720 176.4640 65
176.4960 176.6240 68
176.6560 176.7200 67
176.7520 177.2000 65
177.2320 177.2960 66
177.3280 177.3600 67
177.3920 177.5200 68
177.5520 177.5840 66
177.6160 177.9360 63
177.9680 178.0640 62
178.0960 178.1920 61
178.3200 178.4800 63
178.5120 178.7680 65
178.8000 178.8960 63
178.9280 179.2480 61
179.2800 179.3120 59
179.3440 179.6320 58
180.0160 180.1440 58
180.1760 180.2400 57
180.2720 180.4960 54
180.5280 180.5920 58
180.6240 180.6880 59
180.8160 180.9120 63
180.9440 181.0400 65
181.0720 181.1040 64
181.2320 181.3600 62
181.3920 181.6480 63
181.6800 181.7120 62
182.0320 182.7040 60
182.7360 183.1200 61
183.1520 183.2480 63
183.2800 183.3120 62
183.3440 185.4240 61
185.4560 185.5200 62
185.5520 185.7440 65
185.7760 185.8720 63
186.1280 186.1600 59
186.1920 186.2240 60
186.2560 186.5440 61
186.5760 186.8000 58
187.2160 187.3440 58
187.3760 187.4400 56
187.6320 187.8240 58
187.9520 188.1760 65
188.3680 188.7200 63
189.0720 189.1360 63
189.1680 189.3280 65
189.3600 189.3920 64
189.4240 189.5840 63
189.6160 189.6480 62
189.6800 189.9040 61
190.1280 190.1920 57
190.2240 190.2880 56
190.8000 190.8960 56
190.9280 191.1840 55
191.2160 191.3760 56
191.4080 191.4400 60
191.4720 191.5360 61
191.5680 191.6000 62
191.6320 191.8240 63
191.8560 191.8880 62
191.9200 192.2080 61
192.5600 192.5920 64
192.6240 192.7840 65
192.9760 193.1040 63
193.1360 193.1680 62
193.2000 193.2960 59
193.3280 193.6480 61
193.6800 193.8400 58
194.2560 194.4800 58
194.5120 194.7040 55
194.7360 194.8640 58
194.8960 194.9600 59
194.9920 195.0240 62
195.0560 195.1520 63
195.1840 195.5040 65
195.5360 195.6640 63
196.0800 196.1120 59
196.1440 196.4000 60
196.4320 196.4640 62
196.4960 196.5920 63
196.6240 196.6560 62
197.0080 197.1040 63
197.1360 197.3920 62
197.4240 197.4880 63
197.5200 197.5840 62
197.6160 197.8080 61
197.8400 197.8720 62
197.9040 198.0000 63
198.0320 198.2240 61
198.2560 198.2880 62
198.3200 198.3840 63
198.4160 198.5440 62
198.5760 198.7040 65
198.7360 199.0240 66
199.0560 199.3120 65
199.5680 199.8880 65
200.0800 200.2080 70
200.2400 200.2400 68
200.3680 200.4000 63
200.4320 200.4640 64
200.4960 200.8480 65
200.8800 201.0720 63
201.1040 201.1360 62
201.1680 201.5840 61
201.6160 201.7760 58
201.8080 201.8400 56
202.1280 202.1920 62
202.2240 202.7360 65
202.7680 202.8640 63
202.8960 202.9280 62
203.3440 203.9520 60
203.9840 204.1440 61
204.3360 204.4000 65
204.4320 204.7200 68
204.7520 204.9120 65
204.9440 205.1040 68
205.1360 205.2000 67
205.2320 205.5520 65
205.5840 205.6160 66
205.6480 205.8080 67
205.8400 206.0320 68
206.0640 206.3840 65
206.7680 206.8320 63
206.8640 206.8960 64
206.9280 207.2160 65
207.2480 207.3120 63
207.4400 207.6960 61
207.8240 208.0480 58
208.5280 208.6560 58
208.6880 208.6880 56
208.7200 208.9120 54
208.9440 209.1360 58
209.2640 209.3280 63
209.3600 209.4560 65
209.6480 209.7760 62
209.8080 209.9360 63
210.3840 211.1520 60
211.1840 211.4400 61
211.4720 211.5360 62
211.5680 211.6320 63
211.6640 211.7280 62
211.7600 213.2320 61
213.9360 214.0320 59
214.0640 214.5120 61
214.6400 214.7680 60
214.8000 214.8640 59
214.8960 215.1840 58
215.6000 215.7600 58
215.7920 215.7920 56
215.9200 215.9840 54
216.1120 216.3360 58
216.4640 216.5920 65
216.8480 217.0080 61
217.0400 217.1040 62
217.1360 218.2880 63
221.2960 221.4240 59
221.4560 222.3840 60
222.4160 223.1200 61
224.1440 224.1760 60
224.2080 224.2720 61
224.3040 224.3680 62
224.4000 224.9440 63
224.9760 225.9040 62
225.9360 226.4160 63
226.4480 226.4800 64
226.5120 226.8960 65
