26.4160 26.6080 54
26.8320 27.0240 56
27.0560 27.1520 55
27.1840 27.2800 56
27.3120 27.3440 57
27.3760 27.8560 58
27.9840 28.1120 59
28.1440 28.3360 61
28.7840 28.9440 57
28.9760 29.0080 58
29.0400 29.2320 59
29.2640 29.4240 58
29.5520 30.0640 56
30.0960 30.4800 58
30.9280 31.0560 58
31.0880 31.2160 59
31.3760 31.5040 56
31.5360 31.6640 58
31.8560 32.1120 54
32.6560 32.8800 54
33.1360 33.2000 57
33.2320 33.3920 58
33.5200 33.8400 61
33.9680 34.0960 65
34.1280 34.5760 66
34.7680 34.9600 67
34.9920 35.1520 68
35.6000 35.7600 63
35.7920 35.9840 65
36.0160 36.2080 63
36.3680 36.7200 61
36.9440 37.0400 55
37.0720 37.4880 56
37.5200 37.5520 57
37.5840 38.2240 58
39.5360 39.8240 54
39.9520 40.0480 56
40.0800 40.3360 58
40.3680 40.6240 61
40.8160 40.9440 64
40.9760 41.7760 66
41.8080 41.8400 67
41.8720 42.0320 68
42.4800 42.6400 63
42.6720 42.8960 65
42.9280 43.0880 63
43.2480 43.5040 61
43.6320 44.0160 63
44.2080 44.3360 64
44.3680 45.2000 66
45.3920 45.4240 58
45.4560 45.5200 59
45.5520 45.6800 61
45.7120 46.1600 58
46.9600 46.9920 57
47.0240 47.2160 58
47.2480 47.4720 59
47.5040 47.6640 61
47.6960 47.7280 59
47.7600 47.8880 56
47.9200 47.9520 57
47.9840 48.0800 58
48.1120 48.1440 57
48.2720 48.7840 56
50.2560 50.5440 58
50.5760 50.8320 59
50.8640 51.0240 61
51.0560 51.0880 58
51.1200 51.2480 56
51.2800 51.4720 57
51.5040 52.1120 56
52.1440 52.3360 55
53.7120 54.0320 54
54.1600 54.7360 56
54.7680 55.3440 58
55.3760 55.5040 59
55.5360 55.7600 61
56.2400 56.3360 57
56.3680 56.4000 58
56.4320 56.5920 59
56.7200 56.8800 58
57.0080 57.6480 56
57.6800 58.0000 58
58.4160 58.7040 58
58.8640 58.9600 56
58.9920 59.0240 57
59.0560 59.1840 58
59.2160 59.2800 55
59.3120 59.6320 54
60.1440 60.3680 54
60.5600 60.6240 55
60.6560 60.8160 57
60.8480 60.9440 58
60.9760 61.3600 61
61.3920 61.4240 64
61.4560 61.5200 65
61.5520 61.9680 66
62.0000 62.0960 67
62.2560 62.3840 66
62.4160 62.4480 67
62.4800 62.6720 68
63.0880 63.2160 63
63.2480 63.4400 65
63.4720 63.6000 63
63.7600 64.1440 61
64.4320 65.0080 56
65.0400 65.0720 57
65.1040 65.9040 58
66.9600 67.4080 54
67.4400 67.4720 57
67.5040 67.7280 58
67.7600 67.7920 59
67.8240 68.1760 61
68.2080 68.2720 64
68.3040 68.3680 65
68.4000 68.8800 66
69.0720 69.2640 66
69.2960 69.4880 68
69.9360 70.0640 63
70.0960 70.2880 65
70.3200 70.5440 63
70.7360 70.8640 61
70.8960 70.9600 62
71.0880 71.4720 63
71.5040 71.7920 64
71.8240 72.6560 66
72.6880 72.6880 64
72.7200 72.7200 62
72.7520 72.9120 60
72.9440 73.1040 61
73.1360 73.1360 59
73.1680 73.3920 56
73.4240 73.7120 58
74.2880 74.4800 58
74.6080 74.8640 59
74.8960 75.0240 61
75.1840 75.3760 57
75.4080 75.5360 58
75.6640 76.5280 56
77.7440 77.9680 58
78.0000 78.2880 59
78.3200 78.4800 61
78.6080 78.7680 56
78.8000 78.9920 58
79.0240 79.8560 56
80.7520 80.8160 60
80.8480 81.0400 61
81.0720 81.4880 63
81.5200 81.8080 65
82.0640 82.0960 65
82.1280 82.2560 66
82.3840 82.8000 68
82.8320 82.9920 70
83.0240 83.2480 65
83.2800 83.5360 66
83.6960 83.7920 63
83.8240 84.0160 65
84.0480 84.4640 63
84.4960 84.6560 65
84.7840 85.2640 61
85.3920 85.4560 61
85.4880 85.5520 62
85.5840 85.7120 63
85.9040 86.1920 61
86.2240 86.3840 62
86.4160 86.4160 60
86.4800 86.5120 55
86.5440 86.8320 54
86.9600 87.0560 59
87.0880 87.1200 60
87.1520 87.4720 61
87.9520 87.9840 57
88.0160 88.0480 60
88.0800 88.2720 61
88.3040 88.5280 63
88.5600 88.7840 65
88.8160 89.2320 66
89.2640 89.4560 68
89.4880 89.9040 70
89.9360 90.0000 69
90.0320 90.1920 71
90.2240 90.3840 73
90.5120 91.2160 73
91.3120 91.5040 66
91.5360 91.7280 68
92.1760 92.3680 61
92.4000 92.5280 63
92.6560 92.8800 65
92.9120 93.2000 66
93.3600 93.4240 66
93.4560 93.5200 67
93.5520 93.7440 68
93.8720 94.0320 67
94.0640 94.4160 68
94.7360 94.8000 68
94.8320 95.0240 69
95.0560 95.1520 70
95.3120 95.5040 68
95.5360 96.4960 66
96.5280 96.6560 71
96.6880 96.9760 73
97.3280 97.3600 69
97.3920 97.4880 70
97.5200 97.7760 71
97.8080 97.9680 70
98.1280 98.3520 68
98.3840 98.8640 66
99.0560 99.8240 66
99.9520 99.9520 69
99.9840 100.1120 71
100.1440 100.3680 73
100.4000 100.4640 72
100.7520 100.8160 69
100.8480 100.9440 70
100.9760 101.1040 71
101.2960 101.4240 70
101.4560 101.9360 68
102.0960 102.2240 68
102.2560 102.3840 70
102.5440 102.7680 68
102.8960 103.0560 66
103.0880 103.2160 67
103.2480 103.4400 66
103.7920 103.9520 68
103.9840 104.1120 70
104.3040 104.4640 68
104.4960 104.5920 66
104.7200 105.4240 66
105.7120 105.7760 62
106.0320 106.2880 63
106.3200 106.8960 66
107.0560 107.0880 68
107.1200 107.1840 69
107.2160 107.4400 70
107.4720 108.1440 68
108.5600 108.6880 68
108.7200 108.8480 70
109.0080 109.2320 68
109.2640 110.1920 66
110.2240 110.2560 67
110.2880 110.4160 72
110.4480 110.6080 73
110.6400 110.7360 74
111.0880 111.1200 69
111.1520 111.2160 70
111.2480 111.4720 71
111.5040 111.7920 70
111.8240 112.0480 68
112.2400 112.6880 66
112.8480 113.5520 66
113.6800 113.7440 71
113.7760 113.8080 72
113.8400 114.0000 73
114.5440 114.6400 70
114.6720 114.8640 71
114.8960 115.1520 70
115.1840 115.6320 68
115.8240 115.9200 69
115.9520 116.0800 70
116.2400 116.4960 68
116.6560 117.1680 66
117.5200 117.6160 69
117.6480 117.9040 70
117.9360 118.1920 68
118.3520 118.8960 66
119.2480 119.3760 69
119.4080 119.6640 70
119.6960 121.3600 68
121.9040 122.0320 68
122.0640 122.1920 70
122.3840 122.8320 68
122.8640 122.9600 67
122.9920 123.0560 66
123.1840 125.1680 66
141.1360 141.4560 54
141.5840 142.1920 56
142.2240 142.8000 58
142.8320 142.9920 59
143.0240 143.2480 61
143.6960 143.8240 57
143.8560 143.8880 58
143.9200 144.0160 59
144.1440 144.1760 57
144.2080 144.3360 58
144.3680 145.1360 56
145.1680 145.4240 58
145.8080 145.8400 57
145.8720 145.9680 58
146.0000 146.1280 59
146.3200 146.3840 57
146.4160 146.7360 58
146.7680 146.9280 56
146.9600 147.1840 54
147.5680 147.8240 54
147.9840 148.0800 55
148.1120 148.3680 58
148.4000 148.8160 61
148.8480 148.9760 65
149.0080 149.5520 66
149.6480 149.8720 66
149.9040 150.1280 68
150.5440 150.6400 64
150.6720 150.8960 65
150.9280 151.0560 63
151.2480 151.6320 61
151.9520 152.4960 56
152.5280 153.5200 58
154.3840 154.7680 54
154.8000 154.8640 55
154.8960 154.9600 56
154.9920 155.2480 58
155.2800 155.5360 61
155.6640 155.8560 64
155.8880 156.4000 66
156.5600 156.7200 66
156.7520 157.0080 68
157.3600 157.5200 63
157.5520 157.7120 65
157.7440 157.9680 63
158.2240 158.3840 61
158.5440 159.1840 63
159.2160 159.2480 66
159.2800 159.3760 67
159.4080 160.1120 66
160.1440 160.5600 61
160.5920 160.5920 59
160.6240 160.8480 56
160.8800 161.1360 58
161.6800 162.2560 58
162.2880 162.4160 61
162.6080 162.7360 56
162.7680 162.9600 58
162.9920 164.0480 56
165.1360 165.3920 58
165.4240 165.7120 59
165.7440 165.9040 61
166.0320 166.1280 56
166.1600 166.3520 58
166.3840 167.4400 56
168.1120 168.4960 61
168.5280 168.9120 63
168.9440 169.5200 65
169.5520 169.8080 66
169.8400 170.1280 68
170.1600 170.3840 70
170.4160 170.4160 67
170.4480 170.6400 64
170.6720 171.0560 66
171.0880 171.1200 65
171.1520 171.2480 64
171.2800 171.4720 65
171.5040 171.7920 63
171.8240 172.0480 65
172.0800 172.1440 62
172.1760 172.3040 60
172.3360 172.4640 61
172.8480 172.8800 61
172.9120 172.9760 62
173.0080 173.1360 63
173.1680 173.3920 61
173.5200 173.6800 61
173.7120 173.8080 63
173.8400 173.8400 61
174.0000 174.2240 54
174.2560 174.4160 58
174.4480 174.5440 60
174.5760 174.8960 61
175.3440 175.4400 57
175.4720 175.6960 61
175.7280 175.9840 63
176.0160 176.2080 65
176.2400 176.6560 66
176.6880 176.9120 68
176.9440 177.5200 70
177.5520 177.6480 71
177.6800 177.8400 73
177.9680 178.5760 73
178.6080 178.7040 74
178.7360 178.7360 70
178.7680 179.3120 68
179.6320 179.7920 61
179.8240 180.0480 63
180.0800 180.3360 65
180.3680 180.4640 67
180.4960 180.6560 66
180.6880 180.7520 67
180.7840 180.8160 68
180.8480 180.9120 69
180.9440 181.1360 70
181.1680 181.3280 68
181.3600 181.5520 67
181.5840 183.4720 68
183.7920 184.0800 68
184.1120 184.2400 70
184.4000 184.5600 68
184.5920 185.6480 66
185.6800 185.6800 68
185.7120 185.8080 71
185.8400 185.8720 72
185.9040 186.1280 73
186.5120 186.5440 68
186.5760 186.6400 69
186.6720 186.9280 71
186.9600 187.0560 70
187.0880 187.4400 68
187.4720 188.0480 66
188.2400 188.9760 66
189.1040 189.1360 70
189.1680 189.2320 71
189.2640 189.5200 73
189.8400 189.9040 66
189.9360 189.9680 67
190.0000 190.1280 70
190.1600 190.2560 71
190.3840 190.5760 70
190.6080 191.0880 68
191.2480 191.3440 69
191.3760 191.5360 70
191.6640 191.8560 68
191.8880 192.2720 66
192.4000 192.6560 66
192.8800 192.9440 67
192.9760 193.1040 68
193.1360 193.2640 70
193.4240 193.4560 67
193.4880 193.5840 68
193.6160 194.5440 66
195.1520 195.4400 63
195.4720 196.0160 66
196.1440 196.3040 69
196.3360 196.5600 70
196.5920 197.3280 68
197.7120 197.8080 69
197.8400 198.0000 70
198.1280 198.3200 68
198.3520 199.2800 66
199.3120 199.3440 67
199.3760 199.4400 71
199.4720 199.5040 72
199.5360 199.7920 73
199.8240 199.8560 72
200.2400 200.3680 70
200.4000 200.6560 71
200.6880 200.9120 70
200.9440 201.1680 68
201.3600 201.8080 66
201.9680 202.6080 66
202.6400 202.7680 67
202.8000 202.9920 72
203.0240 203.1840 73
203.6960 203.7600 69
203.7920 203.8240 70
203.8560 204.0160 71
204.0480 204.2720 70
204.3040 204.8160 68
204.9440 204.9760 68
205.0080 205.0720 69
205.1040 205.2320 70
205.3920 205.5520 68
205.5840 205.8720 67
205.9040 206.3200 66
206.6400 206.8000 68
206.8320 206.9920 70
207.0240 207.3120 68
207.5040 208.0160 66
208.3680 208.4000 68
208.4320 208.4960 69
208.5280 208.7520 70
208.7840 209.2000 68
209.2320 209.3920 67
209.4240 210.5120 68
210.9600 210.9920 68
211.0240 211.0880 69
211.1200 211.2800 70
211.4080 211.4400 67
211.4720 211.6640 68
211.6960 212.1760 66
212.2080 212.4000 65
212.4320 214.0640 66
214.8320 214.9600 68
214.9920 215.1520 70
215.1840 215.2160 69
215.2480 215.4080 68
215.4400 215.5040 67
215.5360 216.4000 66
216.5920 216.6240 71
216.6560 216.7520 72
216.7840 216.8480 73
216.8800 217.0400 74
217.4560 217.5520 70
217.5840 217.7120 71
217.9040 218.1280 70
218.1600 218.3840 68
218.5760 218.8960 66
219.1520 219.7920 66
220.0480 220.1440 71
220.1760 220.2080 72
220.2400 220.3680 73
220.7840 221.1680 71
221.2000 221.3920 70
221.5520 221.8080 68
222.0960 222.2240 68
222.2560 222.4160 70
222.5440 222.6720 68
222.7040 222.9280 67
222.9600 223.4720 66
223.8560 223.8880 68
223.9200 224.0800 70
224.2720 224.4320 68
224.4640 224.8160 66
224.9440 225.3600 66
226.0000 226.3200 63
226.5120 226.5760 67
226.6080 226.9600 66
226.9920 227.1840 68
227.2160 227.4080 70
227.4400 228.1120 68
228.5920 228.6880 68
228.7200 228.8480 70
228.9760 229.0400 69
229.0720 229.2000 68
229.2320 230.1280 66
230.2560 230.3520 72
230.3840 230.7360 73
231.0880 231.1200 69
231.1520 231.2160 70
231.2480 231.4080 71
231.5680 231.7920 70
231.8240 232.0800 68
232.2400 232.7200 66
232.8800 233.6160 66
233.6480 233.6480 68
233.6800 233.7120 71
233.7440 234.1280 73
234.5760 234.7040 70
234.7360 234.9600 71
234.9920 235.1200 70
235.1520 235.7920 68
235.8240 236.1120 70
236.2720 236.4320 68
236.4640 236.4960 67
236.5280 237.2000 66
237.3280 237.3920 66
237.5520 237.5840 68
237.6160 237.6800 69
237.7120 237.9680 70
238.0000 238.1600 68
238.1920 238.5120 66
238.6400 238.9280 66
239.1520 239.2160 67
239.2480 239.2800 68
239.3120 239.3440 69
239.3760 239.6640 70
239.6960 239.9840 68
240.0160 240.2400 67
240.2720 241.3920 68
241.8400 241.9680 69
242.0000 242.1920 70
242.3520 242.6080 68
242.6400 243.1200 66
243.4080 243.5040 65
243.5360 246.6720 66
