8.3040 8.4960 56
8.5280 8.5920 58
8.7200 8.8800 56
8.9120 9.0720 55
9.1040 9.2000 53
9.2320 9.3920 54
9.6160 9.7120 53
10.8960 11.2800 54
11.3120 11.4400 53
13.4880 13.4880 54
14.1280 14.2560 55
14.2880 14.4800 54
14.8000 15.0560 53
16.5280 16.6560 65
16.6880 16.7200 64
16.7520 16.8160 63
19.8560 20.1120 72
20.1440 20.2400 71
21.0720 21.1680 71
21.3920 21.4560 72
21.4880 23.3440 71
23.3760 23.5360 72
23.5680 23.6000 71
23.6320 23.6320 69
24.2720 24.3040 70
24.3360 24.4960 71
24.5280 24.7200 72
24.7520 24.7840 71
24.9440 26.0000 59
26.1280 26.6080 71
26.6400 26.9280 72
26.9600 26.9600 67
27.6320 27.6640 71
27.6960 27.7600 72
28.0160 28.2720 71
28.4000 29.9040 71
29.9360 30.2560 72
30.2880 30.3200 69
30.3520 30.4480 67
30.9280 31.0880 71
31.1200 31.2160 74
31.3440 32.1760 71
32.2080 32.5280 69
32.5600 32.5920 67
33.4240 33.4560 61
33.4880 33.6160 62
33.8400 34.0320 62
34.2560 34.3200 62
34.3520 34.4160 63
34.6720 35.1200 62
35.1520 35.1840 63
35.2160 35.3760 64
35.4080 35.7920 62
36.1120 36.2080 58
36.2400 36.2720 57
36.3040 36.4000 56
36.7200 36.8800 62
36.9120 37.0400 64
37.2000 37.9360 62
37.9680 38.0320 61
38.1920 38.2880 62
38.3200 38.3840 64
38.5760 38.6400 64
38.8000 38.9280 62
39.0880 39.2480 60
39.3760 39.6000 57
40.0160 40.1760 62
40.4640 40.5600 64
40.8160 41.2320 64
41.2640 41.5200 67
41.5520 41.5520 65
41.5840 41.6160 63
41.6480 41.8400 62
41.8720 41.9680 64
42.0960 42.2880 62
42.3200 42.3520 63
42.3840 42.5120 64
42.5440 42.6080 62
42.6400 42.7040 61
42.7360 42.7680 59
42.8000 42.8320 57
42.8640 42.9600 56
43.2480 43.3440 59
43.3760 43.5360 62
43.5680 43.6000 60
43.6640 43.6960 60
43.7280 43.9200 62
43.9520 44.1120 60
44.1440 44.2400 62
44.2720 44.3680 60
44.5920 44.8160 62
44.9440 45.5200 62
45.5520 45.5840 61
45.6160 45.8400 60
46.0000 46.1600 57
46.4160 46.7680 62
46.8000 47.0880 60
47.1200 47.6000 62
47.6320 47.6960 59
47.7280 47.8560 60
47.8880 48.3680 62
48.4000 48.4640 60
48.6880 48.7520 60
48.7840 49.2000 62
49.2320 49.5520 60
49.7120 49.8720 62
50.0000 50.1280 60
50.2560 50.3840 60
50.4160 50.7360 62
50.7680 50.8000 61
50.8320 51.2480 60
51.4080 51.6320 62
51.6640 51.6960 61
51.7280 51.8240 60
51.9840 52.0480 60
52.2080 52.2400 61
52.2720 52.4320 62
53.0720 53.0720 58
53.1040 53.1040 60
53.1360 53.2320 62
53.2640 53.2960 63
53.3280 53.4560 64
53.6480 53.8720 62
53.9040 54.3200 60
54.4480 54.7360 57
54.7680 54.8000 61
54.8320 54.8960 62
54.9280 54.9600 63
54.9920 55.0880 64
55.2480 55.4080 62
55.5360 56.0160 60
56.0480 56.1440 59
56.6560 56.7200 57
56.9120 56.9760 59
57.2640 57.3600 59
57.3920 57.4880 57
57.5200 57.5840 58
57.8080 57.8720 58
58.3200 58.3840 57
58.5760 58.6720 59
58.8320 58.9600 59
59.3440 59.6960 67
59.7280 59.8880 64
59.9200 59.9840 67
60.0160 60.0800 69
60.2080 60.4960 67
60.5280 60.6240 62
60.6560 60.8800 64
60.9120 61.1040 62
61.1360 61.1680 61
61.6160 61.7760 57
61.8080 61.8720 56
62.2880 62.5120 57
62.6720 62.7360 57
63.0560 63.2480 59
63.2800 63.3760 61
63.4080 63.6000 59
63.7920 64.0480 59
64.3360 64.5920 62
64.6240 64.7200 60
64.9120 65.0720 62
65.3600 65.4560 58
65.4880 65.5520 59
65.5840 65.7440 60
65.7760 65.9360 59
65.9680 66.0640 60
66.0960 66.4480 62
66.4800 66.5760 60
66.7360 67.0240 62
67.0560 67.1840 59
67.2160 67.7280 60
67.7600 68.0800 62
68.2080 68.4960 60
68.5280 68.5920 62
68.7200 68.8160 60
68.8480 68.9440 59
68.9760 69.2960 60
69.3280 69.7440 62
69.7760 69.8400 60
70.0640 70.2240 62
70.3520 70.6400 60
70.8960 70.9600 68
70.9920 71.0880 71
71.1200 71.5360 72
71.7280 72.4000 71
72.4960 72.8800 71
72.9120 72.9120 69
73.3920 73.5200 71
73.7120 73.8720 72
73.9360 74.0640 74
74.0960 74.1600 72
74.1920 74.9280 71
75.1520 76.0160 71
76.0480 76.2400 72
76.2720 76.2720 70
76.3040 76.3040 67
76.6560 76.7200 62
76.7520 76.8160 63
77.0080 77.2000 71
77.3280 77.4240 71
77.4560 77.4880 70
77.6480 78.2560 71
78.4800 78.4800 71
78.5760 79.2480 71
79.2800 79.5360 72
79.5680 79.6000 71
79.6320 79.6320 67
79.7280 79.7600 65
79.8240 79.9840 63
80.6880 82.5440 71
82.5760 82.8960 72
82.9280 82.9280 70
82.9600 82.9920 68
83.0560 83.1200 67
83.6000 83.6640 71
83.6960 83.7600 72
83.7920 83.8560 74
83.8880 84.4000 71
84.4320 84.5280 70
84.5600 84.8480 71
84.8800 85.1680 69
85.2000 85.2000 67
85.4560 85.6480 57
85.6800 85.7440 58
85.7760 85.8400 60
86.0960 86.2880 62
86.5120 87.0880 62
87.1200 87.1840 64
87.3440 87.5040 62
87.5360 88.0800 60
88.1120 88.2400 59
88.2720 88.4000 58
88.4320 88.4960 59
88.5280 88.5600 61
88.5920 88.7200 62
88.7520 88.8480 63
88.9760 89.1040 62
89.1360 89.1680 61
89.2000 89.7440 60
89.7760 89.8080 59
91.8880 91.9520 58
91.9840 92.2720 57
92.3040 92.3360 59
92.3680 92.4320 60
92.6880 92.8480 62
93.1040 93.6480 62
93.6800 93.7440 63
93.9040 94.0960 62
94.1280 94.6720 60
94.7040 94.8320 59
94.8640 94.9600 58
94.9920 95.0240 59
95.0560 95.0880 60
95.1200 95.1520 61
95.1840 95.2800 62
95.3120 95.4080 63
95.5680 95.7280 62
95.7600 96.2080 60
96.2400 96.4960 59
96.8160 96.9120 64
97.2000 97.3280 70
97.3600 97.5520 71
97.5840 97.7120 70
99.1840 99.2160 59
99.2480 99.3120 60
99.3440 99.4400 62
99.4720 99.5360 63
99.6960 100.1760 62
100.2080 100.2720 64
100.4640 101.0400 62
101.0720 101.1360 63
101.2960 101.4560 62
101.4880 101.8400 60
101.9680 102.1280 57
102.5440 102.7040 62
102.7360 102.9280 64
102.9600 102.9600 62
103.2480 103.3760 64
103.6000 103.7920 62
104.2400 104.3040 62
104.3360 104.5920 60
104.6240 104.7520 62
104.7840 104.9120 59
104.9440 105.1040 60
105.1360 105.1680 58
105.2000 105.5200 57
105.8400 105.8720 63
105.9040 106.0320 64
106.2560 107.0240 64
107.0560 107.3760 67
107.4080 107.6320 62
107.6640 107.8240 64
107.8560 108.1440 62
108.1760 108.3360 64
108.4640 108.5280 60
108.5600 108.6240 59
108.6560 108.6560 57
108.9120 109.0720 59
109.1040 109.2640 62
109.2960 109.6160 60
109.6480 110.1280 62
110.1600 110.4800 60
110.5120 110.9280 62
110.9600 111.0880 64
111.1200 111.3760 62
111.4080 111.8880 60
111.9200 112.1120 57
112.4320 112.4960 62
112.5280 112.7200 60
112.8480 112.9120 60
112.9440 113.0080 62
113.1680 113.3280 62
113.3600 113.7760 60
113.9040 114.1600 62
114.1920 114.2240 61
114.2560 114.5120 60
114.5440 115.0560 62
115.0880 115.1520 59
115.3440 115.4080 60
115.4400 115.7600 62
115.8880 115.9840 60
116.0160 116.1440 59
116.1760 116.5280 62
116.6880 117.0720 60
117.2320 117.3920 62
117.5200 117.9360 60
118.0640 118.2560 62
118.8960 118.9280 61
118.9600 119.1520 62
119.1840 119.3760 64
119.4080 119.5680 62
119.6000 120.1440 60
120.1760 120.3680 57
120.4960 120.4960 60
120.5280 120.6880 62
120.7840 120.8800 63
121.0720 121.2960 62
121.3280 121.3600 60
121.3920 121.4240 59
121.6800 121.7760 60
121.9040 122.0000 57
122.0320 122.4160 59
122.4480 122.7680 57
122.8000 122.9280 59
122.9600 123.3440 57
123.5680 123.6000 58
123.6320 124.0480 59
124.0800 124.1760 57
124.4320 124.5280 59
124.5600 124.6560 58
124.6880 124.9440 60
125.1680 125.4880 67
125.5200 125.7120 64
125.7440 125.7760 67
125.8080 125.9040 69
125.9360 126.3200 67
126.3520 126.4480 63
126.4800 126.6720 64
126.8000 126.9280 62
126.9600 126.9920 61
127.4080 127.6640 57
127.6960 127.7280 56
128.0800 128.3360 57
128.4960 128.6240 58
128.8480 129.0400 59
129.2320 129.3920 59
129.5840 129.6800 59
129.7120 129.8080 60
129.8400 129.8720 59
130.1280 130.4800 62
130.5120 130.5440 60
130.7360 130.9280 62
131.1520 131.1840 58
131.2160 131.4400 59
131.4720 131.5680 60
131.6000 131.7600 59
131.7920 131.8880 60
131.9200 132.2720 62
132.3040 132.3360 60
132.5280 132.8160 62
132.9440 132.9760 59
133.0080 133.5520 60
133.5840 133.9040 62
133.9360 134.0000 59
134.0320 134.3200 60
134.3520 134.4160 62
134.5440 134.6400 60
134.6720 134.7680 59
134.8000 135.1200 60
135.1520 135.5680 62
135.6000 135.6000 60
135.8880 136.0480 62
136.1760 136.2720 60
136.4000 136.4640 60
136.7200 136.7840 69
136.8160 136.9120 71
136.9440 137.3600 72
137.5520 138.1920 71
138.3200 138.7040 71
139.5360 139.6960 72
139.8560 139.9520 72
139.9840 140.0160 71
140.1120 140.7840 71
140.9760 141.8080 71
141.8400 142.0640 72
142.8000 142.9920 71
143.1200 143.1840 72
143.2160 143.3120 71
143.5680 144.0800 71
144.2400 145.0720 71
145.1040 145.3920 72
145.4240 145.4240 70
145.4560 145.4560 67
146.1600 146.1600 70
146.1920 146.2240 72
146.5120 148.3680 71
148.4000 148.7200 72
148.7520 148.8160 69
148.8480 148.9120 67
149.3600 149.3920 70
149.4240 149.4880 71
149.5200 149.5520 72
149.5840 149.6800 74
149.7120 150.2240 71
150.2560 150.3520 70
150.3840 150.6400 71
150.6720 150.9920 69
151.4400 151.4400 70
151.4720 151.7600 72
151.7920 151.8560 71
152.6880 152.7520 70
153.0080 153.1040 72
153.1360 153.1680 71
153.2960 154.9920 71
155.0240 155.2160 72
155.2480 155.2480 70
155.9840 156.1120 71
156.1440 156.2080 72
156.2400 156.2720 74
156.3040 156.4000 72
156.4320 156.4320 70
156.6240 157.2640 71
157.3920 158.2240 71
158.2560 158.5760 72
158.8960 159.1200 63
159.2800 159.3440 65
159.6640 161.1680 71
161.2960 161.5200 71
161.5520 161.8400 72
161.8720 161.9040 71
161.9360 161.9360 69
161.9680 162.1280 67
162.5440 162.5760 69
162.6080 162.6400 71
162.6720 162.7360 72
162.7680 162.8640 74
162.8960 163.7920 71
163.8240 164.1760 69
164.2080 164.2080 67
164.6560 165.2320 57
165.2640 165.2640 59
165.2960 165.4240 62
165.4560 165.9360 64
166.1920 166.5120 62
166.8960 167.0240 60
167.0560 167.3120 59
167.7280 168.7200 59
168.9120 169.2320 57
169.3600 169.4560 57
169.5840 169.9360 60
169.9680 170.1280 59
170.1600 170.3520 57
170.3840 170.6720 56
170.8640 171.0560 55
171.2800 171.6000 57
171.7920 171.9520 62
171.9840 172.6880 64
172.8160 173.2960 62
174.2880 175.4080 59
175.4400 175.4720 58
175.5040 176.0480 57
176.1760 176.3680 59
176.4000 176.5920 60
176.6240 176.6880 59
176.8480 176.9440 57
176.9760 177.0080 56
177.0400 177.5520 55
177.8400 178.0320 57
178.4160 178.5760 62
178.6080 179.2480 64
179.4080 179.7600 67
180.0800 180.1440 62
180.1760 180.2720 63
180.3040 180.5920 62
180.7200 180.8480 62
180.8800 181.1360 60
181.1680 181.9040 59
182.0960 182.4160 57
182.5440 182.6080 57
182.7680 182.8000 59
182.8320 183.1200 60
183.1520 183.3120 59
183.3440 183.5360 57
184.4640 184.9440 57
184.9760 185.0080 61
185.0400 185.1360 62
185.1680 185.2320 64
185.4560 185.8400 64
186.0320 186.4160 62
187.4720 187.5040 59
187.5360 187.6640 60
187.6960 188.4960 59
188.6560 188.9440 57
189.3600 189.7120 60
189.7440 189.7760 59
190.0000 190.1600 57
190.1920 190.2880 56
190.9600 190.9600 70
190.9920 191.1840 72
191.2160 191.3760 71
192.1760 192.2400 71
192.3680 192.5920 62
192.7840 193.3920 71
193.6480 194.4800 71
194.5120 194.6720 72
194.7040 194.7360 71
195.4720 195.6320 71
195.7280 195.8240 74
195.8560 195.9520 70
196.1120 196.7520 71
196.8800 197.7120 71
197.7440 198.0640 72
198.4160 198.4160 63
198.5120 198.5120 65
198.8000 198.8320 71
198.8640 198.9280 74
199.1520 199.4400 71
199.5360 201.0400 71
201.0720 201.3280 72
201.3600 201.3920 71
201.4240 201.4560 69
201.4880 201.6160 67
202.0320 202.1280 71
202.1600 202.2240 72
202.2560 202.4160 74
202.4480 203.3120 71
203.3440 203.7920 69
204.1120 204.4000 72
204.4320 204.5920 71
205.3600 205.4560 71
205.5840 205.9040 72
205.9360 206.5760 71
206.8000 207.6320 71
207.6640 207.8880 72
207.9200 207.9200 69
208.6560 208.8160 71
208.9760 209.1040 71
209.2960 209.3280 70
209.3600 209.9040 71
210.0640 210.8960 71
210.9280 211.2160 72
211.2480 211.2480 70
211.6000 211.6640 63
212.3360 212.5600 71
212.6880 214.1920 71
214.2240 214.4800 72
214.5120 214.5760 71
214.6080 214.6400 67
214.7040 214.7360 67
215.1840 215.2160 70
215.2480 215.2800 71
215.3120 215.4080 72
215.4400 215.5040 74
215.6320 216.0480 71
216.0800 216.1760 70
216.2080 216.4640 71
216.4960 216.8160 69
216.8480 216.8480 67
217.1040 217.3280 57
217.3600 217.3920 59
217.4240 217.4880 60
217.7440 217.9040 62
218.1600 218.7040 62
218.7360 218.8000 63
218.9600 219.1520 62
219.1840 219.7280 60
219.7600 219.8560 59
219.8880 220.0480 58
220.0800 220.1760 59
220.3680 220.4640 62
220.6240 220.7520 62
220.7840 220.8160 61
220.8480 221.3600 60
221.3920 221.5200 59
221.5520 221.5840 58
223.6000 223.9200 57
223.9520 224.0800 60
224.3040 224.4960 62
224.7200 225.2960 62
225.3280 225.3920 63
225.5520 225.7120 62
225.7440 226.2880 60
226.3200 226.4800 59
226.5120 226.6080 58
226.6400 226.6720 59
226.7040 226.7680 60
226.8000 226.8320 61
226.8640 227.0560 62
227.1840 227.3120 62
227.3440 227.4080 61
227.4400 228.1120 60
229.2960 229.3600 60
