18.7040 19.0560 51
19.1840 19.1840 57
19.2160 19.3120 61
19.3440 19.4720 63
19.6320 20.3360 63
20.4960 20.6560 60
20.6880 21.1360 62
21.1680 21.1680 60
21.2000 21.2640 58
21.2960 21.3280 57
21.4880 21.7440 58
22.3840 22.4800 58
22.5120 22.6400 60
22.6720 22.7360 59
22.7680 22.8960 58
22.9280 23.1200 59
23.1520 23.5040 58
23.5360 23.9840 56
24.0160 24.9440 58
26.0960 26.3840 51
26.4160 26.4800 52
26.5120 26.5120 54
26.5440 26.5440 56
26.5760 26.5760 58
26.6080 26.7040 62
26.7360 27.6320 63
27.8560 28.0160 61
28.0480 28.4640 62
29.4240 29.6160 58
29.8080 29.8400 58
29.8720 29.9040 59
29.9360 30.4800 60
33.4880 33.8400 51
33.8720 33.8720 53
33.9040 33.9040 57
33.9360 34.0320 61
34.0640 34.6720 63
34.8320 35.2800 63
35.3120 35.5040 60
35.5360 35.9200 62
35.9520 35.9520 60
35.9840 36.6240 58
37.2000 37.2960 58
37.3280 37.5200 60
37.5520 37.7120 58
37.7440 37.8720 60
37.9040 38.3520 58
38.5760 38.7360 56
38.7680 39.6000 58
40.3040 40.5280 55
40.5600 40.6560 52
40.8480 41.1360 51
41.3280 41.3920 61
41.4240 41.6160 62
41.7440 42.1920 63
42.2240 42.4480 65
42.4800 42.6720 67
42.7040 42.7680 66
42.8000 42.8640 65
42.8960 43.2480 63
43.2800 43.8240 62
43.9520 44.4640 58
44.4960 44.5600 61
44.5920 44.6560 62
44.6880 45.2960 63
45.9680 46.1280 60
46.1600 46.3520 62
46.3840 46.6080 63
46.6400 47.1200 62
47.1520 47.4720 63
47.5040 48.0480 58
48.2720 48.5600 63
48.5920 50.1280 65
52.3040 52.3360 65
52.3680 52.4320 66
52.4640 52.5600 67
52.5920 52.7520 66
52.7840 53.0720 67
53.1040 53.4560 65
53.4880 53.9040 63
53.9360 54.0640 65
54.0960 54.5440 60
54.5760 55.5040 63
55.9840 55.9840 63
56.0160 56.1440 65
56.1760 56.3040 67
56.3360 56.4960 65
56.5280 56.7520 67
56.7840 57.1680 65
57.2000 57.5840 63
57.6160 57.9040 65
57.9360 58.1280 63
58.3520 59.0880 58
59.1200 59.1520 57
59.8240 59.8560 66
59.8880 59.9520 67
60.0800 60.1760 65
60.2080 60.4320 67
60.4640 60.9120 65
60.9440 61.0080 63
61.0400 61.0720 62
61.2000 61.2960 63
61.3280 61.4880 65
61.6480 61.9040 60
61.9360 62.3840 63
62.7680 62.8960 63
63.0240 63.1200 62
63.1520 63.3440 63
63.3760 63.6320 62
63.7600 63.8560 60
63.8880 64.0800 62
64.1120 64.5600 60
64.5920 64.7840 59
64.8160 65.0080 60
65.0400 65.0720 59
65.1040 65.4560 58
65.6480 66.5120 58
67.0880 67.1520 67
67.1840 67.2800 65
67.3120 67.3760 67
67.4080 67.5680 66
67.6000 67.8880 67
67.9200 68.1760 66
68.2080 68.2720 65
68.3040 68.7200 63
68.7520 68.8800 65
68.9120 68.9440 62
68.9760 69.3280 60
69.3600 69.3920 62
69.4240 70.3200 63
70.8640 70.9600 61
70.9920 71.7280 62
71.7600 71.9520 63
71.9840 72.1120 65
72.1440 72.1440 63
72.3360 72.4320 58
72.4640 72.4960 56
72.5280 72.9440 55
72.9760 73.0400 57
73.0720 73.3920 58
73.4240 73.6480 63
73.6800 73.8080 65
73.8400 74.4160 63
75.0560 75.1200 56
75.1520 75.2800 58
75.4400 75.6640 56
75.6960 75.9200 55
75.9520 76.2400 56
76.4320 76.6240 63
76.6560 76.7840 62
76.8160 77.5840 63
78.7040 78.8000 56
78.8320 78.9600 58
79.1200 79.9200 56
80.0800 80.2400 65
80.2720 80.4960 63
80.5280 81.3280 65
82.1920 82.2560 62
82.2880 82.7040 63
82.9920 83.5040 62
83.5360 84.8160 63
87.0240 87.3440 51
87.4720 87.4720 56
87.5040 87.5040 59
87.5360 87.6000 61
87.6320 87.7920 63
87.9520 88.6240 63
88.8160 88.9440 60
88.9760 89.4560 62
89.4880 89.6480 58
89.7760 90.0960 58
90.7680 90.8640 59
90.8960 91.0880 60
91.1200 91.2800 59
91.3120 91.4400 60
91.4720 91.8240 58
91.8560 92.2720 56
92.3040 93.4880 58
94.3840 94.4800 52
94.5120 94.5440 54
94.5760 94.8320 55
94.8640 94.8640 58
94.8960 94.9920 61
95.0240 95.9840 63
96.2080 96.3040 61
96.3360 97.2320 62
97.6160 97.6800 68
97.7120 97.8080 63
97.8400 97.9680 62
98.0000 98.1920 59
98.2240 99.1200 60
100.1120 100.1760 61
100.2080 100.3360 60
100.3680 100.4320 58
100.4640 100.8160 56
101.7760 102.0320 51
102.0640 102.1600 52
102.1920 102.1920 55
102.2240 102.2240 58
102.2560 102.3200 60
102.3520 103.3440 63
103.3760 103.5360 65
103.5680 103.5680 63
103.6000 103.7600 60
103.7920 104.2720 62
104.3040 105.0080 58
105.4880 105.4880 53
105.5200 105.5840 57
105.6160 105.8720 60
105.9040 105.9360 62
105.9680 106.4160 63
106.4480 106.5760 65
106.6080 106.7360 63
106.8960 107.0560 63
107.0880 107.0880 60
107.1200 108.0480 58
108.5920 108.9440 54
109.1360 109.4240 51
109.5840 109.5840 59
109.6160 109.6800 61
109.7120 109.7440 62
109.7760 109.8720 63
110.0320 110.4480 63
110.4800 110.7040 65
110.7360 111.0240 67
111.0560 111.1840 65
111.2160 111.3120 63
111.3440 111.4080 67
111.4400 111.6000 63
111.6320 112.0800 62
112.1120 112.2720 60
112.3040 112.6240 58
112.6560 112.8480 62
112.8800 113.7120 63
114.3200 114.4800 60
114.5120 114.6720 62
114.7040 115.2160 63
115.2480 115.4400 62
115.4720 115.7600 63
115.8880 116.3360 58
116.5600 116.6240 64
116.6560 116.8160 65
116.8480 117.0080 67
117.0400 117.4560 65
117.4880 117.7120 70
117.7440 117.7760 65
117.8080 117.8080 70
117.8400 118.2880 65
118.7360 118.8000 70
118.8320 119.2160 66
119.2480 119.5360 67
119.5680 119.6960 66
119.7280 119.8880 65
119.9200 120.2400 63
120.2720 120.3360 64
120.3680 120.4960 65
120.5280 120.5920 61
120.6240 120.9760 60
121.0080 122.0640 63
122.0960 122.1600 65
122.4160 122.5120 65
122.5440 122.6080 66
122.6400 122.7680 67
122.8000 122.9280 66
122.9600 123.2480 67
123.2800 123.6000 65
123.6320 124.0160 63
124.0480 124.3040 65
124.3360 124.5600 63
124.7840 125.0080 58
125.0400 125.2640 57
125.2960 125.6480 58
126.2560 126.3200 65
126.3520 126.4480 67
126.5760 126.6720 65
126.7040 126.9920 67
127.0240 127.3760 65
127.4080 127.5360 63
127.5680 127.6640 62
127.6960 127.7600 63
127.7920 127.9200 65
127.9520 127.9840 64
128.1120 128.4000 60
128.4320 128.9760 63
129.0080 129.0400 62
129.1040 129.1360 62
129.1680 129.3600 63
129.4880 129.5840 62
129.6160 129.7760 63
129.8080 130.6080 62
130.6400 131.5040 60
131.5360 131.8880 58
132.0800 132.6560 58
132.6880 132.8160 60
132.8480 133.0720 63
133.1040 133.1680 65
133.2000 133.5200 68
133.5520 134.3520 67
134.3840 134.7040 65
134.7360 135.0880 63
135.1200 135.2800 65
135.3120 135.3440 61
135.3760 135.7280 60
135.7600 136.5920 63
136.6240 137.0400 62
137.1040 137.1040 62
137.3600 137.3920 60
137.4240 138.2560 62
138.2880 138.4480 63
138.4800 138.5760 65
138.7360 138.9280 58
138.9600 138.9920 57
139.0240 139.0560 56
139.0880 139.2800 55
139.3120 139.4080 56
139.4400 139.5040 57
139.5360 139.8240 58
139.8560 140.0480 63
140.0800 140.2400 65
140.3680 140.9440 63
141.4880 141.5840 57
141.6160 141.7440 58
141.9040 142.7040 56
142.8320 143.0560 63
143.0880 143.1200 61
143.1520 143.3440 62
143.3760 144.2400 63
144.9440 145.0080 58
145.2000 145.2960 56
145.3280 145.4240 58
145.6160 146.3840 56
146.5440 146.7040 65
146.7360 146.9280 63
146.9600 146.9920 64
147.0240 147.8880 65
148.2720 148.3040 67
148.3360 148.4960 62
148.5280 148.9760 63
149.0080 149.5520 62
149.5840 149.8080 63
149.8400 150.0000 65
150.0320 151.7920 63
151.8240 151.9200 62
152.9120 152.9760 67
153.0080 153.2320 63
153.2640 153.4560 62
153.4880 154.7040 63
154.7360 154.7680 62
154.8960 155.2800 62
155.3120 155.4400 63
155.4720 155.9840 65
156.0160 156.0480 64
156.5600 156.9120 63
156.9440 157.3280 65
157.3600 157.6160 67
157.6480 157.8080 65
157.9680 158.3200 63
158.3520 158.4480 62
158.5760 158.7040 58
158.8320 159.0240 58
159.0560 159.7600 60
160.1760 160.2080 54
160.2400 160.4000 57
160.4320 160.6560 56
160.6880 160.8480 55
160.8800 161.2640 56
161.2960 161.2960 59
161.3280 161.9360 63
162.2560 162.6720 55
162.7040 162.9920 56
163.1840 163.4400 63
163.4720 163.6320 65
163.6640 163.8240 67
163.8560 164.3360 63
164.3680 164.4960 65
164.5280 164.5600 64
164.5920 164.7200 63
164.7520 167.7920 65
168.7520 168.7840 65
168.8160 169.2000 66
169.2320 169.4240 67
169.4560 169.4880 66
169.5200 169.6160 65
169.6480 169.8080 66
169.8400 170.1920 63
170.2240 170.3840 65
170.4160 170.4160 62
170.4480 170.8320 60
170.8640 171.5360 63
172.4640 172.6880 67
172.7200 172.8160 65
172.8480 173.1680 67
173.2960 173.4880 65
173.5200 173.6800 63
173.8080 173.9040 63
173.9360 174.1280 65
174.2880 174.4800 63
174.7040 174.9920 58
175.0240 175.2160 57
175.2480 175.5360 56
175.6640 175.7280 53
176.1440 176.2720 66
176.4000 176.4960 65
176.5280 176.7520 67
176.7840 177.2000 65
177.2320 177.3600 63
177.4880 177.5840 63
177.6160 177.7440 65
177.7760 177.8080 62
177.8400 178.2560 60
178.2880 178.3200 62
178.3520 178.7040 63
179.0560 179.2160 63
179.3440 179.4400 62
179.4720 179.7280 63
179.7600 179.9520 62
180.0800 180.2080 60
180.2400 180.4320 62
180.4640 180.5920 60
180.6240 180.7200 62
180.7520 180.9120 60
180.9440 181.1040 58
181.1360 181.6480 60
181.6800 181.7760 61
181.9040 181.9680 61
182.0000 182.0640 60
182.0960 182.8000 58
183.0240 183.0880 59
183.2480 183.2480 63
183.2800 183.3760 65
183.4080 183.6320 67
183.6640 183.8240 65
183.8560 184.4640 67
184.4960 184.5920 65
184.6240 185.0080 63
185.0400 185.1360 65
185.1680 185.2000 62
185.2320 185.5840 60
185.6160 186.0000 63
186.0320 186.0640 64
186.0960 186.1280 65
186.1600 186.5120 67
186.5440 186.7040 66
187.1840 187.2480 61
187.2800 188.0480 62
188.0800 188.2720 63
188.3040 188.4000 65
188.5600 188.5920 66
188.6240 188.6880 67
188.7200 188.9120 68
188.9440 189.1680 67
189.2000 189.7120 65
189.7440 189.8400 68
189.8720 190.1280 70
190.1600 190.2560 66
190.2880 190.4800 67
190.5120 190.5760 65
190.6080 190.8640 63
190.8960 190.9600 61
191.4080 191.4400 56
191.4720 191.6320 57
191.8240 192.0160 56
192.0480 192.1760 55
192.2080 192.5920 56
192.7520 192.9440 63
192.9760 193.1680 62
193.2000 194.1280 63
195.0560 195.1200 56
195.1520 195.2800 58
195.4400 196.1120 56
196.4000 196.6560 65
196.6880 196.8480 63
196.8800 197.6800 65
197.7120 197.7440 64
198.7040 198.8960 62
198.9280 199.1200 63
199.2480 199.7600 62
199.7920 201.6800 63
202.5120 202.6080 56
202.6400 202.7360 58
202.9600 203.6960 56
203.9840 205.0080 63
206.1600 206.2560 56
206.2880 206.3840 58
206.5760 206.7680 56
206.8000 207.0880 55
207.1200 207.3760 56
207.6000 207.7920 65
207.9520 208.0800 63
208.1120 208.7200 65
210.0960 210.7680 63
211.7280 211.7920 63
211.8240 211.8880 60
211.9200 212.3360 62
212.3680 212.4960 63
212.5280 212.6880 65
212.7200 214.7680 63
