27.5360 27.7280 59
27.7600 27.9200 61
28.1120 28.5920 59
30.3200 30.5120 59
30.5440 30.7680 61
30.8000 31.3440 59
31.3760 31.6640 61
31.6960 31.8880 63
31.9200 33.1040 64
34.3200 34.3520 57
34.3840 34.4160 60
34.4480 34.5120 61
34.6400 34.8640 61
34.8960 34.9600 58
34.9920 35.0240 57
35.4720 35.9840 57
37.6160 37.7760 59
37.8080 38.0320 61
38.0640 38.5760 59
38.6080 38.7680 61
38.8000 39.2800 59
39.3120 39.7600 61
39.7920 39.9840 62
40.0160 40.1440 64
40.3360 40.7200 61
42.3200 42.3520 58
42.3840 42.4480 60
42.4800 42.8640 61
43.1840 43.3760 57
43.4080 43.5360 59
43.6960 44.3360 57
45.5840 45.8080 59
45.8400 46.0000 61
46.0320 46.5440 59
46.5760 46.7360 61
46.7680 47.0560 59
47.0880 47.4400 61
47.6000 48.3680 64
48.4000 48.5920 66
48.6240 48.8160 64
49.7760 50.1280 64
50.2560 50.4160 68
50.4480 50.6400 69
50.7680 51.1200 69
51.3120 51.9520 64
52.0800 52.2720 64
52.3040 52.4320 66
52.4640 52.4640 64
52.5920 52.9440 57
53.8080 54.2240 57
54.2560 54.3840 58
54.4160 54.9600 59
54.9920 55.2480 57
55.2800 55.6960 59
55.7280 55.8560 61
56.0160 56.1760 59
56.2080 56.2720 60
56.5280 57.0400 59
57.7440 58.1920 68
58.2240 58.3200 67
58.3520 58.4480 66
58.6080 58.8960 64
59.0880 59.1520 61
59.2800 59.7280 64
59.7600 59.9200 66
59.9520 60.2400 64
60.2720 60.4320 66
60.5920 60.8480 64
65.3280 66.2880 73
66.3200 66.4480 75
66.4800 66.7360 76
66.7680 66.8320 75
66.8640 67.5040 73
67.5360 68.1120 71
68.2400 68.3680 71
68.4000 68.4640 73
68.4960 69.0400 71
69.0720 69.2320 73
70.8320 70.9280 64
71.1200 71.5360 64
71.5680 71.6640 66
71.7920 71.9840 69
72.0160 72.2400 66
72.3680 72.4640 69
72.4960 73.0720 71
73.1040 73.3280 73
73.3600 73.4560 75
73.4880 73.6480 76
73.6800 73.8720 72
73.9040 74.0640 73
74.0960 74.3840 69
74.8000 74.9280 73
74.9600 75.0240 71
75.0560 75.4080 73
75.4400 75.5680 75
75.6960 76.2720 73
76.3040 77.3600 71
77.5200 77.7440 69
77.7760 78.0000 71
78.0320 78.1920 73
78.2240 78.7040 71
79.2800 79.3760 70
79.4080 79.8240 71
79.8560 80.5280 69
80.5600 80.7520 71
81.2640 81.4880 71
81.6480 82.0960 73
82.1280 82.2880 76
82.3200 82.8000 71
82.8320 83.3440 73
83.3760 83.5360 76
83.5680 83.9840 73
84.0160 85.0080 71
85.0400 85.2640 73
86.8000 86.9600 63
87.0880 87.5040 64
87.5360 87.6640 66
87.7920 87.9840 69
88.0160 88.2080 66
88.3680 88.4960 69
88.5280 88.9760 71
89.1040 89.2640 73
89.3920 89.5200 74
89.5520 89.6800 76
89.7120 89.9360 71
89.9680 90.0960 73
90.1280 90.4480 69
90.8000 90.9600 73
91.0880 91.2800 73
91.3120 91.4400 74
91.4720 91.5680 75
91.6960 92.2400 73
92.2720 93.4880 71
93.5200 93.7440 69
93.7760 94.0000 71
94.0320 94.1920 73
94.2240 94.7040 71
95.2480 95.3440 70
95.3760 95.7600 71
95.7920 95.8560 70
95.8880 96.5280 69
96.5600 96.7200 71
97.2640 97.5200 71
97.6480 98.1920 73
98.2240 98.3520 76
98.3840 98.4160 73
98.4480 99.5360 71
100.2720 101.0720 71
101.1040 102.2880 73
102.3200 103.0240 71
103.0560 103.0880 72
103.1200 104.2400 73
104.2720 104.2720 71
104.3040 105.0720 68
105.1040 106.5760 69
108.3040 109.0720 71
109.1040 109.1680 72
109.2000 110.3200 73
110.3520 111.0880 71
111.1200 112.2720 73
112.3040 112.3680 69
112.4000 113.0720 68
113.1040 114.1600 66
114.2880 114.3520 67
116.1120 116.2400 69
116.9760 117.2000 68
117.3600 117.4880 68
117.7440 117.8080 67
118.1280 118.3840 68
122.7040 122.8000 57
122.9280 123.0560 57
123.6000 123.8240 59
123.8560 124.0160 61
124.0480 124.5280 59
124.5600 124.7520 61
124.7840 125.0720 59
125.1040 125.4560 61
125.6160 126.3200 64
126.3520 126.5760 66
126.6080 127.0240 64
127.7920 128.2400 64
128.2720 128.4320 68
128.4640 128.6560 69
128.7840 129.1360 69
129.2960 129.9360 64
130.0640 130.3200 64
130.3520 130.4160 66
130.5440 131.2480 57
131.7920 132.1760 57
132.3040 132.4000 57
132.4320 132.9120 59
132.9440 132.9760 58
133.0080 133.2000 57
133.2320 133.2640 58
133.2960 133.7120 59
133.7440 133.8720 61
134.0320 134.2560 59
134.5440 135.0560 59
135.7280 135.7920 68
135.8240 136.0160 69
136.0480 136.2080 68
136.2400 136.3040 67
136.3360 136.4640 66
136.5920 136.9440 64
137.0720 137.2320 61
137.3280 137.7440 64
137.7760 137.9680 66
138.0000 138.1600 64
138.1920 138.3520 66
138.4800 138.5120 66
138.5440 138.8640 67
138.8960 140.2080 64
141.2960 141.4240 72
141.4560 142.2560 73
142.2880 142.5120 75
142.5440 142.8320 76
142.8640 142.9280 74
142.9600 143.5040 73
143.5360 144.1440 71
144.2720 144.3680 71
144.4000 144.4960 73
144.5280 145.0720 71
145.1040 145.2640 73
145.4560 146.0640 64
146.8320 146.8960 64
147.0560 147.4720 64
147.5040 147.7280 66
147.7600 147.9200 69
147.9520 148.1440 66
148.3040 148.4320 69
148.4640 149.0080 71
149.0400 149.2960 73
149.3280 149.5840 75
149.7120 149.7440 71
149.7760 150.0000 73
150.0320 150.3520 69
150.7360 151.3760 73
151.4080 151.5040 76
151.6320 152.2400 73
152.2720 153.4560 71
153.4880 153.6800 69
153.7120 154.0000 71
154.0320 154.1600 73
154.1920 154.7680 71
155.2480 155.3760 70
155.4080 155.7600 71
155.7920 156.4320 69
156.4640 156.7200 71
157.2640 157.6160 71
157.6480 158.0960 73
158.1280 158.2240 76
158.2560 158.7680 71
158.8000 159.2800 73
159.3120 159.5040 76
159.5360 159.7280 73
159.7600 159.9520 74
159.9840 160.3680 71
160.4000 160.4960 73
160.5280 161.0720 71
161.1040 161.2640 73
161.2960 161.2960 71
161.3280 161.3280 69
161.3600 161.3600 66
161.3920 162.0320 64
162.8320 162.8960 63
163.0560 163.4720 64
163.5040 163.6320 66
163.7600 163.9520 69
163.9840 164.1440 66
164.3040 164.3360 69
164.3680 164.4320 70
164.4640 164.9440 71
165.0720 165.2640 73
165.2960 165.4240 74
165.4560 165.6480 75
165.6800 166.0320 72
166.0640 166.2880 69
166.7680 167.4080 73
167.4400 167.5040 75
167.6640 168.2400 73
168.2720 169.4880 71
169.5200 169.7440 69
169.7760 170.0000 71
170.0320 170.1920 73
170.2240 170.8320 71
171.2800 171.3440 70
171.3760 171.7280 71
171.7600 171.9200 70
171.9520 172.5280 69
172.5600 172.7840 71
173.2640 173.6480 71
173.6800 174.2240 73
174.2560 174.3840 76
174.4160 174.5120 75
174.5440 175.8880 71
176.2400 177.0400 71
177.0720 178.2560 73
178.2880 179.0560 71
179.0880 180.2720 73
180.3040 180.3360 69
180.3680 180.4320 68
180.5600 180.7520 68
180.7840 181.0080 67
181.0400 182.9280 69
184.2720 185.0720 71
185.1040 186.2880 73
186.3200 186.9920 71
187.0240 188.2720 73
188.3040 188.3360 71
188.3680 189.3280 68
189.3600 190.2560 66
192.2400 193.0720 71
193.1040 194.2560 73
194.2880 195.0240 71
195.0560 196.2720 73
196.3040 197.0400 68
197.0720 198.7040 69
200.2720 201.0400 71
201.0720 202.2880 73
202.3200 203.0560 71
203.0880 203.7920 73
203.8240 203.9520 75
203.9840 204.1760 76
204.2080 204.2720 75
204.3040 205.2960 68
205.3280 206.2560 66
206.2880 206.3200 65
206.3520 206.3840 63
208.7520 208.8160 69
208.8480 208.9120 71
209.0720 209.3600 69
209.3920 209.4880 71
209.6160 210.3520 69
210.3840 210.5120 71
210.5440 210.7680 69
210.8000 210.9920 71
211.0240 211.2160 69
211.2480 211.2800 70
211.3120 211.7920 71
211.8240 211.9520 73
212.1440 212.2400 69
212.4640 212.8160 69
216.5600 216.8800 69
216.9120 217.0720 71
217.1040 217.2960 69
217.3280 217.3920 70
217.4240 217.5840 71
217.7440 217.8720 70
217.9040 219.3440 69
219.3760 219.5680 71
219.6000 220.0480 69
220.0800 220.8800 66
221.0720 221.0720 74
221.1040 221.1360 77
221.2000 221.2320 78
221.2960 221.3600 79
222.1600 222.1600 68
222.2560 222.3840 69
222.6080 222.8640 68
224.7520 224.7840 68
224.8160 224.9440 71
225.0720 225.3280 69
225.3600 225.4880 71
225.5200 226.2880 69
226.3200 226.5120 71
226.5440 226.7680 69
226.8000 226.9920 71
227.0240 227.2800 69
227.3120 227.7280 71
227.7600 227.9840 73
228.0160 228.4640 69
228.4960 228.7520 64
228.7840 231.1520 66
231.1840 231.4400 62
231.4720 231.7600 64
232.5600 232.6240 63
232.7840 232.8160 64
232.8480 232.8800 65
232.9120 233.0400 66
233.0720 233.5200 64
233.6480 233.9680 61
234.0960 234.2240 59
234.2560 234.2880 60
234.3200 234.4800 61
234.5120 234.9600 59
234.9920 235.0560 61
235.0880 235.1840 60
235.2160 235.4080 59
235.7280 235.8880 57
235.9200 236.1760 59
236.2080 236.6240 57
