33.2960 33.6160 59
33.6480 33.8400 58
33.8720 34.0000 59
34.1280 34.3200 57
34.3840 34.6400 56
34.8320 35.1520 58
35.2800 35.9840 59
36.7840 37.3920 59
37.4240 37.6160 62
37.6480 37.8080 64
37.8400 38.1920 63
38.2240 38.2560 62
38.4480 39.5680 59
40.3040 40.5600 59
40.7520 41.0400 58
41.0720 41.4880 57
41.5200 41.9360 56
42.0640 42.1600 59
42.1920 42.3200 60
42.3520 42.8320 61
43.4080 43.5040 60
43.5360 43.8560 61
43.8880 44.0160 59
44.0480 44.2400 61
44.2720 45.5840 59
47.3760 47.4720 58
47.5040 47.7280 59
47.7600 47.9200 58
47.9520 48.0800 59
48.1120 48.1440 58
48.2720 48.4000 57
48.5280 48.8160 56
48.9760 49.0400 58
49.0720 49.2640 59
49.4240 50.1280 59
50.9280 51.4720 59
51.6000 51.7280 63
51.7600 52.0800 64
52.2400 52.3040 64
52.3360 52.5600 63
52.5920 52.6560 62
52.6880 52.7200 60
52.8800 52.9120 64
52.9440 53.0720 65
53.1040 53.4560 66
53.4880 53.5200 65
53.5520 53.8400 64
54.4160 54.4800 63
54.5120 54.7360 64
54.8640 55.0560 64
55.0880 55.5680 63
55.6000 55.9200 64
55.9520 55.9840 65
56.0160 56.1440 67
56.1760 56.3360 68
56.5280 56.5600 59
56.5920 56.7200 60
56.7520 58.0640 61
59.1200 59.3760 61
59.4080 59.5040 60
59.5360 59.5680 59
59.6960 59.8240 58
60.5920 60.7200 56
60.8480 60.8800 56
60.9120 61.2000 57
61.2320 61.2640 58
61.2960 61.4240 62
61.4560 62.3200 64
62.3520 62.5440 66
62.7040 62.8640 65
62.8960 63.1200 66
63.1520 63.2160 65
63.6960 63.8240 58
63.8560 64.0160 59
64.0480 64.2400 56
64.4000 64.6880 59
64.8480 64.9440 65
64.9760 65.1360 66
65.2960 65.5840 66
65.7440 65.9040 66
65.9360 66.0960 68
66.2560 66.3840 67
66.4160 66.6720 68
66.9600 67.1200 69
67.1520 67.2480 66
67.2800 67.3760 67
67.4080 67.5360 68
67.5680 67.6000 67
67.7920 68.4320 61
68.9760 69.0080 59
69.0400 69.1680 60
69.2000 69.3280 61
69.3600 69.4240 62
69.4560 69.6800 63
69.9040 70.0000 62
70.0320 70.2880 64
70.3200 70.5760 66
70.6080 70.7040 65
70.7360 70.8000 66
70.8320 70.9600 67
70.9920 71.6960 68
71.8240 71.9840 68
72.0160 72.3040 69
72.3360 72.4640 68
72.4960 72.5280 67
72.5600 72.8160 66
73.3920 73.4240 67
73.4560 73.5520 68
73.5840 73.8400 69
73.8720 74.1920 68
74.3520 74.4480 66
74.4800 74.5120 67
74.5440 75.5680 68
75.7920 75.8560 67
75.8880 76.0160 68
76.0480 76.4640 66
76.4960 76.5280 67
76.5600 76.5920 68
76.6240 76.7200 69
76.7520 77.0400 68
77.2000 77.4880 63
77.7120 77.7760 64
77.8080 77.9040 65
77.9360 78.7360 66
78.9280 78.9600 66
78.9920 79.0880 67
79.1200 79.3440 68
79.3760 79.5040 67
79.5360 79.7920 66
79.8240 80.0160 64
80.3680 80.4320 67
80.4640 80.5920 70
80.6240 80.8480 71
80.8800 81.2320 69
81.3600 81.5840 68
81.6160 82.5120 69
82.8000 82.9280 62
83.1200 83.2160 70
83.2480 83.5040 71
83.5360 84.1120 69
84.1440 84.1440 67
84.1760 84.2080 62
84.2400 84.5920 61
84.6240 84.6240 63
84.6560 84.6560 65
84.6880 84.8160 67
84.8480 85.1360 68
85.5200 86.1280 68
86.1600 86.3840 69
86.4160 86.8320 68
86.8640 87.0880 66
87.4080 87.4720 66
87.5040 87.6640 68
87.6960 87.8880 69
87.9200 88.3040 68
88.3360 88.6560 67
88.6880 89.4560 68
89.9040 89.9680 66
90.0000 90.0960 67
90.1280 90.5120 66
90.5440 90.6720 67
90.7040 90.8000 69
90.8320 91.1520 68
91.3120 91.5360 63
91.6960 91.8240 67
91.8560 91.9840 64
92.0160 92.1440 66
92.3040 92.7200 66
92.7520 92.8800 67
92.9120 93.0720 66
93.2000 93.2960 64
93.4880 93.6800 67
93.7120 93.9680 68
94.0000 94.0640 67
94.0960 94.1920 66
94.2240 94.4480 64
94.9920 95.0240 67
95.0560 95.1840 68
95.2160 95.5040 69
95.5360 95.6320 70
95.6640 95.8240 71
95.8560 96.0800 69
96.1120 96.3040 68
96.3360 96.6240 69
96.6560 96.6560 67
96.8480 96.9440 61
96.9760 97.0400 62
97.2320 97.2640 66
97.2960 97.4560 67
97.4880 98.0000 68
98.4160 98.4480 66
98.4800 98.5440 67
98.5760 98.9280 68
99.0880 99.2160 67
99.2480 99.3440 66
99.3760 100.4320 64
113.1040 113.2640 59
117.8720 118.2880 60
123.3120 123.3760 58
123.4080 123.6640 59
123.6960 123.8240 58
123.8560 124.1120 59
124.1440 124.1760 58
124.2080 124.3360 57
124.3680 124.6560 56
124.8160 124.9760 57
125.0080 126.1920 59
126.7040 126.8640 58
127.0240 127.4400 59
127.4720 127.6320 63
127.6640 127.9520 64
128.0800 128.4640 63
128.4960 128.7200 59
128.7520 128.7520 62
128.7840 128.9760 64
129.0080 129.4560 66
129.4880 129.7760 64
130.3200 130.4160 63
130.5440 130.7040 64
130.7360 130.8960 63
130.9280 131.1520 64
131.1840 131.4080 63
131.4400 131.7280 64
131.8880 132.0800 67
132.1120 132.2720 68
132.3040 132.3040 66
132.3360 132.3360 64
132.3680 132.5920 59
132.6240 134.3200 61
135.1200 135.1840 59
135.2160 135.3760 60
135.4080 135.5040 59
135.6320 135.7600 57
135.8880 135.9520 57
136.0800 136.3680 57
136.4960 136.6880 56
136.7200 136.9760 57
137.0080 137.1360 58
137.1680 137.2320 62
137.2640 137.2960 63
137.3280 138.1600 64
138.1920 138.2240 65
138.2560 138.3840 66
138.5120 138.7040 65
138.7360 138.9920 66
139.0240 139.0560 64
139.0880 139.1520 63
139.1840 139.3760 62
139.6000 139.6640 58
139.6960 139.8560 59
139.8880 139.9200 57
139.9520 140.1440 56
140.2720 140.5600 59
140.6880 140.7200 64
140.7520 140.8160 65
140.8480 141.0080 66
141.1680 141.4240 66
141.5520 141.7440 66
141.7760 141.9360 68
142.0640 142.1280 66
142.1600 142.2560 67
142.2880 142.5440 68
142.7360 142.8320 68
142.8640 142.9920 69
143.0240 143.2480 67
143.2800 143.4080 68
143.4400 143.4400 66
143.4720 143.4720 62
143.5680 144.2720 61
144.8800 144.9760 60
145.0080 145.2000 61
145.2320 145.2960 62
145.3280 145.5200 63
145.7440 145.8080 63
145.8400 146.0640 64
146.1920 146.7040 66
146.7360 146.8640 67
146.8960 147.8560 68
147.8880 148.2400 69
148.2720 148.3680 68
148.4000 148.7200 66
149.2960 149.4560 67
149.4880 149.7120 69
149.7440 150.0640 68
150.1920 150.4160 67
150.4480 151.4400 68
151.6320 151.6640 66
151.6960 151.7280 67
151.7600 151.8560 68
151.8880 152.3360 66
152.3680 152.4640 68
152.4960 152.6240 69
152.6560 152.9120 68
153.0720 153.2960 63
153.6800 153.7120 64
153.7440 153.8080 65
153.8400 154.6080 66
154.8000 154.9280 67
154.9600 155.2160 68
155.2480 155.3760 67
155.4080 155.6640 66
155.6960 155.8240 64
155.8560 155.9200 65
156.2720 156.3040 67
156.3360 156.4960 70
156.5280 156.7200 71
156.7520 157.1360 69
157.1680 157.5200 68
157.5520 158.4800 69
158.7680 158.8640 61
159.0240 159.1200 70
159.1520 159.3760 71
159.4080 159.9840 69
160.0160 160.0160 65
160.0480 160.4960 61
160.5280 160.5280 63
160.5600 160.7200 67
160.7520 161.9680 68
162.0000 162.2880 69
162.3200 162.6720 68
162.7040 162.7360 67
162.7680 163.0240 66
163.3440 163.3440 65
163.3760 163.5680 68
163.6000 163.7920 69
163.8240 164.2080 68
164.2400 164.5600 67
164.5920 165.5520 68
165.7760 165.8720 66
165.9040 166.0000 68
166.0320 166.4160 66
166.4480 166.5120 67
166.5440 166.5760 68
166.6080 166.7040 69
166.7360 167.0560 68
167.0880 167.1200 63
167.1520 167.3120 62
167.3440 167.4080 63
167.7600 167.8880 64
167.9200 168.0160 66
168.1440 168.9440 66
169.1040 169.2320 64
169.3920 169.4880 67
169.5200 169.8400 68
169.8720 170.0000 66
170.0320 170.0640 65
170.0960 170.4480 64
170.8640 170.8960 67
170.9280 171.0880 68
171.1200 171.5360 69
171.5680 171.7600 71
171.7920 172.0160 69
172.0480 172.2400 68
172.2720 172.4640 69
172.4960 172.4960 67
172.6880 172.9440 61
173.1680 173.3920 67
173.4240 173.8720 68
174.2240 174.3200 66
174.3520 174.3840 67
174.4160 174.6080 68
174.6400 174.6720 66
174.7040 174.8960 64
174.9280 175.1200 66
175.1520 176.8480 64
177.2320 177.5520 67
177.5840 177.7760 66
177.8080 178.3200 64
179.1840 179.3120 65
179.3440 179.4080 67
179.5360 179.8240 68
179.9520 180.4000 68
180.4320 180.7840 64
180.8160 180.8480 67
180.8800 180.9440 69
180.9760 181.0080 70
181.0400 181.7120 71
181.7440 181.7440 69
181.7760 181.8400 67
181.8720 182.5440 66
182.5760 182.6080 65
182.7680 182.8000 65
182.8320 182.8640 66
182.8960 183.0880 67
183.1200 183.7920 66
183.8240 183.8560 65
183.8880 184.3360 63
184.3680 184.3680 65
184.4000 184.5280 70
184.5600 184.6560 71
184.6880 185.2640 68
185.4560 185.5840 68
185.6160 186.0000 69
186.1280 186.2240 67
186.2560 186.7680 68
186.8000 186.8320 67
186.8640 186.9280 66
186.9600 188.0480 64
188.5280 188.6880 60
188.7200 188.8800 63
188.9120 189.0720 62
189.1040 189.1680 63
189.2000 190.0320 64
190.0640 190.2560 70
190.2880 190.4480 71
190.5760 190.7680 70
190.8000 191.7920 71
191.8240 192.1440 70
192.1760 192.2400 68
192.2720 192.7200 69
192.8480 194.5760 59
195.1200 195.2800 68
195.3120 195.5360 69
195.5680 195.8560 68
196.1440 196.3040 67
196.3360 196.6560 68
197.5520 198.1600 66
198.2880 198.4480 68
198.5440 198.7680 68
199.0240 199.2160 63
199.5680 199.6960 64
199.7280 200.4640 66
200.6560 200.8160 67
200.8480 201.0080 68
201.0400 201.0720 67
201.1040 201.4880 66
201.5200 201.5840 63
201.6160 201.8720 61
202.0320 202.1280 63
202.1600 202.1600 65
202.1920 202.3520 70
202.3840 202.6080 71
202.6400 202.9600 69
202.9920 203.0880 70
203.1200 203.4080 68
203.4400 204.3040 69
204.9120 205.0400 69
205.0720 205.2960 71
205.3280 205.9360 69
205.9680 205.9680 67
206.0960 206.3840 61
206.4160 206.4160 64
206.4480 206.6080 67
206.6400 206.9280 68
207.0880 207.6000 68
207.6320 208.0800 66
208.1120 208.2400 67
208.2720 208.7520 69
208.7840 208.9760 66
209.2320 209.4240 67
209.4560 209.7760 69
209.8080 210.0960 68
210.1280 210.1920 66
210.2240 210.3520 67
210.3840 211.5040 68
211.5360 211.8240 67
211.9520 212.3040 66
212.3360 212.4640 67
212.4960 212.8800 68
212.9120 212.9440 67
213.1360 213.2960 63
213.6800 214.7360 66
214.9600 215.0880 65
215.1200 215.1840 68
215.2160 215.3760 71
215.4080 215.6000 73
215.6320 215.9200 71
215.9520 216.0480 69
216.0800 216.1440 67
216.1760 216.3680 64
216.8160 217.1360 68
217.2640 217.3920 69
217.4240 217.6160 71
217.6480 218.4480 69
218.4800 218.4800 67
218.6400 218.9280 62
218.9600 218.9600 64
218.9920 219.2160 67
219.2480 219.6960 68
220.2400 220.4000 67
220.4320 220.6880 68
220.8800 221.1040 67
221.1360 221.9360 64
223.9200 224.1120 68
224.1440 224.2720 69
224.4320 224.4640 69
224.4960 224.5600 70
224.5920 224.7840 71
224.8160 224.8480 70
224.8800 225.2640 69
225.3920 225.5520 68
225.5840 225.8720 69
225.9040 225.9040 67
226.1280 226.2880 62
226.6720 226.8960 67
226.9280 227.9520 68
230.0000 230.1920 67
230.2240 230.4160 68
230.9600 231.0560 67
231.0880 232.5600 64
