4.8160 4.9760 67
28.7520 29.0080 59
29.0400 29.2960 58
29.3280 29.4240 59
33.6480 33.7760 59
33.9040 34.0320 61
34.1920 34.3840 61
34.4160 34.4480 62
34.4800 35.2800 63
35.3120 35.3440 62
35.3760 35.4720 61
35.6320 35.8240 63
35.9520 36.1760 63
36.4960 36.5600 57
36.5920 36.5920 59
36.6240 36.7520 61
36.7840 37.0720 63
37.1040 37.3280 66
37.3600 37.5520 63
37.7120 37.8720 59
38.2560 38.4160 58
38.5440 38.6720 54
38.8320 39.2800 56
39.7600 39.8240 62
39.9520 40.5280 61
40.5600 40.6560 59
40.8160 41.1040 61
41.1360 42.3200 63
42.8640 42.9920 59
43.1200 43.2480 61
43.4400 43.5680 61
43.6960 44.4320 63
44.4640 44.4640 61
44.4960 44.6240 57
44.6560 44.7520 60
44.8480 45.4560 63
45.7760 45.7760 57
45.8080 45.8080 59
45.8400 46.0000 61
46.0320 46.2880 63
46.3200 46.4480 66
46.6080 46.7360 63
46.8960 47.7280 59
47.7600 47.9520 58
47.9840 48.5600 56
48.7840 48.9440 57
48.9760 49.1360 62
49.2640 49.6480 61
49.8080 50.0320 59
50.0640 50.2880 61
50.3200 51.3120 59
52.1440 52.5920 58
52.6240 53.1040 56
53.2960 53.7440 59
53.7760 54.1600 61
54.3840 54.4480 57
54.4800 54.5760 59
54.7040 54.8960 61
54.9280 55.1840 63
55.2160 55.4400 66
55.5680 55.6960 61
55.8560 56.0480 63
56.0800 56.3360 59
56.7520 57.1360 58
57.2960 57.8400 56
57.8720 58.2880 59
58.4480 58.5760 61
58.7360 58.8640 62
58.9920 59.1840 59
59.3120 59.4400 61
59.4720 59.5680 62
59.6000 61.0400 63
61.0720 61.1680 62
61.3280 61.4560 58
61.6160 61.8400 58
61.8720 62.3840 56
62.4160 62.5120 57
62.5440 62.7360 59
63.1200 63.1200 58
63.1520 63.5680 61
63.6000 63.8880 59
63.9200 64.0480 61
64.2080 64.4000 63
64.5280 65.0080 66
65.0400 65.3280 63
65.3600 65.5840 68
65.6160 65.6480 67
65.9680 66.0640 61
66.2560 66.4160 61
66.5760 67.0240 59
67.4720 67.7280 62
67.7600 68.1120 61
68.3040 68.3680 59
68.5280 68.7840 61
68.8160 69.3600 59
69.7760 69.9360 64
70.6080 70.7040 63
70.8320 71.0880 64
71.1200 71.2800 66
71.4720 71.6640 60
71.6960 71.9520 63
71.9840 72.2400 64
72.2720 72.7520 66
72.7840 72.8160 67
72.8480 73.1040 68
73.1360 73.3600 70
73.3920 73.6160 71
73.6480 73.6480 69
73.6800 74.2880 63
74.3200 74.4480 64
74.5760 74.6400 67
74.6720 75.2160 66
75.7600 75.8560 66
75.8880 76.2080 68
76.2400 76.3360 67
76.3680 76.5280 66
76.5600 76.5920 65
76.6240 76.8480 64
76.8800 77.1680 66
77.2000 77.2320 70
77.2640 77.3280 71
77.4880 77.7440 71
78.0640 78.0960 66
78.1280 78.1920 67
78.2240 78.8960 68
78.9280 79.0880 70
79.1200 79.1840 69
79.2160 79.7280 71
79.7600 79.9840 70
80.4000 80.4640 63
80.4960 80.9120 66
80.9440 81.6160 64
81.6480 82.0640 66
82.0960 82.3520 68
82.3840 82.6400 70
82.6720 83.2480 71
83.2800 83.4400 70
83.4720 83.7920 68
83.8240 84.5920 66
85.0720 85.1360 65
85.2960 85.4240 66
85.5520 85.8080 68
85.8400 86.0960 64
86.1280 86.2240 66
86.2560 86.4800 67
86.7360 86.8960 64
87.2800 87.2800 63
87.3120 87.3120 67
87.3440 87.5040 71
87.5360 87.7600 70
87.8880 88.0160 66
88.2080 88.3360 60
88.3680 89.0400 63
89.0720 89.1040 62
89.1360 89.2320 61
89.2640 89.3280 60
89.3600 90.7040 59
90.8640 91.2800 59
98.8640 98.9600 59
99.0880 99.9200 59
99.9520 101.0400 63
101.2000 101.3280 60
101.3600 101.9040 59
102.0640 102.2240 59
102.5120 102.5760 58
103.4400 104.1120 61
104.2400 104.7840 61
106.4160 106.5440 59
107.4720 107.5360 59
107.7600 107.8880 61
108.0480 108.3040 61
108.3360 109.0080 63
109.1680 109.2960 61
109.4560 110.0960 63
110.4160 110.5440 61
110.5760 110.6080 62
110.6400 110.8960 63
110.9280 111.1520 66
111.1840 111.2480 63
111.4400 111.6640 59
112.1120 112.3040 59
112.3360 112.3680 57
112.4000 112.6240 55
112.6560 113.1360 56
113.4880 113.5520 62
113.5840 113.7120 63
113.7440 113.7760 62
113.8080 114.0000 61
114.0320 114.1600 62
114.1920 114.3200 61
114.3520 114.5120 59
114.6720 114.8960 61
114.9280 114.9920 62
115.0240 115.8880 63
115.9200 116.1120 64
116.7200 116.8160 59
116.9120 117.3600 61
117.3920 117.4560 62
117.4880 118.0320 63
118.4160 118.5120 58
118.6720 119.5680 63
119.6000 119.7600 61
119.7920 119.8560 62
119.8880 120.0480 63
120.0800 120.2720 66
120.4320 120.5920 63
120.7200 120.9120 59
121.2960 121.5840 60
121.6160 121.8400 58
121.8720 122.4160 56
122.8320 123.0240 62
123.0560 123.5040 61
123.6320 123.8560 59
123.8880 124.1760 61
124.2080 124.3360 59
124.4640 124.4960 57
124.5280 124.6240 58
124.6560 125.2320 59
125.9680 126.0320 58
126.0640 126.2240 59
126.2560 126.4160 58
126.4480 126.8960 56
127.1200 127.4720 59
127.6640 127.9520 61
128.2080 128.2720 56
128.3040 128.3680 58
128.4960 128.7520 61
128.7840 129.0400 63
129.0720 129.2960 66
129.3280 129.5200 62
129.6800 129.8400 63
129.9680 130.1920 59
130.5760 130.9920 59
131.1200 131.7280 56
131.7600 132.2080 59
132.2400 132.4960 61
132.5280 132.7200 63
132.7520 132.8160 61
132.8480 132.9760 59
133.1680 133.3920 61
133.4240 134.8320 63
135.4400 135.6320 58
135.6640 136.2720 56
136.3040 136.4640 59
136.4960 136.5600 58
136.8480 136.8800 57
136.9120 137.3600 61
137.3920 137.5520 58
137.5840 137.7120 59
137.7440 138.0000 61
138.0960 138.2240 63
138.3520 138.5120 66
138.6400 138.8320 66
138.8640 139.0240 63
139.0560 139.0560 66
139.0880 139.4080 68
139.7920 139.7920 57
139.8240 139.8240 59
139.8560 139.9520 62
140.1120 140.3040 61
140.3360 140.9120 59
141.2000 141.4560 62
141.4880 142.0000 61
142.0320 142.0320 59
142.3840 142.6080 61
142.6400 143.1840 59
144.4000 144.4960 63
144.6560 144.8160 64
144.9440 145.1360 66
145.2640 145.2960 58
145.3280 145.4880 59
145.5200 145.5200 61
145.5520 145.7440 63
145.7760 146.0320 64
146.1600 146.6400 66
146.6720 146.7040 67
146.7360 146.8960 68
146.9280 146.9600 69
146.9920 147.2480 70
147.2800 147.4720 71
147.5040 147.5040 65
147.5360 148.0160 63
148.1440 148.3040 64
148.4640 148.9120 54
149.5840 149.6800 55
149.7120 150.0320 56
150.1920 150.3200 54
150.3520 150.3840 53
150.4160 150.6080 52
150.6400 151.0560 54
151.0880 151.1520 59
151.3120 151.5360 59
151.8560 151.9840 54
152.0160 152.7200 56
152.7520 152.9120 58
153.0400 153.5520 59
153.5840 153.9040 58
154.2880 154.3200 65
154.3520 154.7680 66
154.8000 154.8960 63
155.0240 155.4400 64
155.4720 155.5040 65
155.5360 155.7920 66
155.9200 156.0800 68
156.1120 156.4320 70
156.4640 157.0400 71
157.0720 157.2320 70
157.3600 157.6160 68
157.6480 158.3840 66
159.1200 159.2480 66
159.4080 159.6320 68
159.6640 159.8560 64
159.8880 159.9200 65
159.9520 160.2080 67
160.2400 160.7840 71
161.1360 161.1360 66
161.1680 161.4240 71
161.4560 161.6160 70
161.6480 161.6800 68
161.7120 161.8720 66
162.0320 162.1600 59
162.2880 162.8000 63
162.8320 163.0880 61
163.1200 163.4720 59
163.5040 163.6640 60
163.6960 164.7840 59
166.0000 166.2240 65
167.1200 167.3120 61
167.4720 167.6320 65
167.7280 167.8880 65
168.3360 168.5920 60
168.6240 169.1680 65
169.2000 169.7440 67
169.7760 170.0320 69
170.0640 170.2560 71
170.4160 171.1840 64
171.2160 171.4720 65
171.5680 171.7280 69
171.7600 172.3360 67
172.6880 173.2000 69
173.2320 173.4880 67
173.5200 173.6800 65
173.7120 174.0960 67
174.1280 174.6080 72
174.9920 175.7600 69
175.8880 176.7840 72
176.9120 176.9120 71
177.3600 177.4240 65
177.4560 177.8400 67
177.8720 178.1280 64
178.1600 178.8640 67
179.0240 179.2480 69
179.2800 179.5040 71
179.6000 180.1120 72
180.1440 180.3680 71
180.4000 180.6880 69
180.7200 181.3280 67
181.8080 182.1600 65
182.1920 182.3520 67
182.4800 182.6720 69
182.7040 182.9920 65
183.0240 183.2160 67
183.2480 183.2800 70
183.3120 183.7920 72
184.2080 184.2080 66
184.2400 184.6880 71
184.7200 184.9760 67
185.1360 185.8080 64
186.2240 187.1200 60
187.2160 187.2480 63
187.3120 187.3440 63
187.3760 187.4400 67
187.6320 188.2080 67
188.4320 188.8800 59
189.0720 189.5520 64
189.6800 189.9040 65
189.9360 190.0640 67
190.0960 190.1920 69
190.2240 190.7040 67
190.7360 190.7360 65
191.1200 191.6320 57
191.6640 191.8880 55
191.9200 192.1440 53
192.2720 192.5600 55
192.5920 192.5920 57
192.6240 192.7200 59
192.8480 193.1040 60
193.3280 193.5520 67
193.5840 194.3200 69
194.3520 194.5440 71
194.5760 195.1840 72
195.2160 195.4400 71
195.7920 195.8240 65
195.8560 196.0160 67
196.0480 196.2720 71
196.3040 196.3040 67
196.3360 196.4320 64
196.5920 196.9760 65
197.0080 197.3280 67
197.4880 197.7120 70
197.7440 197.9360 71
198.0640 198.6080 72
198.6400 198.8000 71
198.8320 199.1520 69
199.1840 199.7920 67
200.4320 200.4960 66
200.6560 200.7840 67
200.9120 201.1680 69
201.2000 201.4880 65
201.5200 201.7120 67
201.7440 201.8080 70
201.8400 202.2880 72
204.9440 204.9440 63
204.9760 205.0080 70
205.0400 205.2640 72
205.2960 205.4240 71
205.4560 205.4880 70
205.5200 205.7440 67
205.9040 205.9680 62
206.1920 206.5760 64
206.7360 206.9280 62
206.9600 208.1120 60
208.1440 208.7840 59
208.8160 208.9120 60
208.9440 209.0080 61
209.6480 209.6480 68
209.6800 210.0320 71
210.2240 210.4160 67
210.4480 210.4480 62
210.4800 210.7680 60
210.8000 211.1840 64
211.3120 211.5680 62
211.6000 212.6560 60
223.0560 223.1840 60
223.3760 224.5600 60
224.5920 224.6560 62
224.6880 225.7440 64
225.9680 226.7360 67
226.8640 227.6000 72
227.8240 228.0160 63
