22.7360 22.9600 57
22.9920 23.0880 58
23.1200 23.2480 59
23.4080 23.9840 59
24.0160 24.1120 58
24.1440 24.3680 57
24.4960 24.6560 59
24.9440 25.1040 63
25.1360 25.3920 64
25.6480 25.7120 62
25.7440 26.9280 61
28.4320 28.7200 57
28.7520 28.8480 58
28.8800 28.9760 59
29.1360 29.6480 59
29.8720 30.0640 57
30.0960 30.1920 58
30.2240 30.3520 59
30.5760 30.6400 62
30.6720 30.9600 63
31.4720 31.5360 58
31.5680 31.9520 57
33.4240 33.6480 63
33.6800 33.9360 64
33.9680 34.0320 63
34.0640 34.1600 62
34.1920 35.2800 61
35.3120 35.3760 62
36.3360 36.6240 65
37.0720 37.7120 59
37.7440 37.8400 60
37.8720 38.0320 61
38.4480 39.0240 57
39.2160 39.2800 59
39.3120 39.4720 60
42.3200 42.4160 60
42.4480 42.7360 61
42.7680 42.8960 60
42.9280 43.1840 59
45.5840 45.8400 57
45.8720 45.9680 58
46.0000 46.1280 59
46.2880 46.8320 59
46.9920 47.3120 58
47.3440 47.3760 59
47.4080 47.5040 60
47.7280 47.9200 63
47.9520 48.3360 64
48.3680 48.4320 63
48.4640 48.5280 62
48.5600 49.7120 61
51.2480 51.6000 57
51.6320 51.7280 58
51.7600 51.8560 59
51.9840 52.1440 59
52.3360 52.5280 59
52.6880 52.9440 57
52.9760 53.2000 59
53.4880 53.8080 63
54.2240 55.0240 57
56.2720 56.7200 63
57.1040 58.1920 61
59.2160 59.4400 65
59.4720 59.5040 63
59.8560 60.5920 59
60.6240 60.7840 60
60.8160 61.0400 61
61.3920 61.8400 57
62.0960 62.5440 60
65.2320 65.2960 57
65.3280 65.3920 58
65.5200 65.5520 61
65.5840 65.7440 63
65.7760 66.0640 64
66.3200 66.5760 61
66.6080 66.6720 60
66.7040 66.8000 59
66.8320 66.8960 58
66.9280 67.1520 57
67.8880 68.1440 57
68.4320 68.9120 57
69.8080 70.0640 61
70.2880 70.5440 62
70.5760 70.8640 61
70.8960 70.9600 62
70.9920 71.1200 64
71.2800 71.4080 67
71.4400 72.0800 68
72.6560 72.8480 61
73.0400 73.2000 62
73.3920 73.7760 61
73.8080 74.1280 62
74.1600 74.1920 66
74.2240 74.2880 67
74.3200 75.0240 68
75.0560 75.0880 67
75.5360 75.6000 67
75.6320 75.7920 66
75.9200 76.1440 68
76.5600 76.7520 69
76.7840 76.8480 68
77.2320 77.3280 62
77.3600 77.8720 61
77.9040 78.0000 62
79.4720 79.5680 65
79.6000 79.6960 66
79.7280 79.7600 67
79.7920 79.9840 68
80.2080 80.3040 68
80.3360 80.4960 69
80.8800 81.0720 62
81.2320 81.4560 61
81.5840 81.9040 62
81.9360 82.0640 67
82.0960 82.4800 69
82.6400 83.3120 69
83.7280 84.0480 63
84.0800 84.4000 61
84.4320 84.5920 64
84.8160 85.4240 69
85.5520 86.2880 69
86.6400 86.7040 67
86.7360 86.8000 69
86.9920 87.2800 66
87.3120 87.6320 69
87.6640 87.7280 71
87.7600 88.2400 73
88.3680 88.4960 72
88.5280 89.1040 73
89.1360 91.6000 71
92.7520 92.7840 70
92.8160 93.3600 71
93.4880 93.7120 69
93.7440 94.0000 68
94.1920 94.4480 68
94.4800 95.0880 69
95.2160 95.4720 62
95.5040 95.6000 63
95.6320 95.9840 64
96.2080 96.3040 70
96.3360 97.7120 71
97.7440 97.8080 70
98.4160 98.4800 70
98.5120 98.6080 71
98.7360 99.1200 71
99.1520 99.4080 69
99.4400 99.6320 68
99.7920 99.8560 69
99.8880 100.1120 68
100.1440 100.8160 69
101.2640 101.3920 63
101.4240 101.8400 64
102.0000 102.0960 69
102.1280 102.5120 71
102.6720 102.8000 70
102.8320 103.5360 71
104.1120 104.3040 69
104.4320 104.7840 69
104.8160 105.1040 71
105.1360 105.4240 69
105.5520 105.5840 71
105.6160 105.6480 72
105.6800 107.2480 73
107.6640 108.5280 73
108.7200 109.4240 69
109.8400 110.3520 69
110.5120 110.8640 71
110.8960 111.0880 69
111.2160 111.3760 72
111.4080 112.9120 73
112.9440 113.0720 72
113.4240 113.5200 67
113.7760 113.8720 72
113.9040 114.0960 73
114.2880 115.1200 71
115.5040 115.5680 69
115.6000 116.1760 71
116.2080 116.4960 69
116.5280 116.7520 68
116.9440 117.2640 68
117.2960 117.9360 69
118.1600 118.3200 62
118.3520 118.8640 64
119.0880 119.1840 69
119.2160 120.5600 71
121.2000 121.2960 69
121.3280 121.4240 71
121.5840 121.9360 71
121.9680 122.4160 69
122.6720 122.9920 68
123.3440 123.4400 66
123.8240 124.1760 62
124.2080 124.4960 64
124.5280 124.6240 65
124.8160 124.9120 70
124.9440 125.3600 71
125.5520 125.6160 69
125.6480 126.3520 71
126.9920 127.5360 69
127.6640 127.8560 71
128.0480 128.2400 69
128.3680 128.7200 72
128.7520 130.1280 73
130.4800 130.8320 74
130.8640 131.1840 73
131.2160 131.3120 72
131.5680 132.2080 69
133.0400 133.2640 69
133.2960 133.6800 71
133.7120 133.9360 69
133.9680 134.0640 71
134.0960 134.2560 72
134.2880 135.8560 73
136.2080 136.4000 66
136.5920 136.6560 72
136.6880 137.2960 73
137.3280 137.7120 71
138.0960 138.2240 68
138.5440 138.8640 68
139.5040 139.6320 68
139.6640 139.9840 69
144.2080 144.2720 72
147.4400 147.9520 74
148.2080 148.2720 74
148.9760 149.2960 78
149.3280 149.8080 79
149.8400 150.1280 80
156.0800 156.1440 70
156.8800 156.9760 66
157.0080 157.0720 65
157.1040 157.1360 64
157.2960 157.5520 62
157.8080 158.0000 62
164.0160 164.2720 61
164.4640 164.6880 62
164.8480 165.0080 61
165.0400 165.1680 62
165.2000 165.2320 65
165.2640 165.3280 67
165.5200 165.7760 67
165.8080 166.5120 68
166.9280 167.2160 61
167.2480 167.5360 62
167.5680 168.0480 61
168.0800 168.2720 66
168.3040 168.3360 65
168.4000 168.4320 66
168.4640 168.6240 67
168.6560 169.3920 68
169.8080 170.0000 66
170.0320 170.0960 67
170.1280 170.5760 68
170.6080 170.8320 69
171.2800 172.6240 61
172.6560 172.6880 60
172.7200 173.1360 59
173.7760 174.0960 66
174.1280 174.5440 68
174.5760 174.8320 69
174.8640 174.8640 66
175.0880 175.4080 62
175.4400 175.8240 61
175.8560 175.9840 63
176.0160 176.1760 62
176.2080 176.2400 65
176.2720 176.3360 67
176.3680 177.5840 69
178.0320 178.1920 64
178.2240 178.2560 63
178.2880 178.6720 61
178.7040 178.7680 63
179.0560 179.1840 67
179.2160 179.6000 69
179.7280 180.5280 69
180.8800 181.2320 69
181.2640 181.5520 66
181.5840 181.8080 69
181.9360 182.0640 72
182.0960 182.6400 73
182.6720 182.7360 71
182.7680 183.3440 73
183.3760 185.7120 71
185.7440 185.8080 72
186.1600 186.2880 72
186.4160 186.5120 71
186.6720 186.7360 71
187.0560 187.6960 71
187.7280 187.9840 69
188.1120 188.2720 68
188.4960 188.7520 68
188.7840 189.0400 69
189.4880 189.7120 63
189.8720 190.3520 64
190.8320 190.9600 69
190.9920 192.2080 71
192.6880 192.8160 70
192.8480 193.3280 71
193.3600 193.3920 70
193.4240 193.7440 69
193.7760 193.9680 68
194.1920 194.3840 68
194.4160 194.7360 69
195.1840 195.3120 63
195.6320 195.8880 64
196.5920 196.6880 69
196.7200 196.9440 71
197.2000 197.2960 70
197.3280 197.9680 71
198.3520 199.0240 69
199.0560 199.2160 71
199.4400 199.6640 69
199.8240 199.9200 72
199.9520 201.2640 73
201.2960 201.4240 74
201.9360 202.0960 73
202.1280 202.4800 74
202.5120 202.5760 72
202.6080 202.7680 73
202.9920 203.7280 69
204.0800 204.7200 69
204.7520 205.0080 71
205.1680 205.5200 69
205.5520 207.2480 73
207.6000 207.9200 66
207.9520 207.9840 69
208.0160 208.6240 73
208.6560 209.2960 71
209.3280 209.4240 75
209.8080 209.8720 69
209.9040 210.3840 71
210.4160 210.7360 69
210.7680 211.0240 68
211.1840 211.4720 68
211.5040 212.0160 69
212.3040 212.5920 61
212.6240 213.1040 64
213.3600 213.4560 69
213.4880 213.9360 71
214.0320 215.1520 71
215.4720 215.5680 69
215.6000 215.7280 71
215.8880 216.2080 71
216.2400 216.5600 69
216.5920 216.7200 68
216.9760 217.2640 68
217.2960 217.7120 69
218.0320 218.3200 61
218.3520 218.8960 64
219.0880 219.1840 70
219.2160 219.6000 71
219.8560 219.9200 70
219.9520 220.4320 71
220.6560 220.7840 71
221.2000 221.4240 69
221.5840 221.8720 69
221.9040 222.0960 71
222.3200 222.4800 69
222.6720 222.9280 71
222.9600 222.9920 72
223.0240 224.4000 73
224.6560 224.7520 72
224.7840 224.8800 73
224.9120 225.2320 74
225.4240 225.4560 70
225.4880 225.5520 71
225.5840 225.7760 73
225.9680 226.6720 69
226.8960 227.0240 67
227.0560 227.6000 69
227.6320 227.9520 71
227.9840 228.3680 69
228.4000 228.7200 71
228.7520 230.0320 73
230.0640 230.1280 76
230.4800 230.6720 66
230.8960 230.9600 71
230.9920 231.5680 73
231.6000 232.0480 71
232.0800 232.1440 70
232.4640 232.7200 69
232.7520 233.4560 68
233.7120 238.9600 69
245.3600 245.4560 68
246.0640 246.1280 68
246.7360 246.8000 71
246.9920 247.0880 71
247.2160 247.9200 71
