28.1120 28.1440 55
28.1760 28.2400 56
28.2720 28.7200 57
28.8480 29.4560 57
29.6160 29.7120 57
29.7440 29.7760 58
29.8080 29.9360 59
29.9680 30.0000 57
30.0320 30.1920 56
30.3520 30.6400 56
31.2480 31.6960 56
31.8240 32.3680 56
32.5600 32.7840 57
32.9440 33.0400 57
33.0720 33.1040 58
33.1360 33.2320 59
33.2640 33.6160 57
34.0320 34.1280 55
34.1600 34.2240 56
34.2560 34.9920 57
35.2160 35.3440 56
35.3760 35.5360 57
35.9840 36.1760 50
36.4320 36.5280 50
36.5600 36.5920 51
36.6240 37.2640 52
38.3520 38.5120 52
38.5440 38.5760 53
38.6080 38.8000 54
38.9600 39.1520 56
39.1840 39.9840 54
40.6240 40.7200 54
40.7520 40.8160 55
40.8480 41.2960 56
41.3280 41.5840 57
41.6160 41.9360 56
41.9680 42.1600 57
42.3840 42.4800 57
42.5120 42.5440 58
42.5760 42.8960 59
42.9280 42.9600 58
43.1520 43.3440 56
43.3760 43.5040 57
43.5360 43.6000 53
43.6320 44.1440 52
44.7200 44.7840 50
44.9760 45.5200 52
45.7440 45.8400 51
45.8720 45.9680 52
46.1280 46.3200 50
46.4480 46.6720 50
46.8000 46.8000 53
46.8320 46.9280 56
46.9600 47.5040 57
48.1120 48.2080 51
48.3680 48.8480 52
48.8800 48.9440 51
48.9760 49.3280 50
49.4560 49.5840 50
49.6160 49.6800 51
49.8400 49.9040 57
49.9360 50.0000 58
50.0320 50.1280 59
50.3520 50.4480 57
50.4800 50.5120 58
50.5440 51.4080 59
52.0800 52.1760 56
52.2080 53.0080 57
53.2000 53.4240 57
53.5200 53.6800 57
53.7120 53.7440 58
53.7760 53.9040 59
53.9360 54.6400 56
55.0880 55.1840 55
55.2160 55.3440 56
55.4720 55.6640 56
55.8240 56.4320 56
56.5600 56.7520 57
56.9440 57.0080 57
57.0400 57.0720 58
57.1040 57.2640 59
57.2960 57.5840 57
58.1600 58.2240 55
58.2560 58.3520 57
58.4800 59.3120 57
59.3440 59.7600 54
59.9840 60.3040 57
60.3360 60.4960 59
60.5280 61.3280 61
61.8400 61.9040 59
61.9360 61.9680 60
62.0000 62.1600 61
62.1920 62.2240 60
62.2560 62.7680 59
62.9600 63.0880 57
63.1200 63.1520 55
63.1840 63.2800 54
63.4400 63.8880 54
64.6880 65.2640 56
65.2960 65.6480 57
65.6800 65.9040 56
65.9360 66.1600 57
66.3520 66.3840 57
66.4160 66.4800 58
66.5120 66.9280 59
66.9600 67.0560 58
67.0880 67.1520 59
67.1840 67.2160 60
67.2480 67.4080 61
67.4400 67.5040 60
67.5360 68.1440 57
68.6240 68.6880 56
68.7200 68.8160 57
68.9760 69.4240 59
69.4560 69.5520 61
69.7120 69.9680 57
70.0000 70.0960 55
70.1280 70.2560 54
70.5120 70.5440 56
70.5760 70.6720 57
70.7040 70.7680 56
70.8000 70.9920 54
71.2480 71.5360 57
71.5680 71.7600 59
71.9200 72.0800 59
72.1120 72.1760 61
72.3680 72.4000 59
72.4320 72.4960 60
72.5280 72.6560 61
72.6880 73.5200 59
73.9040 73.9040 63
74.0960 74.0960 61
74.3200 74.4480 62
74.4800 74.6080 64
74.6400 74.6720 63
74.7040 74.7680 62
74.8000 74.8960 61
74.9280 75.1840 62
75.3120 75.4720 61
75.7920 75.8240 63
75.8560 76.5920 64
76.8160 76.9440 62
76.9760 77.3600 64
77.5520 77.6800 67
77.7120 77.8400 66
77.8720 77.8720 63
78.0640 78.1600 59
78.3840 79.3120 59
79.7920 79.9200 52
79.9520 80.0480 53
80.1760 80.2720 54
80.3040 80.5280 56
80.5600 80.7520 57
80.9440 81.4880 57
81.6800 81.8080 53
81.8400 82.0640 54
82.0960 82.1280 56
82.1600 82.5440 57
82.8000 82.9920 65
83.0240 83.3760 66
83.4080 83.4080 64
83.5680 83.6960 57
83.9840 84.0160 63
84.0480 84.2400 64
84.2720 84.2720 62
84.6880 84.8480 59
84.8800 85.3600 61
85.5200 85.6480 64
85.7440 85.7760 64
85.8080 85.8720 63
85.9040 85.9360 61
86.1600 86.2880 56
86.3200 86.4800 57
86.5120 86.6080 62
86.7680 86.8320 60
87.6640 88.3040 54
88.7520 88.7840 52
88.8480 88.9760 52
89.1680 89.4240 57
89.5840 89.6160 63
89.6480 89.7440 64
89.7760 89.8400 63
89.9360 89.9680 62
90.2880 90.4800 61
90.5120 90.5440 60
90.5760 90.6080 59
90.6400 90.7040 58
90.7360 90.8320 57
90.8640 90.9600 59
90.9920 91.3760 57
91.7920 92.0160 51
92.1440 92.2080 55
92.2400 92.3040 56
92.3360 92.4960 57
92.5280 92.8160 59
93.2640 93.3600 59
93.3920 93.4560 60
93.4880 93.6160 61
93.6480 93.8400 57
94.0320 94.5760 57
94.7680 94.8640 53
94.8960 95.1200 54
95.1520 95.3440 57
95.5360 95.5680 62
95.6000 95.6640 63
95.6960 95.9840 64
96.2400 96.3040 65
96.3360 96.4000 64
96.4320 96.5920 61
96.6240 97.3600 59
98.1600 98.2560 61
98.2880 98.4800 62
98.5120 99.4720 61
99.5040 99.5360 60
99.6640 99.6640 60
99.6960 99.8560 62
99.8880 100.8160 64
100.8480 100.9440 63
100.9760 101.4560 64
101.4880 101.5200 65
101.5520 101.7760 66
101.8080 101.8400 64
101.9680 102.0960 61
102.1280 103.3440 59
103.8560 104.0160 52
104.2080 104.3040 55
104.3360 104.5280 56
104.5600 105.4560 57
105.7440 105.8080 64
105.8400 106.0320 66
106.1600 106.3200 57
106.4480 106.6720 57
106.8320 106.9280 64
106.9600 106.9920 65
107.0240 107.4080 66
107.5360 107.7280 57
107.9200 107.9520 62
107.9840 108.0480 63
108.0800 108.2400 64
108.2720 108.4640 62
108.6560 108.7840 59
108.8160 109.3280 61
109.7440 109.7760 65
109.8080 109.8720 66
110.2560 110.4480 57
110.4800 110.6720 61
111.3120 111.3120 54
111.3760 111.5360 54
111.6960 112.3040 54
113.2000 113.3920 57
113.5840 113.6480 62
113.6800 113.8080 64
113.9360 114.2880 62
114.3200 114.4800 61
114.7040 114.7360 57
114.7680 114.8320 58
114.8640 114.9600 59
114.9920 115.3760 57
115.5680 115.6640 55
115.9520 115.9840 53
116.2080 116.2400 55
116.2720 116.3040 56
116.3360 116.4960 57
116.5280 116.7200 59
117.0080 117.1680 61
117.2960 117.5200 62
117.5520 117.5840 61
117.6160 117.7760 60
117.8080 117.9680 61
118.0000 120.5600 59
120.9760 121.0720 64
121.1040 121.3280 63
121.4880 121.5200 56
121.5520 121.7760 57
121.8080 122.1600 59
122.1920 122.2560 60
122.2880 122.4160 61
122.5760 122.8640 57
123.3440 123.4400 56
123.4720 125.4560 57
125.4880 125.5200 56
126.0000 126.1280 62
130.4800 130.6080 62
131.6320 131.8880 61
139.0560 139.1840 55
139.2160 139.3440 57
139.5040 139.6640 57
139.8240 140.4640 57
140.5920 140.7200 57
140.7520 140.8800 59
140.9120 141.1360 56
141.3600 141.6480 56
142.2240 142.3520 56
142.4800 142.6400 56
142.8000 143.0560 56
143.0880 143.3120 55
143.3440 143.5360 56
143.5680 143.6960 57
143.9520 144.0480 58
144.0800 144.1760 59
144.3360 144.6240 57
145.2000 146.0320 57
146.1280 146.2240 57
146.2560 146.7040 54
146.9280 147.0560 57
147.2800 147.5360 59
147.5680 148.1760 61
148.6880 148.7520 57
148.7840 148.8800 59
148.9120 149.1040 61
149.1360 149.7440 59
150.0000 150.7360 54
151.6000 151.7920 54
151.8240 151.9840 56
152.2080 152.2720 56
152.3040 152.4640 57
152.5920 152.7840 56
152.9760 153.2960 57
153.3280 153.4240 58
153.4560 154.0960 59
154.1280 154.1600 60
154.1920 154.2880 61
154.4480 155.0880 57
155.5680 155.8560 57
155.8880 155.9200 58
155.9520 156.4000 59
156.4320 156.5280 61
156.5600 156.6240 58
156.6560 156.9120 57
156.9440 156.9760 56
157.0080 157.0400 55
157.0720 157.1680 54
157.2000 157.2640 55
157.5520 157.7120 57
157.7440 158.1280 54
158.1600 158.3840 57
158.5440 158.6400 62
158.6720 158.7680 64
158.9600 159.0240 60
159.0560 159.1840 61
159.3440 159.3760 59
159.4080 159.4720 60
159.5040 159.6320 61
159.6640 160.3360 59
160.7840 160.9440 51
161.2320 161.2640 61
161.2960 161.4560 62
161.4880 162.1280 61
162.2560 162.4160 61
162.6400 162.7040 62
162.7360 162.8320 63
162.8640 163.6320 64
163.7920 163.9200 63
163.9520 164.3360 64
164.5600 164.7840 66
164.8160 164.8160 64
164.8480 164.9440 62
164.9760 165.1040 60
165.2960 165.3280 64
165.3600 165.3920 66
165.4240 165.4880 60
165.5200 166.3200 59
166.8000 167.0560 52
167.0880 167.1200 53
167.1520 167.2480 54
167.2800 167.5040 56
167.5360 167.7600 57
167.9200 167.9520 56
167.9840 168.0480 57
168.0800 168.1760 59
168.2080 168.2400 58
168.2720 168.4640 57
168.6560 168.6880 63
168.7200 168.7520 64
168.7840 168.8160 65
168.8480 168.9760 66
169.0080 169.0080 63
169.0400 169.0400 61
169.0720 169.0720 59
169.1040 169.5840 57
169.8080 169.8720 64
169.9040 169.9680 65
170.0000 170.3200 66
170.3520 170.4160 69
170.5760 170.7360 69
170.9600 171.0560 62
171.0880 171.2160 64
171.2480 171.3120 62
171.3440 171.5040 61
171.6960 171.8560 59
171.8880 172.3360 61
172.5280 172.5600 63
172.5920 172.7520 64
172.7840 172.8480 63
172.8800 172.9760 61
173.2640 173.4240 57
173.4560 173.6480 61
173.8400 173.8720 61
173.9040 174.0640 62
174.3200 174.4160 59
174.4480 175.0560 54
175.0880 175.3120 55
175.8560 175.9200 56
175.9520 175.9520 53
176.1760 176.4960 57
176.5280 176.6560 62
176.6880 176.7520 64
176.7840 176.8800 63
176.9120 177.1040 62
177.2960 177.5200 61
177.5520 177.5840 59
177.6160 177.8080 57
177.8400 177.9360 59
177.9680 178.3840 57
178.7360 178.7360 61
178.9600 179.1200 52
179.1520 179.2800 55
179.3120 179.5040 57
179.5360 179.5680 58
179.6000 179.7920 59
179.8240 179.8560 58
180.3040 180.3040 56
180.3360 180.3680 58
180.4000 180.4640 59
180.4960 180.6240 61
180.6560 180.6880 59
180.7200 180.8480 57
181.0080 181.4240 57
181.4560 181.6480 56
181.7760 181.8720 53
181.9040 182.0640 54
182.0960 182.1920 56
182.2240 182.3520 57
182.5440 182.6720 62
182.7040 183.4080 64
183.4400 183.6320 61
183.6640 184.4000 59
184.7200 184.9440 52
185.1680 185.2320 60
185.2640 185.5200 62
185.5520 185.8720 61
185.9040 186.0640 62
186.0960 186.4480 61
186.6080 186.8320 62
186.8640 187.7920 64
187.8240 188.0160 63
188.0480 188.4000 64
188.4320 188.4960 65
188.5280 188.7520 66
189.0080 189.2000 60
189.2320 190.2880 59
190.8320 191.0240 51
191.2160 191.2480 55
191.2800 191.5360 56
191.5680 191.8880 57
191.9200 192.0160 58
192.0480 192.1760 59
192.2080 192.2400 58
192.2720 192.4960 57
192.6560 192.6560 62
192.6880 192.7840 65
192.8160 193.0080 66
193.0400 193.0400 61
193.0720 193.1360 58
193.1680 193.2960 57
193.4240 193.6800 57
193.8400 193.9040 64
193.9360 193.9680 65
194.0000 194.3200 66
194.3520 194.4160 67
194.5760 194.7040 69
194.8960 194.9280 62
194.9600 195.0240 63
195.0560 195.2160 64
195.2480 195.3120 62
195.3440 195.4720 61
195.6320 195.8240 59
195.8560 196.2720 61
196.5920 196.6880 64
197.2320 197.3600 57
197.3920 197.4240 58
197.4560 197.7440 61
198.0000 198.1600 62
198.1920 198.1920 64
198.2560 198.4160 60
198.4480 198.8000 61
198.9600 199.4400 54
199.5680 199.5680 55
199.9520 200.0160 52
200.1760 200.5280 57
200.5600 200.5600 60
200.5920 200.6560 62
200.6880 200.8160 64
200.9440 201.2960 62
201.3280 201.4880 61
201.7120 201.8400 57
201.8720 201.9360 59
201.9680 202.3520 57
202.7680 202.8000 63
202.8320 202.9600 65
203.1840 203.5360 57
203.5680 203.6960 59
203.9200 204.0160 59
204.0480 204.2720 61
204.3040 204.5600 62
204.5920 204.7840 60
204.8160 204.9120 61
204.9440 207.5360 59
207.8240 208.0480 54
208.1760 208.4000 52
208.4320 208.4640 55
208.4960 208.7520 57
208.7840 209.1360 59
209.1680 209.2640 60
209.2960 209.4240 61
209.4560 209.4880 59
209.5200 209.5840 58
209.6160 210.0000 57
210.0320 210.1600 58
210.1920 210.3840 59
210.4160 210.4480 60
210.4800 210.5760 61
210.6080 210.7360 60
210.7680 213.0720 61
213.2960 213.4240 61
213.8720 215.8880 61
215.9200 216.0160 59
230.9280 231.1200 66
231.3120 231.4720 67
232.7840 232.8480 62
233.1360 233.1360 57
233.2000 233.2960 56
233.3280 233.4880 57
233.5200 233.5520 58
233.5840 233.7760 59
233.9040 234.0000 59
234.0320 234.6080 57
234.6400 234.6400 59
234.6720 234.7040 61
234.7360 234.8320 62
234.8640 235.5040 64
235.5680 235.6960 64
236.0160 236.3040 65
236.4960 236.8160 66
236.8480 236.8480 62
237.1360 237.3920 57
237.4560 238.4160 59
239.1200 239.1200 55
239.3440 239.4720 56
239.5040 239.9200 58
240.3040 240.4640 57
240.6880 240.7840 64
240.8160 241.0400 66
241.0720 241.4240 57
241.8080 242.0640 64
242.0960 242.5440 66
242.5760 242.6720 67
242.9280 243.0240 63
243.0560 243.2480 64
243.4080 243.5040 63
243.6960 243.8240 60
243.8560 244.4000 61
244.4320 244.4640 62
244.4960 244.5600 63
244.5920 245.1680 64
245.5200 245.8080 64
245.8400 245.9360 63
245.9680 246.0320 62
246.0640 246.0960 59
246.5120 246.7680 61
246.8000 246.8320 60
247.0560 247.3760 54
247.5680 247.6000 63
247.6320 248.1760 64
248.3680 248.4640 57
248.5920 248.7520 59
249.2640 249.3600 57
249.3920 249.5200 58
249.5520 250.2560 57
250.5760 250.8640 64
250.9920 251.1840 64
251.5360 251.8240 59
252.1440 252.1440 61
252.2720 252.4640 62
252.6560 252.6880 57
252.7200 252.8160 59
252.8480 253.0080 61
253.0400 254.9600 59
255.2160 256.3040 59
256.4640 256.7200 62
256.7520 256.9120 63
256.9440 256.9760 60
257.1680 257.2320 56
257.2640 257.3280 57
257.3600 257.4880 58
257.5200 257.7440 59
258.0000 258.0320 60
258.0640 258.1280 61
258.1600 258.5120 62
258.7040 258.8000 59
258.8320 258.9280 61
258.9600 259.0560 62
259.0880 259.1520 61
259.1840 260.7200 59
260.7520 260.9120 57
260.9440 261.0720 56
261.1040 261.2640 57
261.2960 261.3920 62
261.4240 262.4160 63
262.4480 262.5760 64
262.6080 262.7360 63
263.3760 263.6960 57
263.7280 263.9200 59
264.0480 264.1120 59
264.1440 264.1760 60
264.2080 264.3360 61
264.5600 264.6240 58
264.6560 266.9280 57
