13.8080 13.9360 59
13.9680 14.0960 60
14.2880 14.5760 60
14.6080 14.8000 59
14.8320 14.9920 60
15.1200 15.8560 58
16.8480 16.9440 54
16.9760 17.0080 55
17.0400 17.3280 58
17.3600 17.3920 59
17.4240 17.5520 60
17.6800 17.8720 60
18.0640 18.1920 60
18.2240 18.4160 62
18.4480 18.4800 60
18.5120 18.8000 58
18.8320 19.2800 60
20.6240 20.6560 58
20.6880 20.7520 59
20.7840 21.3920 60
21.4240 21.5520 59
21.5840 21.6800 60
21.8720 22.2560 58
22.2880 22.6400 57
22.6720 23.0240 58
23.0560 23.0880 59
23.1200 23.3120 60
23.5680 23.6320 60
23.6640 23.6960 61
23.7280 24.9760 62
27.1520 27.3440 54
27.3760 27.4720 57
27.5040 27.6640 60
27.8240 28.1760 60
28.2080 28.3360 59
28.3680 28.5600 60
28.5920 28.6240 59
28.6560 29.3280 58
30.5120 30.5760 54
30.7680 30.8640 58
30.8960 31.6640 60
31.6960 31.8560 62
32.0160 32.1760 61
32.2080 32.6880 62
33.3280 33.3600 60
33.3920 33.4240 61
33.4560 33.5840 62
33.8080 33.9680 58
34.0000 34.6400 60
35.8560 35.8880 53
35.9200 35.9520 54
35.9840 36.1760 55
36.2080 36.2400 56
36.2720 36.5280 57
36.6880 36.7840 57
36.8160 37.0080 58
37.0400 37.2640 57
37.2960 37.8080 58
37.8400 38.0320 56
38.0640 38.2240 57
38.2560 38.4480 54
38.4800 38.6400 55
38.8320 38.8960 54
38.9280 39.8240 53
40.9120 41.0720 58
41.1040 41.5520 60
41.7760 41.9040 58
41.9360 42.0640 60
42.0960 42.1280 59
42.1600 43.2480 58
44.0800 44.1440 58
44.3040 44.4000 58
44.4320 44.4640 59
44.4960 44.9440 60
45.1360 45.2960 60
45.3280 45.5200 62
45.5520 45.5840 61
45.6160 46.7360 60
47.7280 47.8560 58
48.1120 48.6880 60
48.7200 48.7520 59
48.7840 49.2960 58
49.3280 49.4880 57
49.7760 50.1600 58
50.1920 50.7360 60
50.7680 52.4000 62
54.4480 54.4800 58
54.5120 54.5760 59
54.6080 55.1200 60
55.2800 55.3440 58
55.3760 55.4080 59
55.4400 55.6000 60
55.6320 55.7280 59
55.7600 56.9120 58
57.7760 57.8720 58
57.9040 57.9360 59
57.9680 58.4160 60
58.4480 58.5440 59
58.5760 58.8000 60
58.8320 59.1520 58
59.2800 59.4400 60
59.4720 59.7600 62
60.3680 60.4320 60
60.4640 60.5280 62
60.7520 60.9760 58
61.0080 61.9680 60
62.9600 63.0240 53
63.0560 63.0880 54
63.1200 63.3120 55
63.3440 63.8560 57
63.8880 65.1360 58
65.3920 65.4240 58
65.4560 65.5200 59
65.5520 65.6800 60
65.8400 66.3200 60
66.3520 66.4160 59
67.0560 67.1200 53
67.1520 67.1840 56
67.2160 67.4080 57
67.4400 67.5360 58
67.7600 67.8880 63
67.9200 68.1120 65
68.1440 68.1440 62
68.1760 68.6240 58
68.8160 69.0080 57
69.0400 69.2320 58
69.4240 69.4880 63
69.5200 69.5840 64
69.6160 70.2560 65
70.4800 70.5440 59
70.5760 70.7680 58
70.8000 70.8960 59
70.9280 70.9920 60
71.3440 72.2720 60
72.3040 72.4960 62
72.5280 73.2640 60
73.4560 73.6160 57
73.8720 73.9360 56
73.9680 74.1600 57
74.1920 74.4160 58
74.4480 74.4480 60
74.4800 74.6720 63
74.7040 75.3760 65
75.5040 75.7600 57
75.7920 76.0160 58
76.0480 76.1120 59
76.1440 76.3040 63
76.3360 76.7520 65
76.7840 77.3280 67
77.3600 77.5840 69
77.6160 77.8080 66
77.8400 78.2560 67
78.2880 78.3520 65
78.5440 79.9200 65
80.6240 80.6240 55
80.6560 80.6560 57
80.6880 80.7200 59
80.7520 80.9120 60
80.9440 81.2640 62
81.2960 81.3600 65
81.3920 81.4880 66
81.5200 81.7760 67
81.8080 81.9360 66
82.3520 82.3520 57
82.3840 82.4800 60
82.6720 82.8320 62
82.9600 83.1200 65
83.1520 83.3760 67
83.5680 83.6000 63
83.6320 83.6640 64
83.6960 83.8240 65
84.0480 84.2080 65
84.2400 84.3360 62
84.4640 84.8160 65
84.8480 84.9440 63
85.2960 85.3600 65
85.3920 85.4560 67
85.7120 85.7440 58
85.7760 85.8080 59
85.8400 86.0000 60
86.0320 86.1280 59
86.1600 87.3440 58
87.6960 87.7280 59
87.7600 87.9200 60
87.9520 88.0480 62
88.2080 88.3360 60
88.3680 88.5280 62
88.5600 88.7840 60
89.0400 89.1040 61
89.1360 89.3920 60
89.4240 89.8400 58
90.3200 90.4160 60
90.4480 90.5440 58
90.5760 90.7040 57
90.7360 90.8320 58
90.8640 90.8960 59
90.9280 93.4240 60
93.4560 93.5840 59
93.7760 93.8400 56
94.0320 94.1280 53
94.1600 94.1920 56
94.2240 94.4160 57
94.4480 94.5440 58
94.7680 94.8000 63
94.8320 94.8960 64
94.9280 95.1520 65
95.1840 95.1840 62
95.2160 95.6640 58
95.8560 96.0800 57
96.1120 96.3040 58
96.4640 96.6560 63
96.6880 97.2960 65
97.6800 97.7760 68
97.9680 98.1600 60
98.1920 98.5120 58
98.5440 99.0240 60
99.2480 99.3760 60
99.4080 99.5040 62
99.6320 99.7920 58
99.8240 100.3360 60
100.9120 101.1680 57
101.2000 101.4880 58
101.5200 101.5200 60
101.5520 101.7120 63
101.7440 102.1920 65
102.5120 102.8960 56
102.9280 103.1520 58
103.1840 103.2480 61
103.2800 103.4080 63
103.4400 103.7920 65
103.8240 104.4000 67
104.4320 104.5600 69
104.7520 104.8800 66
104.9120 105.4240 67
105.5520 107.4720 65
107.6640 107.7600 60
107.9840 108.3040 62
108.3360 108.5280 65
108.5600 108.9440 67
109.2960 109.4560 58
109.6480 109.8080 62
110.0000 110.0320 65
110.0640 110.1280 66
110.1600 110.4480 67
110.6080 110.8320 65
111.0240 111.2160 65
111.2480 111.4400 62
111.4720 112.0480 65
112.2720 112.5280 65
112.6880 112.8160 70
112.8480 112.8800 71
112.9120 113.2000 72
113.3600 113.4240 70
113.4560 113.7760 69
113.8080 114.5760 70
114.6080 114.6400 65
114.7360 114.7360 61
114.8320 114.8960 59
114.9280 114.9600 60
114.9920 115.0560 61
115.2480 116.0800 60
116.5280 116.6880 58
116.7200 116.7840 55
116.9760 117.4880 58
117.6160 117.8080 58
117.8400 118.6080 60
119.2160 119.3120 59
119.5040 119.6320 58
119.8240 120.3680 60
120.4000 120.5280 62
120.5600 120.9760 58
121.2000 121.3920 58
121.5840 121.8720 57
121.9040 124.0160 58
124.0480 124.5600 57
124.5920 125.1680 58
135.5680 135.6000 58
135.6320 135.6960 59
135.7280 136.1760 60
136.4000 136.4320 58
136.4640 136.5600 59
136.5920 136.6880 60
136.7200 136.8160 59
136.8480 137.9360 58
138.6720 138.7680 58
138.9280 139.0240 58
139.0560 139.0880 59
139.1200 139.5680 60
139.7280 139.8560 60
139.8880 140.1760 62
140.2080 140.2400 61
140.2720 141.4240 60
142.3200 142.5120 59
142.7360 143.2800 60
143.3120 143.3440 59
143.3760 143.9840 58
144.0160 144.1760 57
144.4000 144.7840 58
144.8160 145.4240 60
145.4560 148.0160 62
148.4000 148.5600 60
148.5920 148.6240 59
149.1040 149.2320 58
149.2640 149.8400 60
149.8720 150.0640 59
150.0960 150.2560 60
150.2880 150.3520 59
150.3840 151.4400 58
152.4320 152.5600 63
152.5920 152.7840 65
152.8160 152.8160 62
152.8480 153.4240 60
153.4560 153.8400 58
153.8720 153.9360 63
153.9680 154.0960 61
154.1280 154.5120 62
154.5440 154.5760 61
154.6080 154.6400 58
154.6720 154.8000 57
154.9920 155.0240 59
155.0560 155.0880 60
155.1200 155.1840 61
155.4080 155.5680 58
155.6000 155.6320 59
155.6640 157.0720 60
157.1040 157.1360 59
157.6160 157.6480 52
157.6800 157.7120 54
157.7440 157.9360 55
157.9680 158.5120 57
158.5440 158.6720 58
158.8000 159.7600 58
159.7920 159.9200 59
160.0800 160.1760 63
160.2080 160.2720 65
160.4960 160.6240 63
160.6560 161.1680 65
161.2000 161.2320 63
161.7120 162.0320 57
162.0640 162.1280 58
162.3840 162.4800 63
162.5120 162.7040 65
162.7360 162.7360 63
162.7680 162.7680 60
162.8000 163.2480 58
163.4400 163.6640 57
163.6960 163.8880 58
164.0480 164.3040 63
164.3360 164.9440 65
165.1360 165.3280 62
165.3600 165.6800 59
165.7120 165.7440 58
165.9680 166.0640 59
166.0960 166.2880 60
166.3200 166.4160 61
166.4480 166.5440 60
166.5760 166.7040 61
166.7360 166.8960 60
166.9280 167.0560 62
167.0880 167.1840 63
167.2160 168.0480 60
168.4640 168.5280 56
168.5600 168.6240 57
168.6560 168.7840 59
168.8160 169.0720 58
169.1040 169.1040 60
169.1360 169.1680 63
169.2000 169.2960 64
169.3280 170.0000 65
170.2240 170.6080 57
170.6400 170.7680 58
170.8000 170.8000 60
170.8320 170.9600 63
170.9920 171.4400 65
171.4720 172.0160 67
172.0480 172.2080 69
172.2400 172.4640 66
172.4960 172.9440 67
173.1680 174.7360 65
175.1840 175.3440 59
175.3760 175.5680 60
175.6000 175.7920 62
175.8240 175.8880 63
175.9200 176.1120 65
176.1440 176.6560 67
176.9120 177.0080 59
177.0400 177.1040 60
177.2960 177.4560 62
177.5840 177.6480 65
177.6800 177.7440 66
177.7760 178.0000 67
178.1920 178.4160 65
178.6400 178.8000 65
178.8320 178.9600 62
178.9920 179.0560 63
179.0880 179.8560 65
179.9200 179.9520 65
179.9840 180.0800 67
180.3040 180.3680 61
180.4000 180.6240 60
180.7520 182.0000 58
182.0320 182.1280 56
182.2880 182.4160 58
182.4480 182.6080 60
182.6400 182.7040 62
182.8960 182.9600 60
182.9920 183.1840 62
183.2160 183.4720 60
183.6960 183.7600 61
183.7920 183.9840 60
184.0160 184.1120 59
184.1440 184.5280 58
184.5600 184.6240 62
184.9760 185.2320 58
185.4240 185.5200 58
185.5520 185.7120 59
185.8400 188.0800 60
188.7840 188.8160 55
188.8480 188.8800 56
188.9120 189.1040 57
189.1360 189.2640 58
189.4240 189.5520 63
189.5840 189.7760 65
189.8080 189.8080 62
189.8400 190.3200 58
190.4800 190.7040 57
190.7360 190.9920 58
191.1200 191.1200 61
191.1520 191.3440 63
191.3760 191.9520 65
192.5600 192.6560 60
192.6880 192.8800 59
192.9120 193.0720 58
193.1040 193.1360 59
193.1680 193.5840 60
193.8400 193.9040 59
193.9360 194.0960 62
194.2560 194.4160 58
194.4480 195.1520 60
195.5360 195.6000 56
195.6320 195.7920 57
195.8240 196.1760 58
196.2080 196.2080 61
196.2400 196.3680 63
196.4000 196.8800 65
197.2320 197.3280 56
197.3600 197.5200 57
197.5520 197.8400 58
197.8720 198.0000 63
198.0320 198.4480 65
198.4800 198.9920 67
199.0240 199.1520 69
199.3760 199.4720 66
199.5040 200.1120 67
200.1440 200.2720 66
200.3040 201.8080 65
201.8400 202.1280 60
202.2880 202.4160 60
202.6400 202.8960 62
202.9280 203.1520 65
203.1840 203.6320 67
203.9840 204.0160 58
204.0480 204.1120 59
204.3360 204.4960 62
204.6560 204.7840 65
204.8160 205.0400 67
205.2320 205.4560 65
205.6480 205.8400 65
205.8720 206.0960 62
206.1280 206.4800 65
206.5120 206.5760 66
206.8320 206.8320 63
206.8640 207.1520 65
207.3440 207.4720 58
207.5040 207.5360 59
207.5680 207.8560 60
208.0480 208.1120 70
208.1440 208.4320 69
208.4640 209.2640 70
209.4880 209.5200 59
209.5520 209.6160 60
209.6480 209.7120 61
209.9040 210.6720 60
210.7040 210.7360 59
211.1840 211.3120 58
211.3440 211.3760 56
211.6320 212.4320 58
212.4640 212.4960 59
212.5280 213.2960 60
213.3280 213.3600 59
214.1600 214.2880 58
214.4800 214.6400 60
214.6720 214.7680 59
214.8000 214.9280 60
214.9600 215.2480 62
215.2800 215.3440 63
215.3760 215.3760 60
215.4080 215.5040 56
215.5360 215.9840 58
216.1760 216.4320 57
216.6560 219.4400 58
219.4720 219.5360 62
219.5680 219.6960 64
219.7280 220.1760 65
220.2080 220.5280 63
232.6880 232.7200 57
232.7520 232.8800 55
232.9120 233.1040 57
233.1360 233.2640 58
233.4880 233.6480 63
233.6800 233.9360 65
233.9680 233.9680 63
234.0000 234.0000 61
234.0320 234.3200 58
234.5120 234.7360 57
234.7680 234.9600 58
235.1520 235.3440 63
235.3760 235.6640 65
235.6960 235.7600 64
236.3040 236.3680 58
236.5600 236.7200 60
236.7520 237.1680 58
237.2000 237.3920 60
237.4240 237.5520 59
237.8080 238.0320 60
238.1920 239.0240 62
239.0560 239.2800 60
239.4720 239.7920 57
239.8240 240.0800 58
240.1120 240.1120 61
240.1440 240.2400 63
240.2720 240.7840 65
241.2320 241.3280 56
241.3600 241.4880 57
241.5200 241.7440 58
241.7760 241.7760 60
241.8080 241.9680 63
242.0000 242.3520 65
242.3840 242.9600 67
242.9920 243.1200 69
243.3120 243.3760 68
243.4080 243.9200 67
244.1120 244.1760 67
244.2080 245.7760 65
246.2560 246.3520 60
246.5760 246.8640 62
246.8960 247.0880 65
247.1200 247.5680 67
247.8560 247.8880 58
247.9200 248.0480 59
248.2720 248.4320 62
248.5920 248.6880 65
248.7200 249.0080 67
249.2000 249.4240 65
249.6160 249.8080 65
249.8400 249.8720 63
249.9040 250.0320 62
250.0640 250.3200 65
250.3520 250.4800 64
250.8640 251.0560 65
251.0880 251.1520 64
251.3120 251.4400 58
251.4720 251.7600 60
251.9520 252.0160 70
252.0480 252.5600 69
252.5920 253.2320 70
253.2640 253.3280 68
253.3600 253.6160 69
253.6480 254.4800 67
254.5120 254.5440 66
254.5760 254.6720 65
255.0560 255.1840 58
255.3120 255.5040 59
255.5360 255.6320 60
255.6640 255.7600 62
255.9520 256.1760 60
256.2080 256.2400 59
256.4000 256.9440 58
256.9760 257.3280 60
257.3600 257.3920 59
258.1280 258.1920 58
258.4160 258.6080 60
258.6400 258.7040 58
258.7360 258.8960 60
258.9280 259.0880 62
259.1200 259.6000 58
259.7920 259.9520 58
260.1760 260.4000 57
260.5280 262.3200 58
