17.2000 17.5200 66
17.7120 17.8720 62
17.9040 18.7040 63
18.7360 18.7680 62
18.8000 18.9600 61
18.9920 19.2160 59
19.2480 19.5040 61
19.7920 19.9840 61
20.0160 20.1760 62
20.2080 20.3360 63
20.3680 20.5920 62
21.3600 21.4880 53
21.5200 21.5520 55
21.5840 21.6480 56
21.6800 21.7120 58
21.7440 22.0320 59
22.1600 22.2240 56
22.3840 22.4160 60
22.4480 22.5760 61
22.6080 23.1200 62
23.1520 23.2800 63
23.3120 23.4720 62
23.5040 23.7600 61
25.5200 25.6160 67
25.6480 25.8400 66
26.0320 26.2240 62
26.2560 26.9280 63
26.9600 27.1200 62
27.1520 27.3120 61
27.3440 27.6000 59
27.6320 27.9520 61
28.0800 28.1120 60
28.1440 28.2080 61
28.2400 28.3040 62
28.3360 28.8480 63
28.8800 28.9120 62
29.6800 29.7440 52
29.7760 29.8720 53
29.9040 29.9360 55
29.9680 30.0000 56
30.0320 30.0960 57
30.2240 30.4160 58
30.4480 30.6400 56
30.7680 31.1200 62
31.2480 31.3440 62
31.3760 31.6000 61
31.6320 31.7280 60
31.7600 32.4000 59
33.8720 34.2240 66
34.3520 34.7360 63
34.8640 34.9600 62
34.9920 35.1840 63
35.2160 35.5360 62
35.5680 35.6960 61
35.7280 35.8240 59
35.9520 36.4960 61
36.5280 36.6240 62
36.6560 37.0400 63
37.0720 37.2000 62
38.0640 38.0960 53
38.1280 38.2240 54
38.2560 38.3200 56
38.3520 38.5440 59
38.5760 38.7360 58
38.7680 38.8000 57
38.8320 39.0240 56
39.0560 39.0560 58
39.0880 39.2160 61
39.2480 39.3440 63
39.5680 39.6000 61
39.6320 39.9840 62
40.1120 40.4320 61
40.4640 40.5600 62
42.2240 42.2880 63
42.3200 42.3520 65
42.3840 42.4800 66
42.7040 42.9280 63
43.0560 43.1200 63
43.2480 43.5680 63
43.6000 43.8560 62
43.8880 43.9200 61
43.9520 43.9840 60
44.0160 44.2720 59
44.3040 44.3680 61
44.4000 44.4960 62
44.5280 44.6240 63
44.6560 44.6880 62
44.8160 44.9760 62
45.0080 45.2000 61
45.2320 45.5840 59
45.6160 45.6480 58
46.3840 46.5120 53
46.5440 46.6400 55
46.6720 46.6720 57
46.7040 46.8000 59
46.9600 47.0880 59
47.1200 47.3120 56
47.4400 47.4400 59
47.4720 47.6000 61
47.6320 47.6960 62
47.7280 47.8880 63
47.9200 47.9840 62
48.0160 48.4960 61
48.5280 49.5840 59
49.6160 49.8400 58
51.2160 51.3120 57
51.3440 51.5040 59
51.6640 51.9200 63
52.1120 52.5920 66
52.6240 53.0720 68
53.1040 53.1680 69
53.2000 53.2320 70
53.2640 53.3920 71
53.4240 53.5840 68
53.6160 53.7120 67
53.7440 54.1600 66
54.1920 54.5120 68
54.7360 55.0560 66
55.1840 55.3760 68
55.5040 55.7280 61
55.7600 56.1440 63
56.7840 56.8800 67
56.9120 57.7120 68
57.7440 57.9040 67
57.9360 58.2240 66
58.3840 58.4160 60
58.4480 58.6720 61
58.8960 59.5040 63
61.0080 61.0400 66
61.0720 61.1040 67
61.1360 61.4560 68
61.4880 61.7120 71
61.7440 61.9360 68
61.9680 62.5760 66
62.6080 62.6400 67
62.6720 62.9280 68
62.9600 63.1200 67
63.1520 63.3760 66
63.5680 63.7280 68
63.7600 63.7600 66
63.7920 63.7920 63
63.8240 63.8880 61
63.9200 64.0480 62
64.0800 64.4640 63
65.1680 65.3920 61
65.5200 65.5840 59
65.7120 65.9360 61
65.9680 66.0640 63
66.2240 66.4800 68
66.5120 66.6080 69
66.6400 66.7360 62
66.7680 67.1840 63
67.2160 68.0480 66
69.2960 69.3920 66
69.4240 69.4560 67
69.4880 69.7120 68
69.8720 70.0640 71
70.0960 70.2880 68
70.3200 70.3520 67
70.3840 70.8640 66
70.8960 71.2800 68
71.4080 71.6640 66
71.9200 72.0160 68
72.0480 72.1120 67
72.1440 72.1440 64
72.1760 72.3360 61
72.3680 72.4320 62
72.4640 72.7840 63
73.0720 73.1360 62
73.4880 73.6800 61
73.8080 74.0000 59
74.0320 74.0960 60
74.1280 74.2560 61
74.2880 74.3840 63
74.5440 74.8000 66
75.0560 75.0880 61
75.1200 75.2800 62
75.3120 75.4720 63
75.5040 75.6000 61
75.6320 76.9440 59
76.9760 77.0080 58
95.9520 96.1440 66
96.1760 96.3680 65
96.9760 97.3600 74
102.7360 103.2160 59
105.8720 106.0000 67
106.0320 106.2240 66
106.3520 106.4160 62
106.4480 106.7360 63
106.8640 106.9920 62
107.0240 107.1200 64
107.1520 107.3120 63
107.3440 107.5040 62
107.5360 107.6640 61
107.6960 107.7920 59
107.9520 108.1440 59
108.1760 108.3360 61
108.4640 108.6240 61
108.6560 109.2960 62
110.0640 110.1920 53
110.2240 110.3200 56
110.3520 110.7360 59
110.7680 111.0560 56
111.0880 111.1840 60
111.2160 111.4720 62
111.5040 111.5680 59
111.6000 111.6960 61
111.7280 111.8240 62
111.8560 111.9520 63
111.9840 112.0160 62
112.0480 112.5920 61
114.2240 114.2880 62
114.3200 114.5120 66
114.7040 115.0880 63
115.2480 115.8560 63
115.8880 116.0160 61
116.0480 116.1440 59
116.2720 116.4320 62
116.4640 116.6560 63
116.6880 116.9760 62
117.0080 117.2000 61
117.2320 117.5840 59
117.9040 118.0640 59
118.0960 118.1600 58
118.4160 118.4800 53
118.5120 118.5440 54
118.5760 118.7040 55
118.7360 118.8000 59
118.9920 119.1200 59
119.1520 119.4080 56
119.4400 119.6640 61
119.6960 119.9840 63
120.0160 120.4960 61
120.5280 120.8800 59
120.9120 121.1360 58
121.1680 121.6480 59
123.2800 123.3440 58
123.3760 123.4720 59
123.6640 123.9200 63
124.1120 124.1760 67
124.2080 124.5920 66
124.6240 125.1040 68
125.1360 125.2320 69
125.2640 125.3920 71
125.4240 125.4560 69
125.4880 125.5840 68
125.6160 126.1600 66
126.1920 126.4800 68
126.7360 127.0880 66
127.2160 127.3760 68
127.5360 127.7280 61
127.7600 127.8240 62
127.8560 128.0800 63
128.8160 128.8480 66
128.8800 128.9120 67
128.9440 129.2000 68
129.3280 129.7760 68
129.8080 130.1920 66
130.3520 130.6720 61
130.8960 131.4080 63
131.4400 131.5040 65
132.9760 133.2000 68
133.3280 133.4560 69
133.4880 133.7120 71
133.7440 133.9040 68
134.0320 134.4160 66
134.5440 134.6720 67
134.7040 135.0240 68
135.0560 135.0880 67
135.1200 135.3440 66
135.5680 135.7280 68
135.7600 136.1440 61
136.1760 136.4000 63
137.1680 137.3280 61
137.4880 137.5520 59
137.7120 137.9040 61
137.9360 138.0320 63
138.1920 138.6080 68
138.6400 138.7040 65
138.7360 139.1840 63
139.2160 140.5920 66
140.8480 140.9760 66
141.2960 141.2960 63
141.3280 141.4240 67
141.4560 141.7120 68
141.8720 142.0640 71
142.0960 142.3520 68
142.3840 142.8640 66
142.8960 142.9600 69
142.9920 143.2800 68
143.4080 143.6320 66
143.9200 144.0800 68
144.1120 144.1120 66
144.1440 144.1440 63
144.1760 144.4000 61
144.4320 144.5920 62
144.6240 144.7840 63
145.4880 145.7440 60
145.7760 146.0320 59
146.0640 146.2560 61
146.2880 146.3840 63
146.5440 146.7360 66
146.7680 146.8000 64
146.8320 146.9280 62
147.0880 147.2160 61
147.2480 147.4720 62
147.5040 147.6000 61
147.6320 148.9440 59
149.1680 149.3920 66
149.4240 149.4880 67
149.6480 149.6800 67
149.7120 150.0960 68
150.1280 150.4160 71
150.4480 150.5760 69
150.6080 150.6400 68
150.6720 150.8640 67
150.8960 151.1840 66
151.2160 151.2800 69
151.3120 151.4720 68
151.5040 151.5360 67
151.7920 152.1760 66
152.2080 152.2720 67
152.3040 152.4320 68
152.5600 152.8160 62
152.8480 153.3280 63
153.8720 153.9040 66
153.9360 153.9680 67
154.0000 154.8320 68
154.8640 154.8960 67
154.9280 155.2160 66
155.4400 155.6960 61
155.9520 156.4640 63
156.4960 156.5280 65
156.5600 156.7200 66
156.7520 156.8160 65
157.6160 157.7120 58
158.0640 158.4800 68
158.5120 158.7360 71
158.8640 158.9920 68
159.0240 159.1200 67
159.1520 159.6640 66
159.6960 160.0160 68
160.0480 160.1120 65
160.1440 160.4320 66
160.6240 160.7840 68
160.8160 160.8160 65
160.8480 161.1040 61
161.1360 161.2000 62
161.2320 161.5840 63
162.2240 162.4160 61
162.5440 162.7040 59
162.7360 162.9600 61
162.9920 163.0880 63
163.2480 163.3120 69
163.3440 163.6640 68
163.6960 163.7600 67
163.7920 164.2400 63
164.2720 165.4560 66
166.3520 166.4480 65
166.4800 166.7680 68
166.9600 167.1200 71
167.1520 167.3760 68
167.4080 167.8880 66
167.9200 168.2720 68
168.3040 168.3360 66
168.4960 168.7200 66
169.0080 169.1680 68
169.2000 169.2000 63
169.2320 169.5840 61
169.6160 169.9040 63
170.0320 170.1600 64
170.1920 170.1920 62
170.5760 170.7360 61
170.8640 171.0560 59
171.0880 171.3120 61
171.3440 171.4400 63
171.6000 171.8560 66
171.8880 171.9200 62
172.1120 172.6240 62
172.6560 174.5120 59
176.7840 176.8800 65
176.9120 177.1040 66
177.1360 177.2320 65
177.2640 177.8080 63
177.9360 178.3200 63
178.3520 178.5440 61
178.7360 178.8640 59
178.8960 179.4080 61
179.5680 180.2080 63
181.3280 181.7120 59
182.2560 182.5120 63
182.6720 182.9600 63
182.9920 183.4080 61
185.1680 185.5520 66
185.5840 186.1600 63
186.1920 186.4160 64
186.4480 186.6720 63
186.7040 186.9280 61
187.0880 187.1840 59
187.2160 187.7920 61
187.9200 188.5600 63
189.3600 189.6160 56
189.6480 189.7120 58
189.7440 190.0320 59
190.0640 190.1600 58
190.6400 190.7680 63
190.8000 190.8320 62
191.0560 191.1200 61
191.2800 191.3440 60
191.3760 191.8880 59
193.5520 193.9040 66
193.9360 194.5120 63
194.5440 194.8000 64
194.8320 195.0240 63
195.0560 195.0880 61
195.2480 195.2800 61
195.3760 195.5360 59
195.5680 196.0160 61
196.2400 196.4000 62
196.4320 196.8800 63
198.0320 198.4480 59
198.8960 198.9600 62
198.9920 199.1520 63
199.1840 199.4400 62
199.4720 199.6320 63
199.6640 199.9840 61
201.9360 202.1280 66
202.5120 202.5760 63
