11.6960 11.9520 62
14.7680 14.8320 58
17.9040 18.0960 46
18.1280 18.2880 48
18.3200 18.5120 50
18.5440 19.2480 53
19.6640 19.7600 46
19.8880 20.0800 48
20.1120 20.2720 50
20.3040 20.8800 53
21.0400 21.2000 46
21.2320 21.5520 48
22.7360 22.8320 48
22.8640 22.9280 50
23.8880 23.9520 46
24.0800 24.4960 50
24.5280 24.7520 48
24.7840 24.9440 46
25.2320 25.4560 46
25.8720 26.2560 50
26.2880 26.4800 48
26.5120 26.7680 46
27.4400 28.2720 48
28.3040 28.4320 47
28.8800 28.9760 46
29.1680 29.2640 47
29.6160 29.6480 58
29.6800 29.7120 59
29.7440 30.0640 60
30.0960 30.3520 59
30.3840 31.0880 58
32.3360 32.4000 48
32.5280 32.6560 50
32.7840 33.4560 53
33.8400 34.0320 46
34.0640 34.1920 48
34.2240 34.5120 50
34.5440 35.0880 53
35.2480 35.4080 47
35.4400 35.5680 48
37.0080 37.0720 60
37.1040 37.3600 62
37.9040 38.2560 46
38.2880 38.6720 50
38.7040 38.8640 48
40.0800 40.1120 49
40.1440 40.2720 51
40.3040 40.4000 50
40.4320 40.6240 48
40.7840 40.9120 46
41.1040 41.7120 46
41.8400 42.0640 48
42.0960 42.1600 50
42.2880 42.3840 48
42.6400 43.5040 46
45.8400 46.0000 58
46.0320 46.1600 55
46.2880 46.5440 58
46.7360 47.3760 58
47.6320 48.3360 58
48.4320 48.6240 58
48.7520 48.9440 55
48.9760 49.0400 58
49.1680 49.5200 60
49.5520 49.8720 62
49.9040 50.1280 60
50.2880 50.5760 60
50.7360 51.0240 60
51.1520 51.8560 60
52.0480 52.2400 60
52.4960 52.6560 60
52.6880 52.9120 58
52.9440 53.2320 60
53.2640 53.3600 62
53.3920 53.3920 59
53.4240 53.5520 55
53.8720 54.2560 55
54.2880 55.1520 58
56.0800 56.2400 60
56.2720 56.4640 58
56.4960 56.7840 60
56.8160 57.1040 62
57.4240 57.8080 55
57.8400 58.5760 58
59.8560 60.4320 58
60.4640 60.8160 62
61.0080 61.5840 60
61.8080 62.2880 62
62.3200 63.0240 60
63.1520 63.3760 63
63.4080 63.6000 62
63.6320 64.0480 60
64.0800 64.4000 62
64.5280 64.9440 60
65.3600 65.5200 63
65.5520 66.3840 65
66.4160 66.6720 67
66.7040 66.7680 62
66.8000 67.0240 60
67.2160 67.6640 60
67.6960 67.8240 62
67.8560 67.9840 60
68.1120 68.8480 58
69.8400 70.0320 63
70.0640 70.8000 65
70.8320 70.8960 67
71.1840 71.5360 60
71.6640 72.7840 58
74.2880 74.3520 49
74.3840 74.7040 53
74.7360 75.8880 58
76.0800 77.2320 60
77.3920 77.4880 60
77.5200 77.6800 62
77.8720 77.9680 62
78.0000 79.8240 60
82.0640 82.4160 60
82.4480 82.6080 62
82.7360 82.9280 58
82.9600 83.3120 60
83.3440 83.5680 62
83.6000 83.7920 58
83.8240 83.8880 60
84.0800 84.1760 60
84.2080 84.4000 62
84.4320 84.9760 58
85.0080 85.1040 55
85.3920 85.5840 58
85.6160 85.9680 60
86.0000 86.1600 62
86.5120 86.8640 60
86.8960 87.0560 62
87.0880 87.3120 58
87.4400 87.7600 60
87.7920 88.0160 62
88.0480 88.2080 55
88.4960 89.0720 55
89.3600 90.2240 65
92.0800 92.3360 67
92.3680 92.4320 65
92.9120 93.7760 65
94.2880 94.3840 62
94.4800 94.9600 62
95.0560 95.5680 62
96.2720 96.5920 60
96.6240 96.7520 62
97.1680 97.4880 60
97.5200 97.6480 62
97.6800 97.7760 61
97.8080 97.9040 58
98.0640 98.3840 60
98.4160 98.6080 62
98.6400 99.1520 58
99.1840 99.3440 55
99.6320 99.8240 58
99.8560 100.1760 60
100.2080 100.3680 62
100.5280 100.7200 58
100.7520 101.0400 60
101.0720 101.2640 62
101.3920 101.4880 58
101.6160 101.9360 60
101.9680 102.4800 62
102.7360 103.3440 55
103.5680 103.5680 55
103.6000 104.4320 58
105.8400 106.0960 55
106.3200 106.8960 55
107.1520 107.9840 58
108.7200 109.8080 62
112.3040 112.4960 48
112.5280 112.7200 50
112.7520 113.4880 53
113.8720 114.0000 46
114.1280 114.1920 48
114.3200 114.4800 50
114.5120 115.0880 53
115.4080 115.5360 48
115.6640 115.7600 48
116.7840 116.8800 48
118.1280 118.2880 46
118.3200 118.7040 50
118.7360 118.9280 48
119.5680 119.6960 47
120.0800 120.4320 50
120.4640 120.6880 48
120.7200 120.9440 46
122.0640 122.1600 48
122.2880 122.4480 48
123.6000 124.4640 60
124.9440 125.0080 58
126.5120 126.6080 48
126.7360 126.8000 50
126.9600 127.5680 53
128.3360 128.4640 48
128.4960 128.6240 50
128.7520 129.2960 53
129.6160 129.9680 48
130.8640 130.9600 60
131.2160 131.3760 61
132.1760 132.4960 46
132.5280 132.8800 50
132.9120 133.0720 48
133.2320 133.3280 46
133.6800 133.8080 46
134.2880 134.2880 47
134.3200 134.4480 51
134.4800 134.6080 50
135.0240 135.0240 46
136.0800 136.3680 48
137.8400 138.5120 60
138.7040 138.8320 60
140.0480 140.2400 58
140.2720 140.4640 55
140.4960 141.2640 58
141.3920 142.8640 58
142.9920 143.1520 55
143.1840 143.3120 58
143.3440 143.7280 60
143.7600 144.1440 62
144.1760 144.7520 60
144.9440 145.0400 58
145.0720 145.5520 60
145.8720 145.9680 58
146.0000 146.6080 60
146.6400 146.7040 58
146.7360 146.8640 60
146.8960 147.1200 58
147.1520 147.4400 60
147.4720 147.5680 62
147.6000 147.8240 58
148.0480 148.4640 55
148.4960 149.3920 58
150.2560 150.4480 60
150.4800 150.6720 58
150.7040 150.9920 60
151.0240 151.1520 62
151.1840 151.1840 59
151.2160 151.3760 55
151.6000 151.9200 55
152.0800 153.0400 58
154.0640 154.6720 58
154.7040 155.0240 62
155.2160 155.8240 60
156.0480 156.1760 63
156.2080 156.4320 62
156.4640 157.3600 60
157.3920 157.5840 63
157.6160 157.7760 62
157.8080 158.2560 60
158.2880 158.6080 62
158.7680 159.2160 60
159.6000 159.8240 63
159.8560 160.4000 65
160.5280 160.6240 65
160.6560 160.8800 67
160.9120 160.9440 63
160.9760 161.2960 60
161.4240 161.9040 60
161.9360 162.0640 62
162.0960 162.2240 60
162.2560 163.0240 58
164.0800 164.2720 63
164.3040 164.4000 65
164.4320 164.4960 63
164.5280 165.0720 65
165.1040 165.2960 67
165.4240 165.7120 60
165.8720 166.9280 58
168.5280 168.8800 53
168.9120 168.9440 56
168.9760 170.0960 58
170.2560 171.0240 60
171.1840 171.4720 60
171.6000 171.6960 60
171.7280 171.8880 62
172.0800 172.1440 62
172.1760 174.0640 60
176.2720 176.6240 60
176.6560 176.7840 62
176.8160 176.8480 60
176.9760 177.1360 58
177.1680 177.5520 60
177.5840 177.7440 62
177.7760 178.0320 58
178.0640 178.1280 60
178.3200 178.4160 60
178.4480 178.6400 62
178.6720 179.1520 58
179.1840 179.3120 55
179.6320 179.7920 58
179.8240 180.1760 60
180.2080 180.3680 62
180.5280 180.5600 60
180.7200 181.0400 60
181.0720 181.2640 62
181.3920 181.4880 58
181.6160 181.9680 60
182.0000 182.2560 62
182.2880 182.2880 56
182.3200 182.4160 53
182.7040 183.3120 55
183.4720 184.6240 58
185.8720 185.9360 58
186.2880 186.8640 55
187.0240 187.0880 62
187.1200 187.9840 58
188.1760 188.2720 58
190.2880 190.3520 58
190.5120 190.8320 60
190.8640 191.0240 62
191.4080 191.6960 60
191.7280 191.9200 62
192.0480 192.2080 58
192.2400 192.6240 60
192.6560 192.8160 62
192.8480 193.4240 58
193.4560 193.5200 55
193.8400 194.0320 58
194.0640 194.3840 60
194.4160 194.6080 62
194.7360 194.9280 58
194.9600 195.2800 60
195.3120 195.4720 62
195.6000 195.7280 57
195.8560 196.1760 60
196.2080 196.5280 62
196.5600 196.6560 61
196.9440 197.8080 55
197.8400 198.5440 58
200.0160 200.3680 55
200.4960 201.0080 55
201.4560 202.4480 65
