1.2640 1.5200 65
7.5680 7.6640 65
9.3600 9.4240 60
10.5760 10.8640 58
10.9280 10.9920 59
11.0240 11.6320 60
11.6640 11.8240 59
12.4320 12.4640 62
12.4960 12.6240 63
15.1520 15.9520 66
15.9840 16.0800 64
16.1120 16.6880 65
16.7200 17.0080 64
17.0400 17.5200 65
17.5840 17.7120 65
20.0800 20.1120 54
20.1440 20.2720 55
20.3040 20.4000 56
20.6240 20.8800 55
20.9120 20.9760 53
21.2320 21.7120 53
21.8400 22.0960 51
22.1280 22.6720 53
23.1520 23.2480 51
23.2800 23.3120 52
23.3440 23.5040 53
23.7280 23.7600 53
23.7920 24.5280 55
24.7520 25.5200 53
25.5520 26.0000 54
26.0320 26.7680 53
26.9920 27.6960 53
28.6560 29.5840 55
29.8400 29.9040 54
29.9360 30.0960 55
30.1280 30.3840 56
30.4160 30.6720 55
31.0240 31.6320 53
31.9200 32.4640 53
33.1680 33.2320 51
33.4240 33.5840 53
33.6160 34.2880 55
34.5440 35.1200 50
35.9840 36.4640 53
37.2000 37.3280 53
39.5360 39.5680 53
39.6000 39.6640 54
39.6960 39.8560 55
39.8880 40.0480 56
40.2080 40.4000 55
40.5600 41.2960 53
41.4560 41.7440 51
42.0640 42.3200 53
42.6400 42.8000 51
42.9600 43.0560 53
43.2480 43.3760 53
43.4080 44.1760 55
44.3360 45.0720 53
45.2000 45.2960 55
45.7440 45.9680 53
46.0000 46.0640 54
46.0960 46.7360 55
46.7680 46.8000 54
47.0560 47.1200 53
47.2480 47.4080 52
48.6560 48.7200 54
49.4240 49.4880 53
49.5200 49.6480 55
49.6800 49.9040 56
50.0000 50.3200 55
50.6400 50.9920 53
51.2480 51.5360 51
51.8880 52.2720 53
52.3040 52.3680 52
52.4000 52.9440 51
53.0720 53.1040 53
53.1360 53.8720 55
54.1280 54.5120 50
55.8880 55.9520 50
55.9840 56.6560 53
57.4560 57.5200 51
57.6480 57.9360 51
57.9680 58.0640 53
58.0960 58.3520 55
58.3840 58.8640 53
58.8960 59.0240 51
59.0560 59.1520 53
59.1840 59.3440 52
60.0800 60.1440 51
60.4000 60.4960 53
60.5280 60.8160 55
60.8480 61.0080 53
62.2880 62.4160 51
62.5440 62.6400 51
62.8640 62.9600 53
62.9920 63.2800 55
63.3120 63.7600 53
63.7920 63.9200 51
63.9520 64.2400 50
64.6240 65.2000 51
65.2640 65.4240 53
65.4560 65.8720 55
66.8320 66.8960 51
66.9280 67.6320 53
68.0800 68.1440 55
68.9760 69.1040 58
69.1360 69.2960 60
69.3280 69.8400 55
70.1920 70.8960 58
72.1440 72.5600 53
72.7200 72.7520 53
72.7840 73.0720 55
73.1040 73.5200 53
73.5520 73.6480 51
73.7760 74.0960 53
77.2640 77.3280 51
77.5200 77.6480 53
77.6800 77.9680 55
78.0000 78.4800 53
78.5120 78.6400 51
78.6720 78.8320 53
79.0560 79.3760 56
79.4080 79.5040 55
79.9840 80.4640 53
81.2000 81.7440 53
81.7760 82.2560 51
82.5120 82.5760 53
82.6080 83.3760 55
83.5680 83.9840 53
84.0160 84.3680 52
84.4000 84.4320 53
84.9440 85.1360 53
86.2240 86.6080 53
87.5360 87.7920 51
87.9520 88.4000 51
88.5600 88.6560 53
88.6880 88.8800 55
88.9120 89.1680 56
89.2000 89.4880 55
89.5200 90.0000 53
90.7040 90.8320 58
91.0240 91.4720 53
91.5040 91.5680 52
91.6000 91.9520 51
92.2400 92.3040 53
92.3360 93.0720 55
93.3280 93.7760 50
94.0320 94.2560 51
95.0560 95.1200 51
95.1520 95.6320 53
95.6640 95.7600 52
96.1120 96.2080 53
96.5600 96.7520 51
98.0640 98.2240 51
98.3840 98.6720 55
98.7040 98.9600 56
98.9920 99.2160 55
99.3440 99.9520 53
100.1760 100.5280 51
100.7520 101.1360 53
101.3920 101.7760 51
102.0320 102.0640 53
102.0960 102.1280 54
102.1600 102.8640 55
103.0240 103.5680 53
103.6960 103.8560 53
103.8880 104.2720 54
104.3040 104.4320 53
104.6240 104.7200 53
105.7760 106.6080 53
106.9280 107.3760 55
108.0160 108.0800 53
108.2400 108.4320 55
108.4640 108.5600 56
108.7200 108.9120 55
109.1040 109.9360 53
110.7040 110.9280 53
111.2160 111.4400 51
111.8560 111.9520 53
111.9840 112.7200 55
112.9120 113.0080 60
113.0400 113.6160 62
114.5760 114.6720 58
114.7040 115.2160 60
116.4320 116.5920 51
116.6560 116.6880 50
116.7840 116.8160 53
116.8480 117.1360 55
117.1680 117.3600 53
117.3920 117.5840 54
117.6160 117.8720 52
118.1920 118.5440 63
118.8000 119.1840 60
119.2160 119.7600 55
119.7920 120.2720 58
121.0400 121.1680 52
121.3280 121.4240 51
121.6160 121.7120 53
121.7440 122.0640 55
122.0960 122.5440 53
122.5760 122.7040 51
122.7360 123.1200 50
123.2480 123.6640 51
123.7920 123.9200 51
124.1120 124.1760 53
124.2080 124.6240 55
125.5840 125.6160 51
125.6480 126.4800 53
126.5120 126.7040 55
126.8640 126.9280 55
127.8240 127.8560 58
127.8880 128.0480 60
128.0800 128.5920 55
128.9760 129.8080 58
130.4800 130.5760 51
130.8320 131.3120 53
131.4400 131.5040 53
131.5360 131.7920 55
131.8240 132.3040 53
132.3360 132.5280 51
132.5600 132.6880 53
135.8240 135.8880 52
136.3040 136.4000 53
136.4320 136.7520 55
136.7840 136.8160 53
136.9440 137.6800 60
137.7120 137.7760 58
138.1920 138.2880 58
138.3200 138.8960 60
138.9280 139.0240 58
139.3760 139.8880 58
140.5920 140.7520 55
141.2000 141.6800 58
141.8400 142.1600 55
142.4480 143.1200 58
143.2800 143.6960 58
144.3360 144.6240 55
144.9440 146.1920 53
146.2240 146.4160 55
146.4480 146.5120 58
146.5440 147.4720 60
147.5040 147.6000 58
147.9840 148.0800 58
148.1120 148.6880 60
148.7200 148.8480 58
149.1680 149.6800 58
150.3840 150.5440 55
150.9920 151.4720 58
151.6640 151.9520 55
152.2400 152.7200 58
152.7840 152.8160 58
153.1680 153.3920 58
154.1280 154.3520 55
155.3760 155.3760 60
155.6000 155.7280 63
155.8880 156.0160 65
156.0480 156.3040 67
156.3360 156.7840 65
156.8160 156.9760 63
157.0080 157.1040 65
158.0320 158.0640 63
158.3520 158.4480 65
158.4800 158.8000 67
158.8320 158.9280 65
160.2080 160.3360 63
160.4960 160.5600 63
160.7520 160.8800 65
160.9120 161.2000 67
161.2320 161.6480 65
161.6800 161.9680 62
162.1600 162.1920 56
162.9600 163.2800 60
163.3120 163.6960 62
163.7280 163.7920 65
164.7840 165.4560 62
165.4880 165.9680 60
166.2240 166.2240 62
166.3200 166.3520 62
166.4480 166.6080 59
166.6400 166.7680 58
166.8000 166.8320 57
167.2480 167.7920 55
167.9520 168.7200 58
168.7520 168.8480 61
168.8800 169.2320 62
169.2640 169.5200 60
170.6080 170.7680 63
170.8000 171.3440 65
171.3760 171.6640 67
171.6960 171.8560 65
174.8960 175.4720 63
175.5040 175.6000 65
175.6320 175.9200 67
175.9520 176.3680 65
176.4000 176.5600 63
176.5920 176.9120 65
176.9760 177.1040 65
177.5840 177.7440 63
177.7760 177.8720 62
177.9040 178.3520 61
178.4800 178.9920 58
179.1520 179.4720 62
180.4320 180.9120 55
181.3280 182.1280 62
182.1600 182.2240 60
182.2560 182.6400 58
183.5680 183.9200 55
185.2640 185.8080 55
185.9360 186.0320 55
187.4720 187.5360 67
187.8240 187.8880 65
187.9200 188.1760 66
188.2080 188.3040 65
189.7440 189.8080 63
190.3840 190.4800 66
190.8000 191.1520 65
191.4720 192.2400 62
193.3920 193.6160 58
195.0560 195.3440 67
195.4720 195.7920 60
195.9840 196.1760 60
196.3360 197.5840 67
197.9360 198.1600 65
198.7680 199.4720 63
201.8720 202.0640 65
202.0960 202.1280 62
202.2240 202.5120 58
203.0560 203.2160 67
203.2480 203.6320 65
204.8800 204.9440 66
204.9760 205.1040 67
207.0560 208.3040 65
208.3360 208.9760 67
215.0240 215.9520 66
216.1120 216.7200 65
