0.6880 0.8800 61
1.1360 1.4880 63
1.5200 1.5840 64
1.6160 1.6480 65
1.6800 1.7120 66
1.7440 2.0960 67
4.1120 4.4000 68
4.4320 4.4640 69
4.4960 4.5280 70
4.5600 4.9440 71
4.9760 5.0720 70
5.2320 5.7440 69
5.7760 5.8400 68
6.2880 6.5120 62
7.5680 7.7600 66
7.7920 7.8560 65
7.8880 8.1760 64
8.4640 8.6880 64
9.2000 9.3600 65
9.5840 10.0320 68
10.0640 10.0960 69
10.1280 10.1600 70
10.1920 10.2240 71
10.2560 10.4480 72
10.4800 10.5760 71
10.6080 10.6400 70
10.6720 10.7040 69
10.7360 10.9600 68
10.9920 11.1200 69
11.1520 11.3440 70
11.3760 11.4400 69
11.6000 11.7600 62
11.9200 12.1440 60
12.4000 12.6880 63
12.7200 12.7520 64
12.7840 12.9120 65
12.9440 13.3280 67
13.3600 13.3920 66
13.4240 13.5200 65
14.8000 14.9600 65
15.2160 15.5360 68
16.5600 16.6240 68
17.1680 17.4240 62
17.5840 17.7760 60
18.0320 18.1920 63
18.2560 18.5760 63
18.6080 18.7360 64
18.8640 19.2480 63
19.2800 19.3120 62
19.4080 19.7600 60
20.4320 20.6240 65
20.8480 21.0720 68
21.1040 21.1680 67
21.2000 21.2320 64
21.5520 21.6800 60
21.7120 22.0640 63
22.2240 22.3200 60
22.3520 22.5760 59
22.6080 22.7040 58
22.7360 22.7680 56
22.8000 23.0880 55
23.3120 23.4080 59
23.7600 23.8880 62
23.9200 24.0160 61
24.0480 24.0800 62
24.1120 24.8800 63
25.0400 25.4240 60
25.4560 25.4880 59
25.6480 25.6800 56
25.7120 25.8720 55
26.0960 26.2560 54
26.5120 26.7360 56
27.0560 27.2480 60
27.2800 27.5360 59
27.5680 27.6000 57
27.6320 27.7280 56
27.7600 28.0480 55
28.0800 28.3680 56
28.4000 28.6880 55
28.8800 28.9120 58
28.9440 28.9760 59
29.0080 29.0720 60
29.5200 29.5840 62
29.6160 29.8400 63
29.8720 29.9360 65
29.9680 30.0640 64
30.0960 30.5120 63
30.5440 30.5760 62
30.6080 30.7040 61
30.7360 31.1200 60
31.7600 31.9200 65
32.1440 32.2400 68
32.4960 32.7200 63
32.7520 32.7840 62
32.8160 32.9760 61
33.0080 33.0400 63
33.0720 33.2000 64
33.2320 33.3600 63
33.3920 33.4560 62
33.4880 33.4880 60
33.7120 33.8080 59
34.6080 34.7360 60
34.9920 35.1200 63
35.1520 35.3440 62
35.3760 35.5040 63
35.5360 35.7600 64
35.7920 35.9520 63
35.9840 36.1440 64
36.1760 36.2080 63
36.2400 36.6560 60
36.9120 37.1040 55
37.4240 37.5520 54
37.8080 37.9040 56
38.3520 38.5120 60
38.5440 38.8000 59
38.8320 38.8640 58
38.8960 38.9600 57
38.9920 39.3440 55
39.3760 39.5040 56
39.5360 39.6640 57
39.6960 39.7280 56
39.7600 40.0160 55
41.4560 41.5520 70
41.5840 41.6160 71
41.6480 41.7440 72
41.7760 41.8080 71
41.8400 41.8720 70
41.9040 41.9360 69
42.1600 42.3200 65
42.3520 42.5120 67
42.5440 42.5760 65
42.6080 42.7040 63
42.8960 43.4080 65
43.6320 43.9840 63
44.3040 44.8160 65
45.0400 45.2000 65
45.2320 45.3920 67
45.4240 45.6800 65
45.7120 45.7440 66
45.7760 45.9040 67
45.9360 46.0000 66
46.1280 46.2560 66
46.8320 47.0880 63
47.1200 47.1200 66
47.1520 47.1520 68
47.1840 47.3120 70
47.3440 47.4080 72
47.4400 47.4720 71
47.5040 47.6000 70
47.8560 47.9840 65
48.0160 48.1120 67
48.1440 48.1760 65
48.2080 48.3360 63
48.5280 49.1040 65
49.1360 49.1680 64
49.2000 49.3920 63
49.9680 50.3840 65
50.6400 50.8320 65
50.8640 50.9920 66
51.0240 51.1840 65
51.5360 51.6640 61
51.9200 52.1120 63
52.1440 52.2080 62
52.2400 52.2720 61
52.8160 52.8800 63
52.9120 53.0400 65
53.4240 54.7680 65
54.8000 55.0560 67
55.0880 55.1520 66
55.1840 55.3440 63
55.6000 55.6640 65
55.7920 55.9200 67
55.9520 56.0800 66
56.1120 56.1760 67
56.2080 56.2400 65
56.6880 56.9760 62
57.1040 57.2960 60
57.5200 57.8720 63
57.9040 58.0000 64
58.0320 58.0960 65
58.1280 58.1920 67
58.4480 58.6400 65
58.8000 58.9600 62
59.1520 59.2800 67
59.3120 60.4000 65
60.4320 60.6880 67
60.7200 60.7520 65
60.9120 61.0080 63
61.2640 61.4240 65
61.4560 61.5520 68
61.6800 61.7440 68
61.7760 61.8720 69
61.9680 62.0640 70
62.3840 62.5760 62
62.7040 62.8640 60
63.0240 63.0240 68
63.0560 63.1200 70
63.1520 63.2800 71
63.3120 63.3760 69
63.4080 63.5680 65
63.7280 64.8480 65
64.8800 65.0080 67
65.1360 65.2640 70
65.2960 65.3600 72
65.4880 66.0640 65
66.1920 66.8320 65
67.1200 67.1840 65
67.4400 67.5360 60
68.4320 68.5920 60
68.9760 69.0080 63
69.1040 69.1040 64
69.4560 69.4560 70
69.5520 69.6480 67
69.8400 70.0000 64
70.3840 70.4160 63
70.4480 71.1200 65
71.1520 71.2800 63
71.3120 71.7920 65
71.8240 71.9520 67
71.9840 72.0160 65
72.1120 72.1760 62
72.2080 72.2720 63
72.5600 72.7200 65
72.7520 72.8800 67
72.9120 73.0080 65
73.0400 73.1680 67
73.5200 73.5840 63
73.7120 73.8720 62
73.9360 73.9680 60
74.0320 74.0960 60
74.7680 74.8640 61
74.8960 75.2480 63
75.4080 75.5360 63
75.6640 75.7920 63
75.8240 76.2720 60
76.8160 77.1040 65
77.3280 77.6480 68
77.6800 77.7440 65
77.7760 77.9680 63
78.0000 78.1600 60
78.1920 78.2880 63
78.4480 78.5760 63
78.7360 78.7680 59
78.9600 79.0880 58
79.1200 79.2480 56
79.2800 79.5680 55
79.6000 79.7600 56
79.7920 79.8880 59
80.1760 80.2720 62
80.3040 80.6560 63
80.6880 80.7520 65
80.8800 81.2960 63
81.3280 81.4560 62
81.4880 81.7760 60
81.8080 81.8720 59
82.0640 82.4160 55
82.4480 82.5760 56
82.6080 82.6720 55
82.9600 83.2800 56
83.5680 83.9520 59
83.9840 84.0160 58
84.0480 84.0800 57
84.1120 84.1760 56
84.2080 84.4960 55
84.5280 84.6240 56
84.6560 84.8160 57
84.8480 84.9120 56
84.9440 85.1680 55
85.3600 85.4560 59
85.4880 85.5520 60
85.7760 85.9680 63
86.0000 86.0000 65
86.0320 86.1280 68
86.1600 86.2880 70
86.3200 86.4800 69
86.5120 86.5440 68
86.5760 86.7360 67
86.7680 86.8960 65
86.9280 86.9600 63
86.9920 87.0240 62
87.0880 87.3440 60
87.3760 87.4400 61
87.5040 87.7280 62
88.1440 88.3680 65
88.5920 88.6880 68
88.7200 88.7520 67
88.7840 89.2320 63
89.2640 89.4560 60
89.4880 89.5200 63
89.5520 89.8080 65
89.8400 89.9040 63
90.1600 90.2880 67
90.5440 90.6400 63
90.8960 91.0560 60
91.4720 92.1440 63
92.3040 92.3680 63
92.4000 92.4960 65
92.5280 92.6240 63
92.7840 92.8480 61
92.8800 93.2960 59
94.2560 94.4160 56
94.7680 94.8000 56
94.8320 94.8640 57
94.8960 95.2800 59
95.3120 95.3760 57
95.4080 95.4400 56
95.4720 95.6640 55
95.8560 95.9520 56
95.9840 96.1440 57
96.1760 96.5600 55
97.9040 97.9040 67
97.9360 98.0960 70
98.1280 98.2880 72
98.3200 98.4480 70
98.6080 98.8000 65
98.8320 98.9600 67
98.9920 99.0240 65
99.0560 99.1840 63
99.3120 99.9200 65
100.1120 100.5280 63
100.7840 101.6160 65
101.6480 101.8080 67
101.8400 102.1600 65
102.6720 102.7680 67
103.2800 103.5680 63
103.6000 103.6000 67
103.6320 103.7600 70
103.7920 103.9520 72
103.9840 104.0800 70
104.2720 104.4320 65
104.4640 104.5600 67
104.5920 104.6240 65
104.6560 104.8160 63
105.0080 105.4880 65
105.7440 105.8720 63
105.9040 106.1280 62
106.4160 106.7360 65
106.9600 107.1200 62
107.1520 107.2480 65
107.2800 107.5040 66
107.5360 107.6640 65
107.9840 108.1440 61
108.4000 108.6240 63
108.6560 108.7200 64
109.0400 109.2000 67
109.2320 109.3280 64
109.3600 109.3920 66
109.4240 109.5520 65
109.9040 109.9360 65
109.9680 110.0640 66
110.0960 110.5120 65
110.6400 110.6400 65
110.7040 111.2480 65
111.2800 111.3440 67
111.3760 111.5680 68
111.6000 111.6000 66
111.6960 111.8240 63
111.8560 111.8880 61
112.0800 112.1440 65
112.3040 112.3360 67
112.3680 112.5280 66
112.5600 112.7200 67
113.0400 113.1040 63
113.1360 113.3920 62
113.5520 113.6800 60
113.7120 113.7760 61
114.0000 114.3200 63
114.3520 114.4480 64
114.5760 114.6720 67
114.9280 115.0880 65
115.2480 115.5360 61
115.5680 115.6000 66
115.6320 115.7600 67
115.7920 116.8800 65
116.9120 116.9760 67
117.0080 117.2320 68
117.4880 117.5520 71
117.7440 117.8720 65
117.9040 118.0320 68
118.1920 118.3840 67
118.7040 118.7040 63
118.7680 119.0560 62
119.0880 119.4080 60
119.5360 119.5680 58
119.6000 119.6640 59
119.6960 119.7600 60
119.9200 120.0480 65
120.2080 120.3680 65
120.4000 120.4960 67
120.5280 121.3280 65
121.3600 121.4560 67
121.6160 121.6800 70
121.7120 121.7440 71
121.7760 121.8400 72
121.8720 122.0000 67
122.0320 123.0240 65
123.1520 123.2800 65
123.5040 123.6320 65
123.9200 124.0160 60
124.2400 124.2720 60
124.8800 125.0720 60
125.4240 125.5840 64
125.8400 125.9040 69
126.0640 126.1280 66
126.3200 126.4480 64
127.0560 127.5360 65
127.7920 128.5600 65
128.5920 128.7840 62
129.0400 129.2000 65
129.2320 129.3280 67
129.3600 129.4560 65
129.4880 129.6160 67
129.6480 129.6800 65
129.9360 130.0000 67
130.1920 130.3200 62
130.5120 130.7040 60
130.9920 131.1200 63
131.3440 131.3760 63
131.4720 131.7920 67
131.8240 131.9520 65
131.9840 132.1120 66
132.5280 132.5600 66
132.5920 132.6560 67
133.2000 133.2640 63
133.4240 133.5840 65
133.7760 134.1920 68
134.4160 134.8320 71
134.8640 135.1520 68
135.4400 135.5040 69
135.7280 135.9840 62
136.0480 136.3680 60
136.6240 136.7520 63
136.7840 136.8800 64
137.1680 137.3920 67
137.4240 137.4560 66
137.4880 137.6800 65
137.7120 137.7440 64
137.9360 138.0320 63
138.2240 138.3200 67
138.8640 138.8640 62
139.0880 139.1840 65
139.5360 139.8880 68
140.0800 140.3040 72
140.3360 140.4000 71
140.4320 140.4640 70
140.4960 140.6240 69
141.0720 141.1360 67
141.3600 141.7120 62
142.0640 142.1600 65
142.1920 142.3200 67
142.3520 142.8640 63
142.8960 143.0240 62
143.4720 143.5680 63
143.6000 143.6960 65
143.7280 143.7920 64
143.8240 144.4000 62
144.6240 144.7840 56
144.8160 145.4560 55
145.5840 145.9680 55
146.0000 146.0640 56
146.3200 146.4160 63
146.4480 146.8320 65
146.8640 147.1200 63
147.1520 147.2800 65
147.7280 147.7600 65
147.7920 147.9200 67
147.9520 148.4960 63
149.1360 149.1680 62
149.2000 149.2640 63
149.2960 149.3920 65
149.4240 150.0320 62
150.0640 150.0960 60
150.2560 150.3200 56
150.3520 150.8320 55
150.8640 151.0240 56
151.2480 151.3440 63
151.3760 151.5040 65
151.5360 151.6960 62
151.7280 151.8880 60
152.6240 152.7840 63
152.8160 152.8480 61
152.8800 152.9760 60
153.3280 153.3600 64
153.3920 153.4560 65
153.4880 153.5840 67
153.6160 153.6160 65
153.7120 154.3200 63
154.8000 154.8960 63
154.9280 155.0560 65
155.0880 155.1200 63
155.1520 155.6640 62
155.6960 155.7280 61
155.8880 156.1760 56
156.2080 156.7200 55
156.9440 157.2640 56
157.5840 157.5840 60
157.6160 157.7440 63
157.7760 158.0960 65
159.0240 159.0560 65
159.0880 159.1840 67
159.3120 159.9840 63
160.0160 160.0800 66
160.1120 160.2080 67
160.2400 160.2720 66
160.4640 160.5280 63
160.5600 160.7200 65
160.7520 160.8480 63
160.8800 161.3600 62
161.4880 161.5520 56
161.5840 162.0640 55
162.1920 162.2880 55
162.3200 162.3840 56
162.5440 162.6400 63
162.6720 162.8000 65
162.8320 162.8640 63
162.8960 163.0240 62
163.0560 163.1840 60
164.4320 164.5920 60
164.9440 164.9760 62
165.0080 165.0720 63
165.5840 165.6800 67
165.8400 165.8720 65
165.9040 165.9680 64
166.0000 166.0320 63
166.3840 166.4160 64
166.4480 167.2480 65
167.3760 167.7600 70
167.7920 167.8240 69
167.8560 168.0800 68
168.7520 168.8480 68
168.8800 169.0080 66
169.0400 169.1360 67
169.2640 169.3600 70
169.3920 170.1280 72
170.4800 170.5440 64
170.5760 170.8000 63
170.8320 170.8960 64
171.0560 171.1520 67
171.4080 171.5040 65
171.6960 171.7280 62
171.7600 172.0160 61
172.6560 172.7520 65
173.1360 173.1360 68
173.1680 173.7440 70
174.0000 174.0640 71
174.1920 174.3520 65
174.3840 174.5120 68
174.6720 174.7680 67
175.0560 175.1200 62
175.6320 175.9520 60
175.9840 176.0800 58
176.1120 176.1440 59
176.1760 176.2400 60
176.4000 176.4960 65
176.6880 176.7840 65
176.8160 176.9760 66
177.0080 177.8080 65
177.8400 177.9360 67
177.9680 178.0000 65
178.0320 178.1920 63
178.4480 178.8000 65
179.1200 179.3760 65
179.4720 179.7280 65
179.9200 179.9840 67
180.0160 180.1440 65
181.3920 181.5520 62
181.9040 182.0640 63
182.0960 182.1600 65
182.4480 182.6080 67
182.6400 182.7360 63
182.8000 182.9280 64
183.5360 183.7920 65
183.8880 184.0160 65
184.5920 184.7200 70
184.7520 184.9440 67
185.5200 185.9360 65
185.9680 186.1280 67
186.1600 186.3200 70
186.3520 186.4480 72
186.4800 186.6080 70
186.6400 187.0240 72
187.4720 187.6000 63
187.6960 187.7600 63
187.7920 187.8880 64
187.9200 187.9840 65
188.0160 188.2720 67
188.3040 188.3680 65
188.7520 188.7520 63
188.9440 189.0080 64
189.3600 189.5200 70
189.7120 189.8400 70
189.8720 190.3520 67
190.3840 190.5120 66
190.5440 190.5760 67
190.6080 190.7360 69
190.7680 190.8000 67
191.0240 191.0240 70
191.0880 191.1200 68
191.1520 191.3120 67
191.3440 191.4400 68
191.9200 191.9840 69
192.4000 192.4640 62
192.6560 192.8160 60
193.1040 193.2320 63
193.2640 193.3280 64
193.5840 193.6160 66
193.6480 193.9040 67
193.9360 194.2240 65
194.6720 194.6720 72
194.7040 194.9280 74
194.9600 194.9920 73
195.0560 195.1200 72
195.1840 195.1840 70
196.0160 196.0800 69
196.1120 196.4320 70
196.4640 196.5280 69
196.5600 196.8800 71
196.9120 196.9120 70
196.9440 196.9760 69
197.0080 197.1040 68
197.4880 197.5200 70
197.5520 197.5520 69
197.7440 198.1280 62
198.1600 198.2240 60
198.2560 198.3200 59
198.5760 198.6720 59
