21.7120 21.8080 63
21.8400 21.9680 64
22.0000 24.0160 63
24.8800 25.0720 55
25.6480 26.4480 54
28.0800 28.2400 62
28.2720 28.3360 61
28.3680 28.4320 60
28.4640 28.7200 59
28.8480 29.0080 61
29.0400 29.1040 60
29.1360 29.4560 59
29.7760 30.2880 55
30.8640 31.1520 55
32.0160 32.1440 59
32.1760 32.5920 58
32.7520 32.9120 59
33.1040 33.3600 57
33.5200 34.1600 55
34.6720 34.8320 54
34.9600 36.3360 54
40.6240 40.8160 54
41.3920 42.0320 54
43.8240 43.9840 62
44.0160 44.0800 61
44.1120 44.2400 60
44.2720 44.4640 59
44.4960 44.5280 60
44.5600 44.6880 61
44.8480 45.0400 60
45.0720 45.1680 59
45.3600 45.4880 55
45.5200 46.0320 54
46.4800 46.9600 54
47.7600 47.9200 59
47.9520 48.0800 58
48.2080 48.3040 57
48.3360 48.4000 58
48.4320 48.6240 59
48.6560 48.9760 58
49.0080 49.1040 57
49.1360 49.2640 56
49.2960 49.9040 55
50.3840 50.5760 58
50.7040 50.7680 60
50.8000 50.8640 61
50.8960 51.0560 62
51.1840 51.3120 60
51.3440 51.4400 59
51.4720 51.9840 58
52.2080 52.2400 58
52.2720 52.3680 59
52.4000 52.9440 60
53.1040 54.1920 58
56.1120 56.2080 60
56.3360 56.6560 62
56.6880 57.1680 63
57.2000 57.2320 62
57.3600 57.5200 62
57.5520 57.7440 63
57.7760 57.9360 62
58.0640 58.2560 62
58.2880 58.5440 61
58.5760 58.8000 62
58.8320 58.8640 61
59.3440 59.6640 56
59.9840 60.1120 57
60.3680 60.4320 60
60.4640 60.6240 61
60.6560 60.8160 60
60.8480 60.9120 61
60.9440 62.0000 62
64.0480 64.1760 61
64.2080 65.4240 62
65.4560 65.5840 63
65.6160 66.3840 62
66.4160 66.5440 63
66.5760 67.0560 62
67.2160 67.8560 63
67.8880 67.9520 65
67.9840 68.0800 66
68.1120 68.6240 67
68.6560 68.6880 66
68.8800 69.0720 61
69.1040 69.6480 62
70.5120 70.5440 57
70.5760 70.7360 58
70.7680 70.8960 59
70.9280 71.2160 60
71.2480 71.2800 61
71.3120 71.5040 62
71.6640 71.8240 65
71.8560 71.9520 63
72.1440 72.2400 66
72.2720 72.4320 67
72.4640 72.5920 66
72.6240 73.8720 67
74.8320 74.9600 58
74.9920 75.0560 59
75.0880 75.1520 60
75.1840 75.3440 61
75.5680 75.6320 65
75.6640 75.6960 66
75.7280 75.9200 67
75.9520 76.0160 65
76.0480 76.1760 63
76.3040 76.4320 65
76.4640 76.5920 67
76.6240 77.8720 65
78.0000 78.0640 65
78.7360 78.8640 59
79.0560 79.1840 60
79.2160 79.3440 61
79.3760 79.4400 62
79.4720 79.5040 63
79.5360 79.6000 64
79.6320 80.0480 65
80.2400 80.3360 63
80.3680 80.8480 65
80.8800 80.9760 66
81.0080 81.3600 65
81.3920 81.4240 64
81.4560 81.8080 63
81.9360 82.2560 63
82.9920 83.1200 58
83.1520 83.2160 59
83.3760 83.4080 62
83.4400 83.5360 63
83.5680 83.7600 65
83.9200 84.0480 65
84.0800 84.2400 67
84.2720 85.6800 65
86.9920 87.0880 66
87.1200 87.5360 67
87.5680 87.7920 70
87.8240 88.2080 67
88.3680 88.6880 65
88.7200 88.7520 63
88.7840 89.0400 62
89.0720 89.1360 63
89.1680 89.2000 64
89.2320 89.4240 65
89.5520 89.6160 63
89.8080 89.8400 66
89.8720 90.0320 67
90.0640 90.2880 66
90.3200 90.6400 65
90.6720 90.9920 62
91.0240 91.1200 63
91.1520 91.2480 65
91.5360 91.6960 65
91.7280 91.7920 66
91.8240 91.9200 68
91.9520 92.1760 70
92.2080 92.2400 69
92.2720 92.7200 68
92.7520 93.1360 67
93.1680 93.3600 68
93.4880 93.5840 70
93.6160 93.6480 69
93.7760 93.8720 66
93.9040 94.0960 67
94.1280 94.3840 65
94.9600 94.9600 64
94.9920 94.9920 70
95.0240 95.0240 72
95.0560 95.2800 74
95.3120 95.4080 72
95.4400 95.6000 74
95.6320 95.7280 72
95.9200 96.0480 72
96.0800 96.1120 71
96.1440 96.5920 70
96.6240 96.9760 68
97.0080 97.0400 69
97.0720 97.3600 70
97.3920 97.5200 67
97.6480 97.7120 71
97.7440 98.0320 72
98.0640 98.5120 70
98.6400 98.7360 68
98.8960 98.9280 68
98.9600 99.1520 69
99.4080 99.6000 62
99.6320 99.6640 65
99.6960 99.7600 66
99.7920 100.3680 67
100.4000 100.4320 66
100.4640 101.1040 65
101.8400 101.9040 63
101.9360 101.9680 64
102.0000 102.2240 65
102.3520 102.8960 67
102.9280 102.9600 68
102.9920 103.2160 69
103.2480 103.3440 68
103.3760 103.4720 69
103.5040 104.8160 70
105.7760 105.8400 69
105.8720 106.0640 70
106.1920 106.3200 68
106.3520 106.6080 69
106.6400 106.6720 66
106.7040 107.1840 65
107.2160 107.2480 67
107.2800 107.3760 68
107.4080 108.3360 69
108.3680 108.4640 68
108.7200 109.0080 67
109.2000 110.0320 67
111.1840 111.2480 65
111.2800 111.4080 67
111.4400 111.7600 69
111.7920 111.9200 70
111.9520 112.3360 67
112.3680 112.7200 65
112.7520 112.7840 66
112.8160 112.8480 67
112.8800 113.0080 68
113.0400 113.2000 70
113.5840 113.6160 71
113.6480 113.7120 72
113.7440 113.8720 74
113.9040 114.0000 72
114.1600 114.3200 72
114.3520 114.4800 71
114.5120 115.4400 70
116.3360 116.3680 68
116.4000 116.5600 69
116.6880 116.7840 68
116.8160 116.8480 69
116.8800 119.1840 70
119.2160 119.3120 67
119.3440 119.3760 66
119.4080 121.6800 65
123.4400 123.6640 55
123.6960 123.7280 54
124.2080 124.3360 54
124.4320 125.0720 54
126.7680 126.9600 61
126.9920 127.1200 60
127.1520 127.3120 59
127.3440 127.4400 60
127.4720 127.5040 61
127.5360 127.6640 62
127.8240 128.1440 59
128.3680 128.4640 55
128.4960 129.1680 54
129.6800 129.9680 54
130.8640 130.9280 59
130.9600 131.0560 60
131.0880 131.2160 59
131.3440 131.4400 57
131.4720 131.5680 58
131.6000 131.7280 59
131.7920 132.1440 58
132.1760 132.2080 57
132.2400 132.3040 56
132.3360 133.0400 55
133.5200 133.6800 58
133.8400 133.8720 60
133.9040 133.9680 61
134.0000 134.1280 62
134.2880 134.4160 60
134.4480 134.4800 59
134.5120 135.0880 58
135.2800 135.3760 59
135.4080 136.0160 60
136.0480 136.1120 59
136.1440 137.3600 58
139.1840 139.2160 59
139.2480 139.3440 60
139.4720 139.8560 62
139.8880 140.3360 63
140.4960 140.6240 61
140.6560 140.6880 62
140.7200 140.8480 63
140.8800 141.3920 62
141.4240 141.6480 61
141.6800 142.0000 62
142.2880 142.3520 57
142.4800 142.7360 56
143.4400 143.5040 60
143.5360 143.6000 61
143.6320 143.7280 62
143.7600 143.9200 60
143.9520 144.6880 62
144.7200 144.7520 61
144.7840 144.8160 60
144.8480 144.9440 59
144.9760 145.5840 58
147.1520 147.2480 60
147.2800 147.3120 61
147.3440 147.7280 62
147.7600 147.8560 63
147.8880 148.3040 62
148.4320 148.5280 62
148.5600 148.7200 63
148.7520 149.4560 62
149.4880 149.6480 63
149.6800 150.1920 62
150.3200 150.8000 62
150.8320 150.8960 63
151.0560 151.1840 66
151.2160 151.8240 67
151.9840 152.1760 61
152.2080 152.9120 62
152.9440 153.0080 61
153.4880 153.6480 57
153.6800 153.8080 58
153.8400 153.9040 59
153.9360 154.0960 60
154.2560 154.3840 60
154.4160 154.5760 62
154.7360 154.8960 65
154.9280 154.9920 63
155.2160 155.3120 66
155.3440 155.5040 67
155.5360 155.6640 66
155.6960 157.1360 67
158.0000 158.0320 57
158.0640 158.1920 58
158.2240 158.3200 60
158.3520 158.4160 61
158.6720 158.7040 64
158.7360 158.8000 65
158.8320 158.9920 67
159.0240 159.0880 65
159.1200 159.2480 63
159.3760 159.4720 66
159.5040 159.6640 67
159.6960 161.1680 65
161.2000 161.2320 64
161.8720 162.0000 58
162.1600 162.3840 60
162.4160 162.5440 61
162.5760 162.6080 62
162.6400 162.7360 63
162.7680 163.1520 65
163.3440 163.4400 63
163.4720 164.4960 65
164.5280 164.9120 63
165.0400 165.3280 62
165.8080 165.8720 57
166.0640 166.2880 58
166.3200 166.3840 59
166.5440 166.6720 63
166.7040 166.9280 65
167.0880 167.1840 65
167.2160 167.3440 67
167.3760 169.1680 65
173.7440 173.8720 65
174.0960 174.1920 65
174.2240 174.4800 67
174.5120 174.5760 68
174.6080 174.8000 70
174.8320 175.2480 67
175.4080 175.7600 65
175.7920 175.8240 63
175.8560 176.0160 62
176.1440 176.1760 63
176.2080 176.2400 64
176.2720 176.4640 65
176.8480 176.9440 66
176.9760 177.1040 67
177.1360 177.4240 65
177.5520 177.7120 65
177.7440 177.7760 63
177.8080 177.9680 62
178.0000 178.0960 63
178.1280 178.2560 65
178.5440 178.6720 65
178.8320 178.9280 69
178.9600 179.1520 70
179.1840 179.2800 69
179.3120 179.7920 68
179.8240 180.1440 67
180.1760 180.4320 68
180.4640 180.6240 70
180.7840 180.8160 66
180.8480 181.0080 67
181.0400 181.4560 65
181.9360 181.9680 71
182.0000 182.0320 72
182.0640 182.6720 74
182.7040 183.1520 72
183.1840 183.2480 71
183.2800 183.6320 70
183.6640 183.9840 67
184.0160 184.1120 68
184.1440 184.4000 70
184.4320 184.5600 67
184.6880 184.7200 72
184.7520 184.7840 73
184.8160 184.9120 74
184.9440 185.1360 72
185.1680 185.5520 70
185.6800 185.8080 67
185.9360 186.0000 68
186.0320 186.0640 69
186.0960 186.2560 70
186.2880 186.2880 68
186.3200 186.3200 65
186.3520 186.5120 63
186.6720 186.8000 66
186.8320 186.9920 67
187.1520 187.2480 66
187.2800 187.3760 67
187.4080 187.4400 66
187.4720 188.1440 65
188.8800 189.0080 63
189.0400 189.2320 65
189.3600 189.9680 67
190.0000 190.2560 69
190.2880 190.3840 68
190.4160 190.5440 69
190.5760 192.1440 70
192.1760 192.2080 71
192.8160 192.9440 68
192.9760 193.2000 70
193.2320 193.5840 69
193.8080 194.0960 65
194.2880 194.4160 67
194.4480 195.4720 69
195.5040 195.6320 67
195.7920 196.1120 67
196.1440 196.3680 66
196.4000 197.3280 67
198.4800 198.6080 68
198.6400 198.8000 69
198.8320 198.9280 70
198.9600 199.4080 67
199.4400 199.7600 65
199.7920 199.8880 67
199.9200 199.9520 68
199.9840 200.0160 69
200.0480 200.1760 70
200.4640 200.5920 67
200.6240 200.8160 70
200.8480 201.2640 67
201.4240 201.5200 65
201.5520 201.6480 64
201.6800 201.7760 67
201.8080 201.8720 68
201.9040 202.0320 70
202.1600 202.2880 67
202.3200 202.4160 68
202.4480 202.6400 70
202.6720 202.7040 71
202.7360 202.8320 72
202.8640 203.0880 73
203.1200 203.3440 72
203.3760 203.9840 70
204.0160 204.2720 72
204.3040 204.4960 71
204.5280 204.7200 72
205.4240 205.5200 65
205.5520 205.8720 67
205.9040 206.0000 68
206.0320 206.2880 70
206.3200 206.6080 68
206.6400 206.7040 67
206.8640 207.2160 65
207.2480 207.2800 63
207.3120 207.5680 62
207.6000 207.6960 63
207.7280 207.9840 65
208.3680 208.5600 66
208.5920 209.0720 65
209.1040 209.2000 64
209.2320 209.4560 62
209.4880 209.5520 63
209.5840 209.6800 65
209.9680 210.0640 64
210.0960 210.1600 65
210.2880 210.4160 68
210.4480 210.7040 70
210.7360 210.8640 68
210.8960 211.0240 67
211.0560 211.2160 68
211.2480 211.6320 67
211.6640 211.8560 68
211.9840 212.1120 70
212.1440 212.1760 69
212.2080 212.4960 67
212.5280 212.9440 65
213.2320 213.3280 63
213.3600 213.3600 65
213.3920 213.3920 67
213.4240 213.4240 69
213.4560 213.5520 72
213.5840 214.1600 74
214.1920 214.2560 72
214.4480 214.6080 72
214.6400 214.6720 71
214.7040 215.1200 70
215.1520 215.4080 67
215.4400 215.5360 68
215.5680 215.8560 70
215.8880 216.0480 67
216.1760 216.5920 72
216.6240 216.6560 71
216.6880 217.0400 70
217.1680 217.2960 68
217.4240 217.4880 68
217.5200 217.7120 69
218.0960 218.2240 63
218.2560 218.3520 65
218.3840 218.6080 67
218.6400 218.7360 66
218.7680 218.9280 67
218.9600 219.6640 65
220.3040 220.3360 62
220.3680 220.4640 63
220.4960 220.7840 65
220.8160 221.1680 67
221.2960 221.3280 67
221.3600 221.4240 68
221.4560 222.0000 69
222.0320 223.4720 70
224.2720 224.3680 68
224.4000 224.6240 70
224.7520 224.8480 68
224.8800 225.1040 69
225.1360 225.1360 67
225.1680 225.4880 65
225.5200 225.6160 66
225.7440 225.8400 67
225.8720 225.9040 68
225.9360 226.8960 69
226.9280 227.0240 67
227.2480 227.5680 67
227.7280 227.8560 66
227.8880 228.7520 67
229.7120 229.8720 67
229.9040 230.4480 69
230.4800 230.8640 67
230.8960 231.2480 65
231.2800 231.4720 67
231.5040 231.6640 70
231.9840 232.1120 72
232.1440 232.3680 74
232.4000 232.4960 72
232.6560 232.7840 72
232.8160 233.9360 70
234.8640 234.9280 67
234.9600 235.0880 70
235.2160 235.3440 69
235.3760 237.7760 70
237.9040 237.9040 67
237.9360 238.0640 70
238.0960 239.5360 72
239.5680 240.9120 70
241.5200 241.5840 69
241.6160 241.8400 70
241.8720 241.9040 72
241.9360 242.0000 73
242.0320 242.1920 74
242.2240 242.2880 72
242.3200 242.4160 71
242.4480 245.5200 70
245.5520 245.6480 67
245.6800 247.3440 65
248.8160 248.8800 66
248.9120 249.2640 67
249.2960 249.3600 68
249.3920 249.6480 70
249.6800 249.7760 68
249.9040 250.0640 67
250.2560 250.6080 65
250.6400 250.8000 63
250.9280 251.0880 63
251.1200 251.2800 65
251.6960 252.2720 65
252.4000 252.5600 65
252.5920 252.8160 62
252.8480 252.9120 63
252.9440 253.0400 64
253.3280 253.4880 65
253.6160 253.7440 68
253.7760 254.0000 70
254.0320 254.5120 68
254.5440 254.8640 67
254.8960 255.0880 68
255.2480 255.3760 70
255.5360 255.6640 66
255.6960 255.8560 68
255.9840 256.2080 65
256.5920 256.7200 62
256.7520 256.7520 65
256.7840 256.8800 72
256.9120 257.0720 74
257.1040 257.2000 73
257.2320 257.3920 74
257.4240 257.5200 72
257.7120 257.8720 72
257.9040 258.0000 71
258.0320 258.3840 70
258.4160 258.6400 67
258.6720 258.8000 68
258.8320 259.0880 70
259.1200 259.2800 67
259.4400 259.5680 72
259.6000 259.6640 74
259.6960 259.8560 72
259.8880 260.3040 70
260.3360 260.5280 68
260.6560 260.7520 68
260.7840 260.9120 70
261.1680 261.3600 62
261.3920 261.5200 65
261.5520 261.8720 67
261.9040 262.0000 66
262.0320 262.1280 67
262.1600 262.1920 66
262.2240 262.8960 65
263.3440 263.4400 65
263.6000 263.6640 72
263.6960 264.0160 74
264.0480 264.1440 73
264.1760 264.2080 72
264.2400 265.1680 70
265.2000 265.3280 72
265.3600 266.7040 70
266.7360 266.7680 69
266.8000 266.8960 68
267.6000 267.6640 72
267.6960 268.0160 74
268.0480 268.2080 72
268.2400 269.2320 70
269.2640 270.3520 72
270.5760 270.7040 72
270.7360 270.9280 74
271.0560 271.1840 71
271.2160 271.3760 72
271.4080 271.5040 69
271.5360 272.3040 67
272.9440 273.1040 67
273.2320 273.3920 69
273.5200 273.5840 68
273.6160 273.7440 70
273.7760 274.1280 67
274.2560 274.4800 65
274.5120 274.5440 66
274.5760 274.7040 67
274.8320 274.9920 70
275.4400 275.5680 72
275.6000 275.7600 74
275.7920 275.8880 72
276.0480 276.1760 72
276.2080 276.2400 71
276.2720 277.8720 70
279.2800 279.3760 67
279.4080 279.6000 69
279.7920 280.1760 71
280.2080 283.9200 70
287.7920 288.4320 64
288.4640 289.9360 65
290.0960 290.5760 65
290.7680 291.0880 65
291.2160 291.2800 65
300.3360 300.8480 56
301.9360 302.2240 66
302.8640 303.0240 67
