18.8000 18.8320 59
18.8640 18.9600 60
18.9920 19.3440 61
19.3760 19.5680 62
20.6880 20.9120 63
20.9440 21.1040 62
21.2640 21.6160 62
21.6480 21.7120 61
21.7440 21.7760 60
22.0640 22.2560 57
22.2880 23.1200 56
24.2080 24.3360 62
24.4960 24.7520 61
24.7840 24.8480 60
24.8800 25.4880 59
25.5200 25.6480 60
25.6800 25.7120 59
25.7440 25.8400 58
25.8720 25.9040 57
26.0320 26.1920 57
26.2240 26.3200 56
26.4800 26.6080 55
26.7680 26.8320 56
26.8640 27.0880 57
27.6640 27.9200 61
27.9520 28.0800 59
28.2080 28.3040 59
28.3360 28.4000 60
28.4320 28.5280 61
28.5600 28.8160 62
28.8480 28.9120 61
28.9440 28.9760 60
29.2000 29.2640 57
29.2960 29.9040 56
30.4480 30.5760 57
30.6080 30.6720 58
30.7040 30.8000 60
30.8320 31.0560 61
31.0880 31.8880 59
32.6880 32.9440 57
33.2000 33.3920 60
33.4240 33.9040 61
34.8960 35.0880 64
35.1200 35.8560 62
35.8880 35.9520 61
36.3360 36.5280 57
36.5600 36.9120 56
36.9440 36.9760 57
37.0080 37.0720 58
37.1040 37.4560 59
38.4480 38.9280 61
39.1520 39.6640 59
39.6960 39.9200 61
39.9520 40.0160 58
40.0480 40.3360 57
40.3680 40.4640 55
40.4960 40.7840 54
40.9120 40.9760 56
41.0080 41.2640 57
41.8080 42.1600 61
42.1920 42.3840 59
42.7040 42.7680 61
42.8000 43.1840 62
43.2160 43.2800 59
43.3120 43.3440 58
43.3760 43.4720 57
43.5040 43.6320 56
43.7920 44.2080 56
44.6560 44.7840 56
44.8160 45.4880 57
45.5200 45.5520 58
45.5840 46.0320 59
46.4480 46.5440 60
46.5760 46.7680 61
46.8960 47.1520 61
47.1840 48.4640 62
48.4960 48.5600 63
48.5920 48.8160 64
48.8480 49.3600 62
49.3920 49.4560 61
50.0320 50.1600 59
50.1920 50.3520 57
50.4800 50.8960 56
50.9280 51.5040 57
51.5360 51.7600 54
51.7920 51.9200 52
51.9520 52.2720 54
52.4000 52.4960 55
52.7200 53.2960 57
53.6160 53.8080 64
53.8400 54.1600 66
54.1920 54.6400 64
54.6720 55.1520 61
55.1840 55.6320 64
55.8240 55.9520 64
56.1120 56.2080 61
56.2400 56.8160 59
57.1040 57.1680 59
57.2000 57.4880 57
57.5200 58.0000 56
58.0320 58.5120 57
58.5440 58.6080 58
58.6400 58.6400 60
58.6720 58.6720 62
58.7040 58.8000 65
58.9600 59.1200 65
59.1520 59.4400 66
59.8240 60.1760 57
60.2080 60.3680 59
60.4000 60.4000 62
60.4320 60.4320 64
60.4640 60.5600 66
60.7520 60.9440 64
60.9760 61.2320 66
61.3280 61.3280 65
61.6160 61.7440 64
61.7760 62.2560 61
62.2880 62.9280 64
62.9600 63.0560 66
63.0880 63.0880 64
63.1200 63.3120 61
63.3440 63.8560 59
64.1440 64.2720 65
64.3040 64.4000 64
64.4320 64.5600 62
64.7520 64.8480 61
64.8800 65.3280 59
65.3600 65.7120 57
65.9680 66.0320 62
66.0640 66.2240 64
66.2560 66.3200 62
66.5120 66.6080 61
66.6400 67.0880 59
67.1200 67.4400 57
67.6000 67.6960 62
67.7280 67.9840 64
68.0160 68.0800 62
68.2720 68.3360 61
68.4640 68.6880 59
68.7200 68.9760 61
69.1360 69.5200 64
69.5520 70.0320 61
70.3200 70.7360 64
70.7680 70.9280 66
70.9600 70.9600 64
71.3120 71.4720 59
71.5040 71.6640 57
71.8240 72.2400 56
72.2720 72.8160 57
72.8480 72.9120 58
73.0400 73.3920 64
73.4240 73.6480 66
73.6800 73.6800 64
73.9360 74.5760 57
74.6080 74.6720 58
74.8960 75.0240 65
75.0560 75.3120 66
75.3440 75.3760 65
75.4080 76.0480 64
76.0800 76.1760 62
76.2080 76.9760 61
77.3920 77.9360 64
78.0960 78.1600 62
78.1920 78.2880 61
78.3200 78.3520 63
78.3840 78.6720 64
78.7040 78.7360 62
79.0240 79.0880 59
79.2800 79.4080 59
79.4400 80.8800 57
81.5520 81.7440 64
81.7760 82.4160 61
82.4480 82.5440 64
82.5760 82.6080 63
82.7360 82.8000 59
82.8320 82.8640 60
82.8960 84.6240 61
85.1040 85.2960 64
85.3280 85.9680 61
86.0000 86.0960 63
86.1280 86.1280 61
86.1920 86.3840 60
86.4160 86.6720 61
86.7040 86.8640 59
86.8960 88.0160 57
88.0480 88.1760 58
88.6880 88.8480 64
88.8800 88.9120 62
88.9440 89.4560 61
89.5840 89.7440 64
89.8720 90.1280 61
90.8000 91.1520 61
91.1840 91.3440 62
91.3760 91.5360 61
91.5680 92.6880 59
93.4560 93.5200 62
93.5520 93.6800 60
93.7120 93.9680 61
94.2240 94.6400 61
95.1840 95.4720 64
95.6000 95.8560 62
95.9520 96.4640 62
96.6880 96.7840 57
96.8160 97.5840 56
97.8080 97.8720 56
98.3840 98.4800 57
98.8960 98.9280 61
98.9600 99.1200 62
99.1520 99.3760 61
99.5680 100.0480 59
100.0800 100.5280 61
100.5600 100.8160 57
100.8480 101.2640 54
101.3600 101.6800 56
102.4800 102.5760 61
102.6080 102.9920 59
103.1520 103.3120 60
103.3440 103.6640 62
103.8560 104.0160 57
104.0480 104.5920 56
105.1040 105.2000 57
105.2320 105.2960 58
105.3280 105.4240 59
105.4560 105.6480 61
105.6800 105.8080 59
106.0000 107.1520 59
107.4720 107.5680 57
107.7920 108.6560 61
109.3280 109.5200 63
109.5520 109.7440 64
109.7760 110.0320 62
110.2240 110.6720 62
110.8960 111.0560 57
111.0880 111.1840 56
111.3760 111.6000 56
111.6320 111.6960 58
111.7280 112.1760 59
113.1360 113.5520 62
113.7760 114.3520 59
114.3840 114.7360 61
114.9600 115.1840 57
115.4080 115.5360 56
115.5680 115.9520 57
116.6560 116.8800 61
116.9120 117.2000 59
117.3280 117.4560 61
117.4880 117.7120 62
117.7440 118.2880 57
118.5120 119.2480 56
119.3760 120.1440 57
120.2720 120.5920 59
121.1360 121.4880 61
121.8400 123.0880 62
123.2160 123.5360 63
123.5680 124.2080 61
124.7200 124.8480 58
124.8800 124.9760 57
125.1360 125.5840 56
125.6160 126.0960 57
126.1280 126.1920 58
126.2240 126.2560 63
126.2880 126.8320 66
127.4080 128.0160 57
128.0480 128.0480 61
128.0800 128.1760 65
128.3360 128.4960 64
128.5280 128.8160 66
128.9760 129.3600 64
129.3920 129.7760 61
129.8080 130.2880 64
130.5120 130.6400 64
130.7680 130.8320 61
130.8640 131.4080 59
131.7600 132.2080 57
132.2400 132.6560 56
132.6880 133.2000 57
133.2320 133.2640 60
133.2960 133.2960 62
133.3280 133.3600 65
133.3920 133.4560 66
133.6160 133.7120 64
133.7440 133.7760 65
133.8080 134.0640 66
134.5120 134.9920 57
135.0240 135.0560 59
135.0880 135.2160 66
135.3760 135.5680 64
135.6000 135.8240 66
136.0160 136.1120 64
136.3040 136.4320 64
136.4640 136.9120 61
136.9440 137.5200 64
137.5520 137.7440 66
137.7760 137.9040 61
137.9360 138.4480 59
138.5760 138.6720 63
138.8320 139.1840 63
139.3760 139.4720 61
139.5040 139.9840 59
140.0160 140.4000 57
140.7200 140.7200 59
140.7520 140.8800 64
140.9120 140.9760 62
141.1360 141.2640 61
141.2960 141.6800 59
141.7120 142.1600 57
142.1920 142.4160 60
142.4480 142.6720 64
142.7040 142.7360 62
142.9600 143.0240 61
143.0560 143.3440 59
143.3760 143.6640 61
143.8240 144.2080 64
144.2400 144.6880 61
144.9440 145.1040 66
145.1360 145.5200 64
145.5520 145.5840 63
145.9680 146.1600 59
146.1920 146.3200 57
146.4480 146.8640 56
146.8960 147.4080 57
147.4400 147.5040 58
147.6640 147.6960 64
147.7280 147.9200 65
147.9520 148.2720 66
148.5600 149.2960 57
149.6160 149.6800 64
149.7120 150.0320 66
150.0640 150.0960 65
150.1280 150.6720 64
150.7040 150.8640 62
150.8960 151.5680 61
152.0160 152.5600 64
152.7200 152.9120 61
152.9440 153.0400 63
153.0720 153.2960 64
153.3280 153.3280 61
153.5840 153.6800 59
153.8720 154.4800 59
154.5120 156.1760 57
163.6000 163.9200 59
168.1760 168.3040 59
169.0400 170.2560 61
170.4160 170.4480 65
170.4800 170.6080 66
170.6400 170.6400 62
170.7360 170.9600 62
171.0560 171.3120 61
171.6320 172.1440 61
172.1760 173.2640 59
173.8080 173.8400 60
173.8720 174.0000 61
174.0320 174.2240 63
174.2560 174.8640 61
175.1200 175.5040 61
175.5360 175.5680 59
175.6000 176.4640 57
176.4960 176.5280 59
176.5600 177.1360 61
177.6160 177.7760 63
177.8080 178.6080 61
178.7040 178.8640 59
178.8960 179.3440 61
179.3760 180.0480 63
180.2720 180.4000 63
180.5280 180.6240 63
180.6560 180.7840 64
180.9120 180.9760 63
181.5840 181.6480 59
181.6800 181.9040 57
182.1600 182.5440 56
182.5760 182.8960 57
182.9280 183.0560 58
183.0880 183.1200 63
183.1520 183.7600 66
183.8880 183.9840 66
184.0160 184.0800 65
184.2400 184.8160 57
184.8480 184.8800 63
184.9120 184.9760 65
185.1680 185.2960 65
185.3280 185.6480 66
185.7760 186.1920 64
186.2240 186.6720 61
186.7040 187.1520 64
187.3760 187.5040 64
187.6320 187.7600 61
187.7920 188.2080 59
188.6880 188.8480 57
188.8800 189.5520 56
189.5840 190.1920 57
190.2240 190.2240 59
190.2560 190.3520 66
190.4800 190.6400 65
190.6720 190.9280 66
191.3760 191.8880 57
191.9200 191.9520 62
191.9840 192.1120 66
192.2720 192.4640 64
192.4960 192.7200 66
192.8800 192.9760 64
193.1680 193.2640 64
193.2960 193.7760 61
193.8080 194.3520 64
194.4800 194.6400 66
194.6720 194.8000 62
194.8320 195.3440 59
195.4720 195.6000 63
195.7280 195.9520 64
195.9840 196.0800 62
196.3040 196.4320 61
196.4640 196.8800 59
196.9120 197.2640 57
197.6480 197.8080 64
197.8400 197.8720 62
198.0960 198.1600 61
198.1920 198.6400 59
198.6720 199.0240 57
199.1520 199.2800 61
199.3760 199.5680 63
199.6000 199.6960 62
199.8560 199.9520 61
199.9840 200.2400 59
200.2720 200.5600 61
200.7200 201.0720 64
201.1040 201.5840 61
201.8400 202.0000 66
202.0320 202.4160 64
202.4480 202.6720 61
202.7040 202.8000 58
202.8320 202.9600 59
202.9920 203.1840 57
203.3120 203.6960 56
203.7280 204.3040 57
204.3360 204.4000 58
204.4320 204.4320 60
204.4640 204.4640 63
204.4960 205.1680 66
205.5520 206.1600 57
206.4800 206.6400 64
206.6720 206.9600 66
207.1520 207.5680 64
207.6000 207.7920 62
207.8240 208.5280 61
208.9120 208.9760 65
209.0080 209.4560 64
209.6160 209.8080 61
209.8400 210.1920 64
210.4800 210.5760 59
210.7680 211.3440 59
211.3760 212.0800 57
212.1120 212.2400 59
212.2720 212.4320 61
212.4640 213.1680 59
213.2960 213.9360 61
213.9680 214.0320 62
214.0640 214.1280 64
214.1600 214.1920 63
214.2240 214.4160 60
214.4480 216.1760 61
216.6880 216.8800 64
216.9120 218.2560 61
218.2880 218.4480 59
218.4800 219.7920 57
220.2720 220.4000 64
220.4320 221.0720 61
221.1040 221.2640 64
221.3920 224.5920 61
224.6240 225.1680 64
