34.8000 35.0880 61
35.2800 35.5040 61
38.1280 38.2880 62
38.5440 38.7040 60
38.7360 39.0240 61
39.2160 39.5680 61
41.1040 41.2000 62
41.2320 41.5200 63
41.5520 41.6480 62
41.9360 42.0960 58
42.3200 43.0240 57
43.1520 43.2160 57
43.4400 43.8240 57
43.9520 44.1120 57
44.2720 44.9120 57
45.1680 45.5200 57
46.5120 46.5760 57
48.1440 48.1760 60
48.2080 48.2720 61
48.3040 48.4960 62
48.6560 48.9440 61
49.1680 49.7440 59
51.4080 51.6960 62
51.9200 52.2080 61
52.4320 52.9760 60
54.8320 55.1840 64
55.2160 55.3120 65
55.3440 55.5040 66
55.6640 55.8560 68
56.0480 56.1440 68
56.1760 56.3680 69
56.4960 56.6240 68
56.8160 56.9440 68
56.9760 57.3600 69
57.3920 57.5520 68
57.6800 57.7760 68
57.8080 58.1920 69
58.2240 58.5760 68
58.6080 58.9920 69
59.2800 59.4400 62
59.6640 59.7920 65
59.8240 62.2560 66
62.2880 62.5120 65
65.2640 65.3280 71
65.3600 65.5200 72
65.8080 66.3840 73
66.4160 66.4480 72
66.4800 66.8000 71
66.9600 67.7600 71
68.2720 68.4000 71
71.4720 71.7280 66
71.7600 71.8240 67
71.8560 72.1120 68
72.1440 74.2240 69
74.7680 75.1520 62
75.1840 75.5040 61
75.5360 75.6000 60
75.6320 75.6640 59
75.6960 76.3680 58
76.5600 76.7520 60
76.9760 77.2960 61
78.1920 78.2880 61
78.3200 78.4480 62
78.6080 78.9280 61
78.9600 79.0240 60
79.0560 80.0800 59
80.6880 80.7840 60
81.0720 81.3280 62
81.8720 81.9360 58
81.9680 82.1280 57
82.3200 85.6480 57
88.1120 88.2080 61
88.2400 88.4320 62
88.4640 88.7840 61
88.8160 88.8800 60
88.9120 88.9760 59
89.0080 89.6480 58
89.6800 89.7440 59
90.4160 90.5120 62
91.4720 91.6640 64
91.9200 92.3040 61
92.3360 93.2640 60
93.9680 94.1280 60
94.8000 94.9600 64
95.2160 95.3120 65
95.3440 95.5040 66
95.6320 95.8240 68
96.0160 96.1120 68
96.1440 96.3680 69
96.5600 96.8800 68
96.9120 97.1040 69
97.2960 97.4240 68
97.6160 97.7440 68
97.7760 98.0320 69
98.0640 98.1920 68
98.3840 98.4800 68
98.5120 98.9280 69
99.2160 99.5040 62
99.5360 99.6320 65
99.6640 100.8160 66
101.4560 101.5520 72
101.5840 101.7440 74
101.8720 102.5120 74
102.6720 102.8000 72
102.8320 103.9200 73
104.3680 104.4960 72
104.5280 105.5520 73
105.5840 105.7120 71
105.9360 107.3760 71
107.6960 107.8240 72
107.8560 108.3680 74
108.4960 108.6240 73
108.6560 108.8800 74
108.9120 109.0400 73
109.2960 109.4240 72
109.4560 111.3120 73
111.8240 111.9840 70
112.0160 112.2080 71
112.2400 113.6480 69
114.3520 114.4480 73
114.4800 115.0560 74
115.1840 115.2800 73
115.3120 115.6000 74
115.6320 115.7280 73
115.9200 116.0160 72
116.0480 117.8080 73
118.0960 118.5760 69
118.6080 118.6400 70
118.6720 118.8640 71
118.8960 119.0560 70
119.0880 119.5680 71
119.6000 119.7600 69
119.7920 120.6880 68
121.7120 121.8080 63
121.8400 121.9040 64
121.9360 121.9680 65
122.0000 122.1280 66
122.1600 122.2240 67
122.2560 122.4480 68
122.6720 122.7680 68
122.8000 123.4080 69
123.5360 123.6000 68
123.6320 124.1760 69
124.3360 124.4320 68
124.4640 125.0400 69
125.1040 125.2640 69
125.4240 126.0320 71
126.0640 127.6640 69
128.4960 128.6240 67
128.6560 128.8160 69
128.8480 129.1040 71
129.1360 129.4880 72
129.5200 129.6480 73
129.6800 129.7120 72
129.7440 129.9360 71
130.0640 130.0960 71
130.1280 130.3840 73
130.6080 130.9920 71
131.0240 131.3120 73
131.3440 131.4400 72
131.4720 131.8240 71
131.8560 132.0160 73
132.0480 132.1120 69
132.2720 132.8480 69
132.8800 134.2240 71
134.7040 135.0240 64
135.0560 135.1840 65
135.2160 135.3120 67
135.3440 135.4720 69
135.6000 135.9840 71
136.0160 136.1440 72
136.1760 136.3680 73
136.4000 136.8480 71
136.8800 137.0400 73
137.0720 137.1680 71
137.2960 137.4880 71
137.6800 137.7760 74
137.8080 137.9680 76
138.1920 138.2240 68
138.2560 138.8640 69
138.8960 139.3440 68
139.3760 141.0720 69
141.3600 141.4240 65
141.4560 141.7120 64
141.8720 141.9360 67
141.9680 142.2240 69
142.2560 142.5760 71
142.7040 142.8000 71
142.8320 142.9600 73
142.9920 143.0240 72
143.0560 143.4400 71
143.4720 143.5040 72
143.5360 143.6960 73
143.7280 144.2720 71
144.3040 144.3360 72
144.3680 144.6560 73
144.7840 145.0720 71
145.1040 145.4240 73
145.7440 146.1280 69
146.1600 146.4160 71
146.4480 146.5760 69
146.6080 147.1200 68
147.1520 147.2480 69
147.6640 147.8240 75
147.8560 148.2400 76
148.2720 148.3360 75
148.4960 148.6560 69
148.6880 148.7840 68
148.9760 149.1040 68
149.3600 149.3920 67
149.4240 149.4880 68
149.5200 151.1840 69
151.4400 151.6320 65
151.6640 151.7920 66
151.8240 151.8560 67
151.8880 152.4960 68
152.5280 154.4800 69
154.8000 154.8320 64
154.8640 154.9600 65
155.1840 155.2800 69
155.3120 155.7920 71
155.9520 156.2080 71
156.2400 159.5680 69
167.6960 167.7920 61
167.8240 167.9520 62
168.0800 168.3680 62
168.5600 168.6880 61
168.7200 169.2320 62
169.2640 170.3520 61
170.6720 170.7680 65
171.0560 171.0880 71
171.1200 171.1520 72
171.1840 172.2080 73
172.2400 172.3680 71
172.5920 173.5520 71
174.3840 174.4800 73
174.5120 175.0560 74
175.0880 175.2800 73
175.3120 175.5360 74
175.5680 175.6640 73
175.9200 176.0160 72
176.0480 178.0320 73
178.2880 178.3840 72
178.4160 178.6400 70
178.6720 178.8320 71
178.8640 180.4000 69
180.8480 182.2560 62
182.2880 182.3520 61
182.5760 184.2720 61
184.7520 184.8800 68
185.2000 185.3920 71
185.4240 185.5520 73
185.5840 185.7440 71
185.8400 186.0000 70
186.0320 187.9840 71
188.3360 188.4320 63
188.5280 188.6240 65
188.6560 188.7840 66
188.9760 189.1360 68
189.3600 189.4240 68
189.4560 189.5840 69
189.7760 190.8640 69
190.9920 191.0880 68
191.1200 191.9520 69
192.1440 192.3040 71
192.3360 192.4960 70
192.5280 192.7200 71
192.7520 193.9040 69
193.9360 194.1280 66
194.1600 195.5360 62
195.6640 195.6640 69
195.6960 195.7920 75
195.8240 197.9040 76
198.0000 198.3200 76
198.3840 199.6000 76
216.5280 217.2000 77
217.8080 218.0320 75
219.1840 219.3760 78
219.5040 220.0160 79
220.2720 220.5920 80
220.7520 221.5200 81
221.9040 222.2560 69
222.2880 222.7360 71
222.7680 222.9920 73
223.0240 223.2800 71
223.4080 223.4720 71
223.5040 223.7280 73
223.9520 224.2400 71
224.2720 224.4960 73
224.5280 225.0400 71
225.0720 225.3280 73
225.3600 225.4240 70
225.6480 225.8720 69
226.0640 226.1920 70
226.2240 226.4480 71
226.4800 226.6400 69
226.6720 227.6320 68
228.0160 228.3680 64
228.4000 228.4640 65
228.4960 228.5600 67
228.5920 228.6240 68
228.6560 228.7840 69
229.3600 229.3920 71
229.4240 229.4560 72
229.4880 229.6800 73
229.7120 230.1600 71
230.1920 230.3840 73
230.4160 230.4800 71
230.6080 230.7360 71
230.9600 231.0560 74
231.0880 231.2160 76
231.4400 231.5360 68
231.5680 232.2080 69
232.2400 232.6880 68
232.7200 234.3840 69
234.7040 234.8000 65
235.1200 235.1840 68
235.2160 235.4720 69
235.5040 235.8560 71
236.0160 236.0480 71
236.0800 236.1120 72
236.1440 236.2720 73
236.3040 236.4000 72
236.4640 236.7840 71
236.8160 237.0080 73
237.0400 237.3600 71
237.5520 237.6480 72
237.6800 237.7760 74
237.8080 237.9040 73
238.0960 238.2560 71
238.3840 238.4800 71
238.5120 238.7040 73
238.7360 238.7680 70
238.8640 239.5040 69
239.5360 239.7280 71
239.7600 239.8880 69
239.9200 240.4960 68
240.8800 240.9440 63
240.9760 241.1040 62
241.1360 241.1680 63
241.2000 241.6160 64
241.7760 242.0000 69
242.0320 242.1600 68
242.3200 242.4800 68
242.7040 242.8640 68
242.8960 244.3360 69
244.6240 244.6880 67
244.8480 244.9120 65
244.9440 245.0720 66
245.2320 245.8080 68
245.8400 247.6640 69
247.9840 248.0800 69
248.1760 248.4000 69
248.6560 248.8480 69
248.8800 248.9120 70
248.9440 249.2320 71
249.7120 249.7440 70
249.7760 249.8400 71
250.1280 250.1600 71
250.1920 250.3520 73
250.3840 250.6080 76
250.7040 251.8240 76
252.0800 252.7520 76
252.9760 253.2640 71
253.5200 253.5840 71
253.7760 254.1600 71
254.2560 254.4800 74
254.5120 254.6720 73
255.1840 255.2800 71
255.3120 255.4720 70
255.6000 256.0160 71
256.0480 256.1440 72
256.1760 256.3360 73
256.3680 256.4000 72
256.4320 256.7840 71
256.8160 256.8480 72
256.8800 257.0400 73
257.0720 257.1680 71
257.3280 257.4560 71
257.6800 257.7760 63
257.8080 257.9680 64
258.1920 258.2240 68
258.2560 258.6720 69
258.8000 258.8640 69
258.8960 259.3760 68
259.4080 260.7520 69
260.9120 261.0400 68
261.3600 261.6160 64
261.8720 261.9360 67
261.9680 262.1920 69
262.2880 262.2880 70
262.5760 262.6720 74
262.7040 263.7920 73
263.8880 265.5840 73
265.6160 265.6800 72
265.9360 266.1280 70
266.1600 266.4160 71
266.4480 266.5440 69
266.5760 266.8960 68
267.0240 267.1200 68
267.1520 267.4080 69
267.5360 267.6000 67
267.8240 268.2720 69
268.4000 269.0720 68
269.1040 271.1840 69
271.5360 271.5360 65
271.6000 271.7600 66
271.8880 272.4960 68
272.5280 274.2240 69
277.4560 277.5200 69
277.5520 277.8400 71
277.8720 278.1280 70
278.4480 278.6720 71
278.7040 282.8320 69
284.0480 284.2720 71
