23.3440 23.5040 59
23.6320 23.7920 59
23.9520 24.2080 61
24.2400 24.4640 63
24.5920 25.2960 61
25.4880 25.6800 66
25.8080 25.9040 67
25.9360 26.2240 66
26.4480 27.0560 58
27.0880 27.4400 59
28.3040 28.8480 56
28.8800 28.9120 57
28.9440 29.2000 58
29.2320 29.4240 59
29.5840 30.0640 58
30.4480 30.6720 63
30.8000 30.9920 63
31.0240 31.0880 62
31.4720 31.7920 54
31.8240 31.8880 55
32.0800 32.1760 56
32.4000 32.4640 56
33.4880 33.6160 55
33.6480 33.8080 56
33.8400 33.9040 57
33.9360 34.0960 59
34.2560 34.4480 64
34.5760 35.0560 63
35.5040 35.6640 63
35.8240 36.1440 59
36.4320 36.5920 61
36.7520 36.8800 63
37.1040 37.5200 61
38.9280 39.1520 54
39.1840 39.2480 57
39.2800 39.2800 59
39.3120 39.4080 61
39.4400 39.6640 63
39.9520 40.3680 61
43.3120 43.5040 59
43.6320 43.8880 59
43.9200 44.1120 61
44.2400 44.4320 63
44.4640 44.5280 62
44.5600 45.2320 61
45.4880 46.1600 66
46.4480 46.9280 58
47.0880 47.5040 59
48.3680 48.4640 56
48.6880 48.8160 56
48.9440 49.1040 58
49.2640 49.3920 59
49.5840 50.0960 58
50.4800 50.6720 63
50.8000 51.2160 63
52.1120 52.6880 56
53.6480 53.7120 56
53.9680 54.1600 59
54.1920 54.2240 62
54.2560 54.3840 64
54.5760 54.9920 63
55.4720 55.6320 66
55.6640 55.6640 64
55.7920 56.0480 59
56.4640 56.5920 61
56.8160 56.9120 63
57.1360 57.5520 64
57.7120 57.9680 63
58.0000 58.1920 64
58.2240 58.4800 63
58.6080 58.9280 64
58.9600 59.1200 66
59.2800 59.4400 63
59.6000 60.0800 61
60.8480 61.1040 54
61.1360 61.3920 61
61.4240 61.9040 59
61.9360 62.0640 60
62.0960 62.6080 63
62.6400 62.7040 62
63.3120 63.3440 56
63.3760 63.4720 59
63.6640 63.7920 59
63.8240 63.8880 60
63.9200 64.1120 63
64.1440 64.2400 64
64.2720 64.3360 66
64.3680 64.4640 68
64.6240 65.1040 66
65.7760 66.0960 66
66.1280 66.1600 67
66.1920 66.3200 68
66.5120 66.9280 70
67.1520 67.6640 71
68.3680 68.5280 71
68.6560 68.8480 71
68.8800 69.2000 70
69.2320 69.4560 68
69.5840 70.1600 66
70.7680 71.0240 66
71.1840 71.3760 68
71.4080 71.4400 69
71.4720 71.9520 70
72.0800 72.3680 70
72.4000 72.8160 71
73.3280 73.3600 70
73.3920 73.4880 71
73.6160 73.8720 71
73.9040 74.1600 70
74.1920 74.3840 68
74.6080 75.1840 66
76.0800 76.3360 66
76.3680 76.6560 61
76.6880 76.9440 63
77.1360 77.8080 59
78.3520 78.4480 56
78.6720 78.8320 59
78.9920 79.1200 61
79.2480 80.1440 61
80.7200 81.0080 54
81.1360 81.2640 61
81.4880 81.9040 59
82.0960 82.0960 61
82.1280 82.5440 63
83.3440 83.4080 58
83.6320 83.8240 59
83.9520 84.2080 63
84.2400 84.4640 67
84.6240 85.2000 66
85.8080 86.0000 66
86.1280 86.2880 68
86.4800 86.8960 70
87.1200 87.6640 71
88.3360 88.4960 71
88.6240 89.1040 71
89.3280 89.4560 68
89.6160 90.1920 66
90.8000 90.9920 66
91.1840 91.4080 68
91.4400 91.9200 70
92.1120 92.3680 70
92.4000 92.7840 71
93.3600 93.8400 71
93.8720 94.1920 70
94.2240 94.4160 68
94.6400 94.7040 67
94.7360 95.2160 66
95.8880 96.0160 66
96.1440 96.3040 66
96.5280 96.7520 61
96.7840 96.9760 63
97.0080 97.0720 60
97.1040 98.1600 59
100.4960 100.6880 61
100.7200 100.7520 62
100.7840 100.9760 63
101.1360 101.2640 61
101.4880 101.5840 59
101.8080 102.0640 58
102.0960 103.4400 59
123.3440 123.3760 57
123.4080 123.4400 58
123.4720 123.7920 59
123.9840 124.2400 61
124.2720 124.4320 63
124.6240 125.1680 61
125.2000 125.2640 62
125.4880 125.6480 66
125.8400 126.1920 66
126.4480 126.8000 58
127.0880 127.5040 59
128.3360 128.4000 55
128.4320 128.7840 56
128.9760 129.0080 57
129.0400 129.2320 58
129.2640 129.4560 59
129.6160 130.0960 58
130.4800 130.6400 63
130.8320 131.2160 63
131.4720 131.5360 55
131.5680 131.8560 54
132.1120 132.5280 56
133.6480 133.7760 56
133.9360 134.0960 59
134.2560 134.4480 64
134.5760 135.2480 63
135.5040 135.6320 63
135.8240 135.9840 59
136.4320 136.5920 61
136.7520 136.8800 63
137.0720 137.5520 61
139.0240 139.1840 54
139.2160 139.2160 56
139.2480 139.3120 59
139.3440 139.4080 62
139.4400 139.5680 63
139.6000 139.7600 61
139.9520 140.0480 63
140.0800 140.1760 62
140.2080 140.3040 61
143.3760 143.4080 58
143.4400 143.9200 59
143.9520 144.1440 61
144.2720 144.4640 63
144.4960 145.1360 61
145.1680 145.3600 62
145.5200 146.2240 66
146.4480 146.8960 58
147.0880 147.4400 59
147.4720 147.5680 58
148.3360 148.3680 54
148.4000 148.4320 55
148.4640 148.9120 56
148.9440 149.1360 58
149.2640 149.4560 59
149.4880 149.9680 58
150.4800 150.5120 57
150.5440 150.5440 59
150.5760 150.6080 62
150.6400 150.7040 63
150.8320 151.2800 63
152.1120 152.3040 56
152.3360 152.4640 55
153.6160 153.7760 56
153.9360 154.0640 59
154.0960 154.1280 58
154.2560 154.2560 61
154.2880 154.4160 64
154.5760 155.0880 63
155.5040 155.6320 66
155.7920 156.0480 59
156.4320 156.5280 61
156.7200 156.8800 63
156.9120 157.0080 62
157.0400 157.2640 63
157.2960 157.5200 64
157.6800 157.8400 63
158.0320 158.1600 64
158.3200 158.5760 63
158.6080 158.8000 64
158.9920 159.1200 66
159.2800 159.4720 63
159.6000 159.6640 62
159.6960 160.1440 61
161.1360 161.3600 61
161.3920 161.9680 59
162.1280 162.6720 63
163.3440 163.5360 59
163.6960 163.8880 59
163.9200 163.9200 61
163.9520 164.2400 63
164.2720 164.4640 67
164.5920 165.1040 66
165.7440 166.0000 66
166.1280 166.3200 68
166.4800 166.9280 70
167.0880 167.5360 71
168.3360 168.8480 71
168.9760 169.1680 70
169.2000 169.4560 68
169.5840 170.1280 66
170.7680 170.9920 66
171.1520 171.4080 68
171.4400 171.9200 70
172.1120 172.3680 70
172.4000 172.7840 71
173.3920 173.3920 66
173.4240 173.5200 69
173.6800 173.9680 71
174.0000 174.1920 70
174.2240 174.4160 68
174.6080 175.1840 66
176.1120 176.3360 66
176.3680 176.5920 61
176.6240 176.6880 62
176.7200 176.9120 63
177.1360 177.7760 59
178.3200 178.4800 56
178.6400 178.8000 59
178.9920 179.3440 61
179.3760 179.5040 63
179.5360 180.1440 61
180.8480 180.9120 61
181.1680 181.2640 61
181.4560 181.9040 59
182.0640 182.6080 63
183.6640 183.9200 59
183.9520 184.2080 63
184.2400 185.2000 66
185.8080 186.1280 66
186.1600 186.2880 68
186.4800 186.9280 70
187.0880 187.3760 71
187.4080 187.6320 72
188.3360 188.7200 71
188.9440 189.1040 70
189.2640 189.3600 67
189.3920 189.4560 68
189.5840 190.1600 66
190.7680 191.0240 66
191.1840 191.4080 68
191.4400 191.9200 70
192.1120 192.3360 70
192.3680 192.7840 71
193.3920 193.9680 71
194.0000 194.1600 70
194.1920 194.2560 69
194.2880 194.3520 68
194.6080 195.2480 66
195.8560 195.8560 60
195.8880 195.9520 63
196.1440 196.3040 66
196.4960 197.2960 63
197.3280 197.4560 66
197.5200 198.4160 66
198.4480 198.5440 71
198.5760 198.8640 66
198.9600 199.3440 66
199.4400 200.1760 66
200.2080 200.6240 61
200.8160 200.9120 61
201.1040 201.3600 61
201.3920 201.9680 59
202.0000 202.0320 60
202.0640 202.7040 63
203.3120 203.3760 58
203.4080 203.4720 59
203.6640 203.8240 59
203.8560 203.9200 60
203.9520 204.2400 63
204.2720 204.4960 67
204.5280 205.2000 66
205.7120 206.0960 66
206.1280 206.3200 68
206.4800 206.8960 70
207.0880 207.5680 71
208.3360 209.0400 71
209.0720 209.1680 70
209.2000 209.2320 69
209.2640 209.4560 68
209.4880 210.2240 66
210.7360 211.0240 66
211.1520 211.3120 68
211.3440 211.4080 69
211.4400 211.8880 70
212.0800 212.3360 70
212.3680 212.7840 71
213.3280 213.3600 68
213.3920 213.5200 71
213.6480 213.8720 71
213.9040 214.2240 70
214.2560 214.3840 68
214.6080 215.2800 66
216.0480 216.3040 66
216.3360 216.6240 61
216.6560 216.9120 63
217.1040 217.8400 59
218.3200 218.4800 56
218.6720 218.8320 59
218.9920 220.1120 61
220.4960 220.9120 54
221.1040 221.2640 61
221.4560 221.9040 59
221.9360 222.0640 60
222.0960 222.6080 63
222.6400 222.6720 62
223.6640 223.8240 59
223.9520 224.2080 63
224.2400 224.4960 67
224.5280 225.2000 66
225.8400 226.0960 66
226.1280 226.2880 68
226.5120 226.9280 70
227.1200 227.6960 71
228.3040 228.8160 71
228.9440 229.0720 70
229.2640 229.5200 67
229.5520 230.2240 66
230.7360 230.9920 66
231.1520 231.4080 68
231.4400 231.9200 70
232.0800 232.3360 70
232.3680 232.7840 71
233.3280 233.9040 71
233.9360 234.1920 70
234.2240 234.4160 68
234.6080 234.6720 67
234.7040 235.1840 66
235.8560 236.0160 67
236.1760 236.2720 67
236.4960 236.9760 62
237.0080 238.5760 59
240.4960 240.7520 61
240.7840 241.0400 63
241.2000 241.3920 61
241.6480 241.7440 59
242.0320 243.5040 59
