11.9520 12.4000 62
33.2320 33.2960 59
33.3280 33.4880 60
33.5200 33.7440 62
34.7680 35.1520 60
36.1440 36.3360 57
36.3680 36.8160 58
39.3440 39.4400 57
39.5680 39.6960 62
39.7280 39.8240 63
39.9520 41.0400 63
41.1680 41.2960 64
41.3280 41.7120 65
41.7440 41.8400 67
42.0320 42.3520 65
42.7680 42.8320 62
42.8640 42.9600 61
43.1520 43.6960 62
46.0960 46.4800 62
47.7280 48.0800 60
48.9440 49.0720 60
49.1040 49.1680 62
49.3280 49.5840 60
49.7760 50.3200 58
52.5600 52.6560 53
52.6880 52.7200 54
52.7520 52.8800 55
52.9120 53.1040 58
53.2640 53.6160 58
53.7760 53.9360 58
54.1600 54.3200 59
54.3520 54.6400 60
54.8000 55.1200 58
55.4400 55.5680 61
55.6000 55.8240 62
55.8560 55.8880 61
56.2080 56.8480 58
59.0240 59.0560 65
59.0880 59.1200 66
59.1520 60.0160 67
60.6880 60.8480 57
61.0400 61.1680 56
61.3280 61.4880 57
61.8400 61.9360 66
61.9680 62.0960 67
62.1280 62.7680 65
62.8000 62.9280 67
62.9600 63.2800 65
63.5040 63.7280 60
63.8560 64.0160 60
64.0480 64.4000 62
65.2960 65.3280 54
65.3600 65.4880 55
65.5200 65.5200 62
65.5520 65.6480 65
65.6800 66.5120 67
66.7360 66.8640 58
67.1200 67.3440 57
67.5360 67.6640 55
67.8560 67.9840 57
68.0160 68.0800 58
68.3680 68.4960 66
68.5280 68.7200 67
68.7520 68.7840 66
68.8160 69.8720 65
72.0160 72.1120 66
72.1440 73.0720 67
73.2000 73.3600 70
73.6480 73.6800 67
73.7120 73.7440 68
73.7760 74.0000 69
74.2240 74.4480 65
75.0240 75.1200 62
75.2800 75.4080 67
75.4400 75.6320 69
75.7920 76.1120 65
76.3040 76.4640 62
76.6560 76.7520 60
76.9120 77.0400 61
77.0720 77.4560 62
78.2880 78.7040 60
78.8640 78.9920 61
79.0240 79.1520 62
79.1840 79.2160 61
79.2480 79.5040 60
79.7280 79.8560 58
80.0800 80.4960 55
81.7440 82.0000 55
82.1920 83.6640 58
84.7200 84.7840 58
84.9760 85.0080 68
85.0400 85.1360 69
85.1680 85.5520 70
85.7760 86.0320 69
86.1600 86.5440 70
86.5760 86.6080 71
86.6400 86.8000 72
86.9600 87.2480 72
87.3760 87.5040 67
87.5360 87.7600 69
87.7920 87.8240 68
87.8560 87.9840 67
88.0160 89.2000 65
91.4400 91.4720 60
91.5040 91.6000 61
91.6320 92.0480 63
92.2400 92.6240 62
92.6560 92.8160 63
92.9440 93.2960 65
93.5200 93.6480 65
93.6800 93.8720 67
94.0640 94.3520 65
94.5120 94.7040 60
94.8000 94.9600 61
94.9920 95.8240 62
97.7440 97.8400 57
97.8720 97.8720 59
97.9040 97.9040 62
97.9360 97.9360 65
97.9680 97.9680 67
98.0000 98.0960 69
98.1280 98.7680 70
98.8000 99.1200 69
99.1520 99.4720 70
99.5040 99.6000 71
99.6320 99.7920 72
99.9520 100.1440 72
100.1760 100.6560 70
100.6880 100.7200 71
100.7520 101.2320 72
101.2640 101.8080 74
102.6080 102.6080 62
102.6400 102.8640 64
102.8960 103.1200 65
103.2800 103.3760 72
103.4080 103.7280 74
103.7600 103.9520 72
104.0800 104.2400 70
104.3680 104.5600 69
104.5920 105.4880 70
106.4800 106.6720 70
106.8960 107.1200 69
107.1520 107.2160 70
107.6960 107.8560 70
107.9840 108.9760 70
117.4880 117.5520 65
118.5760 118.6720 65
123.8560 124.0800 68
124.7520 125.3920 67
125.7440 125.8080 67
126.0640 126.1600 66
127.1840 127.4400 68
127.5680 127.6640 67
128.4640 128.5280 67
131.3760 131.4720 68
131.8560 131.9200 68
133.6160 133.7120 63
139.8240 139.9520 53
140.1120 140.1440 59
140.1760 140.2080 60
140.2400 140.3040 61
140.3360 140.6880 62
141.5200 141.6480 54
141.8400 142.2240 60
143.3120 143.5040 57
143.6960 144.2400 58
146.3520 146.4160 57
146.6080 146.6400 62
146.6720 147.0880 63
147.2800 147.6000 63
147.9200 148.2080 63
148.2400 148.3680 65
148.6240 148.7200 66
148.7520 148.9120 67
149.0400 149.3280 65
149.7440 149.9360 60
150.0960 150.2240 61
150.2560 150.6400 62
153.1360 153.1680 59
153.2000 153.2640 60
153.2960 153.3280 61
153.3600 153.6480 62
153.6800 153.7120 61
154.4800 154.6080 54
154.8000 154.8960 59
154.9280 155.2160 60
156.0480 156.1760 61
156.2080 156.4320 62
156.4640 156.6560 60
156.6880 156.7520 59
156.7840 157.4560 58
159.5680 159.6960 54
159.7280 159.7920 55
159.9520 160.3680 57
160.4000 161.0400 58
161.1680 161.3280 59
161.3600 161.5520 60
161.7760 162.0960 60
162.4480 162.5760 61
162.6080 162.8960 62
163.2160 164.0800 58
165.8720 165.9680 58
166.1280 166.2240 66
166.2560 167.0880 67
167.1200 167.1520 66
167.4720 167.5360 57
167.6960 167.8880 57
168.0800 168.2080 55
168.3680 168.4960 57
168.5280 168.6560 58
168.9120 169.0080 66
169.0400 169.1680 67
169.3600 169.6480 65
169.6800 170.0320 66
170.0640 170.2560 65
170.5440 170.7360 60
170.8960 171.3440 62
172.4000 172.5280 57
172.5600 172.6880 65
172.7200 173.5200 67
173.7440 173.9040 58
174.1280 174.3840 57
174.5760 174.7360 55
174.8960 175.1520 57
175.4080 175.7920 67
175.8240 177.0080 65
177.3600 177.5200 64
178.8320 178.8960 56
179.0560 179.1200 66
179.1520 179.5680 67
179.6960 180.0800 67
180.2400 180.4000 70
180.6240 180.7840 68
180.8160 181.0400 69
181.2640 181.4880 65
182.0320 182.1280 62
182.3520 182.4480 68
182.4800 182.6720 69
182.8640 183.1840 65
183.3440 183.4720 62
183.6640 183.7920 60
183.9520 184.0800 61
184.1120 184.4320 62
185.3280 185.9040 60
185.9360 186.0320 61
186.0640 186.1600 62
186.1920 186.2240 61
186.2560 186.4800 60
186.7040 186.8960 58
187.1200 187.4720 55
188.4640 188.6880 54
188.8160 189.1360 55
189.2960 191.0880 58
191.7600 191.8560 58
192.0160 192.5920 70
192.7840 193.5520 69
193.5840 193.8400 72
194.0320 194.2560 72
194.2880 194.3200 71
194.3520 194.5760 68
194.6080 194.8960 69
194.9280 195.0560 67
195.0880 196.2720 65
196.6240 196.8800 65
196.9760 196.9760 65
197.2320 197.3280 65
197.4560 197.5840 65
198.4800 199.0560 63
199.2800 199.5680 62
199.6960 199.8560 63
200.0160 200.3040 65
200.4960 200.9120 67
201.1680 201.4240 65
201.5840 201.7440 60
201.9040 202.8320 62
204.7520 204.8160 56
204.8480 204.9120 58
204.9440 204.9440 62
204.9760 205.1040 68
205.1360 205.7440 70
205.7760 206.0960 69
206.1280 206.3200 70
206.3520 206.4480 69
206.4800 206.6080 71
206.6400 206.7680 72
206.9600 207.1520 72
207.1840 207.6640 70
207.7920 208.3040 72
208.3360 208.8160 74
209.6480 209.9040 63
209.9360 210.1280 65
210.3200 210.4160 72
210.4480 210.7680 74
210.8000 211.0240 72
211.0560 211.2800 70
211.4080 211.6000 69
211.6320 212.3360 70
213.5200 213.7440 70
213.9360 214.2880 69
214.8000 214.9600 70
215.1200 215.8240 70
215.8560 216.0160 71
217.9680 218.2240 70
218.3200 218.5440 70
218.7680 219.0560 69
219.0880 219.2480 70
219.4720 219.6000 71
219.6320 219.8240 72
219.9520 220.1760 72
220.4000 220.5280 68
220.5600 220.7840 69
221.1680 221.3600 67
221.3920 222.0640 65
224.4000 224.4000 57
224.4320 224.5280 61
224.5600 225.0400 63
225.2320 225.4880 62
225.6160 226.0320 63
226.0640 226.2240 65
226.4480 226.4800 65
226.5120 226.7680 67
226.8000 226.9280 66
226.9600 227.1200 65
227.8560 228.0160 60
228.2080 229.2000 62
230.9280 231.0560 68
231.0880 231.6640 70
231.6960 232.0800 69
232.1120 232.2400 70
232.4320 232.5600 71
232.5920 232.7520 72
232.9440 233.2640 72
233.2960 233.5840 70
233.7120 233.9360 72
234.1280 234.2880 72
234.3200 234.9280 74
235.1200 235.1840 73
235.6320 236.1120 65
236.2400 236.3680 72
236.4000 236.5600 74
236.5920 236.9760 72
237.0080 237.1680 70
237.3600 237.5200 69
237.5520 238.3520 70
239.8560 240.3040 70
240.5280 240.8160 69
241.0400 242.1280 70
243.6640 244.1760 65
244.4000 244.6880 74
244.8480 245.3920 72
245.6800 246.9280 67
249.5200 250.0960 70
250.3520 250.8000 69
251.1520 254.3520 70
