33.9360 34.3200 46
34.4480 34.8960 47
35.0240 35.0240 50
35.0560 35.1200 53
35.1520 35.3760 54
35.4080 35.4400 53
35.4720 35.9200 52
36.0480 36.2080 52
36.2400 36.3680 50
36.5600 36.6560 49
36.8160 36.8480 52
36.8800 36.9440 53
36.9760 37.2960 54
37.3280 37.3920 53
37.6160 37.7120 50
37.7440 37.8720 51
37.9040 38.2560 52
38.4160 38.4800 50
38.5120 38.5760 49
38.6080 38.7680 48
38.9280 39.0240 52
39.0560 39.3760 54
39.7280 39.7920 49
39.8240 40.3040 50
40.5600 40.7840 47
40.9760 41.1360 48
41.1680 41.2320 49
41.2640 41.8080 50
42.9920 43.0880 48
43.3440 43.4400 53
43.4720 43.8240 54
43.8560 43.8880 53
43.9200 44.2400 52
44.4000 44.4960 54
44.5280 44.6560 55
44.6880 45.0720 57
45.1040 45.1680 56
45.2000 45.4880 54
45.5200 45.5840 53
45.9360 46.0320 51
46.0640 46.3200 52
46.3520 46.4160 53
46.4480 46.5440 54
46.7680 47.0560 57
47.0880 47.1520 56
47.1840 47.3760 54
47.4080 47.6000 53
48.3680 48.4000 50
48.4960 48.6240 50
48.6560 48.6880 49
48.9120 49.0080 48
49.3280 49.4880 48
49.5200 49.5520 49
49.5840 50.3840 50
51.1520 51.3440 47
51.3760 51.4400 48
51.6960 51.7600 52
51.7920 51.8560 53
51.8880 52.1440 54
52.1760 52.8800 52
53.5200 54.0000 54
54.2880 54.9280 52
54.9600 55.1840 50
55.5680 55.6000 52
55.6320 55.9840 54
56.0160 56.0480 52
56.2080 56.4000 49
56.4320 56.7200 50
56.9440 57.0080 49
57.0720 57.0720 48
57.1680 57.3600 47
57.6800 57.7760 49
57.8080 58.7360 50
59.4720 59.8880 47
60.0800 60.3680 54
60.5600 60.6240 52
60.6560 60.7200 53
60.8480 61.1040 54
61.1360 61.1680 53
61.3920 61.4560 48
61.4880 62.0960 47
62.6720 62.7680 53
62.9280 63.2480 54
63.2800 63.3440 53
63.3760 63.3760 51
63.5680 63.8240 48
64.2080 64.2720 50
64.3040 64.5920 51
64.6240 66.4480 50
67.3120 67.6320 50
67.8240 67.8880 53
67.9200 68.1760 54
68.3360 68.4320 61
68.4640 69.1040 62
69.1360 69.2640 61
69.3920 69.5520 62
69.5840 69.7760 61
69.8080 70.0960 62
70.2560 71.0560 62
71.2160 71.4080 61
71.4400 71.6960 62
71.7280 71.8880 61
72.0160 73.2640 62
73.2960 73.5520 61
73.5840 73.7440 62
73.7760 74.0640 61
74.0960 74.2880 62
74.3200 74.4480 61
74.4800 74.8640 62
74.8960 74.9920 64
75.1840 75.3440 62
75.3760 75.7280 61
75.9200 76.1760 61
76.2080 76.2720 58
76.3040 76.3680 57
76.4960 76.7520 57
77.0720 77.1040 60
77.2000 77.2640 60
77.2960 77.3920 62
77.5520 77.6480 61
77.7760 77.9680 62
78.0000 78.2240 61
78.2560 78.5120 62
78.5760 78.9600 62
79.3440 79.4720 62
79.5040 79.7920 61
79.8240 80.0480 62
80.0800 80.2720 61
80.3040 81.0080 62
81.3920 81.6160 62
81.6480 81.7440 61
81.9360 82.1280 62
82.1600 82.4160 61
82.4480 82.6080 62
82.7360 83.1200 62
83.2480 83.3440 64
83.5360 83.6640 62
83.6960 83.9520 61
84.0800 84.1440 59
84.3040 84.6880 61
84.7200 84.7520 59
84.7840 85.8400 57
85.8720 85.9360 56
86.7040 86.8960 51
87.1840 87.2480 52
87.2800 87.6960 54
87.7280 88.2400 52
88.2720 88.4320 54
88.4640 88.8800 57
88.9120 89.5520 54
89.8720 89.9680 51
90.0000 90.1600 52
90.3200 90.5120 54
90.5440 90.6080 55
90.6400 90.9600 56
90.9920 91.2160 54
91.4080 91.4400 52
91.4720 91.7600 54
92.4000 92.5280 50
92.7520 92.8160 47
92.8800 93.1360 47
93.1680 93.2320 48
93.2640 93.3280 49
93.3600 94.2880 50
95.3440 95.3760 51
95.4080 95.4400 52
95.4720 95.5680 53
95.6000 95.7600 54
96.0480 96.1760 52
96.2080 96.3360 53
96.3680 96.5920 54
96.6240 96.6560 53
96.9440 97.0400 48
97.0720 97.4880 47
98.0320 98.0640 50
98.0960 98.1600 51
98.1920 98.4480 52
98.6400 98.8000 54
99.7600 99.8240 52
100.0160 101.4560 50
103.9200 104.3040 54
104.4320 105.0720 52
105.1040 105.2320 51
105.6800 106.1600 54
106.4800 106.8320 52
106.9920 107.1200 52
107.1520 107.2480 51
107.2800 107.4080 50
107.7600 107.7920 52
107.8240 107.8880 53
107.9200 108.3040 54
108.3360 108.4000 53
108.6560 109.1680 50
109.3920 109.6800 47
109.8400 109.9360 48
109.9680 110.0320 49
110.3840 110.8960 50
111.6320 112.0800 47
112.2080 112.2400 52
112.2720 112.3040 53
112.3360 112.6240 54
112.6560 112.9440 53
113.2320 113.2640 54
113.2960 113.3600 55
113.5520 113.8080 57
114.0640 114.4800 54
114.8320 115.0560 52
115.2800 115.4720 54
115.6960 115.8240 56
115.8560 116.1120 57
116.1440 116.1760 55
116.2080 116.3040 54
116.3360 116.4000 53
116.4320 116.5600 52
116.5920 116.7520 53
117.0080 117.2000 50
117.4880 117.5520 50
117.5840 117.6160 49
118.2240 118.2880 49
118.3200 119.2800 50
136.2400 136.3360 57
136.5280 136.5920 56
136.6240 137.1360 57
137.1680 137.2000 56
137.2320 137.6160 54
137.6480 137.6800 53
137.7120 137.8080 51
137.8400 138.1600 52
138.2560 138.3200 51
138.3520 138.4800 52
138.5120 138.7360 50
139.1520 139.1840 51
139.2160 139.5040 54
139.8880 140.1120 51
140.4000 140.6240 52
140.6560 140.7840 50
140.8160 140.9440 49
141.2320 141.2640 53
141.2960 141.6480 54
142.0000 142.6400 50
142.8000 142.9600 47
142.9920 143.1840 46
143.3440 143.4080 48
143.4400 143.4720 49
143.5040 143.6960 50
143.8560 144.5280 50
144.8160 144.9120 47
145.0720 145.2000 48
145.3600 145.8720 54
146.0640 146.4160 52
146.4480 146.7680 54
146.8000 146.8000 51
147.0240 147.6320 47
148.2720 148.4640 52
148.5920 148.9760 54
149.0080 149.0400 52
149.1680 149.5200 47
149.5520 149.8080 46
149.8400 149.8720 47
150.1920 151.9840 50
152.9120 153.1360 50
153.4560 153.8400 54
153.9680 154.7040 62
154.7360 154.9280 61
154.9600 156.7840 62
156.8160 157.0400 61
157.0720 157.2960 62
157.3280 157.5520 61
157.5840 158.5440 62
158.6720 158.8320 62
158.8640 159.0560 61
159.1840 159.3760 62
159.4080 159.6000 61
159.6320 159.9200 62
159.9840 160.3360 62
160.4640 160.5920 64
160.6240 160.9760 62
161.0080 161.1680 61
161.2000 161.2320 60
161.2640 161.4880 59
161.5200 161.8080 61
162.0320 162.5440 57
162.8640 164.5600 62
164.9120 168.7840 62
168.8160 168.9440 64
168.9760 169.2640 62
169.2960 169.4880 61
169.5200 169.5520 60
169.5840 169.6800 59
169.8400 170.1600 61
170.1920 170.2240 59
170.2560 170.2880 58
170.3200 177.3920 57
201.7440 201.7760 64
201.8080 201.9040 67
201.9360 202.8640 69
202.9280 203.7280 69
203.7600 204.4000 66
204.5600 204.6560 62
204.6880 204.7840 64
205.0400 205.2640 64
205.2960 205.4560 62
205.4880 205.5200 59
205.8080 205.9680 64
206.0000 206.3200 66
206.3520 206.7360 63
206.9280 207.1840 66
207.4080 207.6640 69
207.6960 208.1760 66
208.2080 208.4320 64
208.4640 208.6880 66
208.7200 209.4560 62
209.4880 209.7120 59
209.7440 210.0000 57
210.0320 210.1600 60
210.1920 210.3200 62
210.5120 211.0560 62
211.0880 211.1200 60
211.4400 211.4400 58
211.6320 211.7280 57
212.1440 212.1760 64
212.2080 212.4960 66
212.5280 213.2000 64
213.2320 213.4240 66
213.7120 214.3840 59
214.9600 215.4720 64
215.5040 215.6320 66
215.8240 216.2080 59
216.2400 216.4320 57
216.5920 216.8480 63
216.8800 219.3440 62
219.3760 219.3760 60
219.9520 219.9840 58
220.2080 220.2720 59
220.5280 220.6240 65
220.6560 220.9120 66
220.9440 221.1040 64
221.2960 221.4560 64
221.5840 221.6480 65
221.6800 221.8720 66
222.0640 222.0960 58
222.1280 222.9600 59
223.3440 223.6640 64
223.8560 223.9520 66
224.1440 224.4640 69
224.6240 224.7840 66
224.8160 225.0720 64
225.1040 225.2640 66
225.3920 229.4560 62
229.6800 229.9680 62
230.3520 230.5440 62
230.8640 230.9920 57
231.0240 231.1520 59
231.1840 231.2800 58
231.3120 231.9520 57
232.4640 232.6880 62
232.9760 233.1040 57
233.1360 233.2320 59
233.2640 233.2960 58
233.4560 234.0640 57
234.5440 234.8000 62
235.0880 235.1840 58
235.2160 235.3120 59
235.3440 235.4080 58
235.4400 236.9440 57
236.9760 237.0080 56
237.1680 237.6160 54
237.8400 237.9040 58
237.9360 237.9680 59
238.0000 238.1280 60
238.1600 238.2560 62
238.7040 238.9280 62
239.2480 239.2800 57
239.3120 239.6320 58
239.6640 240.4640 57
240.7840 240.8160 61
240.8480 241.3280 62
241.3600 241.5520 64
241.5840 241.8400 62
241.8720 242.0960 65
242.1280 245.3920 66
245.4240 246.1600 69
246.1920 248.8160 70
278.4160 278.4800 58
278.6400 278.7680 59
278.9600 279.0880 65
279.1200 279.4720 66
279.7280 279.9840 64
280.0160 280.3360 66
280.4960 281.1680 59
281.7120 281.9360 64
282.2560 282.6400 66
282.6720 282.8640 69
283.0240 283.7280 66
283.7600 290.0960 62
291.6640 291.6640 60
292.4640 292.5600 60
