20.3360 20.4000 60
20.4320 20.4640 62
20.4960 20.5280 63
20.5600 21.2320 64
21.2640 21.3920 63
21.4240 21.5840 64
21.6160 22.1920 66
22.3520 22.4480 66
22.9920 23.0240 62
23.0560 23.2480 63
23.2800 23.6000 62
23.6320 23.8240 64
24.0160 24.1120 62
24.2720 24.3360 65
24.3680 24.5280 64
24.6560 25.1040 62
25.6160 25.6160 59
25.6480 25.7120 62
25.7440 25.8080 63
25.8400 26.4480 64
26.5760 26.6720 63
26.7040 26.8960 64
26.9280 27.1520 66
27.1840 27.1840 63
27.2160 27.3440 59
27.3760 27.5360 58
27.9520 28.2720 58
28.3040 28.3040 60
28.3360 28.4640 62
28.4960 28.8800 64
28.9120 29.1360 66
29.3280 29.5200 56
29.5520 29.5840 58
29.6160 29.8720 59
29.9040 30.2560 62
30.8960 30.9280 61
30.9600 31.0560 62
31.0880 31.1200 63
31.1520 31.2480 64
31.2800 31.3440 63
31.3760 31.4400 62
31.5680 31.7600 62
31.8880 32.3680 64
32.5280 32.7200 64
32.7520 32.8160 65
32.8480 33.2320 66
33.2640 33.2960 65
33.3280 33.7760 64
33.8080 33.8400 63
33.8720 34.5440 62
35.2480 35.2800 62
35.3120 35.3760 63
35.5360 35.6960 64
35.8560 35.9840 63
36.1440 36.5920 64
36.6240 36.6880 63
37.1680 37.4560 57
38.8640 38.8960 61
38.9280 38.9600 62
38.9920 39.0240 63
39.0560 39.2800 64
39.3120 39.3440 65
39.3760 39.6960 66
39.8240 39.8880 65
39.9200 40.0160 66
40.0480 40.3360 69
40.3680 40.4000 66
40.4320 40.6240 64
40.6560 40.6880 65
40.7200 40.9760 66
41.4560 41.5520 61
41.5840 41.6160 63
41.6480 41.9360 64
41.9680 42.3200 66
42.4480 42.4800 66
42.5120 42.6080 67
42.6400 43.4400 69
43.4720 43.6640 71
43.6960 43.6960 69
43.7280 43.8560 65
43.8880 44.1440 64
44.1760 44.2400 63
44.4000 44.7200 62
44.7520 44.9760 64
45.1360 45.3600 62
45.7440 45.7440 60
45.7760 45.8080 62
45.8400 45.8720 63
45.9040 46.0000 64
46.0320 46.5760 62
46.7040 46.7680 59
46.8000 46.8960 62
46.9280 46.9920 63
47.0240 47.9840 64
48.0160 48.4960 66
49.0080 49.0080 60
49.0400 49.0400 63
49.0720 49.1040 68
49.1360 49.5520 69
49.5840 49.5840 67
49.6160 49.7440 64
49.7760 49.8400 65
49.8720 50.0640 66
50.0960 50.1280 65
50.1600 50.1920 64
50.2240 50.2560 63
50.2880 50.5440 62
50.6720 50.7040 63
50.7360 50.9280 64
50.9600 51.2800 62
51.3120 51.3760 64
51.4080 51.5040 63
51.6640 52.2080 62
52.2400 52.2720 63
52.3040 52.5600 64
52.5920 52.6240 65
52.6560 52.7840 66
52.8160 52.8160 62
52.8480 52.8480 60
53.0080 53.0720 56
53.1040 53.1680 57
53.2000 53.2320 58
53.2640 53.5520 59
53.5840 53.6160 60
53.6480 53.9360 62
54.6720 54.6720 59
54.7040 54.7680 61
54.8000 54.8320 63
54.8640 55.1840 64
55.2160 55.2480 65
55.2800 55.4400 66
55.6640 55.7600 57
55.7920 55.8560 58
55.8880 56.1120 59
56.1440 56.2080 60
56.2400 56.5600 62
57.2960 57.3280 61
57.3600 57.4240 62
57.4560 57.4880 63
57.5200 57.8400 64
58.2880 58.3200 59
58.3520 58.4160 60
58.4480 58.4800 61
58.5120 58.8960 62
58.9280 59.8240 59
60.3040 60.3680 56
60.4000 61.0720 55
64.2080 64.2080 62
64.2400 64.2400 66
64.2720 64.3680 68
64.5600 65.0720 69
65.1040 65.1360 70
65.1680 65.4560 71
65.6160 65.9680 69
66.1600 66.1920 63
66.2240 66.3520 64
66.3840 66.5440 66
66.5760 67.3120 64
67.7920 67.7920 65
67.8240 67.8240 67
67.8560 68.0800 71
68.1120 68.4320 69
68.4640 68.6240 71
68.8160 68.9760 64
69.0080 69.2000 66
69.2320 69.6800 64
69.7120 70.0960 62
70.1280 70.3520 64
70.3840 70.4800 63
70.5120 70.5440 65
70.5760 70.7360 66
70.7680 71.2800 69
71.4080 71.8560 69
71.8880 71.9840 71
72.0160 72.7200 69
72.7520 72.9440 71
72.9760 72.9760 69
73.0080 73.1360 66
73.1680 73.2320 64
73.2640 73.2960 63
73.6160 74.0320 62
74.0640 74.1280 63
74.1600 74.2560 64
74.2880 74.4480 66
74.7680 74.7680 65
74.8000 74.8640 68
74.8960 75.6960 69
75.7280 75.9520 71
76.0800 76.3680 69
76.4000 76.5920 71
76.6240 76.6240 69
76.7520 76.9120 64
76.9440 77.0080 65
77.0400 77.2960 66
77.3280 77.8080 64
78.0960 78.6400 64
78.6720 78.7040 68
78.7360 78.8960 69
79.0240 79.0560 63
79.0880 79.1520 64
79.1840 79.2800 65
79.3120 79.3760 63
79.4080 79.6640 64
80.0160 80.0480 57
80.0800 80.0800 59
80.1120 80.3360 62
80.3680 80.5920 64
80.6240 80.9120 62
81.0400 81.0720 61
81.1040 81.2320 62
81.2640 81.9040 64
81.9360 82.0320 63
82.0640 82.2560 64
82.2880 83.7280 66
86.2560 86.4800 69
86.5120 86.5120 67
86.5440 86.7680 64
86.8000 86.9920 66
87.0240 87.1200 64
87.2800 87.5360 62
87.5680 87.7920 64
87.8240 88.2080 62
88.2400 88.4320 64
88.5920 89.0720 59
89.1040 89.2000 58
89.2320 89.2320 60
89.2640 89.3920 62
89.4240 89.6160 64
89.9680 90.0960 60
90.1280 90.1600 61
90.1920 90.5440 62
90.5760 90.9920 64
91.0240 91.0560 63
91.0880 91.1520 62
91.2800 91.3760 61
91.6000 91.7600 64
91.7920 92.0160 66
92.0480 92.3360 69
92.5280 92.6240 63
92.6560 92.7520 64
92.7840 93.2000 66
93.2320 93.5840 69
93.9040 93.9360 64
93.9680 94.1920 65
94.2240 94.3520 64
94.5440 94.6400 63
94.6720 95.3760 64
96.8160 96.9120 62
96.9440 97.0080 63
97.0400 97.7120 64
97.8400 97.8720 63
97.9040 98.0320 64
98.0640 98.1280 65
98.1600 98.6400 66
99.4720 99.5040 62
99.5360 99.5680 63
99.6000 99.7280 64
99.7600 99.9840 62
100.1120 100.3360 64
100.4960 100.6240 62
100.7840 100.8480 65
100.8800 100.9760 64
101.0080 101.0400 63
101.1680 101.5840 62
102.0960 102.1920 62
102.2240 102.2880 63
102.3200 102.9280 64
102.9600 103.0560 62
103.0880 103.1200 63
103.1520 103.3120 64
103.3440 103.3760 65
103.4080 103.6640 66
104.4000 104.5280 59
104.5600 104.6880 58
104.7200 104.7520 61
104.7840 104.8480 62
104.8800 104.9120 63
104.9440 105.2960 64
105.3280 105.5520 66
105.5840 105.5840 63
105.7440 105.9040 57
105.9360 106.0000 58
106.0320 106.2240 59
106.3520 106.6720 62
107.3760 107.4080 61
107.4400 107.5360 62
107.5680 107.7920 64
107.8240 107.9520 63
107.9840 108.2080 62
108.3680 108.8160 64
109.0080 109.1680 64
109.2000 109.2640 65
109.2960 109.7440 66
109.7760 110.2560 64
110.2880 110.9280 62
111.6960 111.6960 60
111.7280 111.7600 62
111.7920 111.8880 63
112.0160 112.2400 64
112.3680 112.5280 62
112.6880 113.1360 64
113.1680 113.2320 63
113.2640 113.3600 62
113.6480 114.2560 57
115.2800 115.3440 60
115.3760 115.4080 62
115.4400 115.4720 63
115.5040 115.7280 64
115.7600 115.7920 65
115.8240 116.1440 66
116.2720 116.3040 65
116.3360 116.4640 66
116.4960 116.7840 69
116.8160 116.8480 67
116.8800 117.0720 64
117.1040 117.1360 65
117.1680 117.4560 66
117.9040 117.9360 61
117.9680 118.0960 62
118.1280 118.3520 64
118.3840 118.4160 65
118.4480 119.0240 66
119.0560 119.1200 67
119.1520 119.8240 69
119.8560 119.8880 70
119.9200 120.0480 71
120.2080 120.2720 66
120.3040 120.3680 65
120.4000 120.7840 64
120.8160 120.8480 63
120.8800 121.0400 62
121.0720 121.2320 63
121.2640 121.4880 64
121.6160 121.9040 62
122.2240 122.4480 64
122.4800 123.3440 62
123.3760 123.4080 63
123.4400 124.4320 64
124.4640 125.1040 66
125.5200 125.5200 63
125.5520 125.5840 68
125.6160 125.7120 69
125.8400 126.0640 69
126.0960 126.0960 66
126.1280 126.2240 64
126.2560 126.5440 65
126.5760 126.7360 64
126.7680 126.8000 63
126.8320 127.0240 62
127.1840 127.3760 63
127.5040 127.7600 62
127.7920 128.0160 64
128.1440 128.3360 62
128.4960 128.5280 61
128.5600 128.6880 62
128.7200 128.7520 63
128.7840 129.0080 64
129.0400 129.0720 65
129.1040 129.3280 66
129.3600 129.3600 64
129.5200 129.5520 57
129.5840 129.6800 58
129.7120 130.0960 59
130.1280 130.4160 62
131.1200 131.2480 62
131.2800 131.3120 63
131.3440 131.6000 64
131.7600 131.9840 66
132.1760 132.3040 58
132.3360 132.7520 59
132.7840 133.1040 62
133.7440 133.7440 65
133.7760 133.9040 67
133.9360 134.2880 69
134.3200 134.3520 68
134.3840 134.4480 67
134.7360 134.7680 64
134.8000 134.9280 65
134.9600 135.4080 66
135.4400 135.6000 64
135.7280 136.2720 64
136.3040 136.5600 63
136.8480 136.9120 63
136.9440 136.9760 62
138.0640 138.0640 66
138.0960 138.1920 69
138.3520 138.9600 69
138.9920 139.2800 71
139.4080 139.8240 69
140.0160 140.0800 63
140.1120 140.1760 64
140.2080 140.3680 66
140.4000 140.4640 65
140.4960 141.0080 64
141.0400 141.1360 63
141.6800 141.6800 68
141.7120 141.9360 71
141.9680 142.1600 69
142.1920 142.2560 68
142.2880 142.4800 71
142.5120 142.5120 69
142.6720 142.8320 65
142.8640 142.9920 66
143.0240 143.0560 65
143.0880 143.1840 64
143.2160 143.3120 63
143.3440 143.5680 64
143.6000 143.9520 62
143.9840 144.2080 64
144.2400 144.3360 63
144.3680 144.5920 66
144.6240 145.4880 69
145.5200 145.6160 68
145.6480 145.6800 70
145.7120 145.8080 71
145.9360 146.5440 69
146.5760 146.8000 71
146.8320 146.8320 68
146.8640 146.8960 66
146.9280 146.9600 65
146.9920 147.1200 64
147.4720 147.9200 62
147.9520 148.0160 64
148.0480 148.0800 65
148.1120 148.2720 66
148.5600 148.5920 65
148.6240 148.6560 68
148.6880 149.5200 69
149.5520 149.7760 71
149.9360 150.1920 69
150.2240 150.4160 71
150.4480 150.4480 69
150.5760 150.7040 63
150.7360 150.8000 64
150.8320 150.8640 65
150.8960 151.1520 66
151.2800 151.6000 64
151.6320 151.6960 63
151.8880 151.9200 61
151.9520 152.1440 63
152.1760 152.4640 64
152.4960 152.4960 66
152.5280 152.7200 69
152.8800 152.9760 63
153.0080 153.1360 66
153.1680 153.5520 64
153.8400 153.8400 56
153.8720 153.8720 58
153.9040 153.9360 61
153.9680 154.1920 62
154.2240 154.4160 64
154.4480 154.7040 62
154.8640 154.8640 60
154.8960 155.0560 62
155.0880 156.0480 64
156.0800 157.8720 66
159.1520 159.2160 67
159.2480 159.3120 69
159.4720 160.1120 69
160.1440 160.2080 70
160.2400 160.4320 71
160.4640 160.9760 74
161.0080 161.0080 72
161.1360 161.2000 65
161.2320 161.3280 64
161.3600 161.5520 66
161.5840 162.0000 64
162.0320 162.3520 62
162.3840 162.4160 63
162.4480 162.8000 64
162.8320 162.8640 65
162.8960 163.0880 66
163.1200 163.8240 69
163.8560 163.9840 70
164.0160 164.5600 69
165.3600 165.3920 66
165.4240 165.4240 68
165.4560 165.6480 71
165.6800 166.2240 69
166.3520 166.6080 69
166.7360 166.8640 69
166.8960 166.8960 67
167.0560 167.1520 65
167.1840 167.5680 66
167.6960 167.8880 66
167.9200 168.1120 65
168.1440 168.2080 64
168.2400 169.0400 62
169.0720 169.3600 66
169.7120 169.7440 67
169.7760 170.6080 69
170.6400 170.8640 71
170.9920 171.2800 69
171.3120 171.5040 71
171.6320 171.9200 63
171.9520 172.2400 66
172.2720 172.6560 64
172.9440 172.9760 62
173.0080 173.5840 64
173.6160 173.8400 69
173.9360 174.0640 63
174.0960 174.2240 65
174.2560 174.6080 64
174.9280 174.9280 67
174.9600 175.3440 69
175.3760 175.5360 71
175.5680 176.0800 69
176.1120 176.5920 71
176.6240 179.5360 69
180.2080 180.2720 66
180.3040 181.1040 69
181.1360 181.4240 64
181.4560 181.9040 66
181.9360 183.6320 64
183.6640 183.7600 63
237.9360 237.9680 61
238.0000 238.1280 63
238.1600 238.8000 64
238.9280 239.1200 63
239.1520 239.2160 64
239.2480 239.7280 66
240.6240 240.8160 63
240.8480 241.1040 62
241.2320 241.4560 64
241.6160 241.7440 62
241.9040 242.0960 64
242.2560 242.7040 62
243.2160 243.2800 60
243.3120 243.3440 62
243.3760 243.4080 63
243.4400 243.9840 64
244.1440 244.3040 63
244.3360 244.4960 64
244.5280 244.7520 66
244.7840 244.7840 64
244.8160 244.8160 62
244.8480 245.1360 59
245.5200 245.8400 59
245.8720 245.9680 62
246.0000 246.4480 64
246.4800 246.6720 66
246.7040 246.7040 64
246.9280 247.1200 58
247.1520 247.3440 59
247.5040 247.7920 62
248.4960 248.6560 62
248.6880 248.9120 64
248.9440 248.9760 63
249.1360 249.3600 62
249.4880 249.8720 64
250.1280 250.1600 63
250.1920 250.2880 64
250.3200 250.3840 65
250.4160 250.8000 66
250.8320 250.8640 65
250.8960 251.3440 64
251.3760 251.4080 63
251.4400 251.6000 62
252.7520 252.7520 60
252.7840 252.8160 62
252.8480 252.9120 63
253.0720 253.2000 64
253.2320 253.2960 63
253.4240 253.5840 62
253.7440 254.1600 64
254.1920 254.2560 63
254.7360 255.2480 57
256.4320 256.4960 62
256.5280 256.8800 64
256.9120 257.2320 66
257.4240 257.6160 67
257.6480 257.9040 69
257.9360 257.9680 67
258.0000 258.7040 64
258.7360 261.6160 66
