16.4640 17.1360 64
17.3600 17.9680 64
18.0000 18.2240 62
18.2560 19.0560 64
23.8560 24.4320 69
25.2000 25.3280 69
25.3600 25.4240 67
25.7440 26.1600 69
27.3760 28.1440 64
28.2720 28.4640 64
28.4960 28.5920 67
28.8160 28.8800 64
28.9120 29.0720 62
31.2800 31.6960 64
31.8880 32.1120 64
32.1440 32.2400 67
32.4320 32.5280 64
32.5600 32.7840 62
32.8160 33.5840 64
35.7280 35.7920 61
38.4800 38.9280 69
39.8240 39.8880 68
42.4160 44.0800 64
44.1120 44.1760 62
44.2080 44.3040 59
44.3360 44.4640 53
46.7360 46.7360 53
46.8000 47.0240 52
47.0560 47.1520 50
48.7200 48.8480 55
48.8800 49.2640 57
49.2960 49.8720 59
50.0000 50.0960 60
50.1280 50.4800 62
50.5120 50.5760 60
50.6080 51.6000 59
52.3360 52.5280 59
52.5600 52.6560 62
52.6880 52.7200 60
52.7520 52.9440 55
52.9760 53.8720 57
53.9040 54.0640 59
54.0960 54.2560 57
54.2880 54.4800 56
54.6720 55.2160 57
55.9520 56.3360 57
56.4640 56.7200 52
57.1040 57.5200 52
57.5520 57.7440 55
57.7760 57.9040 52
57.9360 58.0000 51
58.0320 58.6400 50
58.6720 58.8960 52
59.3440 59.4400 50
59.8240 59.9200 50
60.0480 60.1760 50
60.2080 61.0720 52
61.2000 61.4560 55
61.4880 61.5520 52
61.5840 61.7120 51
61.8400 62.1920 52
62.2240 62.5440 51
63.1840 63.4080 55
63.4400 63.8880 57
63.9200 64.4960 59
64.5280 64.9440 62
64.9760 65.1680 59
65.2000 65.4560 57
65.4880 66.1280 59
66.7680 67.0240 59
67.0560 67.1520 62
67.3440 67.5360 57
67.9840 68.6560 57
68.6880 69.0720 55
69.1040 69.2960 57
70.0960 70.1600 50
70.1920 70.3200 52
70.5120 70.7360 52
70.9280 71.2160 55
71.2480 71.2480 52
71.4720 71.7280 52
71.8880 72.8800 52
73.2000 73.2640 50
73.4560 73.6480 52
73.6800 74.0960 55
74.1280 74.4800 57
74.6400 74.7040 57
74.7360 75.3440 59
75.5680 75.7600 59
75.7920 76.4960 57
76.5280 77.6160 59
77.7440 78.2880 62
78.3200 78.9920 64
79.1200 79.3120 64
79.3440 79.4400 62
79.6000 79.9840 62
80.0160 80.7840 64
80.9440 81.0400 64
81.2960 81.6160 62
81.6480 81.8400 64
81.8720 82.9280 67
82.9600 83.3760 64
83.4080 83.5040 62
83.6640 84.0800 62
84.3040 84.8160 62
84.8480 84.9760 64
85.0080 85.2000 62
85.2320 87.1840 59
87.9840 88.3680 59
88.4000 88.5920 62
88.6240 88.8160 59
88.8480 89.5520 57
89.8080 89.9040 57
90.0960 90.2560 57
90.2880 90.4800 59
90.5120 90.6400 57
90.6720 90.9280 55
90.9600 91.3440 57
91.6640 91.8240 55
91.8560 92.0160 59
92.0480 92.1440 62
92.3360 92.5280 59
92.5600 93.5840 57
93.7120 93.9040 57
93.9360 94.1280 59
94.1600 94.2880 57
94.3200 94.5120 55
94.5440 94.8960 52
95.0880 95.1840 52
95.9840 96.2080 50
96.4640 97.5200 50
97.7440 98.0320 52
98.2560 98.4800 54
98.9280 99.0880 62
99.1200 99.2800 59
99.6000 100.4000 50
100.4320 101.2960 52
101.5200 101.6480 53
103.4720 103.5680 69
105.0400 105.4560 69
105.4880 105.5520 70
110.7040 110.7680 69
118.7040 118.7680 69
119.3440 119.4080 71
119.7920 119.8560 67
121.0400 121.1040 62
128.2400 128.4000 64
128.4320 128.4640 63
128.7840 129.0080 62
129.1680 130.2880 64
130.5760 132.0160 64
132.7840 133.0400 50
133.2640 133.5840 52
133.7120 133.9040 52
133.9360 134.0960 55
134.1280 134.3200 52
134.3520 134.4800 51
134.6080 134.8640 52
135.0240 135.0880 55
135.9200 136.1120 55
136.1440 136.5280 57
136.5600 136.7200 59
136.8480 137.2640 59
137.2960 137.7120 62
137.7440 137.9040 60
137.9360 138.1600 57
138.1920 138.5760 59
139.5040 139.7280 59
139.7600 139.8880 62
140.1120 140.3360 56
140.6880 141.3600 57
141.3920 141.8400 55
141.8720 142.0960 57
142.8640 143.0560 52
143.2160 143.3440 52
143.3760 143.5040 50
143.7280 143.9200 55
143.9520 145.3600 52
145.9360 146.0000 55
146.1600 146.2240 52
146.2560 146.4160 54
146.4480 146.7680 55
146.8000 147.1520 57
147.3120 147.4080 57
147.4400 148.0480 59
148.2400 148.4640 59
148.4960 149.2000 57
149.2320 150.3520 59
150.4800 151.0240 62
151.0560 151.6960 64
151.8560 152.0160 64
152.0480 152.1760 62
152.3040 152.7200 62
152.7520 153.4880 64
154.0000 154.2880 62
154.3200 154.4160 64
154.5760 155.6960 67
155.7280 156.1440 64
156.1760 156.2720 62
156.4000 157.5200 62
157.5520 157.6480 64
157.6800 158.0000 62
158.0320 160.1440 59
160.7200 161.1360 59
161.1680 161.3280 62
161.3600 161.5840 59
161.6160 162.2880 57
162.5120 162.6080 57
162.8000 162.8960 57
162.9280 162.9920 56
163.0240 163.2160 59
163.2480 163.3760 57
163.4080 163.6320 55
163.6640 164.0800 57
164.3680 164.5280 53
164.5600 164.7200 60
164.7520 164.8160 62
165.0080 165.1680 59
165.2000 166.2560 57
166.4160 166.5120 57
166.6400 166.8320 59
166.8640 166.9920 57
167.0240 167.1520 55
167.2800 167.7280 52
168.6880 169.0080 50
169.2320 169.9040 50
170.0320 170.2240 50
170.4800 170.7680 52
170.9600 171.2480 54
171.6640 171.8240 62
171.8560 171.9520 56
171.9840 172.0480 58
172.3360 172.8480 50
172.8800 173.0720 51
173.1040 174.3840 52
175.3440 175.3760 53
175.4080 175.8560 55
175.8880 176.2720 57
176.4320 176.4960 57
176.5280 177.1680 59
177.3280 177.5200 59
177.5520 178.2880 57
178.3200 179.4720 59
179.6000 180.1120 62
180.1440 180.6880 64
180.7200 180.8160 67
180.9440 181.2000 64
181.2320 181.8080 62
181.8400 182.6400 64
182.9600 183.0240 68
183.0560 183.3760 62
183.4080 183.6960 64
183.7280 184.7200 67
184.7520 185.2320 64
185.2640 185.8400 62
186.0960 186.6080 62
186.6400 186.8000 64
186.8320 187.0240 62
187.0560 189.0720 59
189.8080 190.2560 59
190.2880 190.4480 62
190.4800 190.6400 59
190.6720 191.2800 57
191.6320 191.7600 57
191.9200 192.0480 57
192.0800 192.3040 59
192.3360 192.4960 57
192.5280 192.8800 55
192.9120 193.1360 57
193.4880 193.5520 53
193.6800 193.8080 60
193.8400 193.9360 62
194.1280 194.3520 59
194.3840 195.3440 57
195.4720 195.6000 57
195.7280 195.9200 59
195.9520 196.0800 57
196.1120 196.6240 55
196.6560 197.1360 52
197.7440 199.5680 50
199.6000 199.8880 52
200.0480 200.3680 54
200.8800 202.2560 55
202.3840 203.7600 52
204.1440 204.3360 63
204.3680 204.8160 59
204.8480 204.9760 62
205.0080 205.2000 59
205.2320 205.8400 57
206.1600 206.2560 57
206.3840 206.5120 57
206.6400 206.8960 59
206.9280 206.9920 57
207.0240 207.4080 55
207.4400 207.6640 57
208.1120 208.1760 55
208.2080 208.3040 59
208.3360 208.4640 62
208.6880 208.8160 59
208.8480 209.6800 57
209.8400 209.9040 57
210.0320 210.8320 57
210.8640 211.3760 52
212.3680 212.4960 50
212.5280 212.6240 51
212.8480 213.0720 50
213.2640 213.4240 51
214.2560 214.3200 53
214.5760 214.8640 54
215.3120 215.4400 62
215.4720 215.5680 55
215.6000 215.6960 57
215.9520 216.6880 50
216.7200 217.9680 52
219.1200 219.4400 67
219.6320 219.9520 69
221.4240 221.7760 69
233.6480 233.7760 66
234.1920 234.4480 71
237.3600 237.5840 70
237.8400 237.9360 71
241.4560 241.7120 64
246.1920 246.2560 64
246.4160 246.5760 64
246.8320 247.0240 64
