43.0240 43.2480 55
44.6560 44.7200 57
44.7520 44.7840 58
44.8160 44.8480 59
44.8800 45.0400 60
45.0720 45.4880 59
45.6480 45.6800 58
45.7120 45.8400 59
45.8720 46.4480 60
46.7360 46.8960 55
47.0240 47.1840 57
47.2160 47.3120 59
47.4720 47.9200 60
48.1440 48.3040 57
48.3360 49.0080 59
49.1360 49.2000 58
49.2320 49.4240 59
49.4560 49.6160 60
49.8080 49.9040 60
49.9360 50.0960 62
50.1280 50.3520 60
50.5440 50.7040 59
50.8960 51.5680 60
52.2080 52.3360 53
52.5280 52.6240 57
52.6560 52.7840 59
52.9120 53.3600 60
53.5840 53.7440 58
53.7760 53.8400 60
53.8720 54.4160 59
54.5760 54.7040 57
54.7360 55.0240 59
55.0560 55.1200 60
55.1520 55.2160 61
55.2480 55.4720 59
55.5040 55.9840 55
56.0160 56.0800 57
56.2720 57.0080 57
57.5840 57.6480 56
57.6800 57.7440 57
57.9680 58.3200 57
58.3520 58.7360 59
58.9920 59.0560 58
59.0880 59.1200 59
59.1520 59.2480 60
59.2800 59.3120 59
59.3440 59.4080 56
59.4400 59.8560 55
60.0480 60.1760 57
60.2080 60.3360 59
60.4640 61.1680 60
61.7120 61.7760 56
61.8080 61.9040 55
62.0640 62.1280 56
62.1600 62.2880 55
62.4160 62.4800 54
62.5120 63.6000 53
63.8240 63.9520 62
63.9840 64.3040 64
64.4640 64.6240 62
64.6560 64.7520 64
64.7840 65.0080 62
65.1360 65.9360 62
66.4160 66.6080 57
66.8000 67.3120 59
67.4720 67.5680 59
67.6000 68.0480 60
68.4640 68.6880 55
68.8480 68.9440 57
68.9760 69.1680 60
69.2000 69.5840 62
69.8720 70.0000 62
70.0320 70.1920 64
70.2240 71.1520 62
71.1840 71.3440 65
71.3760 71.7920 67
71.9200 72.2080 55
72.2400 72.3360 57
72.3680 72.4960 59
72.6240 73.3600 60
73.9040 74.0960 55
74.2880 74.3840 57
74.4160 74.7040 60
74.7360 75.1520 62
75.3120 75.4720 62
75.5040 75.6640 64
75.6960 76.7840 62
76.8160 76.9440 64
76.9760 77.1680 62
77.2000 77.3280 64
77.3600 77.4560 62
77.4880 77.7440 64
77.7760 77.8400 62
77.8720 78.8000 60
79.3760 79.6000 60
79.7600 80.0480 60
80.0800 80.2400 65
80.2720 80.6240 67
80.7840 80.9440 65
80.9760 81.1360 67
81.1680 81.7440 65
81.7760 81.9360 62
81.9680 82.2560 64
82.2880 82.4480 65
82.4800 82.6080 62
82.6400 82.7360 64
82.8640 83.1520 60
83.4720 83.5680 66
83.6000 83.7920 67
83.8240 83.9200 66
83.9520 84.1760 67
84.2080 84.6880 64
84.7200 84.8160 63
84.8480 84.9440 64
84.9760 85.2000 65
85.2320 85.2960 63
85.3280 85.4560 64
85.4880 86.1920 60
86.2240 86.3200 62
86.3520 86.5120 64
86.5440 86.6080 63
86.9280 88.2400 62
93.0720 93.2960 65
93.4240 93.5200 63
93.5520 93.7760 65
93.8080 93.9680 64
94.0000 94.0640 65
94.0960 94.4480 62
94.4800 94.5120 63
94.5440 95.4720 64
95.7600 95.8880 62
95.9200 96.3680 64
96.4000 96.7200 62
96.7520 97.0080 64
97.1680 97.2640 69
97.2960 97.4560 71
97.4880 98.0960 67
98.4480 98.5760 65
98.6080 98.8640 67
98.8960 99.1200 65
99.1520 99.4400 64
99.4720 99.6640 62
99.8560 99.9520 63
99.9840 100.2080 65
100.2400 100.8160 64
101.2000 101.2320 62
101.2640 101.3280 63
101.3600 101.4880 64
101.5200 101.6800 63
101.7120 101.9360 64
101.9680 102.1600 62
102.1920 102.4480 60
102.4800 102.5440 59
102.5760 102.6400 61
102.6720 103.0560 60
103.0880 104.0480 59
104.0800 104.2400 60
104.5920 104.5920 57
104.6240 104.6880 59
104.7200 105.0080 60
105.0400 105.1040 59
105.1360 106.1280 57
106.7360 106.8640 57
107.0560 107.3760 57
107.4080 107.7920 59
108.0800 108.1760 60
108.2080 108.3360 62
108.3680 108.4000 59
108.4320 108.4640 56
108.4960 108.8800 55
108.9120 109.0080 57
109.0400 109.3920 59
109.4240 110.0000 60
110.0320 110.0640 59
110.7360 110.7360 58
110.7680 110.7680 60
110.8000 110.8960 62
110.9280 111.5360 64
111.5680 111.7600 65
111.7920 112.2400 64
112.2720 112.4000 65
112.4320 112.5920 63
112.6240 112.6880 64
112.8160 113.3600 60
113.3920 113.4560 59
113.4880 113.5840 62
113.6160 113.6480 63
113.6800 113.8080 64
113.8400 114.4480 62
114.8640 114.9600 65
114.9920 115.2480 67
115.2800 115.6000 65
115.6320 115.7600 64
115.7920 115.8560 65
115.8880 116.1120 62
116.1440 116.2080 61
116.2400 116.3360 64
116.3680 116.5280 65
116.5600 117.1360 64
117.1680 117.2320 65
117.5520 117.6800 62
117.7120 117.9040 63
117.9360 118.2240 64
118.2560 118.5760 62
118.6080 118.8960 64
118.9280 118.9280 66
118.9600 119.0560 69
119.0880 119.1200 70
119.1520 119.2480 71
119.2800 119.8880 67
120.2720 120.4320 65
120.4640 120.6560 67
120.6880 120.9760 65
121.0080 121.2000 64
121.2320 121.2640 63
121.2960 121.5200 62
121.7120 121.8080 63
121.8400 122.0000 65
122.0320 122.6720 64
122.7040 122.7680 65
122.9920 123.0240 61
123.0560 123.1200 62
123.1520 123.2480 64
123.2800 123.3120 63
123.3440 123.5040 62
123.5360 123.6960 64
123.7280 123.9840 62
124.0160 124.6880 60
124.7200 125.8400 59
126.4480 126.9280 59
126.9600 126.9920 58
127.0240 127.6640 57
128.1440 128.3680 57
128.4960 129.0080 57
129.1680 129.2000 66
129.2320 129.2960 67
129.3280 129.7120 69
129.8400 130.0000 68
130.0320 130.1920 69
130.2240 130.8960 67
130.9280 131.9520 64
132.4960 132.5280 62
132.5600 133.1360 64
133.1680 133.2640 67
133.2960 133.3920 64
133.4240 134.4800 65
134.5120 134.5760 67
134.6080 134.6080 65
134.6400 134.7360 63
134.7680 134.9280 64
134.9600 135.6000 62
136.3680 136.8800 55
137.0400 137.1360 62
137.1680 137.7760 64
137.8080 138.2880 62
138.3200 138.5760 60
138.7040 138.7680 61
138.8000 140.4320 60
143.6640 143.8560 59
144.2080 144.3040 55
144.5280 144.7520 55
145.0080 145.0720 55
147.3440 147.5680 55
148.9440 149.2320 55
155.1840 155.2800 67
155.7600 156.0160 67
156.4320 156.6880 55
157.3280 157.4560 57
159.7600 159.9840 60
160.2400 160.3040 57
160.3360 160.6240 59
160.6560 160.9120 60
161.2320 161.5520 60
161.5840 161.9040 59
161.9360 162.2560 60
162.6080 162.7680 67
162.8000 163.1520 69
163.3120 163.4400 67
163.4720 163.6000 69
163.6320 163.8240 68
163.8560 164.7200 67
165.3280 165.5520 55
165.5840 165.5840 57
165.6160 165.6160 60
165.6480 165.7760 65
165.8080 165.9680 67
166.0000 166.3200 65
166.3520 166.4800 62
166.5120 166.6400 64
166.6720 166.8320 65
166.8640 167.0240 63
167.0560 167.3120 64
167.3440 167.4080 63
167.4400 167.9200 62
168.0480 168.1120 61
168.1440 168.4640 60
168.4960 168.6880 62
168.7200 169.2320 64
169.3920 169.4560 63
169.4880 170.0000 62
170.0320 170.3840 64
170.7680 170.9600 60
171.1840 171.2800 57
171.3120 171.5680 59
171.6000 171.8880 60
172.1440 172.4320 60
172.4640 172.7840 59
172.8160 173.2000 60
173.5200 173.6480 67
173.6800 173.9680 69
174.1920 174.2880 69
174.3200 174.4800 71
174.5120 174.5120 69
174.5440 174.7360 67
174.8640 174.8960 67
174.9280 174.9920 68
175.0240 175.1840 69
175.2160 175.5680 67
175.6000 177.7760 64
177.8080 177.9040 65
178.1920 178.3520 62
178.3840 178.5760 64
178.6080 179.2480 62
179.2800 179.7280 60
181.7120 181.7760 59
181.8080 181.9680 60
182.0000 182.3840 59
182.5760 183.2800 60
183.4080 183.7600 59
183.7920 184.0800 60
184.4640 184.5920 67
184.6240 185.0080 69
185.0400 185.0720 68
185.1040 185.2320 67
185.2640 185.4560 69
185.4880 186.5760 67
187.1200 187.4720 67
187.5040 187.6320 69
187.6640 187.7920 71
187.8240 187.9840 67
188.1760 188.3680 67
188.4000 188.8160 64
188.8480 189.0720 65
189.2000 189.2960 62
189.3280 189.4240 63
189.5520 189.8080 62
189.8400 190.3200 60
190.3520 190.5120 62
190.5440 191.0880 64
191.3120 191.8880 62
191.9200 192.2080 64
192.6240 192.9120 55
192.9440 193.1040 62
193.1360 193.2320 64
193.2640 193.4240 62
193.4560 193.5520 64
193.5840 193.5840 62
193.6160 193.8080 60
193.9680 194.5760 60
195.6320 195.8240 55
195.9840 196.1760 58
196.2080 197.0080 60
197.3600 197.6800 60
197.7120 198.0000 57
198.0320 198.2240 59
198.3840 198.5120 67
198.5440 199.2160 69
199.3760 199.5360 67
199.5680 200.0160 69
200.0480 200.2080 68
200.2400 200.4000 69
200.4320 201.8720 67
202.1280 202.1920 65
202.2240 202.3520 67
202.3840 202.5440 66
202.5760 202.8320 65
202.8640 203.0240 64
203.0560 203.1200 66
203.1520 203.5360 62
203.5680 203.6320 64
203.6640 203.7600 65
203.7920 204.4960 64
204.8160 204.8480 62
204.8800 204.9440 63
204.9760 205.4240 64
205.4560 205.5840 63
205.6160 205.8400 62
205.8720 206.0960 64
206.2560 206.4160 70
206.4480 206.5760 71
206.6080 206.6080 69
206.6400 207.2160 67
207.5360 207.6640 65
207.6960 207.9520 67
207.9840 208.2080 65
208.2400 208.4960 64
208.5280 208.6880 63
208.7200 208.7520 62
208.9760 209.0720 64
209.1040 209.2960 65
209.3280 210.0000 64
210.3200 210.3520 62
210.3840 210.4160 63
210.4480 210.5440 64
210.6720 210.7680 63
210.8000 210.9280 64
210.9600 211.0240 63
211.0560 211.2480 62
211.2800 211.3120 61
211.3440 212.0160 60
212.0480 213.4240 59
213.7440 213.8720 59
213.9040 214.0320 60
214.0640 214.1920 59
214.2240 214.2560 58
214.2880 215.1840 57
215.7600 215.9200 57
216.1440 216.4320 57
216.4640 216.9440 59
217.1680 217.2000 60
217.2320 217.2960 61
217.3280 217.4880 62
217.5200 217.5200 58
217.5520 217.9360 55
217.9680 218.0640 56
218.0960 218.1920 57
218.2240 218.2880 58
218.3200 218.5120 59
218.5440 219.1200 60
219.1520 219.2800 59
219.8560 219.8560 59
219.8880 220.0160 62
220.0480 220.6560 64
220.6880 220.9440 65
220.9760 221.3280 64
221.3600 221.5200 65
221.5520 221.6160 63
221.6480 221.8080 64
221.8400 221.8720 61
221.9040 222.4800 60
222.5120 222.5760 59
222.6080 222.7040 62
222.7360 222.7680 63
222.8000 222.9920 64
223.0240 223.5680 62
223.9520 224.0480 65
224.0800 224.3360 67
224.3680 224.6560 65
224.6880 224.8160 64
224.8480 224.9120 65
224.9440 225.2000 62
225.3280 225.4560 64
225.4880 225.5840 65
225.6160 226.2880 64
226.3200 226.3520 59
226.7040 226.8000 62
226.8320 226.9280 64
227.0560 227.2800 64
227.3120 227.6640 62
227.6960 227.9840 64
228.0160 228.0160 66
228.0480 228.1120 69
228.1440 228.2080 70
228.2400 228.3680 71
228.4000 229.0400 67
229.3920 229.5200 65
229.5520 229.7760 67
229.8080 230.0320 65
230.0640 230.3840 64
230.4160 230.6400 62
230.8000 230.8320 63
230.8640 230.8960 64
230.9280 231.1840 65
231.2160 231.4080 64
231.4400 231.5680 65
231.6000 231.7920 64
232.1120 232.1120 60
232.1440 232.2400 62
232.2720 232.3680 64
232.4960 232.5920 62
232.6240 232.8160 64
232.8480 233.0720 62
233.1040 233.4240 60
233.4560 233.5520 61
233.5840 233.8080 60
233.8400 234.7680 59
234.8000 235.0880 60
235.1200 235.1520 59
235.5360 235.6320 59
235.6640 235.9200 60
235.9520 236.0480 59
236.0800 236.9440 57
237.2320 237.2960 56
237.3280 238.0960 57
238.2880 238.4160 67
238.4480 238.9280 69
238.9600 239.0880 68
239.1200 239.3120 69
239.3440 239.9840 67
240.0160 240.0480 65
240.0800 241.0080 64
241.0400 241.1360 62
241.6480 241.6480 61
241.6800 242.2560 64
242.2880 242.3840 66
242.4160 243.6960 65
243.7280 243.7920 63
243.8240 244.0160 64
244.0480 244.3040 62
244.3360 244.4000 60
244.4320 244.7520 62
245.4560 245.9040 55
245.9360 246.0320 56
246.0640 246.0640 58
246.0960 246.2240 63
246.2560 246.4160 65
246.4480 246.5120 63
246.5440 246.8320 64
246.8640 247.4080 62
247.4400 247.6640 60
247.7920 247.8560 62
247.8880 249.4880 60
249.5200 249.6800 59
258.4160 262.8320 67
263.7280 263.8880 59
263.9200 264.0160 60
264.0480 264.1760 59
267.6000 267.8240 65
267.9520 268.0480 64
268.0800 268.3360 65
268.3680 268.5920 64
268.6240 269.0080 62
269.0400 269.0720 63
269.1040 269.1360 64
269.1680 269.3280 65
269.3600 269.5200 64
269.5520 269.6160 62
269.6480 269.9360 64
270.3840 270.4800 62
270.5120 270.9920 64
271.0240 271.3120 62
271.3440 271.3760 63
271.4080 271.6000 64
271.7600 271.8560 69
271.8880 271.9200 70
271.9520 272.0800 71
272.1120 272.6880 67
273.0400 273.2000 65
273.2320 273.4560 67
273.4880 273.7440 65
273.7760 274.0640 64
274.0960 274.2560 62
274.4480 274.5760 64
274.6080 274.7040 65
274.7360 275.4080 64
275.8880 276.0160 64
276.1440 276.2400 62
276.2720 276.4320 64
276.4640 276.4960 63
276.5280 276.7200 62
276.7520 277.3280 60
277.3600 278.3520 59
279.1520 279.2800 59
279.3120 279.4080 60
279.5360 279.6960 59
279.7280 279.8560 57
280.0160 280.1440 56
280.1760 280.5280 57
281.2000 281.3280 57
281.5520 281.9040 57
281.9360 282.2240 59
282.5760 282.7040 60
282.7360 282.8960 62
282.9280 282.9280 59
282.9600 282.9920 56
283.0240 283.4080 55
283.6320 283.6640 57
283.6960 283.7280 58
283.7600 284.1760 59
284.2080 284.4960 60
285.3280 285.3920 62
285.4240 286.0640 64
286.0960 286.2880 65
286.3200 286.6400 64
286.6720 286.7360 63
286.7680 286.9600 65
286.9920 287.2800 64
287.3120 287.3440 62
287.3760 287.8560 60
288.0160 288.1440 65
288.1760 288.6880 67
288.7200 288.7840 68
288.8160 288.9440 69
288.9760 289.0720 70
289.1040 289.1680 69
289.2000 290.0640 67
290.0960 290.1280 65
290.1600 290.2880 64
290.3200 290.3840 65
290.4160 290.6720 62
290.8000 290.8960 64
290.9280 291.1200 65
291.1520 291.6960 64
291.7280 291.7920 65
292.1440 292.2400 62
292.2720 292.3680 64
292.4960 292.5600 65
292.5920 292.7520 64
292.7840 293.1040 62
293.1360 293.3280 64
293.3600 293.6160 70
293.6480 293.8080 71
293.8400 293.8400 69
293.8720 294.5120 67
294.7680 294.7680 62
294.8000 294.8640 65
294.8960 294.9280 66
294.9600 295.2160 67
295.2480 295.5360 65
295.5680 295.7280 64
295.7600 295.7920 63
295.8240 296.0480 62
296.2400 296.3360 63
296.3680 296.4640 65
296.4960 297.2320 64
297.2640 297.2640 62
297.5200 297.5520 61
297.5840 297.6800 62
297.7120 297.7760 64
297.9360 298.1920 64
298.2240 298.5440 62
298.5760 298.6080 63
298.6400 298.8000 64
298.8320 298.8960 62
298.9280 298.9280 67
298.9600 299.0240 69
299.0560 299.9200 71
299.9520 299.9520 69
299.9840 300.0480 67
300.0800 300.1440 65
300.1760 300.7840 67
300.9440 300.9440 62
300.9760 301.2960 65
301.3280 302.0000 67
302.0320 303.6640 69
303.6960 303.7920 72
303.8240 304.3360 74
304.3680 304.5280 69
304.5600 305.5200 71
305.5520 306.4800 72
306.5120 306.5760 74
307.1200 307.2480 62
307.2800 307.7600 64
307.8880 307.9200 63
307.9520 308.0160 64
308.0480 309.2960 65
309.3280 309.4560 67
309.4880 309.7120 65
309.7440 309.8080 68
309.8400 309.8400 65
309.8720 309.9680 63
310.0000 310.1280 64
310.1600 310.5760 62
310.8960 310.9600 56
311.0880 311.4400 55
311.5680 311.6640 63
311.6960 312.2400 64
312.2720 312.3360 63
312.3680 312.8800 62
312.9120 313.1360 60
313.2960 314.6080 60
316.8800 316.9760 62
317.0080 317.2000 65
317.3920 317.4240 62
317.4560 317.7760 64
318.0640 318.2560 62
318.2880 318.4480 60
318.7360 318.8000 60
359.2160 359.3760 55
360.5920 360.6880 55
363.2800 363.4720 56
365.3280 365.5840 67
366.6720 366.9280 55
367.5040 367.6640 57
367.9520 368.0160 56
368.4960 368.5920 55
