16.0160 16.3040 62
16.4320 16.7520 62
17.9680 18.3200 59
19.3440 19.5680 62
19.6000 20.2080 61
20.9760 21.1360 57
21.2960 21.5840 57
22.2560 22.4160 57
22.6080 23.5040 57
23.8880 24.8800 57
26.3200 26.6080 57
26.7360 26.9280 57
27.1520 27.3120 57
27.6320 27.6640 57
29.2320 29.4240 62
29.6480 30.2880 62
30.8960 31.3440 57
31.3760 31.5680 58
32.6240 32.8160 62
33.0080 33.2960 62
33.3280 33.6160 63
33.7760 33.8720 65
34.0320 34.0640 68
34.0960 34.1920 69
34.2240 34.3840 70
34.7040 34.8640 64
35.5360 35.6960 63
35.7280 35.7920 65
35.9840 36.1440 67
36.3360 36.4640 69
36.4960 36.6560 70
36.6880 36.9760 68
37.2000 37.3920 63
37.4240 37.5840 68
37.6160 37.7120 70
37.7440 37.9040 68
38.0640 38.2880 68
39.2480 39.3440 60
39.3760 39.5040 62
39.6320 39.6640 68
39.6960 39.9200 70
40.0480 40.3360 68
40.7520 40.7840 68
40.8160 41.2000 69
41.2320 41.6160 68
42.2240 42.3520 65
42.3840 42.6400 67
42.9280 43.2800 65
43.3120 43.5360 67
43.7600 43.9520 67
43.9840 45.4240 68
47.6320 47.7280 64
47.7600 47.9200 65
48.0800 48.6880 65
48.9120 49.0400 69
49.0720 49.2640 70
49.2960 49.3280 69
49.3600 49.3920 68
49.6160 49.9360 67
50.5440 50.6400 66
50.6720 51.8560 67
51.8880 52.0160 68
52.1440 52.3040 68
52.3360 52.9120 67
52.9440 52.9760 66
53.0080 53.1040 65
53.1360 53.3920 67
53.4240 53.8080 65
54.2880 54.3520 63
54.3840 55.2480 62
55.2800 55.3760 63
55.5360 55.6960 72
55.7280 55.8880 74
55.9200 55.9520 72
55.9840 56.0160 71
56.0480 56.6560 70
57.1360 57.2320 69
57.2640 57.4240 70
57.5520 58.1920 70
58.3840 58.9920 67
59.2160 59.3440 69
59.3760 59.5680 70
59.6000 59.6640 69
59.8880 59.9840 65
60.1120 60.7840 63
61.3600 61.4560 65
61.4880 61.5200 66
61.5520 61.7760 67
61.9680 62.0960 67
62.1280 62.3520 68
62.5440 62.6080 68
62.6400 62.6720 69
62.7040 62.8960 70
62.9280 63.1520 69
63.1840 63.3120 70
63.3440 63.3760 69
63.4080 63.8560 68
63.8880 63.9840 65
64.0160 64.0480 63
64.0800 64.1120 62
64.1440 64.2080 61
64.2400 64.8160 60
64.8480 64.9120 61
64.9440 65.0400 62
65.0720 65.1360 67
65.1680 65.2640 69
65.2960 65.7760 70
66.2880 66.7680 69
66.9920 67.0560 67
67.6000 67.6320 61
67.6640 67.7600 60
67.7920 68.1440 59
68.1760 68.2400 58
68.4000 68.5600 57
68.5920 69.0720 58
69.6160 69.7760 62
69.8080 70.6400 63
70.8640 71.0560 66
71.0880 72.3360 67
72.3680 72.4960 68
72.5280 72.6560 67
72.6880 72.7520 66
72.7840 73.7760 65
74.2560 74.4160 65
74.6720 74.8640 66
74.8960 75.6960 67
75.7280 75.9200 68
75.9520 76.6240 67
77.2000 77.2960 66
77.3280 78.0000 67
78.0320 78.1280 66
78.1600 78.4160 67
79.1840 79.2160 64
79.2480 79.4080 65
79.4400 79.6320 67
79.6640 79.6960 66
79.7280 80.4640 65
80.9120 81.0080 62
81.0400 81.1680 63
81.3920 81.9360 62
81.9680 82.0640 63
82.2240 82.3200 73
82.3520 82.5440 74
82.5760 82.6400 71
82.6720 83.4080 70
83.7920 83.9840 69
84.0160 84.5280 70
84.7200 84.8160 69
84.8480 85.0400 70
85.0720 85.1040 69
85.1360 85.1680 68
85.2000 85.2320 67
85.3920 85.7440 67
85.9360 86.0320 68
86.0640 86.0960 69
86.1280 86.2240 70
86.2560 86.3200 67
86.3520 86.4160 64
86.4480 87.3120 63
87.9520 88.1120 65
88.1440 88.1760 66
88.2080 88.4640 67
88.6560 88.7840 67
88.8160 89.3600 68
89.3920 89.5520 70
89.5840 89.8080 69
89.8400 89.9680 70
90.0000 90.0320 69
90.0640 90.5120 68
90.5440 90.6400 67
90.9600 91.0240 61
91.0560 91.5360 60
91.5680 91.6000 61
91.6320 91.6960 62
91.7280 91.7280 64
91.7600 91.8240 67
91.8560 91.9520 69
91.9840 92.4320 70
93.0720 93.2320 69
93.2640 93.4560 70
94.0320 94.1600 60
94.2880 94.8640 59
94.8960 94.9600 60
94.9920 95.0560 63
95.0880 95.1200 67
95.1520 95.1840 68
95.2160 95.2480 69
95.2800 95.3760 70
95.5040 95.7600 70
95.9200 96.2400 67
96.2720 96.5280 66
96.5600 97.0080 67
97.0400 97.0720 66
97.1040 98.5760 65
100.4960 100.7520 66
100.9120 101.1040 66
101.3600 101.4560 66
101.4880 101.6480 67
101.6800 101.7120 65
101.7440 101.7760 64
101.8080 101.9040 63
102.2240 102.3200 63
102.6080 104.2080 63
115.9200 116.1760 63
116.3360 116.8800 62
117.5840 117.9680 56
118.0000 118.1600 57
119.2480 119.5040 62
119.6640 119.9840 62
120.0160 120.3360 63
120.4960 120.5920 65
120.7200 120.7840 68
120.8160 120.8480 69
120.8800 121.1360 70
122.2880 122.4480 65
122.6080 122.7680 67
122.9920 123.0880 69
123.1200 123.3760 70
123.4080 123.6000 68
123.6320 123.6640 67
124.1120 124.5920 69
124.8160 125.1040 68
125.8720 126.1600 60
126.2880 126.4160 68
126.4480 126.5760 70
126.7360 126.9920 68
127.3760 127.5680 68
127.6000 127.7600 70
127.7920 128.2720 68
128.9120 129.1680 67
129.4240 130.0000 66
130.2240 132.3680 68
134.2560 134.5120 65
134.6720 135.0880 65
135.5040 136.0160 70
136.0480 136.6560 67
137.1040 137.1360 65
137.1680 137.2320 66
137.2640 138.2880 67
138.4160 138.5440 67
138.5760 138.9920 68
139.0240 139.5680 67
139.6000 139.7920 66
139.8240 139.9840 67
140.0160 140.0480 66
140.0800 140.4000 65
140.9760 141.8720 62
141.9040 142.0320 63
142.1600 142.3520 72
142.3840 142.5760 74
142.6080 142.6400 72
142.6720 143.3120 70
143.7920 143.8880 69
143.9200 144.0480 70
144.2080 144.8800 70
145.0720 145.6800 67
145.9040 146.0640 69
146.0960 146.2240 70
146.2560 146.3200 69
146.5440 146.6400 65
146.8000 147.2480 63
148.0160 148.1440 66
148.1760 148.4320 67
148.6240 149.0080 68
149.2000 149.3600 69
149.3920 149.5520 70
149.5840 149.6160 69
149.6480 149.7760 68
149.8080 150.0960 70
150.1280 150.5440 68
150.5760 150.6080 64
150.6400 150.7040 62
150.7360 150.7680 61
150.8000 151.5040 60
151.5360 151.6960 61
151.7280 151.9200 68
151.9520 152.4000 70
152.9760 153.1360 69
153.1680 153.4240 70
153.6480 153.7120 67
154.2560 154.3840 60
154.4160 154.8960 59
155.0880 155.2480 57
155.2800 155.7600 58
156.3040 156.4320 62
156.4640 157.3280 63
157.5520 157.5840 65
157.6160 157.7120 66
157.7440 159.3440 67
159.3760 160.5600 65
161.3600 161.4240 65
161.4560 162.3200 67
162.3520 162.5440 68
162.5760 163.3760 67
163.7920 163.8880 65
163.9200 163.9520 66
163.9840 164.5600 67
164.5920 164.7840 66
164.8160 165.1040 67
165.8400 165.9040 64
165.9360 166.0640 66
166.0960 166.2560 67
166.2880 166.3200 66
166.3520 167.0880 65
167.5680 167.8240 62
168.0480 168.6240 62
168.6560 168.7200 63
168.7520 168.7520 66
168.7840 168.7840 69
168.8160 169.0080 72
169.0400 169.2000 74
169.2320 169.2960 71
169.3280 170.0640 70
170.5120 170.6080 68
170.6400 171.2160 70
171.3440 171.4720 69
171.5040 171.7920 70
171.9840 172.4000 67
172.5600 172.9440 69
172.9760 173.8720 63
174.5760 174.8320 65
174.8640 175.0880 67
175.2480 175.3440 67
175.3760 175.9520 68
175.9840 176.1760 70
176.3040 176.4320 68
176.4640 176.6880 70
176.7200 177.3920 68
177.6160 177.7440 61
177.7760 178.0960 60
178.1280 178.1920 61
178.2240 178.2880 62
178.3200 178.3840 66
178.4160 178.4800 68
178.5120 179.0240 70
179.4400 179.5040 70
179.6960 179.8240 69
179.8560 180.0800 70
180.3360 180.4960 68
180.5280 180.6240 67
180.6560 180.7200 64
181.0080 181.0720 60
181.1040 181.4880 59
181.5200 181.6160 60
181.6480 181.6800 63
181.7120 181.7120 65
181.7440 181.7760 68
181.8080 182.0320 70
182.1600 182.4480 70
182.5760 182.8640 67
182.8960 183.1840 66
183.2160 183.6640 67
183.6960 183.7280 66
183.7600 184.9120 65
185.6800 186.0960 63
186.4480 186.5440 63
186.9280 187.1520 63
187.1840 187.2160 65
187.2480 187.3440 66
187.6320 187.7600 66
188.0160 188.1440 66
188.1760 188.4960 67
188.8160 189.0400 67
189.0720 189.2640 68
189.2960 190.0320 67
190.4800 190.7040 67
190.9600 191.1520 67
191.8560 191.9520 69
191.9840 192.1120 70
192.2720 193.0720 70
193.1040 193.2320 67
193.4560 193.8400 65
194.2560 194.4160 63
194.4480 194.5760 62
194.7040 195.3120 62
195.5040 195.5680 72
195.6000 196.0160 74
196.0480 196.0800 72
196.1120 196.6880 70
197.2320 197.4880 70
197.6160 197.9040 70
198.0320 198.4800 69
198.5120 198.9280 67
199.3120 199.5680 69
199.6000 199.6640 68
199.6960 199.7920 65
199.8240 200.7200 63
201.3280 201.3600 65
201.3920 202.0960 67
202.1280 202.4480 68
202.6080 202.6720 68
202.7040 203.5360 70
203.5680 203.9840 67
204.1760 204.5920 67
204.6240 204.7840 69
204.8160 205.2320 70
205.2640 205.3920 68
205.4240 205.7120 67
205.8400 206.1280 67
206.2880 206.6400 69
206.9280 207.5360 68
209.2640 209.5200 62
209.7120 209.9360 63
210.0640 211.1520 63
211.3120 211.7280 63
211.9840 212.4320 67
212.5920 213.1040 67
213.1360 214.1600 65
214.7680 214.8960 65
214.9280 215.3120 67
215.4720 216.1440 67
216.2720 216.9760 67
217.1360 217.4560 67
217.6160 217.9680 67
218.3840 218.5120 68
218.5440 219.5680 70
219.6000 219.6960 67
219.7280 220.4320 65
220.8480 221.0400 63
221.0720 221.9360 62
222.1600 222.2880 60
222.3200 222.4800 62
222.9600 223.6000 70
224.2080 224.4320 68
224.4640 224.8800 70
225.0400 225.2640 75
225.2960 225.4560 77
225.4880 227.2800 75
227.7920 228.1440 65
228.1760 228.4320 67
228.5600 229.3920 68
229.4240 230.1920 70
230.2240 230.6400 68
230.6720 230.6720 66
230.8960 231.5360 60
231.6960 231.8880 68
231.9200 232.4640 70
233.0080 233.1680 69
233.2000 233.4240 70
233.4560 233.9360 68
233.9680 234.1920 61
234.2240 234.7680 59
234.8000 235.0240 61
235.0560 235.2160 68
235.2480 235.7600 70
235.8880 236.1440 67
236.3360 236.6880 66
236.7200 238.4160 65
240.4960 240.5920 65
240.6240 240.6560 66
240.6880 241.1680 67
241.3920 241.4560 66
241.4880 241.6480 67
241.9040 242.0320 63
242.3520 242.5440 62
242.5760 244.6560 63
