16.2400 16.3040 53
16.3360 16.8800 55
16.9120 17.1360 57
17.1680 17.2000 59
17.2320 17.4240 60
17.4560 17.5520 59
17.5840 18.0320 58
18.0640 18.3520 55
18.3840 18.4800 54
18.6400 19.2480 58
19.2800 19.4080 59
19.4400 19.6320 60
20.1120 20.1760 51
20.2080 20.5920 52
20.6240 20.7520 53
20.7840 21.1680 55
21.2000 21.4560 57
21.4880 21.7120 55
21.7440 22.0960 54
22.1280 22.2560 52
22.2880 22.4800 50
22.5120 22.6720 48
22.7040 23.2160 45
23.4400 23.6000 46
23.9520 24.0480 50
24.3360 24.4000 47
24.6560 24.7840 45
25.0080 25.3600 47
25.3920 25.6800 45
25.8400 26.0640 48
26.0960 26.4160 54
26.4480 26.8320 51
26.8640 27.4400 53
27.7600 28.1440 55
28.2720 28.4000 58
28.4320 28.7840 55
28.8160 28.9120 53
28.9440 29.2640 50
29.2960 29.3600 48
29.3920 29.9040 46
29.9360 30.3840 47
30.5120 30.5760 48
30.6080 30.6400 47
31.6000 31.6000 55
31.6320 31.6640 58
31.6960 32.2720 59
32.3040 32.4320 57
32.5600 32.8480 60
32.8800 33.2000 59
33.2320 33.5200 55
33.5520 33.8720 58
33.9040 34.0000 57
34.0320 34.0640 55
34.0960 34.1280 54
34.1600 34.3200 52
34.3520 34.4480 53
34.4800 34.9600 55
34.9920 35.0880 54
35.1200 35.1520 53
35.5040 35.7600 52
35.7920 36.0800 53
36.1760 36.2720 51
36.4000 37.0720 53
37.1040 37.1040 56
37.1360 37.2640 58
37.2960 37.8720 55
37.9040 38.0000 52
38.0320 38.2240 50
38.3520 38.6080 47
38.6400 38.9600 48
39.1200 39.1520 45
39.3440 39.4720 43
40.0160 40.2080 46
40.2400 40.5280 47
40.6880 41.2000 50
41.2320 41.6160 53
41.6480 41.8720 50
41.9040 42.0960 52
42.1280 42.6400 54
43.1520 43.3440 54
43.3760 43.7600 58
43.7920 44.0800 55
44.1120 44.4960 58
44.6240 44.7840 59
44.8160 45.0400 57
45.0720 45.2000 58
45.2320 47.0880 59
55.0240 55.6320 54
55.6640 55.7920 58
55.9200 56.3040 59
56.3360 56.7200 57
56.8480 57.3600 55
57.3920 57.9680 58
58.0000 58.3200 59
58.8320 58.8960 52
58.9280 59.4720 53
59.5040 59.7280 55
59.7600 60.1120 58
60.1440 60.7840 55
60.8160 60.9440 52
60.9760 61.2000 50
61.2320 61.3600 48
61.3920 61.9680 45
62.0000 62.2240 47
62.7360 62.8640 49
63.4400 63.8240 46
64.1440 64.4640 46
64.6240 64.8160 48
64.8480 64.9440 55
65.0720 65.2320 53
65.2640 65.5200 51
65.5520 66.1920 53
66.5760 66.9280 55
67.0560 67.1840 58
67.2160 67.5040 55
67.5360 67.6640 53
67.6960 67.9520 51
67.9840 68.1120 48
68.1440 68.6880 45
68.7200 69.1360 47
70.3520 71.1840 59
71.3440 71.9840 60
72.0160 72.3040 55
72.3360 72.5280 58
72.5600 72.7520 57
72.7840 73.8400 54
74.2240 74.8320 53
74.8640 75.0240 51
75.1840 75.8240 53
75.8560 76.0160 58
76.0480 76.2400 55
76.2720 76.5920 54
76.6240 76.7200 52
76.7520 76.9440 50
76.9760 77.6800 47
78.0640 78.2560 43
78.7360 78.8640 45
78.9280 79.3120 47
79.4720 79.8240 50
79.9520 80.3040 53
80.3360 80.5920 51
80.6240 80.9120 53
80.9440 81.3920 55
81.8080 81.9680 54
82.0000 82.4480 58
82.4800 82.7680 55
82.8000 83.8880 58
83.9200 84.5600 59
84.5920 85.5840 60
85.6160 85.8080 59
101.2960 101.3280 55
101.3600 101.3600 57
101.3920 102.0640 59
102.0960 102.1920 58
102.3520 102.9280 60
102.9600 102.9600 58
102.9920 103.2800 55
103.3120 103.6960 58
103.7280 103.7920 57
103.8240 103.9200 55
103.9520 104.2080 53
104.2400 104.3360 54
104.3680 104.7840 55
105.4880 105.5840 52
105.6160 105.8400 53
105.8720 106.0000 50
106.1600 106.7680 52
106.8000 107.0560 56
107.0880 107.5680 55
107.6000 107.6960 53
107.7280 107.9200 51
107.9520 108.6560 47
109.0400 109.3280 43
109.7120 110.3520 47
110.3840 110.8000 50
110.9280 111.2800 53
111.3120 111.8560 51
111.8880 111.9200 52
111.9520 112.0160 53
112.0480 112.4320 55
112.7520 112.9760 54
113.0080 113.5200 58
113.5520 113.7760 55
113.8080 114.2560 57
114.2880 114.4480 61
114.4800 114.6080 58
114.6400 114.8000 57
114.8320 117.3920 59
118.9600 120.3360 65
